Study Name	PremaTech_CVD_SiC_Heating_Trial_W_CoPremaTech_CVD_SiC_Heating_Wcoat
Sample Name	2025-04-13
Run Name	Heating_trial_330C
Operator	Keshav
Date	5/14/2025
Time	21:18
Sign	POS
Grating Spacing	06.40um
Channel	3
Number Traces	10000
Files in Batch	1
Batch Number	2
dt	50.000001E-12
time stamp (ms)	9:19:57 PM
	
Time	Amplitude
0.000000E+0	-6.577634E-4
5.000000E-11	-6.149397E-4
1.000000E-10	-5.738289E-4
1.500000E-10	-5.327181E-4
2.000000E-10	-5.121627E-4
2.500000E-10	-5.104497E-4
3.000000E-10	-5.224404E-4
3.500000E-10	-5.310051E-4
4.000000E-10	-5.241533E-4
4.500000E-10	-5.053109E-4
5.000000E-10	-4.864684E-4
5.500000E-10	-4.607742E-4
6.000000E-10	-4.248022E-4
6.500000E-10	-4.162375E-4
7.000000E-10	-4.299411E-4
7.500000E-10	-4.196634E-4
8.000000E-10	-3.888303E-4
8.500000E-10	-3.717008E-4
9.000000E-10	-3.614231E-4
9.500000E-10	-3.408677E-4
1.000000E-9	-3.374418E-4
1.050000E-9	-3.597101E-4
1.100000E-9	-3.836914E-4
1.150000E-9	-4.128116E-4
1.200000E-9	-4.676260E-4
1.250000E-9	-5.190145E-4
1.300000E-9	-5.378569E-4
1.350000E-9	-5.327181E-4
1.400000E-9	-5.087368E-4
1.450000E-9	-4.573483E-4
1.500000E-9	-4.008209E-4
1.550000E-9	-3.545713E-4
1.600000E-9	-3.151734E-4
1.650000E-9	-2.963310E-4
1.700000E-9	-2.980439E-4
1.750000E-9	-3.134605E-4
1.800000E-9	-3.477195E-4
1.850000E-9	-4.093857E-4
1.900000E-9	-4.847555E-4
1.950000E-9	-5.584123E-4
2.000000E-9	-6.252174E-4
2.050000E-9	-6.817447E-4
2.100000E-9	-7.262814E-4
2.150000E-9	-7.691052E-4
2.200000E-9	-7.930865E-4
2.250000E-9	-7.691052E-4
2.300000E-9	-7.023001E-4
2.350000E-9	-6.115138E-4
2.400000E-9	-5.035979E-4
2.450000E-9	-3.991080E-4
2.500000E-9	-3.151734E-4
2.550000E-9	-2.380907E-4
2.600000E-9	-1.764244E-4
2.650000E-9	-1.661467E-4
2.700000E-9	-1.969798E-4
2.750000E-9	-2.449425E-4
2.800000E-9	-3.151734E-4
2.850000E-9	-4.145245E-4
2.900000E-9	-5.173015E-4
2.950000E-9	-6.269303E-4
3.000000E-9	-7.639663E-4
3.050000E-9	-9.112800E-4
3.100000E-9	-1.027761E-3
3.150000E-9	-1.113408E-3
3.200000E-9	-1.178500E-3
3.250000E-9	-1.205907E-3
3.300000E-9	-1.195630E-3
3.350000E-9	-1.168223E-3
3.400000E-9	-1.120260E-3
3.450000E-9	-1.038038E-3
3.500000E-9	-9.404002E-4
3.550000E-9	-8.427620E-4
3.600000E-9	-7.434109E-4
3.650000E-9	-6.474857E-4
3.700000E-9	-5.721159E-4
3.750000E-9	-5.207274E-4
3.800000E-9	-4.898943E-4
3.850000E-9	-4.779037E-4
3.900000E-9	-4.761907E-4
3.950000E-9	-4.881814E-4
4.000000E-9	-5.207274E-4
4.050000E-9	-5.584123E-4
4.100000E-9	-5.772548E-4
4.150000E-9	-5.686900E-4
4.200000E-9	-5.241533E-4
4.250000E-9	-4.487835E-4
4.300000E-9	-3.579972E-4
4.350000E-9	-2.654979E-4
4.400000E-9	-1.884151E-4
4.450000E-9	-1.473043E-4
4.500000E-9	-1.507302E-4
4.550000E-9	-1.867021E-4
4.600000E-9	-2.689238E-4
4.650000E-9	-4.025339E-4
4.700000E-9	-5.652641E-4
4.750000E-9	-7.468368E-4
4.800000E-9	-9.386872E-4
4.850000E-9	-1.106556E-3
4.900000E-9	-1.235028E-3
4.950000E-9	-1.320675E-3
5.000000E-9	-1.354934E-3
5.050000E-9	-1.318962E-3
5.100000E-9	-1.228176E-3
5.150000E-9	-1.104843E-3
5.200000E-9	-9.592426E-4
5.250000E-9	-8.136419E-4
5.300000E-9	-6.800318E-4
5.350000E-9	-5.652641E-4
5.400000E-9	-4.898943E-4
5.450000E-9	-4.710519E-4
5.500000E-9	-4.881814E-4
5.550000E-9	-5.104497E-4
5.600000E-9	-5.258663E-4
5.650000E-9	-5.395699E-4
5.700000E-9	-5.652641E-4
5.750000E-9	-6.012361E-4
5.800000E-9	-6.372080E-4
5.850000E-9	-6.680411E-4
5.900000E-9	-7.023001E-4
5.950000E-9	-7.468368E-4
6.000000E-9	-7.845217E-4
6.050000E-9	-8.067901E-4
6.100000E-9	-8.256325E-4
6.150000E-9	-8.496138E-4
6.200000E-9	-8.753081E-4
6.250000E-9	-8.855858E-4
6.300000E-9	-8.804469E-4
6.350000E-9	-8.650304E-4
6.400000E-9	-8.410491E-4
6.450000E-9	-8.067901E-4
6.500000E-9	-7.776699E-4
6.550000E-9	-7.571145E-4
6.600000E-9	-7.536886E-4
6.650000E-9	-7.639663E-4
6.700000E-9	-7.862347E-4
6.750000E-9	-8.136419E-4
6.800000E-9	-8.461879E-4
6.850000E-9	-8.701692E-4
6.900000E-9	-8.907246E-4
6.950000E-9	-9.078541E-4
7.000000E-9	-9.181318E-4
7.050000E-9	-8.992894E-4
7.100000E-9	-8.581786E-4
7.150000E-9	-8.222066E-4
7.200000E-9	-7.776699E-4
7.250000E-9	-7.211426E-4
7.300000E-9	-6.663282E-4
7.350000E-9	-6.217915E-4
7.400000E-9	-5.841066E-4
7.450000E-9	-5.498476E-4
7.500000E-9	-5.224404E-4
7.550000E-9	-4.933202E-4
7.600000E-9	-4.607742E-4
7.650000E-9	-4.316540E-4
7.700000E-9	-4.008209E-4
7.750000E-9	-3.682749E-4
7.800000E-9	-3.408677E-4
7.850000E-9	-3.151734E-4
7.900000E-9	-2.963310E-4
7.950000E-9	-2.929051E-4
8.000000E-9	-3.048957E-4
8.050000E-9	-3.305900E-4
8.100000E-9	-3.665619E-4
8.150000E-9	-4.128116E-4
8.200000E-9	-4.539224E-4
8.250000E-9	-4.950332E-4
8.300000E-9	-5.566994E-4
8.350000E-9	-6.303562E-4
8.400000E-9	-7.005872E-4
8.450000E-9	-7.742440E-4
8.500000E-9	-8.581786E-4
8.550000E-9	-9.386872E-4
8.600000E-9	-1.002066E-3
8.650000E-9	-1.048316E-3
8.700000E-9	-1.079149E-3
8.750000E-9	-1.089427E-3
8.800000E-9	-1.072297E-3
8.850000E-9	-1.034612E-3
8.900000E-9	-9.780851E-4
8.950000E-9	-9.044282E-4
9.000000E-9	-8.016512E-4
9.050000E-9	-6.766059E-4
9.100000E-9	-5.618382E-4
9.150000E-9	-4.659130E-4
9.200000E-9	-3.802655E-4
9.250000E-9	-3.066087E-4
9.300000E-9	-2.672108E-4
9.350000E-9	-2.552202E-4
9.400000E-9	-2.620720E-4
9.450000E-9	-2.963310E-4
9.500000E-9	-3.717008E-4
9.550000E-9	-4.607742E-4
9.600000E-9	-5.481346E-4
9.650000E-9	-6.457728E-4
9.700000E-9	-7.502627E-4
9.750000E-9	-8.513268E-4
9.800000E-9	-9.523908E-4
9.850000E-9	-1.051742E-3
9.900000E-9	-1.120260E-3
9.950000E-9	-1.144241E-3
1.000000E-8	-1.144241E-3
1.005000E-8	-1.127112E-3
1.010000E-8	-1.067158E-3
1.015000E-8	-9.575297E-4
1.020000E-8	-8.170678E-4
1.025000E-8	-6.748929E-4
1.030000E-8	-5.481346E-4
1.035000E-8	-4.333670E-4
1.040000E-8	-3.340159E-4
1.045000E-8	-2.826274E-4
1.050000E-8	-2.826274E-4
1.055000E-8	-3.237382E-4
1.060000E-8	-4.128116E-4
1.065000E-8	-5.515605E-4
1.070000E-8	-7.040131E-4
1.075000E-8	-8.410491E-4
1.080000E-8	-9.489649E-4
1.085000E-8	-1.010631E-3
1.090000E-8	-1.014057E-3
1.095000E-8	-9.575297E-4
1.100000E-8	-8.410491E-4
1.105000E-8	-7.005872E-4
1.110000E-8	-5.686900E-4
1.115000E-8	-4.504965E-4
1.120000E-8	-3.477195E-4
1.125000E-8	-2.809144E-4
1.130000E-8	-2.723497E-4
1.135000E-8	-3.100346E-4
1.140000E-8	-3.836914E-4
1.145000E-8	-4.967461E-4
1.150000E-8	-6.200785E-4
1.155000E-8	-7.348462E-4
1.160000E-8	-8.530397E-4
1.165000E-8	-9.660944E-4
1.170000E-8	-1.034612E-3
1.175000E-8	-1.056881E-3
1.180000E-8	-1.058594E-3
1.185000E-8	-1.053455E-3
1.190000E-8	-1.038038E-3
1.195000E-8	-1.019196E-3
1.200000E-8	-1.010631E-3
1.205000E-8	-1.019196E-3
1.210000E-8	-1.039751E-3
1.215000E-8	-1.068871E-3
1.220000E-8	-1.106556E-3
1.225000E-8	-1.139102E-3
1.230000E-8	-1.152806E-3
1.235000E-8	-1.154519E-3
1.240000E-8	-1.145954E-3
1.245000E-8	-1.121973E-3
1.250000E-8	-1.070584E-3
1.255000E-8	-9.900757E-4
1.260000E-8	-8.872987E-4
1.265000E-8	-7.793829E-4
1.270000E-8	-6.800318E-4
1.275000E-8	-5.926713E-4
1.280000E-8	-5.155886E-4
1.285000E-8	-4.539224E-4
1.290000E-8	-4.145245E-4
1.295000E-8	-3.854044E-4
1.300000E-8	-3.579972E-4
1.305000E-8	-3.340159E-4
1.310000E-8	-3.168864E-4
1.315000E-8	-2.946180E-4
1.320000E-8	-2.569331E-4
1.325000E-8	-2.261000E-4
1.330000E-8	-2.021187E-4
1.335000E-8	-1.832762E-4
1.340000E-8	-1.849892E-4
1.345000E-8	-2.192482E-4
1.350000E-8	-2.723497E-4
1.355000E-8	-3.374418E-4
1.360000E-8	-4.419317E-4
1.365000E-8	-5.721159E-4
1.370000E-8	-6.971613E-4
1.375000E-8	-8.204937E-4
1.380000E-8	-9.404002E-4
1.385000E-8	-1.032899E-3
1.390000E-8	-1.079149E-3
1.395000E-8	-1.096279E-3
1.400000E-8	-1.094566E-3
1.405000E-8	-1.072297E-3
1.410000E-8	-1.027761E-3
1.415000E-8	-9.678074E-4
1.420000E-8	-9.112800E-4
1.425000E-8	-8.701692E-4
1.430000E-8	-8.444750E-4
1.435000E-8	-8.359102E-4
1.440000E-8	-8.547527E-4
1.445000E-8	-8.872987E-4
1.450000E-8	-9.044282E-4
1.455000E-8	-8.941505E-4
1.460000E-8	-8.667433E-4
1.465000E-8	-8.256325E-4
1.470000E-8	-7.828088E-4
1.475000E-8	-7.399850E-4
1.480000E-8	-6.851706E-4
1.485000E-8	-6.200785E-4
1.490000E-8	-5.772548E-4
1.495000E-8	-5.652641E-4
1.500000E-8	-5.601253E-4
1.505000E-8	-5.481346E-4
1.510000E-8	-5.498476E-4
1.515000E-8	-5.704030E-4
1.520000E-8	-5.858195E-4
1.525000E-8	-5.926713E-4
1.530000E-8	-5.943843E-4
1.535000E-8	-5.772548E-4
1.540000E-8	-5.378569E-4
1.545000E-8	-4.881814E-4
1.550000E-8	-4.213763E-4
1.555000E-8	-3.442936E-4
1.560000E-8	-2.843403E-4
1.565000E-8	-2.569331E-4
1.570000E-8	-2.398036E-4
1.575000E-8	-2.346648E-4
1.580000E-8	-2.483684E-4
1.585000E-8	-2.706367E-4
1.590000E-8	-2.980439E-4
1.595000E-8	-3.511454E-4
1.600000E-8	-4.076727E-4
1.605000E-8	-4.402188E-4
1.610000E-8	-4.693389E-4
1.615000E-8	-5.104497E-4
1.620000E-8	-5.361440E-4
1.625000E-8	-5.292922E-4
1.630000E-8	-5.001720E-4
1.635000E-8	-4.659130E-4
1.640000E-8	-4.316540E-4
1.645000E-8	-3.836914E-4
1.650000E-8	-3.271641E-4
1.655000E-8	-2.826274E-4
1.660000E-8	-2.689238E-4
1.665000E-8	-2.603590E-4
1.670000E-8	-2.552202E-4
1.675000E-8	-2.723497E-4
1.680000E-8	-3.220252E-4
1.685000E-8	-3.871173E-4
1.690000E-8	-4.624871E-4
1.695000E-8	-5.532735E-4
1.700000E-8	-6.491987E-4
1.705000E-8	-7.382721E-4
1.710000E-8	-8.153548E-4
1.715000E-8	-8.753081E-4
1.720000E-8	-9.181318E-4
1.725000E-8	-9.489649E-4
1.730000E-8	-9.832239E-4
1.735000E-8	-1.008918E-3
1.740000E-8	-1.015770E-3
1.745000E-8	-9.917887E-4
1.750000E-8	-9.712333E-4
1.755000E-8	-9.660944E-4
1.760000E-8	-9.678074E-4
1.765000E-8	-9.849369E-4
1.770000E-8	-1.019196E-3
1.775000E-8	-1.062020E-3
1.780000E-8	-1.099705E-3
1.785000E-8	-1.132251E-3
1.790000E-8	-1.149380E-3
1.795000E-8	-1.149380E-3
1.800000E-8	-1.137389E-3
1.805000E-8	-1.096279E-3
1.810000E-8	-1.027761E-3
1.815000E-8	-9.386872E-4
1.820000E-8	-8.410491E-4
1.825000E-8	-7.348462E-4
1.830000E-8	-6.320692E-4
1.835000E-8	-5.498476E-4
1.840000E-8	-4.761907E-4
1.845000E-8	-4.282281E-4
1.850000E-8	-4.333670E-4
1.855000E-8	-4.744778E-4
1.860000E-8	-5.241533E-4
1.865000E-8	-5.909584E-4
1.870000E-8	-6.851706E-4
1.875000E-8	-7.691052E-4
1.880000E-8	-8.222066E-4
1.885000E-8	-8.701692E-4
1.890000E-8	-9.164189E-4
1.895000E-8	-9.352613E-4
1.900000E-8	-9.164189E-4
1.905000E-8	-8.804469E-4
1.910000E-8	-8.239196E-4
1.915000E-8	-7.468368E-4
1.920000E-8	-6.491987E-4
1.925000E-8	-5.549864E-4
1.930000E-8	-4.847555E-4
1.935000E-8	-4.282281E-4
1.940000E-8	-3.751267E-4
1.945000E-8	-3.340159E-4
1.950000E-8	-3.288770E-4
1.955000E-8	-3.460065E-4
1.960000E-8	-3.699878E-4
1.965000E-8	-4.110986E-4
1.970000E-8	-4.779037E-4
1.975000E-8	-5.532735E-4
1.980000E-8	-6.149397E-4
1.985000E-8	-6.611893E-4
1.990000E-8	-7.057260E-4
1.995000E-8	-7.365591E-4
2.000000E-8	-7.434109E-4
2.005000E-8	-7.228555E-4
2.010000E-8	-6.885965E-4
2.015000E-8	-6.474857E-4
2.020000E-8	-6.080879E-4
2.025000E-8	-5.892454E-4
2.030000E-8	-5.806807E-4
2.035000E-8	-5.823936E-4
2.040000E-8	-6.046620E-4
2.045000E-8	-6.440598E-4
2.050000E-8	-6.594764E-4
2.055000E-8	-6.423469E-4
2.060000E-8	-6.183656E-4
2.065000E-8	-5.943843E-4
2.070000E-8	-5.481346E-4
2.075000E-8	-4.898943E-4
2.080000E-8	-4.487835E-4
2.085000E-8	-4.265152E-4
2.090000E-8	-4.128116E-4
2.095000E-8	-4.179504E-4
2.100000E-8	-4.487835E-4
2.105000E-8	-4.933202E-4
2.110000E-8	-5.481346E-4
2.115000E-8	-6.183656E-4
2.120000E-8	-6.885965E-4
2.125000E-8	-7.297073E-4
2.130000E-8	-7.468368E-4
2.135000E-8	-7.382721E-4
2.140000E-8	-6.971613E-4
2.145000E-8	-6.303562E-4
2.150000E-8	-5.584123E-4
2.155000E-8	-4.916073E-4
2.160000E-8	-4.230893E-4
2.165000E-8	-3.682749E-4
2.170000E-8	-3.408677E-4
2.175000E-8	-3.408677E-4
2.180000E-8	-3.597101E-4
2.185000E-8	-3.991080E-4
2.190000E-8	-4.676260E-4
2.195000E-8	-5.566994E-4
2.200000E-8	-6.372080E-4
2.205000E-8	-6.817447E-4
2.210000E-8	-6.834577E-4
2.215000E-8	-6.509116E-4
2.220000E-8	-5.721159E-4
2.225000E-8	-4.504965E-4
2.230000E-8	-3.083216E-4
2.235000E-8	-1.747115E-4
2.240000E-8	-4.624024E-5
2.245000E-8	6.852741E-5
2.250000E-8	1.370454E-4
2.255000E-8	1.336195E-4
2.260000E-8	6.681446E-5
2.265000E-8	-5.309204E-5
2.270000E-8	-2.295259E-4
2.275000E-8	-4.367929E-4
2.280000E-8	-6.320692E-4
2.285000E-8	-8.050771E-4
2.290000E-8	-9.455390E-4
2.295000E-8	-1.034612E-3
2.300000E-8	-1.072297E-3
2.305000E-8	-1.077436E-3
2.310000E-8	-1.041464E-3
2.315000E-8	-9.558167E-4
2.320000E-8	-8.581786E-4
2.325000E-8	-7.742440E-4
2.330000E-8	-6.885965E-4
2.335000E-8	-6.166526E-4
2.340000E-8	-5.909584E-4
2.345000E-8	-6.098008E-4
2.350000E-8	-6.474857E-4
2.355000E-8	-6.920224E-4
2.360000E-8	-7.297073E-4
2.365000E-8	-7.605404E-4
2.370000E-8	-7.896606E-4
2.375000E-8	-8.170678E-4
2.380000E-8	-8.170678E-4
2.385000E-8	-7.656793E-4
2.390000E-8	-6.783188E-4
2.395000E-8	-5.806807E-4
2.400000E-8	-4.813296E-4
2.405000E-8	-3.768396E-4
2.410000E-8	-2.706367E-4
2.415000E-8	-1.815633E-4
2.420000E-8	-1.233230E-4
2.425000E-8	-9.077695E-5
2.430000E-8	-7.878630E-5
2.435000E-8	-9.248990E-5
2.440000E-8	-1.387395E-4
2.445000E-8	-2.175352E-4
2.450000E-8	-3.271641E-4
2.455000E-8	-4.624871E-4
2.460000E-8	-6.063749E-4
2.465000E-8	-7.365591E-4
2.470000E-8	-8.324843E-4
2.475000E-8	-8.941505E-4
2.480000E-8	-9.301225E-4
2.485000E-8	-9.301225E-4
2.490000E-8	-9.027153E-4
2.495000E-8	-8.650304E-4
2.500000E-8	-8.170678E-4
2.505000E-8	-7.554016E-4
2.510000E-8	-6.937354E-4
2.515000E-8	-6.337821E-4
2.520000E-8	-5.584123E-4
2.525000E-8	-4.727648E-4
2.530000E-8	-3.717008E-4
2.535000E-8	-2.415166E-4
2.540000E-8	-6.508270E-5
2.545000E-8	1.730174E-4
2.550000E-8	5.070426E-4
2.555000E-8	9.832427E-4
2.560000E-8	1.637590E-3
2.565000E-8	2.500916E-3
2.570000E-8	3.595492E-3
2.575000E-8	4.931593E-3
2.580000E-8	6.500655E-3
2.585000E-8	8.292401E-3
2.590000E-8	1.028285E-2
2.595000E-8	1.241376E-2
2.600000E-8	1.459777E-2
2.605000E-8	1.676294E-2
2.610000E-8	1.880820E-2
2.615000E-8	2.066161E-2
2.620000E-8	2.226493E-2
2.625000E-8	2.358048E-2
2.630000E-8	2.457913E-2
2.635000E-8	2.528315E-2
2.640000E-8	2.574222E-2
2.645000E-8	2.592037E-2
2.650000E-8	2.578676E-2
2.655000E-8	2.537051E-2
2.660000E-8	2.471788E-2
2.665000E-8	2.384427E-2
2.670000E-8	2.279766E-2
2.675000E-8	2.166883E-2
2.680000E-8	2.054342E-2
2.685000E-8	1.952593E-2
2.690000E-8	1.874996E-2
2.695000E-8	1.828233E-2
2.700000E-8	1.811103E-2
2.705000E-8	1.823608E-2
2.710000E-8	1.866260E-2
2.715000E-8	1.929639E-2
2.720000E-8	2.000898E-2
2.725000E-8	2.073356E-2
2.730000E-8	2.142730E-2
2.735000E-8	2.195146E-2
2.740000E-8	2.225980E-2
2.745000E-8	2.232831E-2
2.750000E-8	2.217243E-2
2.755000E-8	2.177846E-2
2.760000E-8	2.115323E-2
2.765000E-8	2.032074E-2
2.770000E-8	1.933750E-2
2.775000E-8	1.827719E-2
2.780000E-8	1.723400E-2
2.785000E-8	1.631243E-2
2.790000E-8	1.559813E-2
2.795000E-8	1.515790E-2
2.800000E-8	1.504485E-2
2.805000E-8	1.526239E-2
2.810000E-8	1.575059E-2
2.815000E-8	1.639294E-2
2.820000E-8	1.711923E-2
2.825000E-8	1.786437E-2
2.830000E-8	1.853584E-2
2.835000E-8	1.904801E-2
2.840000E-8	1.939232E-2
2.845000E-8	1.951394E-2
2.850000E-8	1.935292E-2
2.855000E-8	1.892811E-2
2.860000E-8	1.829603E-2
2.865000E-8	1.750978E-2
2.870000E-8	1.662590E-2
2.875000E-8	1.575059E-2
2.880000E-8	1.495406E-2
2.885000E-8	1.427231E-2
2.890000E-8	1.380467E-2
2.895000E-8	1.361454E-2
2.900000E-8	1.367963E-2
2.905000E-8	1.397597E-2
2.910000E-8	1.448472E-2
2.915000E-8	1.516990E-2
2.920000E-8	1.592359E-2
2.925000E-8	1.664475E-2
2.930000E-8	1.727168E-2
2.935000E-8	1.776673E-2
2.940000E-8	1.808191E-2
2.945000E-8	1.817098E-2
2.950000E-8	1.801853E-2
2.955000E-8	1.763483E-2
2.960000E-8	1.704900E-2
2.965000E-8	1.631415E-2
2.970000E-8	1.549707E-2
2.975000E-8	1.465601E-2
2.980000E-8	1.389032E-2
2.985000E-8	1.329421E-2
2.990000E-8	1.291737E-2
2.995000E-8	1.277005E-2
3.000000E-8	1.286598E-2
3.005000E-8	1.323255E-2
3.010000E-8	1.383208E-2
3.015000E-8	1.455495E-2
3.020000E-8	1.529494E-2
3.025000E-8	1.599040E-2
3.030000E-8	1.659336E-2
3.035000E-8	1.700960E-2
3.040000E-8	1.717576E-2
3.045000E-8	1.710724E-2
3.050000E-8	1.682289E-2
3.055000E-8	1.633984E-2
3.060000E-8	1.570605E-2
3.065000E-8	1.499004E-2
3.070000E-8	1.425518E-2
3.075000E-8	1.355972E-2
3.080000E-8	1.296190E-2
3.085000E-8	1.252510E-2
3.090000E-8	1.230413E-2
3.095000E-8	1.233325E-2
3.100000E-8	1.258677E-2
3.105000E-8	1.300987E-2
3.110000E-8	1.357171E-2
3.115000E-8	1.420550E-2
3.120000E-8	1.483758E-2
3.125000E-8	1.539943E-2
3.130000E-8	1.582253E-2
3.135000E-8	1.607091E-2
3.140000E-8	1.613429E-2
3.145000E-8	1.600581E-2
3.150000E-8	1.566322E-2
3.155000E-8	1.514420E-2
3.160000E-8	1.451041E-2
3.165000E-8	1.381666E-2
3.170000E-8	1.310236E-2
3.175000E-8	1.243774E-2
3.180000E-8	1.190159E-2
3.185000E-8	1.155214E-2
3.190000E-8	1.140140E-2
3.195000E-8	1.145108E-2
3.200000E-8	1.171487E-2
3.205000E-8	1.219279E-2
3.210000E-8	1.283172E-2
3.215000E-8	1.353745E-2
3.220000E-8	1.424148E-2
3.225000E-8	1.485471E-2
3.230000E-8	1.531036E-2
3.235000E-8	1.556730E-2
3.240000E-8	1.560327E-2
3.245000E-8	1.542684E-2
3.250000E-8	1.505513E-2
3.255000E-8	1.452583E-2
3.260000E-8	1.386120E-2
3.265000E-8	1.312635E-2
3.270000E-8	1.239834E-2
3.275000E-8	1.176798E-2
3.280000E-8	1.129178E-2
3.285000E-8	1.101770E-2
3.290000E-8	1.097145E-2
3.295000E-8	1.114789E-2
3.300000E-8	1.149048E-2
3.305000E-8	1.195469E-2
3.310000E-8	1.250968E-2
3.315000E-8	1.309209E-2
3.320000E-8	1.362481E-2
3.325000E-8	1.408217E-2
3.330000E-8	1.443161E-2
3.335000E-8	1.462175E-2
3.340000E-8	1.462860E-2
3.345000E-8	1.448472E-2
3.350000E-8	1.420379E-2
3.355000E-8	1.377727E-2
3.360000E-8	1.325482E-2
3.365000E-8	1.272038E-2
3.370000E-8	1.219621E-2
3.375000E-8	1.171487E-2
3.380000E-8	1.134145E-2
3.385000E-8	1.113932E-2
3.390000E-8	1.109821E-2
3.395000E-8	1.117016E-2
3.400000E-8	1.135858E-2
3.405000E-8	1.166520E-2
3.410000E-8	1.206774E-2
3.415000E-8	1.250112E-2
3.420000E-8	1.292250E-2
3.425000E-8	1.328908E-2
3.430000E-8	1.355801E-2
3.435000E-8	1.369333E-2
3.440000E-8	1.370361E-2
3.445000E-8	1.358028E-2
3.450000E-8	1.331820E-2
3.455000E-8	1.292250E-2
3.460000E-8	1.244802E-2
3.465000E-8	1.193927E-2
3.470000E-8	1.142881E-2
3.475000E-8	1.099372E-2
3.480000E-8	1.071794E-2
3.485000E-8	1.062886E-2
3.490000E-8	1.069567E-2
3.495000E-8	1.090465E-2
3.500000E-8	1.127122E-2
3.505000E-8	1.176455E-2
3.510000E-8	1.231269E-2
3.515000E-8	1.285399E-2
3.520000E-8	1.335759E-2
3.525000E-8	1.377213E-2
3.530000E-8	1.403250E-2
3.535000E-8	1.410101E-2
3.540000E-8	1.399824E-2
3.545000E-8	1.375500E-2
3.550000E-8	1.339014E-2
3.555000E-8	1.291565E-2
3.560000E-8	1.238121E-2
3.565000E-8	1.187932E-2
3.570000E-8	1.144937E-2
3.575000E-8	1.109650E-2
3.580000E-8	1.085326E-2
3.585000E-8	1.075220E-2
3.590000E-8	1.079502E-2
3.595000E-8	1.096118E-2
3.600000E-8	1.123354E-2
3.605000E-8	1.157613E-2
3.610000E-8	1.193242E-2
3.615000E-8	1.225274E-2
3.620000E-8	1.250283E-2
3.625000E-8	1.266728E-2
3.630000E-8	1.274607E-2
3.635000E-8	1.271010E-2
3.640000E-8	1.254052E-2
3.645000E-8	1.228529E-2
3.650000E-8	1.198723E-2
3.655000E-8	1.162580E-2
3.660000E-8	1.123867E-2
3.665000E-8	1.089608E-2
3.670000E-8	1.062201E-2
3.675000E-8	1.040961E-2
3.680000E-8	1.027428E-2
3.685000E-8	1.024859E-2
3.690000E-8	1.032910E-2
3.695000E-8	1.051238E-2
3.700000E-8	1.076590E-2
3.705000E-8	1.105368E-2
3.710000E-8	1.135687E-2
3.715000E-8	1.168233E-2
3.720000E-8	1.198038E-2
3.725000E-8	1.219450E-2
3.730000E-8	1.231269E-2
3.735000E-8	1.234181E-2
3.740000E-8	1.225788E-2
3.745000E-8	1.206089E-2
3.750000E-8	1.177312E-2
3.755000E-8	1.142196E-2
3.760000E-8	1.101428E-2
3.765000E-8	1.061516E-2
3.770000E-8	1.027771E-2
3.775000E-8	1.001734E-2
3.780000E-8	9.830630E-3
3.785000E-8	9.732992E-3
3.790000E-8	9.746695E-3
3.795000E-8	9.878592E-3
3.800000E-8	1.011498E-2
3.805000E-8	1.042160E-2
3.810000E-8	1.076247E-2
3.815000E-8	1.109993E-2
3.820000E-8	1.139798E-2
3.825000E-8	1.162923E-2
3.830000E-8	1.177312E-2
3.835000E-8	1.181594E-2
3.840000E-8	1.174571E-2
3.845000E-8	1.157784E-2
3.850000E-8	1.131062E-2
3.855000E-8	1.097488E-2
3.860000E-8	1.061859E-2
3.865000E-8	1.028970E-2
3.870000E-8	1.000535E-2
3.875000E-8	9.794658E-3
3.880000E-8	9.712436E-3
3.885000E-8	9.765538E-3
3.890000E-8	9.909425E-3
3.895000E-8	1.011498E-2
3.900000E-8	1.038563E-2
3.905000E-8	1.070081E-2
3.910000E-8	1.100400E-2
3.915000E-8	1.126266E-2
3.920000E-8	1.146650E-2
3.925000E-8	1.159154E-2
3.930000E-8	1.160525E-2
3.935000E-8	1.152988E-2
3.940000E-8	1.138256E-2
3.945000E-8	1.114960E-2
3.950000E-8	1.084127E-2
3.955000E-8	1.049697E-2
3.960000E-8	1.015438E-2
3.965000E-8	9.825491E-3
3.970000E-8	9.551419E-3
3.975000E-8	9.362994E-3
3.980000E-8	9.248227E-3
3.985000E-8	9.224245E-3
3.990000E-8	9.308180E-3
3.995000E-8	9.482901E-3
4.000000E-8	9.710723E-3
4.005000E-8	9.948823E-3
4.010000E-8	1.018178E-2
4.015000E-8	1.038049E-2
4.020000E-8	1.052780E-2
4.025000E-8	1.058604E-2
4.030000E-8	1.055521E-2
4.035000E-8	1.044215E-2
4.040000E-8	1.028627E-2
4.045000E-8	1.009271E-2
4.050000E-8	9.863176E-3
4.055000E-8	9.626789E-3
4.060000E-8	9.419522E-3
4.065000E-8	9.246514E-3
4.070000E-8	9.100913E-3
4.075000E-8	9.001562E-3
4.080000E-8	8.977581E-3
4.085000E-8	9.011840E-3
4.090000E-8	9.080358E-3
4.095000E-8	9.191699E-3
4.100000E-8	9.349291E-3
4.105000E-8	9.532576E-3
4.110000E-8	9.712436E-3
4.115000E-8	9.851185E-3
4.120000E-8	9.924842E-3
4.125000E-8	9.938546E-3
4.130000E-8	9.906000E-3
4.135000E-8	9.835769E-3
4.140000E-8	9.731279E-3
4.145000E-8	9.594243E-3
4.150000E-8	9.431512E-3
4.155000E-8	9.261930E-3
4.160000E-8	9.078645E-3
4.165000E-8	8.888507E-3
4.170000E-8	8.727490E-3
4.175000E-8	8.605870E-3
4.180000E-8	8.516797E-3
4.185000E-8	8.479112E-3
4.190000E-8	8.513371E-3
4.195000E-8	8.599019E-3
4.200000E-8	8.730916E-3
4.205000E-8	8.903924E-3
4.210000E-8	9.073506E-3
4.215000E-8	9.210542E-3
4.220000E-8	9.349291E-3
4.225000E-8	9.458920E-3
4.230000E-8	9.484614E-3
4.235000E-8	9.440077E-3
4.240000E-8	9.361281E-3
4.245000E-8	9.219107E-3
4.250000E-8	8.999849E-3
4.255000E-8	8.760036E-3
4.260000E-8	8.532214E-3
4.265000E-8	8.328373E-3
4.270000E-8	8.162216E-3
4.275000E-8	8.038884E-3
4.280000E-8	7.961801E-3
4.285000E-8	7.963514E-3
4.290000E-8	8.054301E-3
4.295000E-8	8.199901E-3
4.300000E-8	8.379761E-3
4.305000E-8	8.592167E-3
4.310000E-8	8.796008E-3
4.315000E-8	8.953599E-3
4.320000E-8	9.066654E-3
4.325000E-8	9.126607E-3
4.330000E-8	9.116330E-3
4.335000E-8	9.039247E-3
4.340000E-8	8.921053E-3
4.345000E-8	8.765175E-3
4.350000E-8	8.576750E-3
4.355000E-8	8.372909E-3
4.360000E-8	8.194762E-3
4.365000E-8	8.057726E-3
4.370000E-8	7.968653E-3
4.375000E-8	7.922403E-3
4.380000E-8	7.915552E-3
4.385000E-8	7.960088E-3
4.390000E-8	8.078282E-3
4.395000E-8	8.251290E-3
4.400000E-8	8.443140E-3
4.405000E-8	8.624713E-3
4.410000E-8	8.778878E-3
4.415000E-8	8.881655E-3
4.420000E-8	8.922766E-3
4.425000E-8	8.903924E-3
4.430000E-8	8.823415E-3
4.435000E-8	8.701796E-3
4.440000E-8	8.561334E-3
4.445000E-8	8.415733E-3
4.450000E-8	8.251290E-3
4.455000E-8	8.095411E-3
4.460000E-8	7.963514E-3
4.465000E-8	7.855598E-3
4.470000E-8	7.766525E-3
4.475000E-8	7.720275E-3
4.480000E-8	7.720275E-3
4.485000E-8	7.747682E-3
4.490000E-8	7.785367E-3
4.495000E-8	7.847034E-3
4.500000E-8	7.958375E-3
4.505000E-8	8.107402E-3
4.510000E-8	8.256429E-3
4.515000E-8	8.376335E-3
4.520000E-8	8.443140E-3
4.525000E-8	8.458557E-3
4.530000E-8	8.426011E-3
4.535000E-8	8.343789E-3
4.540000E-8	8.206753E-3
4.545000E-8	8.025180E-3
4.550000E-8	7.848747E-3
4.555000E-8	7.698007E-3
4.560000E-8	7.557545E-3
4.565000E-8	7.425648E-3
4.570000E-8	7.328010E-3
4.575000E-8	7.280047E-3
4.580000E-8	7.280047E-3
4.585000E-8	7.319445E-3
4.590000E-8	7.403380E-3
4.595000E-8	7.509582E-3
4.600000E-8	7.638054E-3
4.605000E-8	7.778516E-3
4.610000E-8	7.905274E-3
4.615000E-8	7.996060E-3
4.620000E-8	8.052588E-3
4.625000E-8	8.071430E-3
4.630000E-8	8.052588E-3
4.635000E-8	7.999486E-3
4.640000E-8	7.910413E-3
4.645000E-8	7.787080E-3
4.650000E-8	7.643193E-3
4.655000E-8	7.509582E-3
4.660000E-8	7.410231E-3
4.665000E-8	7.346852E-3
4.670000E-8	7.334862E-3
4.675000E-8	7.370833E-3
4.680000E-8	7.444490E-3
4.685000E-8	7.542128E-3
4.690000E-8	7.660322E-3
4.695000E-8	7.775090E-3
4.700000E-8	7.883006E-3
4.705000E-8	7.985783E-3
4.710000E-8	8.049162E-3
4.715000E-8	8.064578E-3
4.720000E-8	8.040597E-3
4.725000E-8	7.985783E-3
4.730000E-8	7.891570E-3
4.735000E-8	7.778516E-3
4.740000E-8	7.662035E-3
4.745000E-8	7.538703E-3
4.750000E-8	7.398241E-3
4.755000E-8	7.256066E-3
4.760000E-8	7.124169E-3
4.765000E-8	7.014540E-3
4.770000E-8	6.946022E-3
4.775000E-8	6.920328E-3
4.780000E-8	6.932318E-3
4.785000E-8	6.973429E-3
4.790000E-8	7.031669E-3
4.795000E-8	7.091623E-3
4.800000E-8	7.151576E-3
4.805000E-8	7.206390E-3
4.810000E-8	7.245788E-3
4.815000E-8	7.269769E-3
4.820000E-8	7.280047E-3
4.825000E-8	7.285186E-3
4.830000E-8	7.283473E-3
4.835000E-8	7.293751E-3
4.840000E-8	7.300603E-3
4.845000E-8	7.274908E-3
4.850000E-8	7.208103E-3
4.855000E-8	7.131020E-3
4.860000E-8	7.065928E-3
4.865000E-8	7.011114E-3
4.870000E-8	6.954587E-3
4.875000E-8	6.899772E-3
4.880000E-8	6.855236E-3
4.885000E-8	6.817551E-3
4.890000E-8	6.791856E-3
4.895000E-8	6.779866E-3
4.900000E-8	6.791856E-3
4.905000E-8	6.834680E-3
4.910000E-8	6.899772E-3
4.915000E-8	6.975142E-3
4.920000E-8	7.045373E-3
4.925000E-8	7.107039E-3
4.930000E-8	7.149863E-3
4.935000E-8	7.178983E-3
4.940000E-8	7.182409E-3
4.945000E-8	7.149863E-3
4.950000E-8	7.086484E-3
4.955000E-8	7.016253E-3
4.960000E-8	6.946022E-3
4.965000E-8	6.863800E-3
4.970000E-8	6.783292E-3
4.975000E-8	6.728477E-3
4.980000E-8	6.704496E-3
4.985000E-8	6.690792E-3
4.990000E-8	6.678802E-3
4.995000E-8	6.680515E-3
5.000000E-8	6.685653E-3
5.005000E-8	6.670237E-3
5.010000E-8	6.634265E-3
5.015000E-8	6.588015E-3
5.020000E-8	6.552043E-3
5.025000E-8	6.505794E-3
5.030000E-8	6.433850E-3
5.035000E-8	6.337925E-3
5.040000E-8	6.253990E-3
5.045000E-8	6.206027E-3
5.050000E-8	6.192324E-3
5.055000E-8	6.200889E-3
5.060000E-8	6.248851E-3
5.065000E-8	6.337925E-3
5.070000E-8	6.442415E-3
5.075000E-8	6.529775E-3
5.080000E-8	6.596580E-3
5.085000E-8	6.642830E-3
5.090000E-8	6.670237E-3
5.095000E-8	6.683941E-3
5.100000E-8	6.683941E-3
5.105000E-8	6.661672E-3
5.110000E-8	6.620561E-3
5.115000E-8	6.584589E-3
5.120000E-8	6.560608E-3
5.125000E-8	6.543479E-3
5.130000E-8	6.543479E-3
5.135000E-8	6.548617E-3
5.140000E-8	6.548617E-3
5.145000E-8	6.534914E-3
5.150000E-8	6.517784E-3
5.155000E-8	6.514358E-3
5.160000E-8	6.517784E-3
5.165000E-8	6.516071E-3
5.170000E-8	6.500655E-3
5.175000E-8	6.488664E-3
5.180000E-8	6.478387E-3
5.185000E-8	6.468109E-3
5.190000E-8	6.461257E-3
5.195000E-8	6.449266E-3
5.200000E-8	6.408156E-3
5.205000E-8	6.343063E-3
5.210000E-8	6.291675E-3
5.215000E-8	6.265981E-3
5.220000E-8	6.241999E-3
5.225000E-8	6.219731E-3
5.230000E-8	6.209453E-3
5.235000E-8	6.197463E-3
5.240000E-8	6.168343E-3
5.245000E-8	6.137509E-3
5.250000E-8	6.120380E-3
5.255000E-8	6.122093E-3
5.260000E-8	6.135796E-3
5.265000E-8	6.127232E-3
5.270000E-8	6.104963E-3
5.275000E-8	6.106676E-3
5.280000E-8	6.135796E-3
5.285000E-8	6.163204E-3
5.290000E-8	6.176907E-3
5.295000E-8	6.194037E-3
5.300000E-8	6.207740E-3
5.305000E-8	6.200889E-3
5.310000E-8	6.175194E-3
5.315000E-8	6.134084E-3
5.320000E-8	6.084408E-3
5.325000E-8	6.026168E-3
5.330000E-8	5.964501E-3
5.335000E-8	5.895983E-3
5.340000E-8	5.827465E-3
5.345000E-8	5.793206E-3
5.350000E-8	5.788068E-3
5.355000E-8	5.806910E-3
5.360000E-8	5.837743E-3
5.365000E-8	5.868576E-3
5.370000E-8	5.889132E-3
5.375000E-8	5.899409E-3
5.380000E-8	5.890845E-3
5.385000E-8	5.860012E-3
5.390000E-8	5.806910E-3
5.395000E-8	5.738392E-3
5.400000E-8	5.659596E-3
5.405000E-8	5.589365E-3
5.410000E-8	5.534551E-3
5.415000E-8	5.498579E-3
5.420000E-8	5.490014E-3
5.425000E-8	5.510570E-3
5.430000E-8	5.541403E-3
5.435000E-8	5.570523E-3
5.440000E-8	5.616773E-3
5.445000E-8	5.683578E-3
5.450000E-8	5.740105E-3
5.455000E-8	5.772651E-3
5.460000E-8	5.796632E-3
5.465000E-8	5.810336E-3
5.470000E-8	5.817188E-3
5.475000E-8	5.806910E-3
5.480000E-8	5.788068E-3
5.485000E-8	5.781216E-3
5.490000E-8	5.779503E-3
5.495000E-8	5.767512E-3
5.500000E-8	5.741818E-3
5.505000E-8	5.717837E-3
5.510000E-8	5.688717E-3
5.515000E-8	5.630476E-3
5.520000E-8	5.546542E-3
5.525000E-8	5.460894E-3
5.530000E-8	5.361543E-3
5.535000E-8	5.248488E-3
5.540000E-8	5.130295E-3
5.545000E-8	5.020666E-3
5.550000E-8	4.936731E-3
5.555000E-8	4.880204E-3
5.560000E-8	4.844232E-3
5.565000E-8	4.825390E-3
5.570000E-8	4.830529E-3
5.575000E-8	4.856223E-3
5.580000E-8	4.887056E-3
5.585000E-8	4.924741E-3
5.590000E-8	4.981268E-3
5.595000E-8	5.056638E-3
5.600000E-8	5.133721E-3
5.605000E-8	5.191961E-3
5.610000E-8	5.231359E-3
5.615000E-8	5.274183E-3
5.620000E-8	5.315293E-3
5.625000E-8	5.337562E-3
5.630000E-8	5.335849E-3
5.635000E-8	5.339275E-3
5.640000E-8	5.354691E-3
5.645000E-8	5.351265E-3
5.650000E-8	5.325571E-3
5.655000E-8	5.313580E-3
5.660000E-8	5.313580E-3
5.665000E-8	5.310155E-3
5.670000E-8	5.293025E-3
5.675000E-8	5.277609E-3
5.680000E-8	5.282747E-3
5.685000E-8	5.311868E-3
5.690000E-8	5.346127E-3
5.695000E-8	5.363256E-3
5.700000E-8	5.380386E-3
5.705000E-8	5.400941E-3
5.710000E-8	5.423209E-3
5.715000E-8	5.448904E-3
5.720000E-8	5.445478E-3
5.725000E-8	5.402654E-3
5.730000E-8	5.344414E-3
5.735000E-8	5.289599E-3
5.740000E-8	5.233072E-3
5.745000E-8	5.178257E-3
5.750000E-8	5.150850E-3
5.755000E-8	5.147424E-3
5.760000E-8	5.143998E-3
5.765000E-8	5.137147E-3
5.770000E-8	5.137147E-3
5.775000E-8	5.147424E-3
5.780000E-8	5.164554E-3
5.785000E-8	5.181683E-3
5.790000E-8	5.171406E-3
5.795000E-8	5.138860E-3
5.800000E-8	5.108026E-3
5.805000E-8	5.084045E-3
5.810000E-8	5.048073E-3
5.815000E-8	4.998398E-3
5.820000E-8	4.962426E-3
5.825000E-8	4.947009E-3
5.830000E-8	4.941870E-3
5.835000E-8	4.945296E-3
5.840000E-8	4.962426E-3
5.845000E-8	4.994972E-3
5.850000E-8	5.034370E-3
5.855000E-8	5.073767E-3
5.860000E-8	5.104601E-3
5.865000E-8	5.116591E-3
5.870000E-8	5.113165E-3
5.875000E-8	5.106314E-3
5.880000E-8	5.101175E-3
5.885000E-8	5.090897E-3
5.890000E-8	5.087471E-3
5.895000E-8	5.075480E-3
5.900000E-8	5.056638E-3
5.905000E-8	5.041221E-3
5.910000E-8	5.027518E-3
5.915000E-8	4.998398E-3
5.920000E-8	4.960713E-3
5.925000E-8	4.919602E-3
5.930000E-8	4.876778E-3
5.935000E-8	4.842519E-3
5.940000E-8	4.818538E-3
5.945000E-8	4.792844E-3
5.950000E-8	4.756872E-3
5.955000E-8	4.726039E-3
5.960000E-8	4.714048E-3
5.965000E-8	4.717474E-3
5.970000E-8	4.726039E-3
5.975000E-8	4.743168E-3
5.980000E-8	4.785992E-3
5.985000E-8	4.845945E-3
5.990000E-8	4.888769E-3
5.995000E-8	4.905898E-3
6.000000E-8	4.914463E-3
6.005000E-8	4.935019E-3
6.010000E-8	4.972703E-3
6.015000E-8	5.012101E-3
6.020000E-8	5.053212E-3
6.025000E-8	5.099462E-3
6.030000E-8	5.137147E-3
6.035000E-8	5.150850E-3
6.040000E-8	5.133721E-3
6.045000E-8	5.101175E-3
6.050000E-8	5.051499E-3
6.055000E-8	4.996685E-3
6.060000E-8	4.947009E-3
6.065000E-8	4.890482E-3
6.070000E-8	4.815112E-3
6.075000E-8	4.751733E-3
6.080000E-8	4.712335E-3
6.085000E-8	4.672937E-3
6.090000E-8	4.630113E-3
6.095000E-8	4.606132E-3
6.100000E-8	4.607845E-3
6.105000E-8	4.614697E-3
6.110000E-8	4.600993E-3
6.115000E-8	4.575299E-3
6.120000E-8	4.553031E-3
6.125000E-8	4.529049E-3
6.130000E-8	4.489651E-3
6.135000E-8	4.445115E-3
6.140000E-8	4.412569E-3
6.145000E-8	4.381736E-3
6.150000E-8	4.345764E-3
6.155000E-8	4.326921E-3
6.160000E-8	4.344051E-3
6.165000E-8	4.386874E-3
6.170000E-8	4.433124E-3
6.175000E-8	4.486226E-3
6.180000E-8	4.556457E-3
6.185000E-8	4.626687E-3
6.190000E-8	4.666085E-3
6.195000E-8	4.686641E-3
6.200000E-8	4.714048E-3
6.205000E-8	4.736316E-3
6.210000E-8	4.710622E-3
6.215000E-8	4.633539E-3
6.220000E-8	4.534188E-3
6.225000E-8	4.431411E-3
6.230000E-8	4.321782E-3
6.235000E-8	4.212154E-3
6.240000E-8	4.128219E-3
6.245000E-8	4.075118E-3
6.250000E-8	4.037433E-3
6.255000E-8	4.011738E-3
6.260000E-8	4.016877E-3
6.265000E-8	4.042572E-3
6.270000E-8	4.073405E-3
6.275000E-8	4.119654E-3
6.280000E-8	4.174469E-3
6.285000E-8	4.208728E-3
6.290000E-8	4.213867E-3
6.295000E-8	4.224144E-3
6.300000E-8	4.249838E-3
6.305000E-8	4.261829E-3
6.310000E-8	4.254977E-3
6.315000E-8	4.246413E-3
6.320000E-8	4.246413E-3
6.325000E-8	4.251551E-3
6.330000E-8	4.258403E-3
6.335000E-8	4.280672E-3
6.340000E-8	4.325208E-3
6.345000E-8	4.369745E-3
6.350000E-8	4.405717E-3
6.355000E-8	4.438263E-3
6.360000E-8	4.472522E-3
6.365000E-8	4.487939E-3
6.370000E-8	4.481087E-3
6.375000E-8	4.467383E-3
6.380000E-8	4.446828E-3
6.385000E-8	4.410856E-3
6.390000E-8	4.368032E-3
6.395000E-8	4.326921E-3
6.400000E-8	4.282385E-3
6.405000E-8	4.239561E-3
6.410000E-8	4.201876E-3
6.415000E-8	4.179608E-3
6.420000E-8	4.176182E-3
6.425000E-8	4.189885E-3
6.430000E-8	4.213867E-3
6.435000E-8	4.234422E-3
6.440000E-8	4.246413E-3
6.445000E-8	4.241274E-3
6.450000E-8	4.203589E-3
6.455000E-8	4.141923E-3
6.460000E-8	4.063127E-3
6.465000E-8	3.980905E-3
6.470000E-8	3.920952E-3
6.475000E-8	3.876415E-3
6.480000E-8	3.842156E-3
6.485000E-8	3.830166E-3
6.490000E-8	3.842156E-3
6.495000E-8	3.859286E-3
6.500000E-8	3.866138E-3
6.505000E-8	3.883267E-3
6.510000E-8	3.900397E-3
6.515000E-8	3.893545E-3
6.520000E-8	3.867851E-3
6.525000E-8	3.838730E-3
6.530000E-8	3.831879E-3
6.535000E-8	3.857573E-3
6.540000E-8	3.895258E-3
6.545000E-8	3.919239E-3
6.550000E-8	3.938082E-3
6.555000E-8	3.962063E-3
6.560000E-8	3.965489E-3
6.565000E-8	3.938082E-3
6.570000E-8	3.908961E-3
6.575000E-8	3.886693E-3
6.580000E-8	3.849008E-3
6.585000E-8	3.777064E-3
6.590000E-8	3.693130E-3
6.595000E-8	3.617760E-3
6.600000E-8	3.544103E-3
6.605000E-8	3.475585E-3
6.610000E-8	3.431048E-3
6.615000E-8	3.419058E-3
6.620000E-8	3.443039E-3
6.625000E-8	3.487576E-3
6.630000E-8	3.547529E-3
6.635000E-8	3.629751E-3
6.640000E-8	3.703407E-3
6.645000E-8	3.746231E-3
6.650000E-8	3.753083E-3
6.655000E-8	3.730815E-3
6.660000E-8	3.686278E-3
6.665000E-8	3.628038E-3
6.670000E-8	3.573223E-3
6.675000E-8	3.528687E-3
6.680000E-8	3.513270E-3
6.685000E-8	3.521835E-3
6.690000E-8	3.530399E-3
6.695000E-8	3.538964E-3
6.700000E-8	3.571510E-3
6.705000E-8	3.634889E-3
6.710000E-8	3.694843E-3
6.715000E-8	3.735953E-3
6.720000E-8	3.759935E-3
6.725000E-8	3.771925E-3
6.730000E-8	3.763361E-3
6.735000E-8	3.727389E-3
6.740000E-8	3.679426E-3
6.745000E-8	3.633176E-3
6.750000E-8	3.574936E-3
6.755000E-8	3.506418E-3
6.760000E-8	3.455030E-3
6.765000E-8	3.436187E-3
6.770000E-8	3.437900E-3
6.775000E-8	3.458456E-3
6.780000E-8	3.499566E-3
6.785000E-8	3.544103E-3
6.790000E-8	3.580075E-3
6.795000E-8	3.614334E-3
6.800000E-8	3.641741E-3
6.805000E-8	3.640028E-3
6.810000E-8	3.616047E-3
6.815000E-8	3.600630E-3
6.820000E-8	3.597205E-3
6.825000E-8	3.595492E-3
6.830000E-8	3.602343E-3
6.835000E-8	3.605769E-3
6.840000E-8	3.610908E-3
6.845000E-8	3.645167E-3
6.850000E-8	3.698269E-3
6.855000E-8	3.730815E-3
6.860000E-8	3.729102E-3
6.865000E-8	3.722250E-3
6.870000E-8	3.708546E-3
6.875000E-8	3.646880E-3
6.880000E-8	3.544103E-3
6.885000E-8	3.437900E-3
6.890000E-8	3.335123E-3
6.895000E-8	3.246050E-3
6.900000E-8	3.184384E-3
6.905000E-8	3.158689E-3
6.910000E-8	3.151838E-3
6.915000E-8	3.165541E-3
6.920000E-8	3.215217E-3
6.925000E-8	3.295725E-3
6.930000E-8	3.374521E-3
6.935000E-8	3.432761E-3
6.940000E-8	3.473872E-3
6.945000E-8	3.506418E-3
6.950000E-8	3.542390E-3
6.955000E-8	3.552668E-3
6.960000E-8	3.523548E-3
6.965000E-8	3.472159E-3
6.970000E-8	3.436187E-3
6.975000E-8	3.424197E-3
6.980000E-8	3.419058E-3
6.985000E-8	3.431048E-3
6.990000E-8	3.470446E-3
6.995000E-8	3.521835E-3
7.000000E-8	3.580075E-3
7.005000E-8	3.655445E-3
7.010000E-8	3.729102E-3
7.015000E-8	3.773638E-3
7.020000E-8	3.799333E-3
7.025000E-8	3.806184E-3
7.030000E-8	3.766787E-3
7.035000E-8	3.681139E-3
7.040000E-8	3.585214E-3
7.045000E-8	3.485863E-3
7.050000E-8	3.365956E-3
7.055000E-8	3.240911E-3
7.060000E-8	3.129569E-3
7.065000E-8	3.045635E-3
7.070000E-8	2.995959E-3
7.075000E-8	2.980542E-3
7.080000E-8	3.001098E-3
7.085000E-8	3.047348E-3
7.090000E-8	3.110727E-3
7.095000E-8	3.177532E-3
7.100000E-8	3.244337E-3
7.105000E-8	3.314568E-3
7.110000E-8	3.396789E-3
7.115000E-8	3.473872E-3
7.120000E-8	3.533825E-3
7.125000E-8	3.562946E-3
7.130000E-8	3.581788E-3
7.135000E-8	3.595492E-3
7.140000E-8	3.588640E-3
7.145000E-8	3.566371E-3
7.150000E-8	3.549242E-3
7.155000E-8	3.526974E-3
7.160000E-8	3.494428E-3
7.165000E-8	3.461881E-3
7.170000E-8	3.422484E-3
7.175000E-8	3.352253E-3
7.180000E-8	3.268318E-3
7.185000E-8	3.196374E-3
7.190000E-8	3.129569E-3
7.195000E-8	3.073042E-3
7.200000E-8	3.059338E-3
7.205000E-8	3.074755E-3
7.210000E-8	3.078181E-3
7.215000E-8	3.081607E-3
7.220000E-8	3.115866E-3
7.225000E-8	3.160402E-3
7.230000E-8	3.194661E-3
7.235000E-8	3.227207E-3
7.240000E-8	3.251189E-3
7.245000E-8	3.235772E-3
7.250000E-8	3.189522E-3
7.255000E-8	3.136421E-3
7.260000E-8	3.076468E-3
7.265000E-8	3.006237E-3
7.270000E-8	2.936006E-3
7.275000E-8	2.867488E-3
7.280000E-8	2.807535E-3
7.285000E-8	2.764711E-3
7.290000E-8	2.730452E-3
7.295000E-8	2.713322E-3
7.300000E-8	2.721887E-3
7.305000E-8	2.749294E-3
7.310000E-8	2.792118E-3
7.315000E-8	2.864062E-3
7.320000E-8	2.961700E-3
7.325000E-8	3.052486E-3
7.330000E-8	3.126143E-3
7.335000E-8	3.203226E-3
7.340000E-8	3.273457E-3
7.345000E-8	3.316281E-3
7.350000E-8	3.340262E-3
7.355000E-8	3.355679E-3
7.360000E-8	3.350540E-3
7.365000E-8	3.312855E-3
7.370000E-8	3.246050E-3
7.375000E-8	3.174106E-3
7.380000E-8	3.109014E-3
7.385000E-8	3.050773E-3
7.390000E-8	2.994246E-3
7.395000E-8	2.953135E-3
7.400000E-8	2.939432E-3
7.405000E-8	2.936006E-3
7.410000E-8	2.920589E-3
7.415000E-8	2.912024E-3
7.420000E-8	2.924015E-3
7.425000E-8	2.941145E-3
7.430000E-8	2.956561E-3
7.435000E-8	2.982255E-3
7.440000E-8	2.999385E-3
7.445000E-8	2.995959E-3
7.450000E-8	2.983968E-3
7.455000E-8	2.985681E-3
7.460000E-8	2.987394E-3
7.465000E-8	2.973691E-3
7.470000E-8	2.949709E-3
7.475000E-8	2.932580E-3
7.480000E-8	2.918876E-3
7.485000E-8	2.893182E-3
7.490000E-8	2.862349E-3
7.495000E-8	2.841794E-3
7.500000E-8	2.846932E-3
7.505000E-8	2.855497E-3
7.510000E-8	2.853784E-3
7.515000E-8	2.841794E-3
7.520000E-8	2.829803E-3
7.525000E-8	2.826377E-3
7.530000E-8	2.821238E-3
7.535000E-8	2.816099E-3
7.540000E-8	2.800683E-3
7.545000E-8	2.790405E-3
7.550000E-8	2.795544E-3
7.555000E-8	2.800683E-3
7.560000E-8	2.780127E-3
7.565000E-8	2.745868E-3
7.570000E-8	2.721887E-3
7.575000E-8	2.711609E-3
7.580000E-8	2.692767E-3
7.585000E-8	2.660221E-3
7.590000E-8	2.627675E-3
7.595000E-8	2.589990E-3
7.600000E-8	2.538601E-3
7.605000E-8	2.490639E-3
7.610000E-8	2.444389E-3
7.615000E-8	2.382723E-3
7.620000E-8	2.317631E-3
7.625000E-8	2.274807E-3
7.630000E-8	2.259391E-3
7.635000E-8	2.259391E-3
7.640000E-8	2.291937E-3
7.645000E-8	2.362168E-3
7.650000E-8	2.439250E-3
7.655000E-8	2.516333E-3
7.660000E-8	2.584851E-3
7.665000E-8	2.627675E-3
7.670000E-8	2.641378E-3
7.675000E-8	2.624249E-3
7.680000E-8	2.588277E-3
7.685000E-8	2.548879E-3
7.690000E-8	2.502629E-3
7.695000E-8	2.444389E-3
7.700000E-8	2.393001E-3
7.705000E-8	2.362168E-3
7.710000E-8	2.338186E-3
7.715000E-8	2.322770E-3
7.720000E-8	2.345038E-3
7.725000E-8	2.398139E-3
7.730000E-8	2.458093E-3
7.735000E-8	2.536888E-3
7.740000E-8	2.639665E-3
7.745000E-8	2.721887E-3
7.750000E-8	2.759572E-3
7.755000E-8	2.769850E-3
7.760000E-8	2.756146E-3
7.765000E-8	2.709896E-3
7.770000E-8	2.632814E-3
7.775000E-8	2.547166E-3
7.780000E-8	2.459806E-3
7.785000E-8	2.367306E-3
7.790000E-8	2.269668E-3
7.795000E-8	2.184021E-3
7.800000E-8	2.132632E-3
7.805000E-8	2.108651E-3
7.810000E-8	2.124067E-3
7.815000E-8	2.177169E-3
7.820000E-8	2.259391E-3
7.825000E-8	2.351890E-3
7.830000E-8	2.475222E-3
7.835000E-8	2.632814E-3
7.840000E-8	2.788692E-3
7.845000E-8	2.920589E-3
7.850000E-8	3.038783E-3
7.855000E-8	3.141560E-3
7.860000E-8	3.206652E-3
7.865000E-8	3.235772E-3
7.870000E-8	3.244337E-3
7.875000E-8	3.220356E-3
7.880000E-8	3.162115E-3
7.885000E-8	3.079894E-3
7.890000E-8	2.971978E-3
7.895000E-8	2.841794E-3
7.900000E-8	2.704758E-3
7.905000E-8	2.586564E-3
7.910000E-8	2.499204E-3
7.915000E-8	2.428973E-3
7.920000E-8	2.377584E-3
7.925000E-8	2.348464E-3
7.930000E-8	2.353603E-3
7.935000E-8	2.379297E-3
7.940000E-8	2.408417E-3
7.945000E-8	2.430686E-3
7.950000E-8	2.451241E-3
7.955000E-8	2.471796E-3
7.960000E-8	2.499204E-3
7.965000E-8	2.530037E-3
7.970000E-8	2.554018E-3
7.975000E-8	2.572860E-3
7.980000E-8	2.586564E-3
7.985000E-8	2.595129E-3
7.990000E-8	2.596842E-3
7.995000E-8	2.600268E-3
8.000000E-8	2.608832E-3
8.005000E-8	2.629388E-3
8.010000E-8	2.661934E-3
8.015000E-8	2.691054E-3
8.020000E-8	2.697906E-3
8.025000E-8	2.677350E-3
8.030000E-8	2.646517E-3
8.035000E-8	2.605406E-3
8.040000E-8	2.567722E-3
8.045000E-8	2.535175E-3
8.050000E-8	2.495778E-3
8.055000E-8	2.446102E-3
8.060000E-8	2.387862E-3
8.065000E-8	2.329621E-3
8.070000E-8	2.262816E-3
8.075000E-8	2.206289E-3
8.080000E-8	2.187447E-3
8.085000E-8	2.204576E-3
8.090000E-8	2.231983E-3
8.095000E-8	2.264529E-3
8.100000E-8	2.291937E-3
8.105000E-8	2.307353E-3
8.110000E-8	2.309066E-3
8.115000E-8	2.307353E-3
8.120000E-8	2.290224E-3
8.125000E-8	2.269668E-3
8.130000E-8	2.255965E-3
8.135000E-8	2.237122E-3
8.140000E-8	2.197724E-3
8.145000E-8	2.156614E-3
8.150000E-8	2.127493E-3
8.155000E-8	2.100086E-3
8.160000E-8	2.070966E-3
8.165000E-8	2.046985E-3
8.170000E-8	2.017865E-3
8.175000E-8	1.978467E-3
8.180000E-8	1.959624E-3
8.185000E-8	1.973328E-3
8.190000E-8	1.987031E-3
8.195000E-8	2.002448E-3
8.200000E-8	2.053837E-3
8.205000E-8	2.129206E-3
8.210000E-8	2.199437E-3
8.215000E-8	2.271381E-3
8.220000E-8	2.351890E-3
8.225000E-8	2.423834E-3
8.230000E-8	2.473509E-3
8.235000E-8	2.507768E-3
8.240000E-8	2.512907E-3
8.245000E-8	2.480361E-3
8.250000E-8	2.415269E-3
8.255000E-8	2.314205E-3
8.260000E-8	2.197724E-3
8.265000E-8	2.084670E-3
8.270000E-8	1.976754E-3
8.275000E-8	1.885967E-3
8.280000E-8	1.827727E-3
8.285000E-8	1.802033E-3
8.290000E-8	1.790042E-3
8.295000E-8	1.802033E-3
8.300000E-8	1.851708E-3
8.305000E-8	1.903097E-3
8.310000E-8	1.947634E-3
8.315000E-8	1.990457E-3
8.320000E-8	2.028142E-3
8.325000E-8	2.028142E-3
8.330000E-8	1.988744E-3
8.335000E-8	1.915088E-3
8.340000E-8	1.824301E-3
8.345000E-8	1.730089E-3
8.350000E-8	1.639303E-3
8.355000E-8	1.545090E-3
8.360000E-8	1.466295E-3
8.365000E-8	1.421758E-3
8.370000E-8	1.406341E-3
8.375000E-8	1.414906E-3
8.380000E-8	1.459443E-3
8.385000E-8	1.538239E-3
8.390000E-8	1.635877E-3
8.395000E-8	1.750644E-3
8.400000E-8	1.882542E-3
8.405000E-8	2.014439E-3
8.410000E-8	2.125780E-3
8.415000E-8	2.213141E-3
8.420000E-8	2.273094E-3
8.425000E-8	2.300501E-3
8.430000E-8	2.279946E-3
8.435000E-8	2.221706E-3
8.440000E-8	2.148049E-3
8.445000E-8	2.067540E-3
8.450000E-8	1.995596E-3
8.455000E-8	1.942495E-3
8.460000E-8	1.911662E-3
8.465000E-8	1.916801E-3
8.470000E-8	1.961337E-3
8.475000E-8	2.023003E-3
8.480000E-8	2.081244E-3
8.485000E-8	2.151475E-3
8.490000E-8	2.226844E-3
8.495000E-8	2.273094E-3
8.500000E-8	2.276520E-3
8.505000E-8	2.255965E-3
8.510000E-8	2.214854E-3
8.515000E-8	2.132632E-3
8.520000E-8	2.031568E-3
8.525000E-8	1.935643E-3
8.530000E-8	1.856847E-3
8.535000E-8	1.805459E-3
8.540000E-8	1.786616E-3
8.545000E-8	1.793468E-3
8.550000E-8	1.824301E-3
8.555000E-8	1.870551E-3
8.560000E-8	1.908236E-3
8.565000E-8	1.937356E-3
8.570000E-8	1.957911E-3
8.575000E-8	1.956198E-3
8.580000E-8	1.933930E-3
8.585000E-8	1.901384E-3
8.590000E-8	1.863699E-3
8.595000E-8	1.805459E-3
8.600000E-8	1.728376E-3
8.605000E-8	1.653006E-3
8.610000E-8	1.596479E-3
8.615000E-8	1.560507E-3
8.620000E-8	1.560507E-3
8.625000E-8	1.605044E-3
8.630000E-8	1.671849E-3
8.635000E-8	1.748931E-3
8.640000E-8	1.839718E-3
8.645000E-8	1.927078E-3
8.650000E-8	1.990457E-3
8.655000E-8	2.026429E-3
8.660000E-8	2.045272E-3
8.665000E-8	2.043559E-3
8.670000E-8	2.019578E-3
8.675000E-8	1.968189E-3
8.680000E-8	1.891106E-3
8.685000E-8	1.810598E-3
8.690000E-8	1.730089E-3
8.695000E-8	1.661571E-3
8.700000E-8	1.608470E-3
8.705000E-8	1.577636E-3
8.710000E-8	1.565646E-3
8.715000E-8	1.582775E-3
8.720000E-8	1.641016E-3
8.725000E-8	1.723237E-3
8.730000E-8	1.812311E-3
8.735000E-8	1.909949E-3
8.740000E-8	2.004161E-3
8.745000E-8	2.072679E-3
8.750000E-8	2.096660E-3
8.755000E-8	2.084670E-3
8.760000E-8	2.046985E-3
8.765000E-8	1.997309E-3
8.770000E-8	1.935643E-3
8.775000E-8	1.861986E-3
8.780000E-8	1.781477E-3
8.785000E-8	1.712959E-3
8.790000E-8	1.653006E-3
8.795000E-8	1.605044E-3
8.800000E-8	1.569072E-3
8.805000E-8	1.534813E-3
8.810000E-8	1.498841E-3
8.815000E-8	1.474859E-3
8.820000E-8	1.474859E-3
8.825000E-8	1.491989E-3
8.830000E-8	1.519396E-3
8.835000E-8	1.545090E-3
8.840000E-8	1.553655E-3
8.845000E-8	1.562220E-3
8.850000E-8	1.598192E-3
8.855000E-8	1.646154E-3
8.860000E-8	1.685552E-3
8.865000E-8	1.719811E-3
8.870000E-8	1.767774E-3
8.875000E-8	1.805459E-3
8.880000E-8	1.820875E-3
8.885000E-8	1.820875E-3
8.890000E-8	1.808885E-3
8.895000E-8	1.795181E-3
8.900000E-8	1.802033E-3
8.905000E-8	1.815736E-3
8.910000E-8	1.824301E-3
8.915000E-8	1.839718E-3
8.920000E-8	1.873977E-3
8.925000E-8	1.909949E-3
8.930000E-8	1.944208E-3
8.935000E-8	1.988744E-3
8.940000E-8	2.031568E-3
8.945000E-8	2.058975E-3
8.950000E-8	2.072679E-3
8.955000E-8	2.055549E-3
8.960000E-8	2.005874E-3
8.965000E-8	1.940782E-3
8.970000E-8	1.860273E-3
8.975000E-8	1.747218E-3
8.980000E-8	1.622173E-3
8.985000E-8	1.522822E-3
8.990000E-8	1.437175E-3
8.995000E-8	1.363518E-3
9.000000E-8	1.332685E-3
9.005000E-8	1.344675E-3
9.010000E-8	1.389212E-3
9.015000E-8	1.466295E-3
9.020000E-8	1.574211E-3
9.025000E-8	1.683839E-3
9.030000E-8	1.786616E-3
9.035000E-8	1.897958E-3
9.040000E-8	1.993883E-3
9.045000E-8	2.057262E-3
9.050000E-8	2.094947E-3
9.055000E-8	2.108651E-3
9.060000E-8	2.072679E-3
9.065000E-8	1.999022E-3
9.070000E-8	1.923652E-3
9.075000E-8	1.849995E-3
9.080000E-8	1.781477E-3
9.085000E-8	1.730089E-3
9.090000E-8	1.694117E-3
9.095000E-8	1.661571E-3
9.100000E-8	1.637590E-3
9.105000E-8	1.627312E-3
9.110000E-8	1.632451E-3
9.115000E-8	1.656432E-3
9.120000E-8	1.682126E-3
9.125000E-8	1.692404E-3
9.130000E-8	1.680413E-3
9.135000E-8	1.635877E-3
9.140000E-8	1.581062E-3
9.145000E-8	1.546803E-3
9.150000E-8	1.539952E-3
9.155000E-8	1.546803E-3
9.160000E-8	1.572498E-3
9.165000E-8	1.622173E-3
9.170000E-8	1.668423E-3
9.175000E-8	1.706108E-3
9.180000E-8	1.762635E-3
9.185000E-8	1.822588E-3
9.190000E-8	1.877403E-3
9.195000E-8	1.927078E-3
9.200000E-8	1.969902E-3
9.205000E-8	1.987031E-3
9.210000E-8	1.983606E-3
9.215000E-8	1.971615E-3
9.220000E-8	1.951060E-3
9.225000E-8	1.915088E-3
9.230000E-8	1.867125E-3
9.235000E-8	1.796894E-3
9.240000E-8	1.721524E-3
9.245000E-8	1.661571E-3
9.250000E-8	1.617034E-3
9.255000E-8	1.572498E-3
9.260000E-8	1.536526E-3
9.265000E-8	1.521109E-3
9.270000E-8	1.519396E-3
9.275000E-8	1.517683E-3
9.280000E-8	1.517683E-3
9.285000E-8	1.512544E-3
9.290000E-8	1.493702E-3
9.295000E-8	1.456017E-3
9.300000E-8	1.399490E-3
9.305000E-8	1.339536E-3
9.310000E-8	1.283009E-3
9.315000E-8	1.233333E-3
9.320000E-8	1.190510E-3
9.325000E-8	1.157964E-3
9.330000E-8	1.130556E-3
9.335000E-8	1.116853E-3
9.340000E-8	1.123705E-3
9.345000E-8	1.152825E-3
9.350000E-8	1.187084E-3
9.355000E-8	1.221343E-3
9.360000E-8	1.255602E-3
9.365000E-8	1.295000E-3
9.370000E-8	1.337823E-3
9.375000E-8	1.377221E-3
9.380000E-8	1.416619E-3
9.385000E-8	1.461156E-3
9.390000E-8	1.507405E-3
9.395000E-8	1.560507E-3
9.400000E-8	1.615321E-3
9.405000E-8	1.668423E-3
9.410000E-8	1.712959E-3
9.415000E-8	1.736941E-3
9.420000E-8	1.728376E-3
9.425000E-8	1.707821E-3
9.430000E-8	1.699256E-3
9.435000E-8	1.702682E-3
9.440000E-8	1.697543E-3
9.445000E-8	1.675275E-3
9.450000E-8	1.641016E-3
9.455000E-8	1.603331E-3
9.460000E-8	1.557081E-3
9.465000E-8	1.514257E-3
9.470000E-8	1.497128E-3
9.475000E-8	1.497128E-3
9.480000E-8	1.488563E-3
9.485000E-8	1.481711E-3
9.490000E-8	1.497128E-3
9.495000E-8	1.517683E-3
9.500000E-8	1.524535E-3
9.505000E-8	1.533100E-3
9.510000E-8	1.550229E-3
9.515000E-8	1.560507E-3
9.520000E-8	1.565646E-3
9.525000E-8	1.575923E-3
9.530000E-8	1.586201E-3
9.535000E-8	1.589627E-3
9.540000E-8	1.596479E-3
9.545000E-8	1.608470E-3
9.550000E-8	1.613608E-3
9.555000E-8	1.589627E-3
9.560000E-8	1.546803E-3
9.565000E-8	1.505693E-3
9.570000E-8	1.469721E-3
9.575000E-8	1.421758E-3
9.580000E-8	1.361805E-3
9.585000E-8	1.310416E-3
9.590000E-8	1.267592E-3
9.595000E-8	1.236759E-3
9.600000E-8	1.217917E-3
9.605000E-8	1.209352E-3
9.610000E-8	1.204213E-3
9.615000E-8	1.195649E-3
9.620000E-8	1.188797E-3
9.625000E-8	1.171667E-3
9.630000E-8	1.149399E-3
9.635000E-8	1.135695E-3
9.640000E-8	1.149399E-3
9.645000E-8	1.180232E-3
9.650000E-8	1.204213E-3
9.655000E-8	1.212778E-3
9.660000E-8	1.211065E-3
9.665000E-8	1.197361E-3
9.670000E-8	1.176806E-3
9.675000E-8	1.164815E-3
9.680000E-8	1.181945E-3
9.685000E-8	1.202500E-3
9.690000E-8	1.197361E-3
9.695000E-8	1.159677E-3
9.700000E-8	1.111714E-3
9.705000E-8	1.053474E-3
9.710000E-8	9.798168E-4
9.715000E-8	9.112988E-4
9.720000E-8	8.701880E-4
9.725000E-8	8.427808E-4
9.730000E-8	8.256513E-4
9.735000E-8	8.342161E-4
9.740000E-8	8.684751E-4
9.745000E-8	9.147247E-4
9.750000E-8	9.729650E-4
9.755000E-8	1.044909E-3
9.760000E-8	1.108288E-3
9.765000E-8	1.142547E-3
9.770000E-8	1.156251E-3
9.775000E-8	1.159677E-3
9.780000E-8	1.144260E-3
9.785000E-8	1.098010E-3
9.790000E-8	1.031205E-3
9.795000E-8	9.592614E-4
9.800000E-8	9.027341E-4
9.805000E-8	8.753269E-4
9.810000E-8	8.633362E-4
9.815000E-8	8.564844E-4
9.820000E-8	8.650492E-4
9.825000E-8	8.958823E-4
9.830000E-8	9.318542E-4
9.835000E-8	9.678262E-4
9.840000E-8	1.017502E-3
9.845000E-8	1.082594E-3
9.850000E-8	1.152825E-3
9.855000E-8	1.205926E-3
9.860000E-8	1.240185E-3
9.865000E-8	1.250463E-3
9.870000E-8	1.245324E-3
9.875000E-8	1.233333E-3
9.880000E-8	1.205926E-3
9.885000E-8	1.176806E-3
9.890000E-8	1.149399E-3
9.895000E-8	1.121992E-3
9.900000E-8	1.084307E-3
9.905000E-8	1.032918E-3
9.910000E-8	9.781039E-4
9.915000E-8	9.369931E-4
9.920000E-8	9.232895E-4
9.925000E-8	9.387060E-4
9.930000E-8	9.746780E-4
9.935000E-8	1.026066E-3
9.940000E-8	1.091159E-3
9.945000E-8	1.164815E-3
9.950000E-8	1.243611E-3
9.955000E-8	1.313842E-3
9.960000E-8	1.360092E-3
9.965000E-8	1.384073E-3
9.970000E-8	1.397777E-3
9.975000E-8	1.392638E-3
9.980000E-8	1.363518E-3
9.985000E-8	1.312129E-3
9.990000E-8	1.248750E-3
9.995000E-8	1.173380E-3
1.000000E-7	1.101436E-3
1.000500E-7	1.043196E-3
1.001000E-7	1.005511E-3
1.001500E-7	9.832427E-4
1.002000E-7	9.781039E-4
1.002500E-7	9.883816E-4
1.003000E-7	1.014076E-3
1.003500E-7	1.038057E-3
1.004000E-7	1.067177E-3
1.004500E-7	1.104862E-3
1.005000E-7	1.142547E-3
1.005500E-7	1.169954E-3
1.006000E-7	1.199074E-3
1.006500E-7	1.238472E-3
1.007000E-7	1.264167E-3
1.007500E-7	1.276157E-3
1.008000E-7	1.283009E-3
1.008500E-7	1.277870E-3
1.009000E-7	1.252176E-3
1.009500E-7	1.224769E-3
1.010000E-7	1.199074E-3
1.010500E-7	1.163102E-3
1.011000E-7	1.120279E-3
1.011500E-7	1.084307E-3
1.012000E-7	1.053474E-3
1.012500E-7	1.019215E-3
1.013000E-7	9.900945E-4
1.013500E-7	9.712521E-4
1.014000E-7	9.644003E-4
1.014500E-7	9.798168E-4
1.015000E-7	1.007224E-3
1.015500E-7	1.024354E-3
1.016000E-7	1.043196E-3
1.016500E-7	1.086020E-3
1.017000E-7	1.133982E-3
1.017500E-7	1.159677E-3
1.018000E-7	1.183658E-3
1.018500E-7	1.224769E-3
1.019000E-7	1.248750E-3
1.019500E-7	1.219630E-3
1.020000E-7	1.183658E-3
1.020500E-7	1.169954E-3
1.021000E-7	1.133982E-3
1.021500E-7	1.060325E-3
1.022000E-7	9.798168E-4
1.022500E-7	9.164377E-4
1.023000E-7	8.427808E-4
1.023500E-7	7.708369E-4
1.024000E-7	7.263002E-4
1.024500E-7	6.971801E-4
1.025000E-7	6.766247E-4
1.025500E-7	6.680599E-4
1.026000E-7	6.714858E-4
1.026500E-7	6.663470E-4
1.027000E-7	6.543563E-4
1.027500E-7	6.320880E-4
1.028000E-7	6.012549E-4
1.028500E-7	5.789865E-4
1.029000E-7	5.806995E-4
1.029500E-7	5.875513E-4
1.030000E-7	6.081067E-4
1.030500E-7	6.612081E-4
1.031000E-7	7.400038E-4
1.031500E-7	8.222254E-4
1.032000E-7	9.181506E-4
1.032500E-7	1.027779E-3
1.033000E-7	1.125418E-3
1.033500E-7	1.195649E-3
1.034000E-7	1.257315E-3
1.034500E-7	1.295000E-3
1.035000E-7	1.289861E-3
1.035500E-7	1.260741E-3
1.036000E-7	1.229908E-3
1.036500E-7	1.188797E-3
1.037000E-7	1.142547E-3
1.037500E-7	1.125418E-3
1.038000E-7	1.135695E-3
1.038500E-7	1.156251E-3
1.039000E-7	1.187084E-3
1.039500E-7	1.235046E-3
1.040000E-7	1.272731E-3
1.040500E-7	1.295000E-3
1.041000E-7	1.303564E-3
1.041500E-7	1.296713E-3
1.042000E-7	1.274444E-3
1.042500E-7	1.233333E-3
1.043000E-7	1.166528E-3
1.043500E-7	1.068890E-3
1.044000E-7	9.661132E-4
1.044500E-7	8.650492E-4
1.045000E-7	7.485686E-4
1.045500E-7	6.389398E-4
1.046000E-7	5.481534E-4
1.046500E-7	4.727836E-4
1.047000E-7	4.299599E-4
1.047500E-7	4.436635E-4
1.048000E-7	4.899131E-4
1.048500E-7	5.515793E-4
1.049000E-7	6.286621E-4
1.049500E-7	7.023189E-4
1.050000E-7	7.656981E-4
1.050500E-7	8.325031E-4
1.051000E-7	8.993082E-4
1.051500E-7	9.352801E-4
1.052000E-7	9.558355E-4
1.052500E-7	9.918075E-4
1.053000E-7	1.022641E-3
1.053500E-7	1.039770E-3
1.054000E-7	1.050048E-3
1.054500E-7	1.039770E-3
1.055000E-7	9.952334E-4
1.055500E-7	9.489837E-4
1.056000E-7	9.250024E-4
1.056500E-7	9.147247E-4
1.057000E-7	9.027341E-4
1.057500E-7	8.907434E-4
1.058000E-7	8.838916E-4
1.058500E-7	8.873175E-4
1.059000E-7	8.890305E-4
1.059500E-7	8.787528E-4
1.060000E-7	8.530585E-4
1.060500E-7	8.187995E-4
1.061000E-7	7.828276E-4
1.061500E-7	7.348650E-4
1.062000E-7	6.783376E-4
1.062500E-7	6.423657E-4
1.063000E-7	6.457916E-4
1.063500E-7	6.629211E-4
1.064000E-7	6.766247E-4
1.064500E-7	6.817635E-4
1.065000E-7	6.834765E-4
1.065500E-7	6.817635E-4
1.066000E-7	6.783376E-4
1.066500E-7	6.714858E-4
1.067000E-7	6.594952E-4
1.067500E-7	6.560693E-4
1.068000E-7	6.629211E-4
1.068500E-7	6.594952E-4
1.069000E-7	6.355139E-4
1.069500E-7	6.063937E-4
1.070000E-7	5.841254E-4
1.070500E-7	5.601441E-4
1.071000E-7	5.173203E-4
1.071500E-7	4.676448E-4
1.072000E-7	4.179692E-4
1.072500E-7	3.580160E-4
1.073000E-7	2.740814E-4
1.073500E-7	1.867210E-4
1.074000E-7	1.113512E-4
1.074500E-7	4.625906E-5
1.075000E-7	5.148257E-6
1.075500E-7	1.713891E-5
1.076000E-7	7.195331E-5
1.076500E-7	1.507490E-4
1.077000E-7	2.586649E-4
1.077500E-7	3.785714E-4
1.078000E-7	5.019038E-4
1.078500E-7	6.200973E-4
1.079000E-7	7.365779E-4
1.079500E-7	8.410679E-4
1.080000E-7	9.232895E-4
1.080500E-7	9.678262E-4
1.081000E-7	9.575485E-4
1.081500E-7	9.078729E-4
1.082000E-7	8.307902E-4
1.082500E-7	7.125966E-4
1.083000E-7	5.772736E-4
1.083500E-7	4.625059E-4
1.084000E-7	3.751455E-4
1.084500E-7	2.929239E-4
1.085000E-7	2.329706E-4
1.085500E-7	1.987116E-4
1.086000E-7	1.730174E-4
1.086500E-7	1.541749E-4
1.087000E-7	1.593138E-4
1.087500E-7	1.832951E-4
1.088000E-7	2.226929E-4
1.088500E-7	2.775073E-4
1.089000E-7	3.374606E-4
1.089500E-7	3.905620E-4
1.090000E-7	4.402376E-4
1.090500E-7	4.813484E-4
1.091000E-7	4.967649E-4
1.091500E-7	5.053297E-4
1.092000E-7	5.224592E-4
1.092500E-7	5.190333E-4
1.093000E-7	4.813484E-4
1.093500E-7	4.402376E-4
1.094000E-7	4.094045E-4
1.094500E-7	3.734325E-4
1.095000E-7	3.408865E-4
1.095500E-7	3.203311E-4
1.096000E-7	3.203311E-4
1.096500E-7	3.511642E-4
1.097000E-7	4.179692E-4
1.097500E-7	4.882002E-4
1.098000E-7	5.498664E-4
1.098500E-7	6.269491E-4
1.099000E-7	6.988930E-4
1.099500E-7	7.400038E-4
1.100000E-7	7.759758E-4
1.100500E-7	8.153736E-4
1.101000E-7	8.187995E-4
1.101500E-7	7.862535E-4
1.102000E-7	7.519945E-4
1.102500E-7	7.040319E-4
1.103000E-7	6.355139E-4
1.103500E-7	5.789865E-4
1.104000E-7	5.464405E-4
1.104500E-7	5.121815E-4
1.105000E-7	4.710707E-4
1.105500E-7	4.436635E-4
1.106000E-7	4.213951E-4
1.106500E-7	4.025527E-4
1.107000E-7	4.008397E-4
1.107500E-7	3.939879E-4
1.108000E-7	3.768584E-4
1.108500E-7	3.751455E-4
1.109000E-7	3.751455E-4
1.109500E-7	3.597289E-4
1.110000E-7	3.443124E-4
1.110500E-7	3.528771E-4
1.111000E-7	3.597289E-4
1.111500E-7	3.528771E-4
1.112000E-7	3.563030E-4
1.112500E-7	3.717196E-4
1.113000E-7	3.871361E-4
1.113500E-7	4.042656E-4
1.114000E-7	4.179692E-4
1.114500E-7	4.042656E-4
1.115000E-7	3.717196E-4
1.115500E-7	3.460253E-4
1.116000E-7	3.288958E-4
1.116500E-7	3.220440E-4
1.117000E-7	3.340347E-4
1.117500E-7	3.460253E-4
1.118000E-7	3.545901E-4
1.118500E-7	3.665807E-4
1.119000E-7	3.837102E-4
1.119500E-7	3.957009E-4
1.120000E-7	4.162563E-4
1.120500E-7	4.522282E-4
1.121000E-7	4.830613E-4
1.121500E-7	4.916261E-4
1.122000E-7	4.864872E-4
1.122500E-7	4.796354E-4
1.123000E-7	4.676448E-4
1.123500E-7	4.556541E-4
1.124000E-7	4.402376E-4
1.124500E-7	4.111174E-4
1.125000E-7	3.751455E-4
1.125500E-7	3.443124E-4
1.126000E-7	3.237570E-4
1.126500E-7	3.066275E-4
1.127000E-7	2.929239E-4
1.127500E-7	2.860721E-4
1.128000E-7	2.894980E-4
1.128500E-7	2.980627E-4
1.129000E-7	3.237570E-4
1.129500E-7	3.597289E-4
1.130000E-7	4.008397E-4
1.130500E-7	4.488023E-4
1.131000E-7	5.001908E-4
1.131500E-7	5.532923E-4
1.132000E-7	6.063937E-4
1.132500E-7	6.526434E-4
1.133000E-7	6.886153E-4
1.133500E-7	7.245873E-4
1.134000E-7	7.537074E-4
1.134500E-7	7.639851E-4
1.135000E-7	7.639851E-4
1.135500E-7	7.639851E-4
1.136000E-7	7.417168E-4
1.136500E-7	7.160225E-4
1.137000E-7	7.194484E-4
1.137500E-7	7.434297E-4
1.138000E-7	7.622722E-4
1.138500E-7	7.759758E-4
1.139000E-7	8.085218E-4
1.139500E-7	8.547715E-4
1.140000E-7	8.975952E-4
1.140500E-7	9.198636E-4
1.141000E-7	9.250024E-4
1.141500E-7	9.250024E-4
1.142000E-7	9.147247E-4
1.142500E-7	8.856046E-4
1.143000E-7	8.462067E-4
1.143500E-7	8.068089E-4
1.144000E-7	7.468556E-4
1.144500E-7	6.714858E-4
1.145000E-7	5.978290E-4
1.145500E-7	5.258851E-4
1.146000E-7	4.556541E-4
1.146500E-7	3.939879E-4
1.147000E-7	3.425994E-4
1.147500E-7	2.877850E-4
1.148000E-7	2.312577E-4
1.148500E-7	1.850080E-4
1.149000E-7	1.473231E-4
1.149500E-7	1.147771E-4
1.150000E-7	8.051806E-5
1.150500E-7	5.824971E-5
1.151000E-7	5.482381E-5
1.151500E-7	7.366626E-5
1.152000E-7	1.233418E-4
1.152500E-7	1.952857E-4
1.153000E-7	2.740814E-4
1.153500E-7	3.580160E-4
1.154000E-7	4.505153E-4
1.154500E-7	5.344498E-4
1.155000E-7	6.115326E-4
1.155500E-7	6.817635E-4
1.156000E-7	7.400038E-4
1.156500E-7	7.656981E-4
1.157000E-7	7.656981E-4
1.157500E-7	7.417168E-4
1.158000E-7	6.886153E-4
1.158500E-7	6.252362E-4
1.159000E-7	5.618570E-4
1.159500E-7	4.830613E-4
1.160000E-7	3.974138E-4
1.160500E-7	3.425994E-4
1.161000E-7	3.134793E-4
1.161500E-7	2.929239E-4
1.162000E-7	3.014886E-4
1.162500E-7	3.545901E-4
1.163000E-7	4.316728E-4
1.163500E-7	5.207462E-4
1.164000E-7	6.218103E-4
1.164500E-7	7.245873E-4
1.165000E-7	8.153736E-4
1.165500E-7	8.975952E-4
1.166000E-7	9.524096E-4
1.166500E-7	9.626873E-4
1.167000E-7	9.455578E-4
1.167500E-7	9.112988E-4
1.168000E-7	8.599103E-4
1.168500E-7	7.913923E-4
1.169000E-7	7.382909E-4
1.169500E-7	7.057448E-4
1.170000E-7	6.766247E-4
1.170500E-7	6.526434E-4
1.171000E-7	6.612081E-4
1.171500E-7	6.937542E-4
1.172000E-7	7.451427E-4
1.172500E-7	7.999571E-4
1.173000E-7	8.376420E-4
1.173500E-7	8.444938E-4
1.174000E-7	8.307902E-4
1.174500E-7	7.913923E-4
1.175000E-7	7.125966E-4
1.175500E-7	6.012549E-4
1.176000E-7	4.899131E-4
1.176500E-7	3.974138E-4
1.177000E-7	3.186181E-4
1.177500E-7	2.569519E-4
1.178000E-7	2.089893E-4
1.178500E-7	1.867210E-4
1.179000E-7	1.867210E-4
1.179500E-7	2.055634E-4
1.180000E-7	2.381095E-4
1.180500E-7	2.912109E-4
1.181000E-7	3.545901E-4
1.181500E-7	4.094045E-4
1.182000E-7	4.556541E-4
1.182500E-7	5.104685E-4
1.183000E-7	5.704218E-4
1.183500E-7	6.183844E-4
1.184000E-7	6.526434E-4
1.184500E-7	6.612081E-4
1.185000E-7	6.355139E-4
1.185500E-7	5.944031E-4
1.186000E-7	5.413016E-4
1.186500E-7	4.607930E-4
1.187000E-7	3.751455E-4
1.187500E-7	2.980627E-4
1.188000E-7	2.312577E-4
1.188500E-7	1.661656E-4
1.189000E-7	1.062123E-4
1.189500E-7	4.968496E-5
1.190000E-7	-1.703543E-6
1.190500E-7	-2.054599E-5
1.191000E-7	-3.416493E-6
1.191500E-7	3.940726E-5
1.192000E-7	9.936051E-5
1.192500E-7	1.781562E-4
1.193000E-7	2.483872E-4
1.193500E-7	3.014886E-4
1.194000E-7	3.425994E-4
1.194500E-7	3.700066E-4
1.195000E-7	3.819973E-4
1.195500E-7	3.802843E-4
1.196000E-7	3.717196E-4
1.196500E-7	3.528771E-4
1.197000E-7	3.237570E-4
1.197500E-7	2.792203E-4
1.198000E-7	2.261188E-4
1.198500E-7	1.644526E-4
1.199000E-7	1.010735E-4
1.199500E-7	5.311086E-5
1.200000E-7	3.940726E-5
1.200500E-7	6.510151E-5
1.201000E-7	1.164900E-4
1.201500E-7	1.832951E-4
1.202000E-7	2.723685E-4
1.202500E-7	3.768584E-4
1.203000E-7	4.607930E-4
1.203500E-7	5.190333E-4
1.204000E-7	5.789865E-4
1.204500E-7	6.440786E-4
1.205000E-7	6.749117E-4
1.205500E-7	6.783376E-4
1.206000E-7	6.834765E-4
1.206500E-7	6.834765E-4
1.207000E-7	6.646340E-4
1.207500E-7	6.406527E-4
1.208000E-7	6.012549E-4
1.208500E-7	5.310239E-4
1.209000E-7	4.590800E-4
1.209500E-7	4.162563E-4
1.210000E-7	3.854232E-4
1.210500E-7	3.545901E-4
1.211000E-7	3.408865E-4
1.211500E-7	3.494512E-4
1.212000E-7	3.751455E-4
1.212500E-7	4.145433E-4
1.213000E-7	4.470894E-4
1.213500E-7	4.659318E-4
1.214000E-7	4.864872E-4
1.214500E-7	5.104685E-4
1.215000E-7	5.207462E-4
1.215500E-7	5.207462E-4
1.216000E-7	5.138944E-4
1.216500E-7	4.727836E-4
1.217000E-7	3.957009E-4
1.217500E-7	3.049145E-4
1.218000E-7	2.089893E-4
1.218500E-7	1.199159E-4
1.219000E-7	4.625906E-5
1.219500E-7	-1.540714E-5
1.220000E-7	-7.022155E-5
1.220500E-7	-9.591580E-5
1.221000E-7	-8.563810E-5
1.221500E-7	-4.966614E-5
1.222000E-7	8.574157E-6
1.222500E-7	8.908281E-5
1.223000E-7	1.627397E-4
1.223500E-7	2.158411E-4
1.224000E-7	2.569519E-4
1.224500E-7	2.877850E-4
1.225000E-7	2.997757E-4
1.225500E-7	2.929239E-4
1.226000E-7	2.792203E-4
1.226500E-7	2.483872E-4
1.227000E-7	1.969987E-4
1.227500E-7	1.404713E-4
1.228000E-7	9.764756E-5
1.228500E-7	5.824971E-5
1.229000E-7	2.741661E-5
1.229500E-7	1.713891E-5
1.230000E-7	3.598136E-5
1.230500E-7	8.565691E-5
1.231000E-7	1.593138E-4
1.231500E-7	2.483872E-4
1.232000E-7	3.494512E-4
1.232500E-7	4.556541E-4
1.233000E-7	5.515793E-4
1.233500E-7	6.338009E-4
1.234000E-7	7.040319E-4
1.234500E-7	7.605592E-4
1.235000E-7	7.948182E-4
1.235500E-7	7.999571E-4
1.236000E-7	7.725499E-4
1.236500E-7	7.108837E-4
1.237000E-7	6.183844E-4
1.237500E-7	4.950520E-4
1.238000E-7	3.528771E-4
1.238500E-7	2.244059E-4
1.239000E-7	1.199159E-4
1.239500E-7	3.255546E-5
1.240000E-7	-2.739779E-5
1.240500E-7	-5.137909E-5
1.241000E-7	-3.082369E-5
1.241500E-7	3.426841E-5
1.242000E-7	1.250548E-4
1.242500E-7	2.192670E-4
1.243000E-7	3.151922E-4
1.243500E-7	4.145433E-4
1.244000E-7	4.899131E-4
1.244500E-7	5.207462E-4
1.245000E-7	5.241721E-4
1.245500E-7	5.224592E-4
1.246000E-7	5.053297E-4
1.246500E-7	4.556541E-4
1.247000E-7	3.905620E-4
1.247500E-7	3.220440E-4
1.248000E-7	2.603778E-4
1.248500E-7	2.226929E-4
1.249000E-7	2.089893E-4
1.249500E-7	2.038505E-4
1.250000E-7	2.175541E-4
1.250500E-7	2.655167E-4
1.251000E-7	3.271829E-4
1.251500E-7	3.785714E-4
1.252000E-7	4.231081E-4
1.252500E-7	4.693577E-4
1.253000E-7	4.967649E-4
1.253500E-7	4.813484E-4
1.254000E-7	4.402376E-4
1.254500E-7	3.939879E-4
1.255000E-7	3.443124E-4
1.255500E-7	2.963498E-4
1.256000E-7	2.569519E-4
1.256500E-7	2.192670E-4
1.257000E-7	1.952857E-4
1.257500E-7	2.055634E-4
1.258000E-7	2.466742E-4
1.258500E-7	2.792203E-4
1.259000E-7	2.877850E-4
1.259500E-7	2.860721E-4
1.260000E-7	2.792203E-4
1.260500E-7	2.638037E-4
1.261000E-7	2.363965E-4
1.261500E-7	2.004246E-4
1.262000E-7	1.678785E-4
1.262500E-7	1.473231E-4
1.263000E-7	1.216289E-4
1.263500E-7	8.908281E-5
1.264000E-7	7.537921E-5
1.264500E-7	6.681446E-5
1.265000E-7	4.968496E-5
1.265500E-7	4.797201E-5
1.266000E-7	6.510151E-5
1.266500E-7	8.565691E-5
1.267000E-7	8.908281E-5
1.267500E-7	9.250871E-5
1.268000E-7	9.593461E-5
1.268500E-7	1.010735E-4
1.269000E-7	1.044994E-4
1.269500E-7	1.096382E-4
1.270000E-7	1.147771E-4
1.270500E-7	1.216289E-4
1.271000E-7	1.079253E-4
1.271500E-7	6.510151E-5
1.272000E-7	6.861207E-6
1.272500E-7	-5.823089E-5
1.273000E-7	-1.387395E-4
1.273500E-7	-2.141093E-4
1.274000E-7	-2.569331E-4
1.274500E-7	-2.723497E-4
1.275000E-7	-2.757756E-4
1.275500E-7	-2.586461E-4
1.276000E-7	-2.141093E-4
1.276500E-7	-1.592949E-4
1.277000E-7	-9.762875E-5
1.277500E-7	-1.883304E-5
1.278000E-7	6.852741E-5
1.278500E-7	1.370454E-4
1.279000E-7	1.987116E-4
1.279500E-7	2.672296E-4
1.280000E-7	3.151922E-4
1.280500E-7	3.323217E-4
1.281000E-7	3.425994E-4
1.281500E-7	3.563030E-4
1.282000E-7	3.528771E-4
1.282500E-7	3.340347E-4
1.283000E-7	3.083404E-4
1.283500E-7	2.775073E-4
1.284000E-7	2.449613E-4
1.284500E-7	2.175541E-4
1.285000E-7	1.867210E-4
1.285500E-7	1.490361E-4
1.286000E-7	1.233418E-4
1.286500E-7	1.062123E-4
1.287000E-7	8.565691E-5
1.287500E-7	8.736986E-5
1.288000E-7	1.233418E-4
1.288500E-7	1.644526E-4
1.289000E-7	1.884339E-4
1.289500E-7	2.038505E-4
1.290000E-7	2.226929E-4
1.290500E-7	2.244059E-4
1.291000E-7	2.124152E-4
1.291500E-7	2.038505E-4
1.292000E-7	2.004246E-4
1.292500E-7	1.935728E-4
1.293000E-7	1.798692E-4
1.293500E-7	1.576008E-4
1.294000E-7	1.250548E-4
1.294500E-7	7.880511E-5
1.295000E-7	3.598136E-5
1.295500E-7	-1.540714E-5
1.296000E-7	-7.022155E-5
1.296500E-7	-1.079064E-4
1.297000E-7	-1.130453E-4
1.297500E-7	-9.934170E-5
1.298000E-7	-7.536040E-5
1.298500E-7	-2.911074E-5
1.299000E-7	4.283316E-5
1.299500E-7	1.182030E-4
1.300000E-7	1.764433E-4
1.300500E-7	2.312577E-4
1.301000E-7	2.740814E-4
1.301500E-7	2.843591E-4
1.302000E-7	2.501001E-4
1.302500E-7	1.987116E-4
1.303000E-7	1.421843E-4
1.303500E-7	9.764756E-5
1.304000E-7	7.366626E-5
1.304500E-7	8.394396E-5
1.305000E-7	1.233418E-4
1.305500E-7	1.695915E-4
1.306000E-7	2.192670E-4
1.306500E-7	2.740814E-4
1.307000E-7	3.203311E-4
1.307500E-7	3.460253E-4
1.308000E-7	3.597289E-4
1.308500E-7	3.700066E-4
1.309000E-7	3.802843E-4
1.309500E-7	3.734325E-4
1.310000E-7	3.477383E-4
1.310500E-7	3.100534E-4
1.311000E-7	2.586649E-4
1.311500E-7	1.987116E-4
1.312000E-7	1.507490E-4
1.312500E-7	1.336195E-4
1.313000E-7	1.284807E-4
1.313500E-7	1.062123E-4
1.314000E-7	6.167561E-5
1.314500E-7	-3.416493E-6
1.315000E-7	-9.420285E-5
1.315500E-7	-2.038316E-4
1.316000E-7	-2.980439E-4
1.316500E-7	-3.717008E-4
1.317000E-7	-4.196634E-4
1.317500E-7	-4.265152E-4
1.318000E-7	-3.956821E-4
1.318500E-7	-3.408677E-4
1.319000E-7	-2.723497E-4
1.319500E-7	-1.935539E-4
1.320000E-7	-1.096194E-4
1.320500E-7	-3.082369E-5
1.321000E-7	2.741661E-5
1.321500E-7	5.482381E-5
1.322000E-7	4.625906E-5
1.322500E-7	6.861207E-6
1.323000E-7	-5.823089E-5
1.323500E-7	-1.421654E-4
1.324000E-7	-2.363777E-4
1.324500E-7	-3.305900E-4
1.325000E-7	-4.110986E-4
1.325500E-7	-4.710519E-4
1.326000E-7	-5.001720E-4
1.326500E-7	-4.967461E-4
1.327000E-7	-4.573483E-4
1.327500E-7	-4.025339E-4
1.328000E-7	-3.477195E-4
1.328500E-7	-2.980439E-4
1.329000E-7	-2.569331E-4
1.329500E-7	-2.192482E-4
1.330000E-7	-1.764244E-4
1.330500E-7	-1.353136E-4
1.331000E-7	-1.113323E-4
1.331500E-7	-1.130453E-4
1.332000E-7	-1.301748E-4
1.332500E-7	-1.404525E-4
1.333000E-7	-1.421654E-4
1.333500E-7	-1.627208E-4
1.334000E-7	-2.021187E-4
1.334500E-7	-2.243870E-4
1.335000E-7	-2.141093E-4
1.335500E-7	-1.867021E-4
1.336000E-7	-1.267489E-4
1.336500E-7	-2.911074E-5
1.337000E-7	5.996266E-5
1.337500E-7	1.113512E-4
1.338000E-7	1.524620E-4
1.338500E-7	1.918598E-4
1.339000E-7	2.158411E-4
1.339500E-7	2.312577E-4
1.340000E-7	2.569519E-4
1.340500E-7	2.929239E-4
1.341000E-7	3.357476E-4
1.341500E-7	3.734325E-4
1.342000E-7	3.837102E-4
1.342500E-7	3.751455E-4
1.343000E-7	3.545901E-4
1.343500E-7	3.323217E-4
1.344000E-7	3.032016E-4
1.344500E-7	2.946368E-4
1.345000E-7	2.997757E-4
1.345500E-7	2.877850E-4
1.346000E-7	2.518131E-4
1.346500E-7	2.124152E-4
1.347000E-7	1.730174E-4
1.347500E-7	1.267677E-4
1.348000E-7	9.593461E-5
1.348500E-7	9.764756E-5
1.349000E-7	1.164900E-4
1.349500E-7	1.336195E-4
1.350000E-7	1.524620E-4
1.350500E-7	1.713044E-4
1.351000E-7	1.610267E-4
1.351500E-7	1.336195E-4
1.352000E-7	1.044994E-4
1.352500E-7	7.366626E-5
1.353000E-7	2.570366E-5
1.353500E-7	-3.253664E-5
1.354000E-7	-9.248990E-5
1.354500E-7	-1.575820E-4
1.355000E-7	-2.004057E-4
1.355500E-7	-2.072575E-4
1.356000E-7	-2.055446E-4
1.356500E-7	-1.969798E-4
1.357000E-7	-1.558690E-4
1.357500E-7	-8.563810E-5
1.358000E-7	-1.712009E-5
1.358500E-7	2.570366E-5
1.359000E-7	4.625906E-5
1.359500E-7	5.139791E-5
1.360000E-7	2.399071E-5
1.360500E-7	-3.596254E-5
1.361000E-7	-1.113323E-4
1.361500E-7	-1.781374E-4
1.362000E-7	-2.363777E-4
1.362500E-7	-2.946180E-4
1.363000E-7	-3.391547E-4
1.363500E-7	-3.717008E-4
1.364000E-7	-3.785526E-4
1.364500E-7	-3.425806E-4
1.365000E-7	-2.620720E-4
1.365500E-7	-1.661467E-4
1.366000E-7	-5.994384E-5
1.366500E-7	6.167561E-5
1.367000E-7	1.815821E-4
1.367500E-7	2.912109E-4
1.368000E-7	3.837102E-4
1.368500E-7	4.573671E-4
1.369000E-7	5.087556E-4
1.369500E-7	5.293110E-4
1.370000E-7	5.156074E-4
1.370500E-7	4.916261E-4
1.371000E-7	4.607930E-4
1.371500E-7	4.196822E-4
1.372000E-7	3.717196E-4
1.372500E-7	3.374606E-4
1.373000E-7	3.032016E-4
1.373500E-7	2.586649E-4
1.374000E-7	2.295447E-4
1.374500E-7	2.261188E-4
1.375000E-7	2.226929E-4
1.375500E-7	2.089893E-4
1.376000E-7	1.935728E-4
1.376500E-7	1.730174E-4
1.377000E-7	1.558879E-4
1.377500E-7	1.644526E-4
1.378000E-7	1.952857E-4
1.378500E-7	2.312577E-4
1.379000E-7	2.723685E-4
1.379500E-7	3.169052E-4
1.380000E-7	3.511642E-4
1.380500E-7	3.734325E-4
1.381000E-7	3.871361E-4
1.381500E-7	3.974138E-4
1.382000E-7	3.957009E-4
1.382500E-7	3.854232E-4
1.383000E-7	3.580160E-4
1.383500E-7	3.169052E-4
1.384000E-7	2.655167E-4
1.384500E-7	2.021375E-4
1.385000E-7	1.267677E-4
1.385500E-7	6.167561E-5
1.386000E-7	2.056481E-5
1.386500E-7	-1.369419E-5
1.387000E-7	-4.452729E-5
1.387500E-7	-5.994384E-5
1.388000E-7	-4.795319E-5
1.388500E-7	-2.568484E-5
1.389000E-7	-1.198124E-5
1.389500E-7	1.028711E-5
1.390000E-7	3.255546E-5
1.390500E-7	4.283316E-5
1.391000E-7	4.968496E-5
1.391500E-7	6.852741E-5
1.392000E-7	8.565691E-5
1.392500E-7	8.394396E-5
1.393000E-7	7.195331E-5
1.393500E-7	4.797201E-5
1.394000E-7	9.406904E-9
1.394500E-7	-6.165679E-5
1.395000E-7	-1.096194E-4
1.395500E-7	-1.541561E-4
1.396000E-7	-2.004057E-4
1.396500E-7	-2.415166E-4
1.397000E-7	-2.672108E-4
1.397500E-7	-2.723497E-4
1.398000E-7	-2.517943E-4
1.398500E-7	-2.089705E-4
1.399000E-7	-1.592949E-4
1.399500E-7	-1.061935E-4
1.400000E-7	-5.823089E-5
1.400500E-7	-1.369419E-5
1.401000E-7	3.255546E-5
1.401500E-7	7.709216E-5
1.402000E-7	1.147771E-4
1.402500E-7	1.319066E-4
1.403000E-7	1.216289E-4
1.403500E-7	7.195331E-5
1.404000E-7	9.406904E-9
1.404500E-7	-8.906400E-5
1.405000E-7	-1.884151E-4
1.405500E-7	-2.894792E-4
1.406000E-7	-3.785526E-4
1.406500E-7	-4.539224E-4
1.407000E-7	-5.241533E-4
1.407500E-7	-5.755418E-4
1.408000E-7	-5.875325E-4
1.408500E-7	-5.566994E-4
1.409000E-7	-4.967461E-4
1.409500E-7	-4.282281E-4
1.410000E-7	-3.494324E-4
1.410500E-7	-2.689238E-4
1.411000E-7	-2.106834E-4
1.411500E-7	-1.729985E-4
1.412000E-7	-1.284618E-4
1.412500E-7	-6.679565E-5
1.413000E-7	-1.369419E-5
1.413500E-7	2.570366E-5
1.414000E-7	6.338856E-5
1.414500E-7	9.764756E-5
1.415000E-7	1.250548E-4
1.415500E-7	1.490361E-4
1.416000E-7	1.747303E-4
1.416500E-7	1.918598E-4
1.417000E-7	1.987116E-4
1.417500E-7	1.987116E-4
1.418000E-7	1.832951E-4
1.418500E-7	1.507490E-4
1.419000E-7	1.113512E-4
1.419500E-7	7.024036E-5
1.420000E-7	3.084251E-5
1.420500E-7	9.406904E-9
1.421000E-7	-5.129443E-6
1.421500E-7	1.028711E-5
1.422000E-7	2.227776E-5
1.422500E-7	2.570366E-5
1.423000E-7	2.912956E-5
1.423500E-7	3.255546E-5
1.424000E-7	3.255546E-5
1.424500E-7	3.940726E-5
1.425000E-7	5.824971E-5
1.425500E-7	8.051806E-5
1.426000E-7	1.130641E-4
1.426500E-7	1.438972E-4
1.427000E-7	1.507490E-4
1.427500E-7	1.421843E-4
1.428000E-7	1.387584E-4
1.428500E-7	1.353325E-4
1.429000E-7	1.044994E-4
1.429500E-7	5.996266E-5
1.430000E-7	2.056481E-5
1.430500E-7	-3.082369E-5
1.431000E-7	-1.147582E-4
1.431500E-7	-2.089705E-4
1.432000E-7	-2.809144E-4
1.432500E-7	-3.357288E-4
1.433000E-7	-3.905432E-4
1.433500E-7	-4.282281E-4
1.434000E-7	-4.213763E-4
1.434500E-7	-3.699878E-4
1.435000E-7	-2.963310E-4
1.435500E-7	-2.123964E-4
1.436000E-7	-1.250359E-4
1.436500E-7	-4.110139E-5
1.437000E-7	3.255546E-5
1.437500E-7	1.062123E-4
1.438000E-7	1.815821E-4
1.438500E-7	2.518131E-4
1.439000E-7	3.186181E-4
1.439500E-7	3.665807E-4
1.440000E-7	3.768584E-4
1.440500E-7	3.494512E-4
1.441000E-7	3.083404E-4
1.441500E-7	2.655167E-4
1.442000E-7	2.226929E-4
1.442500E-7	1.918598E-4
1.443000E-7	1.695915E-4
1.443500E-7	1.421843E-4
1.444000E-7	1.044994E-4
1.444500E-7	5.653676E-5
1.445000E-7	1.028711E-5
1.445500E-7	-3.938844E-5
1.446000E-7	-9.420285E-5
1.446500E-7	-1.644338E-4
1.447000E-7	-2.535072E-4
1.447500E-7	-3.494324E-4
1.448000E-7	-4.419317E-4
1.448500E-7	-5.258663E-4
1.449000E-7	-5.943843E-4
1.449500E-7	-6.337821E-4
1.450000E-7	-6.252174E-4
1.450500E-7	-5.755418E-4
1.451000E-7	-5.035979E-4
1.451500E-7	-3.922562E-4
1.452000E-7	-2.466554E-4
1.452500E-7	-9.934170E-5
1.453000E-7	3.255546E-5
1.453500E-7	1.507490E-4
1.454000E-7	2.363965E-4
1.454500E-7	2.672296E-4
1.455000E-7	2.466742E-4
1.455500E-7	1.815821E-4
1.456000E-7	6.167561E-5
1.456500E-7	-8.392515E-5
1.457000E-7	-2.192482E-4
1.457500E-7	-3.374418E-4
1.458000E-7	-4.367929E-4
1.458500E-7	-5.053109E-4
1.459000E-7	-5.464217E-4
1.459500E-7	-5.686900E-4
1.460000E-7	-5.584123E-4
1.460500E-7	-5.070238E-4
1.461000E-7	-4.367929E-4
1.461500E-7	-3.460065E-4
1.462000E-7	-2.432295E-4
1.462500E-7	-1.661467E-4
1.463000E-7	-1.318877E-4
1.463500E-7	-1.147582E-4
1.464000E-7	-1.164712E-4
1.464500E-7	-1.507302E-4
1.465000E-7	-2.055446E-4
1.465500E-7	-2.569331E-4
1.466000E-7	-3.066087E-4
1.466500E-7	-3.528583E-4
1.467000E-7	-3.836914E-4
1.467500E-7	-3.956821E-4
1.468000E-7	-3.785526E-4
1.468500E-7	-3.237382E-4
1.469000E-7	-2.415166E-4
1.469500E-7	-1.473043E-4
1.470000E-7	-5.137909E-5
1.470500E-7	2.570366E-5
1.471000E-7	5.482381E-5
1.471500E-7	5.311086E-5
1.472000E-7	4.797201E-5
1.472500E-7	4.283316E-5
1.473000E-7	1.885186E-5
1.473500E-7	-1.026829E-5
1.474000E-7	-2.054599E-5
1.474500E-7	-2.911074E-5
1.475000E-7	-5.480499E-5
1.475500E-7	-7.536040E-5
1.476000E-7	-8.049925E-5
1.476500E-7	-9.420285E-5
1.477000E-7	-1.164712E-4
1.477500E-7	-1.198971E-4
1.478000E-7	-1.027676E-4
1.478500E-7	-8.563810E-5
1.479000E-7	-7.364745E-5
1.479500E-7	-5.994384E-5
1.480000E-7	-5.137909E-5
1.480500E-7	-5.309204E-5
1.481000E-7	-6.508270E-5
1.481500E-7	-7.193450E-5
1.482000E-7	-7.022155E-5
1.482500E-7	-5.823089E-5
1.483000E-7	-5.480499E-5
1.483500E-7	-6.850860E-5
1.484000E-7	-9.248990E-5
1.484500E-7	-1.181841E-4
1.485000E-7	-1.438784E-4
1.485500E-7	-1.695726E-4
1.486000E-7	-1.815633E-4
1.486500E-7	-1.764244E-4
1.487000E-7	-1.541561E-4
1.487500E-7	-1.027676E-4
1.488000E-7	-2.739779E-5
1.488500E-7	3.769431E-5
1.489000E-7	7.024036E-5
1.489500E-7	7.024036E-5
1.490000E-7	5.139791E-5
1.490500E-7	2.056481E-5
1.491000E-7	-1.712009E-5
1.491500E-7	-7.193450E-5
1.492000E-7	-1.370266E-4
1.492500E-7	-1.952669E-4
1.493000E-7	-2.261000E-4
1.493500E-7	-2.363777E-4
1.494000E-7	-2.278130E-4
1.494500E-7	-2.004057E-4
1.495000E-7	-1.729985E-4
1.495500E-7	-1.678597E-4
1.496000E-7	-1.747115E-4
1.496500E-7	-1.781374E-4
1.497000E-7	-1.729985E-4
1.497500E-7	-1.695726E-4
1.498000E-7	-1.764244E-4
1.498500E-7	-1.849892E-4
1.499000E-7	-1.884151E-4
1.499500E-7	-1.867021E-4
1.500000E-7	-1.918410E-4
1.500500E-7	-2.072575E-4
1.501000E-7	-2.226741E-4
1.501500E-7	-2.398036E-4
1.502000E-7	-2.620720E-4
1.502500E-7	-3.048957E-4
1.503000E-7	-3.802655E-4
1.503500E-7	-4.693389E-4
1.504000E-7	-5.447087E-4
1.504500E-7	-6.115138E-4
1.505000E-7	-6.766059E-4
1.505500E-7	-7.108649E-4
1.506000E-7	-6.971613E-4
1.506500E-7	-6.629023E-4
1.507000E-7	-6.252174E-4
1.507500E-7	-5.566994E-4
1.508000E-7	-4.573483E-4
1.508500E-7	-3.442936E-4
1.509000E-7	-2.380907E-4
1.509500E-7	-1.421654E-4
1.510000E-7	-6.508270E-5
1.510500E-7	-1.198124E-5
1.511000E-7	2.399071E-5
1.511500E-7	3.769431E-5
1.512000E-7	3.426841E-5
1.512500E-7	2.570366E-5
1.513000E-7	2.227776E-5
1.513500E-7	5.148257E-6
1.514000E-7	-3.596254E-5
1.514500E-7	-1.079064E-4
1.515000E-7	-1.884151E-4
1.515500E-7	-2.620720E-4
1.516000E-7	-3.323029E-4
1.516500E-7	-3.939691E-4
1.517000E-7	-4.299411E-4
1.517500E-7	-4.367929E-4
1.518000E-7	-4.265152E-4
1.518500E-7	-3.973950E-4
1.519000E-7	-3.323029E-4
1.519500E-7	-2.261000E-4
1.520000E-7	-1.147582E-4
1.520500E-7	-2.739779E-5
1.521000E-7	4.112021E-5
1.521500E-7	1.096382E-4
1.522000E-7	1.764433E-4
1.522500E-7	2.226929E-4
1.523000E-7	2.312577E-4
1.523500E-7	2.141282E-4
1.524000E-7	1.935728E-4
1.524500E-7	1.661656E-4
1.525000E-7	1.319066E-4
1.525500E-7	9.936051E-5
1.526000E-7	7.880511E-5
1.526500E-7	5.311086E-5
1.527000E-7	3.084251E-5
1.527500E-7	3.084251E-5
1.528000E-7	4.283316E-5
1.528500E-7	4.454611E-5
1.529000E-7	4.625906E-5
1.529500E-7	4.283316E-5
1.530000E-7	1.542596E-5
1.530500E-7	-2.739779E-5
1.531000E-7	-6.165679E-5
1.531500E-7	-1.010546E-4
1.532000E-7	-1.729985E-4
1.532500E-7	-2.757756E-4
1.533000E-7	-3.871173E-4
1.533500E-7	-5.001720E-4
1.534000E-7	-6.183656E-4
1.534500E-7	-7.262814E-4
1.535000E-7	-8.102160E-4
1.535500E-7	-8.787340E-4
1.536000E-7	-9.249836E-4
1.536500E-7	-9.369743E-4
1.537000E-7	-9.129930E-4
1.537500E-7	-8.684563E-4
1.538000E-7	-8.136419E-4
1.538500E-7	-7.502627E-4
1.539000E-7	-6.903095E-4
1.539500E-7	-6.389210E-4
1.540000E-7	-5.960972E-4
1.540500E-7	-5.652641E-4
1.541000E-7	-5.549864E-4
1.541500E-7	-5.601253E-4
1.542000E-7	-5.601253E-4
1.542500E-7	-5.515605E-4
1.543000E-7	-5.310051E-4
1.543500E-7	-4.984591E-4
1.544000E-7	-4.470706E-4
1.544500E-7	-3.939691E-4
1.545000E-7	-3.442936E-4
1.545500E-7	-3.014698E-4
1.546000E-7	-2.894792E-4
1.546500E-7	-3.288770E-4
1.547000E-7	-3.991080E-4
1.547500E-7	-4.813296E-4
1.548000E-7	-5.738289E-4
1.548500E-7	-6.714670E-4
1.549000E-7	-7.571145E-4
1.549500E-7	-8.341973E-4
1.550000E-7	-8.890117E-4
1.550500E-7	-9.027153E-4
1.551000E-7	-8.667433E-4
1.551500E-7	-7.982253E-4
1.552000E-7	-7.023001E-4
1.552500E-7	-5.858195E-4
1.553000E-7	-4.744778E-4
1.553500E-7	-3.734137E-4
1.554000E-7	-2.792015E-4
1.554500E-7	-2.209611E-4
1.555000E-7	-1.969798E-4
1.555500E-7	-1.867021E-4
1.556000E-7	-1.884151E-4
1.556500E-7	-2.192482E-4
1.557000E-7	-2.672108E-4
1.557500E-7	-3.185993E-4
1.558000E-7	-3.888303E-4
1.558500E-7	-4.761907E-4
1.559000E-7	-5.498476E-4
1.559500E-7	-6.029490E-4
1.560000E-7	-6.560505E-4
1.560500E-7	-7.125778E-4
1.561000E-7	-7.434109E-4
1.561500E-7	-7.399850E-4
1.562000E-7	-7.177167E-4
1.562500E-7	-6.885965E-4
1.563000E-7	-6.594764E-4
1.563500E-7	-6.200785E-4
1.564000E-7	-5.841066E-4
1.564500E-7	-5.738289E-4
1.565000E-7	-5.823936E-4
1.565500E-7	-5.892454E-4
1.566000E-7	-5.909584E-4
1.566500E-7	-5.960972E-4
1.567000E-7	-5.995231E-4
1.567500E-7	-6.046620E-4
1.568000E-7	-6.046620E-4
1.568500E-7	-5.926713E-4
1.569000E-7	-5.652641E-4
1.569500E-7	-5.292922E-4
1.570000E-7	-4.813296E-4
1.570500E-7	-4.248022E-4
1.571000E-7	-3.785526E-4
1.571500E-7	-3.391547E-4
1.572000E-7	-3.048957E-4
1.572500E-7	-2.877662E-4
1.573000E-7	-2.946180E-4
1.573500E-7	-3.203123E-4
1.574000E-7	-3.597101E-4
1.574500E-7	-4.076727E-4
1.575000E-7	-4.504965E-4
1.575500E-7	-4.916073E-4
1.576000E-7	-5.275792E-4
1.576500E-7	-5.429958E-4
1.577000E-7	-5.447087E-4
1.577500E-7	-5.378569E-4
1.578000E-7	-5.070238E-4
1.578500E-7	-4.487835E-4
1.579000E-7	-3.922562E-4
1.579500E-7	-3.391547E-4
1.580000E-7	-2.740626E-4
1.580500E-7	-2.141093E-4
1.581000E-7	-1.815633E-4
1.581500E-7	-1.507302E-4
1.582000E-7	-1.096194E-4
1.582500E-7	-9.934170E-5
1.583000E-7	-1.181841E-4
1.583500E-7	-1.301748E-4
1.584000E-7	-1.404525E-4
1.584500E-7	-1.678597E-4
1.585000E-7	-1.986928E-4
1.585500E-7	-2.226741E-4
1.586000E-7	-2.535072E-4
1.586500E-7	-2.860533E-4
1.587000E-7	-3.134605E-4
1.587500E-7	-3.425806E-4
1.588000E-7	-3.631360E-4
1.588500E-7	-3.631360E-4
1.589000E-7	-3.597101E-4
1.589500E-7	-3.665619E-4
1.590000E-7	-3.768396E-4
1.590500E-7	-3.768396E-4
1.591000E-7	-3.699878E-4
1.591500E-7	-3.734137E-4
1.592000E-7	-3.854044E-4
1.592500E-7	-4.076727E-4
1.593000E-7	-4.333670E-4
1.593500E-7	-4.624871E-4
1.594000E-7	-4.967461E-4
1.594500E-7	-5.361440E-4
1.595000E-7	-5.909584E-4
1.595500E-7	-6.560505E-4
1.596000E-7	-7.040131E-4
1.596500E-7	-7.177167E-4
1.597000E-7	-7.125778E-4
1.597500E-7	-6.903095E-4
1.598000E-7	-6.423469E-4
1.598500E-7	-5.738289E-4
1.599000E-7	-5.053109E-4
1.599500E-7	-4.436447E-4
1.600000E-7	-3.819785E-4
1.600500E-7	-3.203123E-4
1.601000E-7	-2.620720E-4
1.601500E-7	-2.004057E-4
1.602000E-7	-1.575820E-4
1.602500E-7	-1.387395E-4
1.603000E-7	-1.421654E-4
1.603500E-7	-1.678597E-4
1.604000E-7	-2.089705E-4
1.604500E-7	-2.483684E-4
1.605000E-7	-2.774885E-4
1.605500E-7	-3.031828E-4
1.606000E-7	-3.271641E-4
1.606500E-7	-3.442936E-4
1.607000E-7	-3.631360E-4
1.607500E-7	-3.682749E-4
1.608000E-7	-3.357288E-4
1.608500E-7	-2.774885E-4
1.609000E-7	-2.089705E-4
1.609500E-7	-1.198971E-4
1.610000E-7	-3.596254E-5
1.610500E-7	1.885186E-5
1.611000E-7	5.311086E-5
1.611500E-7	8.223101E-5
1.612000E-7	8.908281E-5
1.612500E-7	7.366626E-5
1.613000E-7	5.996266E-5
1.613500E-7	4.625906E-5
1.614000E-7	1.885186E-5
1.614500E-7	-2.225894E-5
1.615000E-7	-6.850860E-5
1.615500E-7	-1.284618E-4
1.616000E-7	-1.798503E-4
1.616500E-7	-2.038316E-4
1.617000E-7	-2.123964E-4
1.617500E-7	-2.243870E-4
1.618000E-7	-2.552202E-4
1.618500E-7	-3.014698E-4
1.619000E-7	-3.511454E-4
1.619500E-7	-4.093857E-4
1.620000E-7	-4.727648E-4
1.620500E-7	-5.155886E-4
1.621000E-7	-5.258663E-4
1.621500E-7	-5.173015E-4
1.622000E-7	-4.830425E-4
1.622500E-7	-4.110986E-4
1.623000E-7	-3.203123E-4
1.623500E-7	-2.415166E-4
1.624000E-7	-1.815633E-4
1.624500E-7	-1.541561E-4
1.625000E-7	-1.729985E-4
1.625500E-7	-2.398036E-4
1.626000E-7	-3.271641E-4
1.626500E-7	-4.436447E-4
1.627000E-7	-5.960972E-4
1.627500E-7	-7.691052E-4
1.628000E-7	-9.421131E-4
1.628500E-7	-1.099705E-3
1.629000E-7	-1.217898E-3
1.629500E-7	-1.272712E-3
1.630000E-7	-1.260722E-3
1.630500E-7	-1.190491E-3
1.631000E-7	-1.072297E-3
1.631500E-7	-9.438261E-4
1.632000E-7	-8.239196E-4
1.632500E-7	-7.040131E-4
1.633000E-7	-5.995231E-4
1.633500E-7	-5.378569E-4
1.634000E-7	-5.053109E-4
1.634500E-7	-4.881814E-4
1.635000E-7	-5.018850E-4
1.635500E-7	-5.498476E-4
1.636000E-7	-5.995231E-4
1.636500E-7	-6.235044E-4
1.637000E-7	-6.269303E-4
1.637500E-7	-6.235044E-4
1.638000E-7	-6.183656E-4
1.638500E-7	-6.029490E-4
1.639000E-7	-5.755418E-4
1.639500E-7	-5.669771E-4
1.640000E-7	-5.875325E-4
1.640500E-7	-6.115138E-4
1.641000E-7	-6.303562E-4
1.641500E-7	-6.646152E-4
1.642000E-7	-7.091519E-4
1.642500E-7	-7.434109E-4
1.643000E-7	-7.691052E-4
1.643500E-7	-7.879476E-4
1.644000E-7	-7.896606E-4
1.644500E-7	-7.605404E-4
1.645000E-7	-6.937354E-4
1.645500E-7	-5.909584E-4
1.646000E-7	-4.693389E-4
1.646500E-7	-3.391547E-4
1.647000E-7	-2.106834E-4
1.647500E-7	-1.061935E-4
1.648000E-7	-3.596254E-5
1.648500E-7	1.722357E-6
1.649000E-7	1.028711E-5
1.649500E-7	-1.712009E-5
1.650000E-7	-7.364745E-5
1.650500E-7	-1.592949E-4
1.651000E-7	-2.757756E-4
1.651500E-7	-4.128116E-4
1.652000E-7	-5.532735E-4
1.652500E-7	-6.783188E-4
1.653000E-7	-7.896606E-4
1.653500E-7	-8.701692E-4
1.654000E-7	-9.284095E-4
1.654500E-7	-9.780851E-4
1.655000E-7	-1.015770E-3
1.655500E-7	-1.024335E-3
1.656000E-7	-1.026048E-3
1.656500E-7	-1.017483E-3
1.657000E-7	-9.900757E-4
1.657500E-7	-9.335484E-4
1.658000E-7	-8.633174E-4
1.658500E-7	-7.862347E-4
1.659000E-7	-7.074390E-4
1.659500E-7	-6.406339E-4
1.660000E-7	-5.892454E-4
1.660500E-7	-5.481346E-4
1.661000E-7	-4.967461E-4
1.661500E-7	-4.367929E-4
1.662000E-7	-3.939691E-4
1.662500E-7	-3.888303E-4
1.663000E-7	-3.922562E-4
1.663500E-7	-3.768396E-4
1.664000E-7	-3.545713E-4
1.664500E-7	-3.305900E-4
1.665000E-7	-3.117475E-4
1.665500E-7	-3.031828E-4
1.666000E-7	-2.997569E-4
1.666500E-7	-2.826274E-4
1.667000E-7	-2.586461E-4
1.667500E-7	-2.432295E-4
1.668000E-7	-2.175352E-4
1.668500E-7	-1.849892E-4
1.669000E-7	-1.798503E-4
1.669500E-7	-1.832762E-4
1.670000E-7	-1.661467E-4
1.670500E-7	-1.558690E-4
1.671000E-7	-1.729985E-4
1.671500E-7	-1.918410E-4
1.672000E-7	-2.055446E-4
1.672500E-7	-2.346648E-4
1.673000E-7	-2.740626E-4
1.673500E-7	-3.014698E-4
1.674000E-7	-3.168864E-4
1.674500E-7	-3.340159E-4
1.675000E-7	-3.408677E-4
1.675500E-7	-3.477195E-4
1.676000E-7	-3.682749E-4
1.676500E-7	-3.956821E-4
1.677000E-7	-4.248022E-4
1.677500E-7	-4.710519E-4
1.678000E-7	-5.412828E-4
1.678500E-7	-6.149397E-4
1.679000E-7	-6.646152E-4
1.679500E-7	-6.937354E-4
1.680000E-7	-7.211426E-4
1.680500E-7	-7.348462E-4
1.681000E-7	-7.297073E-4
1.681500E-7	-6.971613E-4
1.682000E-7	-6.457728E-4
1.682500E-7	-5.704030E-4
1.683000E-7	-4.847555E-4
1.683500E-7	-4.025339E-4
1.684000E-7	-3.168864E-4
1.684500E-7	-2.295259E-4
1.685000E-7	-1.541561E-4
1.685500E-7	-1.147582E-4
1.686000E-7	-9.762875E-5
1.686500E-7	-9.420285E-5
1.687000E-7	-1.027676E-4
1.687500E-7	-1.318877E-4
1.688000E-7	-1.695726E-4
1.688500E-7	-2.158223E-4
1.689000E-7	-2.774885E-4
1.689500E-7	-3.528583E-4
1.690000E-7	-4.402188E-4
1.690500E-7	-5.275792E-4
1.691000E-7	-6.098008E-4
1.691500E-7	-6.988742E-4
1.692000E-7	-8.033642E-4
1.692500E-7	-8.958635E-4
1.693000E-7	-9.506779E-4
1.693500E-7	-9.849369E-4
1.694000E-7	-1.002066E-3
1.694500E-7	-9.917887E-4
1.695000E-7	-9.558167E-4
1.695500E-7	-9.044282E-4
1.696000E-7	-8.444750E-4
1.696500E-7	-7.759570E-4
1.697000E-7	-7.057260E-4
1.697500E-7	-6.406339E-4
1.698000E-7	-5.823936E-4
1.698500E-7	-5.258663E-4
1.699000E-7	-4.779037E-4
1.699500E-7	-4.419317E-4
1.700000E-7	-4.162375E-4
1.700500E-7	-4.042468E-4
1.701000E-7	-3.991080E-4
1.701500E-7	-3.973950E-4
1.702000E-7	-3.836914E-4
1.702500E-7	-3.631360E-4
1.703000E-7	-3.391547E-4
1.703500E-7	-3.168864E-4
1.704000E-7	-2.980439E-4
1.704500E-7	-2.894792E-4
1.705000E-7	-2.963310E-4
1.705500E-7	-3.220252E-4
1.706000E-7	-3.494324E-4
1.706500E-7	-3.665619E-4
1.707000E-7	-3.973950E-4
1.707500E-7	-4.522094E-4
1.708000E-7	-5.035979E-4
1.708500E-7	-5.481346E-4
1.709000E-7	-5.875325E-4
1.709500E-7	-6.063749E-4
1.710000E-7	-5.960972E-4
1.710500E-7	-5.841066E-4
1.711000E-7	-5.789677E-4
1.711500E-7	-5.806807E-4
1.712000E-7	-5.841066E-4
1.712500E-7	-5.841066E-4
1.713000E-7	-5.738289E-4
1.713500E-7	-5.464217E-4
1.714000E-7	-5.121627E-4
1.714500E-7	-4.864684E-4
1.715000E-7	-4.761907E-4
1.715500E-7	-4.779037E-4
1.716000E-7	-4.727648E-4
1.716500E-7	-4.539224E-4
1.717000E-7	-4.248022E-4
1.717500E-7	-4.042468E-4
1.718000E-7	-3.973950E-4
1.718500E-7	-3.956821E-4
1.719000E-7	-3.991080E-4
1.719500E-7	-4.093857E-4
1.720000E-7	-4.230893E-4
1.720500E-7	-4.333670E-4
1.721000E-7	-4.453576E-4
1.721500E-7	-4.539224E-4
1.722000E-7	-4.624871E-4
1.722500E-7	-4.659130E-4
1.723000E-7	-4.659130E-4
1.723500E-7	-4.693389E-4
1.724000E-7	-4.761907E-4
1.724500E-7	-4.813296E-4
1.725000E-7	-4.522094E-4
1.725500E-7	-4.110986E-4
1.726000E-7	-3.871173E-4
1.726500E-7	-3.751267E-4
1.727000E-7	-3.460065E-4
1.727500E-7	-3.100346E-4
1.728000E-7	-2.877662E-4
1.728500E-7	-2.792015E-4
1.729000E-7	-2.757756E-4
1.729500E-7	-2.774885E-4
1.730000E-7	-2.894792E-4
1.730500E-7	-2.980439E-4
1.731000E-7	-3.134605E-4
1.731500E-7	-3.511454E-4
1.732000E-7	-4.076727E-4
1.732500E-7	-4.659130E-4
1.733000E-7	-5.155886E-4
1.733500E-7	-5.721159E-4
1.734000E-7	-6.389210E-4
1.734500E-7	-6.954483E-4
1.735000E-7	-7.348462E-4
1.735500E-7	-7.451239E-4
1.736000E-7	-7.416980E-4
1.736500E-7	-7.348462E-4
1.737000E-7	-7.057260E-4
1.737500E-7	-6.337821E-4
1.738000E-7	-5.310051E-4
1.738500E-7	-4.316540E-4
1.739000E-7	-3.494324E-4
1.739500E-7	-2.877662E-4
1.740000E-7	-2.483684E-4
1.740500E-7	-2.038316E-4
1.741000E-7	-1.558690E-4
1.741500E-7	-1.216100E-4
1.742000E-7	-1.061935E-4
1.742500E-7	-9.248990E-5
1.743000E-7	-8.906400E-5
1.743500E-7	-9.762875E-5
1.744000E-7	-1.061935E-4
1.744500E-7	-1.284618E-4
1.745000E-7	-1.678597E-4
1.745500E-7	-2.021187E-4
1.746000E-7	-2.209611E-4
1.746500E-7	-2.243870E-4
1.747000E-7	-2.106834E-4
1.747500E-7	-1.901280E-4
1.748000E-7	-1.712856E-4
1.748500E-7	-1.404525E-4
1.749000E-7	-9.591580E-5
1.749500E-7	-7.022155E-5
1.750000E-7	-7.707335E-5
1.750500E-7	-9.762875E-5
1.751000E-7	-1.164712E-4
1.751500E-7	-1.301748E-4
1.752000E-7	-1.404525E-4
1.752500E-7	-1.524431E-4
1.753000E-7	-1.627208E-4
1.753500E-7	-1.729985E-4
1.754000E-7	-1.867021E-4
1.754500E-7	-2.021187E-4
1.755000E-7	-2.123964E-4
1.755500E-7	-2.380907E-4
1.756000E-7	-2.809144E-4
1.756500E-7	-3.220252E-4
1.757000E-7	-3.785526E-4
1.757500E-7	-4.676260E-4
1.758000E-7	-5.686900E-4
1.758500E-7	-6.543375E-4
1.759000E-7	-7.245685E-4
1.759500E-7	-7.879476E-4
1.760000E-7	-8.530397E-4
1.760500E-7	-8.941505E-4
1.761000E-7	-9.010023E-4
1.761500E-7	-8.770210E-4
1.762000E-7	-8.376232E-4
1.762500E-7	-7.828088E-4
1.763000E-7	-7.040131E-4
1.763500E-7	-6.200785E-4
1.764000E-7	-5.429958E-4
1.764500E-7	-4.779037E-4
1.765000E-7	-4.145245E-4
1.765500E-7	-3.511454E-4
1.766000E-7	-2.929051E-4
1.766500E-7	-2.415166E-4
1.767000E-7	-2.004057E-4
1.767500E-7	-1.764244E-4
1.768000E-7	-1.867021E-4
1.768500E-7	-2.175352E-4
1.769000E-7	-2.432295E-4
1.769500E-7	-2.552202E-4
1.770000E-7	-2.603590E-4
1.770500E-7	-2.483684E-4
1.771000E-7	-2.226741E-4
1.771500E-7	-2.106834E-4
1.772000E-7	-2.141093E-4
1.772500E-7	-2.192482E-4
1.773000E-7	-2.329518E-4
1.773500E-7	-2.757756E-4
1.774000E-7	-3.323029E-4
1.774500E-7	-3.751267E-4
1.775000E-7	-4.145245E-4
1.775500E-7	-4.624871E-4
1.776000E-7	-5.121627E-4
1.776500E-7	-5.549864E-4
1.777000E-7	-5.823936E-4
1.777500E-7	-5.738289E-4
1.778000E-7	-5.292922E-4
1.778500E-7	-4.761907E-4
1.779000E-7	-4.230893E-4
1.779500E-7	-3.734137E-4
1.780000E-7	-3.357288E-4
1.780500E-7	-3.151734E-4
1.781000E-7	-3.134605E-4
1.781500E-7	-3.305900E-4
1.782000E-7	-3.751267E-4
1.782500E-7	-4.282281E-4
1.783000E-7	-4.830425E-4
1.783500E-7	-5.310051E-4
1.784000E-7	-5.566994E-4
1.784500E-7	-5.464217E-4
1.785000E-7	-5.224404E-4
1.785500E-7	-4.950332E-4
1.786000E-7	-4.470706E-4
1.786500E-7	-3.802655E-4
1.787000E-7	-3.134605E-4
1.787500E-7	-2.449425E-4
1.788000E-7	-1.986928E-4
1.788500E-7	-1.918410E-4
1.789000E-7	-2.055446E-4
1.789500E-7	-2.295259E-4
1.790000E-7	-2.809144E-4
1.790500E-7	-3.579972E-4
1.791000E-7	-4.299411E-4
1.791500E-7	-4.813296E-4
1.792000E-7	-5.224404E-4
1.792500E-7	-5.532735E-4
1.793000E-7	-5.738289E-4
1.793500E-7	-5.943843E-4
1.794000E-7	-6.235044E-4
1.794500E-7	-6.594764E-4
1.795000E-7	-6.988742E-4
1.795500E-7	-7.434109E-4
1.796000E-7	-7.947994E-4
1.796500E-7	-8.479009E-4
1.797000E-7	-8.958635E-4
1.797500E-7	-9.335484E-4
1.798000E-7	-9.558167E-4
1.798500E-7	-9.558167E-4
1.799000E-7	-9.335484E-4
1.799500E-7	-8.821599E-4
1.800000E-7	-8.050771E-4
1.800500E-7	-7.177167E-4
1.801000E-7	-6.337821E-4
1.801500E-7	-5.601253E-4
1.802000E-7	-4.967461E-4
1.802500E-7	-4.590612E-4
1.803000E-7	-4.470706E-4
1.803500E-7	-4.590612E-4
1.804000E-7	-4.933202E-4
1.804500E-7	-5.498476E-4
1.805000E-7	-6.235044E-4
1.805500E-7	-6.971613E-4
1.806000E-7	-7.673922E-4
1.806500E-7	-8.307714E-4
1.807000E-7	-8.753081E-4
1.807500E-7	-8.975764E-4
1.808000E-7	-9.027153E-4
1.808500E-7	-8.941505E-4
1.809000E-7	-8.684563E-4
1.809500E-7	-8.290584E-4
1.810000E-7	-7.828088E-4
1.810500E-7	-7.365591E-4
1.811000E-7	-6.714670E-4
1.811500E-7	-6.012361E-4
1.812000E-7	-5.549864E-4
1.812500E-7	-5.327181E-4
1.813000E-7	-5.241533E-4
1.813500E-7	-5.447087E-4
1.814000E-7	-5.926713E-4
1.814500E-7	-6.337821E-4
1.815000E-7	-6.577634E-4
1.815500E-7	-6.731800E-4
1.816000E-7	-6.748929E-4
1.816500E-7	-6.697541E-4
1.817000E-7	-6.868836E-4
1.817500E-7	-7.262814E-4
1.818000E-7	-7.571145E-4
1.818500E-7	-7.742440E-4
1.819000E-7	-7.896606E-4
1.819500E-7	-7.947994E-4
1.820000E-7	-7.725311E-4
1.820500E-7	-7.194296E-4
1.821000E-7	-6.423469E-4
1.821500E-7	-5.584123E-4
1.822000E-7	-4.744778E-4
1.822500E-7	-3.939691E-4
1.823000E-7	-3.185993E-4
1.823500E-7	-2.552202E-4
1.824000E-7	-1.986928E-4
1.824500E-7	-1.438784E-4
1.825000E-7	-1.164712E-4
1.825500E-7	-1.318877E-4
1.826000E-7	-1.661467E-4
1.826500E-7	-2.278130E-4
1.827000E-7	-3.340159E-4
1.827500E-7	-4.624871E-4
1.828000E-7	-5.841066E-4
1.828500E-7	-7.142908E-4
1.829000E-7	-8.667433E-4
1.829500E-7	-1.012344E-3
1.830000E-7	-1.133964E-3
1.830500E-7	-1.236741E-3
1.831000E-7	-1.310397E-3
1.831500E-7	-1.336092E-3
1.832000E-7	-1.300120E-3
1.832500E-7	-1.209333E-3
1.833000E-7	-1.080862E-3
1.833500E-7	-9.386872E-4
1.834000E-7	-7.879476E-4
1.834500E-7	-6.337821E-4
1.835000E-7	-4.950332E-4
1.835500E-7	-3.836914E-4
1.836000E-7	-2.946180E-4
1.836500E-7	-2.466554E-4
1.837000E-7	-2.466554E-4
1.837500E-7	-2.637849E-4
1.838000E-7	-2.637849E-4
1.838500E-7	-2.774885E-4
1.839000E-7	-3.151734E-4
1.839500E-7	-3.528583E-4
1.840000E-7	-3.717008E-4
1.840500E-7	-3.973950E-4
1.841000E-7	-4.316540E-4
1.841500E-7	-4.504965E-4
1.842000E-7	-4.385058E-4
1.842500E-7	-3.939691E-4
1.843000E-7	-3.168864E-4
1.843500E-7	-2.261000E-4
1.844000E-7	-1.370266E-4
1.844500E-7	-5.309204E-5
1.845000E-7	1.028711E-5
1.845500E-7	3.769431E-5
1.846000E-7	4.797201E-5
1.846500E-7	5.139791E-5
1.847000E-7	1.713891E-5
1.847500E-7	-5.823089E-5
1.848000E-7	-1.592949E-4
1.848500E-7	-2.826274E-4
1.849000E-7	-4.265152E-4
1.849500E-7	-5.669771E-4
1.850000E-7	-6.920224E-4
1.850500E-7	-8.050771E-4
1.851000E-7	-8.872987E-4
1.851500E-7	-9.044282E-4
1.852000E-7	-8.598915E-4
1.852500E-7	-7.793829E-4
1.853000E-7	-6.766059E-4
1.853500E-7	-5.704030E-4
1.854000E-7	-4.830425E-4
1.854500E-7	-4.196634E-4
1.855000E-7	-3.734137E-4
1.855500E-7	-3.442936E-4
1.856000E-7	-3.494324E-4
1.856500E-7	-3.871173E-4
1.857000E-7	-4.385058E-4
1.857500E-7	-4.933202E-4
1.858000E-7	-5.498476E-4
1.858500E-7	-5.909584E-4
1.859000E-7	-5.978102E-4
1.859500E-7	-5.841066E-4
1.860000E-7	-5.549864E-4
1.860500E-7	-5.018850E-4
1.861000E-7	-4.367929E-4
1.861500E-7	-3.751267E-4
1.862000E-7	-3.254511E-4
1.862500E-7	-2.963310E-4
1.863000E-7	-3.014698E-4
1.863500E-7	-3.425806E-4
1.864000E-7	-4.162375E-4
1.864500E-7	-5.018850E-4
1.865000E-7	-5.875325E-4
1.865500E-7	-6.629023E-4
1.866000E-7	-7.314203E-4
1.866500E-7	-7.828088E-4
1.867000E-7	-8.102160E-4
1.867500E-7	-8.153548E-4
1.868000E-7	-7.999383E-4
1.868500E-7	-7.656793E-4
1.869000E-7	-7.348462E-4
1.869500E-7	-7.245685E-4
1.870000E-7	-7.348462E-4
1.870500E-7	-7.622534E-4
1.871000E-7	-8.136419E-4
1.871500E-7	-8.770210E-4
1.872000E-7	-9.352613E-4
1.872500E-7	-9.797980E-4
1.873000E-7	-1.015770E-3
1.873500E-7	-1.048316E-3
1.874000E-7	-1.063733E-3
1.874500E-7	-1.051742E-3
1.875000E-7	-1.019196E-3
1.875500E-7	-9.780851E-4
1.876000E-7	-9.198448E-4
1.876500E-7	-8.410491E-4
1.877000E-7	-7.605404E-4
1.877500E-7	-6.903095E-4
1.878000E-7	-6.200785E-4
1.878500E-7	-5.447087E-4
1.879000E-7	-4.813296E-4
1.879500E-7	-4.419317E-4
1.880000E-7	-4.367929E-4
1.880500E-7	-4.556353E-4
1.881000E-7	-4.898943E-4
1.881500E-7	-5.292922E-4
1.882000E-7	-5.669771E-4
1.882500E-7	-5.995231E-4
1.883000E-7	-6.320692E-4
1.883500E-7	-6.663282E-4
1.884000E-7	-6.937354E-4
1.884500E-7	-6.954483E-4
1.885000E-7	-6.748929E-4
1.885500E-7	-6.491987E-4
1.886000E-7	-6.252174E-4
1.886500E-7	-5.926713E-4
1.887000E-7	-5.532735E-4
1.887500E-7	-5.241533E-4
1.888000E-7	-5.258663E-4
1.888500E-7	-5.464217E-4
1.889000E-7	-5.909584E-4
1.889500E-7	-6.611893E-4
1.890000E-7	-7.468368E-4
1.890500E-7	-8.324843E-4
1.891000E-7	-9.078541E-4
1.891500E-7	-9.712333E-4
1.892000E-7	-1.017483E-3
1.892500E-7	-1.038038E-3
1.893000E-7	-1.010631E-3
1.893500E-7	-9.266966E-4
1.894000E-7	-7.965124E-4
1.894500E-7	-6.372080E-4
1.895000E-7	-4.744778E-4
1.895500E-7	-3.305900E-4
1.896000E-7	-2.106834E-4
1.896500E-7	-1.113323E-4
1.897000E-7	-5.651794E-5
1.897500E-7	-5.480499E-5
1.898000E-7	-8.221220E-5
1.898500E-7	-1.284618E-4
1.899000E-7	-2.141093E-4
1.899500E-7	-3.374418E-4
1.900000E-7	-4.727648E-4
1.900500E-7	-6.046620E-4
1.901000E-7	-7.194296E-4
1.901500E-7	-7.999383E-4
1.902000E-7	-8.376232E-4
1.902500E-7	-8.376232E-4
1.903000E-7	-8.067901E-4
1.903500E-7	-7.605404E-4
1.904000E-7	-7.005872E-4
1.904500E-7	-6.286433E-4
1.905000E-7	-5.635512E-4
1.905500E-7	-5.258663E-4
1.906000E-7	-5.035979E-4
1.906500E-7	-4.881814E-4
1.907000E-7	-4.847555E-4
1.907500E-7	-5.018850E-4
1.908000E-7	-5.395699E-4
1.908500E-7	-5.892454E-4
1.909000E-7	-6.320692E-4
1.909500E-7	-6.423469E-4
1.910000E-7	-6.354951E-4
1.910500E-7	-6.252174E-4
1.911000E-7	-6.098008E-4
1.911500E-7	-6.080879E-4
1.912000E-7	-6.286433E-4
1.912500E-7	-6.577634E-4
1.913000E-7	-6.766059E-4
1.913500E-7	-6.988742E-4
1.914000E-7	-7.314203E-4
1.914500E-7	-7.554016E-4
1.915000E-7	-7.588275E-4
1.915500E-7	-7.485498E-4
1.916000E-7	-7.279944E-4
1.916500E-7	-6.903095E-4
1.917000E-7	-6.406339E-4
1.917500E-7	-5.892454E-4
1.918000E-7	-5.190145E-4
1.918500E-7	-4.367929E-4
1.919000E-7	-3.819785E-4
1.919500E-7	-3.648490E-4
1.920000E-7	-3.699878E-4
1.920500E-7	-3.871173E-4
1.921000E-7	-4.162375E-4
1.921500E-7	-4.504965E-4
1.922000E-7	-4.898943E-4
1.922500E-7	-5.412828E-4
1.923000E-7	-5.875325E-4
1.923500E-7	-6.063749E-4
1.924000E-7	-6.080879E-4
1.924500E-7	-5.943843E-4
1.925000E-7	-5.498476E-4
1.925500E-7	-4.830425E-4
1.926000E-7	-4.230893E-4
1.926500E-7	-3.734137E-4
1.927000E-7	-3.254511E-4
1.927500E-7	-2.826274E-4
1.928000E-7	-2.552202E-4
1.928500E-7	-2.569331E-4
1.929000E-7	-2.963310E-4
1.929500E-7	-3.579972E-4
1.930000E-7	-4.333670E-4
1.930500E-7	-5.155886E-4
1.931000E-7	-6.012361E-4
1.931500E-7	-6.851706E-4
1.932000E-7	-7.622534E-4
1.932500E-7	-8.204937E-4
1.933000E-7	-8.581786E-4
1.933500E-7	-8.684563E-4
1.934000E-7	-8.427620E-4
1.934500E-7	-7.930865E-4
1.935000E-7	-7.279944E-4
1.935500E-7	-6.526246E-4
1.936000E-7	-5.686900E-4
1.936500E-7	-4.916073E-4
1.937000E-7	-4.248022E-4
1.937500E-7	-3.614231E-4
1.938000E-7	-3.066087E-4
1.938500E-7	-2.740626E-4
1.939000E-7	-2.535072E-4
1.939500E-7	-2.380907E-4
1.940000E-7	-2.278130E-4
1.940500E-7	-2.226741E-4
1.941000E-7	-2.346648E-4
1.941500E-7	-2.552202E-4
1.942000E-7	-2.809144E-4
1.942500E-7	-3.237382E-4
1.943000E-7	-3.785526E-4
1.943500E-7	-4.282281E-4
1.944000E-7	-4.642001E-4
1.944500E-7	-4.950332E-4
1.945000E-7	-5.104497E-4
1.945500E-7	-4.967461E-4
1.946000E-7	-4.607742E-4
1.946500E-7	-4.025339E-4
1.947000E-7	-3.203123E-4
1.947500E-7	-2.295259E-4
1.948000E-7	-1.421654E-4
1.948500E-7	-6.336975E-5
1.949000E-7	-8.555343E-6
1.949500E-7	1.722357E-6
1.950000E-7	-2.054599E-5
1.950500E-7	-7.022155E-5
1.951000E-7	-1.747115E-4
1.951500E-7	-3.134605E-4
1.952000E-7	-4.504965E-4
1.952500E-7	-5.738289E-4
1.953000E-7	-6.817447E-4
1.953500E-7	-7.708181E-4
1.954000E-7	-8.239196E-4
1.954500E-7	-8.410491E-4
1.955000E-7	-8.273455E-4
1.955500E-7	-7.913735E-4
1.956000E-7	-7.331332E-4
1.956500E-7	-6.474857E-4
1.957000E-7	-5.601253E-4
1.957500E-7	-5.053109E-4
1.958000E-7	-4.693389E-4
1.958500E-7	-4.333670E-4
1.959000E-7	-4.128116E-4
1.959500E-7	-4.299411E-4
1.960000E-7	-4.642001E-4
1.960500E-7	-5.035979E-4
1.961000E-7	-5.686900E-4
1.961500E-7	-6.474857E-4
1.962000E-7	-7.108649E-4
1.962500E-7	-7.622534E-4
1.963000E-7	-8.050771E-4
1.963500E-7	-8.290584E-4
1.964000E-7	-8.273455E-4
1.964500E-7	-8.119289E-4
1.965000E-7	-8.016512E-4
1.965500E-7	-7.896606E-4
1.966000E-7	-7.588275E-4
1.966500E-7	-7.125778E-4
1.967000E-7	-6.834577E-4
1.967500E-7	-6.731800E-4
1.968000E-7	-6.491987E-4
1.968500E-7	-6.132267E-4
1.969000E-7	-5.960972E-4
1.969500E-7	-5.892454E-4
1.970000E-7	-5.515605E-4
1.970500E-7	-4.933202E-4
1.971000E-7	-4.402188E-4
1.971500E-7	-4.008209E-4
1.972000E-7	-3.631360E-4
1.972500E-7	-3.323029E-4
1.973000E-7	-3.237382E-4
1.973500E-7	-3.460065E-4
1.974000E-7	-3.734137E-4
1.974500E-7	-3.871173E-4
1.975000E-7	-4.008209E-4
1.975500E-7	-4.299411E-4
1.976000E-7	-4.676260E-4
1.976500E-7	-4.898943E-4
1.977000E-7	-4.984591E-4
1.977500E-7	-5.070238E-4
1.978000E-7	-5.190145E-4
1.978500E-7	-5.395699E-4
1.979000E-7	-5.584123E-4
1.979500E-7	-5.704030E-4
1.980000E-7	-5.978102E-4
1.980500E-7	-6.577634E-4
1.981000E-7	-7.194296E-4
1.981500E-7	-7.519757E-4
1.982000E-7	-7.725311E-4
1.982500E-7	-7.896606E-4
1.983000E-7	-7.828088E-4
1.983500E-7	-7.279944E-4
1.984000E-7	-6.491987E-4
1.984500E-7	-5.618382E-4
1.985000E-7	-4.744778E-4
1.985500E-7	-3.956821E-4
1.986000E-7	-3.357288E-4
1.986500E-7	-2.894792E-4
1.987000E-7	-2.723497E-4
1.987500E-7	-2.877662E-4
1.988000E-7	-3.305900E-4
1.988500E-7	-3.939691E-4
1.989000E-7	-4.659130E-4
1.989500E-7	-5.429958E-4
1.990000E-7	-6.115138E-4
1.990500E-7	-6.526246E-4
1.991000E-7	-6.560505E-4
1.991500E-7	-6.389210E-4
1.992000E-7	-6.235044E-4
1.992500E-7	-6.149397E-4
1.993000E-7	-6.080879E-4
1.993500E-7	-6.149397E-4
1.994000E-7	-6.337821E-4
1.994500E-7	-6.543375E-4
1.995000E-7	-6.937354E-4
1.995500E-7	-7.536886E-4
1.996000E-7	-8.119289E-4
1.996500E-7	-8.684563E-4
1.997000E-7	-9.284095E-4
1.997500E-7	-9.609556E-4
1.998000E-7	-9.592426E-4
1.998500E-7	-9.489649E-4
1.999000E-7	-9.318354E-4
1.999500E-7	-8.753081E-4
2.000000E-7	-7.708181E-4
