Study Name	PremaTech_CVD_SiC_Heating_Trial_W_CoPremaTech_CVD_SiC_Heating_Wcoat
Sample Name	2025-05-14
Run Name	Heating_trial_165C
Operator	Keshav
Date	5/14/2025
Time	19:15
Sign	FIX
Grating Spacing	06.40um
Channel	3
Number Traces	10000
Files in Batch	1
Batch Number	15
dt	50.000001E-12
time stamp (ms)	7:31:26 PM
	
Time	Amplitude
0.000000E+0	7.862565E-4
5.000000E-11	7.228773E-4
1.000000E-10	6.612111E-4
1.500000E-10	6.183874E-4
2.000000E-10	5.995449E-4
2.500000E-10	5.944061E-4
3.000000E-10	6.063967E-4
3.500000E-10	6.389428E-4
4.000000E-10	6.732018E-4
4.500000E-10	7.023219E-4
5.000000E-10	7.194514E-4
5.500000E-10	7.177385E-4
6.000000E-10	6.680629E-4
6.500000E-10	5.789895E-4
7.000000E-10	4.779255E-4
7.500000E-10	3.888521E-4
8.000000E-10	3.117693E-4
8.500000E-10	2.466772E-4
9.000000E-10	2.055664E-4
9.500000E-10	1.781592E-4
1.000000E-9	1.593168E-4
1.050000E-9	1.541779E-4
1.100000E-9	1.678815E-4
1.150000E-9	2.055664E-4
1.200000E-9	2.912139E-4
1.250000E-9	4.128334E-4
1.300000E-9	5.413046E-4
1.350000E-9	6.817665E-4
1.400000E-9	8.513486E-4
1.450000E-9	1.017505E-3
1.500000E-9	1.139124E-3
1.550000E-9	1.224772E-3
1.600000E-9	1.295003E-3
1.650000E-9	1.320697E-3
1.700000E-9	1.301854E-3
1.750000E-9	1.271021E-3
1.800000E-9	1.224772E-3
1.850000E-9	1.142550E-3
1.900000E-9	1.043199E-3
1.950000E-9	9.472738E-4
2.000000E-9	8.513486E-4
2.050000E-9	7.691270E-4
2.100000E-9	7.400068E-4
2.150000E-9	7.382939E-4
2.200000E-9	7.280162E-4
2.250000E-9	7.143126E-4
2.300000E-9	7.194514E-4
2.350000E-9	7.297291E-4
2.400000E-9	7.228773E-4
2.450000E-9	6.903313E-4
2.500000E-9	6.406557E-4
2.550000E-9	6.081097E-4
2.600000E-9	6.081097E-4
2.650000E-9	6.115356E-4
2.700000E-9	6.149615E-4
2.750000E-9	6.423687E-4
2.800000E-9	6.954701E-4
2.850000E-9	7.571363E-4
2.900000E-9	8.307932E-4
2.950000E-9	9.215795E-4
3.000000E-9	1.003801E-3
3.050000E-9	1.074032E-3
3.100000E-9	1.152828E-3
3.150000E-9	1.226485E-3
3.200000E-9	1.279586E-3
3.250000E-9	1.324123E-3
3.300000E-9	1.375511E-3
3.350000E-9	1.418335E-3
3.400000E-9	1.433752E-3
3.450000E-9	1.430326E-3
3.500000E-9	1.426900E-3
3.550000E-9	1.433752E-3
3.600000E-9	1.452594E-3
3.650000E-9	1.478288E-3
3.700000E-9	1.478288E-3
3.750000E-9	1.445742E-3
3.800000E-9	1.404631E-3
3.850000E-9	1.342965E-3
3.900000E-9	1.265882E-3
3.950000E-9	1.187087E-3
4.000000E-9	1.111717E-3
4.050000E-9	1.020931E-3
4.100000E-9	9.147277E-4
4.150000E-9	8.170896E-4
4.200000E-9	7.382939E-4
4.250000E-9	6.817665E-4
4.300000E-9	6.560723E-4
4.350000E-9	6.612111E-4
4.400000E-9	7.040349E-4
4.450000E-9	7.913953E-4
4.500000E-9	9.181536E-4
4.550000E-9	1.053477E-3
4.600000E-9	1.176809E-3
4.650000E-9	1.289864E-3
4.700000E-9	1.373798E-3
4.750000E-9	1.421761E-3
4.800000E-9	1.428613E-3
4.850000E-9	1.399493E-3
4.900000E-9	1.344678E-3
4.950000E-9	1.253892E-3
5.000000E-9	1.132272E-3
5.050000E-9	1.017505E-3
5.100000E-9	9.284313E-4
5.150000E-9	8.616263E-4
5.200000E-9	8.290802E-4
5.250000E-9	8.376450E-4
5.300000E-9	8.633392E-4
5.350000E-9	8.856076E-4
5.400000E-9	9.181536E-4
5.450000E-9	9.609774E-4
5.500000E-9	9.918105E-4
5.550000E-9	1.014079E-3
5.600000E-9	1.043199E-3
5.650000E-9	1.050051E-3
5.700000E-9	1.019218E-3
5.750000E-9	9.712551E-4
5.800000E-9	9.164407E-4
5.850000E-9	8.616263E-4
5.900000E-9	8.273673E-4
5.950000E-9	8.119507E-4
6.000000E-9	7.931083E-4
6.050000E-9	7.725529E-4
6.100000E-9	7.691270E-4
6.150000E-9	7.811176E-4
6.200000E-9	8.068119E-4
6.250000E-9	8.616263E-4
6.300000E-9	9.369961E-4
6.350000E-9	9.986623E-4
6.400000E-9	1.041486E-3
6.450000E-9	1.091162E-3
6.500000E-9	1.142550E-3
6.550000E-9	1.195652E-3
6.600000E-9	1.260744E-3
6.650000E-9	1.324123E-3
6.700000E-9	1.372085E-3
6.750000E-9	1.413196E-3
6.800000E-9	1.452594E-3
6.850000E-9	1.468011E-3
6.900000E-9	1.468011E-3
6.950000E-9	1.452594E-3
7.000000E-9	1.402918E-3
7.050000E-9	1.320697E-3
7.100000E-9	1.224772E-3
7.150000E-9	1.121995E-3
7.200000E-9	9.969493E-4
7.250000E-9	8.719040E-4
7.300000E-9	7.519975E-4
7.350000E-9	6.406557E-4
7.400000E-9	5.447305E-4
7.450000E-9	4.830643E-4
7.500000E-9	4.676478E-4
7.550000E-9	5.138974E-4
7.600000E-9	6.063967E-4
7.650000E-9	7.091737E-4
7.700000E-9	8.239414E-4
7.750000E-9	9.369961E-4
7.800000E-9	1.000375E-3
7.850000E-9	1.002088E-3
7.900000E-9	9.866716E-4
7.950000E-9	9.609774E-4
8.000000E-9	8.907464E-4
8.050000E-9	7.913953E-4
8.100000E-9	6.920442E-4
8.150000E-9	5.995449E-4
8.200000E-9	5.001938E-4
8.250000E-9	4.213981E-4
8.300000E-9	3.768614E-4
8.350000E-9	3.511672E-4
8.400000E-9	3.357506E-4
8.450000E-9	3.597319E-4
8.500000E-9	4.282499E-4
8.550000E-9	5.327399E-4
8.600000E-9	6.509334E-4
8.650000E-9	7.862565E-4
8.700000E-9	9.352831E-4
8.750000E-9	1.077458E-3
8.800000E-9	1.200790E-3
8.850000E-9	1.312132E-3
8.900000E-9	1.435465E-3
8.950000E-9	1.543380E-3
9.000000E-9	1.582778E-3
9.050000E-9	1.550232E-3
9.100000E-9	1.505696E-3
9.150000E-9	1.444029E-3
9.200000E-9	1.339539E-3
9.250000E-9	1.233336E-3
9.300000E-9	1.154541E-3
9.350000E-9	1.065467E-3
9.400000E-9	9.626903E-4
9.450000E-9	8.993112E-4
9.500000E-9	8.804687E-4
9.550000E-9	8.719040E-4
9.600000E-9	8.804687E-4
9.650000E-9	9.027371E-4
9.700000E-9	9.164407E-4
9.750000E-9	9.250054E-4
9.800000E-9	9.506997E-4
9.850000E-9	9.678292E-4
9.900000E-9	9.626903E-4
9.950000E-9	9.506997E-4
1.000000E-8	9.541256E-4
1.005000E-8	9.626903E-4
1.010000E-8	9.506997E-4
1.015000E-8	9.335702E-4
1.020000E-8	9.318572E-4
1.025000E-8	9.404220E-4
1.030000E-8	9.438479E-4
1.035000E-8	9.455608E-4
1.040000E-8	9.541256E-4
1.045000E-8	9.729680E-4
1.050000E-8	1.002088E-3
1.055000E-8	1.026069E-3
1.060000E-8	1.031208E-3
1.065000E-8	1.024357E-3
1.070000E-8	1.027782E-3
1.075000E-8	1.046625E-3
1.080000E-8	1.065467E-3
1.085000E-8	1.091162E-3
1.090000E-8	1.115143E-3
1.095000E-8	1.128846E-3
1.100000E-8	1.132272E-3
1.105000E-8	1.130559E-3
1.110000E-8	1.113430E-3
1.115000E-8	1.074032E-3
1.120000E-8	1.022644E-3
1.125000E-8	9.626903E-4
1.130000E-8	9.078759E-4
1.135000E-8	8.667651E-4
1.140000E-8	8.393579E-4
1.145000E-8	8.376450E-4
1.150000E-8	8.599133E-4
1.155000E-8	8.924594E-4
1.160000E-8	9.318572E-4
1.165000E-8	9.918105E-4
1.170000E-8	1.082597E-3
1.175000E-8	1.169957E-3
1.180000E-8	1.223059E-3
1.185000E-8	1.248753E-3
1.190000E-8	1.262457E-3
1.195000E-8	1.233336E-3
1.200000E-8	1.159680E-3
1.205000E-8	1.075745E-3
1.210000E-8	1.000375E-3
1.215000E-8	9.232925E-4
1.220000E-8	8.462097E-4
1.225000E-8	7.862565E-4
1.230000E-8	7.502845E-4
1.235000E-8	7.434327E-4
1.240000E-8	7.639881E-4
1.245000E-8	8.085248E-4
1.250000E-8	8.770428E-4
1.255000E-8	9.832457E-4
1.260000E-8	1.098013E-3
1.265000E-8	1.211068E-3
1.270000E-8	1.318984E-3
1.275000E-8	1.408057E-3
1.280000E-8	1.471436E-3
1.285000E-8	1.510834E-3
1.290000E-8	1.512547E-3
1.295000E-8	1.478288E-3
1.300000E-8	1.414909E-3
1.305000E-8	1.317271E-3
1.310000E-8	1.195652E-3
1.315000E-8	1.072319E-3
1.320000E-8	9.678292E-4
1.325000E-8	8.667651E-4
1.330000E-8	7.708399E-4
1.335000E-8	6.971831E-4
1.340000E-8	6.355169E-4
1.345000E-8	5.807025E-4
1.350000E-8	5.498694E-4
1.355000E-8	5.430176E-4
1.360000E-8	5.567212E-4
1.365000E-8	6.046838E-4
1.370000E-8	6.714888E-4
1.375000E-8	7.211644E-4
1.380000E-8	7.382939E-4
1.385000E-8	7.485716E-4
1.390000E-8	7.417198E-4
1.395000E-8	7.057478E-4
1.400000E-8	6.543593E-4
1.405000E-8	5.944061E-4
1.410000E-8	5.327399E-4
1.415000E-8	4.813514E-4
1.420000E-8	4.470924E-4
1.425000E-8	4.522312E-4
1.430000E-8	5.190363E-4
1.435000E-8	6.389428E-4
1.440000E-8	7.742658E-4
1.445000E-8	9.147277E-4
1.450000E-8	1.074032E-3
1.455000E-8	1.233336E-3
1.460000E-8	1.373798E-3
1.465000E-8	1.491992E-3
1.470000E-8	1.558797E-3
1.475000E-8	1.553658E-3
1.480000E-8	1.507408E-3
1.485000E-8	1.437177E-3
1.490000E-8	1.317271E-3
1.495000E-8	1.157967E-3
1.500000E-8	1.014079E-3
1.505000E-8	8.975982E-4
1.510000E-8	8.102378E-4
1.515000E-8	7.605622E-4
1.520000E-8	7.571363E-4
1.525000E-8	8.033860E-4
1.530000E-8	9.198666E-4
1.535000E-8	1.074032E-3
1.540000E-8	1.202503E-3
1.545000E-8	1.301854E-3
1.550000E-8	1.411483E-3
1.555000E-8	1.498844E-3
1.560000E-8	1.505696E-3
1.565000E-8	1.444029E-3
1.570000E-8	1.351530E-3
1.575000E-8	1.217920E-3
1.580000E-8	1.043199E-3
1.585000E-8	8.462097E-4
1.590000E-8	6.526464E-4
1.595000E-8	4.744996E-4
1.600000E-8	3.151952E-4
1.605000E-8	1.867240E-4
1.610000E-8	1.216319E-4
1.615000E-8	1.164930E-4
1.620000E-8	1.353355E-4
1.625000E-8	1.695945E-4
1.630000E-8	2.432513E-4
1.635000E-8	3.614449E-4
1.640000E-8	4.779255E-4
1.645000E-8	5.875543E-4
1.650000E-8	6.903313E-4
1.655000E-8	7.588493E-4
1.660000E-8	7.913953E-4
1.665000E-8	8.016730E-4
1.670000E-8	7.674140E-4
1.675000E-8	6.629241E-4
1.680000E-8	5.327399E-4
1.685000E-8	4.042686E-4
1.690000E-8	2.689456E-4
1.695000E-8	1.353355E-4
1.700000E-8	3.941026E-5
1.705000E-8	-2.225595E-5
1.710000E-8	-5.308905E-5
1.715000E-8	-2.396890E-5
1.720000E-8	4.454911E-5
1.725000E-8	1.250578E-4
1.730000E-8	2.415384E-4
1.735000E-8	3.802873E-4
1.740000E-8	4.984809E-4
1.745000E-8	5.875543E-4
1.750000E-8	6.732018E-4
1.755000E-8	7.554234E-4
1.760000E-8	8.307932E-4
1.765000E-8	9.095889E-4
1.770000E-8	9.678292E-4
1.775000E-8	9.866716E-4
1.780000E-8	9.883846E-4
1.785000E-8	9.746810E-4
1.790000E-8	9.421349E-4
1.795000E-8	9.027371E-4
1.800000E-8	8.513486E-4
1.805000E-8	7.776917E-4
1.810000E-8	7.228773E-4
1.815000E-8	7.074608E-4
1.820000E-8	7.057478E-4
1.825000E-8	7.108867E-4
1.830000E-8	7.485716E-4
1.835000E-8	8.102378E-4
1.840000E-8	8.856076E-4
1.845000E-8	9.918105E-4
1.850000E-8	1.106578E-3
1.855000E-8	1.193939E-3
1.860000E-8	1.228198E-3
1.865000E-8	1.209355E-3
1.870000E-8	1.140837E-3
1.875000E-8	1.036347E-3
1.880000E-8	9.130148E-4
1.885000E-8	7.776917E-4
1.890000E-8	6.440816E-4
1.895000E-8	5.258881E-4
1.900000E-8	4.368147E-4
1.905000E-8	3.854262E-4
1.910000E-8	3.477413E-4
1.915000E-8	3.288988E-4
1.920000E-8	3.443154E-4
1.925000E-8	3.751485E-4
1.930000E-8	3.854262E-4
1.935000E-8	3.563060E-4
1.940000E-8	3.100564E-4
1.945000E-8	2.466772E-4
1.950000E-8	1.524650E-4
1.955000E-8	3.255846E-5
1.960000E-8	-7.193150E-5
1.965000E-8	-1.404495E-4
1.970000E-8	-1.798474E-4
1.975000E-8	-1.918380E-4
1.980000E-8	-1.575790E-4
1.985000E-8	-6.850560E-5
1.990000E-8	5.311386E-5
1.995000E-8	2.107053E-4
2.000000E-8	3.871391E-4
2.005000E-8	5.430176E-4
2.010000E-8	6.732018E-4
2.015000E-8	7.811176E-4
2.020000E-8	8.325061E-4
2.025000E-8	8.273673E-4
2.030000E-8	8.085248E-4
2.035000E-8	7.845435E-4
2.040000E-8	7.314421E-4
2.045000E-8	6.646370E-4
2.050000E-8	6.201003E-4
2.055000E-8	5.875543E-4
2.060000E-8	5.652859E-4
2.065000E-8	5.635730E-4
2.070000E-8	5.892672E-4
2.075000E-8	6.166744E-4
2.080000E-8	6.492205E-4
2.085000E-8	7.160255E-4
2.090000E-8	7.896824E-4
2.095000E-8	8.342191E-4
2.100000E-8	8.633392E-4
2.105000E-8	8.958853E-4
2.110000E-8	9.232925E-4
2.115000E-8	9.198666E-4
2.120000E-8	9.164407E-4
2.125000E-8	9.352831E-4
2.130000E-8	9.609774E-4
2.135000E-8	9.661162E-4
2.140000E-8	9.626903E-4
2.145000E-8	9.455608E-4
2.150000E-8	9.095889E-4
2.155000E-8	8.616263E-4
2.160000E-8	8.136637E-4
2.165000E-8	7.725529E-4
2.170000E-8	7.245903E-4
2.175000E-8	6.886183E-4
2.180000E-8	6.663500E-4
2.185000E-8	6.440816E-4
2.190000E-8	6.269521E-4
2.195000E-8	6.320910E-4
2.200000E-8	6.423687E-4
2.205000E-8	6.526464E-4
2.210000E-8	6.714888E-4
2.215000E-8	6.937572E-4
2.220000E-8	6.869054E-4
2.225000E-8	6.526464E-4
2.230000E-8	6.201003E-4
2.235000E-8	5.944061E-4
2.240000E-8	5.464435E-4
2.245000E-8	4.882032E-4
2.250000E-8	4.488053E-4
2.255000E-8	4.196852E-4
2.260000E-8	4.008427E-4
2.265000E-8	3.991298E-4
2.270000E-8	4.111204E-4
2.275000E-8	4.436665E-4
2.280000E-8	5.001938E-4
2.285000E-8	5.635730E-4
2.290000E-8	6.149615E-4
2.295000E-8	6.680629E-4
2.300000E-8	7.177385E-4
2.305000E-8	7.417198E-4
2.310000E-8	7.588493E-4
2.315000E-8	7.965342E-4
2.320000E-8	8.376450E-4
2.325000E-8	8.427838E-4
2.330000E-8	8.342191E-4
2.335000E-8	8.256543E-4
2.340000E-8	7.896824E-4
2.345000E-8	7.245903E-4
2.350000E-8	6.646370E-4
2.355000E-8	6.029708E-4
2.360000E-8	5.224622E-4
2.365000E-8	4.539442E-4
2.370000E-8	4.025557E-4
2.375000E-8	3.426024E-4
2.380000E-8	2.809362E-4
2.385000E-8	2.398254E-4
2.390000E-8	2.209830E-4
2.395000E-8	2.466772E-4
2.400000E-8	3.220470E-4
2.405000E-8	4.008427E-4
2.410000E-8	4.659348E-4
2.415000E-8	5.532953E-4
2.420000E-8	6.389428E-4
2.425000E-8	6.817665E-4
2.430000E-8	6.971831E-4
2.435000E-8	7.125996E-4
2.440000E-8	7.091737E-4
2.445000E-8	6.817665E-4
2.450000E-8	6.475075E-4
2.455000E-8	6.098226E-4
2.460000E-8	5.704248E-4
2.465000E-8	5.652859E-4
2.470000E-8	5.858413E-4
2.475000E-8	6.046838E-4
2.480000E-8	6.440816E-4
2.485000E-8	7.314421E-4
2.490000E-8	8.376450E-4
2.495000E-8	9.318572E-4
2.500000E-8	1.041486E-3
2.505000E-8	1.195652E-3
2.510000E-8	1.418335E-3
2.515000E-8	1.728379E-3
2.520000E-8	2.139487E-3
2.525000E-8	2.682492E-3
2.530000E-8	3.407070E-3
2.535000E-8	4.344054E-3
2.540000E-8	5.486591E-3
2.545000E-8	6.846674E-3
2.550000E-8	8.451708E-3
2.555000E-8	1.030341E-2
2.560000E-8	1.236751E-2
2.565000E-8	1.464574E-2
2.570000E-8	1.714150E-2
2.575000E-8	1.980514E-2
2.580000E-8	2.255956E-2
2.585000E-8	2.534311E-2
2.590000E-8	2.809925E-2
2.595000E-8	3.073205E-2
2.600000E-8	3.314046E-2
2.605000E-8	3.525766E-2
2.610000E-8	3.706483E-2
2.615000E-8	3.851912E-2
2.620000E-8	3.955032E-2
2.625000E-8	4.012587E-2
2.630000E-8	4.029716E-2
2.635000E-8	4.010702E-2
2.640000E-8	3.962397E-2
2.645000E-8	3.891310E-2
2.650000E-8	3.805320E-2
2.655000E-8	3.712478E-2
2.660000E-8	3.622034E-2
2.665000E-8	3.538956E-2
2.670000E-8	3.469582E-2
2.675000E-8	3.416309E-2
2.680000E-8	3.379994E-2
2.685000E-8	3.357383E-2
2.690000E-8	3.345907E-2
2.695000E-8	3.346249E-2
2.700000E-8	3.356013E-2
2.705000E-8	3.371430E-2
2.710000E-8	3.388045E-2
2.715000E-8	3.401235E-2
2.720000E-8	3.406202E-2
2.725000E-8	3.400036E-2
2.730000E-8	3.379309E-2
2.735000E-8	3.340939E-2
2.740000E-8	3.285953E-2
2.745000E-8	3.220005E-2
2.750000E-8	3.148917E-2
2.755000E-8	3.074404E-2
2.760000E-8	3.001090E-2
2.765000E-8	2.932572E-2
2.770000E-8	2.872447E-2
2.775000E-8	2.823628E-2
2.780000E-8	2.791253E-2
2.785000E-8	2.779434E-2
2.790000E-8	2.785772E-2
2.795000E-8	2.805300E-2
2.800000E-8	2.835105E-2
2.805000E-8	2.873989E-2
2.810000E-8	2.919039E-2
2.815000E-8	2.962891E-2
2.820000E-8	2.998006E-2
2.825000E-8	3.018219E-2
2.830000E-8	3.014965E-2
2.835000E-8	2.988071E-2
2.840000E-8	2.944220E-2
2.845000E-8	2.888720E-2
2.850000E-8	2.825512E-2
2.855000E-8	2.759906E-2
2.860000E-8	2.695671E-2
2.865000E-8	2.637088E-2
2.870000E-8	2.590324E-2
2.875000E-8	2.560348E-2
2.880000E-8	2.546815E-2
2.885000E-8	2.549727E-2
2.890000E-8	2.569426E-2
2.895000E-8	2.604028E-2
2.900000E-8	2.649764E-2
2.905000E-8	2.699097E-2
2.910000E-8	2.743462E-2
2.915000E-8	2.778235E-2
2.920000E-8	2.799304E-2
2.925000E-8	2.802730E-2
2.930000E-8	2.785258E-2
2.935000E-8	2.748772E-2
2.940000E-8	2.696699E-2
2.945000E-8	2.631778E-2
2.950000E-8	2.561033E-2
2.955000E-8	2.492515E-2
2.960000E-8	2.429992E-2
2.965000E-8	2.377233E-2
2.970000E-8	2.339035E-2
2.975000E-8	2.318479E-2
2.980000E-8	2.315567E-2
2.985000E-8	2.329956E-2
2.990000E-8	2.360618E-2
2.995000E-8	2.402756E-2
3.000000E-8	2.452089E-2
3.005000E-8	2.500394E-2
3.010000E-8	2.540649E-2
3.015000E-8	2.570454E-2
3.020000E-8	2.586213E-2
3.025000E-8	2.583301E-2
3.030000E-8	2.562575E-2
3.035000E-8	2.529515E-2
3.040000E-8	2.483094E-2
3.045000E-8	2.425025E-2
3.050000E-8	2.362673E-2
3.055000E-8	2.303919E-2
3.060000E-8	2.249276E-2
3.065000E-8	2.200628E-2
3.070000E-8	2.166198E-2
3.075000E-8	2.149925E-2
3.080000E-8	2.149582E-2
3.085000E-8	2.164999E-2
3.090000E-8	2.194975E-2
3.095000E-8	2.233346E-2
3.100000E-8	2.273600E-2
3.105000E-8	2.311799E-2
3.110000E-8	2.343660E-2
3.115000E-8	2.362673E-2
3.120000E-8	2.365414E-2
3.125000E-8	2.354451E-2
3.130000E-8	2.330298E-2
3.135000E-8	2.293470E-2
3.140000E-8	2.246193E-2
3.145000E-8	2.194975E-2
3.150000E-8	2.144957E-2
3.155000E-8	2.100421E-2
3.160000E-8	2.063078E-2
3.165000E-8	2.034986E-2
3.170000E-8	2.018713E-2
3.175000E-8	2.016829E-2
3.180000E-8	2.028819E-2
3.185000E-8	2.054514E-2
3.190000E-8	2.090485E-2
3.195000E-8	2.130911E-2
3.200000E-8	2.169110E-2
3.205000E-8	2.201142E-2
3.210000E-8	2.226322E-2
3.215000E-8	2.241910E-2
3.220000E-8	2.243623E-2
3.225000E-8	2.227521E-2
3.230000E-8	2.196346E-2
3.235000E-8	2.156434E-2
3.240000E-8	2.108471E-2
3.245000E-8	2.055541E-2
3.250000E-8	2.005352E-2
3.255000E-8	1.964070E-2
3.260000E-8	1.931866E-2
3.265000E-8	1.907542E-2
3.270000E-8	1.894353E-2
3.275000E-8	1.895380E-2
3.280000E-8	1.911311E-2
3.285000E-8	1.937176E-2
3.290000E-8	1.969037E-2
3.295000E-8	2.006551E-2
3.300000E-8	2.042523E-2
3.305000E-8	2.070958E-2
3.310000E-8	2.090828E-2
3.315000E-8	2.101620E-2
3.320000E-8	2.100763E-2
3.325000E-8	2.087573E-2
3.330000E-8	2.065305E-2
3.335000E-8	2.034986E-2
3.340000E-8	1.998671E-2
3.345000E-8	1.961843E-2
3.350000E-8	1.928783E-2
3.355000E-8	1.900862E-2
3.360000E-8	1.880649E-2
3.365000E-8	1.870714E-2
3.370000E-8	1.871913E-2
3.375000E-8	1.883390E-2
3.380000E-8	1.905487E-2
3.385000E-8	1.937005E-2
3.390000E-8	1.974176E-2
3.395000E-8	2.013403E-2
3.400000E-8	2.051602E-2
3.405000E-8	2.084319E-2
3.410000E-8	2.108471E-2
3.415000E-8	2.119777E-2
3.420000E-8	2.117036E-2
3.425000E-8	2.101106E-2
3.430000E-8	2.071814E-2
3.435000E-8	2.033444E-2
3.440000E-8	1.989250E-2
3.445000E-8	1.942144E-2
3.450000E-8	1.897950E-2
3.455000E-8	1.862321E-2
3.460000E-8	1.836455E-2
3.465000E-8	1.820353E-2
3.470000E-8	1.817613E-2
3.475000E-8	1.827890E-2
3.480000E-8	1.846390E-2
3.485000E-8	1.869515E-2
3.490000E-8	1.895380E-2
3.495000E-8	1.922102E-2
3.500000E-8	1.943172E-2
3.505000E-8	1.955334E-2
3.510000E-8	1.958417E-2
3.515000E-8	1.951565E-2
3.520000E-8	1.932380E-2
3.525000E-8	1.903603E-2
3.530000E-8	1.871913E-2
3.535000E-8	1.839538E-2
3.540000E-8	1.806307E-2
3.545000E-8	1.776330E-2
3.550000E-8	1.755432E-2
3.555000E-8	1.741386E-2
3.560000E-8	1.732822E-2
3.565000E-8	1.733164E-2
3.570000E-8	1.743613E-2
3.575000E-8	1.758002E-2
3.580000E-8	1.773247E-2
3.585000E-8	1.790205E-2
3.590000E-8	1.809390E-2
3.595000E-8	1.825835E-2
3.600000E-8	1.836455E-2
3.605000E-8	1.840737E-2
3.610000E-8	1.837311E-2
3.615000E-8	1.824636E-2
3.620000E-8	1.805279E-2
3.625000E-8	1.783182E-2
3.630000E-8	1.758687E-2
3.635000E-8	1.729396E-2
3.640000E-8	1.697877E-2
3.645000E-8	1.669614E-2
3.650000E-8	1.645975E-2
3.655000E-8	1.626961E-2
3.660000E-8	1.614799E-2
3.665000E-8	1.611031E-2
3.670000E-8	1.616683E-2
3.675000E-8	1.630387E-2
3.680000E-8	1.650086E-2
3.685000E-8	1.672697E-2
3.690000E-8	1.696336E-2
3.695000E-8	1.719289E-2
3.700000E-8	1.738646E-2
3.705000E-8	1.752349E-2
3.710000E-8	1.757831E-2
3.715000E-8	1.755775E-2
3.720000E-8	1.744812E-2
3.725000E-8	1.725970E-2
3.730000E-8	1.702674E-2
3.735000E-8	1.677151E-2
3.740000E-8	1.649572E-2
3.745000E-8	1.622336E-2
3.750000E-8	1.600924E-2
3.755000E-8	1.586022E-2
3.760000E-8	1.577800E-2
3.765000E-8	1.577286E-2
3.770000E-8	1.583966E-2
3.775000E-8	1.594586E-2
3.780000E-8	1.608633E-2
3.785000E-8	1.624220E-2
3.790000E-8	1.641521E-2
3.795000E-8	1.658651E-2
3.800000E-8	1.672868E-2
3.805000E-8	1.680919E-2
3.810000E-8	1.682461E-2
3.815000E-8	1.677322E-2
3.820000E-8	1.663104E-2
3.825000E-8	1.639466E-2
3.830000E-8	1.609147E-2
3.835000E-8	1.573860E-2
3.840000E-8	1.534804E-2
3.845000E-8	1.496948E-2
3.850000E-8	1.464402E-2
3.855000E-8	1.438708E-2
3.860000E-8	1.421236E-2
3.865000E-8	1.414213E-2
3.870000E-8	1.418495E-2
3.875000E-8	1.433740E-2
3.880000E-8	1.457379E-2
3.885000E-8	1.486671E-2
3.890000E-8	1.519902E-2
3.895000E-8	1.551591E-2
3.900000E-8	1.578485E-2
3.905000E-8	1.599211E-2
3.910000E-8	1.611887E-2
3.915000E-8	1.614114E-2
3.920000E-8	1.605035E-2
3.925000E-8	1.585850E-2
3.930000E-8	1.558957E-2
3.935000E-8	1.527610E-2
3.940000E-8	1.495064E-2
3.945000E-8	1.464745E-2
3.950000E-8	1.439393E-2
3.955000E-8	1.422435E-2
3.960000E-8	1.412671E-2
3.965000E-8	1.410102E-2
3.970000E-8	1.415412E-2
3.975000E-8	1.428088E-2
3.980000E-8	1.448129E-2
3.985000E-8	1.471083E-2
3.990000E-8	1.491638E-2
3.995000E-8	1.506712E-2
4.000000E-8	1.515962E-2
4.005000E-8	1.517846E-2
4.010000E-8	1.512707E-2
4.015000E-8	1.503800E-2
4.020000E-8	1.491467E-2
4.025000E-8	1.472282E-2
4.030000E-8	1.448129E-2
4.035000E-8	1.425347E-2
4.040000E-8	1.407018E-2
4.045000E-8	1.392972E-2
4.050000E-8	1.384236E-2
4.055000E-8	1.380810E-2
4.060000E-8	1.381324E-2
4.065000E-8	1.386463E-2
4.070000E-8	1.397597E-2
4.075000E-8	1.411986E-2
4.080000E-8	1.425518E-2
4.085000E-8	1.436481E-2
4.090000E-8	1.445560E-2
4.095000E-8	1.452412E-2
4.100000E-8	1.454810E-2
4.105000E-8	1.451726E-2
4.110000E-8	1.442990E-2
4.115000E-8	1.429115E-2
4.120000E-8	1.409245E-2
4.125000E-8	1.385778E-2
4.130000E-8	1.362653E-2
4.135000E-8	1.342269E-2
4.140000E-8	1.325996E-2
4.145000E-8	1.316403E-2
4.150000E-8	1.314690E-2
4.155000E-8	1.320686E-2
4.160000E-8	1.334047E-2
4.165000E-8	1.351690E-2
4.170000E-8	1.370533E-2
4.175000E-8	1.388347E-2
4.180000E-8	1.404449E-2
4.185000E-8	1.414898E-2
4.190000E-8	1.417639E-2
4.195000E-8	1.412500E-2
4.200000E-8	1.399995E-2
4.205000E-8	1.377384E-2
4.210000E-8	1.348264E-2
4.215000E-8	1.317431E-2
4.220000E-8	1.285742E-2
4.225000E-8	1.252853E-2
4.230000E-8	1.224418E-2
4.235000E-8	1.204890E-2
4.240000E-8	1.193927E-2
4.245000E-8	1.192557E-2
4.250000E-8	1.203349E-2
4.255000E-8	1.222876E-2
4.260000E-8	1.244973E-2
4.265000E-8	1.268269E-2
4.270000E-8	1.291566E-2
4.275000E-8	1.311265E-2
4.280000E-8	1.324626E-2
4.285000E-8	1.331306E-2
4.290000E-8	1.332162E-2
4.295000E-8	1.326510E-2
4.300000E-8	1.315889E-2
4.305000E-8	1.301329E-2
4.310000E-8	1.287283E-2
4.315000E-8	1.275635E-2
4.320000E-8	1.265357E-2
4.325000E-8	1.253538E-2
4.330000E-8	1.243432E-2
4.335000E-8	1.237779E-2
4.340000E-8	1.235381E-2
4.345000E-8	1.235723E-2
4.350000E-8	1.240348E-2
4.355000E-8	1.246001E-2
4.360000E-8	1.250969E-2
4.365000E-8	1.255594E-2
4.370000E-8	1.259362E-2
4.375000E-8	1.259191E-2
4.380000E-8	1.258506E-2
4.385000E-8	1.259533E-2
4.390000E-8	1.258848E-2
4.395000E-8	1.255594E-2
4.400000E-8	1.252682E-2
4.405000E-8	1.249770E-2
4.410000E-8	1.242575E-2
4.415000E-8	1.232640E-2
4.420000E-8	1.223219E-2
4.425000E-8	1.215339E-2
4.430000E-8	1.207974E-2
4.435000E-8	1.199580E-2
4.440000E-8	1.191701E-2
4.445000E-8	1.187247E-2
4.450000E-8	1.185705E-2
4.455000E-8	1.183650E-2
4.460000E-8	1.183821E-2
4.465000E-8	1.188275E-2
4.470000E-8	1.193756E-2
4.475000E-8	1.196668E-2
4.480000E-8	1.200437E-2
4.485000E-8	1.204719E-2
4.490000E-8	1.207117E-2
4.495000E-8	1.207117E-2
4.500000E-8	1.205233E-2
4.505000E-8	1.200437E-2
4.510000E-8	1.191358E-2
4.515000E-8	1.179881E-2
4.520000E-8	1.168233E-2
4.525000E-8	1.159326E-2
4.530000E-8	1.151960E-2
4.535000E-8	1.144937E-2
4.540000E-8	1.141682E-2
4.545000E-8	1.144081E-2
4.550000E-8	1.149905E-2
4.555000E-8	1.156585E-2
4.560000E-8	1.164979E-2
4.565000E-8	1.175428E-2
4.570000E-8	1.185191E-2
4.575000E-8	1.191358E-2
4.580000E-8	1.193585E-2
4.585000E-8	1.191701E-2
4.590000E-8	1.184677E-2
4.595000E-8	1.173715E-2
4.600000E-8	1.159840E-2
4.605000E-8	1.144081E-2
4.610000E-8	1.128150E-2
4.615000E-8	1.116502E-2
4.620000E-8	1.110678E-2
4.625000E-8	1.109993E-2
4.630000E-8	1.114104E-2
4.635000E-8	1.121812E-2
4.640000E-8	1.131062E-2
4.645000E-8	1.140483E-2
4.650000E-8	1.149048E-2
4.655000E-8	1.154016E-2
4.660000E-8	1.153844E-2
4.665000E-8	1.149905E-2
4.670000E-8	1.142539E-2
4.675000E-8	1.130720E-2
4.680000E-8	1.118386E-2
4.685000E-8	1.109479E-2
4.690000E-8	1.102627E-2
4.695000E-8	1.096461E-2
4.700000E-8	1.093206E-2
4.705000E-8	1.093206E-2
4.710000E-8	1.093206E-2
4.715000E-8	1.093377E-2
4.720000E-8	1.095775E-2
4.725000E-8	1.099544E-2
4.730000E-8	1.102798E-2
4.735000E-8	1.106738E-2
4.740000E-8	1.112048E-2
4.745000E-8	1.116845E-2
4.750000E-8	1.119072E-2
4.755000E-8	1.119414E-2
4.760000E-8	1.120442E-2
4.765000E-8	1.123354E-2
4.770000E-8	1.127979E-2
4.775000E-8	1.133632E-2
4.780000E-8	1.138770E-2
4.785000E-8	1.142539E-2
4.790000E-8	1.144594E-2
4.795000E-8	1.144766E-2
4.800000E-8	1.139456E-2
4.805000E-8	1.126780E-2
4.810000E-8	1.110335E-2
4.815000E-8	1.092521E-2
4.820000E-8	1.071623E-2
4.825000E-8	1.049697E-2
4.830000E-8	1.031540E-2
4.835000E-8	1.018350E-2
4.840000E-8	1.009443E-2
4.845000E-8	1.006531E-2
4.850000E-8	1.009271E-2
4.855000E-8	1.014582E-2
4.860000E-8	1.021433E-2
4.865000E-8	1.027943E-2
4.870000E-8	1.032054E-2
4.875000E-8	1.033938E-2
4.880000E-8	1.034966E-2
4.885000E-8	1.032225E-2
4.890000E-8	1.025373E-2
4.895000E-8	1.018521E-2
4.900000E-8	1.013896E-2
4.905000E-8	1.008758E-2
4.910000E-8	1.002933E-2
4.915000E-8	9.998502E-3
4.920000E-8	9.998502E-3
4.925000E-8	9.996789E-3
4.930000E-8	1.001563E-2
4.935000E-8	1.007901E-2
4.940000E-8	1.015438E-2
4.945000E-8	1.020577E-2
4.950000E-8	1.022804E-2
4.955000E-8	1.022119E-2
4.960000E-8	1.018693E-2
4.965000E-8	1.012355E-2
4.970000E-8	1.002591E-2
4.975000E-8	9.911141E-3
4.980000E-8	9.780957E-3
4.985000E-8	9.643921E-3
4.990000E-8	9.525728E-3
4.995000E-8	9.443506E-3
5.000000E-8	9.400682E-3
5.005000E-8	9.383553E-3
5.010000E-8	9.407534E-3
5.015000E-8	9.457210E-3
5.020000E-8	9.496607E-3
5.025000E-8	9.529154E-3
5.030000E-8	9.559987E-3
5.035000E-8	9.556561E-3
5.040000E-8	9.505172E-3
5.045000E-8	9.443506E-3
5.050000E-8	9.402395E-3
5.055000E-8	9.369849E-3
5.060000E-8	9.351007E-3
5.065000E-8	9.373275E-3
5.070000E-8	9.438367E-3
5.075000E-8	9.525728E-3
5.080000E-8	9.609662E-3
5.085000E-8	9.700449E-3
5.090000E-8	9.816929E-3
5.095000E-8	9.929984E-3
5.100000E-8	9.993363E-3
5.105000E-8	1.001221E-2
5.110000E-8	9.991650E-3
5.115000E-8	9.931697E-3
5.120000E-8	9.849475E-3
5.125000E-8	9.751837E-3
5.130000E-8	9.621653E-3
5.135000E-8	9.472626E-3
5.140000E-8	9.364710E-3
5.145000E-8	9.325312E-3
5.150000E-8	9.330451E-3
5.155000E-8	9.366423E-3
5.160000E-8	9.440080E-3
5.165000E-8	9.541144E-3
5.170000E-8	9.630218E-3
5.175000E-8	9.698736E-3
5.180000E-8	9.738133E-3
5.185000E-8	9.743272E-3
5.190000E-8	9.709013E-3
5.195000E-8	9.640495E-3
5.200000E-8	9.541144E-3
5.205000E-8	9.436654E-3
5.210000E-8	9.347581E-3
5.215000E-8	9.270498E-3
5.220000E-8	9.208832E-3
5.225000E-8	9.169434E-3
5.230000E-8	9.152305E-3
5.235000E-8	9.145453E-3
5.240000E-8	9.155730E-3
5.245000E-8	9.179712E-3
5.250000E-8	9.196841E-3
5.255000E-8	9.191702E-3
5.260000E-8	9.150592E-3
5.265000E-8	9.076935E-3
5.270000E-8	9.001565E-3
5.275000E-8	8.926195E-3
5.280000E-8	8.831983E-3
5.285000E-8	8.736058E-3
5.290000E-8	8.662401E-3
5.295000E-8	8.605873E-3
5.300000E-8	8.557911E-3
5.305000E-8	8.533930E-3
5.310000E-8	8.530504E-3
5.315000E-8	8.542494E-3
5.320000E-8	8.566476E-3
5.325000E-8	8.617864E-3
5.330000E-8	8.693234E-3
5.335000E-8	8.777168E-3
5.340000E-8	8.873094E-3
5.345000E-8	8.972445E-3
5.350000E-8	9.071796E-3
5.355000E-8	9.157443E-3
5.360000E-8	9.215684E-3
5.365000E-8	9.265359E-3
5.370000E-8	9.327025E-3
5.375000E-8	9.385266E-3
5.380000E-8	9.426377E-3
5.385000E-8	9.452071E-3
5.390000E-8	9.464061E-3
5.395000E-8	9.434941E-3
5.400000E-8	9.371562E-3
5.405000E-8	9.287628E-3
5.410000E-8	9.184851E-3
5.415000E-8	9.039250E-3
5.420000E-8	8.866242E-3
5.425000E-8	8.676104E-3
5.430000E-8	8.479115E-3
5.435000E-8	8.292404E-3
5.440000E-8	8.119396E-3
5.445000E-8	7.966943E-3
5.450000E-8	7.850462E-3
5.455000E-8	7.775093E-3
5.460000E-8	7.728843E-3
5.465000E-8	7.718565E-3
5.470000E-8	7.749398E-3
5.475000E-8	7.790509E-3
5.480000E-8	7.828194E-3
5.485000E-8	7.879583E-3
5.490000E-8	7.956665E-3
5.495000E-8	8.042313E-3
5.500000E-8	8.105692E-3
5.505000E-8	8.141664E-3
5.510000E-8	8.163932E-3
5.515000E-8	8.169071E-3
5.520000E-8	8.151942E-3
5.525000E-8	8.088563E-3
5.530000E-8	7.997776E-3
5.535000E-8	7.901851E-3
5.540000E-8	7.817916E-3
5.545000E-8	7.756250E-3
5.550000E-8	7.733982E-3
5.555000E-8	7.732269E-3
5.560000E-8	7.728843E-3
5.565000E-8	7.725417E-3
5.570000E-8	7.749398E-3
5.575000E-8	7.804213E-3
5.580000E-8	7.883009E-3
5.585000E-8	7.978934E-3
5.590000E-8	8.074859E-3
5.595000E-8	8.145090E-3
5.600000E-8	8.193053E-3
5.605000E-8	8.227312E-3
5.610000E-8	8.254719E-3
5.615000E-8	8.276987E-3
5.620000E-8	8.273561E-3
5.625000E-8	8.232450E-3
5.630000E-8	8.163932E-3
5.635000E-8	8.071433E-3
5.640000E-8	7.934397E-3
5.645000E-8	7.757963E-3
5.650000E-8	7.578103E-3
5.655000E-8	7.413660E-3
5.660000E-8	7.264634E-3
5.665000E-8	7.143014E-3
5.670000E-8	7.047089E-3
5.675000E-8	6.980284E-3
5.680000E-8	6.954590E-3
5.685000E-8	6.975145E-3
5.690000E-8	7.038524E-3
5.695000E-8	7.158431E-3
5.700000E-8	7.321161E-3
5.705000E-8	7.477039E-3
5.710000E-8	7.617501E-3
5.715000E-8	7.749398E-3
5.720000E-8	7.833333E-3
5.725000E-8	7.841898E-3
5.730000E-8	7.816203E-3
5.735000E-8	7.783657E-3
5.740000E-8	7.703149E-3
5.745000E-8	7.591807E-3
5.750000E-8	7.506160E-3
5.755000E-8	7.444493E-3
5.760000E-8	7.367411E-3
5.765000E-8	7.297180E-3
5.770000E-8	7.237226E-3
5.775000E-8	7.170421E-3
5.780000E-8	7.108755E-3
5.785000E-8	7.057367E-3
5.790000E-8	7.004265E-3
5.795000E-8	6.952877E-3
5.800000E-8	6.934034E-3
5.805000E-8	6.940886E-3
5.810000E-8	6.971719E-3
5.815000E-8	7.031672E-3
5.820000E-8	7.117320E-3
5.825000E-8	7.220097E-3
5.830000E-8	7.331439E-3
5.835000E-8	7.454771E-3
5.840000E-8	7.572965E-3
5.845000E-8	7.667177E-3
5.850000E-8	7.710001E-3
5.855000E-8	7.713426E-3
5.860000E-8	7.686019E-3
5.865000E-8	7.626066E-3
5.870000E-8	7.542131E-3
5.875000E-8	7.456484E-3
5.880000E-8	7.379401E-3
5.885000E-8	7.314309E-3
5.890000E-8	7.269772E-3
5.895000E-8	7.233800E-3
5.900000E-8	7.190977E-3
5.905000E-8	7.158431E-3
5.910000E-8	7.141301E-3
5.915000E-8	7.119033E-3
5.920000E-8	7.088200E-3
5.925000E-8	7.050515E-3
5.930000E-8	7.007691E-3
5.935000E-8	6.949451E-3
5.940000E-8	6.874081E-3
5.945000E-8	6.790146E-3
5.950000E-8	6.723341E-3
5.955000E-8	6.692508E-3
5.960000E-8	6.697647E-3
5.965000E-8	6.721628E-3
5.970000E-8	6.759313E-3
5.975000E-8	6.819267E-3
5.980000E-8	6.896349E-3
5.985000E-8	6.973432E-3
5.990000E-8	7.035098E-3
5.995000E-8	7.100190E-3
6.000000E-8	7.180699E-3
6.005000E-8	7.233800E-3
6.010000E-8	7.242365E-3
6.015000E-8	7.238939E-3
6.020000E-8	7.225236E-3
6.025000E-8	7.163570E-3
6.030000E-8	7.077922E-3
6.035000E-8	7.026534E-3
6.040000E-8	6.978571E-3
6.045000E-8	6.908340E-3
6.050000E-8	6.870655E-3
6.055000E-8	6.879220E-3
6.060000E-8	6.879220E-3
6.065000E-8	6.858664E-3
6.070000E-8	6.851813E-3
6.075000E-8	6.839822E-3
6.080000E-8	6.781582E-3
6.085000E-8	6.716490E-3
6.090000E-8	6.647972E-3
6.095000E-8	6.553759E-3
6.100000E-8	6.452695E-3
6.105000E-8	6.375612E-3
6.110000E-8	6.301956E-3
6.115000E-8	6.248854E-3
6.120000E-8	6.236864E-3
6.125000E-8	6.260845E-3
6.130000E-8	6.293391E-3
6.135000E-8	6.360196E-3
6.140000E-8	6.437279E-3
6.145000E-8	6.490380E-3
6.150000E-8	6.533204E-3
6.155000E-8	6.579454E-3
6.160000E-8	6.600009E-3
6.165000E-8	6.605148E-3
6.170000E-8	6.622277E-3
6.175000E-8	6.637694E-3
6.180000E-8	6.651397E-3
6.185000E-8	6.673666E-3
6.190000E-8	6.690795E-3
6.195000E-8	6.675379E-3
6.200000E-8	6.637694E-3
6.205000E-8	6.591444E-3
6.210000E-8	6.531491E-3
6.215000E-8	6.478390E-3
6.220000E-8	6.435566E-3
6.225000E-8	6.391029E-3
6.230000E-8	6.365335E-3
6.235000E-8	6.368761E-3
6.240000E-8	6.358483E-3
6.245000E-8	6.334502E-3
6.250000E-8	6.344779E-3
6.255000E-8	6.370474E-3
6.260000E-8	6.372187E-3
6.265000E-8	6.385890E-3
6.270000E-8	6.430427E-3
6.275000E-8	6.454408E-3
6.280000E-8	6.449269E-3
6.285000E-8	6.438992E-3
6.290000E-8	6.435566E-3
6.295000E-8	6.440705E-3
6.300000E-8	6.464686E-3
6.305000E-8	6.493806E-3
6.310000E-8	6.505797E-3
6.315000E-8	6.519500E-3
6.320000E-8	6.533204E-3
6.325000E-8	6.538343E-3
6.330000E-8	6.541769E-3
6.335000E-8	6.560611E-3
6.340000E-8	6.576028E-3
6.345000E-8	6.579454E-3
6.350000E-8	6.567463E-3
6.355000E-8	6.529778E-3
6.360000E-8	6.464686E-3
6.365000E-8	6.391029E-3
6.370000E-8	6.305382E-3
6.375000E-8	6.223160E-3
6.380000E-8	6.163207E-3
6.385000E-8	6.120383E-3
6.390000E-8	6.068994E-3
6.395000E-8	6.033022E-3
6.400000E-8	6.027884E-3
6.405000E-8	6.019319E-3
6.410000E-8	6.003902E-3
6.415000E-8	6.007328E-3
6.420000E-8	6.026171E-3
6.425000E-8	6.045013E-3
6.430000E-8	6.072420E-3
6.435000E-8	6.092976E-3
6.440000E-8	6.075846E-3
6.445000E-8	6.041587E-3
6.450000E-8	6.019319E-3
6.455000E-8	6.000476E-3
6.460000E-8	5.985060E-3
6.465000E-8	5.983347E-3
6.470000E-8	5.988486E-3
6.475000E-8	5.998763E-3
6.480000E-8	6.010754E-3
6.485000E-8	5.993625E-3
6.490000E-8	5.942236E-3
6.495000E-8	5.892561E-3
6.500000E-8	5.853163E-3
6.505000E-8	5.803487E-3
6.510000E-8	5.750386E-3
6.515000E-8	5.707562E-3
6.520000E-8	5.661312E-3
6.525000E-8	5.621914E-3
6.530000E-8	5.604785E-3
6.535000E-8	5.611637E-3
6.540000E-8	5.627053E-3
6.545000E-8	5.661312E-3
6.550000E-8	5.687007E-3
6.555000E-8	5.685294E-3
6.560000E-8	5.678442E-3
6.565000E-8	5.678442E-3
6.570000E-8	5.675016E-3
6.575000E-8	5.678442E-3
6.580000E-8	5.714414E-3
6.585000E-8	5.746960E-3
6.590000E-8	5.741821E-3
6.595000E-8	5.716127E-3
6.600000E-8	5.692145E-3
6.605000E-8	5.669877E-3
6.610000E-8	5.647609E-3
6.615000E-8	5.621914E-3
6.620000E-8	5.585943E-3
6.625000E-8	5.551684E-3
6.630000E-8	5.524276E-3
6.635000E-8	5.486591E-3
6.640000E-8	5.448907E-3
6.645000E-8	5.435203E-3
6.650000E-8	5.440342E-3
6.655000E-8	5.452332E-3
6.660000E-8	5.479740E-3
6.665000E-8	5.525989E-3
6.670000E-8	5.582517E-3
6.675000E-8	5.652748E-3
6.680000E-8	5.734969E-3
6.685000E-8	5.801774E-3
6.690000E-8	5.834320E-3
6.695000E-8	5.846311E-3
6.700000E-8	5.837746E-3
6.705000E-8	5.808626E-3
6.710000E-8	5.789784E-3
6.715000E-8	5.782932E-3
6.720000E-8	5.762376E-3
6.725000E-8	5.734969E-3
6.730000E-8	5.733256E-3
6.735000E-8	5.757238E-3
6.740000E-8	5.777793E-3
6.745000E-8	5.800061E-3
6.750000E-8	5.824043E-3
6.755000E-8	5.832607E-3
6.760000E-8	5.813765E-3
6.765000E-8	5.764089E-3
6.770000E-8	5.687007E-3
6.775000E-8	5.592794E-3
6.780000E-8	5.484878E-3
6.785000E-8	5.347842E-3
6.790000E-8	5.190251E-3
6.795000E-8	5.041224E-3
6.800000E-8	4.916179E-3
6.805000E-8	4.799698E-3
6.810000E-8	4.710625E-3
6.815000E-8	4.662662E-3
6.820000E-8	4.657524E-3
6.825000E-8	4.686644E-3
6.830000E-8	4.739745E-3
6.835000E-8	4.816828E-3
6.840000E-8	4.917892E-3
6.845000E-8	5.030947E-3
6.850000E-8	5.138863E-3
6.855000E-8	5.239927E-3
6.860000E-8	5.339278E-3
6.865000E-8	5.416360E-3
6.870000E-8	5.454045E-3
6.875000E-8	5.452332E-3
6.880000E-8	5.435203E-3
6.885000E-8	5.409509E-3
6.890000E-8	5.382101E-3
6.895000E-8	5.346130E-3
6.900000E-8	5.296454E-3
6.905000E-8	5.239927E-3
6.910000E-8	5.197103E-3
6.915000E-8	5.200529E-3
6.920000E-8	5.245065E-3
6.925000E-8	5.296454E-3
6.930000E-8	5.356407E-3
6.935000E-8	5.428351E-3
6.940000E-8	5.493443E-3
6.945000E-8	5.551684E-3
6.950000E-8	5.616776E-3
6.955000E-8	5.666451E-3
6.960000E-8	5.683581E-3
6.965000E-8	5.693858E-3
6.970000E-8	5.721266E-3
6.975000E-8	5.743534E-3
6.980000E-8	5.719553E-3
6.985000E-8	5.664738E-3
6.990000E-8	5.599646E-3
6.995000E-8	5.524276E-3
7.000000E-8	5.430064E-3
7.005000E-8	5.330713E-3
7.010000E-8	5.234788E-3
7.015000E-8	5.133724E-3
7.020000E-8	5.039511E-3
7.025000E-8	4.976132E-3
7.030000E-8	4.936734E-3
7.035000E-8	4.911040E-3
7.040000E-8	4.926457E-3
7.045000E-8	4.996688E-3
7.050000E-8	5.084048E-3
7.055000E-8	5.164557E-3
7.060000E-8	5.234788E-3
7.065000E-8	5.287889E-3
7.070000E-8	5.339278E-3
7.075000E-8	5.414648E-3
7.080000E-8	5.481453E-3
7.085000E-8	5.513999E-3
7.090000E-8	5.527702E-3
7.095000E-8	5.534554E-3
7.100000E-8	5.519137E-3
7.105000E-8	5.479740E-3
7.110000E-8	5.428351E-3
7.115000E-8	5.356407E-3
7.120000E-8	5.250204E-3
7.125000E-8	5.121733E-3
7.130000E-8	5.005252E-3
7.135000E-8	4.924744E-3
7.140000E-8	4.863078E-3
7.145000E-8	4.797986E-3
7.150000E-8	4.746597E-3
7.155000E-8	4.726042E-3
7.160000E-8	4.738032E-3
7.165000E-8	4.772291E-3
7.170000E-8	4.825393E-3
7.175000E-8	4.890485E-3
7.180000E-8	4.950438E-3
7.185000E-8	5.010391E-3
7.190000E-8	5.072058E-3
7.195000E-8	5.120020E-3
7.200000E-8	5.144001E-3
7.205000E-8	5.140576E-3
7.210000E-8	5.125159E-3
7.215000E-8	5.102891E-3
7.220000E-8	5.077196E-3
7.225000E-8	5.049789E-3
7.230000E-8	5.039511E-3
7.235000E-8	5.042937E-3
7.240000E-8	5.048076E-3
7.245000E-8	5.053215E-3
7.250000E-8	5.068632E-3
7.255000E-8	5.096039E-3
7.260000E-8	5.113168E-3
7.265000E-8	5.120020E-3
7.270000E-8	5.145714E-3
7.275000E-8	5.198816E-3
7.280000E-8	5.258769E-3
7.285000E-8	5.313583E-3
7.290000E-8	5.382101E-3
7.295000E-8	5.469462E-3
7.300000E-8	5.537980E-3
7.305000E-8	5.572239E-3
7.310000E-8	5.585943E-3
7.315000E-8	5.591081E-3
7.320000E-8	5.573952E-3
7.325000E-8	5.536267E-3
7.330000E-8	5.481453E-3
7.335000E-8	5.406083E-3
7.340000E-8	5.329000E-3
7.345000E-8	5.267334E-3
7.350000E-8	5.209094E-3
7.355000E-8	5.138863E-3
7.360000E-8	5.056641E-3
7.365000E-8	4.981271E-3
7.370000E-8	4.914466E-3
7.375000E-8	4.851087E-3
7.380000E-8	4.772291E-3
7.385000E-8	4.669514E-3
7.390000E-8	4.563311E-3
7.395000E-8	4.474238E-3
7.400000E-8	4.404007E-3
7.405000E-8	4.350906E-3
7.410000E-8	4.326924E-3
7.415000E-8	4.347480E-3
7.420000E-8	4.412572E-3
7.425000E-8	4.493080E-3
7.430000E-8	4.585580E-3
7.435000E-8	4.666088E-3
7.440000E-8	4.708912E-3
7.445000E-8	4.696921E-3
7.450000E-8	4.636968E-3
7.455000E-8	4.539330E-3
7.460000E-8	4.424562E-3
7.465000E-8	4.323498E-3
7.470000E-8	4.230999E-3
7.475000E-8	4.131648E-3
7.480000E-8	4.035723E-3
7.485000E-8	3.963779E-3
7.490000E-8	3.938085E-3
7.495000E-8	3.962066E-3
7.500000E-8	4.010028E-3
7.505000E-8	4.069982E-3
7.510000E-8	4.152203E-3
7.515000E-8	4.263545E-3
7.520000E-8	4.369748E-3
7.525000E-8	4.431414E-3
7.530000E-8	4.467386E-3
7.535000E-8	4.482803E-3
7.540000E-8	4.472525E-3
7.545000E-8	4.446831E-3
7.550000E-8	4.424562E-3
7.555000E-8	4.395442E-3
7.560000E-8	4.349193E-3
7.565000E-8	4.299517E-3
7.570000E-8	4.242990E-3
7.575000E-8	4.189888E-3
7.580000E-8	4.162481E-3
7.585000E-8	4.157342E-3
7.590000E-8	4.167620E-3
7.595000E-8	4.208731E-3
7.600000E-8	4.266971E-3
7.605000E-8	4.326924E-3
7.610000E-8	4.393729E-3
7.615000E-8	4.465673E-3
7.620000E-8	4.513636E-3
7.625000E-8	4.510210E-3
7.630000E-8	4.467386E-3
7.635000E-8	4.405720E-3
7.640000E-8	4.311508E-3
7.645000E-8	4.179611E-3
7.650000E-8	4.020306E-3
7.655000E-8	3.876418E-3
7.660000E-8	3.777067E-3
7.665000E-8	3.729105E-3
7.670000E-8	3.734244E-3
7.675000E-8	3.780493E-3
7.680000E-8	3.861002E-3
7.685000E-8	3.962066E-3
7.690000E-8	4.083685E-3
7.695000E-8	4.213870E-3
7.700000E-8	4.330350E-3
7.705000E-8	4.429701E-3
7.710000E-8	4.523913E-3
7.715000E-8	4.587293E-3
7.720000E-8	4.602709E-3
7.725000E-8	4.589006E-3
7.730000E-8	4.551321E-3
7.735000E-8	4.484516E-3
7.740000E-8	4.392016E-3
7.745000E-8	4.297804E-3
7.750000E-8	4.220721E-3
7.755000E-8	4.160768E-3
7.760000E-8	4.133361E-3
7.765000E-8	4.126509E-3
7.770000E-8	4.128222E-3
7.775000E-8	4.150490E-3
7.780000E-8	4.205305E-3
7.785000E-8	4.265258E-3
7.790000E-8	4.309795E-3
7.795000E-8	4.356044E-3
7.800000E-8	4.398868E-3
7.805000E-8	4.409146E-3
7.810000E-8	4.398868E-3
7.815000E-8	4.400581E-3
7.820000E-8	4.410859E-3
7.825000E-8	4.402294E-3
7.830000E-8	4.378313E-3
7.835000E-8	4.340628E-3
7.840000E-8	4.280675E-3
7.845000E-8	4.200166E-3
7.850000E-8	4.114518E-3
7.855000E-8	4.032297E-3
7.860000E-8	3.979195E-3
7.865000E-8	3.975769E-3
7.870000E-8	4.004890E-3
7.875000E-8	4.037436E-3
7.880000E-8	4.064843E-3
7.885000E-8	4.099102E-3
7.890000E-8	4.133361E-3
7.895000E-8	4.152203E-3
7.900000E-8	4.148777E-3
7.905000E-8	4.124796E-3
7.910000E-8	4.090537E-3
7.915000E-8	4.037436E-3
7.920000E-8	3.962066E-3
7.925000E-8	3.861002E-3
7.930000E-8	3.759938E-3
7.935000E-8	3.676003E-3
7.940000E-8	3.616050E-3
7.945000E-8	3.593782E-3
7.950000E-8	3.633179E-3
7.955000E-8	3.715401E-3
7.960000E-8	3.833595E-3
7.965000E-8	3.987760E-3
7.970000E-8	4.159055E-3
7.975000E-8	4.297804E-3
7.980000E-8	4.419424E-3
7.985000E-8	4.529052E-3
7.990000E-8	4.612987E-3
7.995000E-8	4.655811E-3
8.000000E-8	4.645533E-3
8.005000E-8	4.565024E-3
8.010000E-8	4.422849E-3
8.015000E-8	4.249841E-3
8.020000E-8	4.039149E-3
8.025000E-8	3.811326E-3
8.030000E-8	3.634892E-3
8.035000E-8	3.540680E-3
8.040000E-8	3.484153E-3
8.045000E-8	3.470449E-3
8.050000E-8	3.552671E-3
8.055000E-8	3.705123E-3
8.060000E-8	3.862715E-3
8.065000E-8	4.011741E-3
8.070000E-8	4.169333E-3
8.075000E-8	4.311508E-3
8.080000E-8	4.414285E-3
8.085000E-8	4.477664E-3
8.090000E-8	4.491367E-3
8.095000E-8	4.448544E-3
8.100000E-8	4.362896E-3
8.105000E-8	4.253267E-3
8.110000E-8	4.136787E-3
8.115000E-8	4.028871E-3
8.120000E-8	3.955214E-3
8.125000E-8	3.915816E-3
8.130000E-8	3.907251E-3
8.135000E-8	3.915816E-3
8.140000E-8	3.924381E-3
8.145000E-8	3.929520E-3
8.150000E-8	3.926094E-3
8.155000E-8	3.898687E-3
8.160000E-8	3.835308E-3
8.165000E-8	3.758225E-3
8.170000E-8	3.665726E-3
8.175000E-8	3.540680E-3
8.180000E-8	3.405357E-3
8.185000E-8	3.302580E-3
8.190000E-8	3.235775E-3
8.195000E-8	3.194664E-3
8.200000E-8	3.199803E-3
8.205000E-8	3.259756E-3
8.210000E-8	3.355682E-3
8.215000E-8	3.489292E-3
8.220000E-8	3.648596E-3
8.225000E-8	3.811326E-3
8.230000E-8	3.968918E-3
8.235000E-8	4.114518E-3
8.240000E-8	4.220721E-3
8.245000E-8	4.275536E-3
8.250000E-8	4.284100E-3
8.255000E-8	4.256693E-3
8.260000E-8	4.191601E-3
8.265000E-8	4.102528E-3
8.270000E-8	3.996325E-3
8.275000E-8	3.869567E-3
8.280000E-8	3.722253E-3
8.285000E-8	3.562949E-3
8.290000E-8	3.415635E-3
8.295000E-8	3.294015E-3
8.300000E-8	3.201516E-3
8.305000E-8	3.122720E-3
8.310000E-8	3.079897E-3
8.315000E-8	3.079897E-3
8.320000E-8	3.112443E-3
8.325000E-8	3.168970E-3
8.330000E-8	3.252905E-3
8.335000E-8	3.336839E-3
8.340000E-8	3.415635E-3
8.345000E-8	3.513273E-3
8.350000E-8	3.616050E-3
8.355000E-8	3.679429E-3
8.360000E-8	3.698272E-3
8.365000E-8	3.705123E-3
8.370000E-8	3.708549E-3
8.375000E-8	3.708549E-3
8.380000E-8	3.722253E-3
8.385000E-8	3.735956E-3
8.390000E-8	3.737669E-3
8.395000E-8	3.729105E-3
8.400000E-8	3.734244E-3
8.405000E-8	3.739382E-3
8.410000E-8	3.741095E-3
8.415000E-8	3.746234E-3
8.420000E-8	3.756512E-3
8.425000E-8	3.770215E-3
8.430000E-8	3.785632E-3
8.435000E-8	3.785632E-3
8.440000E-8	3.771928E-3
8.445000E-8	3.775354E-3
8.450000E-8	3.814752E-3
8.455000E-8	3.857576E-3
8.460000E-8	3.890122E-3
8.465000E-8	3.934659E-3
8.470000E-8	4.010028E-3
8.475000E-8	4.090537E-3
8.480000E-8	4.135074E-3
8.485000E-8	4.145352E-3
8.490000E-8	4.124796E-3
8.495000E-8	4.075121E-3
8.500000E-8	3.980908E-3
8.505000E-8	3.862715E-3
8.510000E-8	3.758225E-3
8.515000E-8	3.687994E-3
8.520000E-8	3.645170E-3
8.525000E-8	3.641744E-3
8.530000E-8	3.687994E-3
8.535000E-8	3.758225E-3
8.540000E-8	3.835308E-3
8.545000E-8	3.922668E-3
8.550000E-8	4.035723E-3
8.555000E-8	4.138500E-3
8.560000E-8	4.201879E-3
8.565000E-8	4.212157E-3
8.570000E-8	4.177898E-3
8.575000E-8	4.121370E-3
8.580000E-8	4.028871E-3
8.585000E-8	3.888409E-3
8.590000E-8	3.718827E-3
8.595000E-8	3.552671E-3
8.600000E-8	3.401931E-3
8.605000E-8	3.283738E-3
8.610000E-8	3.210081E-3
8.615000E-8	3.186100E-3
8.620000E-8	3.182674E-3
8.625000E-8	3.218646E-3
8.630000E-8	3.290589E-3
8.635000E-8	3.367672E-3
8.640000E-8	3.441329E-3
8.645000E-8	3.509847E-3
8.650000E-8	3.568087E-3
8.655000E-8	3.588643E-3
8.660000E-8	3.581791E-3
8.665000E-8	3.566374E-3
8.670000E-8	3.520125E-3
8.675000E-8	3.446468E-3
8.680000E-8	3.393366E-3
8.685000E-8	3.369385E-3
8.690000E-8	3.362533E-3
8.695000E-8	3.376237E-3
8.700000E-8	3.434477E-3
8.705000E-8	3.526977E-3
8.710000E-8	3.633179E-3
8.715000E-8	3.746234E-3
8.720000E-8	3.861002E-3
8.725000E-8	3.948362E-3
8.730000E-8	3.989473E-3
8.735000E-8	3.998038E-3
8.740000E-8	3.982621E-3
8.745000E-8	3.956927E-3
8.750000E-8	3.924381E-3
8.755000E-8	3.888409E-3
8.760000E-8	3.837021E-3
8.765000E-8	3.785632E-3
8.770000E-8	3.723966E-3
8.775000E-8	3.655448E-3
8.780000E-8	3.597208E-3
8.785000E-8	3.573226E-3
8.790000E-8	3.569800E-3
8.795000E-8	3.557810E-3
8.800000E-8	3.528690E-3
8.805000E-8	3.496143E-3
8.810000E-8	3.449894E-3
8.815000E-8	3.374524E-3
8.820000E-8	3.294015E-3
8.825000E-8	3.210081E-3
8.830000E-8	3.127859E-3
8.835000E-8	3.078184E-3
8.840000E-8	3.076471E-3
8.845000E-8	3.093600E-3
8.850000E-8	3.132998E-3
8.855000E-8	3.216933E-3
8.860000E-8	3.319710E-3
8.865000E-8	3.401931E-3
8.870000E-8	3.479014E-3
8.875000E-8	3.585217E-3
8.880000E-8	3.679429E-3
8.885000E-8	3.713688E-3
8.890000E-8	3.699985E-3
8.895000E-8	3.653735E-3
8.900000E-8	3.588643E-3
8.905000E-8	3.509847E-3
8.910000E-8	3.425913E-3
8.915000E-8	3.338552E-3
8.920000E-8	3.282025E-3
8.925000E-8	3.256330E-3
8.930000E-8	3.242627E-3
8.935000E-8	3.235775E-3
8.940000E-8	3.240914E-3
8.945000E-8	3.251192E-3
8.950000E-8	3.247766E-3
8.955000E-8	3.228923E-3
8.960000E-8	3.201516E-3
8.965000E-8	3.168970E-3
8.970000E-8	3.136424E-3
8.975000E-8	3.102165E-3
8.980000E-8	3.071332E-3
8.985000E-8	3.052489E-3
8.990000E-8	3.055915E-3
8.995000E-8	3.076471E-3
9.000000E-8	3.095313E-3
9.005000E-8	3.119294E-3
9.010000E-8	3.168970E-3
9.015000E-8	3.234062E-3
9.020000E-8	3.292302E-3
9.025000E-8	3.331700E-3
9.030000E-8	3.357395E-3
9.035000E-8	3.365959E-3
9.040000E-8	3.359107E-3
9.045000E-8	3.350543E-3
9.050000E-8	3.350543E-3
9.055000E-8	3.355682E-3
9.060000E-8	3.362533E-3
9.065000E-8	3.362533E-3
9.070000E-8	3.377950E-3
9.075000E-8	3.444755E-3
9.080000E-8	3.530402E-3
9.085000E-8	3.590356E-3
9.090000E-8	3.640031E-3
9.095000E-8	3.698272E-3
9.100000E-8	3.730818E-3
9.105000E-8	3.727392E-3
9.110000E-8	3.713688E-3
9.115000E-8	3.708549E-3
9.120000E-8	3.687994E-3
9.125000E-8	3.646883E-3
9.130000E-8	3.597208E-3
9.135000E-8	3.545819E-3
9.140000E-8	3.501282E-3
9.145000E-8	3.475588E-3
9.150000E-8	3.451607E-3
9.155000E-8	3.424200E-3
9.160000E-8	3.403644E-3
9.165000E-8	3.398505E-3
9.170000E-8	3.389941E-3
9.175000E-8	3.367672E-3
9.180000E-8	3.345404E-3
9.185000E-8	3.311145E-3
9.190000E-8	3.270034E-3
9.195000E-8	3.240914E-3
9.200000E-8	3.215220E-3
9.205000E-8	3.163831E-3
9.210000E-8	3.114156E-3
9.215000E-8	3.088461E-3
9.220000E-8	3.074758E-3
9.225000E-8	3.050776E-3
9.230000E-8	3.033647E-3
9.235000E-8	3.030221E-3
9.240000E-8	3.023369E-3
9.245000E-8	3.016517E-3
9.250000E-8	3.018230E-3
9.255000E-8	3.031934E-3
9.260000E-8	3.066193E-3
9.265000E-8	3.107304E-3
9.270000E-8	3.110730E-3
9.275000E-8	3.083322E-3
9.280000E-8	3.071332E-3
9.285000E-8	3.069619E-3
9.290000E-8	3.062767E-3
9.295000E-8	3.067906E-3
9.300000E-8	3.105591E-3
9.305000E-8	3.150128E-3
9.310000E-8	3.175822E-3
9.315000E-8	3.191238E-3
9.320000E-8	3.208368E-3
9.325000E-8	3.237488E-3
9.330000E-8	3.275173E-3
9.335000E-8	3.302580E-3
9.340000E-8	3.312858E-3
9.345000E-8	3.328274E-3
9.350000E-8	3.336839E-3
9.355000E-8	3.324848E-3
9.360000E-8	3.288877E-3
9.365000E-8	3.246053E-3
9.370000E-8	3.201516E-3
9.375000E-8	3.150128E-3
9.380000E-8	3.109017E-3
9.385000E-8	3.098739E-3
9.390000E-8	3.112443E-3
9.395000E-8	3.127859E-3
9.400000E-8	3.153553E-3
9.405000E-8	3.210081E-3
9.410000E-8	3.282025E-3
9.415000E-8	3.345404E-3
9.420000E-8	3.388228E-3
9.425000E-8	3.419061E-3
9.430000E-8	3.453320E-3
9.435000E-8	3.506421E-3
9.440000E-8	3.559523E-3
9.445000E-8	3.571513E-3
9.450000E-8	3.537254E-3
9.455000E-8	3.482440E-3
9.460000E-8	3.417348E-3
9.465000E-8	3.324848E-3
9.470000E-8	3.220359E-3
9.475000E-8	3.115869E-3
9.480000E-8	3.021656E-3
9.485000E-8	2.956564E-3
9.490000E-8	2.917166E-3
9.495000E-8	2.912027E-3
9.500000E-8	2.951425E-3
9.505000E-8	3.021656E-3
9.510000E-8	3.107304E-3
9.515000E-8	3.218646E-3
9.520000E-8	3.336839E-3
9.525000E-8	3.437903E-3
9.530000E-8	3.502995E-3
9.535000E-8	3.542393E-3
9.540000E-8	3.557810E-3
9.545000E-8	3.535541E-3
9.550000E-8	3.489292E-3
9.555000E-8	3.436190E-3
9.560000E-8	3.384802E-3
9.565000E-8	3.321423E-3
9.570000E-8	3.240914E-3
9.575000E-8	3.163831E-3
9.580000E-8	3.114156E-3
9.585000E-8	3.086748E-3
9.590000E-8	3.071332E-3
9.595000E-8	3.064480E-3
9.600000E-8	3.064480E-3
9.605000E-8	3.045638E-3
9.610000E-8	3.023369E-3
9.615000E-8	3.009666E-3
9.620000E-8	2.987397E-3
9.625000E-8	2.947999E-3
9.630000E-8	2.893185E-3
9.635000E-8	2.809250E-3
9.640000E-8	2.684205E-3
9.645000E-8	2.545456E-3
9.650000E-8	2.410133E-3
9.655000E-8	2.288514E-3
9.660000E-8	2.194301E-3
9.665000E-8	2.132635E-3
9.670000E-8	2.093237E-3
9.675000E-8	2.069256E-3
9.680000E-8	2.079534E-3
9.685000E-8	2.120645E-3
9.690000E-8	2.177172E-3
9.695000E-8	2.252542E-3
9.700000E-8	2.363883E-3
9.705000E-8	2.495781E-3
9.710000E-8	2.617400E-3
9.715000E-8	2.723603E-3
9.720000E-8	2.788695E-3
9.725000E-8	2.819528E-3
9.730000E-8	2.864065E-3
9.735000E-8	2.932583E-3
9.740000E-8	2.980545E-3
9.745000E-8	3.019943E-3
9.750000E-8	3.083322E-3
9.755000E-8	3.143276E-3
9.760000E-8	3.179248E-3
9.765000E-8	3.222071E-3
9.770000E-8	3.283738E-3
9.775000E-8	3.323136E-3
9.780000E-8	3.348830E-3
9.785000E-8	3.388228E-3
9.790000E-8	3.422487E-3
9.795000E-8	3.434477E-3
9.800000E-8	3.436190E-3
9.805000E-8	3.427625E-3
9.810000E-8	3.410496E-3
9.815000E-8	3.400218E-3
9.820000E-8	3.400218E-3
9.825000E-8	3.398505E-3
9.830000E-8	3.396792E-3
9.835000E-8	3.379663E-3
9.840000E-8	3.328274E-3
9.845000E-8	3.251192E-3
9.850000E-8	3.138137E-3
9.855000E-8	3.001101E-3
9.860000E-8	2.872630E-3
9.865000E-8	2.759575E-3
9.870000E-8	2.656798E-3
9.875000E-8	2.584854E-3
9.880000E-8	2.557447E-3
9.885000E-8	2.555734E-3
9.890000E-8	2.578002E-3
9.895000E-8	2.627678E-3
9.900000E-8	2.684205E-3
9.905000E-8	2.739020E-3
9.910000E-8	2.804112E-3
9.915000E-8	2.862352E-3
9.920000E-8	2.893185E-3
9.925000E-8	2.906889E-3
9.930000E-8	2.903463E-3
9.935000E-8	2.864065E-3
9.940000E-8	2.798973E-3
9.945000E-8	2.713325E-3
9.950000E-8	2.619113E-3
9.955000E-8	2.545456E-3
9.960000E-8	2.516336E-3
9.965000E-8	2.507771E-3
9.970000E-8	2.502632E-3
9.975000E-8	2.507771E-3
9.980000E-8	2.540317E-3
9.985000E-8	2.569437E-3
9.990000E-8	2.595132E-3
9.995000E-8	2.651659E-3
1.000000E-7	2.735594E-3
1.000500E-7	2.807538E-3
1.001000E-7	2.872630E-3
1.001500E-7	2.939435E-3
1.002000E-7	2.980545E-3
1.002500E-7	2.985684E-3
1.003000E-7	2.970268E-3
1.003500E-7	2.912027E-3
1.004000E-7	2.810963E-3
1.004500E-7	2.706473E-3
1.005000E-7	2.620826E-3
1.005500E-7	2.540317E-3
1.006000E-7	2.476938E-3
1.006500E-7	2.437540E-3
1.007000E-7	2.428976E-3
1.007500E-7	2.449531E-3
1.008000E-7	2.499207E-3
1.008500E-7	2.557447E-3
1.009000E-7	2.639668E-3
1.009500E-7	2.740732E-3
1.010000E-7	2.855500E-3
1.010500E-7	2.980545E-3
1.011000E-7	3.121007E-3
1.011500E-7	3.242627E-3
1.012000E-7	3.333413E-3
1.012500E-7	3.393366E-3
1.013000E-7	3.400218E-3
1.013500E-7	3.357395E-3
1.014000E-7	3.292302E-3
1.014500E-7	3.201516E-3
1.015000E-7	3.071332E-3
1.015500E-7	2.939435E-3
1.016000E-7	2.812676E-3
1.016500E-7	2.656798E-3
1.017000E-7	2.506058E-3
1.017500E-7	2.408420E-3
1.018000E-7	2.351893E-3
1.018500E-7	2.326199E-3
1.019000E-7	2.357032E-3
1.019500E-7	2.422124E-3
1.020000E-7	2.476938E-3
1.020500E-7	2.528327E-3
1.021000E-7	2.583141E-3
1.021500E-7	2.625965E-3
1.022000E-7	2.663650E-3
1.022500E-7	2.709899E-3
1.023000E-7	2.737307E-3
1.023500E-7	2.735594E-3
1.024000E-7	2.730455E-3
1.024500E-7	2.723603E-3
1.025000E-7	2.721890E-3
1.025500E-7	2.733881E-3
1.026000E-7	2.751010E-3
1.026500E-7	2.749297E-3
1.027000E-7	2.751010E-3
1.027500E-7	2.763001E-3
1.028000E-7	2.783556E-3
1.028500E-7	2.812676E-3
1.029000E-7	2.853787E-3
1.029500E-7	2.894898E-3
1.030000E-7	2.924018E-3
1.030500E-7	2.934296E-3
1.031000E-7	2.939435E-3
1.031500E-7	2.949712E-3
1.032000E-7	2.953138E-3
1.032500E-7	2.929157E-3
1.033000E-7	2.893185E-3
1.033500E-7	2.865778E-3
1.034000E-7	2.840084E-3
1.034500E-7	2.805825E-3
1.035000E-7	2.761288E-3
1.035500E-7	2.725316E-3
1.036000E-7	2.701335E-3
1.036500E-7	2.694483E-3
1.037000E-7	2.711612E-3
1.037500E-7	2.773279E-3
1.038000E-7	2.867491E-3
1.038500E-7	2.965129E-3
1.039000E-7	3.047351E-3
1.039500E-7	3.121007E-3
1.040000E-7	3.186100E-3
1.040500E-7	3.234062E-3
1.041000E-7	3.263182E-3
1.041500E-7	3.270034E-3
1.042000E-7	3.252905E-3
1.042500E-7	3.213507E-3
1.043000E-7	3.167257E-3
1.043500E-7	3.127859E-3
1.044000E-7	3.086748E-3
1.044500E-7	3.038786E-3
1.045000E-7	3.006240E-3
1.045500E-7	2.997675E-3
1.046000E-7	3.004527E-3
1.046500E-7	3.011379E-3
1.047000E-7	3.013092E-3
1.047500E-7	3.007953E-3
1.048000E-7	2.999388E-3
1.048500E-7	2.983971E-3
1.049000E-7	2.947999E-3
1.049500E-7	2.882907E-3
1.050000E-7	2.800686E-3
1.050500E-7	2.715038E-3
1.051000E-7	2.631104E-3
1.051500E-7	2.566012E-3
1.052000E-7	2.533466E-3
1.052500E-7	2.524901E-3
1.053000E-7	2.523188E-3
1.053500E-7	2.514623E-3
1.054000E-7	2.497494E-3
1.054500E-7	2.492355E-3
1.055000E-7	2.500919E-3
1.055500E-7	2.495781E-3
1.056000E-7	2.473512E-3
1.056500E-7	2.464948E-3
1.057000E-7	2.463235E-3
1.057500E-7	2.446105E-3
1.058000E-7	2.416985E-3
1.058500E-7	2.401568E-3
1.059000E-7	2.408420E-3
1.059500E-7	2.446105E-3
1.060000E-7	2.490642E-3
1.060500E-7	2.524901E-3
1.061000E-7	2.562586E-3
1.061500E-7	2.613974E-3
1.062000E-7	2.658511E-3
1.062500E-7	2.696196E-3
1.063000E-7	2.742445E-3
1.063500E-7	2.790408E-3
1.064000E-7	2.807538E-3
1.064500E-7	2.809250E-3
1.065000E-7	2.804112E-3
1.065500E-7	2.778417E-3
1.066000E-7	2.735594E-3
1.066500E-7	2.696196E-3
1.067000E-7	2.670502E-3
1.067500E-7	2.651659E-3
1.068000E-7	2.629391E-3
1.068500E-7	2.608835E-3
1.069000E-7	2.608835E-3
1.069500E-7	2.637955E-3
1.070000E-7	2.679066E-3
1.070500E-7	2.709899E-3
1.071000E-7	2.751010E-3
1.071500E-7	2.795547E-3
1.072000E-7	2.817815E-3
1.072500E-7	2.821241E-3
1.073000E-7	2.821241E-3
1.073500E-7	2.812676E-3
1.074000E-7	2.788695E-3
1.074500E-7	2.761288E-3
1.075000E-7	2.751010E-3
1.075500E-7	2.766427E-3
1.076000E-7	2.795547E-3
1.076500E-7	2.828093E-3
1.077000E-7	2.867491E-3
1.077500E-7	2.917166E-3
1.078000E-7	2.959990E-3
1.078500E-7	2.977120E-3
1.079000E-7	2.983971E-3
1.079500E-7	2.989110E-3
1.080000E-7	2.985684E-3
1.080500E-7	2.963416E-3
1.081000E-7	2.917166E-3
1.081500E-7	2.853787E-3
1.082000E-7	2.788695E-3
1.082500E-7	2.715038E-3
1.083000E-7	2.632817E-3
1.083500E-7	2.574576E-3
1.084000E-7	2.535178E-3
1.084500E-7	2.487216E-3
1.085000E-7	2.413559E-3
1.085500E-7	2.350180E-3
1.086000E-7	2.298791E-3
1.086500E-7	2.235412E-3
1.087000E-7	2.172033E-3
1.087500E-7	2.132635E-3
1.088000E-7	2.108654E-3
1.088500E-7	2.094950E-3
1.089000E-7	2.112080E-3
1.089500E-7	2.161755E-3
1.090000E-7	2.240551E-3
1.090500E-7	2.353606E-3
1.091000E-7	2.499207E-3
1.091500E-7	2.648233E-3
1.092000E-7	2.786982E-3
1.092500E-7	2.910315E-3
1.093000E-7	2.994249E-3
1.093500E-7	3.037073E-3
1.094000E-7	3.069619E-3
1.094500E-7	3.107304E-3
1.095000E-7	3.112443E-3
1.095500E-7	3.086748E-3
1.096000E-7	3.057628E-3
1.096500E-7	3.031934E-3
1.097000E-7	3.007953E-3
1.097500E-7	2.999388E-3
1.098000E-7	2.994249E-3
1.098500E-7	2.968555E-3
1.099000E-7	2.924018E-3
1.099500E-7	2.862352E-3
1.100000E-7	2.769853E-3
1.100500E-7	2.651659E-3
1.101000E-7	2.523188E-3
1.101500E-7	2.399855E-3
1.102000E-7	2.302217E-3
1.102500E-7	2.231986E-3
1.103000E-7	2.182311E-3
1.103500E-7	2.160042E-3
1.104000E-7	2.192588E-3
1.104500E-7	2.250829E-3
1.105000E-7	2.326199E-3
1.105500E-7	2.425550E-3
1.106000E-7	2.526614E-3
1.106500E-7	2.601984E-3
1.107000E-7	2.663650E-3
1.107500E-7	2.735594E-3
1.108000E-7	2.805825E-3
1.108500E-7	2.843509E-3
1.109000E-7	2.853787E-3
1.109500E-7	2.840084E-3
1.110000E-7	2.834945E-3
1.110500E-7	2.853787E-3
1.111000E-7	2.867491E-3
1.111500E-7	2.876056E-3
1.112000E-7	2.900037E-3
1.112500E-7	2.934296E-3
1.113000E-7	2.958277E-3
1.113500E-7	2.985684E-3
1.114000E-7	3.025082E-3
1.114500E-7	3.050776E-3
1.115000E-7	3.066193E-3
1.115500E-7	3.085035E-3
1.116000E-7	3.078184E-3
1.116500E-7	3.043925E-3
1.117000E-7	3.019943E-3
1.117500E-7	3.004527E-3
1.118000E-7	2.956564E-3
1.118500E-7	2.889759E-3
1.119000E-7	2.867491E-3
1.119500E-7	2.870917E-3
1.120000E-7	2.852074E-3
1.120500E-7	2.826380E-3
1.121000E-7	2.834945E-3
1.121500E-7	2.843509E-3
1.122000E-7	2.804112E-3
1.122500E-7	2.735594E-3
1.123000E-7	2.677353E-3
1.123500E-7	2.636243E-3
1.124000E-7	2.596845E-3
1.124500E-7	2.567725E-3
1.125000E-7	2.554021E-3
1.125500E-7	2.567725E-3
1.126000E-7	2.605409E-3
1.126500E-7	2.656798E-3
1.127000E-7	2.721890E-3
1.127500E-7	2.812676E-3
1.128000E-7	2.900037E-3
1.128500E-7	2.977120E-3
1.129000E-7	3.038786E-3
1.129500E-7	3.064480E-3
1.130000E-7	3.045638E-3
1.130500E-7	3.016517E-3
1.131000E-7	2.983971E-3
1.131500E-7	2.924018E-3
1.132000E-7	2.853787E-3
1.132500E-7	2.800686E-3
1.133000E-7	2.749297E-3
1.133500E-7	2.689344E-3
1.134000E-7	2.660224E-3
1.134500E-7	2.670502E-3
1.135000E-7	2.706473E-3
1.135500E-7	2.764714E-3
1.136000E-7	2.833232E-3
1.136500E-7	2.886333E-3
1.137000E-7	2.946286E-3
1.137500E-7	3.013092E-3
1.138000E-7	3.035360E-3
1.138500E-7	3.006240E-3
1.139000E-7	2.973694E-3
1.139500E-7	2.941148E-3
1.140000E-7	2.876056E-3
1.140500E-7	2.797260E-3
1.141000E-7	2.733881E-3
1.141500E-7	2.680779E-3
1.142000E-7	2.636243E-3
1.142500E-7	2.619113E-3
1.143000E-7	2.631104E-3
1.143500E-7	2.641381E-3
1.144000E-7	2.646520E-3
1.144500E-7	2.675640E-3
1.145000E-7	2.728742E-3
1.145500E-7	2.788695E-3
1.146000E-7	2.850361E-3
1.146500E-7	2.929157E-3
1.147000E-7	3.016517E-3
1.147500E-7	3.093600E-3
1.148000E-7	3.136424E-3
1.148500E-7	3.162118E-3
1.149000E-7	3.170683E-3
1.149500E-7	3.139850E-3
1.150000E-7	3.064480E-3
1.150500E-7	2.983971E-3
1.151000E-7	2.901750E-3
1.151500E-7	2.792121E-3
1.152000E-7	2.665363E-3
1.152500E-7	2.545456E-3
1.153000E-7	2.437540E-3
1.153500E-7	2.341615E-3
1.154000E-7	2.274810E-3
1.154500E-7	2.219996E-3
1.155000E-7	2.168607E-3
1.155500E-7	2.153191E-3
1.156000E-7	2.178885E-3
1.156500E-7	2.230273E-3
1.157000E-7	2.315921E-3
1.157500E-7	2.427263E-3
1.158000E-7	2.535178E-3
1.158500E-7	2.636243E-3
1.159000E-7	2.739020E-3
1.159500E-7	2.834945E-3
1.160000E-7	2.922305E-3
1.160500E-7	3.009666E-3
1.161000E-7	3.061054E-3
1.161500E-7	3.047351E-3
1.162000E-7	2.994249E-3
1.162500E-7	2.934296E-3
1.163000E-7	2.865778E-3
1.163500E-7	2.781843E-3
1.164000E-7	2.689344E-3
1.164500E-7	2.595132E-3
1.165000E-7	2.512910E-3
1.165500E-7	2.463235E-3
1.166000E-7	2.437540E-3
1.166500E-7	2.420411E-3
1.167000E-7	2.439253E-3
1.167500E-7	2.487216E-3
1.168000E-7	2.535178E-3
1.168500E-7	2.579715E-3
1.169000E-7	2.655085E-3
1.169500E-7	2.756149E-3
1.170000E-7	2.841797E-3
1.170500E-7	2.901750E-3
1.171000E-7	2.953138E-3
1.171500E-7	3.001101E-3
1.172000E-7	3.025082E-3
1.172500E-7	3.030221E-3
1.173000E-7	3.028508E-3
1.173500E-7	3.002814E-3
1.174000E-7	2.937722E-3
1.174500E-7	2.843509E-3
1.175000E-7	2.739020E-3
1.175500E-7	2.620826E-3
1.176000E-7	2.499207E-3
1.176500E-7	2.403281E-3
1.177000E-7	2.346754E-3
1.177500E-7	2.324486E-3
1.178000E-7	2.336476E-3
1.178500E-7	2.386152E-3
1.179000E-7	2.466660E-3
1.179500E-7	2.552308E-3
1.180000E-7	2.620826E-3
1.180500E-7	2.670502E-3
1.181000E-7	2.709899E-3
1.181500E-7	2.732168E-3
1.182000E-7	2.715038E-3
1.182500E-7	2.656798E-3
1.183000E-7	2.586567E-3
1.183500E-7	2.514623E-3
1.184000E-7	2.461522E-3
1.184500E-7	2.446105E-3
1.185000E-7	2.461522E-3
1.185500E-7	2.495781E-3
1.186000E-7	2.545456E-3
1.186500E-7	2.612261E-3
1.187000E-7	2.687631E-3
1.187500E-7	2.756149E-3
1.188000E-7	2.804112E-3
1.188500E-7	2.828093E-3
1.189000E-7	2.812676E-3
1.189500E-7	2.756149E-3
1.190000E-7	2.684205E-3
1.190500E-7	2.593419E-3
1.191000E-7	2.475225E-3
1.191500E-7	2.341615E-3
1.192000E-7	2.257681E-3
1.192500E-7	2.209718E-3
1.193000E-7	2.158329E-3
1.193500E-7	2.118932E-3
1.194000E-7	2.122358E-3
1.194500E-7	2.146339E-3
1.195000E-7	2.170320E-3
1.195500E-7	2.209718E-3
1.196000E-7	2.279949E-3
1.196500E-7	2.363883E-3
1.197000E-7	2.454670E-3
1.197500E-7	2.538604E-3
1.198000E-7	2.595132E-3
1.198500E-7	2.632817E-3
1.199000E-7	2.660224E-3
1.199500E-7	2.684205E-3
1.200000E-7	2.679066E-3
1.200500E-7	2.648233E-3
1.201000E-7	2.610548E-3
1.201500E-7	2.572863E-3
1.202000E-7	2.548882E-3
1.202500E-7	2.540317E-3
1.203000E-7	2.548882E-3
1.203500E-7	2.554021E-3
1.204000E-7	2.552308E-3
1.204500E-7	2.562586E-3
1.205000E-7	2.581428E-3
1.205500E-7	2.586567E-3
1.206000E-7	2.584854E-3
1.206500E-7	2.566012E-3
1.207000E-7	2.514623E-3
1.207500E-7	2.439253E-3
1.208000E-7	2.377587E-3
1.208500E-7	2.322773E-3
1.209000E-7	2.285088E-3
1.209500E-7	2.279949E-3
1.210000E-7	2.303930E-3
1.210500E-7	2.346754E-3
1.211000E-7	2.404994E-3
1.211500E-7	2.459809E-3
1.212000E-7	2.494068E-3
1.212500E-7	2.519762E-3
1.213000E-7	2.543743E-3
1.213500E-7	2.547169E-3
1.214000E-7	2.552308E-3
1.214500E-7	2.559160E-3
1.215000E-7	2.535178E-3
1.215500E-7	2.490642E-3
1.216000E-7	2.463235E-3
1.216500E-7	2.466660E-3
1.217000E-7	2.494068E-3
1.217500E-7	2.562586E-3
1.218000E-7	2.649946E-3
1.218500E-7	2.727029E-3
1.219000E-7	2.790408E-3
1.219500E-7	2.857213E-3
1.220000E-7	2.905176E-3
1.220500E-7	2.913740E-3
1.221000E-7	2.884620E-3
1.221500E-7	2.821241E-3
1.222000E-7	2.711612E-3
1.222500E-7	2.572863E-3
1.223000E-7	2.440966E-3
1.223500E-7	2.331337E-3
1.224000E-7	2.237125E-3
1.224500E-7	2.170320E-3
1.225000E-7	2.137774E-3
1.225500E-7	2.132635E-3
1.226000E-7	2.148052E-3
1.226500E-7	2.199440E-3
1.227000E-7	2.274810E-3
1.227500E-7	2.357032E-3
1.228000E-7	2.430689E-3
1.228500E-7	2.502632E-3
1.229000E-7	2.569437E-3
1.229500E-7	2.622539E-3
1.230000E-7	2.653372E-3
1.230500E-7	2.672214E-3
1.231000E-7	2.682492E-3
1.231500E-7	2.680779E-3
1.232000E-7	2.651659E-3
1.232500E-7	2.601984E-3
1.233000E-7	2.555734E-3
1.233500E-7	2.526614E-3
1.234000E-7	2.490642E-3
1.234500E-7	2.425550E-3
1.235000E-7	2.360458E-3
1.235500E-7	2.317634E-3
1.236000E-7	2.269671E-3
1.236500E-7	2.208005E-3
1.237000E-7	2.156617E-3
1.237500E-7	2.139487E-3
1.238000E-7	2.141200E-3
1.238500E-7	2.139487E-3
1.239000E-7	2.132635E-3
1.239500E-7	2.124070E-3
1.240000E-7	2.108654E-3
1.240500E-7	2.079534E-3
1.241000E-7	2.043562E-3
1.241500E-7	2.021293E-3
1.242000E-7	2.000738E-3
1.242500E-7	1.981896E-3
1.243000E-7	1.980183E-3
1.243500E-7	1.999025E-3
1.244000E-7	2.026432E-3
1.244500E-7	2.065830E-3
1.245000E-7	2.142913E-3
1.245500E-7	2.230273E-3
1.246000E-7	2.302217E-3
1.246500E-7	2.369022E-3
1.247000E-7	2.427263E-3
1.247500E-7	2.458096E-3
1.248000E-7	2.452957E-3
1.248500E-7	2.422124E-3
1.249000E-7	2.381013E-3
1.249500E-7	2.331337E-3
1.250000E-7	2.269671E-3
1.250500E-7	2.201153E-3
1.251000E-7	2.137774E-3
1.251500E-7	2.084673E-3
1.252000E-7	2.036710E-3
1.252500E-7	2.007590E-3
1.253000E-7	2.007590E-3
1.253500E-7	2.041849E-3
1.254000E-7	2.108654E-3
1.254500E-7	2.206292E-3
1.255000E-7	2.322773E-3
1.255500E-7	2.435827E-3
1.256000E-7	2.535178E-3
1.256500E-7	2.622539E-3
1.257000E-7	2.682492E-3
1.257500E-7	2.701335E-3
1.258000E-7	2.677353E-3
1.258500E-7	2.629391E-3
1.259000E-7	2.571150E-3
1.259500E-7	2.497494E-3
1.260000E-7	2.398142E-3
1.260500E-7	2.281662E-3
1.261000E-7	2.156617E-3
1.261500E-7	2.038423E-3
1.262000E-7	1.957914E-3
1.262500E-7	1.925368E-3
1.263000E-7	1.918516E-3
1.263500E-7	1.930507E-3
1.264000E-7	1.961340E-3
1.264500E-7	1.999025E-3
1.265000E-7	2.033284E-3
1.265500E-7	2.077821E-3
1.266000E-7	2.127496E-3
1.266500E-7	2.175459E-3
1.267000E-7	2.214857E-3
1.267500E-7	2.245690E-3
1.268000E-7	2.266245E-3
1.268500E-7	2.273097E-3
1.269000E-7	2.278236E-3
1.269500E-7	2.290227E-3
1.270000E-7	2.312495E-3
1.270500E-7	2.362171E-3
1.271000E-7	2.442679E-3
1.271500E-7	2.518049E-3
1.272000E-7	2.559160E-3
1.272500E-7	2.574576E-3
1.273000E-7	2.569437E-3
1.273500E-7	2.528327E-3
1.274000E-7	2.456383E-3
1.274500E-7	2.365596E-3
1.275000E-7	2.250829E-3
1.275500E-7	2.122358E-3
1.276000E-7	1.997312E-3
1.276500E-7	1.884257E-3
1.277000E-7	1.805462E-3
1.277500E-7	1.786619E-3
1.278000E-7	1.802036E-3
1.278500E-7	1.814027E-3
1.279000E-7	1.838008E-3
1.279500E-7	1.899674E-3
1.280000E-7	1.973331E-3
1.280500E-7	2.041849E-3
1.281000E-7	2.122358E-3
1.281500E-7	2.196014E-3
1.282000E-7	2.219996E-3
1.282500E-7	2.197727E-3
1.283000E-7	2.160042E-3
1.283500E-7	2.110367E-3
1.284000E-7	2.034997E-3
1.284500E-7	1.937359E-3
1.285000E-7	1.829443E-3
1.285500E-7	1.736944E-3
1.286000E-7	1.678703E-3
1.286500E-7	1.649583E-3
1.287000E-7	1.615324E-3
1.287500E-7	1.581065E-3
1.288000E-7	1.591343E-3
1.288500E-7	1.649583E-3
1.289000E-7	1.707824E-3
1.289500E-7	1.766064E-3
1.290000E-7	1.849998E-3
1.290500E-7	1.939072E-3
1.291000E-7	2.011016E-3
1.291500E-7	2.084673E-3
1.292000E-7	2.149765E-3
1.292500E-7	2.184024E-3
1.293000E-7	2.190876E-3
1.293500E-7	2.194301E-3
1.294000E-7	2.182311E-3
1.294500E-7	2.139487E-3
1.295000E-7	2.070969E-3
1.295500E-7	1.985322E-3
1.296000E-7	1.879119E-3
1.296500E-7	1.760925E-3
1.297000E-7	1.659861E-3
1.297500E-7	1.582778E-3
1.298000E-7	1.524538E-3
1.298500E-7	1.493705E-3
1.299000E-7	1.507408E-3
1.299500E-7	1.562223E-3
1.300000E-7	1.630741E-3
1.300500E-7	1.702685E-3
1.301000E-7	1.774629E-3
1.301500E-7	1.843147E-3
1.302000E-7	1.913378E-3
1.302500E-7	1.973331E-3
1.303000E-7	2.005877E-3
1.303500E-7	2.033284E-3
1.304000E-7	2.093237E-3
1.304500E-7	2.184024E-3
1.305000E-7	2.266245E-3
1.305500E-7	2.339902E-3
1.306000E-7	2.415272E-3
1.306500E-7	2.482077E-3
1.307000E-7	2.536891E-3
1.307500E-7	2.583141E-3
1.308000E-7	2.596845E-3
1.308500E-7	2.562586E-3
1.309000E-7	2.497494E-3
1.309500E-7	2.406707E-3
1.310000E-7	2.300504E-3
1.310500E-7	2.187450E-3
1.311000E-7	2.094950E-3
1.311500E-7	2.031571E-3
1.312000E-7	1.987034E-3
1.312500E-7	1.978470E-3
1.313000E-7	2.029858E-3
1.313500E-7	2.124070E-3
1.314000E-7	2.233699E-3
1.314500E-7	2.345041E-3
1.315000E-7	2.463235E-3
1.315500E-7	2.560873E-3
1.316000E-7	2.615687E-3
1.316500E-7	2.631104E-3
1.317000E-7	2.612261E-3
1.317500E-7	2.562586E-3
1.318000E-7	2.480364E-3
1.318500E-7	2.384439E-3
1.319000E-7	2.303930E-3
1.319500E-7	2.259394E-3
1.320000E-7	2.237125E-3
1.320500E-7	2.226847E-3
1.321000E-7	2.231986E-3
1.321500E-7	2.266245E-3
1.322000E-7	2.336476E-3
1.322500E-7	2.423837E-3
1.323000E-7	2.502632E-3
1.323500E-7	2.552308E-3
1.324000E-7	2.579715E-3
1.324500E-7	2.593419E-3
1.325000E-7	2.607122E-3
1.325500E-7	2.610548E-3
1.326000E-7	2.583141E-3
1.326500E-7	2.535178E-3
1.327000E-7	2.482077E-3
1.327500E-7	2.437540E-3
1.328000E-7	2.394717E-3
1.328500E-7	2.357032E-3
1.329000E-7	2.334763E-3
1.329500E-7	2.324486E-3
1.330000E-7	2.321060E-3
1.330500E-7	2.327912E-3
1.331000E-7	2.341615E-3
1.331500E-7	2.367309E-3
1.332000E-7	2.394717E-3
1.332500E-7	2.413559E-3
1.333000E-7	2.410133E-3
1.333500E-7	2.389578E-3
1.334000E-7	2.345041E-3
1.334500E-7	2.285088E-3
1.335000E-7	2.208005E-3
1.335500E-7	2.124070E-3
1.336000E-7	2.043562E-3
1.336500E-7	1.966479E-3
1.337000E-7	1.894535E-3
1.337500E-7	1.841434E-3
1.338000E-7	1.827730E-3
1.338500E-7	1.856850E-3
1.339000E-7	1.947637E-3
1.339500E-7	2.098376E-3
1.340000E-7	2.266245E-3
1.340500E-7	2.411846E-3
1.341000E-7	2.548882E-3
1.341500E-7	2.701335E-3
1.342000E-7	2.826380E-3
1.342500E-7	2.889759E-3
1.343000E-7	2.898324E-3
1.343500E-7	2.864065E-3
1.344000E-7	2.776704E-3
1.344500E-7	2.646520E-3
1.345000E-7	2.511197E-3
1.345500E-7	2.394717E-3
1.346000E-7	2.291940E-3
1.346500E-7	2.196014E-3
1.347000E-7	2.125783E-3
1.347500E-7	2.101802E-3
1.348000E-7	2.112080E-3
1.348500E-7	2.137774E-3
1.349000E-7	2.165181E-3
1.349500E-7	2.194301E-3
1.350000E-7	2.209718E-3
1.350500E-7	2.209718E-3
1.351000E-7	2.197727E-3
1.351500E-7	2.178885E-3
1.352000E-7	2.161755E-3
1.352500E-7	2.153191E-3
1.353000E-7	2.158329E-3
1.353500E-7	2.180598E-3
1.354000E-7	2.216570E-3
1.354500E-7	2.255968E-3
1.355000E-7	2.293653E-3
1.355500E-7	2.315921E-3
1.356000E-7	2.321060E-3
1.356500E-7	2.305643E-3
1.357000E-7	2.285088E-3
1.357500E-7	2.257681E-3
1.358000E-7	2.225135E-3
1.358500E-7	2.173746E-3
1.359000E-7	2.094950E-3
1.359500E-7	1.995599E-3
1.360000E-7	1.891109E-3
1.360500E-7	1.814027E-3
1.361000E-7	1.778055E-3
1.361500E-7	1.769490E-3
1.362000E-7	1.767777E-3
1.362500E-7	1.786619E-3
1.363000E-7	1.849998E-3
1.363500E-7	1.940785E-3
1.364000E-7	2.016155E-3
1.364500E-7	2.098376E-3
1.365000E-7	2.196014E-3
1.365500E-7	2.297078E-3
1.366000E-7	2.384439E-3
1.366500E-7	2.471799E-3
1.367000E-7	2.540317E-3
1.367500E-7	2.554021E-3
1.368000E-7	2.521475E-3
1.368500E-7	2.473512E-3
1.369000E-7	2.404994E-3
1.369500E-7	2.310782E-3
1.370000E-7	2.199440E-3
1.370500E-7	2.091524E-3
1.371000E-7	2.009303E-3
1.371500E-7	1.952775E-3
1.372000E-7	1.920229E-3
1.372500E-7	1.923655E-3
1.373000E-7	1.978470E-3
1.373500E-7	2.062404E-3
1.374000E-7	2.144626E-3
1.374500E-7	2.202866E-3
1.375000E-7	2.264532E-3
1.375500E-7	2.327912E-3
1.376000E-7	2.365596E-3
1.376500E-7	2.363883E-3
1.377000E-7	2.327912E-3
1.377500E-7	2.262819E-3
1.378000E-7	2.190876E-3
1.378500E-7	2.146339E-3
1.379000E-7	2.146339E-3
1.379500E-7	2.168607E-3
1.380000E-7	2.211431E-3
1.380500E-7	2.291940E-3
1.381000E-7	2.399855E-3
1.381500E-7	2.516336E-3
1.382000E-7	2.625965E-3
1.382500E-7	2.715038E-3
1.383000E-7	2.769853E-3
1.383500E-7	2.798973E-3
1.384000E-7	2.816102E-3
1.384500E-7	2.819528E-3
1.385000E-7	2.788695E-3
1.385500E-7	2.739020E-3
1.386000E-7	2.682492E-3
1.386500E-7	2.620826E-3
1.387000E-7	2.536891E-3
1.387500E-7	2.437540E-3
1.388000E-7	2.334763E-3
1.388500E-7	2.242264E-3
1.389000E-7	2.161755E-3
1.389500E-7	2.070969E-3
1.390000E-7	1.963053E-3
1.390500E-7	1.873980E-3
1.391000E-7	1.817452E-3
1.391500E-7	1.788332E-3
1.392000E-7	1.783193E-3
1.392500E-7	1.800323E-3
1.393000E-7	1.836295E-3
1.393500E-7	1.887683E-3
1.394000E-7	1.944211E-3
1.394500E-7	1.973331E-3
1.395000E-7	1.987034E-3
1.395500E-7	2.009303E-3
1.396000E-7	2.029858E-3
1.396500E-7	2.029858E-3
1.397000E-7	2.021293E-3
1.397500E-7	2.000738E-3
1.398000E-7	1.947637E-3
1.398500E-7	1.903100E-3
1.399000E-7	1.894535E-3
1.399500E-7	1.891109E-3
1.400000E-7	1.868841E-3
1.400500E-7	1.856850E-3
1.401000E-7	1.873980E-3
1.401500E-7	1.906526E-3
1.402000E-7	1.940785E-3
1.402500E-7	1.978470E-3
1.403000E-7	2.017868E-3
1.403500E-7	2.060691E-3
1.404000E-7	2.110367E-3
1.404500E-7	2.177172E-3
1.405000E-7	2.252542E-3
1.405500E-7	2.341615E-3
1.406000E-7	2.442679E-3
1.406500E-7	2.524901E-3
1.407000E-7	2.564299E-3
1.407500E-7	2.566012E-3
1.408000E-7	2.557447E-3
1.408500E-7	2.545456E-3
1.409000E-7	2.511197E-3
1.409500E-7	2.451244E-3
1.410000E-7	2.369022E-3
1.410500E-7	2.279949E-3
1.411000E-7	2.194301E-3
1.411500E-7	2.103515E-3
1.412000E-7	2.016155E-3
1.412500E-7	1.949350E-3
1.413000E-7	1.908239E-3
1.413500E-7	1.897961E-3
1.414000E-7	1.887683E-3
1.414500E-7	1.841434E-3
1.415000E-7	1.781480E-3
1.415500E-7	1.747221E-3
1.416000E-7	1.733518E-3
1.416500E-7	1.730092E-3
1.417000E-7	1.747221E-3
1.417500E-7	1.771203E-3
1.418000E-7	1.783193E-3
1.418500E-7	1.784906E-3
1.419000E-7	1.766064E-3
1.419500E-7	1.728379E-3
1.420000E-7	1.685555E-3
1.420500E-7	1.642732E-3
1.421000E-7	1.586204E-3
1.421500E-7	1.533103E-3
1.422000E-7	1.517686E-3
1.422500E-7	1.519399E-3
1.423000E-7	1.524538E-3
1.423500E-7	1.574214E-3
1.424000E-7	1.658148E-3
1.424500E-7	1.759212E-3
1.425000E-7	1.887683E-3
1.425500E-7	2.053840E-3
1.426000E-7	2.243977E-3
1.426500E-7	2.435827E-3
1.427000E-7	2.595132E-3
1.427500E-7	2.696196E-3
1.428000E-7	2.757862E-3
1.428500E-7	2.792121E-3
1.429000E-7	2.778417E-3
1.429500E-7	2.725316E-3
1.430000E-7	2.644807E-3
1.430500E-7	2.542030E-3
1.431000E-7	2.420411E-3
1.431500E-7	2.302217E-3
1.432000E-7	2.184024E-3
1.432500E-7	2.062404E-3
1.433000E-7	1.966479E-3
1.433500E-7	1.911665E-3
1.434000E-7	1.868841E-3
1.434500E-7	1.849998E-3
1.435000E-7	1.884257E-3
1.435500E-7	1.964766E-3
1.436000E-7	2.069256E-3
1.436500E-7	2.178885E-3
1.437000E-7	2.321060E-3
1.437500E-7	2.495781E-3
1.438000E-7	2.661937E-3
1.438500E-7	2.776704E-3
1.439000E-7	2.857213E-3
1.439500E-7	2.930870E-3
1.440000E-7	2.987397E-3
1.440500E-7	3.004527E-3
1.441000E-7	2.977120E-3
1.441500E-7	2.918879E-3
1.442000E-7	2.826380E-3
1.442500E-7	2.696196E-3
1.443000E-7	2.552308E-3
1.443500E-7	2.430689E-3
1.444000E-7	2.346754E-3
1.444500E-7	2.278236E-3
1.445000E-7	2.206292E-3
1.445500E-7	2.132635E-3
1.446000E-7	2.088099E-3
1.446500E-7	2.079534E-3
1.447000E-7	2.074395E-3
1.447500E-7	2.067543E-3
1.448000E-7	2.088099E-3
1.448500E-7	2.148052E-3
1.449000E-7	2.216570E-3
1.449500E-7	2.274810E-3
1.450000E-7	2.334763E-3
1.450500E-7	2.386152E-3
1.451000E-7	2.420411E-3
1.451500E-7	2.437540E-3
1.452000E-7	2.449531E-3
1.452500E-7	2.435827E-3
1.453000E-7	2.389578E-3
1.453500E-7	2.329624E-3
1.454000E-7	2.261106E-3
1.454500E-7	2.194301E-3
1.455000E-7	2.136061E-3
1.455500E-7	2.076108E-3
1.456000E-7	2.023006E-3
1.456500E-7	2.011016E-3
1.457000E-7	2.031571E-3
1.457500E-7	2.070969E-3
1.458000E-7	2.120645E-3
1.458500E-7	2.170320E-3
1.459000E-7	2.216570E-3
1.459500E-7	2.261106E-3
1.460000E-7	2.317634E-3
1.460500E-7	2.363883E-3
1.461000E-7	2.401568E-3
1.461500E-7	2.437540E-3
1.462000E-7	2.456383E-3
1.462500E-7	2.470086E-3
1.463000E-7	2.490642E-3
1.463500E-7	2.502632E-3
1.464000E-7	2.490642E-3
1.464500E-7	2.475225E-3
1.465000E-7	2.473512E-3
1.465500E-7	2.466660E-3
1.466000E-7	2.451244E-3
1.466500E-7	2.444392E-3
1.467000E-7	2.456383E-3
1.467500E-7	2.483790E-3
1.468000E-7	2.521475E-3
1.468500E-7	2.564299E-3
1.469000E-7	2.601984E-3
1.469500E-7	2.641381E-3
1.470000E-7	2.677353E-3
1.470500E-7	2.703048E-3
1.471000E-7	2.701335E-3
1.471500E-7	2.673927E-3
1.472000E-7	2.617400E-3
1.472500E-7	2.535178E-3
1.473000E-7	2.430689E-3
1.473500E-7	2.307356E-3
1.474000E-7	2.178885E-3
1.474500E-7	2.065830E-3
1.475000E-7	1.973331E-3
1.475500E-7	1.887683E-3
1.476000E-7	1.824304E-3
1.476500E-7	1.795184E-3
1.477000E-7	1.774629E-3
1.477500E-7	1.762638E-3
1.478000E-7	1.786619E-3
1.478500E-7	1.817452E-3
1.479000E-7	1.814027E-3
1.479500E-7	1.803749E-3
1.480000E-7	1.791758E-3
1.480500E-7	1.748934E-3
1.481000E-7	1.682129E-3
1.481500E-7	1.644444E-3
1.482000E-7	1.629028E-3
1.482500E-7	1.615324E-3
1.483000E-7	1.627315E-3
1.483500E-7	1.678703E-3
1.484000E-7	1.747221E-3
1.484500E-7	1.834582E-3
1.485000E-7	1.939072E-3
1.485500E-7	2.041849E-3
1.486000E-7	2.146339E-3
1.486500E-7	2.247403E-3
1.487000E-7	2.314208E-3
1.487500E-7	2.350180E-3
1.488000E-7	2.384439E-3
1.488500E-7	2.416985E-3
1.489000E-7	2.422124E-3
1.489500E-7	2.427263E-3
1.490000E-7	2.437540E-3
1.490500E-7	2.444392E-3
1.491000E-7	2.439253E-3
1.491500E-7	2.440966E-3
1.492000E-7	2.454670E-3
1.492500E-7	2.488929E-3
1.493000E-7	2.528327E-3
1.493500E-7	2.542030E-3
1.494000E-7	2.536891E-3
1.494500E-7	2.538604E-3
1.495000E-7	2.533466E-3
1.495500E-7	2.492355E-3
1.496000E-7	2.437540E-3
1.496500E-7	2.396430E-3
1.497000E-7	2.353606E-3
1.497500E-7	2.305643E-3
1.498000E-7	2.255968E-3
1.498500E-7	2.197727E-3
1.499000E-7	2.125783E-3
1.499500E-7	2.060691E-3
1.500000E-7	1.995599E-3
1.500500E-7	1.933933E-3
1.501000E-7	1.911665E-3
1.501500E-7	1.951063E-3
1.502000E-7	2.002451E-3
1.502500E-7	2.040136E-3
1.503000E-7	2.093237E-3
1.503500E-7	2.154904E-3
1.504000E-7	2.218283E-3
1.504500E-7	2.278236E-3
1.505000E-7	2.338189E-3
1.505500E-7	2.362171E-3
1.506000E-7	2.350180E-3
1.506500E-7	2.317634E-3
1.507000E-7	2.273097E-3
1.507500E-7	2.226847E-3
1.508000E-7	2.189163E-3
1.508500E-7	2.149765E-3
1.509000E-7	2.103515E-3
1.509500E-7	2.070969E-3
1.510000E-7	2.053840E-3
1.510500E-7	2.046988E-3
1.511000E-7	2.060691E-3
1.511500E-7	2.110367E-3
1.512000E-7	2.180598E-3
1.512500E-7	2.245690E-3
1.513000E-7	2.305643E-3
1.513500E-7	2.365596E-3
1.514000E-7	2.423837E-3
1.514500E-7	2.478651E-3
1.515000E-7	2.524901E-3
1.515500E-7	2.554021E-3
1.516000E-7	2.560873E-3
1.516500E-7	2.548882E-3
1.517000E-7	2.519762E-3
1.517500E-7	2.473512E-3
1.518000E-7	2.406707E-3
1.518500E-7	2.327912E-3
1.519000E-7	2.249116E-3
1.519500E-7	2.172033E-3
1.520000E-7	2.103515E-3
1.520500E-7	2.057265E-3
1.521000E-7	2.034997E-3
1.521500E-7	2.026432E-3
1.522000E-7	2.040136E-3
1.522500E-7	2.065830E-3
1.523000E-7	2.089811E-3
1.523500E-7	2.115506E-3
1.524000E-7	2.153191E-3
1.524500E-7	2.189163E-3
1.525000E-7	2.214857E-3
1.525500E-7	2.235412E-3
1.526000E-7	2.252542E-3
1.526500E-7	2.262819E-3
1.527000E-7	2.278236E-3
1.527500E-7	2.291940E-3
1.528000E-7	2.288514E-3
1.528500E-7	2.269671E-3
1.529000E-7	2.255968E-3
1.529500E-7	2.252542E-3
1.530000E-7	2.255968E-3
1.530500E-7	2.247403E-3
1.531000E-7	2.211431E-3
1.531500E-7	2.149765E-3
1.532000E-7	2.081247E-3
1.532500E-7	2.016155E-3
1.533000E-7	1.942498E-3
1.533500E-7	1.868841E-3
1.534000E-7	1.808888E-3
1.534500E-7	1.772916E-3
1.535000E-7	1.769490E-3
1.535500E-7	1.795184E-3
1.536000E-7	1.838008E-3
1.536500E-7	1.889396E-3
1.537000E-7	1.959627E-3
1.537500E-7	2.053840E-3
1.538000E-7	2.149765E-3
1.538500E-7	2.231986E-3
1.539000E-7	2.317634E-3
1.539500E-7	2.394717E-3
1.540000E-7	2.439253E-3
1.540500E-7	2.459809E-3
1.541000E-7	2.478651E-3
1.541500E-7	2.483790E-3
1.542000E-7	2.458096E-3
1.542500E-7	2.420411E-3
1.543000E-7	2.393004E-3
1.543500E-7	2.365596E-3
1.544000E-7	2.321060E-3
1.544500E-7	2.262819E-3
1.545000E-7	2.216570E-3
1.545500E-7	2.190876E-3
1.546000E-7	2.153191E-3
1.546500E-7	2.094950E-3
1.547000E-7	2.052127E-3
1.547500E-7	2.033284E-3
1.548000E-7	2.016155E-3
1.548500E-7	1.983609E-3
1.549000E-7	1.940785E-3
1.549500E-7	1.885970E-3
1.550000E-7	1.817452E-3
1.550500E-7	1.724953E-3
1.551000E-7	1.603334E-3
1.551500E-7	1.474862E-3
1.552000E-7	1.349817E-3
1.552500E-7	1.233336E-3
1.553000E-7	1.140837E-3
1.553500E-7	1.086023E-3
1.554000E-7	1.065467E-3
1.554500E-7	1.103152E-3
1.555000E-7	1.224772E-3
1.555500E-7	1.396067E-3
1.556000E-7	1.589630E-3
1.556500E-7	1.827730E-3
1.557000E-7	2.096663E-3
1.557500E-7	2.343328E-3
1.558000E-7	2.542030E-3
1.558500E-7	2.689344E-3
1.559000E-7	2.771566E-3
1.559500E-7	2.771566E-3
1.560000E-7	2.708186E-3
1.560500E-7	2.596845E-3
1.561000E-7	2.444392E-3
1.561500E-7	2.286801E-3
1.562000E-7	2.134348E-3
1.562500E-7	1.976757E-3
1.563000E-7	1.824304E-3
1.563500E-7	1.721527E-3
1.564000E-7	1.659861E-3
1.564500E-7	1.610185E-3
1.565000E-7	1.582778E-3
1.565500E-7	1.582778E-3
1.566000E-7	1.567362E-3
1.566500E-7	1.521112E-3
1.567000E-7	1.488566E-3
1.567500E-7	1.476575E-3
1.568000E-7	1.449168E-3
1.568500E-7	1.413196E-3
1.569000E-7	1.396067E-3
1.569500E-7	1.394354E-3
1.570000E-7	1.392641E-3
1.570500E-7	1.406344E-3
1.571000E-7	1.435465E-3
1.571500E-7	1.471436E-3
1.572000E-7	1.514260E-3
1.572500E-7	1.538242E-3
1.573000E-7	1.539955E-3
1.573500E-7	1.545093E-3
1.574000E-7	1.569075E-3
1.574500E-7	1.596482E-3
1.575000E-7	1.622176E-3
1.575500E-7	1.653009E-3
1.576000E-7	1.685555E-3
1.576500E-7	1.706111E-3
1.577000E-7	1.709537E-3
1.577500E-7	1.707824E-3
1.578000E-7	1.687268E-3
1.578500E-7	1.634167E-3
1.579000E-7	1.563936E-3
1.579500E-7	1.507408E-3
1.580000E-7	1.440603E-3
1.580500E-7	1.354956E-3
1.581000E-7	1.295003E-3
1.581500E-7	1.295003E-3
1.582000E-7	1.322410E-3
1.582500E-7	1.373798E-3
1.583000E-7	1.480001E-3
1.583500E-7	1.615324E-3
1.584000E-7	1.752360E-3
1.584500E-7	1.889396E-3
1.585000E-7	2.031571E-3
1.585500E-7	2.163468E-3
1.586000E-7	2.283375E-3
1.586500E-7	2.384439E-3
1.587000E-7	2.451244E-3
1.587500E-7	2.483790E-3
1.588000E-7	2.475225E-3
1.588500E-7	2.432401E-3
1.589000E-7	2.363883E-3
1.589500E-7	2.262819E-3
1.590000E-7	2.134348E-3
1.590500E-7	2.007590E-3
1.591000E-7	1.908239E-3
1.591500E-7	1.808888E-3
1.592000E-7	1.723240E-3
1.592500E-7	1.685555E-3
1.593000E-7	1.688981E-3
1.593500E-7	1.695833E-3
1.594000E-7	1.707824E-3
1.594500E-7	1.759212E-3
1.595000E-7	1.855137E-3
1.595500E-7	1.956201E-3
1.596000E-7	2.065830E-3
1.596500E-7	2.201153E-3
1.597000E-7	2.341615E-3
1.597500E-7	2.456383E-3
1.598000E-7	2.535178E-3
1.598500E-7	2.584854E-3
1.599000E-7	2.581428E-3
1.599500E-7	2.521475E-3
1.600000E-7	2.432401E-3
1.600500E-7	2.334763E-3
1.601000E-7	2.206292E-3
1.601500E-7	2.038423E-3
1.602000E-7	1.863702E-3
1.602500E-7	1.723240E-3
1.603000E-7	1.601621E-3
1.603500E-7	1.497131E-3
1.604000E-7	1.437177E-3
1.604500E-7	1.423474E-3
1.605000E-7	1.414909E-3
1.605500E-7	1.392641E-3
1.606000E-7	1.373798E-3
1.606500E-7	1.354956E-3
1.607000E-7	1.334400E-3
1.607500E-7	1.312132E-3
1.608000E-7	1.276160E-3
1.608500E-7	1.226485E-3
1.609000E-7	1.214494E-3
1.609500E-7	1.267595E-3
1.610000E-7	1.339539E-3
1.610500E-7	1.402918E-3
1.611000E-7	1.480001E-3
1.611500E-7	1.572501E-3
1.612000E-7	1.666713E-3
1.612500E-7	1.762638E-3
1.613000E-7	1.860276E-3
1.613500E-7	1.954488E-3
1.614000E-7	2.041849E-3
1.614500E-7	2.129209E-3
1.615000E-7	2.228560E-3
1.615500E-7	2.343328E-3
1.616000E-7	2.475225E-3
1.616500E-7	2.617400E-3
1.617000E-7	2.752723E-3
1.617500E-7	2.877768E-3
1.618000E-7	2.973694E-3
1.618500E-7	3.028508E-3
1.619000E-7	3.052489E-3
1.619500E-7	3.054202E-3
1.620000E-7	3.014804E-3
1.620500E-7	2.930870E-3
1.621000E-7	2.821241E-3
1.621500E-7	2.689344E-3
1.622000E-7	2.540317E-3
1.622500E-7	2.401568E-3
1.623000E-7	2.291940E-3
1.623500E-7	2.189163E-3
1.624000E-7	2.096663E-3
1.624500E-7	2.055552E-3
1.625000E-7	2.082960E-3
1.625500E-7	2.149765E-3
1.626000E-7	2.237125E-3
1.626500E-7	2.333050E-3
1.627000E-7	2.420411E-3
1.627500E-7	2.492355E-3
1.628000E-7	2.543743E-3
1.628500E-7	2.566012E-3
1.629000E-7	2.579715E-3
1.629500E-7	2.576289E-3
1.630000E-7	2.550595E-3
1.630500E-7	2.521475E-3
1.631000E-7	2.502632E-3
1.631500E-7	2.483790E-3
1.632000E-7	2.458096E-3
1.632500E-7	2.444392E-3
1.633000E-7	2.452957E-3
1.633500E-7	2.463235E-3
1.634000E-7	2.471799E-3
1.634500E-7	2.490642E-3
1.635000E-7	2.514623E-3
1.635500E-7	2.509484E-3
1.636000E-7	2.464948E-3
1.636500E-7	2.410133E-3
1.637000E-7	2.346754E-3
1.637500E-7	2.252542E-3
1.638000E-7	2.132635E-3
1.638500E-7	2.021293E-3
1.639000E-7	1.920229E-3
1.639500E-7	1.831156E-3
1.640000E-7	1.783193E-3
1.640500E-7	1.781480E-3
1.641000E-7	1.790045E-3
1.641500E-7	1.808888E-3
1.642000E-7	1.844860E-3
1.642500E-7	1.872267E-3
1.643000E-7	1.863702E-3
1.643500E-7	1.826017E-3
1.644000E-7	1.759212E-3
1.644500E-7	1.673565E-3
1.645000E-7	1.584491E-3
1.645500E-7	1.495418E-3
1.646000E-7	1.408057E-3
1.646500E-7	1.342965E-3
1.647000E-7	1.322410E-3
1.647500E-7	1.336113E-3
1.648000E-7	1.370372E-3
1.648500E-7	1.435465E-3
1.649000E-7	1.527964E-3
1.649500E-7	1.617037E-3
1.650000E-7	1.694120E-3
1.650500E-7	1.776342E-3
1.651000E-7	1.860276E-3
1.651500E-7	1.916804E-3
1.652000E-7	1.945924E-3
1.652500E-7	1.975044E-3
1.653000E-7	1.997312E-3
1.653500E-7	1.992173E-3
1.654000E-7	1.980183E-3
1.654500E-7	1.987034E-3
1.655000E-7	2.012729E-3
1.655500E-7	2.036710E-3
1.656000E-7	2.057265E-3
1.656500E-7	2.069256E-3
1.657000E-7	2.057265E-3
1.657500E-7	2.014442E-3
1.658000E-7	1.949350E-3
1.658500E-7	1.894535E-3
1.659000E-7	1.865415E-3
1.659500E-7	1.841434E-3
1.660000E-7	1.807175E-3
1.660500E-7	1.774629E-3
1.661000E-7	1.767777E-3
1.661500E-7	1.807175E-3
1.662000E-7	1.879119E-3
1.662500E-7	1.975044E-3
1.663000E-7	2.089811E-3
1.663500E-7	2.206292E-3
1.664000E-7	2.297078E-3
1.664500E-7	2.353606E-3
1.665000E-7	2.379300E-3
1.665500E-7	2.367309E-3
1.666000E-7	2.333050E-3
1.666500E-7	2.295365E-3
1.667000E-7	2.252542E-3
1.667500E-7	2.197727E-3
1.668000E-7	2.132635E-3
1.668500E-7	2.070969E-3
1.669000E-7	2.038423E-3
1.669500E-7	2.050414E-3
1.670000E-7	2.108654E-3
1.670500E-7	2.187450E-3
1.671000E-7	2.286801E-3
1.671500E-7	2.389578E-3
1.672000E-7	2.478651E-3
1.672500E-7	2.540317E-3
1.673000E-7	2.589993E-3
1.673500E-7	2.615687E-3
1.674000E-7	2.608835E-3
1.674500E-7	2.588280E-3
1.675000E-7	2.564299E-3
1.675500E-7	2.535178E-3
1.676000E-7	2.485503E-3
1.676500E-7	2.422124E-3
1.677000E-7	2.348467E-3
1.677500E-7	2.279949E-3
1.678000E-7	2.235412E-3
1.678500E-7	2.230273E-3
1.679000E-7	2.249116E-3
1.679500E-7	2.257681E-3
1.680000E-7	2.247403E-3
1.680500E-7	2.233699E-3
1.681000E-7	2.218283E-3
1.681500E-7	2.199440E-3
1.682000E-7	2.192588E-3
1.682500E-7	2.182311E-3
1.683000E-7	2.154904E-3
1.683500E-7	2.137774E-3
1.684000E-7	2.156617E-3
1.684500E-7	2.187450E-3
1.685000E-7	2.206292E-3
1.685500E-7	2.228560E-3
1.686000E-7	2.255968E-3
1.686500E-7	2.269671E-3
1.687000E-7	2.276523E-3
1.687500E-7	2.285088E-3
1.688000E-7	2.297078E-3
1.688500E-7	2.288514E-3
1.689000E-7	2.250829E-3
1.689500E-7	2.204579E-3
1.690000E-7	2.173746E-3
1.690500E-7	2.153191E-3
1.691000E-7	2.117219E-3
1.691500E-7	2.065830E-3
1.692000E-7	2.000738E-3
1.692500E-7	1.937359E-3
1.693000E-7	1.887683E-3
1.693500E-7	1.863702E-3
1.694000E-7	1.868841E-3
1.694500E-7	1.897961E-3
1.695000E-7	1.939072E-3
1.695500E-7	1.985322E-3
1.696000E-7	2.026432E-3
1.696500E-7	2.050414E-3
1.697000E-7	2.045275E-3
1.697500E-7	2.026432E-3
1.698000E-7	1.993886E-3
1.698500E-7	1.947637E-3
1.699000E-7	1.911665E-3
1.699500E-7	1.904813E-3
1.700000E-7	1.925368E-3
1.700500E-7	1.947637E-3
1.701000E-7	1.969905E-3
1.701500E-7	2.000738E-3
1.702000E-7	2.040136E-3
1.702500E-7	2.106941E-3
1.703000E-7	2.196014E-3
1.703500E-7	2.279949E-3
1.704000E-7	2.336476E-3
1.704500E-7	2.379300E-3
1.705000E-7	2.418698E-3
1.705500E-7	2.451244E-3
1.706000E-7	2.480364E-3
1.706500E-7	2.500919E-3
1.707000E-7	2.494068E-3
1.707500E-7	2.452957E-3
1.708000E-7	2.382726E-3
1.708500E-7	2.297078E-3
1.709000E-7	2.208005E-3
1.709500E-7	2.136061E-3
1.710000E-7	2.076108E-3
1.710500E-7	1.992173E-3
1.711000E-7	1.903100E-3
1.711500E-7	1.855137E-3
1.712000E-7	1.839721E-3
1.712500E-7	1.824304E-3
1.713000E-7	1.832869E-3
1.713500E-7	1.887683E-3
1.714000E-7	1.959627E-3
1.714500E-7	2.055552E-3
1.715000E-7	2.192588E-3
1.715500E-7	2.336476E-3
1.716000E-7	2.458096E-3
1.716500E-7	2.569437E-3
1.717000E-7	2.677353E-3
1.717500E-7	2.761288E-3
1.718000E-7	2.826380E-3
1.718500E-7	2.872630E-3
1.719000E-7	2.872630E-3
1.719500E-7	2.836658E-3
1.720000E-7	2.790408E-3
1.720500E-7	2.732168E-3
1.721000E-7	2.677353E-3
1.721500E-7	2.629391E-3
1.722000E-7	2.571150E-3
1.722500E-7	2.502632E-3
1.723000E-7	2.464948E-3
1.723500E-7	2.458096E-3
1.724000E-7	2.463235E-3
1.724500E-7	2.485503E-3
1.725000E-7	2.524901E-3
1.725500E-7	2.550595E-3
1.726000E-7	2.557447E-3
1.726500E-7	2.564299E-3
1.727000E-7	2.564299E-3
1.727500E-7	2.531753E-3
1.728000E-7	2.485503E-3
1.728500E-7	2.437540E-3
1.729000E-7	2.381013E-3
1.729500E-7	2.321060E-3
1.730000E-7	2.273097E-3
1.730500E-7	2.243977E-3
1.731000E-7	2.216570E-3
1.731500E-7	2.172033E-3
1.732000E-7	2.089811E-3
1.732500E-7	1.968192E-3
1.733000E-7	1.817452E-3
1.733500E-7	1.658148E-3
1.734000E-7	1.509121E-3
1.734500E-7	1.384076E-3
1.735000E-7	1.298429E-3
1.735500E-7	1.257318E-3
1.736000E-7	1.265882E-3
1.736500E-7	1.322410E-3
1.737000E-7	1.420048E-3
1.737500E-7	1.550232E-3
1.738000E-7	1.695833E-3
1.738500E-7	1.839721E-3
1.739000E-7	1.969905E-3
1.739500E-7	2.067543E-3
1.740000E-7	2.127496E-3
1.740500E-7	2.158329E-3
1.741000E-7	2.178885E-3
1.741500E-7	2.180598E-3
1.742000E-7	2.158329E-3
1.742500E-7	2.139487E-3
1.743000E-7	2.141200E-3
1.743500E-7	2.166894E-3
1.744000E-7	2.226847E-3
1.744500E-7	2.326199E-3
1.745000E-7	2.435827E-3
1.745500E-7	2.521475E-3
1.746000E-7	2.581428E-3
1.746500E-7	2.608835E-3
1.747000E-7	2.600271E-3
1.747500E-7	2.564299E-3
1.748000E-7	2.506058E-3
1.748500E-7	2.406707E-3
1.749000E-7	2.300504E-3
1.749500E-7	2.226847E-3
1.750000E-7	2.175459E-3
1.750500E-7	2.130922E-3
1.751000E-7	2.115506E-3
1.751500E-7	2.127496E-3
1.752000E-7	2.146339E-3
1.752500E-7	2.182311E-3
1.753000E-7	2.231986E-3
1.753500E-7	2.261106E-3
1.754000E-7	2.257681E-3
1.754500E-7	2.242264E-3
1.755000E-7	2.216570E-3
1.755500E-7	2.170320E-3
1.756000E-7	2.103515E-3
1.756500E-7	2.029858E-3
1.757000E-7	1.964766E-3
1.757500E-7	1.913378E-3
1.758000E-7	1.868841E-3
1.758500E-7	1.824304E-3
1.759000E-7	1.808888E-3
1.759500E-7	1.827730E-3
1.760000E-7	1.882545E-3
1.760500E-7	1.971618E-3
1.761000E-7	2.086386E-3
1.761500E-7	2.199440E-3
1.762000E-7	2.300504E-3
1.762500E-7	2.403281E-3
1.763000E-7	2.478651E-3
1.763500E-7	2.497494E-3
1.764000E-7	2.471799E-3
1.764500E-7	2.428976E-3
1.765000E-7	2.384439E-3
1.765500E-7	2.346754E-3
1.766000E-7	2.321060E-3
1.766500E-7	2.300504E-3
1.767000E-7	2.281662E-3
1.767500E-7	2.267958E-3
1.768000E-7	2.262819E-3
1.768500E-7	2.271384E-3
1.769000E-7	2.291940E-3
1.769500E-7	2.305643E-3
1.770000E-7	2.315921E-3
1.770500E-7	2.319347E-3
1.771000E-7	2.305643E-3
1.771500E-7	2.281662E-3
1.772000E-7	2.262819E-3
1.772500E-7	2.225135E-3
1.773000E-7	2.163468E-3
1.773500E-7	2.118932E-3
1.774000E-7	2.100089E-3
1.774500E-7	2.093237E-3
1.775000E-7	2.082960E-3
1.775500E-7	2.081247E-3
1.776000E-7	2.074395E-3
1.776500E-7	2.062404E-3
1.777000E-7	2.062404E-3
1.777500E-7	2.067543E-3
1.778000E-7	2.064117E-3
1.778500E-7	2.045275E-3
1.779000E-7	2.040136E-3
1.779500E-7	2.060691E-3
1.780000E-7	2.105228E-3
1.780500E-7	2.148052E-3
1.781000E-7	2.175459E-3
1.781500E-7	2.196014E-3
1.782000E-7	2.199440E-3
1.782500E-7	2.172033E-3
1.783000E-7	2.120645E-3
1.783500E-7	2.062404E-3
1.784000E-7	2.004164E-3
1.784500E-7	1.952775E-3
1.785000E-7	1.932220E-3
1.785500E-7	1.945924E-3
1.786000E-7	1.983609E-3
1.786500E-7	2.024719E-3
1.787000E-7	2.072682E-3
1.787500E-7	2.124070E-3
1.788000E-7	2.184024E-3
1.788500E-7	2.235412E-3
1.789000E-7	2.257681E-3
1.789500E-7	2.266245E-3
1.790000E-7	2.274810E-3
1.790500E-7	2.257681E-3
1.791000E-7	2.190876E-3
1.791500E-7	2.103515E-3
1.792000E-7	2.016155E-3
1.792500E-7	1.927081E-3
1.793000E-7	1.846573E-3
1.793500E-7	1.790045E-3
1.794000E-7	1.742083E-3
1.794500E-7	1.714675E-3
1.795000E-7	1.714675E-3
1.795500E-7	1.721527E-3
1.796000E-7	1.714675E-3
1.796500E-7	1.716388E-3
1.797000E-7	1.745509E-3
1.797500E-7	1.790045E-3
1.798000E-7	1.838008E-3
1.798500E-7	1.887683E-3
1.799000E-7	1.918516E-3
1.799500E-7	1.925368E-3
1.800000E-7	1.918516E-3
1.800500E-7	1.906526E-3
1.801000E-7	1.885970E-3
1.801500E-7	1.848286E-3
1.802000E-7	1.812314E-3
1.802500E-7	1.778055E-3
1.803000E-7	1.747221E-3
1.803500E-7	1.745509E-3
1.804000E-7	1.795184E-3
1.804500E-7	1.867128E-3
1.805000E-7	1.939072E-3
1.805500E-7	2.016155E-3
1.806000E-7	2.098376E-3
1.806500E-7	2.163468E-3
1.807000E-7	2.197727E-3
1.807500E-7	2.223422E-3
1.808000E-7	2.221709E-3
1.808500E-7	2.180598E-3
1.809000E-7	2.115506E-3
1.809500E-7	2.019581E-3
1.810000E-7	1.884257E-3
1.810500E-7	1.748934E-3
1.811000E-7	1.661574E-3
1.811500E-7	1.605047E-3
1.812000E-7	1.562223E-3
1.812500E-7	1.569075E-3
1.813000E-7	1.625602E-3
1.813500E-7	1.704398E-3
1.814000E-7	1.805462E-3
1.814500E-7	1.942498E-3
1.815000E-7	2.079534E-3
1.815500E-7	2.185737E-3
1.816000E-7	2.271384E-3
1.816500E-7	2.351893E-3
1.817000E-7	2.422124E-3
1.817500E-7	2.483790E-3
1.818000E-7	2.540317E-3
1.818500E-7	2.578002E-3
1.819000E-7	2.589993E-3
1.819500E-7	2.596845E-3
1.820000E-7	2.619113E-3
1.820500E-7	2.655085E-3
1.821000E-7	2.680779E-3
1.821500E-7	2.687631E-3
1.822000E-7	2.679066E-3
1.822500E-7	2.649946E-3
1.823000E-7	2.600271E-3
1.823500E-7	2.538604E-3
1.824000E-7	2.446105E-3
1.824500E-7	2.324486E-3
1.825000E-7	2.211431E-3
1.825500E-7	2.125783E-3
1.826000E-7	2.050414E-3
1.826500E-7	1.968192E-3
1.827000E-7	1.925368E-3
1.827500E-7	1.933933E-3
1.828000E-7	1.966479E-3
1.828500E-7	2.019581E-3
1.829000E-7	2.120645E-3
1.829500E-7	2.242264E-3
1.830000E-7	2.338189E-3
1.830500E-7	2.416985E-3
1.831000E-7	2.490642E-3
1.831500E-7	2.531753E-3
1.832000E-7	2.509484E-3
1.832500E-7	2.416985E-3
1.833000E-7	2.278236E-3
1.833500E-7	2.112080E-3
1.834000E-7	1.935646E-3
1.834500E-7	1.754073E-3
1.835000E-7	1.589630E-3
1.835500E-7	1.481714E-3
1.836000E-7	1.432039E-3
1.836500E-7	1.423474E-3
1.837000E-7	1.468011E-3
1.837500E-7	1.572501E-3
1.838000E-7	1.714675E-3
1.838500E-7	1.885970E-3
1.839000E-7	2.082960E-3
1.839500E-7	2.262819E-3
1.840000E-7	2.386152E-3
1.840500E-7	2.473512E-3
1.841000E-7	2.530040E-3
1.841500E-7	2.538604E-3
1.842000E-7	2.502632E-3
1.842500E-7	2.440966E-3
1.843000E-7	2.351893E-3
1.843500E-7	2.254255E-3
1.844000E-7	2.151478E-3
1.844500E-7	2.034997E-3
1.845000E-7	1.925368E-3
1.845500E-7	1.873980E-3
1.846000E-7	1.885970E-3
1.846500E-7	1.930507E-3
1.847000E-7	1.990460E-3
1.847500E-7	2.052127E-3
1.848000E-7	2.108654E-3
1.848500E-7	2.158329E-3
1.849000E-7	2.209718E-3
1.849500E-7	2.262819E-3
1.850000E-7	2.329624E-3
1.850500E-7	2.389578E-3
1.851000E-7	2.411846E-3
1.851500E-7	2.393004E-3
1.852000E-7	2.358745E-3
1.852500E-7	2.314208E-3
1.853000E-7	2.257681E-3
1.853500E-7	2.187450E-3
1.854000E-7	2.122358E-3
1.854500E-7	2.077821E-3
1.855000E-7	2.045275E-3
1.855500E-7	2.009303E-3
1.856000E-7	1.973331E-3
1.856500E-7	1.945924E-3
1.857000E-7	1.937359E-3
1.857500E-7	1.921942E-3
1.858000E-7	1.889396E-3
1.858500E-7	1.853424E-3
1.859000E-7	1.820878E-3
1.859500E-7	1.781480E-3
1.860000E-7	1.736944E-3
1.860500E-7	1.704398E-3
1.861000E-7	1.685555E-3
1.861500E-7	1.671852E-3
1.862000E-7	1.653009E-3
1.862500E-7	1.651296E-3
1.863000E-7	1.666713E-3
1.863500E-7	1.690694E-3
1.864000E-7	1.724953E-3
1.864500E-7	1.779768E-3
1.865000E-7	1.851711E-3
1.865500E-7	1.918516E-3
1.866000E-7	1.973331E-3
1.866500E-7	2.023006E-3
1.867000E-7	2.060691E-3
1.867500E-7	2.088099E-3
1.868000E-7	2.120645E-3
1.868500E-7	2.163468E-3
1.869000E-7	2.194301E-3
1.869500E-7	2.216570E-3
1.870000E-7	2.238838E-3
1.870500E-7	2.254255E-3
1.871000E-7	2.252542E-3
1.871500E-7	2.235412E-3
1.872000E-7	2.206292E-3
1.872500E-7	2.160042E-3
1.873000E-7	2.106941E-3
1.873500E-7	2.067543E-3
1.874000E-7	2.036710E-3
1.874500E-7	1.992173E-3
1.875000E-7	1.942498E-3
1.875500E-7	1.892822E-3
1.876000E-7	1.843147E-3
1.876500E-7	1.788332E-3
1.877000E-7	1.742083E-3
1.877500E-7	1.718101E-3
1.878000E-7	1.711250E-3
1.878500E-7	1.702685E-3
1.879000E-7	1.685555E-3
1.879500E-7	1.663287E-3
1.880000E-7	1.656435E-3
1.880500E-7	1.678703E-3
1.881000E-7	1.709537E-3
1.881500E-7	1.733518E-3
1.882000E-7	1.759212E-3
1.882500E-7	1.798610E-3
1.883000E-7	1.846573E-3
1.883500E-7	1.879119E-3
1.884000E-7	1.904813E-3
1.884500E-7	1.925368E-3
1.885000E-7	1.932220E-3
1.885500E-7	1.932220E-3
1.886000E-7	1.939072E-3
1.886500E-7	1.944211E-3
1.887000E-7	1.937359E-3
1.887500E-7	1.945924E-3
1.888000E-7	1.980183E-3
1.888500E-7	2.040136E-3
1.889000E-7	2.103515E-3
1.889500E-7	2.177172E-3
1.890000E-7	2.255968E-3
1.890500E-7	2.317634E-3
1.891000E-7	2.362171E-3
1.891500E-7	2.386152E-3
1.892000E-7	2.387865E-3
1.892500E-7	2.363883E-3
1.893000E-7	2.317634E-3
1.893500E-7	2.259394E-3
1.894000E-7	2.202866E-3
1.894500E-7	2.134348E-3
1.895000E-7	2.055552E-3
1.895500E-7	1.988747E-3
1.896000E-7	1.957914E-3
1.896500E-7	1.947637E-3
1.897000E-7	1.944211E-3
1.897500E-7	1.976757E-3
1.898000E-7	2.033284E-3
1.898500E-7	2.070969E-3
1.899000E-7	2.091524E-3
1.899500E-7	2.122358E-3
1.900000E-7	2.154904E-3
1.900500E-7	2.177172E-3
1.901000E-7	2.189163E-3
1.901500E-7	2.184024E-3
1.902000E-7	2.154904E-3
1.902500E-7	2.115506E-3
1.903000E-7	2.086386E-3
1.903500E-7	2.069256E-3
1.904000E-7	2.045275E-3
1.904500E-7	2.011016E-3
1.905000E-7	1.985322E-3
1.905500E-7	1.976757E-3
1.906000E-7	1.985322E-3
1.906500E-7	2.028145E-3
1.907000E-7	2.124070E-3
1.907500E-7	2.266245E-3
1.908000E-7	2.411846E-3
1.908500E-7	2.540317E-3
1.909000E-7	2.651659E-3
1.909500E-7	2.756149E-3
1.910000E-7	2.836658E-3
1.910500E-7	2.864065E-3
1.911000E-7	2.824667E-3
1.911500E-7	2.725316E-3
1.912000E-7	2.569437E-3
1.912500E-7	2.363883E-3
1.913000E-7	2.141200E-3
1.913500E-7	1.956201E-3
1.914000E-7	1.832869E-3
1.914500E-7	1.766064E-3
1.915000E-7	1.742083E-3
1.915500E-7	1.778055E-3
1.916000E-7	1.877406E-3
1.916500E-7	2.004164E-3
1.917000E-7	2.124070E-3
1.917500E-7	2.249116E-3
1.918000E-7	2.374161E-3
1.918500E-7	2.451244E-3
1.919000E-7	2.459809E-3
1.919500E-7	2.415272E-3
1.920000E-7	2.317634E-3
1.920500E-7	2.161755E-3
1.921000E-7	1.978470E-3
1.921500E-7	1.784906E-3
1.922000E-7	1.601621E-3
1.922500E-7	1.464585E-3
1.923000E-7	1.372085E-3
1.923500E-7	1.318984E-3
1.924000E-7	1.318984E-3
1.924500E-7	1.384076E-3
1.925000E-7	1.483427E-3
1.925500E-7	1.596482E-3
1.926000E-7	1.726666E-3
1.926500E-7	1.860276E-3
1.927000E-7	1.983609E-3
1.927500E-7	2.084673E-3
1.928000E-7	2.153191E-3
1.928500E-7	2.177172E-3
1.929000E-7	2.166894E-3
1.929500E-7	2.118932E-3
1.930000E-7	2.046988E-3
1.930500E-7	1.959627E-3
1.931000E-7	1.884257E-3
1.931500E-7	1.839721E-3
1.932000E-7	1.814027E-3
1.932500E-7	1.791758E-3
1.933000E-7	1.786619E-3
1.933500E-7	1.831156E-3
1.934000E-7	1.894535E-3
1.934500E-7	1.918516E-3
1.935000E-7	1.906526E-3
1.935500E-7	1.896248E-3
1.936000E-7	1.884257E-3
1.936500E-7	1.861989E-3
1.937000E-7	1.838008E-3
1.937500E-7	1.803749E-3
1.938000E-7	1.755786E-3
1.938500E-7	1.735231E-3
1.939000E-7	1.760925E-3
1.939500E-7	1.814027E-3
1.940000E-7	1.887683E-3
1.940500E-7	1.981896E-3
1.941000E-7	2.074395E-3
1.941500E-7	2.139487E-3
1.942000E-7	2.175459E-3
1.942500E-7	2.185737E-3
1.943000E-7	2.184024E-3
1.943500E-7	2.180598E-3
1.944000E-7	2.173746E-3
1.944500E-7	2.182311E-3
1.945000E-7	2.206292E-3
1.945500E-7	2.233699E-3
1.946000E-7	2.281662E-3
1.946500E-7	2.346754E-3
1.947000E-7	2.401568E-3
1.947500E-7	2.435827E-3
1.948000E-7	2.458096E-3
1.948500E-7	2.482077E-3
1.949000E-7	2.482077E-3
1.949500E-7	2.449531E-3
1.950000E-7	2.381013E-3
1.950500E-7	2.290227E-3
1.951000E-7	2.194301E-3
1.951500E-7	2.110367E-3
1.952000E-7	2.055552E-3
1.952500E-7	2.033284E-3
1.953000E-7	2.050414E-3
1.953500E-7	2.091524E-3
1.954000E-7	2.139487E-3
1.954500E-7	2.165181E-3
1.955000E-7	2.172033E-3
1.955500E-7	2.158329E-3
1.956000E-7	2.117219E-3
1.956500E-7	2.048701E-3
1.957000E-7	1.968192E-3
1.957500E-7	1.887683E-3
1.958000E-7	1.803749E-3
1.958500E-7	1.730092E-3
1.959000E-7	1.678703E-3
1.959500E-7	1.635880E-3
1.960000E-7	1.608473E-3
1.960500E-7	1.613611E-3
1.961000E-7	1.644444E-3
1.961500E-7	1.683842E-3
1.962000E-7	1.724953E-3
1.962500E-7	1.759212E-3
1.963000E-7	1.766064E-3
1.963500E-7	1.750647E-3
1.964000E-7	1.733518E-3
1.964500E-7	1.699259E-3
1.965000E-7	1.627315E-3
1.965500E-7	1.550232E-3
1.966000E-7	1.495418E-3
1.966500E-7	1.450881E-3
1.967000E-7	1.416622E-3
1.967500E-7	1.406344E-3
1.968000E-7	1.421761E-3
1.968500E-7	1.461159E-3
1.969000E-7	1.531390E-3
1.969500E-7	1.620463E-3
1.970000E-7	1.719814E-3
1.970500E-7	1.817452E-3
1.971000E-7	1.903100E-3
1.971500E-7	1.959627E-3
1.972000E-7	2.002451E-3
1.972500E-7	2.038423E-3
1.973000E-7	2.062404E-3
1.973500E-7	2.067543E-3
1.974000E-7	2.086386E-3
1.974500E-7	2.129209E-3
1.975000E-7	2.172033E-3
1.975500E-7	2.201153E-3
1.976000E-7	2.231986E-3
1.976500E-7	2.269671E-3
1.977000E-7	2.298791E-3
1.977500E-7	2.307356E-3
1.978000E-7	2.281662E-3
1.978500E-7	2.221709E-3
1.979000E-7	2.142913E-3
1.979500E-7	2.072682E-3
1.980000E-7	2.011016E-3
1.980500E-7	1.944211E-3
1.981000E-7	1.880832E-3
1.981500E-7	1.834582E-3
1.982000E-7	1.810601E-3
1.982500E-7	1.805462E-3
1.983000E-7	1.836295E-3
1.983500E-7	1.911665E-3
1.984000E-7	2.011016E-3
1.984500E-7	2.091524E-3
1.985000E-7	2.148052E-3
1.985500E-7	2.189163E-3
1.986000E-7	2.196014E-3
1.986500E-7	2.158329E-3
1.987000E-7	2.077821E-3
1.987500E-7	1.997312E-3
1.988000E-7	1.927081E-3
1.988500E-7	1.868841E-3
1.989000E-7	1.831156E-3
1.989500E-7	1.807175E-3
1.990000E-7	1.779768E-3
1.990500E-7	1.760925E-3
1.991000E-7	1.778055E-3
1.991500E-7	1.810601E-3
1.992000E-7	1.827730E-3
1.992500E-7	1.839721E-3
1.993000E-7	1.856850E-3
1.993500E-7	1.865415E-3
1.994000E-7	1.868841E-3
1.994500E-7	1.877406E-3
1.995000E-7	1.884257E-3
1.995500E-7	1.892822E-3
1.996000E-7	1.909952E-3
1.996500E-7	1.921942E-3
1.997000E-7	1.942498E-3
1.997500E-7	2.000738E-3
1.998000E-7	2.072682E-3
1.998500E-7	2.101802E-3
1.999000E-7	2.089811E-3
1.999500E-7	2.067543E-3
2.000000E-7	2.038423E-3
