Study Name	PremaTech_CVD_SiC_HeandSi
Sample Name	2025-05-15
Run Name	spot20
Operator	Keshav
Date	5/15/2025
Time	21:05
Sign	FIX
Grating Spacing	06.40um
Channel	3
Number Traces	10000
Files in Batch	1
Batch Number	8
dt	50.000001E-12
time stamp (ms)	9:13:08 PM
	
Time	Amplitude
0.000000E+0	3.768636E-4
5.000000E-11	4.145485E-4
1.000000E-10	4.727888E-4
1.500000E-10	5.395938E-4
2.000000E-10	5.978341E-4
2.500000E-10	6.577874E-4
3.000000E-10	7.211665E-4
3.500000E-10	7.674162E-4
4.000000E-10	7.862586E-4
4.500000E-10	8.016752E-4
5.000000E-10	8.136658E-4
5.500000E-10	8.051011E-4
6.000000E-10	7.794068E-4
6.500000E-10	7.451478E-4
7.000000E-10	6.920464E-4
7.500000E-10	6.286672E-4
8.000000E-10	5.807046E-4
8.500000E-10	5.601492E-4
9.000000E-10	5.584363E-4
9.500000E-10	5.807046E-4
1.000000E-9	6.286672E-4
1.050000E-9	6.937593E-4
1.100000E-9	7.639903E-4
1.150000E-9	8.342212E-4
1.200000E-9	8.958874E-4
1.250000E-9	9.369982E-4
1.300000E-9	9.541277E-4
1.350000E-9	9.507018E-4
1.400000E-9	9.232946E-4
1.450000E-9	8.650543E-4
1.500000E-9	7.913975E-4
1.550000E-9	7.245924E-4
1.600000E-9	6.612133E-4
1.650000E-9	6.029730E-4
1.700000E-9	5.721399E-4
1.750000E-9	5.704269E-4
1.800000E-9	5.944082E-4
1.850000E-9	6.372320E-4
1.900000E-9	6.988982E-4
1.950000E-9	7.674162E-4
2.000000E-9	8.256565E-4
2.050000E-9	8.821838E-4
2.100000E-9	9.318594E-4
2.150000E-9	9.609795E-4
2.200000E-9	9.626925E-4
2.250000E-9	9.352853E-4
2.300000E-9	8.838968E-4
2.350000E-9	8.119529E-4
2.400000E-9	7.348701E-4
2.450000E-9	6.629262E-4
2.500000E-9	5.858435E-4
2.550000E-9	5.053348E-4
2.600000E-9	4.453816E-4
2.650000E-9	4.111226E-4
2.700000E-9	4.076967E-4
2.750000E-9	4.299650E-4
2.800000E-9	4.745017E-4
2.850000E-9	5.241773E-4
2.900000E-9	5.704269E-4
2.950000E-9	5.978341E-4
3.000000E-9	5.909823E-4
3.050000E-9	5.635751E-4
3.100000E-9	5.276032E-4
3.150000E-9	4.710758E-4
3.200000E-9	4.042708E-4
3.250000E-9	3.460305E-4
3.300000E-9	2.946420E-4
3.350000E-9	2.381146E-4
3.400000E-9	1.952909E-4
3.450000E-9	1.798743E-4
3.500000E-9	1.747355E-4
3.550000E-9	1.798743E-4
3.600000E-9	2.055686E-4
3.650000E-9	2.398276E-4
3.700000E-9	2.672348E-4
3.750000E-9	2.929290E-4
3.800000E-9	3.306139E-4
3.850000E-9	3.511693E-4
3.900000E-9	3.460305E-4
3.950000E-9	3.323269E-4
4.000000E-9	3.066326E-4
4.050000E-9	2.552441E-4
4.100000E-9	1.884391E-4
4.150000E-9	1.353376E-4
4.200000E-9	8.908796E-5
4.250000E-9	3.941241E-5
4.300000E-9	5.153407E-6
4.350000E-9	1.727507E-6
4.400000E-9	1.200521E-5
4.450000E-9	3.084766E-5
4.500000E-9	7.367141E-5
4.550000E-9	1.284858E-4
4.600000E-9	1.781614E-4
4.650000E-9	2.295499E-4
4.700000E-9	2.895031E-4
4.750000E-9	3.460305E-4
4.800000E-9	3.905672E-4
4.850000E-9	4.214003E-4
4.900000E-9	4.265391E-4
4.950000E-9	4.162614E-4
5.000000E-9	3.957060E-4
5.050000E-9	3.597341E-4
5.100000E-9	3.237621E-4
5.150000E-9	3.032067E-4
5.200000E-9	2.792254E-4
5.250000E-9	2.466794E-4
5.300000E-9	2.346887E-4
5.350000E-9	2.552441E-4
5.400000E-9	2.638089E-4
5.450000E-9	2.449664E-4
5.500000E-9	2.226981E-4
5.550000E-9	2.192722E-4
5.600000E-9	2.261240E-4
5.650000E-9	2.329758E-4
5.700000E-9	2.449664E-4
5.750000E-9	2.569571E-4
5.800000E-9	2.706607E-4
5.850000E-9	2.775125E-4
5.900000E-9	2.980679E-4
5.950000E-9	3.443175E-4
6.000000E-9	4.042708E-4
6.050000E-9	4.453816E-4
6.100000E-9	4.745017E-4
6.150000E-9	5.156125E-4
6.200000E-9	5.652881E-4
6.250000E-9	6.012600E-4
6.300000E-9	6.269543E-4
6.350000E-9	6.457967E-4
6.400000E-9	6.560744E-4
6.450000E-9	6.663521E-4
6.500000E-9	6.817687E-4
6.550000E-9	6.920464E-4
6.600000E-9	6.834816E-4
6.650000E-9	6.697780E-4
6.700000E-9	6.543615E-4
6.750000E-9	6.355190E-4
6.800000E-9	6.046859E-4
6.850000E-9	5.687140E-4
6.900000E-9	5.344550E-4
6.950000E-9	5.190384E-4
7.000000E-9	5.121866E-4
7.050000E-9	4.916312E-4
7.100000E-9	4.659370E-4
7.150000E-9	4.556593E-4
7.200000E-9	4.556593E-4
7.250000E-9	4.556593E-4
7.300000E-9	4.522334E-4
7.350000E-9	4.573722E-4
7.400000E-9	4.779276E-4
7.450000E-9	5.121866E-4
7.500000E-9	5.361679E-4
7.550000E-9	5.567233E-4
7.600000E-9	5.961212E-4
7.650000E-9	6.406579E-4
7.700000E-9	6.646392E-4
7.750000E-9	6.714910E-4
7.800000E-9	6.732039E-4
7.850000E-9	6.697780E-4
7.900000E-9	6.526485E-4
7.950000E-9	6.183895E-4
8.000000E-9	5.567233E-4
8.050000E-9	4.830665E-4
8.100000E-9	4.248262E-4
8.150000E-9	3.905672E-4
8.200000E-9	3.734377E-4
8.250000E-9	3.785765E-4
8.300000E-9	4.111226E-4
8.350000E-9	4.676499E-4
8.400000E-9	5.413068E-4
8.450000E-9	6.149636E-4
8.500000E-9	6.800557E-4
8.550000E-9	7.331572E-4
8.600000E-9	7.845457E-4
8.650000E-9	8.068140E-4
8.700000E-9	7.965363E-4
8.750000E-9	7.674162E-4
8.800000E-9	7.108888E-4
8.850000E-9	6.149636E-4
8.900000E-9	4.933442E-4
8.950000E-9	3.580211E-4
9.000000E-9	2.175592E-4
9.050000E-9	8.052321E-5
9.100000E-9	-3.424444E-5
9.150000E-9	-1.233178E-4
9.200000E-9	-1.712804E-4
9.250000E-9	-1.712804E-4
9.300000E-9	-1.404473E-4
9.350000E-9	-8.220705E-5
9.400000E-9	2.056996E-5
9.450000E-9	1.507542E-4
9.500000E-9	2.535312E-4
9.550000E-9	3.426046E-4
9.600000E-9	4.385298E-4
9.650000E-9	5.190384E-4
9.700000E-9	5.515845E-4
9.750000E-9	5.395938E-4
9.800000E-9	4.916312E-4
9.850000E-9	4.042708E-4
9.900000E-9	2.877902E-4
9.950000E-9	1.661707E-4
1.000000E-8	4.283831E-5
1.005000E-8	-7.021640E-5
1.010000E-8	-1.558639E-4
1.015000E-8	-2.141042E-4
1.020000E-8	-2.483632E-4
1.025000E-8	-2.363726E-4
1.030000E-8	-1.661416E-4
1.035000E-8	-5.308690E-5
1.040000E-8	7.881026E-5
1.045000E-8	2.346887E-4
1.050000E-8	4.145485E-4
1.055000E-8	5.995471E-4
1.060000E-8	7.691291E-4
1.065000E-8	9.113040E-4
1.070000E-8	1.024359E-3
1.075000E-8	1.103154E-3
1.080000E-8	1.132275E-3
1.085000E-8	1.104867E-3
1.090000E-8	1.020933E-3
1.095000E-8	9.061651E-4
1.100000E-8	7.759809E-4
1.105000E-8	6.269543E-4
1.110000E-8	4.607981E-4
1.115000E-8	3.066326E-4
1.120000E-8	1.867261E-4
1.125000E-8	9.936566E-5
1.130000E-8	5.140306E-5
1.135000E-8	4.626421E-5
1.140000E-8	7.881026E-5
1.145000E-8	1.541801E-4
1.150000E-8	2.775125E-4
1.155000E-8	4.265391E-4
1.160000E-8	5.772787E-4
1.165000E-8	7.245924E-4
1.170000E-8	8.599155E-4
1.175000E-8	9.781090E-4
1.180000E-8	1.065469E-3
1.185000E-8	1.121997E-3
1.190000E-8	1.149404E-3
1.195000E-8	1.140839E-3
1.200000E-8	1.106580E-3
1.205000E-8	1.043201E-3
1.210000E-8	9.592666E-4
1.215000E-8	8.770450E-4
1.220000E-8	8.033881E-4
1.225000E-8	7.400090E-4
1.230000E-8	6.869075E-4
1.235000E-8	6.629262E-4
1.240000E-8	6.646392E-4
1.245000E-8	6.766298E-4
1.250000E-8	6.886205E-4
1.255000E-8	7.228795E-4
1.260000E-8	7.794068E-4
1.265000E-8	8.393601E-4
1.270000E-8	8.821838E-4
1.275000E-8	9.113040E-4
1.280000E-8	9.524148E-4
1.285000E-8	9.900997E-4
1.290000E-8	1.003803E-3
1.295000E-8	9.969515E-4
1.300000E-8	9.866738E-4
1.305000E-8	9.626925E-4
1.310000E-8	9.250076E-4
1.315000E-8	8.924615E-4
1.320000E-8	8.667673E-4
1.325000E-8	8.530637E-4
1.330000E-8	8.444989E-4
1.335000E-8	8.273694E-4
1.340000E-8	7.828327E-4
1.345000E-8	7.108888E-4
1.350000E-8	6.509356E-4
1.355000E-8	5.961212E-4
1.360000E-8	5.258902E-4
1.365000E-8	4.488075E-4
1.370000E-8	3.957060E-4
1.375000E-8	3.528823E-4
1.380000E-8	3.117715E-4
1.385000E-8	2.997808E-4
1.390000E-8	3.271880E-4
1.395000E-8	3.751506E-4
1.400000E-8	4.436686E-4
1.405000E-8	5.413068E-4
1.410000E-8	6.423708E-4
1.415000E-8	7.297313E-4
1.420000E-8	8.102399E-4
1.425000E-8	8.719061E-4
1.430000E-8	8.958874E-4
1.435000E-8	8.958874E-4
1.440000E-8	8.873227E-4
1.445000E-8	8.410730E-4
1.450000E-8	7.519996E-4
1.455000E-8	6.543615E-4
1.460000E-8	5.652881E-4
1.465000E-8	4.642240E-4
1.470000E-8	3.545952E-4
1.475000E-8	2.689477E-4
1.480000E-8	2.226981E-4
1.485000E-8	1.867261E-4
1.490000E-8	1.593189E-4
1.495000E-8	1.713096E-4
1.500000E-8	2.278369E-4
1.505000E-8	2.963549E-4
1.510000E-8	3.682988E-4
1.515000E-8	4.573722E-4
1.520000E-8	5.395938E-4
1.525000E-8	5.875564E-4
1.530000E-8	6.046859E-4
1.535000E-8	5.995471E-4
1.540000E-8	5.618622E-4
1.545000E-8	4.950571E-4
1.550000E-8	4.094096E-4
1.555000E-8	3.117715E-4
1.560000E-8	2.107074E-4
1.565000E-8	1.130693E-4
1.570000E-8	1.714406E-5
1.575000E-8	-6.850345E-5
1.580000E-8	-1.216049E-4
1.585000E-8	-1.438732E-4
1.590000E-8	-1.421603E-4
1.595000E-8	-9.933655E-5
1.600000E-8	-1.540199E-5
1.605000E-8	7.024551E-5
1.610000E-8	1.387635E-4
1.615000E-8	2.209851E-4
1.620000E-8	3.083456E-4
1.625000E-8	3.665859E-4
1.630000E-8	3.820024E-4
1.635000E-8	3.837154E-4
1.640000E-8	3.854283E-4
1.645000E-8	3.768636E-4
1.650000E-8	3.751506E-4
1.655000E-8	3.922801E-4
1.660000E-8	4.094096E-4
1.665000E-8	4.368168E-4
1.670000E-8	4.916312E-4
1.675000E-8	5.618622E-4
1.680000E-8	6.252413E-4
1.685000E-8	6.886205E-4
1.690000E-8	7.554255E-4
1.695000E-8	7.931104E-4
1.700000E-8	7.828327E-4
1.705000E-8	7.451478E-4
1.710000E-8	6.988982E-4
1.715000E-8	6.252413E-4
1.720000E-8	5.224643E-4
1.725000E-8	4.299650E-4
1.730000E-8	3.802895E-4
1.735000E-8	3.717247E-4
1.740000E-8	3.802895E-4
1.745000E-8	3.957060E-4
1.750000E-8	4.196873E-4
1.755000E-8	4.607981E-4
1.760000E-8	5.070478E-4
1.765000E-8	5.258902E-4
1.770000E-8	5.138996E-4
1.775000E-8	4.727888E-4
1.780000E-8	4.008449E-4
1.785000E-8	3.134844E-4
1.790000E-8	2.244110E-4
1.795000E-8	1.233470E-4
1.800000E-8	1.885701E-5
1.805000E-8	-4.794804E-5
1.810000E-8	-5.308690E-5
1.815000E-8	-3.081854E-5
1.820000E-8	1.371816E-5
1.825000E-8	9.593976E-5
1.830000E-8	2.089945E-4
1.835000E-8	3.306139E-4
1.840000E-8	4.573722E-4
1.845000E-8	5.635751E-4
1.850000E-8	6.201025E-4
1.855000E-8	6.423708E-4
1.860000E-8	6.475097E-4
1.865000E-8	6.201025E-4
1.870000E-8	5.532974E-4
1.875000E-8	4.607981E-4
1.880000E-8	3.648729E-4
1.885000E-8	2.792254E-4
1.890000E-8	2.141333E-4
1.895000E-8	1.678837E-4
1.900000E-8	1.370506E-4
1.905000E-8	1.233470E-4
1.910000E-8	1.130693E-4
1.915000E-8	1.010786E-4
1.920000E-8	8.908796E-5
1.925000E-8	8.394911E-5
1.930000E-8	8.223616E-5
1.935000E-8	7.195846E-5
1.940000E-8	5.654191E-5
1.945000E-8	4.797716E-5
1.950000E-8	5.311601E-5
1.955000E-8	6.681961E-5
1.960000E-8	8.223616E-5
1.965000E-8	1.113563E-4
1.970000E-8	1.524671E-4
1.975000E-8	2.107074E-4
1.980000E-8	2.809384E-4
1.985000E-8	3.426046E-4
1.990000E-8	3.837154E-4
1.995000E-8	4.162614E-4
2.000000E-8	4.539463E-4
2.005000E-8	4.727888E-4
2.010000E-8	4.710758E-4
2.015000E-8	4.710758E-4
2.020000E-8	4.779276E-4
2.025000E-8	4.745017E-4
2.030000E-8	4.676499E-4
2.035000E-8	4.762147E-4
2.040000E-8	4.916312E-4
2.045000E-8	4.950571E-4
2.050000E-8	4.864924E-4
2.055000E-8	4.796406E-4
2.060000E-8	4.642240E-4
2.065000E-8	4.316780E-4
2.070000E-8	3.922801E-4
2.075000E-8	3.528823E-4
2.080000E-8	3.151974E-4
2.085000E-8	2.997808E-4
2.090000E-8	3.117715E-4
2.095000E-8	3.340398E-4
2.100000E-8	3.614470E-4
2.105000E-8	3.957060E-4
2.110000E-8	4.402427E-4
2.115000E-8	4.830665E-4
2.120000E-8	5.070478E-4
2.125000E-8	5.104737E-4
2.130000E-8	4.984830E-4
2.135000E-8	4.745017E-4
2.140000E-8	4.299650E-4
2.145000E-8	3.700118E-4
2.150000E-8	3.254751E-4
2.155000E-8	3.014938E-4
2.160000E-8	2.843643E-4
2.165000E-8	2.946420E-4
2.170000E-8	3.426046E-4
2.175000E-8	4.231132E-4
2.180000E-8	5.224643E-4
2.185000E-8	6.269543E-4
2.190000E-8	7.211665E-4
2.195000E-8	7.896845E-4
2.200000E-8	8.205176E-4
2.205000E-8	8.325083E-4
2.210000E-8	8.393601E-4
2.215000E-8	8.393601E-4
2.220000E-8	8.273694E-4
2.225000E-8	8.033881E-4
2.230000E-8	7.708421E-4
2.235000E-8	7.263054E-4
2.240000E-8	6.766298E-4
2.245000E-8	6.355190E-4
2.250000E-8	5.824176E-4
2.255000E-8	5.053348E-4
2.260000E-8	4.179744E-4
2.265000E-8	3.323269E-4
2.270000E-8	2.449664E-4
2.275000E-8	1.747355E-4
2.280000E-8	1.113563E-4
2.285000E-8	3.941241E-5
2.290000E-8	-1.540199E-5
2.295000E-8	-2.054084E-5
2.300000E-8	-5.124294E-6
2.305000E-8	-1.698394E-6
2.310000E-8	2.913471E-5
2.315000E-8	9.080091E-5
2.320000E-8	1.387635E-4
2.325000E-8	1.644578E-4
2.330000E-8	2.055686E-4
2.335000E-8	2.672348E-4
2.340000E-8	3.066326E-4
2.345000E-8	3.100585E-4
2.350000E-8	2.980679E-4
2.355000E-8	2.860772E-4
2.360000E-8	2.843643E-4
2.365000E-8	2.860772E-4
2.370000E-8	2.860772E-4
2.375000E-8	2.860772E-4
2.380000E-8	2.843643E-4
2.385000E-8	2.792254E-4
2.390000E-8	2.895031E-4
2.395000E-8	3.391787E-4
2.400000E-8	4.145485E-4
2.405000E-8	5.087607E-4
2.410000E-8	6.183895E-4
2.415000E-8	7.382960E-4
2.420000E-8	8.444989E-4
2.425000E-8	9.352853E-4
2.430000E-8	1.014081E-3
2.435000E-8	1.068895E-3
2.440000E-8	1.082599E-3
2.445000E-8	1.056905E-3
2.450000E-8	1.007229E-3
2.455000E-8	9.421371E-4
2.460000E-8	8.479248E-4
2.465000E-8	7.228795E-4
2.470000E-8	6.063989E-4
2.475000E-8	5.001960E-4
2.480000E-8	4.042708E-4
2.485000E-8	3.443175E-4
2.490000E-8	3.374657E-4
2.495000E-8	3.511693E-4
2.500000E-8	3.665859E-4
2.505000E-8	4.076967E-4
2.510000E-8	4.556593E-4
2.515000E-8	4.590852E-4
2.520000E-8	4.402427E-4
2.525000E-8	4.419557E-4
2.530000E-8	4.522334E-4
2.535000E-8	4.505204E-4
2.540000E-8	4.796406E-4
2.545000E-8	5.875564E-4
2.550000E-8	8.068140E-4
2.555000E-8	1.180237E-3
2.560000E-8	1.755788E-3
2.565000E-8	2.576291E-3
2.570000E-8	3.676005E-3
2.575000E-8	5.025810E-3
2.580000E-8	6.572604E-3
2.585000E-8	8.294119E-3
2.590000E-8	1.012698E-2
2.595000E-8	1.195469E-2
2.600000E-8	1.368991E-2
2.605000E-8	1.528124E-2
2.610000E-8	1.663105E-2
2.615000E-8	1.763826E-2
2.620000E-8	1.828404E-2
2.625000E-8	1.857011E-2
2.630000E-8	1.850159E-2
2.635000E-8	1.812131E-2
2.640000E-8	1.754062E-2
2.645000E-8	1.684174E-2
2.650000E-8	1.610517E-2
2.655000E-8	1.542684E-2
2.660000E-8	1.490611E-2
2.665000E-8	1.458921E-2
2.670000E-8	1.447616E-2
2.675000E-8	1.456352E-2
2.680000E-8	1.483245E-2
2.685000E-8	1.523157E-2
2.690000E-8	1.568892E-2
2.695000E-8	1.614628E-2
2.700000E-8	1.654540E-2
2.705000E-8	1.682290E-2
2.710000E-8	1.692739E-2
2.715000E-8	1.685887E-2
2.720000E-8	1.662077E-2
2.725000E-8	1.622165E-2
2.730000E-8	1.570434E-2
2.735000E-8	1.512365E-2
2.740000E-8	1.450528E-2
2.745000E-8	1.389547E-2
2.750000E-8	1.335246E-2
2.755000E-8	1.293279E-2
2.760000E-8	1.266043E-2
2.765000E-8	1.255594E-2
2.770000E-8	1.261075E-2
2.775000E-8	1.279918E-2
2.780000E-8	1.310751E-2
2.785000E-8	1.351176E-2
2.790000E-8	1.394857E-2
2.795000E-8	1.435967E-2
2.800000E-8	1.471597E-2
2.805000E-8	1.499518E-2
2.810000E-8	1.515620E-2
2.815000E-8	1.519388E-2
2.820000E-8	1.508083E-2
2.825000E-8	1.480675E-2
2.830000E-8	1.438194E-2
2.835000E-8	1.385949E-2
2.840000E-8	1.328737E-2
2.845000E-8	1.270668E-2
2.850000E-8	1.217224E-2
2.855000E-8	1.173544E-2
2.860000E-8	1.144081E-2
2.865000E-8	1.131234E-2
2.870000E-8	1.135002E-2
2.875000E-8	1.154358E-2
2.880000E-8	1.189645E-2
2.885000E-8	1.236751E-2
2.890000E-8	1.288311E-2
2.895000E-8	1.337987E-2
2.900000E-8	1.382352E-2
2.905000E-8	1.416611E-2
2.910000E-8	1.436653E-2
2.915000E-8	1.440592E-2
2.920000E-8	1.428602E-2
2.925000E-8	1.403250E-2
2.930000E-8	1.367621E-2
2.935000E-8	1.323941E-2
2.940000E-8	1.275978E-2
2.945000E-8	1.229214E-2
2.950000E-8	1.187247E-2
2.955000E-8	1.153331E-2
2.960000E-8	1.131405E-2
2.965000E-8	1.122840E-2
2.970000E-8	1.127979E-2
2.975000E-8	1.145280E-2
2.980000E-8	1.171317E-2
2.985000E-8	1.204719E-2
2.990000E-8	1.243089E-2
2.995000E-8	1.280774E-2
3.000000E-8	1.312121E-2
3.005000E-8	1.335246E-2
3.010000E-8	1.348436E-2
3.015000E-8	1.348607E-2
3.020000E-8	1.335760E-2
3.025000E-8	1.312292E-2
3.030000E-8	1.279404E-2
3.035000E-8	1.238978E-2
3.040000E-8	1.194613E-2
3.045000E-8	1.153159E-2
3.050000E-8	1.119928E-2
3.055000E-8	1.097146E-2
3.060000E-8	1.084641E-2
3.065000E-8	1.085327E-2
3.070000E-8	1.101600E-2
3.075000E-8	1.129007E-2
3.080000E-8	1.164122E-2
3.085000E-8	1.206090E-2
3.090000E-8	1.251483E-2
3.095000E-8	1.291908E-2
3.100000E-8	1.321714E-2
3.105000E-8	1.339700E-2
3.110000E-8	1.344667E-2
3.115000E-8	1.335246E-2
3.120000E-8	1.311779E-2
3.125000E-8	1.275464E-2
3.130000E-8	1.229043E-2
3.135000E-8	1.176798E-2
3.140000E-8	1.123697E-2
3.145000E-8	1.074021E-2
3.150000E-8	1.032910E-2
3.155000E-8	1.005503E-2
3.160000E-8	9.931699E-3
3.165000E-8	9.948828E-3
3.170000E-8	1.012184E-2
3.175000E-8	1.044901E-2
3.180000E-8	1.087896E-2
3.185000E-8	1.134831E-2
3.190000E-8	1.181594E-2
3.195000E-8	1.225103E-2
3.200000E-8	1.259534E-2
3.205000E-8	1.281117E-2
3.210000E-8	1.288996E-2
3.215000E-8	1.282316E-2
3.220000E-8	1.262446E-2
3.225000E-8	1.230756E-2
3.230000E-8	1.190159E-2
3.235000E-8	1.145109E-2
3.240000E-8	1.099544E-2
3.245000E-8	1.058605E-2
3.250000E-8	1.024517E-2
3.255000E-8	9.996791E-3
3.260000E-8	9.871746E-3
3.265000E-8	9.885449E-3
3.270000E-8	1.002591E-2
3.275000E-8	1.025716E-2
3.280000E-8	1.055350E-2
3.285000E-8	1.089780E-2
3.290000E-8	1.125238E-2
3.295000E-8	1.158812E-2
3.300000E-8	1.188104E-2
3.305000E-8	1.209515E-2
3.310000E-8	1.222020E-2
3.315000E-8	1.226816E-2
3.320000E-8	1.224076E-2
3.325000E-8	1.211400E-2
3.330000E-8	1.191187E-2
3.335000E-8	1.167206E-2
3.340000E-8	1.140484E-2
3.345000E-8	1.111706E-2
3.350000E-8	1.087211E-2
3.355000E-8	1.070767E-2
3.360000E-8	1.062716E-2
3.365000E-8	1.062544E-2
3.370000E-8	1.070767E-2
3.375000E-8	1.088410E-2
3.380000E-8	1.113248E-2
3.385000E-8	1.140312E-2
3.390000E-8	1.166178E-2
3.395000E-8	1.191187E-2
3.400000E-8	1.213284E-2
3.405000E-8	1.228529E-2
3.410000E-8	1.234011E-2
3.415000E-8	1.229386E-2
3.420000E-8	1.214997E-2
3.425000E-8	1.192729E-2
3.430000E-8	1.165321E-2
3.435000E-8	1.133803E-2
3.440000E-8	1.101086E-2
3.445000E-8	1.072822E-2
3.450000E-8	1.052952E-2
3.455000E-8	1.041304E-2
3.460000E-8	1.039420E-2
3.465000E-8	1.048156E-2
3.470000E-8	1.064086E-2
3.475000E-8	1.085669E-2
3.480000E-8	1.113419E-2
3.485000E-8	1.144766E-2
3.490000E-8	1.174743E-2
3.495000E-8	1.199752E-2
3.500000E-8	1.218080E-2
3.505000E-8	1.228187E-2
3.510000E-8	1.230413E-2
3.515000E-8	1.224932E-2
3.520000E-8	1.210886E-2
3.525000E-8	1.190159E-2
3.530000E-8	1.165321E-2
3.535000E-8	1.136373E-2
3.540000E-8	1.104340E-2
3.545000E-8	1.073507E-2
3.550000E-8	1.046614E-2
3.555000E-8	1.024859E-2
3.560000E-8	1.009614E-2
3.565000E-8	1.003448E-2
3.570000E-8	1.006873E-2
3.575000E-8	1.018350E-2
3.580000E-8	1.035651E-2
3.585000E-8	1.057577E-2
3.590000E-8	1.083785E-2
3.595000E-8	1.109308E-2
3.600000E-8	1.129521E-2
3.605000E-8	1.143224E-2
3.610000E-8	1.149734E-2
3.615000E-8	1.146650E-2
3.620000E-8	1.134317E-2
3.625000E-8	1.114618E-2
3.630000E-8	1.088239E-2
3.635000E-8	1.057406E-2
3.640000E-8	1.027771E-2
3.645000E-8	1.002077E-2
3.650000E-8	9.803228E-3
3.655000E-8	9.657627E-3
3.660000E-8	9.628507E-3
3.665000E-8	9.697025E-3
3.670000E-8	9.820357E-3
3.675000E-8	1.000878E-2
3.680000E-8	1.025545E-2
3.685000E-8	1.051924E-2
3.690000E-8	1.076762E-2
3.695000E-8	1.099887E-2
3.700000E-8	1.118729E-2
3.705000E-8	1.130035E-2
3.710000E-8	1.133632E-2
3.715000E-8	1.129863E-2
3.720000E-8	1.116845E-2
3.725000E-8	1.096289E-2
3.730000E-8	1.072308E-2
3.735000E-8	1.046100E-2
3.740000E-8	1.016637E-2
3.745000E-8	9.871746E-3
3.750000E-8	9.619942E-3
3.755000E-8	9.421240E-3
3.760000E-8	9.273926E-3
3.765000E-8	9.196843E-3
3.770000E-8	9.212260E-3
3.775000E-8	9.304759E-3
3.780000E-8	9.457212E-3
3.785000E-8	9.659340E-3
3.790000E-8	9.883736E-3
3.795000E-8	1.008929E-2
3.800000E-8	1.026230E-2
3.805000E-8	1.038734E-2
3.810000E-8	1.043702E-2
3.815000E-8	1.040105E-2
3.820000E-8	1.030512E-2
3.825000E-8	1.017322E-2
3.830000E-8	1.001049E-2
3.835000E-8	9.834061E-3
3.840000E-8	9.661053E-3
3.845000E-8	9.508600E-3
3.850000E-8	9.410962E-3
3.855000E-8	9.383555E-3
3.860000E-8	9.409249E-3
3.865000E-8	9.486332E-3
3.870000E-8	9.609664E-3
3.875000E-8	9.765543E-3
3.880000E-8	9.953967E-3
3.885000E-8	1.015781E-2
3.890000E-8	1.033596E-2
3.895000E-8	1.046271E-2
3.900000E-8	1.056206E-2
3.905000E-8	1.062544E-2
3.910000E-8	1.061517E-2
3.915000E-8	1.055007E-2
3.920000E-8	1.046271E-2
3.925000E-8	1.032054E-2
3.930000E-8	1.012012E-2
3.935000E-8	9.914569E-3
3.940000E-8	9.734710E-3
3.945000E-8	9.553137E-3
3.950000E-8	9.380129E-3
3.955000E-8	9.248232E-3
3.960000E-8	9.162584E-3
3.965000E-8	9.118048E-3
3.970000E-8	9.143742E-3
3.975000E-8	9.241380E-3
3.980000E-8	9.397259E-3
3.985000E-8	9.590822E-3
3.990000E-8	9.784385E-3
3.995000E-8	9.955680E-3
4.000000E-8	1.009786E-2
4.005000E-8	1.019721E-2
4.010000E-8	1.023832E-2
4.015000E-8	1.022461E-2
4.020000E-8	1.016295E-2
4.025000E-8	1.003276E-2
4.030000E-8	9.849477E-3
4.035000E-8	9.666192E-3
4.040000E-8	9.494897E-3
4.045000E-8	9.340731E-3
4.050000E-8	9.232815E-3
4.055000E-8	9.195130E-3
4.060000E-8	9.210547E-3
4.065000E-8	9.282491E-3
4.070000E-8	9.419527E-3
4.075000E-8	9.594248E-3
4.080000E-8	9.768969E-3
4.085000E-8	9.941977E-3
4.090000E-8	1.010985E-2
4.095000E-8	1.024003E-2
4.100000E-8	1.029656E-2
4.105000E-8	1.026744E-2
4.110000E-8	1.016466E-2
4.115000E-8	1.000878E-2
4.120000E-8	9.818644E-3
4.125000E-8	9.621655E-3
4.130000E-8	9.438369E-3
4.135000E-8	9.285917E-3
4.140000E-8	9.178001E-3
4.145000E-8	9.124899E-3
4.150000E-8	9.136890E-3
4.155000E-8	9.205408E-3
4.160000E-8	9.308185E-3
4.165000E-8	9.445221E-3
4.170000E-8	9.599387E-3
4.175000E-8	9.753552E-3
4.180000E-8	9.897440E-3
4.185000E-8	1.001735E-2
4.190000E-8	1.009443E-2
4.195000E-8	1.011156E-2
4.200000E-8	1.008586E-2
4.205000E-8	1.002934E-2
4.210000E-8	9.919708E-3
4.215000E-8	9.758691E-3
4.220000E-8	9.578831E-3
4.225000E-8	9.404110E-3
4.230000E-8	9.215686E-3
4.235000E-8	9.032400E-3
4.240000E-8	8.883374E-3
4.245000E-8	8.765180E-3
4.250000E-8	8.665829E-3
4.255000E-8	8.612727E-3
4.260000E-8	8.629857E-3
4.265000E-8	8.696662E-3
4.270000E-8	8.789161E-3
4.275000E-8	8.905642E-3
4.280000E-8	9.044391E-3
4.285000E-8	9.172862E-3
4.290000E-8	9.265361E-3
4.295000E-8	9.330453E-3
4.300000E-8	9.359574E-3
4.305000E-8	9.340731E-3
4.310000E-8	9.273926E-3
4.315000E-8	9.174575E-3
4.320000E-8	9.040965E-3
4.325000E-8	8.878235E-3
4.330000E-8	8.694949E-3
4.335000E-8	8.525367E-3
4.340000E-8	8.378053E-3
4.345000E-8	8.256434E-3
4.350000E-8	8.175925E-3
4.355000E-8	8.150231E-3
4.360000E-8	8.169073E-3
4.365000E-8	8.220462E-3
4.370000E-8	8.312961E-3
4.375000E-8	8.451710E-3
4.380000E-8	8.607589E-3
4.385000E-8	8.749763E-3
4.390000E-8	8.879948E-3
4.395000E-8	9.004993E-3
4.400000E-8	9.109483E-3
4.405000E-8	9.174575E-3
4.410000E-8	9.210547E-3
4.415000E-8	9.212260E-3
4.420000E-8	9.164297E-3
4.425000E-8	9.075224E-3
4.430000E-8	8.960456E-3
4.435000E-8	8.816568E-3
4.440000E-8	8.664116E-3
4.445000E-8	8.530506E-3
4.450000E-8	8.420877E-3
4.455000E-8	8.336942E-3
4.460000E-8	8.311248E-3
4.465000E-8	8.350646E-3
4.470000E-8	8.410599E-3
4.475000E-8	8.477404E-3
4.480000E-8	8.566478E-3
4.485000E-8	8.681245E-3
4.490000E-8	8.794300E-3
4.495000E-8	8.886799E-3
4.500000E-8	8.948466E-3
4.505000E-8	8.972447E-3
4.510000E-8	8.939901E-3
4.515000E-8	8.850827E-3
4.520000E-8	8.715504E-3
4.525000E-8	8.549348E-3
4.530000E-8	8.376340E-3
4.535000E-8	8.201619E-3
4.540000E-8	8.028611E-3
4.545000E-8	7.876159E-3
4.550000E-8	7.756252E-3
4.555000E-8	7.682596E-3
4.560000E-8	7.662040E-3
4.565000E-8	7.689447E-3
4.570000E-8	7.757965E-3
4.575000E-8	7.874446E-3
4.580000E-8	8.040602E-3
4.585000E-8	8.244443E-3
4.590000E-8	8.455136E-3
4.595000E-8	8.655551E-3
4.600000E-8	8.830272E-3
4.605000E-8	8.974160E-3
4.610000E-8	9.070085E-3
4.615000E-8	9.107770E-3
4.620000E-8	9.100918E-3
4.625000E-8	9.058094E-3
4.630000E-8	8.974160E-3
4.635000E-8	8.867957E-3
4.640000E-8	8.748050E-3
4.645000E-8	8.607589E-3
4.650000E-8	8.449997E-3
4.655000E-8	8.304396E-3
4.660000E-8	8.187916E-3
4.665000E-8	8.093704E-3
4.670000E-8	8.016621E-3
4.675000E-8	7.970371E-3
4.680000E-8	7.953242E-3
4.685000E-8	7.960093E-3
4.690000E-8	7.985788E-3
4.695000E-8	8.016621E-3
4.700000E-8	8.040602E-3
4.705000E-8	8.074861E-3
4.710000E-8	8.124537E-3
4.715000E-8	8.179351E-3
4.720000E-8	8.225601E-3
4.725000E-8	8.268424E-3
4.730000E-8	8.287267E-3
4.735000E-8	8.261573E-3
4.740000E-8	8.194768E-3
4.745000E-8	8.112546E-3
4.750000E-8	8.018334E-3
4.755000E-8	7.900140E-3
4.760000E-8	7.757965E-3
4.765000E-8	7.615790E-3
4.770000E-8	7.494171E-3
4.775000E-8	7.398246E-3
4.780000E-8	7.328015E-3
4.785000E-8	7.288617E-3
4.790000E-8	7.285191E-3
4.795000E-8	7.326302E-3
4.800000E-8	7.411949E-3
4.805000E-8	7.509588E-3
4.810000E-8	7.595235E-3
4.815000E-8	7.686021E-3
4.820000E-8	7.780234E-3
4.825000E-8	7.841900E-3
4.830000E-8	7.853891E-3
4.835000E-8	7.831622E-3
4.840000E-8	7.783660E-3
4.845000E-8	7.703151E-3
4.850000E-8	7.624355E-3
4.855000E-8	7.572967E-3
4.860000E-8	7.525004E-3
4.865000E-8	7.477042E-3
4.870000E-8	7.458199E-3
4.875000E-8	7.477042E-3
4.880000E-8	7.518152E-3
4.885000E-8	7.579819E-3
4.890000E-8	7.670605E-3
4.895000E-8	7.754539E-3
4.900000E-8	7.819632E-3
4.905000E-8	7.888150E-3
4.910000E-8	7.965232E-3
4.915000E-8	8.021760E-3
4.920000E-8	8.044028E-3
4.925000E-8	8.044028E-3
4.930000E-8	8.030324E-3
4.935000E-8	8.004630E-3
4.940000E-8	7.961806E-3
4.945000E-8	7.906992E-3
4.950000E-8	7.850465E-3
4.955000E-8	7.802502E-3
4.960000E-8	7.763104E-3
4.965000E-8	7.721993E-3
4.970000E-8	7.687734E-3
4.975000E-8	7.677457E-3
4.980000E-8	7.663753E-3
4.985000E-8	7.627781E-3
4.990000E-8	7.576393E-3
4.995000E-8	7.535282E-3
5.000000E-8	7.501023E-3
5.005000E-8	7.465051E-3
5.010000E-8	7.439357E-3
5.015000E-8	7.429079E-3
5.020000E-8	7.437644E-3
5.025000E-8	7.454773E-3
5.030000E-8	7.470190E-3
5.035000E-8	7.483893E-3
5.040000E-8	7.497597E-3
5.045000E-8	7.507875E-3
5.050000E-8	7.509588E-3
5.055000E-8	7.506162E-3
5.060000E-8	7.489032E-3
5.065000E-8	7.437644E-3
5.070000E-8	7.350283E-3
5.075000E-8	7.269775E-3
5.080000E-8	7.225238E-3
5.085000E-8	7.199544E-3
5.090000E-8	7.170423E-3
5.095000E-8	7.161859E-3
5.100000E-8	7.197831E-3
5.105000E-8	7.256071E-3
5.110000E-8	7.319450E-3
5.115000E-8	7.391394E-3
5.120000E-8	7.475329E-3
5.125000E-8	7.533569E-3
5.130000E-8	7.552411E-3
5.135000E-8	7.550698E-3
5.140000E-8	7.526717E-3
5.145000E-8	7.478754E-3
5.150000E-8	7.413662E-3
5.155000E-8	7.348570E-3
5.160000E-8	7.274913E-3
5.165000E-8	7.199544E-3
5.170000E-8	7.136164E-3
5.175000E-8	7.096767E-3
5.180000E-8	7.086489E-3
5.185000E-8	7.113896E-3
5.190000E-8	7.172136E-3
5.195000E-8	7.242367E-3
5.200000E-8	7.319450E-3
5.205000E-8	7.393107E-3
5.210000E-8	7.454773E-3
5.215000E-8	7.504449E-3
5.220000E-8	7.538708E-3
5.225000E-8	7.552411E-3
5.230000E-8	7.535282E-3
5.235000E-8	7.504449E-3
5.240000E-8	7.477042E-3
5.245000E-8	7.442783E-3
5.250000E-8	7.387968E-3
5.255000E-8	7.341718E-3
5.260000E-8	7.321163E-3
5.265000E-8	7.302321E-3
5.270000E-8	7.283478E-3
5.275000E-8	7.290330E-3
5.280000E-8	7.317737E-3
5.285000E-8	7.334867E-3
5.290000E-8	7.338293E-3
5.295000E-8	7.340006E-3
5.300000E-8	7.333154E-3
5.305000E-8	7.305747E-3
5.310000E-8	7.250932E-3
5.315000E-8	7.172136E-3
5.320000E-8	7.086489E-3
5.325000E-8	7.012832E-3
5.330000E-8	6.942601E-3
5.335000E-8	6.862092E-3
5.340000E-8	6.790149E-3
5.345000E-8	6.749038E-3
5.350000E-8	6.738760E-3
5.355000E-8	6.735334E-3
5.360000E-8	6.738760E-3
5.365000E-8	6.757603E-3
5.370000E-8	6.788436E-3
5.375000E-8	6.826121E-3
5.380000E-8	6.865518E-3
5.385000E-8	6.915194E-3
5.390000E-8	6.966582E-3
5.395000E-8	7.007693E-3
5.400000E-8	7.019684E-3
5.405000E-8	6.995703E-3
5.410000E-8	6.959731E-3
5.415000E-8	6.916907E-3
5.420000E-8	6.863805E-3
5.425000E-8	6.814130E-3
5.430000E-8	6.783297E-3
5.435000E-8	6.764454E-3
5.440000E-8	6.750751E-3
5.445000E-8	6.766167E-3
5.450000E-8	6.803852E-3
5.455000E-8	6.836398E-3
5.460000E-8	6.868944E-3
5.465000E-8	6.908342E-3
5.470000E-8	6.925472E-3
5.475000E-8	6.913481E-3
5.480000E-8	6.875796E-3
5.485000E-8	6.819269E-3
5.490000E-8	6.747325E-3
5.495000E-8	6.677094E-3
5.500000E-8	6.613715E-3
5.505000E-8	6.558900E-3
5.510000E-8	6.526354E-3
5.515000E-8	6.528067E-3
5.520000E-8	6.552049E-3
5.525000E-8	6.600011E-3
5.530000E-8	6.663390E-3
5.535000E-8	6.713066E-3
5.540000E-8	6.743899E-3
5.545000E-8	6.773019E-3
5.550000E-8	6.786723E-3
5.555000E-8	6.773019E-3
5.560000E-8	6.733621E-3
5.565000E-8	6.675381E-3
5.570000E-8	6.610289E-3
5.575000E-8	6.536632E-3
5.580000E-8	6.466401E-3
5.585000E-8	6.406448E-3
5.590000E-8	6.377328E-3
5.595000E-8	6.370476E-3
5.600000E-8	6.379041E-3
5.605000E-8	6.403022E-3
5.610000E-8	6.450984E-3
5.615000E-8	6.502373E-3
5.620000E-8	6.548623E-3
5.625000E-8	6.601724E-3
5.630000E-8	6.654826E-3
5.635000E-8	6.690797E-3
5.640000E-8	6.709640E-3
5.645000E-8	6.713066E-3
5.650000E-8	6.699362E-3
5.655000E-8	6.678807E-3
5.660000E-8	6.659964E-3
5.665000E-8	6.641122E-3
5.670000E-8	6.613715E-3
5.675000E-8	6.586308E-3
5.680000E-8	6.567465E-3
5.685000E-8	6.546910E-3
5.690000E-8	6.516077E-3
5.695000E-8	6.466401E-3
5.700000E-8	6.403022E-3
5.705000E-8	6.332791E-3
5.710000E-8	6.265986E-3
5.715000E-8	6.194042E-3
5.720000E-8	6.106681E-3
5.725000E-8	6.012469E-3
5.730000E-8	5.933674E-3
5.735000E-8	5.873720E-3
5.740000E-8	5.815480E-3
5.745000E-8	5.788073E-3
5.750000E-8	5.808628E-3
5.755000E-8	5.851452E-3
5.760000E-8	5.907979E-3
5.765000E-8	5.991914E-3
5.770000E-8	6.101543E-3
5.775000E-8	6.218023E-3
5.780000E-8	6.341356E-3
5.785000E-8	6.466401E-3
5.790000E-8	6.565752E-3
5.795000E-8	6.634270E-3
5.800000E-8	6.692510E-3
5.805000E-8	6.737047E-3
5.810000E-8	6.752464E-3
5.815000E-8	6.742186E-3
5.820000E-8	6.707927E-3
5.825000E-8	6.644548E-3
5.830000E-8	6.555474E-3
5.835000E-8	6.471540E-3
5.840000E-8	6.396170E-3
5.845000E-8	6.312235E-3
5.850000E-8	6.235153E-3
5.855000E-8	6.187190E-3
5.860000E-8	6.161496E-3
5.865000E-8	6.146079E-3
5.870000E-8	6.149505E-3
5.875000E-8	6.168348E-3
5.880000E-8	6.180338E-3
5.885000E-8	6.182051E-3
5.890000E-8	6.199181E-3
5.895000E-8	6.226588E-3
5.900000E-8	6.228301E-3
5.905000E-8	6.221449E-3
5.910000E-8	6.230014E-3
5.915000E-8	6.245430E-3
5.920000E-8	6.245430E-3
5.925000E-8	6.233440E-3
5.930000E-8	6.224875E-3
5.935000E-8	6.238579E-3
5.940000E-8	6.265986E-3
5.945000E-8	6.277976E-3
5.950000E-8	6.272838E-3
5.955000E-8	6.265986E-3
5.960000E-8	6.252282E-3
5.965000E-8	6.223162E-3
5.970000E-8	6.195755E-3
5.975000E-8	6.161496E-3
5.980000E-8	6.111820E-3
5.985000E-8	6.062145E-3
5.990000E-8	6.029599E-3
5.995000E-8	5.997053E-3
6.000000E-8	5.947377E-3
6.005000E-8	5.909692E-3
6.010000E-8	5.901127E-3
6.015000E-8	5.913118E-3
6.020000E-8	5.926822E-3
6.025000E-8	5.935386E-3
6.030000E-8	5.940525E-3
6.035000E-8	5.952516E-3
6.040000E-8	5.967933E-3
6.045000E-8	5.979923E-3
6.050000E-8	5.988488E-3
6.055000E-8	5.993627E-3
6.060000E-8	6.003904E-3
6.065000E-8	6.024460E-3
6.070000E-8	6.055293E-3
6.075000E-8	6.080987E-3
6.080000E-8	6.099830E-3
6.085000E-8	6.113533E-3
6.090000E-8	6.111820E-3
6.095000E-8	6.075848E-3
6.100000E-8	6.017608E-3
6.105000E-8	5.959368E-3
6.110000E-8	5.913118E-3
6.115000E-8	5.875433E-3
6.120000E-8	5.844600E-3
6.125000E-8	5.825758E-3
6.130000E-8	5.812054E-3
6.135000E-8	5.806915E-3
6.140000E-8	5.839461E-3
6.145000E-8	5.894276E-3
6.150000E-8	5.933674E-3
6.155000E-8	5.959368E-3
6.160000E-8	5.991914E-3
6.165000E-8	6.017608E-3
6.170000E-8	6.017608E-3
6.175000E-8	6.000479E-3
6.180000E-8	5.983349E-3
6.185000E-8	5.962794E-3
6.190000E-8	5.940525E-3
6.195000E-8	5.928535E-3
6.200000E-8	5.928535E-3
6.205000E-8	5.947377E-3
6.210000E-8	5.983349E-3
6.215000E-8	6.038163E-3
6.220000E-8	6.111820E-3
6.225000E-8	6.194042E-3
6.230000E-8	6.262560E-3
6.235000E-8	6.305384E-3
6.240000E-8	6.315661E-3
6.245000E-8	6.289967E-3
6.250000E-8	6.238579E-3
6.255000E-8	6.178625E-3
6.260000E-8	6.106681E-3
6.265000E-8	6.027886E-3
6.270000E-8	5.943951E-3
6.275000E-8	5.861730E-3
6.280000E-8	5.788073E-3
6.285000E-8	5.741823E-3
6.290000E-8	5.726407E-3
6.295000E-8	5.721268E-3
6.300000E-8	5.741823E-3
6.305000E-8	5.769230E-3
6.310000E-8	5.776082E-3
6.315000E-8	5.789786E-3
6.320000E-8	5.832609E-3
6.325000E-8	5.856591E-3
6.330000E-8	5.837748E-3
6.335000E-8	5.812054E-3
6.340000E-8	5.793212E-3
6.345000E-8	5.760666E-3
6.350000E-8	5.733258E-3
6.355000E-8	5.722981E-3
6.360000E-8	5.717842E-3
6.365000E-8	5.721268E-3
6.370000E-8	5.757240E-3
6.375000E-8	5.812054E-3
6.380000E-8	5.865156E-3
6.385000E-8	5.928535E-3
6.390000E-8	6.010756E-3
6.395000E-8	6.084413E-3
6.400000E-8	6.130663E-3
6.405000E-8	6.168348E-3
6.410000E-8	6.214597E-3
6.415000E-8	6.240292E-3
6.420000E-8	6.240292E-3
6.425000E-8	6.235153E-3
6.430000E-8	6.218023E-3
6.435000E-8	6.176912E-3
6.440000E-8	6.122098E-3
6.445000E-8	6.058719E-3
6.450000E-8	5.979923E-3
6.455000E-8	5.897702E-3
6.460000E-8	5.827471E-3
6.465000E-8	5.750388E-3
6.470000E-8	5.669879E-3
6.475000E-8	5.596222E-3
6.480000E-8	5.524278E-3
6.485000E-8	5.431779E-3
6.490000E-8	5.323863E-3
6.495000E-8	5.227938E-3
6.500000E-8	5.157707E-3
6.505000E-8	5.120022E-3
6.510000E-8	5.104606E-3
6.515000E-8	5.109745E-3
6.520000E-8	5.144004E-3
6.525000E-8	5.215947E-3
6.530000E-8	5.315299E-3
6.535000E-8	5.428353E-3
6.540000E-8	5.543121E-3
6.545000E-8	5.654463E-3
6.550000E-8	5.767517E-3
6.555000E-8	5.868581E-3
6.560000E-8	5.943951E-3
6.565000E-8	5.991914E-3
6.570000E-8	6.012469E-3
6.575000E-8	5.997053E-3
6.580000E-8	5.947377E-3
6.585000E-8	5.870294E-3
6.590000E-8	5.774369E-3
6.595000E-8	5.668166E-3
6.600000E-8	5.563676E-3
6.605000E-8	5.455760E-3
6.610000E-8	5.354696E-3
6.615000E-8	5.272475E-3
6.620000E-8	5.210809E-3
6.625000E-8	5.171411E-3
6.630000E-8	5.161133E-3
6.635000E-8	5.183401E-3
6.640000E-8	5.226225E-3
6.645000E-8	5.279327E-3
6.650000E-8	5.335854E-3
6.655000E-8	5.397520E-3
6.660000E-8	5.472890E-3
6.665000E-8	5.549973E-3
6.670000E-8	5.603074E-3
6.675000E-8	5.633907E-3
6.680000E-8	5.652750E-3
6.685000E-8	5.649324E-3
6.690000E-8	5.621917E-3
6.695000E-8	5.584232E-3
6.700000E-8	5.539695E-3
6.705000E-8	5.496871E-3
6.710000E-8	5.466038E-3
6.715000E-8	5.438631E-3
6.720000E-8	5.394094E-3
6.725000E-8	5.335854E-3
6.730000E-8	5.274188E-3
6.735000E-8	5.212522E-3
6.740000E-8	5.167985E-3
6.745000E-8	5.128587E-3
6.750000E-8	5.078911E-3
6.755000E-8	5.032662E-3
6.760000E-8	5.027523E-3
6.765000E-8	5.054930E-3
6.770000E-8	5.089189E-3
6.775000E-8	5.125161E-3
6.780000E-8	5.176550E-3
6.785000E-8	5.241642E-3
6.790000E-8	5.293030E-3
6.795000E-8	5.335854E-3
6.800000E-8	5.382104E-3
6.805000E-8	5.423214E-3
6.810000E-8	5.448909E-3
6.815000E-8	5.457473E-3
6.820000E-8	5.448909E-3
6.825000E-8	5.424927E-3
6.830000E-8	5.388955E-3
6.835000E-8	5.342706E-3
6.840000E-8	5.289604E-3
6.845000E-8	5.239929E-3
6.850000E-8	5.190253E-3
6.855000E-8	5.142291E-3
6.860000E-8	5.097754E-3
6.865000E-8	5.070347E-3
6.870000E-8	5.051504E-3
6.875000E-8	5.032662E-3
6.880000E-8	5.025810E-3
6.885000E-8	5.048078E-3
6.890000E-8	5.085763E-3
6.895000E-8	5.123448E-3
6.900000E-8	5.181688E-3
6.905000E-8	5.269049E-3
6.910000E-8	5.359835E-3
6.915000E-8	5.435205E-3
6.920000E-8	5.514001E-3
6.925000E-8	5.589371E-3
6.930000E-8	5.625343E-3
6.935000E-8	5.639046E-3
6.940000E-8	5.659602E-3
6.945000E-8	5.661314E-3
6.950000E-8	5.627055E-3
6.955000E-8	5.582519E-3
6.960000E-8	5.529417E-3
6.965000E-8	5.436918E-3
6.970000E-8	5.318724E-3
6.975000E-8	5.207383E-3
6.980000E-8	5.106319E-3
6.985000E-8	5.017245E-3
6.990000E-8	4.964144E-3
6.995000E-8	4.945301E-3
7.000000E-8	4.948727E-3
7.005000E-8	4.989838E-3
7.010000E-8	5.084050E-3
7.015000E-8	5.207383E-3
7.020000E-8	5.323863E-3
7.025000E-8	5.430066E-3
7.030000E-8	5.520853E-3
7.035000E-8	5.582519E-3
7.040000E-8	5.603074E-3
7.045000E-8	5.582519E-3
7.050000E-8	5.525991E-3
7.055000E-8	5.442057E-3
7.060000E-8	5.344419E-3
7.065000E-8	5.255345E-3
7.070000E-8	5.185114E-3
7.075000E-8	5.145717E-3
7.080000E-8	5.133726E-3
7.085000E-8	5.144004E-3
7.090000E-8	5.178263E-3
7.095000E-8	5.241642E-3
7.100000E-8	5.315299E-3
7.105000E-8	5.385530E-3
7.110000E-8	5.433492E-3
7.115000E-8	5.448909E-3
7.120000E-8	5.438631E-3
7.125000E-8	5.419789E-3
7.130000E-8	5.382104E-3
7.135000E-8	5.311873E-3
7.140000E-8	5.241642E-3
7.145000E-8	5.190253E-3
7.150000E-8	5.142291E-3
7.155000E-8	5.104606E-3
7.160000E-8	5.089189E-3
7.165000E-8	5.063495E-3
7.170000E-8	5.006968E-3
7.175000E-8	4.935024E-3
7.180000E-8	4.861367E-3
7.185000E-8	4.780858E-3
7.190000E-8	4.695211E-3
7.195000E-8	4.600998E-3
7.200000E-8	4.517064E-3
7.205000E-8	4.472527E-3
7.210000E-8	4.463962E-3
7.215000E-8	4.474240E-3
7.220000E-8	4.510212E-3
7.225000E-8	4.583869E-3
7.230000E-8	4.681507E-3
7.235000E-8	4.775719E-3
7.240000E-8	4.845950E-3
7.245000E-8	4.890487E-3
7.250000E-8	4.929885E-3
7.255000E-8	4.965857E-3
7.260000E-8	4.974422E-3
7.265000E-8	4.947014E-3
7.270000E-8	4.909329E-3
7.275000E-8	4.876783E-3
7.280000E-8	4.835673E-3
7.285000E-8	4.784284E-3
7.290000E-8	4.744886E-3
7.295000E-8	4.720905E-3
7.300000E-8	4.695211E-3
7.305000E-8	4.672942E-3
7.310000E-8	4.672942E-3
7.315000E-8	4.683220E-3
7.320000E-8	4.690072E-3
7.325000E-8	4.695211E-3
7.330000E-8	4.700349E-3
7.335000E-8	4.696924E-3
7.340000E-8	4.684933E-3
7.345000E-8	4.671229E-3
7.350000E-8	4.648961E-3
7.355000E-8	4.609563E-3
7.360000E-8	4.566739E-3
7.365000E-8	4.541045E-3
7.370000E-8	4.539332E-3
7.375000E-8	4.558175E-3
7.380000E-8	4.592434E-3
7.385000E-8	4.643822E-3
7.390000E-8	4.707201E-3
7.395000E-8	4.767155E-3
7.400000E-8	4.813404E-3
7.405000E-8	4.859654E-3
7.410000E-8	4.912755E-3
7.415000E-8	4.957292E-3
7.420000E-8	4.981273E-3
7.425000E-8	4.994977E-3
7.430000E-8	5.005255E-3
7.435000E-8	5.025810E-3
7.440000E-8	5.049791E-3
7.445000E-8	5.054930E-3
7.450000E-8	5.041227E-3
7.455000E-8	5.044652E-3
7.460000E-8	5.058356E-3
7.465000E-8	5.048078E-3
7.470000E-8	5.008681E-3
7.475000E-8	4.974422E-3
7.480000E-8	4.938450E-3
7.485000E-8	4.869932E-3
7.490000E-8	4.784284E-3
7.495000E-8	4.708914E-3
7.500000E-8	4.633544E-3
7.505000E-8	4.553036E-3
7.510000E-8	4.484518E-3
7.515000E-8	4.438268E-3
7.520000E-8	4.404009E-3
7.525000E-8	4.383454E-3
7.530000E-8	4.380028E-3
7.535000E-8	4.381741E-3
7.540000E-8	4.385167E-3
7.545000E-8	4.405722E-3
7.550000E-8	4.441694E-3
7.555000E-8	4.470814E-3
7.560000E-8	4.496508E-3
7.565000E-8	4.527342E-3
7.570000E-8	4.558175E-3
7.575000E-8	4.585582E-3
7.580000E-8	4.614702E-3
7.585000E-8	4.633544E-3
7.590000E-8	4.623267E-3
7.595000E-8	4.597572E-3
7.600000E-8	4.571878E-3
7.605000E-8	4.546184E-3
7.610000E-8	4.530767E-3
7.615000E-8	4.527342E-3
7.620000E-8	4.520490E-3
7.625000E-8	4.518777E-3
7.630000E-8	4.546184E-3
7.635000E-8	4.590721E-3
7.640000E-8	4.624980E-3
7.645000E-8	4.657526E-3
7.650000E-8	4.702062E-3
7.655000E-8	4.751738E-3
7.660000E-8	4.792849E-3
7.665000E-8	4.832247E-3
7.670000E-8	4.883635E-3
7.675000E-8	4.940163E-3
7.680000E-8	4.989838E-3
7.685000E-8	5.034375E-3
7.690000E-8	5.075486E-3
7.695000E-8	5.109745E-3
7.700000E-8	5.133726E-3
7.705000E-8	5.145717E-3
7.710000E-8	5.135439E-3
7.715000E-8	5.096041E-3
7.720000E-8	5.027523E-3
7.725000E-8	4.948727E-3
7.730000E-8	4.857941E-3
7.735000E-8	4.756877E-3
7.740000E-8	4.655813E-3
7.745000E-8	4.554749E-3
7.750000E-8	4.458824E-3
7.755000E-8	4.378315E-3
7.760000E-8	4.323500E-3
7.765000E-8	4.282390E-3
7.770000E-8	4.273825E-3
7.775000E-8	4.302945E-3
7.780000E-8	4.352621E-3
7.785000E-8	4.414287E-3
7.790000E-8	4.494795E-3
7.795000E-8	4.573591E-3
7.800000E-8	4.642109E-3
7.805000E-8	4.707201E-3
7.810000E-8	4.753451E-3
7.815000E-8	4.750025E-3
7.820000E-8	4.707201E-3
7.825000E-8	4.664378E-3
7.830000E-8	4.614702E-3
7.835000E-8	4.544471E-3
7.840000E-8	4.460536E-3
7.845000E-8	4.385167E-3
7.850000E-8	4.333778E-3
7.855000E-8	4.301232E-3
7.860000E-8	4.268686E-3
7.865000E-8	4.244705E-3
7.870000E-8	4.227575E-3
7.875000E-8	4.213872E-3
7.880000E-8	4.208733E-3
7.885000E-8	4.215585E-3
7.890000E-8	4.217298E-3
7.895000E-8	4.200168E-3
7.900000E-8	4.189890E-3
7.905000E-8	4.184752E-3
7.910000E-8	4.172761E-3
7.915000E-8	4.169335E-3
7.920000E-8	4.184752E-3
7.925000E-8	4.207020E-3
7.930000E-8	4.234427E-3
7.935000E-8	4.289241E-3
7.940000E-8	4.366324E-3
7.945000E-8	4.431416E-3
7.950000E-8	4.482805E-3
7.955000E-8	4.534193E-3
7.960000E-8	4.568452E-3
7.965000E-8	4.568452E-3
7.970000E-8	4.563313E-3
7.975000E-8	4.559888E-3
7.980000E-8	4.553036E-3
7.985000E-8	4.539332E-3
7.990000E-8	4.520490E-3
7.995000E-8	4.487944E-3
8.000000E-8	4.458824E-3
8.005000E-8	4.455398E-3
8.010000E-8	4.445120E-3
8.015000E-8	4.409148E-3
8.020000E-8	4.393731E-3
8.025000E-8	4.407435E-3
8.030000E-8	4.409148E-3
8.035000E-8	4.404009E-3
8.040000E-8	4.427990E-3
8.045000E-8	4.465675E-3
8.050000E-8	4.498221E-3
8.055000E-8	4.537619E-3
8.060000E-8	4.599285E-3
8.065000E-8	4.671229E-3
8.070000E-8	4.738034E-3
8.075000E-8	4.780858E-3
8.080000E-8	4.794562E-3
8.085000E-8	4.808265E-3
8.090000E-8	4.809978E-3
8.095000E-8	4.779145E-3
8.100000E-8	4.748312E-3
8.105000E-8	4.731183E-3
8.110000E-8	4.690072E-3
8.115000E-8	4.623267E-3
8.120000E-8	4.573591E-3
8.125000E-8	4.539332E-3
8.130000E-8	4.486231E-3
8.135000E-8	4.424565E-3
8.140000E-8	4.376602E-3
8.145000E-8	4.345769E-3
8.150000E-8	4.335491E-3
8.155000E-8	4.354334E-3
8.160000E-8	4.371463E-3
8.165000E-8	4.371463E-3
8.170000E-8	4.385167E-3
8.175000E-8	4.424565E-3
8.180000E-8	4.458824E-3
8.185000E-8	4.477666E-3
8.190000E-8	4.499934E-3
8.195000E-8	4.520490E-3
8.200000E-8	4.523916E-3
8.205000E-8	4.527342E-3
8.210000E-8	4.530767E-3
8.215000E-8	4.517064E-3
8.220000E-8	4.491370E-3
8.225000E-8	4.467388E-3
8.230000E-8	4.433129E-3
8.235000E-8	4.397157E-3
8.240000E-8	4.361185E-3
8.245000E-8	4.314936E-3
8.250000E-8	4.268686E-3
8.255000E-8	4.239566E-3
8.260000E-8	4.220723E-3
8.265000E-8	4.189890E-3
8.270000E-8	4.165909E-3
8.275000E-8	4.159057E-3
8.280000E-8	4.165909E-3
8.285000E-8	4.183039E-3
8.290000E-8	4.212159E-3
8.295000E-8	4.236140E-3
8.300000E-8	4.251557E-3
8.305000E-8	4.266973E-3
8.310000E-8	4.287529E-3
8.315000E-8	4.297806E-3
8.320000E-8	4.297806E-3
8.325000E-8	4.282390E-3
8.330000E-8	4.261834E-3
8.335000E-8	4.254982E-3
8.340000E-8	4.265260E-3
8.345000E-8	4.285816E-3
8.350000E-8	4.321788E-3
8.355000E-8	4.374889E-3
8.360000E-8	4.436555E-3
8.365000E-8	4.499934E-3
8.370000E-8	4.554749E-3
8.375000E-8	4.592434E-3
8.380000E-8	4.609563E-3
8.385000E-8	4.599285E-3
8.390000E-8	4.549610E-3
8.395000E-8	4.463962E-3
8.400000E-8	4.352621E-3
8.405000E-8	4.231001E-3
8.410000E-8	4.102530E-3
8.415000E-8	3.987762E-3
8.420000E-8	3.902115E-3
8.425000E-8	3.847300E-3
8.430000E-8	3.825032E-3
8.435000E-8	3.845587E-3
8.440000E-8	3.907254E-3
8.445000E-8	3.980910E-3
8.450000E-8	4.051141E-3
8.455000E-8	4.133363E-3
8.460000E-8	4.222436E-3
8.465000E-8	4.297806E-3
8.470000E-8	4.359472E-3
8.475000E-8	4.417713E-3
8.480000E-8	4.457111E-3
8.485000E-8	4.474240E-3
8.490000E-8	4.467388E-3
8.495000E-8	4.445120E-3
8.500000E-8	4.405722E-3
8.505000E-8	4.362898E-3
8.510000E-8	4.325213E-3
8.515000E-8	4.280677E-3
8.520000E-8	4.225862E-3
8.525000E-8	4.172761E-3
8.530000E-8	4.129937E-3
8.535000E-8	4.105956E-3
8.540000E-8	4.099104E-3
8.545000E-8	4.117946E-3
8.550000E-8	4.165909E-3
8.555000E-8	4.227575E-3
8.560000E-8	4.277251E-3
8.565000E-8	4.308084E-3
8.570000E-8	4.328639E-3
8.575000E-8	4.337204E-3
8.580000E-8	4.311510E-3
8.585000E-8	4.249844E-3
8.590000E-8	4.167622E-3
8.595000E-8	4.073410E-3
8.600000E-8	3.984336E-3
8.605000E-8	3.905541E-3
8.610000E-8	3.833597E-3
8.615000E-8	3.773644E-3
8.620000E-8	3.739385E-3
8.625000E-8	3.741097E-3
8.630000E-8	3.770218E-3
8.635000E-8	3.823319E-3
8.640000E-8	3.912392E-3
8.645000E-8	4.027160E-3
8.650000E-8	4.140215E-3
8.655000E-8	4.242992E-3
8.660000E-8	4.350908E-3
8.665000E-8	4.467388E-3
8.670000E-8	4.556462E-3
8.675000E-8	4.611276E-3
8.680000E-8	4.640396E-3
8.685000E-8	4.648961E-3
8.690000E-8	4.635257E-3
8.695000E-8	4.612989E-3
8.700000E-8	4.589008E-3
8.705000E-8	4.556462E-3
8.710000E-8	4.518777E-3
8.715000E-8	4.493083E-3
8.720000E-8	4.474240E-3
8.725000E-8	4.458824E-3
8.730000E-8	4.463962E-3
8.735000E-8	4.487944E-3
8.740000E-8	4.503360E-3
8.745000E-8	4.513638E-3
8.750000E-8	4.530767E-3
8.755000E-8	4.542758E-3
8.760000E-8	4.544471E-3
8.765000E-8	4.544471E-3
8.770000E-8	4.534193E-3
8.775000E-8	4.501647E-3
8.780000E-8	4.455398E-3
8.785000E-8	4.402296E-3
8.790000E-8	4.328639E-3
8.795000E-8	4.234427E-3
8.800000E-8	4.116234E-3
8.805000E-8	3.989475E-3
8.810000E-8	3.871282E-3
8.815000E-8	3.766792E-3
8.820000E-8	3.674292E-3
8.825000E-8	3.598923E-3
8.830000E-8	3.556099E-3
8.835000E-8	3.545821E-3
8.840000E-8	3.561238E-3
8.845000E-8	3.600636E-3
8.850000E-8	3.667441E-3
8.855000E-8	3.732533E-3
8.860000E-8	3.775356E-3
8.865000E-8	3.801051E-3
8.870000E-8	3.813041E-3
8.875000E-8	3.804477E-3
8.880000E-8	3.777069E-3
8.885000E-8	3.753088E-3
8.890000E-8	3.727394E-3
8.895000E-8	3.711977E-3
8.900000E-8	3.722255E-3
8.905000E-8	3.756514E-3
8.910000E-8	3.802764E-3
8.915000E-8	3.859291E-3
8.920000E-8	3.922670E-3
8.925000E-8	3.963781E-3
8.930000E-8	3.974059E-3
8.935000E-8	3.953503E-3
8.940000E-8	3.920957E-3
8.945000E-8	3.862717E-3
8.950000E-8	3.770218E-3
8.955000E-8	3.655450E-3
8.960000E-8	3.547534E-3
8.965000E-8	3.461887E-3
8.970000E-8	3.389943E-3
8.975000E-8	3.338554E-3
8.980000E-8	3.329989E-3
8.985000E-8	3.371100E-3
8.990000E-8	3.453322E-3
8.995000E-8	3.562951E-3
9.000000E-8	3.676005E-3
9.005000E-8	3.795912E-3
9.010000E-8	3.927809E-3
9.015000E-8	4.049428E-3
9.020000E-8	4.140215E-3
9.025000E-8	4.210446E-3
9.030000E-8	4.249844E-3
9.035000E-8	4.253270E-3
9.040000E-8	4.236140E-3
9.045000E-8	4.200168E-3
9.050000E-8	4.140215E-3
9.055000E-8	4.059706E-3
9.060000E-8	3.982623E-3
9.065000E-8	3.910680E-3
9.070000E-8	3.849013E-3
9.075000E-8	3.802764E-3
9.080000E-8	3.754801E-3
9.085000E-8	3.711977E-3
9.090000E-8	3.687996E-3
9.095000E-8	3.672579E-3
9.100000E-8	3.634895E-3
9.105000E-8	3.586932E-3
9.110000E-8	3.561238E-3
9.115000E-8	3.537256E-3
9.120000E-8	3.496146E-3
9.125000E-8	3.458461E-3
9.130000E-8	3.429341E-3
9.135000E-8	3.408785E-3
9.140000E-8	3.395082E-3
9.145000E-8	3.384804E-3
9.150000E-8	3.364248E-3
9.155000E-8	3.341980E-3
9.160000E-8	3.336841E-3
9.165000E-8	3.340267E-3
9.170000E-8	3.343693E-3
9.175000E-8	3.352258E-3
9.180000E-8	3.371100E-3
9.185000E-8	3.403646E-3
9.190000E-8	3.460174E-3
9.195000E-8	3.542395E-3
9.200000E-8	3.636608E-3
9.205000E-8	3.729107E-3
9.210000E-8	3.830171E-3
9.215000E-8	3.938087E-3
9.220000E-8	4.030586E-3
9.225000E-8	4.095678E-3
9.230000E-8	4.129937E-3
9.235000E-8	4.147067E-3
9.240000E-8	4.135076E-3
9.245000E-8	4.092252E-3
9.250000E-8	4.028873E-3
9.255000E-8	3.972346E-3
9.260000E-8	3.931235E-3
9.265000E-8	3.912392E-3
9.270000E-8	3.905541E-3
9.275000E-8	3.902115E-3
9.280000E-8	3.896976E-3
9.285000E-8	3.908967E-3
9.290000E-8	3.931235E-3
9.295000E-8	3.931235E-3
9.300000E-8	3.907254E-3
9.305000E-8	3.878133E-3
9.310000E-8	3.847300E-3
9.315000E-8	3.799338E-3
9.320000E-8	3.730820E-3
9.325000E-8	3.653737E-3
9.330000E-8	3.574941E-3
9.335000E-8	3.509849E-3
9.340000E-8	3.456748E-3
9.345000E-8	3.417350E-3
9.350000E-8	3.403646E-3
9.355000E-8	3.407072E-3
9.360000E-8	3.396795E-3
9.365000E-8	3.362536E-3
9.370000E-8	3.328277E-3
9.375000E-8	3.299156E-3
9.380000E-8	3.254620E-3
9.385000E-8	3.199805E-3
9.390000E-8	3.156982E-3
9.395000E-8	3.121010E-3
9.400000E-8	3.085038E-3
9.405000E-8	3.067908E-3
9.410000E-8	3.067908E-3
9.415000E-8	3.071334E-3
9.420000E-8	3.078186E-3
9.425000E-8	3.093602E-3
9.430000E-8	3.112445E-3
9.435000E-8	3.134713E-3
9.440000E-8	3.186102E-3
9.445000E-8	3.259759E-3
9.450000E-8	3.336841E-3
9.455000E-8	3.410498E-3
9.460000E-8	3.484155E-3
9.465000E-8	3.544108E-3
9.470000E-8	3.585219E-3
9.475000E-8	3.609200E-3
9.480000E-8	3.622904E-3
9.485000E-8	3.607487E-3
9.490000E-8	3.554386E-3
9.495000E-8	3.480729E-3
9.500000E-8	3.395082E-3
9.505000E-8	3.302582E-3
9.510000E-8	3.213509E-3
9.515000E-8	3.146704E-3
9.520000E-8	3.098741E-3
9.525000E-8	3.074760E-3
9.530000E-8	3.079899E-3
9.535000E-8	3.105593E-3
9.540000E-8	3.139852E-3
9.545000E-8	3.180963E-3
9.550000E-8	3.228925E-3
9.555000E-8	3.268323E-3
9.560000E-8	3.304295E-3
9.565000E-8	3.329989E-3
9.570000E-8	3.340267E-3
9.575000E-8	3.340267E-3
9.580000E-8	3.333415E-3
9.585000E-8	3.333415E-3
9.590000E-8	3.341980E-3
9.595000E-8	3.357397E-3
9.600000E-8	3.371100E-3
9.605000E-8	3.395082E-3
9.610000E-8	3.424202E-3
9.615000E-8	3.441331E-3
9.620000E-8	3.451609E-3
9.625000E-8	3.470451E-3
9.630000E-8	3.489294E-3
9.635000E-8	3.496146E-3
9.640000E-8	3.502997E-3
9.645000E-8	3.514988E-3
9.650000E-8	3.523553E-3
9.655000E-8	3.535543E-3
9.660000E-8	3.552673E-3
9.665000E-8	3.557812E-3
9.670000E-8	3.540682E-3
9.675000E-8	3.501284E-3
9.680000E-8	3.436192E-3
9.685000E-8	3.345406E-3
9.690000E-8	3.235777E-3
9.695000E-8	3.114158E-3
9.700000E-8	2.987399E-3
9.705000E-8	2.877771E-3
9.710000E-8	2.783558E-3
9.715000E-8	2.706476E-3
9.720000E-8	2.672217E-3
9.725000E-8	2.685920E-3
9.730000E-8	2.725318E-3
9.735000E-8	2.790410E-3
9.740000E-8	2.893187E-3
9.745000E-8	3.018233E-3
9.750000E-8	3.138139E-3
9.755000E-8	3.254620E-3
9.760000E-8	3.362536E-3
9.765000E-8	3.456748E-3
9.770000E-8	3.521840E-3
9.775000E-8	3.573228E-3
9.780000E-8	3.614339E-3
9.785000E-8	3.640033E-3
9.790000E-8	3.652024E-3
9.795000E-8	3.667441E-3
9.800000E-8	3.679431E-3
9.805000E-8	3.682857E-3
9.810000E-8	3.694848E-3
9.815000E-8	3.713690E-3
9.820000E-8	3.717116E-3
9.825000E-8	3.708551E-3
9.830000E-8	3.706838E-3
9.835000E-8	3.701700E-3
9.840000E-8	3.698274E-3
9.845000E-8	3.699987E-3
9.850000E-8	3.710264E-3
9.855000E-8	3.725681E-3
9.860000E-8	3.749662E-3
9.865000E-8	3.759940E-3
9.870000E-8	3.747949E-3
9.875000E-8	3.723968E-3
9.880000E-8	3.674292E-3
9.885000E-8	3.590358E-3
9.890000E-8	3.492720E-3
9.895000E-8	3.383091E-3
9.900000E-8	3.240916E-3
9.905000E-8	3.078186E-3
9.910000E-8	2.920594E-3
9.915000E-8	2.776707E-3
9.920000E-8	2.656800E-3
9.925000E-8	2.578004E-3
9.930000E-8	2.538607E-3
9.935000E-8	2.535181E-3
9.940000E-8	2.574578E-3
9.945000E-8	2.649948E-3
9.950000E-8	2.752725E-3
9.955000E-8	2.869206E-3
9.960000E-8	2.983974E-3
9.965000E-8	3.098741E-3
9.970000E-8	3.213509E-3
9.975000E-8	3.300869E-3
9.980000E-8	3.345406E-3
9.985000E-8	3.365961E-3
9.990000E-8	3.364248E-3
9.995000E-8	3.329989E-3
1.000000E-7	3.273462E-3
1.000500E-7	3.222074E-3
1.001000E-7	3.192953E-3
1.001500E-7	3.186102E-3
1.002000E-7	3.189528E-3
1.002500E-7	3.208370E-3
1.003000E-7	3.249481E-3
1.003500E-7	3.300869E-3
1.004000E-7	3.348832E-3
1.004500E-7	3.403646E-3
1.005000E-7	3.455035E-3
1.005500E-7	3.468738E-3
1.006000E-7	3.444757E-3
1.006500E-7	3.407072E-3
1.007000E-7	3.353971E-3
1.007500E-7	3.271749E-3
1.008000E-7	3.175824E-3
1.008500E-7	3.086751E-3
1.009000E-7	3.016520E-3
1.009500E-7	2.975409E-3
1.010000E-7	2.963418E-3
1.010500E-7	2.980548E-3
1.011000E-7	3.035362E-3
1.011500E-7	3.119297E-3
1.012000E-7	3.218648E-3
1.012500E-7	3.329989E-3
1.013000E-7	3.441331E-3
1.013500E-7	3.538969E-3
1.014000E-7	3.622904E-3
1.014500E-7	3.682857E-3
1.015000E-7	3.713690E-3
1.015500E-7	3.722255E-3
1.016000E-7	3.722255E-3
1.016500E-7	3.715403E-3
1.017000E-7	3.698274E-3
1.017500E-7	3.682857E-3
1.018000E-7	3.669154E-3
1.018500E-7	3.655450E-3
1.019000E-7	3.645172E-3
1.019500E-7	3.622904E-3
1.020000E-7	3.581793E-3
1.020500E-7	3.540682E-3
1.021000E-7	3.509849E-3
1.021500E-7	3.468738E-3
1.022000E-7	3.407072E-3
1.022500E-7	3.353971E-3
1.023000E-7	3.333415E-3
1.023500E-7	3.323138E-3
1.024000E-7	3.306008E-3
1.024500E-7	3.306008E-3
1.025000E-7	3.341980E-3
1.025500E-7	3.393369E-3
1.026000E-7	3.434479E-3
1.026500E-7	3.468738E-3
1.027000E-7	3.499572E-3
1.027500E-7	3.520127E-3
1.028000E-7	3.523553E-3
1.028500E-7	3.509849E-3
1.029000E-7	3.484155E-3
1.029500E-7	3.444757E-3
1.030000E-7	3.393369E-3
1.030500E-7	3.329989E-3
1.031000E-7	3.261471E-3
1.031500E-7	3.186102E-3
1.032000E-7	3.102167E-3
1.032500E-7	3.018233E-3
1.033000E-7	2.942863E-3
1.033500E-7	2.884622E-3
1.034000E-7	2.845225E-3
1.034500E-7	2.810966E-3
1.035000E-7	2.768142E-3
1.035500E-7	2.728744E-3
1.036000E-7	2.708189E-3
1.036500E-7	2.716753E-3
1.037000E-7	2.761290E-3
1.037500E-7	2.817817E-3
1.038000E-7	2.864067E-3
1.038500E-7	2.908604E-3
1.039000E-7	2.966844E-3
1.039500E-7	3.028510E-3
1.040000E-7	3.078186E-3
1.040500E-7	3.129574E-3
1.041000E-7	3.177537E-3
1.041500E-7	3.216935E-3
1.042000E-7	3.242629E-3
1.042500E-7	3.263184E-3
1.043000E-7	3.282027E-3
1.043500E-7	3.300869E-3
1.044000E-7	3.314573E-3
1.044500E-7	3.314573E-3
1.045000E-7	3.312860E-3
1.045500E-7	3.307721E-3
1.046000E-7	3.290592E-3
1.046500E-7	3.261471E-3
1.047000E-7	3.230638E-3
1.047500E-7	3.198092E-3
1.048000E-7	3.168972E-3
1.048500E-7	3.143278E-3
1.049000E-7	3.109019E-3
1.049500E-7	3.067908E-3
1.050000E-7	3.040501E-3
1.050500E-7	3.028510E-3
1.051000E-7	3.018233E-3
1.051500E-7	3.011381E-3
1.052000E-7	3.023371E-3
1.052500E-7	3.057630E-3
1.053000E-7	3.095315E-3
1.053500E-7	3.144991E-3
1.054000E-7	3.203231E-3
1.054500E-7	3.268323E-3
1.055000E-7	3.340267E-3
1.055500E-7	3.417350E-3
1.056000E-7	3.479016E-3
1.056500E-7	3.506423E-3
1.057000E-7	3.509849E-3
1.057500E-7	3.485868E-3
1.058000E-7	3.432766E-3
1.058500E-7	3.367674E-3
1.059000E-7	3.297443E-3
1.059500E-7	3.199805E-3
1.060000E-7	3.079899E-3
1.060500E-7	2.965131E-3
1.061000E-7	2.843512E-3
1.061500E-7	2.708189E-3
1.062000E-7	2.593421E-3
1.062500E-7	2.512912E-3
1.063000E-7	2.446107E-3
1.063500E-7	2.389580E-3
1.064000E-7	2.375876E-3
1.064500E-7	2.394719E-3
1.065000E-7	2.413561E-3
1.065500E-7	2.428978E-3
1.066000E-7	2.459811E-3
1.066500E-7	2.494070E-3
1.067000E-7	2.521477E-3
1.067500E-7	2.547171E-3
1.068000E-7	2.571153E-3
1.068500E-7	2.581430E-3
1.069000E-7	2.583143E-3
1.069500E-7	2.596847E-3
1.070000E-7	2.620828E-3
1.070500E-7	2.648235E-3
1.071000E-7	2.701337E-3
1.071500E-7	2.778420E-3
1.072000E-7	2.857215E-3
1.072500E-7	2.934298E-3
1.073000E-7	3.025084E-3
1.073500E-7	3.105593E-3
1.074000E-7	3.151843E-3
1.074500E-7	3.182676E-3
1.075000E-7	3.213509E-3
1.075500E-7	3.218648E-3
1.076000E-7	3.203231E-3
1.076500E-7	3.184389E-3
1.077000E-7	3.153556E-3
1.077500E-7	3.110732E-3
1.078000E-7	3.078186E-3
1.078500E-7	3.054204E-3
1.079000E-7	3.009668E-3
1.079500E-7	2.949715E-3
1.080000E-7	2.894900E-3
1.080500E-7	2.836660E-3
1.081000E-7	2.766429E-3
1.081500E-7	2.689346E-3
1.082000E-7	2.622541E-3
1.082500E-7	2.569440E-3
1.083000E-7	2.538607E-3
1.083500E-7	2.524903E-3
1.084000E-7	2.530042E-3
1.084500E-7	2.569440E-3
1.085000E-7	2.648235E-3
1.085500E-7	2.752725E-3
1.086000E-7	2.862354E-3
1.086500E-7	2.958279E-3
1.087000E-7	3.030223E-3
1.087500E-7	3.078186E-3
1.088000E-7	3.105593E-3
1.088500E-7	3.103880E-3
1.089000E-7	3.074760E-3
1.089500E-7	3.033649E-3
1.090000E-7	2.980548E-3
1.090500E-7	2.918881E-3
1.091000E-7	2.853789E-3
1.091500E-7	2.805827E-3
1.092000E-7	2.790410E-3
1.092500E-7	2.802401E-3
1.093000E-7	2.810966E-3
1.093500E-7	2.817817E-3
1.094000E-7	2.838373E-3
1.094500E-7	2.877771E-3
1.095000E-7	2.929159E-3
1.095500E-7	2.970270E-3
1.096000E-7	2.994251E-3
1.096500E-7	3.006242E-3
1.097000E-7	3.007955E-3
1.097500E-7	2.985686E-3
1.098000E-7	2.946289E-3
1.098500E-7	2.913743E-3
1.099000E-7	2.884622E-3
1.099500E-7	2.843512E-3
1.100000E-7	2.795549E-3
1.100500E-7	2.749299E-3
1.101000E-7	2.697911E-3
1.101500E-7	2.651661E-3
1.102000E-7	2.610550E-3
1.102500E-7	2.572866E-3
1.103000E-7	2.536894E-3
1.103500E-7	2.514625E-3
1.104000E-7	2.497496E-3
1.104500E-7	2.488931E-3
1.105000E-7	2.499209E-3
1.105500E-7	2.524903E-3
1.106000E-7	2.547171E-3
1.106500E-7	2.572866E-3
1.107000E-7	2.613976E-3
1.107500E-7	2.660226E-3
1.108000E-7	2.692772E-3
1.108500E-7	2.718466E-3
1.109000E-7	2.751012E-3
1.109500E-7	2.781845E-3
1.110000E-7	2.798975E-3
1.110500E-7	2.788697E-3
1.111000E-7	2.761290E-3
1.111500E-7	2.739022E-3
1.112000E-7	2.721892E-3
1.112500E-7	2.699624E-3
1.113000E-7	2.679068E-3
1.113500E-7	2.675643E-3
1.114000E-7	2.697911E-3
1.114500E-7	2.737309E-3
1.115000E-7	2.786984E-3
1.115500E-7	2.843512E-3
1.116000E-7	2.894900E-3
1.116500E-7	2.941150E-3
1.117000E-7	2.982261E-3
1.117500E-7	2.992538E-3
1.118000E-7	2.973696E-3
1.118500E-7	2.949715E-3
1.119000E-7	2.929159E-3
1.119500E-7	2.889761E-3
1.120000E-7	2.841799E-3
1.120500E-7	2.810966E-3
1.121000E-7	2.807540E-3
1.121500E-7	2.821243E-3
1.122000E-7	2.850363E-3
1.122500E-7	2.893187E-3
1.123000E-7	2.925733E-3
1.123500E-7	2.937724E-3
1.124000E-7	2.946289E-3
1.124500E-7	2.939437E-3
1.125000E-7	2.900039E-3
1.125500E-7	2.838373E-3
1.126000E-7	2.766429E-3
1.126500E-7	2.672217E-3
1.127000E-7	2.559162E-3
1.127500E-7	2.454672E-3
1.128000E-7	2.377589E-3
1.128500E-7	2.336478E-3
1.129000E-7	2.315923E-3
1.129500E-7	2.309071E-3
1.130000E-7	2.319349E-3
1.130500E-7	2.357034E-3
1.131000E-7	2.415274E-3
1.131500E-7	2.473514E-3
1.132000E-7	2.519764E-3
1.132500E-7	2.566014E-3
1.133000E-7	2.622541E-3
1.133500E-7	2.665365E-3
1.134000E-7	2.687633E-3
1.134500E-7	2.704763E-3
1.135000E-7	2.708189E-3
1.135500E-7	2.682494E-3
1.136000E-7	2.653374E-3
1.136500E-7	2.646522E-3
1.137000E-7	2.649948E-3
1.137500E-7	2.658513E-3
1.138000E-7	2.684207E-3
1.138500E-7	2.709902E-3
1.139000E-7	2.727031E-3
1.139500E-7	2.742448E-3
1.140000E-7	2.766429E-3
1.140500E-7	2.788697E-3
1.141000E-7	2.805827E-3
1.141500E-7	2.826382E-3
1.142000E-7	2.840086E-3
1.142500E-7	2.829808E-3
1.143000E-7	2.814391E-3
1.143500E-7	2.814391E-3
1.144000E-7	2.831521E-3
1.144500E-7	2.852076E-3
1.145000E-7	2.882909E-3
1.145500E-7	2.922307E-3
1.146000E-7	2.963418E-3
1.146500E-7	2.997677E-3
1.147000E-7	3.009668E-3
1.147500E-7	3.011381E-3
1.148000E-7	3.016520E-3
1.148500E-7	3.013094E-3
1.149000E-7	2.982261E-3
1.149500E-7	2.930872E-3
1.150000E-7	2.884622E-3
1.150500E-7	2.838373E-3
1.151000E-7	2.780132E-3
1.151500E-7	2.727031E-3
1.152000E-7	2.680781E-3
1.152500E-7	2.632819E-3
1.153000E-7	2.578004E-3
1.153500E-7	2.538607E-3
1.154000E-7	2.524903E-3
1.154500E-7	2.530042E-3
1.155000E-7	2.548884E-3
1.155500E-7	2.578004E-3
1.156000E-7	2.619115E-3
1.156500E-7	2.677355E-3
1.157000E-7	2.754438E-3
1.157500E-7	2.841799E-3
1.158000E-7	2.930872E-3
1.158500E-7	3.026797E-3
1.159000E-7	3.110732E-3
1.159500E-7	3.167259E-3
1.160000E-7	3.208370E-3
1.160500E-7	3.246055E-3
1.161000E-7	3.242629E-3
1.161500E-7	3.191241E-3
1.162000E-7	3.129574E-3
1.162500E-7	3.076473E-3
1.163000E-7	3.016520E-3
1.163500E-7	2.936011E-3
1.164000E-7	2.853789E-3
1.164500E-7	2.776707E-3
1.165000E-7	2.696198E-3
1.165500E-7	2.619115E-3
1.166000E-7	2.554023E-3
1.166500E-7	2.494070E-3
1.167000E-7	2.439255E-3
1.167500E-7	2.413561E-3
1.168000E-7	2.404996E-3
1.168500E-7	2.403283E-3
1.169000E-7	2.413561E-3
1.169500E-7	2.423839E-3
1.170000E-7	2.416987E-3
1.170500E-7	2.410135E-3
1.171000E-7	2.418700E-3
1.171500E-7	2.422126E-3
1.172000E-7	2.406709E-3
1.172500E-7	2.403283E-3
1.173000E-7	2.415274E-3
1.173500E-7	2.430691E-3
1.174000E-7	2.447820E-3
1.174500E-7	2.476940E-3
1.175000E-7	2.506060E-3
1.175500E-7	2.545458E-3
1.176000E-7	2.600273E-3
1.176500E-7	2.649948E-3
1.177000E-7	2.680781E-3
1.177500E-7	2.696198E-3
1.178000E-7	2.694485E-3
1.178500E-7	2.668791E-3
1.179000E-7	2.629393E-3
1.179500E-7	2.574578E-3
1.180000E-7	2.512912E-3
1.180500E-7	2.471801E-3
1.181000E-7	2.446107E-3
1.181500E-7	2.420413E-3
1.182000E-7	2.406709E-3
1.182500E-7	2.428978E-3
1.183000E-7	2.468376E-3
1.183500E-7	2.509486E-3
1.184000E-7	2.554023E-3
1.184500E-7	2.586569E-3
1.185000E-7	2.600273E-3
1.185500E-7	2.605412E-3
1.186000E-7	2.598560E-3
1.186500E-7	2.562588E-3
1.187000E-7	2.511199E-3
1.187500E-7	2.470089E-3
1.188000E-7	2.435830E-3
1.188500E-7	2.401571E-3
1.189000E-7	2.384441E-3
1.189500E-7	2.401571E-3
1.190000E-7	2.444394E-3
1.190500E-7	2.492357E-3
1.191000E-7	2.536894E-3
1.191500E-7	2.583143E-3
1.192000E-7	2.643096E-3
1.192500E-7	2.697911E-3
1.193000E-7	2.723605E-3
1.193500E-7	2.728744E-3
1.194000E-7	2.728744E-3
1.194500E-7	2.703050E-3
1.195000E-7	2.634532E-3
1.195500E-7	2.550597E-3
1.196000E-7	2.470089E-3
1.196500E-7	2.386154E-3
1.197000E-7	2.293655E-3
1.197500E-7	2.213146E-3
1.198000E-7	2.154906E-3
1.198500E-7	2.137776E-3
1.199000E-7	2.158332E-3
1.199500E-7	2.194304E-3
1.200000E-7	2.250831E-3
1.200500E-7	2.350182E-3
1.201000E-7	2.461524E-3
1.201500E-7	2.545458E-3
1.202000E-7	2.612263E-3
1.202500E-7	2.677355E-3
1.203000E-7	2.708189E-3
1.203500E-7	2.696198E-3
1.204000E-7	2.670504E-3
1.204500E-7	2.615689E-3
1.205000E-7	2.526616E-3
1.205500E-7	2.446107E-3
1.206000E-7	2.391293E-3
1.206500E-7	2.336478E-3
1.207000E-7	2.302219E-3
1.207500E-7	2.324488E-3
1.208000E-7	2.394719E-3
1.208500E-7	2.475227E-3
1.209000E-7	2.564301E-3
1.209500E-7	2.655087E-3
1.210000E-7	2.732170E-3
1.210500E-7	2.802401E-3
1.211000E-7	2.870919E-3
1.211500E-7	2.913743E-3
1.212000E-7	2.908604E-3
1.212500E-7	2.865780E-3
1.213000E-7	2.807540E-3
1.213500E-7	2.739022E-3
1.214000E-7	2.675643E-3
1.214500E-7	2.634532E-3
1.215000E-7	2.615689E-3
1.215500E-7	2.601986E-3
1.216000E-7	2.603699E-3
1.216500E-7	2.629393E-3
1.217000E-7	2.668791E-3
1.217500E-7	2.703050E-3
1.218000E-7	2.730457E-3
1.218500E-7	2.766429E-3
1.219000E-7	2.786984E-3
1.219500E-7	2.774994E-3
1.220000E-7	2.733883E-3
1.220500E-7	2.680781E-3
1.221000E-7	2.631106E-3
1.221500E-7	2.589995E-3
1.222000E-7	2.545458E-3
1.222500E-7	2.495783E-3
1.223000E-7	2.461524E-3
1.223500E-7	2.471801E-3
1.224000E-7	2.506060E-3
1.224500E-7	2.540319E-3
1.225000E-7	2.583143E-3
1.225500E-7	2.632819E-3
1.226000E-7	2.670504E-3
1.226500E-7	2.691059E-3
1.227000E-7	2.699624E-3
1.227500E-7	2.696198E-3
1.228000E-7	2.677355E-3
1.228500E-7	2.644809E-3
1.229000E-7	2.612263E-3
1.229500E-7	2.574578E-3
1.230000E-7	2.542032E-3
1.230500E-7	2.511199E-3
1.231000E-7	2.476940E-3
1.231500E-7	2.449533E-3
1.232000E-7	2.434117E-3
1.232500E-7	2.401571E-3
1.233000E-7	2.357034E-3
1.233500E-7	2.333053E-3
1.234000E-7	2.334765E-3
1.234500E-7	2.329627E-3
1.235000E-7	2.312497E-3
1.235500E-7	2.303932E-3
1.236000E-7	2.297081E-3
1.236500E-7	2.273099E-3
1.237000E-7	2.247405E-3
1.237500E-7	2.235414E-3
1.238000E-7	2.221711E-3
1.238500E-7	2.194304E-3
1.239000E-7	2.161758E-3
1.239500E-7	2.132637E-3
1.240000E-7	2.101804E-3
1.240500E-7	2.065832E-3
1.241000E-7	2.034999E-3
1.241500E-7	2.014444E-3
1.242000E-7	2.011018E-3
1.242500E-7	2.019583E-3
1.243000E-7	2.043564E-3
1.243500E-7	2.096665E-3
1.244000E-7	2.173748E-3
1.244500E-7	2.252544E-3
1.245000E-7	2.329627E-3
1.245500E-7	2.398145E-3
1.246000E-7	2.451246E-3
1.246500E-7	2.473514E-3
1.247000E-7	2.478653E-3
1.247500E-7	2.468376E-3
1.248000E-7	2.434117E-3
1.248500E-7	2.391293E-3
1.249000E-7	2.350182E-3
1.249500E-7	2.295368E-3
1.250000E-7	2.240553E-3
1.250500E-7	2.213146E-3
1.251000E-7	2.216572E-3
1.251500E-7	2.238840E-3
1.252000E-7	2.279951E-3
1.252500E-7	2.339904E-3
1.253000E-7	2.406709E-3
1.253500E-7	2.480366E-3
1.254000E-7	2.574578E-3
1.254500E-7	2.661939E-3
1.255000E-7	2.713327E-3
1.255500E-7	2.742448E-3
1.256000E-7	2.766429E-3
1.256500E-7	2.774994E-3
1.257000E-7	2.757864E-3
1.257500E-7	2.720179E-3
1.258000E-7	2.655087E-3
1.258500E-7	2.583143E-3
1.259000E-7	2.521477E-3
1.259500E-7	2.454672E-3
1.260000E-7	2.372450E-3
1.260500E-7	2.302219E-3
1.261000E-7	2.250831E-3
1.261500E-7	2.201155E-3
1.262000E-7	2.158332E-3
1.262500E-7	2.154906E-3
1.263000E-7	2.173748E-3
1.263500E-7	2.185739E-3
1.264000E-7	2.218285E-3
1.264500E-7	2.269673E-3
1.265000E-7	2.322775E-3
1.265500E-7	2.363886E-3
1.266000E-7	2.394719E-3
1.266500E-7	2.410135E-3
1.267000E-7	2.430691E-3
1.267500E-7	2.452959E-3
1.268000E-7	2.452959E-3
1.268500E-7	2.423839E-3
1.269000E-7	2.398145E-3
1.269500E-7	2.369024E-3
1.270000E-7	2.326201E-3
1.270500E-7	2.291942E-3
1.271000E-7	2.278238E-3
1.271500E-7	2.281664E-3
1.272000E-7	2.303932E-3
1.272500E-7	2.370737E-3
1.273000E-7	2.458098E-3
1.273500E-7	2.545458E-3
1.274000E-7	2.644809E-3
1.274500E-7	2.751012E-3
1.275000E-7	2.822956E-3
1.275500E-7	2.852076E-3
1.276000E-7	2.858928E-3
1.276500E-7	2.843512E-3
1.277000E-7	2.783558E-3
1.277500E-7	2.687633E-3
1.278000E-7	2.574578E-3
1.278500E-7	2.449533E-3
1.279000E-7	2.324488E-3
1.279500E-7	2.219998E-3
1.280000E-7	2.142915E-3
1.280500E-7	2.082962E-3
1.281000E-7	2.041851E-3
1.281500E-7	2.033286E-3
1.282000E-7	2.043564E-3
1.282500E-7	2.067545E-3
1.283000E-7	2.112082E-3
1.283500E-7	2.168609E-3
1.284000E-7	2.211433E-3
1.284500E-7	2.237127E-3
1.285000E-7	2.259396E-3
1.285500E-7	2.279951E-3
1.286000E-7	2.290229E-3
1.286500E-7	2.283377E-3
1.287000E-7	2.273099E-3
1.287500E-7	2.269673E-3
1.288000E-7	2.266247E-3
1.288500E-7	2.240553E-3
1.289000E-7	2.202868E-3
1.289500E-7	2.170322E-3
1.290000E-7	2.146341E-3
1.290500E-7	2.129211E-3
1.291000E-7	2.108656E-3
1.291500E-7	2.106943E-3
1.292000E-7	2.139489E-3
1.292500E-7	2.185739E-3
1.293000E-7	2.209720E-3
1.293500E-7	2.240553E-3
1.294000E-7	2.303932E-3
1.294500E-7	2.367312E-3
1.295000E-7	2.399858E-3
1.295500E-7	2.423839E-3
1.296000E-7	2.440968E-3
1.296500E-7	2.442681E-3
1.297000E-7	2.432404E-3
1.297500E-7	2.423839E-3
1.298000E-7	2.408422E-3
1.298500E-7	2.398145E-3
1.299000E-7	2.394719E-3
1.299500E-7	2.384441E-3
1.300000E-7	2.360460E-3
1.300500E-7	2.331340E-3
1.301000E-7	2.291942E-3
1.301500E-7	2.237127E-3
1.302000E-7	2.170322E-3
1.302500E-7	2.091527E-3
1.303000E-7	2.004166E-3
1.303500E-7	1.925370E-3
1.304000E-7	1.870556E-3
1.304500E-7	1.850001E-3
1.305000E-7	1.863704E-3
1.305500E-7	1.918519E-3
1.306000E-7	2.004166E-3
1.306500E-7	2.115508E-3
1.307000E-7	2.245692E-3
1.307500E-7	2.372450E-3
1.308000E-7	2.500922E-3
1.308500E-7	2.620828E-3
1.309000E-7	2.716753E-3
1.309500E-7	2.788697E-3
1.310000E-7	2.840086E-3
1.310500E-7	2.870919E-3
1.311000E-7	2.869206E-3
1.311500E-7	2.841799E-3
1.312000E-7	2.797262E-3
1.312500E-7	2.744161E-3
1.313000E-7	2.685920E-3
1.313500E-7	2.624254E-3
1.314000E-7	2.571153E-3
1.314500E-7	2.531755E-3
1.315000E-7	2.495783E-3
1.315500E-7	2.470089E-3
1.316000E-7	2.461524E-3
1.316500E-7	2.470089E-3
1.317000E-7	2.473514E-3
1.317500E-7	2.476940E-3
1.318000E-7	2.473514E-3
1.318500E-7	2.446107E-3
1.319000E-7	2.398145E-3
1.319500E-7	2.353608E-3
1.320000E-7	2.298794E-3
1.320500E-7	2.219998E-3
1.321000E-7	2.127499E-3
1.321500E-7	2.048703E-3
1.322000E-7	1.980185E-3
1.322500E-7	1.927083E-3
1.323000E-7	1.894537E-3
1.323500E-7	1.889398E-3
1.324000E-7	1.911667E-3
1.324500E-7	1.944213E-3
1.325000E-7	1.976759E-3
1.325500E-7	2.017870E-3
1.326000E-7	2.067545E-3
1.326500E-7	2.108656E-3
1.327000E-7	2.132637E-3
1.327500E-7	2.134350E-3
1.328000E-7	2.110369E-3
1.328500E-7	2.072684E-3
1.329000E-7	2.031573E-3
1.329500E-7	1.971620E-3
1.330000E-7	1.903102E-3
1.330500E-7	1.877408E-3
1.331000E-7	1.901389E-3
1.331500E-7	1.927083E-3
1.332000E-7	1.954491E-3
1.332500E-7	2.012731E-3
1.333000E-7	2.079536E-3
1.333500E-7	2.132637E-3
1.334000E-7	2.182313E-3
1.334500E-7	2.245692E-3
1.335000E-7	2.305645E-3
1.335500E-7	2.341617E-3
1.336000E-7	2.350182E-3
1.336500E-7	2.321062E-3
1.337000E-7	2.267960E-3
1.337500E-7	2.211433E-3
1.338000E-7	2.139489E-3
1.338500E-7	2.040138E-3
1.339000E-7	1.939074E-3
1.339500E-7	1.861991E-3
1.340000E-7	1.807177E-3
1.340500E-7	1.774631E-3
1.341000E-7	1.786621E-3
1.341500E-7	1.832871E-3
1.342000E-7	1.904815E-3
1.342500E-7	1.993888E-3
1.343000E-7	2.098378E-3
1.343500E-7	2.206294E-3
1.344000E-7	2.314210E-3
1.344500E-7	2.408422E-3
1.345000E-7	2.456385E-3
1.345500E-7	2.463237E-3
1.346000E-7	2.468376E-3
1.346500E-7	2.459811E-3
1.347000E-7	2.410135E-3
1.347500E-7	2.339904E-3
1.348000E-7	2.274812E-3
1.348500E-7	2.216572E-3
1.349000E-7	2.160045E-3
1.349500E-7	2.115508E-3
1.350000E-7	2.076110E-3
1.350500E-7	2.040138E-3
1.351000E-7	1.990463E-3
1.351500E-7	1.928796E-3
1.352000E-7	1.873982E-3
1.352500E-7	1.831158E-3
1.353000E-7	1.776344E-3
1.353500E-7	1.719816E-3
1.354000E-7	1.680419E-3
1.354500E-7	1.661576E-3
1.355000E-7	1.659863E-3
1.355500E-7	1.682132E-3
1.356000E-7	1.709539E-3
1.356500E-7	1.724955E-3
1.357000E-7	1.750650E-3
1.357500E-7	1.790047E-3
1.358000E-7	1.836297E-3
1.358500E-7	1.877408E-3
1.359000E-7	1.906528E-3
1.359500E-7	1.923657E-3
1.360000E-7	1.952778E-3
1.360500E-7	1.999027E-3
1.361000E-7	2.043564E-3
1.361500E-7	2.096665E-3
1.362000E-7	2.175461E-3
1.362500E-7	2.264535E-3
1.363000E-7	2.336478E-3
1.363500E-7	2.406709E-3
1.364000E-7	2.476940E-3
1.364500E-7	2.535181E-3
1.365000E-7	2.581430E-3
1.365500E-7	2.601986E-3
1.366000E-7	2.588282E-3
1.366500E-7	2.562588E-3
1.367000E-7	2.533468E-3
1.367500E-7	2.487218E-3
1.368000E-7	2.423839E-3
1.368500E-7	2.362173E-3
1.369000E-7	2.295368E-3
1.369500E-7	2.206294E-3
1.370000E-7	2.122360E-3
1.370500E-7	2.052129E-3
1.371000E-7	1.987037E-3
1.371500E-7	1.928796E-3
1.372000E-7	1.887686E-3
1.372500E-7	1.855139E-3
1.373000E-7	1.824306E-3
1.373500E-7	1.810603E-3
1.374000E-7	1.810603E-3
1.374500E-7	1.826019E-3
1.375000E-7	1.861991E-3
1.375500E-7	1.911667E-3
1.376000E-7	1.971620E-3
1.376500E-7	2.038425E-3
1.377000E-7	2.112082E-3
1.377500E-7	2.182313E-3
1.378000E-7	2.250831E-3
1.378500E-7	2.317636E-3
1.379000E-7	2.370737E-3
1.379500E-7	2.396432E-3
1.380000E-7	2.386154E-3
1.380500E-7	2.343330E-3
1.381000E-7	2.276525E-3
1.381500E-7	2.199442E-3
1.382000E-7	2.108656E-3
1.382500E-7	2.009305E-3
1.383000E-7	1.921945E-3
1.383500E-7	1.865417E-3
1.384000E-7	1.843149E-3
1.384500E-7	1.858565E-3
1.385000E-7	1.911667E-3
1.385500E-7	1.999027E-3
1.386000E-7	2.127499E-3
1.386500E-7	2.283377E-3
1.387000E-7	2.428978E-3
1.387500E-7	2.552310E-3
1.388000E-7	2.651661E-3
1.388500E-7	2.703050E-3
1.389000E-7	2.706476E-3
1.389500E-7	2.682494E-3
1.390000E-7	2.617402E-3
1.390500E-7	2.497496E-3
1.391000E-7	2.369024E-3
1.391500E-7	2.257683E-3
1.392000E-7	2.144628E-3
1.392500E-7	2.040138E-3
1.393000E-7	1.980185E-3
1.393500E-7	1.952778E-3
1.394000E-7	1.939074E-3
1.394500E-7	1.956204E-3
1.395000E-7	1.992175E-3
1.395500E-7	2.012731E-3
1.396000E-7	2.012731E-3
1.396500E-7	2.002453E-3
1.397000E-7	1.978472E-3
1.397500E-7	1.939074E-3
1.398000E-7	1.891111E-3
1.398500E-7	1.824306E-3
1.399000E-7	1.742085E-3
1.399500E-7	1.665002E-3
1.400000E-7	1.608475E-3
1.400500E-7	1.560512E-3
1.401000E-7	1.526253E-3
1.401500E-7	1.527966E-3
1.402000E-7	1.574216E-3
1.402500E-7	1.644447E-3
1.403000E-7	1.743798E-3
1.403500E-7	1.870556E-3
1.404000E-7	1.997314E-3
1.404500E-7	2.098378E-3
1.405000E-7	2.182313E-3
1.405500E-7	2.259396E-3
1.406000E-7	2.314210E-3
1.406500E-7	2.322775E-3
1.407000E-7	2.298794E-3
1.407500E-7	2.255970E-3
1.408000E-7	2.189165E-3
1.408500E-7	2.091527E-3
1.409000E-7	1.976759E-3
1.409500E-7	1.872269E-3
1.410000E-7	1.790047E-3
1.410500E-7	1.721529E-3
1.411000E-7	1.671854E-3
1.411500E-7	1.658150E-3
1.412000E-7	1.680419E-3
1.412500E-7	1.740372E-3
1.413000E-7	1.819168E-3
1.413500E-7	1.892824E-3
1.414000E-7	1.968194E-3
1.414500E-7	2.053842E-3
1.415000E-7	2.127499E-3
1.415500E-7	2.168609E-3
1.416000E-7	2.189165E-3
1.416500E-7	2.192591E-3
1.417000E-7	2.173748E-3
1.417500E-7	2.136063E-3
1.418000E-7	2.094952E-3
1.418500E-7	2.048703E-3
1.419000E-7	2.007592E-3
1.419500E-7	1.990463E-3
1.420000E-7	1.999027E-3
1.420500E-7	2.011018E-3
1.421000E-7	2.029860E-3
1.421500E-7	2.076110E-3
1.422000E-7	2.137776E-3
1.422500E-7	2.168609E-3
1.423000E-7	2.163470E-3
1.423500E-7	2.156619E-3
1.424000E-7	2.148054E-3
1.424500E-7	2.106943E-3
1.425000E-7	2.053842E-3
1.425500E-7	2.019583E-3
1.426000E-7	1.990463E-3
1.426500E-7	1.956204E-3
1.427000E-7	1.944213E-3
1.427500E-7	1.963055E-3
1.428000E-7	1.995601E-3
1.428500E-7	2.050416E-3
1.429000E-7	2.122360E-3
1.429500E-7	2.189165E-3
1.430000E-7	2.237127E-3
1.430500E-7	2.255970E-3
1.431000E-7	2.230276E-3
1.431500E-7	2.161758E-3
1.432000E-7	2.055555E-3
1.432500E-7	1.913380E-3
1.433000E-7	1.745511E-3
1.433500E-7	1.569077E-3
1.434000E-7	1.408059E-3
1.434500E-7	1.272736E-3
1.435000E-7	1.175098E-3
1.435500E-7	1.128849E-3
1.436000E-7	1.139126E-3
1.436500E-7	1.204218E-3
1.437000E-7	1.318986E-3
1.437500E-7	1.471439E-3
1.438000E-7	1.632456E-3
1.438500E-7	1.781483E-3
1.439000E-7	1.937361E-3
1.439500E-7	2.100091E-3
1.440000E-7	2.228563E-3
1.440500E-7	2.298794E-3
1.441000E-7	2.321062E-3
1.441500E-7	2.302219E-3
1.442000E-7	2.255970E-3
1.442500E-7	2.202868E-3
1.443000E-7	2.154906E-3
1.443500E-7	2.118934E-3
1.444000E-7	2.115508E-3
1.444500E-7	2.146341E-3
1.445000E-7	2.190878E-3
1.445500E-7	2.238840E-3
1.446000E-7	2.283377E-3
1.446500E-7	2.315923E-3
1.447000E-7	2.322775E-3
1.447500E-7	2.305645E-3
1.448000E-7	2.271386E-3
1.448500E-7	2.226850E-3
1.449000E-7	2.170322E-3
1.449500E-7	2.098378E-3
1.450000E-7	2.036712E-3
1.450500E-7	1.995601E-3
1.451000E-7	1.964768E-3
1.451500E-7	1.939074E-3
1.452000E-7	1.935648E-3
1.452500E-7	1.954491E-3
1.453000E-7	1.968194E-3
1.453500E-7	1.963055E-3
1.454000E-7	1.947639E-3
1.454500E-7	1.913380E-3
1.455000E-7	1.858565E-3
1.455500E-7	1.790047E-3
1.456000E-7	1.716391E-3
1.456500E-7	1.649585E-3
1.457000E-7	1.606762E-3
1.457500E-7	1.598197E-3
1.458000E-7	1.608475E-3
1.458500E-7	1.642734E-3
1.459000E-7	1.702687E-3
1.459500E-7	1.771205E-3
1.460000E-7	1.827732E-3
1.460500E-7	1.872269E-3
1.461000E-7	1.904815E-3
1.461500E-7	1.916806E-3
1.462000E-7	1.915093E-3
1.462500E-7	1.908241E-3
1.463000E-7	1.885973E-3
1.463500E-7	1.850001E-3
1.464000E-7	1.819168E-3
1.464500E-7	1.800325E-3
1.465000E-7	1.783196E-3
1.465500E-7	1.778057E-3
1.466000E-7	1.776344E-3
1.466500E-7	1.771205E-3
1.467000E-7	1.755788E-3
1.467500E-7	1.730094E-3
1.468000E-7	1.680419E-3
1.468500E-7	1.625604E-3
1.469000E-7	1.579355E-3
1.469500E-7	1.541670E-3
1.470000E-7	1.517688E-3
1.470500E-7	1.515975E-3
1.471000E-7	1.533105E-3
1.471500E-7	1.572503E-3
1.472000E-7	1.649585E-3
1.472500E-7	1.759214E-3
1.473000E-7	1.870556E-3
1.473500E-7	1.985324E-3
1.474000E-7	2.113795E-3
1.474500E-7	2.238840E-3
1.475000E-7	2.346756E-3
1.475500E-7	2.425552E-3
1.476000E-7	2.463237E-3
1.476500E-7	2.458098E-3
1.477000E-7	2.411848E-3
1.477500E-7	2.339904E-3
1.478000E-7	2.240553E-3
1.478500E-7	2.113795E-3
1.479000E-7	1.969907E-3
1.479500E-7	1.824306E-3
1.480000E-7	1.692409E-3
1.480500E-7	1.599910E-3
1.481000E-7	1.538244E-3
1.481500E-7	1.498846E-3
1.482000E-7	1.490281E-3
1.482500E-7	1.521114E-3
1.483000E-7	1.570790E-3
1.483500E-7	1.634169E-3
1.484000E-7	1.718103E-3
1.484500E-7	1.810603E-3
1.485000E-7	1.885973E-3
1.485500E-7	1.944213E-3
1.486000E-7	1.995601E-3
1.486500E-7	2.033286E-3
1.487000E-7	2.062406E-3
1.487500E-7	2.084675E-3
1.488000E-7	2.093240E-3
1.488500E-7	2.100091E-3
1.489000E-7	2.110369E-3
1.489500E-7	2.120647E-3
1.490000E-7	2.125786E-3
1.490500E-7	2.132637E-3
1.491000E-7	2.134350E-3
1.491500E-7	2.129211E-3
1.492000E-7	2.118934E-3
1.492500E-7	2.093240E-3
1.493000E-7	2.036712E-3
1.493500E-7	1.959629E-3
1.494000E-7	1.882547E-3
1.494500E-7	1.815742E-3
1.495000E-7	1.759214E-3
1.495500E-7	1.714678E-3
1.496000E-7	1.699261E-3
1.496500E-7	1.714678E-3
1.497000E-7	1.747224E-3
1.497500E-7	1.790047E-3
1.498000E-7	1.848288E-3
1.498500E-7	1.918519E-3
1.499000E-7	1.981898E-3
1.499500E-7	2.029860E-3
1.500000E-7	2.050416E-3
1.500500E-7	2.034999E-3
1.501000E-7	1.987037E-3
1.501500E-7	1.909954E-3
1.502000E-7	1.814029E-3
1.502500E-7	1.721529E-3
1.503000E-7	1.642734E-3
1.503500E-7	1.587919E-3
1.504000E-7	1.550234E-3
1.504500E-7	1.531392E-3
1.505000E-7	1.539957E-3
1.505500E-7	1.575929E-3
1.506000E-7	1.620465E-3
1.506500E-7	1.665002E-3
1.507000E-7	1.724955E-3
1.507500E-7	1.788334E-3
1.508000E-7	1.820880E-3
1.508500E-7	1.827732E-3
1.509000E-7	1.834584E-3
1.509500E-7	1.827732E-3
1.510000E-7	1.807177E-3
1.510500E-7	1.793473E-3
1.511000E-7	1.798612E-3
1.511500E-7	1.817455E-3
1.512000E-7	1.838010E-3
1.512500E-7	1.856852E-3
1.513000E-7	1.877408E-3
1.513500E-7	1.906528E-3
1.514000E-7	1.925370E-3
1.514500E-7	1.915093E-3
1.515000E-7	1.879121E-3
1.515500E-7	1.819168E-3
1.516000E-7	1.755788E-3
1.516500E-7	1.700974E-3
1.517000E-7	1.641021E-3
1.517500E-7	1.572503E-3
1.518000E-7	1.514262E-3
1.518500E-7	1.486855E-3
1.519000E-7	1.488568E-3
1.519500E-7	1.502272E-3
1.520000E-7	1.534818E-3
1.520500E-7	1.584493E-3
1.521000E-7	1.642734E-3
1.521500E-7	1.694122E-3
1.522000E-7	1.735233E-3
1.522500E-7	1.774631E-3
1.523000E-7	1.812316E-3
1.523500E-7	1.841436E-3
1.524000E-7	1.863704E-3
1.524500E-7	1.867130E-3
1.525000E-7	1.851714E-3
1.525500E-7	1.832871E-3
1.526000E-7	1.827732E-3
1.526500E-7	1.819168E-3
1.527000E-7	1.795186E-3
1.527500E-7	1.772918E-3
1.528000E-7	1.760927E-3
1.528500E-7	1.745511E-3
1.529000E-7	1.714678E-3
1.529500E-7	1.687270E-3
1.530000E-7	1.666715E-3
1.530500E-7	1.653011E-3
1.531000E-7	1.654724E-3
1.531500E-7	1.666715E-3
1.532000E-7	1.683844E-3
1.532500E-7	1.707826E-3
1.533000E-7	1.733520E-3
1.533500E-7	1.760927E-3
1.534000E-7	1.778057E-3
1.534500E-7	1.779770E-3
1.535000E-7	1.778057E-3
1.535500E-7	1.778057E-3
1.536000E-7	1.788334E-3
1.536500E-7	1.796899E-3
1.537000E-7	1.788334E-3
1.537500E-7	1.776344E-3
1.538000E-7	1.783196E-3
1.538500E-7	1.800325E-3
1.539000E-7	1.807177E-3
1.539500E-7	1.814029E-3
1.540000E-7	1.836297E-3
1.540500E-7	1.879121E-3
1.541000E-7	1.921945E-3
1.541500E-7	1.966481E-3
1.542000E-7	2.028147E-3
1.542500E-7	2.094952E-3
1.543000E-7	2.153193E-3
1.543500E-7	2.208007E-3
1.544000E-7	2.274812E-3
1.544500E-7	2.338191E-3
1.545000E-7	2.393006E-3
1.545500E-7	2.427265E-3
1.546000E-7	2.427265E-3
1.546500E-7	2.404996E-3
1.547000E-7	2.367312E-3
1.547500E-7	2.305645E-3
1.548000E-7	2.208007E-3
1.548500E-7	2.100091E-3
1.549000E-7	2.000740E-3
1.549500E-7	1.894537E-3
1.550000E-7	1.786621E-3
1.550500E-7	1.694122E-3
1.551000E-7	1.615326E-3
1.551500E-7	1.553660E-3
1.552000E-7	1.521114E-3
1.552500E-7	1.507411E-3
1.553000E-7	1.500559E-3
1.553500E-7	1.521114E-3
1.554000E-7	1.567364E-3
1.554500E-7	1.606762E-3
1.555000E-7	1.641021E-3
1.555500E-7	1.699261E-3
1.556000E-7	1.764353E-3
1.556500E-7	1.808890E-3
1.557000E-7	1.838010E-3
1.557500E-7	1.858565E-3
1.558000E-7	1.858565E-3
1.558500E-7	1.834584E-3
1.559000E-7	1.790047E-3
1.559500E-7	1.738659E-3
1.560000E-7	1.685557E-3
1.560500E-7	1.642734E-3
1.561000E-7	1.615326E-3
1.561500E-7	1.627317E-3
1.562000E-7	1.687270E-3
1.562500E-7	1.766066E-3
1.563000E-7	1.846575E-3
1.563500E-7	1.942500E-3
1.564000E-7	2.050416E-3
1.564500E-7	2.132637E-3
1.565000E-7	2.166896E-3
1.565500E-7	2.166896E-3
1.566000E-7	2.141202E-3
1.566500E-7	2.091527E-3
1.567000E-7	2.004166E-3
1.567500E-7	1.882547E-3
1.568000E-7	1.747224E-3
1.568500E-7	1.622178E-3
1.569000E-7	1.521114E-3
1.569500E-7	1.457735E-3
1.570000E-7	1.442319E-3
1.570500E-7	1.461161E-3
1.571000E-7	1.505698E-3
1.571500E-7	1.574216E-3
1.572000E-7	1.658150E-3
1.572500E-7	1.730094E-3
1.573000E-7	1.774631E-3
1.573500E-7	1.802038E-3
1.574000E-7	1.795186E-3
1.574500E-7	1.748937E-3
1.575000E-7	1.692409E-3
1.575500E-7	1.644447E-3
1.576000E-7	1.586206E-3
1.576500E-7	1.522827E-3
1.577000E-7	1.480003E-3
1.577500E-7	1.464587E-3
1.578000E-7	1.462874E-3
1.578500E-7	1.485142E-3
1.579000E-7	1.534818E-3
1.579500E-7	1.610188E-3
1.580000E-7	1.695835E-3
1.580500E-7	1.772918E-3
1.581000E-7	1.848288E-3
1.581500E-7	1.921945E-3
1.582000E-7	1.968194E-3
1.582500E-7	1.971620E-3
1.583000E-7	1.952778E-3
1.583500E-7	1.923657E-3
1.584000E-7	1.865417E-3
1.584500E-7	1.788334E-3
1.585000E-7	1.706113E-3
1.585500E-7	1.618752E-3
1.586000E-7	1.550234E-3
1.586500E-7	1.521114E-3
1.587000E-7	1.507411E-3
1.587500E-7	1.498846E-3
1.588000E-7	1.526253E-3
1.588500E-7	1.586206E-3
1.589000E-7	1.647873E-3
1.589500E-7	1.700974E-3
1.590000E-7	1.752362E-3
1.590500E-7	1.800325E-3
1.591000E-7	1.836297E-3
1.591500E-7	1.865417E-3
1.592000E-7	1.885973E-3
1.592500E-7	1.899676E-3
1.593000E-7	1.899676E-3
1.593500E-7	1.875695E-3
1.594000E-7	1.838010E-3
1.594500E-7	1.808890E-3
1.595000E-7	1.784909E-3
1.595500E-7	1.742085E-3
1.596000E-7	1.702687E-3
1.596500E-7	1.680419E-3
1.597000E-7	1.665002E-3
1.597500E-7	1.653011E-3
1.598000E-7	1.653011E-3
1.598500E-7	1.656437E-3
1.599000E-7	1.668428E-3
1.599500E-7	1.702687E-3
1.600000E-7	1.743798E-3
1.600500E-7	1.776344E-3
1.601000E-7	1.815742E-3
1.601500E-7	1.872269E-3
1.602000E-7	1.913380E-3
1.602500E-7	1.937361E-3
1.603000E-7	1.964768E-3
1.603500E-7	1.983611E-3
1.604000E-7	1.987037E-3
1.604500E-7	1.990463E-3
1.605000E-7	1.999027E-3
1.605500E-7	2.005879E-3
1.606000E-7	2.007592E-3
1.606500E-7	2.017870E-3
1.607000E-7	2.026434E-3
1.607500E-7	2.026434E-3
1.608000E-7	2.033286E-3
1.608500E-7	2.028147E-3
1.609000E-7	2.012731E-3
1.609500E-7	1.997314E-3
1.610000E-7	1.963055E-3
1.610500E-7	1.903102E-3
1.611000E-7	1.856852E-3
1.611500E-7	1.836297E-3
1.612000E-7	1.808890E-3
1.612500E-7	1.771205E-3
1.613000E-7	1.764353E-3
1.613500E-7	1.786621E-3
1.614000E-7	1.814029E-3
1.614500E-7	1.851714E-3
1.615000E-7	1.908241E-3
1.615500E-7	1.983611E-3
1.616000E-7	2.069258E-3
1.616500E-7	2.148054E-3
1.617000E-7	2.206294E-3
1.617500E-7	2.245692E-3
1.618000E-7	2.261109E-3
1.618500E-7	2.238840E-3
1.619000E-7	2.172035E-3
1.619500E-7	2.065832E-3
1.620000E-7	1.920232E-3
1.620500E-7	1.762640E-3
1.621000E-7	1.625604E-3
1.621500E-7	1.509124E-3
1.622000E-7	1.409772E-3
1.622500E-7	1.358384E-3
1.623000E-7	1.354958E-3
1.623500E-7	1.378939E-3
1.624000E-7	1.435467E-3
1.624500E-7	1.522827E-3
1.625000E-7	1.625604E-3
1.625500E-7	1.726668E-3
1.626000E-7	1.839723E-3
1.626500E-7	1.949352E-3
1.627000E-7	2.028147E-3
1.627500E-7	2.065832E-3
1.628000E-7	2.079536E-3
1.628500E-7	2.064119E-3
1.629000E-7	2.011018E-3
1.629500E-7	1.921945E-3
1.630000E-7	1.803751E-3
1.630500E-7	1.663289E-3
1.631000E-7	1.517688E-3
1.631500E-7	1.380652E-3
1.632000E-7	1.243616E-3
1.632500E-7	1.116858E-3
1.633000E-7	1.026072E-3
1.633500E-7	9.763961E-4
1.634000E-7	9.695443E-4
1.634500E-7	1.002090E-3
1.635000E-7	1.082599E-3
1.635500E-7	1.199080E-3
1.636000E-7	1.324125E-3
1.636500E-7	1.450883E-3
1.637000E-7	1.570790E-3
1.637500E-7	1.676993E-3
1.638000E-7	1.755788E-3
1.638500E-7	1.800325E-3
1.639000E-7	1.822593E-3
1.639500E-7	1.829445E-3
1.640000E-7	1.815742E-3
1.640500E-7	1.791760E-3
1.641000E-7	1.764353E-3
1.641500E-7	1.735233E-3
1.642000E-7	1.711252E-3
1.642500E-7	1.690696E-3
1.643000E-7	1.673567E-3
1.643500E-7	1.656437E-3
1.644000E-7	1.646160E-3
1.644500E-7	1.622178E-3
1.645000E-7	1.582780E-3
1.645500E-7	1.557086E-3
1.646000E-7	1.545096E-3
1.646500E-7	1.522827E-3
1.647000E-7	1.500559E-3
1.647500E-7	1.510837E-3
1.648000E-7	1.527966E-3
1.648500E-7	1.522827E-3
1.649000E-7	1.531392E-3
1.649500E-7	1.569077E-3
1.650000E-7	1.598197E-3
1.650500E-7	1.611901E-3
1.651000E-7	1.629030E-3
1.651500E-7	1.647873E-3
1.652000E-7	1.668428E-3
1.652500E-7	1.699261E-3
1.653000E-7	1.748937E-3
1.653500E-7	1.814029E-3
1.654000E-7	1.884260E-3
1.654500E-7	1.957916E-3
1.655000E-7	2.036712E-3
1.655500E-7	2.112082E-3
1.656000E-7	2.170322E-3
1.656500E-7	2.206294E-3
1.657000E-7	2.228563E-3
1.657500E-7	2.216572E-3
1.658000E-7	2.173748E-3
1.658500E-7	2.108656E-3
1.659000E-7	2.026434E-3
1.659500E-7	1.920232E-3
1.660000E-7	1.807177E-3
1.660500E-7	1.709539E-3
1.661000E-7	1.617039E-3
1.661500E-7	1.539957E-3
1.662000E-7	1.493707E-3
1.662500E-7	1.481716E-3
1.663000E-7	1.497133E-3
1.663500E-7	1.550234E-3
1.664000E-7	1.632456E-3
1.664500E-7	1.702687E-3
1.665000E-7	1.748937E-3
1.665500E-7	1.802038E-3
1.666000E-7	1.853427E-3
1.666500E-7	1.875695E-3
1.667000E-7	1.879121E-3
1.667500E-7	1.875695E-3
1.668000E-7	1.863704E-3
1.668500E-7	1.838010E-3
1.669000E-7	1.808890E-3
1.669500E-7	1.786621E-3
1.670000E-7	1.779770E-3
1.670500E-7	1.791760E-3
1.671000E-7	1.796899E-3
1.671500E-7	1.796899E-3
1.672000E-7	1.803751E-3
1.672500E-7	1.815742E-3
1.673000E-7	1.824306E-3
1.673500E-7	1.848288E-3
1.674000E-7	1.884260E-3
1.674500E-7	1.911667E-3
1.675000E-7	1.920232E-3
1.675500E-7	1.925370E-3
1.676000E-7	1.903102E-3
1.676500E-7	1.867130E-3
1.677000E-7	1.850001E-3
1.677500E-7	1.841436E-3
1.678000E-7	1.814029E-3
1.678500E-7	1.788334E-3
1.679000E-7	1.778057E-3
1.679500E-7	1.766066E-3
1.680000E-7	1.747224E-3
1.680500E-7	1.735233E-3
1.681000E-7	1.728381E-3
1.681500E-7	1.711252E-3
1.682000E-7	1.692409E-3
1.682500E-7	1.666715E-3
1.683000E-7	1.632456E-3
1.683500E-7	1.594771E-3
1.684000E-7	1.557086E-3
1.684500E-7	1.515975E-3
1.685000E-7	1.474865E-3
1.685500E-7	1.442319E-3
1.686000E-7	1.423476E-3
1.686500E-7	1.411485E-3
1.687000E-7	1.404634E-3
1.687500E-7	1.409772E-3
1.688000E-7	1.413198E-3
1.688500E-7	1.394356E-3
1.689000E-7	1.368662E-3
1.689500E-7	1.330977E-3
1.690000E-7	1.283014E-3
1.690500E-7	1.236764E-3
1.691000E-7	1.212783E-3
1.691500E-7	1.193941E-3
1.692000E-7	1.185376E-3
1.692500E-7	1.219635E-3
1.693000E-7	1.284727E-3
1.693500E-7	1.358384E-3
1.694000E-7	1.471439E-3
1.694500E-7	1.627317E-3
1.695000E-7	1.784909E-3
1.695500E-7	1.904815E-3
1.696000E-7	2.004166E-3
1.696500E-7	2.088101E-3
1.697000E-7	2.136063E-3
1.697500E-7	2.137776E-3
1.698000E-7	2.091527E-3
1.698500E-7	2.011018E-3
1.699000E-7	1.911667E-3
1.699500E-7	1.786621E-3
1.700000E-7	1.641021E-3
1.700500E-7	1.507411E-3
1.701000E-7	1.416624E-3
1.701500E-7	1.349819E-3
1.702000E-7	1.293292E-3
1.702500E-7	1.291579E-3
1.703000E-7	1.353245E-3
1.703500E-7	1.435467E-3
1.704000E-7	1.521114E-3
1.704500E-7	1.630743E-3
1.705000E-7	1.755788E-3
1.705500E-7	1.872269E-3
1.706000E-7	1.980185E-3
1.706500E-7	2.055555E-3
1.707000E-7	2.070971E-3
1.707500E-7	2.053842E-3
1.708000E-7	2.028147E-3
1.708500E-7	1.975046E-3
1.709000E-7	1.896250E-3
1.709500E-7	1.836297E-3
1.710000E-7	1.817455E-3
1.710500E-7	1.815742E-3
1.711000E-7	1.831158E-3
1.711500E-7	1.889398E-3
1.712000E-7	1.980185E-3
1.712500E-7	2.077823E-3
1.713000E-7	2.172035E-3
1.713500E-7	2.255970E-3
1.714000E-7	2.319349E-3
1.714500E-7	2.346756E-3
1.715000E-7	2.324488E-3
1.715500E-7	2.255970E-3
1.716000E-7	2.168609E-3
1.716500E-7	2.086388E-3
1.717000E-7	1.997314E-3
1.717500E-7	1.899676E-3
1.718000E-7	1.810603E-3
1.718500E-7	1.747224E-3
1.719000E-7	1.721529E-3
1.719500E-7	1.735233E-3
1.720000E-7	1.759214E-3
1.720500E-7	1.778057E-3
1.721000E-7	1.808890E-3
1.721500E-7	1.844862E-3
1.722000E-7	1.863704E-3
1.722500E-7	1.867130E-3
1.723000E-7	1.865417E-3
1.723500E-7	1.843149E-3
1.724000E-7	1.803751E-3
1.724500E-7	1.762640E-3
1.725000E-7	1.711252E-3
1.725500E-7	1.647873E-3
1.726000E-7	1.584493E-3
1.726500E-7	1.526253E-3
1.727000E-7	1.471439E-3
1.727500E-7	1.430328E-3
1.728000E-7	1.402921E-3
1.728500E-7	1.392643E-3
1.729000E-7	1.399495E-3
1.729500E-7	1.426902E-3
1.730000E-7	1.471439E-3
1.730500E-7	1.545096E-3
1.731000E-7	1.644447E-3
1.731500E-7	1.752362E-3
1.732000E-7	1.867130E-3
1.732500E-7	1.976759E-3
1.733000E-7	2.067545E-3
1.733500E-7	2.129211E-3
1.734000E-7	2.154906E-3
1.734500E-7	2.139489E-3
1.735000E-7	2.094952E-3
1.735500E-7	2.031573E-3
1.736000E-7	1.954491E-3
1.736500E-7	1.877408E-3
1.737000E-7	1.810603E-3
1.737500E-7	1.740372E-3
1.738000E-7	1.666715E-3
1.738500E-7	1.610188E-3
1.739000E-7	1.577642E-3
1.739500E-7	1.553660E-3
1.740000E-7	1.527966E-3
1.740500E-7	1.512549E-3
1.741000E-7	1.490281E-3
1.741500E-7	1.452596E-3
1.742000E-7	1.408059E-3
1.742500E-7	1.354958E-3
1.743000E-7	1.293292E-3
1.743500E-7	1.223061E-3
1.744000E-7	1.166534E-3
1.744500E-7	1.142552E-3
1.745000E-7	1.139126E-3
1.745500E-7	1.137413E-3
1.746000E-7	1.139126E-3
1.746500E-7	1.157969E-3
1.747000E-7	1.197367E-3
1.747500E-7	1.252181E-3
1.748000E-7	1.306995E-3
1.748500E-7	1.349819E-3
1.749000E-7	1.385791E-3
1.749500E-7	1.432041E-3
1.750000E-7	1.474865E-3
1.750500E-7	1.507411E-3
1.751000E-7	1.531392E-3
1.751500E-7	1.560512E-3
1.752000E-7	1.587919E-3
1.752500E-7	1.599910E-3
1.753000E-7	1.594771E-3
1.753500E-7	1.589632E-3
1.754000E-7	1.598197E-3
1.754500E-7	1.606762E-3
1.755000E-7	1.608475E-3
1.755500E-7	1.617039E-3
1.756000E-7	1.630743E-3
1.756500E-7	1.647873E-3
1.757000E-7	1.676993E-3
1.757500E-7	1.712965E-3
1.758000E-7	1.745511E-3
1.758500E-7	1.784909E-3
1.759000E-7	1.832871E-3
1.759500E-7	1.873982E-3
1.760000E-7	1.904815E-3
1.760500E-7	1.928796E-3
1.761000E-7	1.942500E-3
1.761500E-7	1.954491E-3
1.762000E-7	1.964768E-3
1.762500E-7	1.961342E-3
1.763000E-7	1.945926E-3
1.763500E-7	1.920232E-3
1.764000E-7	1.875695E-3
1.764500E-7	1.817455E-3
1.765000E-7	1.771205E-3
1.765500E-7	1.730094E-3
1.766000E-7	1.675280E-3
1.766500E-7	1.613614E-3
1.767000E-7	1.582780E-3
1.767500E-7	1.563938E-3
1.768000E-7	1.529679E-3
1.768500E-7	1.483429E-3
1.769000E-7	1.442319E-3
1.769500E-7	1.396069E-3
1.770000E-7	1.337829E-3
1.770500E-7	1.281301E-3
1.771000E-7	1.238477E-3
1.771500E-7	1.209357E-3
1.772000E-7	1.188802E-3
1.772500E-7	1.176811E-3
1.773000E-7	1.175098E-3
1.773500E-7	1.175098E-3
1.774000E-7	1.181950E-3
1.774500E-7	1.192228E-3
1.775000E-7	1.209357E-3
1.775500E-7	1.224774E-3
1.776000E-7	1.247042E-3
1.776500E-7	1.289866E-3
1.777000E-7	1.349819E-3
1.777500E-7	1.408059E-3
1.778000E-7	1.450883E-3
1.778500E-7	1.500559E-3
1.779000E-7	1.562225E-3
1.779500E-7	1.620465E-3
1.780000E-7	1.666715E-3
1.780500E-7	1.723242E-3
1.781000E-7	1.786621E-3
1.781500E-7	1.838010E-3
1.782000E-7	1.868843E-3
1.782500E-7	1.894537E-3
1.783000E-7	1.916806E-3
1.783500E-7	1.925370E-3
1.784000E-7	1.901389E-3
1.784500E-7	1.868843E-3
1.785000E-7	1.838010E-3
1.785500E-7	1.796899E-3
1.786000E-7	1.736946E-3
1.786500E-7	1.678706E-3
1.787000E-7	1.637595E-3
1.787500E-7	1.613614E-3
1.788000E-7	1.610188E-3
1.788500E-7	1.606762E-3
1.789000E-7	1.603336E-3
1.789500E-7	1.610188E-3
1.790000E-7	1.629030E-3
1.790500E-7	1.625604E-3
1.791000E-7	1.617039E-3
1.791500E-7	1.629030E-3
1.792000E-7	1.641021E-3
1.792500E-7	1.627317E-3
1.793000E-7	1.603336E-3
1.793500E-7	1.577642E-3
1.794000E-7	1.527966E-3
1.794500E-7	1.462874E-3
1.795000E-7	1.411485E-3
1.795500E-7	1.372088E-3
1.796000E-7	1.346393E-3
1.796500E-7	1.348106E-3
1.797000E-7	1.372088E-3
1.797500E-7	1.397782E-3
1.798000E-7	1.428615E-3
1.798500E-7	1.474865E-3
1.799000E-7	1.519401E-3
1.799500E-7	1.541670E-3
1.800000E-7	1.541670E-3
1.800500E-7	1.527966E-3
1.801000E-7	1.500559E-3
1.801500E-7	1.469726E-3
1.802000E-7	1.444031E-3
1.802500E-7	1.423476E-3
1.803000E-7	1.423476E-3
1.803500E-7	1.454309E-3
1.804000E-7	1.500559E-3
1.804500E-7	1.560512E-3
1.805000E-7	1.635882E-3
1.805500E-7	1.721529E-3
1.806000E-7	1.808890E-3
1.806500E-7	1.903102E-3
1.807000E-7	1.985324E-3
1.807500E-7	2.038425E-3
1.808000E-7	2.072684E-3
1.808500E-7	2.094952E-3
1.809000E-7	2.093240E-3
1.809500E-7	2.064119E-3
1.810000E-7	2.019583E-3
1.810500E-7	1.975046E-3
1.811000E-7	1.928796E-3
1.811500E-7	1.887686E-3
1.812000E-7	1.865417E-3
1.812500E-7	1.851714E-3
1.813000E-7	1.827732E-3
1.813500E-7	1.800325E-3
1.814000E-7	1.796899E-3
1.814500E-7	1.793473E-3
1.815000E-7	1.771205E-3
1.815500E-7	1.759214E-3
1.816000E-7	1.778057E-3
1.816500E-7	1.796899E-3
1.817000E-7	1.796899E-3
1.817500E-7	1.795186E-3
1.818000E-7	1.786621E-3
1.818500E-7	1.755788E-3
1.819000E-7	1.711252E-3
1.819500E-7	1.658150E-3
1.820000E-7	1.596484E-3
1.820500E-7	1.538244E-3
1.821000E-7	1.488568E-3
1.821500E-7	1.437180E-3
1.822000E-7	1.394356E-3
1.822500E-7	1.377226E-3
1.823000E-7	1.380652E-3
1.823500E-7	1.390930E-3
1.824000E-7	1.418337E-3
1.824500E-7	1.449170E-3
1.825000E-7	1.474865E-3
1.825500E-7	1.503985E-3
1.826000E-7	1.538244E-3
1.826500E-7	1.557086E-3
1.827000E-7	1.558799E-3
1.827500E-7	1.536531E-3
1.828000E-7	1.471439E-3
1.828500E-7	1.392643E-3
1.829000E-7	1.334403E-3
1.829500E-7	1.283014E-3
1.830000E-7	1.221348E-3
1.830500E-7	1.183663E-3
1.831000E-7	1.190515E-3
1.831500E-7	1.221348E-3
1.832000E-7	1.260746E-3
1.832500E-7	1.303570E-3
1.833000E-7	1.339541E-3
1.833500E-7	1.365236E-3
1.834000E-7	1.396069E-3
1.834500E-7	1.428615E-3
1.835000E-7	1.444031E-3
1.835500E-7	1.442319E-3
1.836000E-7	1.425189E-3
1.836500E-7	1.409772E-3
1.837000E-7	1.413198E-3
1.837500E-7	1.423476E-3
1.838000E-7	1.420050E-3
1.838500E-7	1.423476E-3
1.839000E-7	1.452596E-3
1.839500E-7	1.480003E-3
1.840000E-7	1.476578E-3
1.840500E-7	1.462874E-3
1.841000E-7	1.452596E-3
1.841500E-7	1.433754E-3
1.842000E-7	1.397782E-3
1.842500E-7	1.349819E-3
1.843000E-7	1.295005E-3
1.843500E-7	1.247042E-3
1.844000E-7	1.221348E-3
1.844500E-7	1.216209E-3
1.845000E-7	1.219635E-3
1.845500E-7	1.248755E-3
1.846000E-7	1.305282E-3
1.846500E-7	1.356671E-3
1.847000E-7	1.401208E-3
1.847500E-7	1.454309E-3
1.848000E-7	1.505698E-3
1.848500E-7	1.521114E-3
1.849000E-7	1.519401E-3
1.849500E-7	1.512549E-3
1.850000E-7	1.500559E-3
1.850500E-7	1.469726E-3
1.851000E-7	1.435467E-3
1.851500E-7	1.409772E-3
1.852000E-7	1.396069E-3
1.852500E-7	1.378939E-3
1.853000E-7	1.375513E-3
1.853500E-7	1.397782E-3
1.854000E-7	1.426902E-3
1.854500E-7	1.444031E-3
1.855000E-7	1.471439E-3
1.855500E-7	1.527966E-3
1.856000E-7	1.594771E-3
1.856500E-7	1.661576E-3
1.857000E-7	1.736946E-3
1.857500E-7	1.793473E-3
1.858000E-7	1.820880E-3
1.858500E-7	1.829445E-3
1.859000E-7	1.832871E-3
1.859500E-7	1.802038E-3
1.860000E-7	1.731807E-3
1.860500E-7	1.641021E-3
1.861000E-7	1.539957E-3
1.861500E-7	1.432041E-3
1.862000E-7	1.325838E-3
1.862500E-7	1.223061E-3
1.863000E-7	1.120284E-3
1.863500E-7	1.034636E-3
1.864000E-7	9.729702E-4
1.864500E-7	9.404241E-4
1.865000E-7	9.387112E-4
1.865500E-7	9.712572E-4
1.866000E-7	1.010655E-3
1.866500E-7	1.041488E-3
1.867000E-7	1.082599E-3
1.867500E-7	1.135700E-3
1.868000E-7	1.175098E-3
1.868500E-7	1.193941E-3
1.869000E-7	1.207644E-3
1.869500E-7	1.219635E-3
1.870000E-7	1.224774E-3
1.870500E-7	1.235052E-3
1.871000E-7	1.267598E-3
1.871500E-7	1.315560E-3
1.872000E-7	1.380652E-3
1.872500E-7	1.464587E-3
1.873000E-7	1.562225E-3
1.873500E-7	1.665002E-3
1.874000E-7	1.779770E-3
1.874500E-7	1.880834E-3
1.875000E-7	1.959629E-3
1.875500E-7	2.012731E-3
1.876000E-7	2.045277E-3
1.876500E-7	2.052129E-3
1.877000E-7	2.043564E-3
1.877500E-7	2.023009E-3
1.878000E-7	1.988750E-3
1.878500E-7	1.937361E-3
1.879000E-7	1.865417E-3
1.879500E-7	1.790047E-3
1.880000E-7	1.724955E-3
1.880500E-7	1.654724E-3
1.881000E-7	1.560512E-3
1.881500E-7	1.464587E-3
1.882000E-7	1.404634E-3
1.882500E-7	1.375513E-3
1.883000E-7	1.365236E-3
1.883500E-7	1.389217E-3
1.884000E-7	1.447457E-3
1.884500E-7	1.524540E-3
1.885000E-7	1.627317E-3
1.885500E-7	1.750650E-3
1.886000E-7	1.873982E-3
1.886500E-7	1.990463E-3
1.887000E-7	2.084675E-3
1.887500E-7	2.137776E-3
1.888000E-7	2.148054E-3
1.888500E-7	2.124073E-3
1.889000E-7	2.062406E-3
1.889500E-7	1.968194E-3
1.890000E-7	1.865417E-3
1.890500E-7	1.760927E-3
1.891000E-7	1.647873E-3
1.891500E-7	1.560512E-3
1.892000E-7	1.517688E-3
1.892500E-7	1.498846E-3
1.893000E-7	1.495420E-3
1.893500E-7	1.522827E-3
1.894000E-7	1.575929E-3
1.894500E-7	1.630743E-3
1.895000E-7	1.685557E-3
1.895500E-7	1.731807E-3
1.896000E-7	1.740372E-3
1.896500E-7	1.726668E-3
1.897000E-7	1.707826E-3
1.897500E-7	1.671854E-3
1.898000E-7	1.613614E-3
1.898500E-7	1.538244E-3
1.899000E-7	1.454309E-3
1.899500E-7	1.363523E-3
1.900000E-7	1.288153E-3
1.900500E-7	1.224774E-3
1.901000E-7	1.163108E-3
1.901500E-7	1.123710E-3
1.902000E-7	1.116858E-3
1.902500E-7	1.123710E-3
1.903000E-7	1.140839E-3
1.903500E-7	1.181950E-3
1.904000E-7	1.231626E-3
1.904500E-7	1.281301E-3
1.905000E-7	1.318986E-3
1.905500E-7	1.344680E-3
1.906000E-7	1.363523E-3
1.906500E-7	1.380652E-3
1.907000E-7	1.382365E-3
1.907500E-7	1.366949E-3
1.908000E-7	1.366949E-3
1.908500E-7	1.378939E-3
1.909000E-7	1.377226E-3
1.909500E-7	1.366949E-3
1.910000E-7	1.377226E-3
1.910500E-7	1.385791E-3
1.911000E-7	1.390930E-3
1.911500E-7	1.414911E-3
1.912000E-7	1.437180E-3
1.912500E-7	1.440606E-3
1.913000E-7	1.449170E-3
1.913500E-7	1.481716E-3
1.914000E-7	1.515975E-3
1.914500E-7	1.534818E-3
1.915000E-7	1.546808E-3
1.915500E-7	1.560512E-3
1.916000E-7	1.565651E-3
1.916500E-7	1.569077E-3
1.917000E-7	1.569077E-3
1.917500E-7	1.550234E-3
1.918000E-7	1.510837E-3
1.918500E-7	1.473152E-3
1.919000E-7	1.444031E-3
1.919500E-7	1.414911E-3
1.920000E-7	1.389217E-3
1.920500E-7	1.373800E-3
1.921000E-7	1.377226E-3
1.921500E-7	1.406347E-3
1.922000E-7	1.452596E-3
1.922500E-7	1.498846E-3
1.923000E-7	1.545096E-3
1.923500E-7	1.596484E-3
1.924000E-7	1.634169E-3
1.924500E-7	1.627317E-3
1.925000E-7	1.584493E-3
1.925500E-7	1.522827E-3
1.926000E-7	1.447457E-3
1.926500E-7	1.349819E-3
1.927000E-7	1.241903E-3
1.927500E-7	1.149404E-3
1.928000E-7	1.091164E-3
1.928500E-7	1.062044E-3
1.929000E-7	1.067182E-3
1.929500E-7	1.118571E-3
1.930000E-7	1.204218E-3
1.930500E-7	1.303570E-3
1.931000E-7	1.423476E-3
1.931500E-7	1.545096E-3
1.932000E-7	1.630743E-3
1.932500E-7	1.680419E-3
1.933000E-7	1.716391E-3
1.933500E-7	1.706113E-3
1.934000E-7	1.649585E-3
1.934500E-7	1.587919E-3
1.935000E-7	1.522827E-3
1.935500E-7	1.432041E-3
1.936000E-7	1.353245E-3
1.936500E-7	1.308708E-3
1.937000E-7	1.289866E-3
1.937500E-7	1.298431E-3
1.938000E-7	1.341254E-3
1.938500E-7	1.401208E-3
1.939000E-7	1.454309E-3
1.939500E-7	1.497133E-3
1.940000E-7	1.529679E-3
1.940500E-7	1.548521E-3
1.941000E-7	1.541670E-3
1.941500E-7	1.495420E-3
1.942000E-7	1.413198E-3
1.942500E-7	1.310421E-3
1.943000E-7	1.192228E-3
1.943500E-7	1.070608E-3
1.944000E-7	9.661184E-4
1.944500E-7	8.753320E-4
1.945000E-7	7.965363E-4
1.945500E-7	7.588514E-4
1.946000E-7	7.725550E-4
1.946500E-7	8.119529E-4
1.947000E-7	8.564896E-4
1.947500E-7	9.061651E-4
1.948000E-7	9.592666E-4
1.948500E-7	1.019220E-3
1.949000E-7	1.082599E-3
1.949500E-7	1.135700E-3
1.950000E-7	1.183663E-3
1.950500E-7	1.240190E-3
1.951000E-7	1.303570E-3
1.951500E-7	1.353245E-3
1.952000E-7	1.392643E-3
1.952500E-7	1.433754E-3
1.953000E-7	1.464587E-3
1.953500E-7	1.485142E-3
1.954000E-7	1.503985E-3
1.954500E-7	1.515975E-3
1.955000E-7	1.498846E-3
1.955500E-7	1.450883E-3
1.956000E-7	1.396069E-3
1.956500E-7	1.337829E-3
1.957000E-7	1.260746E-3
1.957500E-7	1.181950E-3
1.958000E-7	1.135700E-3
1.958500E-7	1.113432E-3
1.959000E-7	1.094590E-3
1.959500E-7	1.084312E-3
1.960000E-7	1.103154E-3
1.960500E-7	1.149404E-3
1.961000E-7	1.214496E-3
1.961500E-7	1.272736E-3
1.962000E-7	1.325838E-3
1.962500E-7	1.377226E-3
1.963000E-7	1.408059E-3
1.963500E-7	1.404634E-3
1.964000E-7	1.375513E-3
1.964500E-7	1.325838E-3
1.965000E-7	1.259033E-3
1.965500E-7	1.168246E-3
1.966000E-7	1.062044E-3
1.966500E-7	9.661184E-4
1.967000E-7	9.044522E-4
1.967500E-7	8.650543E-4
1.968000E-7	8.393601E-4
1.968500E-7	8.427860E-4
1.969000E-7	8.856097E-4
1.969500E-7	9.472759E-4
1.970000E-7	1.017507E-3
1.970500E-7	1.103154E-3
1.971000E-7	1.185376E-3
1.971500E-7	1.250468E-3
1.972000E-7	1.296718E-3
1.972500E-7	1.320699E-3
1.973000E-7	1.325838E-3
1.973500E-7	1.318986E-3
1.974000E-7	1.300144E-3
1.974500E-7	1.264172E-3
1.975000E-7	1.217922E-3
1.975500E-7	1.169959E-3
1.976000E-7	1.116858E-3
1.976500E-7	1.074034E-3
1.977000E-7	1.058618E-3
1.977500E-7	1.062044E-3
1.978000E-7	1.087738E-3
1.978500E-7	1.132275E-3
1.979000E-7	1.175098E-3
1.979500E-7	1.204218E-3
1.980000E-7	1.229913E-3
1.980500E-7	1.267598E-3
1.981000E-7	1.308708E-3
1.981500E-7	1.341254E-3
1.982000E-7	1.353245E-3
1.982500E-7	1.348106E-3
1.983000E-7	1.353245E-3
1.983500E-7	1.354958E-3
1.984000E-7	1.341254E-3
1.984500E-7	1.315560E-3
1.985000E-7	1.301857E-3
1.985500E-7	1.296718E-3
1.986000E-7	1.289866E-3
1.986500E-7	1.291579E-3
1.987000E-7	1.306995E-3
1.987500E-7	1.327551E-3
1.988000E-7	1.353245E-3
1.988500E-7	1.396069E-3
1.989000E-7	1.447457E-3
1.989500E-7	1.485142E-3
1.990000E-7	1.502272E-3
1.990500E-7	1.510837E-3
1.991000E-7	1.512549E-3
1.991500E-7	1.488568E-3
1.992000E-7	1.437180E-3
1.992500E-7	1.384078E-3
1.993000E-7	1.332690E-3
1.993500E-7	1.265885E-3
1.994000E-7	1.200793E-3
1.994500E-7	1.159682E-3
1.995000E-7	1.130562E-3
1.995500E-7	1.099728E-3
1.996000E-7	1.098016E-3
1.996500E-7	1.137413E-3
1.997000E-7	1.195654E-3
1.997500E-7	1.250468E-3
1.998000E-7	1.306995E-3
1.998500E-7	1.363523E-3
1.999000E-7	1.421763E-3
1.999500E-7	1.478290E-3
2.000000E-7	1.509124E-3
