 1 7:56:51 PM 3.3345733e-05 2.4694674e-07 1.0177064e+09 12677.742
 2 7:57:56 PM 3.4088602e-05 2.5455407e-07 1.0174599e+09 8594.6195
 3 7:59:01 PM 3.6841836e-05 2.769304e-07 1.0148173e+09 6646.3946
 4 8:00:07 PM 3.8041396e-05 3.239872e-07 1.0155201e+09 11534.901
 5 8:01:11 PM 3.7225479e-05 2.991665e-07 1.0162098e+09 10313.102
 6 8:02:16 PM 3.5637309e-05 2.4871376e-07 1.0155072e+09 6609.2228
 7 8:03:21 PM 3.4880492e-05 2.7772225e-07 1.0169801e+09 11200.73
 8 8:04:25 PM 3.4835247e-05 1.0042774e-06 1.0152204e+09 8772.1516
 9 8:05:29 PM 3.7885148e-05 3.4537645e-07 1.0158226e+09 11219.178
 10 8:06:34 PM 3.8553462e-05 3.4100588e-07 1.0160261e+09 13656.92
 11 8:07:38 PM 3.6219271e-05 2.8692962e-07 1.0161294e+09 6276.7122
 12 8:08:43 PM 3.5542012e-05 2.5921512e-07 1.0169593e+09 11138.437
 13 8:09:47 PM 3.565963e-05 2.9127248e-07 1.0152437e+09 11034.272
 14 8:10:53 PM 3.7164148e-05 3.251533e-07 1.015297e+09 14265.949
 15 8:11:57 PM 4.0844286e-05 3.2858409e-07 1.0155042e+09 7319.4064
 16 8:13:03 PM 3.9908797e-05 3.381526e-07 1.0140015e+09 10243.033