
 1 6:25:32 PM 9.8858841e-05 1.6050835e-06 7.6195119e+08 19528.021 7.1047224e-08 3.1956546e-06
 2 6:26:35 PM 9.6919183e-05 3.2180711e-06 7.6248539e+08 20151.253 7.1239105e-08 6.3308736e-06
 3 6:27:41 PM 9.8064034e-05 6.2892715e-07 7.6325376e+08 20392.114 2.6651324e-12 NaN
 4 6:28:43 PM 9.5446501e-05 3.5011761e-06 7.6321265e+08 20100.194 3.3939968e-08 7.0789606e-06
 5 6:29:46 PM 9.4682583e-05 3.3436083e-06 7.6161393e+08 20212.264 6.7849542e-08 6.6722823e-06
 6 6:30:49 PM 9.7751623e-05 1.7985607e-06 7.6195241e+08 20651.485 7.2450438e-08 3.58452e-06
 7 6:31:52 PM 9.5299993e-05 3.3181292e-06 7.6463909e+08 20073.515 8.9040852e-08 6.6972122e-06
 8 6:32:58 PM 9.724638e-05 3.2168602e-06 7.6337584e+08 20259.256 1.9026278e-06 6.0153432e-06
 9 6:34:03 PM 0.00010244204 7.3370838e-07 7.6345886e+08 20329.427 1.4578155e-08 NaN
 10 6:35:07 PM 9.2174034e-05 3.1541655e-06 7.6192734e+08 20476.243 8.6816129e-08 6.3004459e-06