Study Name	PremaTech_CVD_SiC_HeandSi
Sample Name	2025-10-11
Run Name	spot02
Operator	Keshav
Date	10/11/2025
Time	11:17
Sign	NEG
Grating Spacing	06.40um
Channel	3
Number Traces	10000
Files in Batch	1
Batch Number	46
dt	50.000001E-12
time stamp (ms)	12:06:07 PM
	
Time	Amplitude
0.000000E+0	-9.729688E-4
5.000000E-11	-9.455616E-4
1.000000E-10	-8.873213E-4
1.500000E-10	-8.102386E-4
2.000000E-10	-7.348688E-4
2.500000E-10	-6.714896E-4
3.000000E-10	-6.235270E-4
3.500000E-10	-6.012587E-4
4.000000E-10	-6.081105E-4
4.500000E-10	-6.149623E-4
5.000000E-10	-6.115364E-4
5.500000E-10	-6.201011E-4
6.000000E-10	-6.492213E-4
6.500000E-10	-6.869062E-4
7.000000E-10	-7.263040E-4
7.500000E-10	-7.485724E-4
8.000000E-10	-7.417206E-4
8.500000E-10	-7.194522E-4
9.000000E-10	-7.057486E-4
9.500000E-10	-6.937580E-4
1.000000E-9	-6.800544E-4
1.050000E-9	-6.714896E-4
1.100000E-9	-6.646378E-4
1.150000E-9	-6.732026E-4
1.200000E-9	-7.143134E-4
1.250000E-9	-7.537112E-4
1.300000E-9	-7.794055E-4
1.350000E-9	-8.239422E-4
1.400000E-9	-8.838954E-4
1.450000E-9	-9.250062E-4
1.500000E-9	-9.575523E-4
1.550000E-9	-9.866724E-4
1.600000E-9	-1.000376E-3
1.650000E-9	-1.002089E-3
1.700000E-9	-1.002089E-3
1.750000E-9	-9.661170E-4
1.800000E-9	-8.958861E-4
1.850000E-9	-8.307940E-4
1.900000E-9	-7.691278E-4
1.950000E-9	-6.766285E-4
2.000000E-9	-5.824162E-4
2.050000E-9	-5.276018E-4
2.100000E-9	-4.916298E-4
2.150000E-9	-4.419543E-4
2.200000E-9	-3.957046E-4
2.250000E-9	-3.631586E-4
2.300000E-9	-3.511679E-4
2.350000E-9	-3.648715E-4
2.400000E-9	-4.008435E-4
2.450000E-9	-4.453802E-4
2.500000E-9	-4.882039E-4
2.550000E-9	-5.310277E-4
2.600000E-9	-5.704255E-4
2.650000E-9	-6.252400E-4
2.700000E-9	-6.869062E-4
2.750000E-9	-7.331558E-4
2.800000E-9	-7.657019E-4
2.850000E-9	-8.050997E-4
2.900000E-9	-8.273681E-4
2.950000E-9	-8.136645E-4
3.000000E-9	-7.896832E-4
3.050000E-9	-7.879702E-4
3.100000E-9	-7.811184E-4
3.150000E-9	-7.451465E-4
3.200000E-9	-6.920450E-4
3.250000E-9	-6.252400E-4
3.300000E-9	-5.481572E-4
3.350000E-9	-4.727874E-4
3.400000E-9	-4.128341E-4
3.450000E-9	-3.837140E-4
3.500000E-9	-3.957046E-4
3.550000E-9	-4.282507E-4
3.600000E-9	-4.676485E-4
3.650000E-9	-5.190370E-4
3.700000E-9	-5.772773E-4
3.750000E-9	-6.252400E-4
3.800000E-9	-6.629249E-4
3.850000E-9	-6.903321E-4
3.900000E-9	-7.126004E-4
3.950000E-9	-7.297299E-4
4.000000E-9	-7.263040E-4
4.050000E-9	-6.937580E-4
4.100000E-9	-6.440824E-4
4.150000E-9	-5.892680E-4
4.200000E-9	-5.190370E-4
4.250000E-9	-4.385284E-4
4.300000E-9	-3.700104E-4
4.350000E-9	-3.083442E-4
4.400000E-9	-2.483909E-4
4.450000E-9	-2.192708E-4
4.500000E-9	-2.312614E-4
4.550000E-9	-2.552427E-4
4.600000E-9	-2.860758E-4
4.650000E-9	-3.306125E-4
4.700000E-9	-3.768622E-4
4.750000E-9	-4.213989E-4
4.800000E-9	-4.693615E-4
4.850000E-9	-5.019075E-4
4.900000E-9	-5.104723E-4
4.950000E-9	-5.173241E-4
5.000000E-9	-5.241759E-4
5.050000E-9	-5.087593E-4
5.100000E-9	-4.933428E-4
5.150000E-9	-5.104723E-4
5.200000E-9	-5.498701E-4
5.250000E-9	-5.738514E-4
5.300000E-9	-5.807032E-4
5.350000E-9	-6.029716E-4
5.400000E-9	-6.235270E-4
5.450000E-9	-6.166752E-4
5.500000E-9	-5.789903E-4
5.550000E-9	-5.413054E-4
5.600000E-9	-5.104723E-4
5.650000E-9	-4.830651E-4
5.700000E-9	-4.659356E-4
5.750000E-9	-4.710744E-4
5.800000E-9	-4.967687E-4
5.850000E-9	-5.224629E-4
5.900000E-9	-5.498701E-4
5.950000E-9	-5.841291E-4
6.000000E-9	-6.201011E-4
6.050000E-9	-6.355177E-4
6.100000E-9	-6.252400E-4
6.150000E-9	-6.081105E-4
6.200000E-9	-5.704255E-4
6.250000E-9	-4.916298E-4
6.300000E-9	-3.922787E-4
6.350000E-9	-2.877888E-4
6.400000E-9	-1.867247E-4
6.450000E-9	-1.010772E-4
6.500000E-9	-6.339233E-5
6.550000E-9	-7.538298E-5
6.600000E-9	-1.096420E-4
6.650000E-9	-1.661693E-4
6.700000E-9	-2.723722E-4
6.750000E-9	-4.128341E-4
6.800000E-9	-5.395924E-4
6.850000E-9	-6.475083E-4
6.900000E-9	-7.417206E-4
6.950000E-9	-8.119515E-4
7.000000E-9	-8.307940E-4
7.050000E-9	-8.085256E-4
7.100000E-9	-7.742666E-4
7.150000E-9	-7.434335E-4
7.200000E-9	-7.057486E-4
7.250000E-9	-6.509342E-4
7.300000E-9	-5.909809E-4
7.350000E-9	-5.378795E-4
7.400000E-9	-4.864910E-4
7.450000E-9	-4.316766E-4
7.500000E-9	-3.974176E-4
7.550000E-9	-4.076953E-4
7.600000E-9	-4.385284E-4
7.650000E-9	-4.573708E-4
7.700000E-9	-4.693615E-4
7.750000E-9	-4.864910E-4
7.800000E-9	-5.036205E-4
7.850000E-9	-5.036205E-4
7.900000E-9	-4.864910E-4
7.950000E-9	-4.522320E-4
8.000000E-9	-3.957046E-4
8.050000E-9	-3.203348E-4
8.100000E-9	-2.398262E-4
8.150000E-9	-1.815859E-4
8.200000E-9	-1.576046E-4
8.250000E-9	-1.781600E-4
8.300000E-9	-2.466780E-4
8.350000E-9	-3.614456E-4
8.400000E-9	-4.864910E-4
8.450000E-9	-5.892680E-4
8.500000E-9	-6.663508E-4
8.550000E-9	-7.126004E-4
8.600000E-9	-7.160263E-4
8.650000E-9	-6.680637E-4
8.700000E-9	-5.755644E-4
8.750000E-9	-4.522320E-4
8.800000E-9	-3.134830E-4
8.850000E-9	-1.815859E-4
8.900000E-9	-8.052183E-5
8.950000E-9	-2.913333E-5
9.000000E-9	-3.941103E-5
9.050000E-9	-1.045031E-4
9.100000E-9	-2.004283E-4
9.150000E-9	-3.151960E-4
9.200000E-9	-4.351025E-4
9.250000E-9	-5.430183E-4
9.300000E-9	-6.372306E-4
9.350000E-9	-7.211652E-4
9.400000E-9	-7.794055E-4
9.450000E-9	-7.896832E-4
9.500000E-9	-7.519983E-4
9.550000E-9	-6.834803E-4
9.600000E-9	-5.978327E-4
9.650000E-9	-4.967687E-4
9.700000E-9	-3.922787E-4
9.750000E-9	-2.895017E-4
9.800000E-9	-1.850118E-4
9.850000E-9	-9.079953E-5
9.900000E-9	-3.255923E-5
9.950000E-9	-1.714268E-5
1.000000E-8	-2.742038E-5
1.005000E-8	-6.167938E-5
1.010000E-8	-1.301974E-4
1.015000E-8	-2.192708E-4
1.020000E-8	-3.151960E-4
1.025000E-8	-4.179730E-4
1.030000E-8	-5.344536E-4
1.035000E-8	-6.543601E-4
1.040000E-8	-7.674148E-4
1.045000E-8	-8.684789E-4
1.050000E-8	-9.387098E-4
1.055000E-8	-9.575523E-4
1.060000E-8	-9.301451E-4
1.065000E-8	-8.599141E-4
1.070000E-8	-7.519983E-4
1.075000E-8	-6.252400E-4
1.080000E-8	-5.104723E-4
1.085000E-8	-4.196859E-4
1.090000E-8	-3.580197E-4
1.095000E-8	-3.374643E-4
1.100000E-8	-3.460291E-4
1.105000E-8	-3.563068E-4
1.110000E-8	-3.751492E-4
1.115000E-8	-4.196859E-4
1.120000E-8	-4.659356E-4
1.125000E-8	-4.950557E-4
1.130000E-8	-5.207500E-4
1.135000E-8	-5.515831E-4
1.140000E-8	-5.635737E-4
1.145000E-8	-5.515831E-4
1.150000E-8	-5.447313E-4
1.155000E-8	-5.515831E-4
1.160000E-8	-5.687126E-4
1.165000E-8	-5.995457E-4
1.170000E-8	-6.560731E-4
1.175000E-8	-7.143134E-4
1.180000E-8	-7.502853E-4
1.185000E-8	-7.554242E-4
1.190000E-8	-7.639889E-4
1.195000E-8	-7.828314E-4
1.200000E-8	-7.948220E-4
1.205000E-8	-7.845443E-4
1.210000E-8	-7.657019E-4
1.215000E-8	-7.417206E-4
1.220000E-8	-6.971839E-4
1.225000E-8	-6.269529E-4
1.230000E-8	-5.601478E-4
1.235000E-8	-5.138982E-4
1.240000E-8	-4.830651E-4
1.245000E-8	-4.488061E-4
1.250000E-8	-4.111212E-4
1.255000E-8	-3.802881E-4
1.260000E-8	-3.460291E-4
1.265000E-8	-2.895017E-4
1.270000E-8	-2.209837E-4
1.275000E-8	-1.695952E-4
1.280000E-8	-1.353362E-4
1.285000E-8	-1.096420E-4
1.290000E-8	-9.936428E-5
1.295000E-8	-1.027902E-4
1.300000E-8	-1.199197E-4
1.305000E-8	-1.490398E-4
1.310000E-8	-2.055672E-4
1.315000E-8	-2.620945E-4
1.320000E-8	-3.151960E-4
1.325000E-8	-3.751492E-4
1.330000E-8	-4.573708E-4
1.335000E-8	-5.601478E-4
1.340000E-8	-6.697767E-4
1.345000E-8	-7.708407E-4
1.350000E-8	-8.530623E-4
1.355000E-8	-9.027379E-4
1.360000E-8	-9.318580E-4
1.365000E-8	-9.626911E-4
1.370000E-8	-9.746818E-4
1.375000E-8	-9.284321E-4
1.380000E-8	-8.582012E-4
1.385000E-8	-8.119515E-4
1.390000E-8	-7.537112E-4
1.395000E-8	-6.372306E-4
1.400000E-8	-5.241759E-4
1.405000E-8	-4.813521E-4
1.410000E-8	-4.659356E-4
1.415000E-8	-4.436672E-4
1.420000E-8	-4.470931E-4
1.425000E-8	-4.847780E-4
1.430000E-8	-5.498701E-4
1.435000E-8	-6.663508E-4
1.440000E-8	-7.999609E-4
1.445000E-8	-8.907472E-4
1.450000E-8	-9.626911E-4
1.455000E-8	-1.050052E-3
1.460000E-8	-1.103153E-3
1.465000E-8	-1.091162E-3
1.470000E-8	-1.031209E-3
1.475000E-8	-9.250062E-4
1.480000E-8	-7.708407E-4
1.485000E-8	-6.235270E-4
1.490000E-8	-4.967687E-4
1.495000E-8	-3.408902E-4
1.500000E-8	-1.524657E-4
1.505000E-8	-8.577932E-6
1.510000E-8	4.794942E-5
1.515000E-8	2.396812E-5
1.520000E-8	-6.339233E-5
1.525000E-8	-1.935765E-4
1.530000E-8	-3.494550E-4
1.535000E-8	-5.258888E-4
1.540000E-8	-7.126004E-4
1.545000E-8	-8.719048E-4
1.550000E-8	-9.678300E-4
1.555000E-8	-1.014080E-3
1.560000E-8	-1.026070E-3
1.565000E-8	-9.644041E-4
1.570000E-8	-8.085256E-4
1.575000E-8	-5.978327E-4
1.580000E-8	-4.059823E-4
1.585000E-8	-2.535298E-4
1.590000E-8	-1.199197E-4
1.595000E-8	5.125668E-6
1.600000E-8	9.591202E-5
1.605000E-8	1.250322E-4
1.610000E-8	1.010509E-4
1.615000E-8	3.767172E-5
1.620000E-8	-6.510528E-5
1.625000E-8	-1.901506E-4
1.630000E-8	-3.186219E-4
1.635000E-8	-4.573708E-4
1.640000E-8	-5.858421E-4
1.645000E-8	-6.766285E-4
1.650000E-8	-7.519983E-4
1.655000E-8	-8.290810E-4
1.660000E-8	-8.496364E-4
1.665000E-8	-7.811184E-4
1.670000E-8	-6.834803E-4
1.675000E-8	-5.995457E-4
1.680000E-8	-4.796392E-4
1.685000E-8	-3.323255E-4
1.690000E-8	-2.295485E-4
1.695000E-8	-1.970024E-4
1.700000E-8	-1.764470E-4
1.705000E-8	-1.593175E-4
1.710000E-8	-1.764470E-4
1.715000E-8	-2.398262E-4
1.720000E-8	-3.169089E-4
1.725000E-8	-3.700104E-4
1.730000E-8	-3.991305E-4
1.735000E-8	-4.265377E-4
1.740000E-8	-4.625097E-4
1.745000E-8	-4.916298E-4
1.750000E-8	-4.984816E-4
1.755000E-8	-5.001946E-4
1.760000E-8	-5.121852E-4
1.765000E-8	-5.276018E-4
1.770000E-8	-5.344536E-4
1.775000E-8	-5.344536E-4
1.780000E-8	-5.447313E-4
1.785000E-8	-5.926939E-4
1.790000E-8	-6.800544E-4
1.795000E-8	-7.913961E-4
1.800000E-8	-9.284321E-4
1.805000E-8	-1.125421E-3
1.810000E-8	-1.401206E-3
1.815000E-8	-1.723241E-3
1.820000E-8	-2.041850E-3
1.825000E-8	-2.326199E-3
1.830000E-8	-2.547170E-3
1.835000E-8	-2.699622E-3
1.840000E-8	-2.800687E-3
1.845000E-8	-2.898325E-3
1.850000E-8	-3.067907E-3
1.855000E-8	-3.413923E-3
1.860000E-8	-4.049427E-3
1.865000E-8	-5.073771E-3
1.870000E-8	-6.550334E-3
1.875000E-8	-8.496245E-3
1.880000E-8	-1.083271E-2
1.885000E-8	-1.345010E-2
1.890000E-8	-1.617883E-2
1.895000E-8	-1.877395E-2
1.900000E-8	-2.099222E-2
1.905000E-8	-2.266234E-2
1.910000E-8	-2.370724E-2
1.915000E-8	-2.408580E-2
1.920000E-8	-2.381173E-2
1.925000E-8	-2.295526E-2
1.930000E-8	-2.163629E-2
1.935000E-8	-2.001412E-2
1.940000E-8	-1.829775E-2
1.945000E-8	-1.672697E-2
1.950000E-8	-1.551934E-2
1.955000E-8	-1.482902E-2
1.960000E-8	-1.468513E-2
1.965000E-8	-1.500888E-2
1.970000E-8	-1.569235E-2
1.975000E-8	-1.663790E-2
1.980000E-8	-1.768451E-2
1.985000E-8	-1.864547E-2
1.990000E-8	-1.938718E-2
1.995000E-8	-1.979829E-2
2.000000E-8	-1.982912E-2
2.005000E-8	-1.949852E-2
2.010000E-8	-1.886816E-2
2.015000E-8	-1.796372E-2
2.020000E-8	-1.680919E-2
2.025000E-8	-1.552105E-2
2.030000E-8	-1.427231E-2
2.035000E-8	-1.319658E-2
2.040000E-8	-1.237950E-2
2.045000E-8	-1.187590E-2
2.050000E-8	-1.172344E-2
2.055000E-8	-1.191872E-2
2.060000E-8	-1.239663E-2
2.065000E-8	-1.305612E-2
2.070000E-8	-1.382181E-2
2.075000E-8	-1.465430E-2
2.080000E-8	-1.545254E-2
2.085000E-8	-1.608461E-2
2.090000E-8	-1.645804E-2
2.095000E-8	-1.651628E-2
2.100000E-8	-1.626276E-2
2.105000E-8	-1.575401E-2
2.110000E-8	-1.501745E-2
2.115000E-8	-1.408218E-2
2.120000E-8	-1.301501E-2
2.125000E-8	-1.196668E-2
2.130000E-8	-1.106053E-2
2.135000E-8	-1.035651E-2
2.140000E-8	-9.902577E-3
2.145000E-8	-9.755264E-3
2.150000E-8	-9.921420E-3
2.155000E-8	-1.035308E-2
2.160000E-8	-1.097146E-2
2.165000E-8	-1.169432E-2
2.170000E-8	-1.245145E-2
2.175000E-8	-1.317602E-2
2.180000E-8	-1.378070E-2
2.185000E-8	-1.418153E-2
2.190000E-8	-1.437852E-2
2.195000E-8	-1.436139E-2
2.200000E-8	-1.404620E-2
2.205000E-8	-1.341755E-2
2.210000E-8	-1.259533E-2
2.215000E-8	-1.169090E-2
2.220000E-8	-1.073336E-2
2.225000E-8	-9.779245E-3
2.230000E-8	-8.957029E-3
2.235000E-8	-8.355784E-3
2.240000E-8	-8.008055E-3
2.245000E-8	-7.934398E-3
2.250000E-8	-8.157081E-3
2.255000E-8	-8.633281E-3
2.260000E-8	-9.296193E-3
2.265000E-8	-1.008072E-2
2.270000E-8	-1.090123E-2
2.275000E-8	-1.165835E-2
2.280000E-8	-1.227844E-2
2.285000E-8	-1.270839E-2
2.290000E-8	-1.288140E-2
2.295000E-8	-1.274950E-2
2.300000E-8	-1.232983E-2
2.305000E-8	-1.168405E-2
2.310000E-8	-1.089780E-2
2.315000E-8	-1.001906E-2
2.320000E-8	-9.114620E-3
2.325000E-8	-8.316386E-3
2.330000E-8	-7.740834E-3
2.335000E-8	-7.411948E-3
2.340000E-8	-7.302319E-3
2.345000E-8	-7.432503E-3
2.350000E-8	-7.792223E-3
2.355000E-8	-8.336941E-3
2.360000E-8	-9.015269E-3
2.365000E-8	-9.727857E-3
2.370000E-8	-1.033767E-2
2.375000E-8	-1.077789E-2
2.380000E-8	-1.104512E-2
2.385000E-8	-1.110849E-2
2.390000E-8	-1.092007E-2
2.395000E-8	-1.050211E-2
2.400000E-8	-9.900864E-3
2.405000E-8	-9.157444E-3
2.410000E-8	-8.321525E-3
2.415000E-8	-7.502734E-3
2.420000E-8	-6.810703E-3
2.425000E-8	-6.281401E-3
2.430000E-8	-5.942237E-3
2.435000E-8	-5.851451E-3
2.440000E-8	-6.060430E-3
2.445000E-8	-6.555473E-3
2.450000E-8	-7.266347E-3
2.455000E-8	-8.134813E-3
2.460000E-8	-9.078648E-3
2.465000E-8	-9.983086E-3
2.470000E-8	-1.074192E-2
2.475000E-8	-1.130891E-2
2.480000E-8	-1.164122E-2
2.485000E-8	-1.171659E-2
2.490000E-8	-1.151275E-2
2.495000E-8	-1.106910E-2
2.500000E-8	-1.042674E-2
2.505000E-8	-9.643922E-3
2.510000E-8	-8.784021E-3
2.515000E-8	-7.951527E-3
2.520000E-8	-7.259496E-3
2.525000E-8	-6.781582E-3
2.530000E-8	-6.555473E-3
2.535000E-8	-6.613713E-3
2.540000E-8	-6.937461E-3
2.545000E-8	-7.463337E-3
2.550000E-8	-8.105693E-3
2.555000E-8	-8.801151E-3
2.560000E-8	-9.486331E-3
2.565000E-8	-1.006188E-2
2.570000E-8	-1.044730E-2
2.575000E-8	-1.060489E-2
2.580000E-8	-1.051924E-2
2.585000E-8	-1.018008E-2
2.590000E-8	-9.630218E-3
2.595000E-8	-8.934761E-3
2.600000E-8	-8.146804E-3
2.605000E-8	-7.326301E-3
2.610000E-8	-6.564038E-3
2.615000E-8	-5.950802E-3
2.620000E-8	-5.543120E-3
2.625000E-8	-5.366686E-3
2.630000E-8	-5.421500E-3
2.635000E-8	-5.716128E-3
2.640000E-8	-6.223161E-3
2.645000E-8	-6.870656E-3
2.650000E-8	-7.567827E-3
2.655000E-8	-8.232451E-3
2.660000E-8	-8.796012E-3
2.665000E-8	-9.201981E-3
2.670000E-8	-9.410961E-3
2.675000E-8	-9.388692E-3
2.680000E-8	-9.123185E-3
2.685000E-8	-8.650411E-3
2.690000E-8	-8.026897E-3
2.695000E-8	-7.295467E-3
2.700000E-8	-6.536631E-3
2.705000E-8	-5.858302E-3
2.710000E-8	-5.327288E-3
2.715000E-8	-4.969281E-3
2.720000E-8	-4.832245E-3
2.725000E-8	-4.947013E-3
2.730000E-8	-5.291316E-3
2.735000E-8	-5.820617E-3
2.740000E-8	-6.476677E-3
2.745000E-8	-7.194403E-3
2.750000E-8	-7.884722E-3
2.755000E-8	-8.467125E-3
2.760000E-8	-8.888511E-3
2.765000E-8	-9.114620E-3
2.770000E-8	-9.082074E-3
2.775000E-8	-8.785734E-3
2.780000E-8	-8.287266E-3
2.785000E-8	-7.668891E-3
2.790000E-8	-6.971720E-3
2.795000E-8	-6.242003E-3
2.800000E-8	-5.539694E-3
2.805000E-8	-4.950439E-3
2.810000E-8	-4.537618E-3
2.815000E-8	-4.320073E-3
2.820000E-8	-4.299518E-3
2.825000E-8	-4.482803E-3
2.830000E-8	-4.854514E-3
2.835000E-8	-5.349556E-3
2.840000E-8	-5.913117E-3
2.845000E-8	-6.507510E-3
2.850000E-8	-7.047090E-3
2.855000E-8	-7.439355E-3
2.860000E-8	-7.667178E-3
2.865000E-8	-7.715140E-3
2.870000E-8	-7.557549E-3
2.875000E-8	-7.201255E-3
2.880000E-8	-6.704500E-3
2.885000E-8	-6.101541E-3
2.890000E-8	-5.438630E-3
2.895000E-8	-4.780857E-3
2.900000E-8	-4.201880E-3
2.905000E-8	-3.759939E-3
2.910000E-8	-3.514987E-3
2.915000E-8	-3.485867E-3
2.920000E-8	-3.660587E-3
2.925000E-8	-4.025446E-3
2.930000E-8	-4.544470E-3
2.935000E-8	-5.147428E-3
2.940000E-8	-5.776081E-3
2.945000E-8	-6.367049E-3
2.950000E-8	-6.824406E-3
2.955000E-8	-7.074497E-3
2.960000E-8	-7.124172E-3
2.965000E-8	-6.990562E-3
2.970000E-8	-6.675380E-3
2.975000E-8	-6.209457E-3
2.980000E-8	-5.651035E-3
2.985000E-8	-5.041225E-3
2.990000E-8	-4.441693E-3
2.995000E-8	-3.927808E-3
3.000000E-8	-3.540681E-3
3.005000E-8	-3.297442E-3
3.010000E-8	-3.222072E-3
3.015000E-8	-3.323136E-3
3.020000E-8	-3.574940E-3
3.025000E-8	-3.951789E-3
3.030000E-8	-4.434841E-3
3.035000E-8	-4.943587E-3
3.040000E-8	-5.407796E-3
3.045000E-8	-5.786358E-3
3.050000E-8	-6.048440E-3
3.055000E-8	-6.130661E-3
3.060000E-8	-6.029597E-3
3.065000E-8	-5.801775E-3
3.070000E-8	-5.440343E-3
3.075000E-8	-4.935022E-3
3.080000E-8	-4.345767E-3
3.085000E-8	-3.761651E-3
3.090000E-8	-3.242628E-3
3.095000E-8	-2.840084E-3
3.100000E-8	-2.572864E-3
3.105000E-8	-2.454671E-3
3.110000E-8	-2.524902E-3
3.115000E-8	-2.773279E-3
3.120000E-8	-3.160406E-3
3.125000E-8	-3.646884E-3
3.130000E-8	-4.186463E-3
3.135000E-8	-4.715765E-3
3.140000E-8	-5.188539E-3
3.145000E-8	-5.573953E-3
3.150000E-8	-5.824043E-3
3.155000E-8	-5.895987E-3
3.160000E-8	-5.801775E-3
3.165000E-8	-5.556823E-3
3.170000E-8	-5.179974E-3
3.175000E-8	-4.726042E-3
3.180000E-8	-4.244703E-3
3.185000E-8	-3.768503E-3
3.190000E-8	-3.338553E-3
3.195000E-8	-3.018231E-3
3.200000E-8	-2.834946E-3
3.205000E-8	-2.805825E-3
3.210000E-8	-2.939435E-3
3.215000E-8	-3.198091E-3
3.220000E-8	-3.535542E-3
3.225000E-8	-3.903826E-3
3.230000E-8	-4.277249E-3
3.235000E-8	-4.609562E-3
3.240000E-8	-4.859652E-3
3.245000E-8	-4.982985E-3
3.250000E-8	-4.960717E-3
3.255000E-8	-4.818542E-3
3.260000E-8	-4.570164E-3
3.265000E-8	-4.224148E-3
3.270000E-8	-3.811327E-3
3.275000E-8	-3.391654E-3
3.280000E-8	-3.013092E-3
3.285000E-8	-2.709900E-3
3.290000E-8	-2.497494E-3
3.295000E-8	-2.382727E-3
3.300000E-8	-2.377588E-3
3.305000E-8	-2.487217E-3
3.310000E-8	-2.701335E-3
3.315000E-8	-2.983972E-3
3.320000E-8	-3.294016E-3
3.325000E-8	-3.607486E-3
3.330000E-8	-3.907252E-3
3.335000E-8	-4.145352E-3
3.340000E-8	-4.268685E-3
3.345000E-8	-4.277249E-3
3.350000E-8	-4.196741E-3
3.355000E-8	-4.006603E-3
3.360000E-8	-3.693133E-3
3.365000E-8	-3.319710E-3
3.370000E-8	-2.941148E-3
3.375000E-8	-2.608836E-3
3.380000E-8	-2.351894E-3
3.385000E-8	-2.184024E-3
3.390000E-8	-2.110368E-3
3.395000E-8	-2.149765E-3
3.400000E-8	-2.305644E-3
3.405000E-8	-2.542031E-3
3.410000E-8	-2.840084E-3
3.415000E-8	-3.177536E-3
3.420000E-8	-3.504709E-3
3.425000E-8	-3.789059E-3
3.430000E-8	-4.011742E-3
3.435000E-8	-4.147065E-3
3.440000E-8	-4.155630E-3
3.445000E-8	-4.063131E-3
3.450000E-8	-3.895262E-3
3.455000E-8	-3.641745E-3
3.460000E-8	-3.324849E-3
3.465000E-8	-3.002815E-3
3.470000E-8	-2.708187E-3
3.475000E-8	-2.440967E-3
3.480000E-8	-2.221709E-3
3.485000E-8	-2.081247E-3
3.490000E-8	-2.024720E-3
3.495000E-8	-2.065831E-3
3.500000E-8	-2.211432E-3
3.505000E-8	-2.418699E-3
3.510000E-8	-2.629392E-3
3.515000E-8	-2.852075E-3
3.520000E-8	-3.078184E-3
3.525000E-8	-3.270035E-3
3.530000E-8	-3.412210E-3
3.535000E-8	-3.509848E-3
3.540000E-8	-3.544107E-3
3.545000E-8	-3.485867E-3
3.550000E-8	-3.336840E-3
3.555000E-8	-3.114156E-3
3.560000E-8	-2.838371E-3
3.565000E-8	-2.550596E-3
3.570000E-8	-2.279950E-3
3.575000E-8	-2.031572E-3
3.580000E-8	-1.824305E-3
3.585000E-8	-1.683843E-3
3.590000E-8	-1.639306E-3
3.595000E-8	-1.692408E-3
3.600000E-8	-1.820879E-3
3.605000E-8	-2.009304E-3
3.610000E-8	-2.249117E-3
3.615000E-8	-2.512911E-3
3.620000E-8	-2.759576E-3
3.625000E-8	-2.949713E-3
3.630000E-8	-3.069620E-3
3.635000E-8	-3.127860E-3
3.640000E-8	-3.122721E-3
3.645000E-8	-3.035361E-3
3.650000E-8	-2.877769E-3
3.655000E-8	-2.675641E-3
3.660000E-8	-2.452958E-3
3.665000E-8	-2.243978E-3
3.670000E-8	-2.081247E-3
3.675000E-8	-1.973332E-3
3.680000E-8	-1.903101E-3
3.685000E-8	-1.885971E-3
3.690000E-8	-1.935647E-3
3.695000E-8	-2.023007E-3
3.700000E-8	-2.134349E-3
3.705000E-8	-2.274811E-3
3.710000E-8	-2.406708E-3
3.715000E-8	-2.492356E-3
3.720000E-8	-2.530040E-3
3.725000E-8	-2.535179E-3
3.730000E-8	-2.507772E-3
3.735000E-8	-2.447819E-3
3.740000E-8	-2.360458E-3
3.745000E-8	-2.247404E-3
3.750000E-8	-2.124071E-3
3.755000E-8	-1.997313E-3
3.760000E-8	-1.892823E-3
3.765000E-8	-1.819166E-3
3.770000E-8	-1.784907E-3
3.775000E-8	-1.788333E-3
3.780000E-8	-1.827731E-3
3.785000E-8	-1.899675E-3
3.790000E-8	-1.990461E-3
3.795000E-8	-2.091525E-3
3.800000E-8	-2.172034E-3
3.805000E-8	-2.235413E-3
3.810000E-8	-2.279950E-3
3.815000E-8	-2.285089E-3
3.820000E-8	-2.237126E-3
3.825000E-8	-2.154904E-3
3.830000E-8	-2.064118E-3
3.835000E-8	-1.983609E-3
3.840000E-8	-1.913378E-3
3.845000E-8	-1.851712E-3
3.850000E-8	-1.796898E-3
3.855000E-8	-1.762639E-3
3.860000E-8	-1.736945E-3
3.865000E-8	-1.709537E-3
3.870000E-8	-1.682130E-3
3.875000E-8	-1.676991E-3
3.880000E-8	-1.675278E-3
3.885000E-8	-1.665001E-3
3.890000E-8	-1.671852E-3
3.895000E-8	-1.711250E-3
3.900000E-8	-1.771204E-3
3.905000E-8	-1.838009E-3
3.910000E-8	-1.933934E-3
3.915000E-8	-2.055553E-3
3.920000E-8	-2.173747E-3
3.925000E-8	-2.261107E-3
3.930000E-8	-2.322773E-3
3.935000E-8	-2.348468E-3
3.940000E-8	-2.319348E-3
3.945000E-8	-2.243978E-3
3.950000E-8	-2.134349E-3
3.955000E-8	-2.000739E-3
3.960000E-8	-1.856851E-3
3.965000E-8	-1.726667E-3
3.970000E-8	-1.603334E-3
3.975000E-8	-1.486854E-3
3.980000E-8	-1.421762E-3
3.985000E-8	-1.423475E-3
3.990000E-8	-1.459447E-3
3.995000E-8	-1.524539E-3
4.000000E-8	-1.630742E-3
4.005000E-8	-1.743796E-3
4.010000E-8	-1.838009E-3
4.015000E-8	-1.928795E-3
4.020000E-8	-2.000739E-3
4.025000E-8	-2.016155E-3
4.030000E-8	-1.980183E-3
4.035000E-8	-1.916804E-3
4.040000E-8	-1.815740E-3
4.045000E-8	-1.690695E-3
4.050000E-8	-1.582779E-3
4.055000E-8	-1.493706E-3
4.060000E-8	-1.416623E-3
4.065000E-8	-1.368660E-3
4.070000E-8	-1.348105E-3
4.075000E-8	-1.320698E-3
4.080000E-8	-1.318985E-3
4.085000E-8	-1.361808E-3
4.090000E-8	-1.411484E-3
4.095000E-8	-1.450882E-3
4.100000E-8	-1.502270E-3
4.105000E-8	-1.553659E-3
4.110000E-8	-1.575927E-3
4.115000E-8	-1.589631E-3
4.120000E-8	-1.594770E-3
4.125000E-8	-1.596483E-3
4.130000E-8	-1.605047E-3
4.135000E-8	-1.617038E-3
4.140000E-8	-1.605047E-3
4.145000E-8	-1.560511E-3
4.150000E-8	-1.509122E-3
4.155000E-8	-1.474863E-3
4.160000E-8	-1.447456E-3
4.165000E-8	-1.432039E-3
4.170000E-8	-1.442317E-3
4.175000E-8	-1.486854E-3
4.180000E-8	-1.548520E-3
4.185000E-8	-1.610186E-3
4.190000E-8	-1.671852E-3
4.195000E-8	-1.748935E-3
4.200000E-8	-1.843147E-3
4.205000E-8	-1.899675E-3
4.210000E-8	-1.901388E-3
4.215000E-8	-1.882545E-3
4.220000E-8	-1.867129E-3
4.225000E-8	-1.832870E-3
4.230000E-8	-1.762639E-3
4.235000E-8	-1.675278E-3
4.240000E-8	-1.581066E-3
4.245000E-8	-1.476576E-3
4.250000E-8	-1.372086E-3
4.255000E-8	-1.281300E-3
4.260000E-8	-1.200791E-3
4.265000E-8	-1.123708E-3
4.270000E-8	-1.055190E-3
4.275000E-8	-1.015793E-3
4.280000E-8	-1.014080E-3
4.285000E-8	-1.039774E-3
4.290000E-8	-1.084311E-3
4.295000E-8	-1.145977E-3
4.300000E-8	-1.216208E-3
4.305000E-8	-1.283013E-3
4.310000E-8	-1.330975E-3
4.315000E-8	-1.353244E-3
4.320000E-8	-1.351531E-3
4.325000E-8	-1.337827E-3
4.330000E-8	-1.318985E-3
4.335000E-8	-1.301855E-3
4.340000E-8	-1.288152E-3
4.345000E-8	-1.286439E-3
4.350000E-8	-1.298429E-3
4.355000E-8	-1.327549E-3
4.360000E-8	-1.380651E-3
4.365000E-8	-1.450882E-3
4.370000E-8	-1.514261E-3
4.375000E-8	-1.562224E-3
4.380000E-8	-1.586205E-3
4.385000E-8	-1.565650E-3
4.390000E-8	-1.502270E-3
4.395000E-8	-1.413197E-3
4.400000E-8	-1.303568E-3
4.405000E-8	-1.171671E-3
4.410000E-8	-1.039774E-3
4.415000E-8	-9.232933E-4
4.420000E-8	-8.256551E-4
4.425000E-8	-7.502853E-4
4.430000E-8	-7.074616E-4
4.435000E-8	-7.143134E-4
4.440000E-8	-7.622760E-4
4.445000E-8	-8.393587E-4
4.450000E-8	-9.438487E-4
4.455000E-8	-1.058616E-3
4.460000E-8	-1.154542E-3
4.465000E-8	-1.236763E-3
4.470000E-8	-1.324124E-3
4.475000E-8	-1.408058E-3
4.480000E-8	-1.474863E-3
4.485000E-8	-1.531391E-3
4.490000E-8	-1.594770E-3
4.495000E-8	-1.675278E-3
4.500000E-8	-1.748935E-3
4.505000E-8	-1.795185E-3
4.510000E-8	-1.817453E-3
4.515000E-8	-1.831157E-3
4.520000E-8	-1.810601E-3
4.525000E-8	-1.740370E-3
4.530000E-8	-1.635880E-3
4.535000E-8	-1.512548E-3
4.540000E-8	-1.365234E-3
4.545000E-8	-1.197365E-3
4.550000E-8	-1.024357E-3
4.555000E-8	-8.547753E-4
4.560000E-8	-6.954709E-4
4.565000E-8	-5.430183E-4
4.570000E-8	-4.076953E-4
4.575000E-8	-3.357514E-4
4.580000E-8	-3.443161E-4
4.585000E-8	-3.957046E-4
4.590000E-8	-4.745003E-4
4.595000E-8	-5.961198E-4
4.600000E-8	-7.314429E-4
4.605000E-8	-8.444976E-4
4.610000E-8	-9.352839E-4
4.615000E-8	-1.002089E-3
4.620000E-8	-1.008941E-3
4.625000E-8	-9.524134E-4
4.630000E-8	-8.564882E-4
4.635000E-8	-7.245911E-4
4.640000E-8	-5.772773E-4
4.645000E-8	-4.402413E-4
4.650000E-8	-3.151960E-4
4.655000E-8	-2.021413E-4
4.660000E-8	-1.353362E-4
4.665000E-8	-1.182067E-4
4.670000E-8	-1.387621E-4
4.675000E-8	-1.867247E-4
4.680000E-8	-2.603816E-4
4.685000E-8	-3.511679E-4
4.690000E-8	-4.539449E-4
4.695000E-8	-5.584349E-4
4.700000E-8	-6.457954E-4
4.705000E-8	-7.108875E-4
4.710000E-8	-7.571371E-4
4.715000E-8	-7.828314E-4
4.720000E-8	-7.913961E-4
4.725000E-8	-7.931091E-4
4.730000E-8	-7.931091E-4
4.735000E-8	-7.879702E-4
4.740000E-8	-7.776925E-4
4.745000E-8	-7.742666E-4
4.750000E-8	-7.845443E-4
4.755000E-8	-7.931091E-4
4.760000E-8	-7.948220E-4
4.765000E-8	-7.913961E-4
4.770000E-8	-7.999609E-4
4.775000E-8	-8.222292E-4
4.780000E-8	-8.444976E-4
4.785000E-8	-8.530623E-4
4.790000E-8	-8.530623E-4
4.795000E-8	-8.564882E-4
4.800000E-8	-8.582012E-4
4.805000E-8	-8.376458E-4
4.810000E-8	-8.033868E-4
4.815000E-8	-7.588501E-4
4.820000E-8	-7.108875E-4
4.825000E-8	-6.714896E-4
4.830000E-8	-6.423695E-4
4.835000E-8	-6.149623E-4
4.840000E-8	-6.012587E-4
4.845000E-8	-6.166752E-4
4.850000E-8	-6.406565E-4
4.855000E-8	-6.629249E-4
4.860000E-8	-6.971839E-4
4.865000E-8	-7.280170E-4
4.870000E-8	-7.417206E-4
4.875000E-8	-7.502853E-4
4.880000E-8	-7.657019E-4
4.885000E-8	-7.776925E-4
4.890000E-8	-7.759796E-4
4.895000E-8	-7.657019E-4
4.900000E-8	-7.211652E-4
4.905000E-8	-6.372306E-4
4.910000E-8	-5.395924E-4
4.915000E-8	-4.470931E-4
4.920000E-8	-3.631586E-4
4.925000E-8	-2.929276E-4
4.930000E-8	-2.432521E-4
4.935000E-8	-2.261226E-4
4.940000E-8	-2.466780E-4
4.945000E-8	-2.912147E-4
4.950000E-8	-3.408902E-4
4.955000E-8	-4.025564E-4
4.960000E-8	-4.625097E-4
4.965000E-8	-5.087593E-4
4.970000E-8	-5.635737E-4
4.975000E-8	-6.389436E-4
4.980000E-8	-7.023227E-4
4.985000E-8	-7.177393E-4
4.990000E-8	-7.006098E-4
4.995000E-8	-6.766285E-4
5.000000E-8	-6.560731E-4
5.005000E-8	-6.457954E-4
5.010000E-8	-6.526472E-4
5.015000E-8	-6.800544E-4
5.020000E-8	-7.314429E-4
5.025000E-8	-7.879702E-4
5.030000E-8	-8.325069E-4
5.035000E-8	-8.633400E-4
5.040000E-8	-8.907472E-4
5.045000E-8	-9.061638E-4
5.050000E-8	-8.821825E-4
5.055000E-8	-8.273681E-4
5.060000E-8	-7.502853E-4
5.065000E-8	-6.526472E-4
5.070000E-8	-5.344536E-4
5.075000E-8	-4.059823E-4
5.080000E-8	-2.809370E-4
5.085000E-8	-1.730211E-4
5.090000E-8	-9.936428E-5
5.095000E-8	-7.195708E-5
5.100000E-8	-9.422543E-5
5.105000E-8	-1.593175E-4
5.110000E-8	-2.295485E-4
5.115000E-8	-2.860758E-4
5.120000E-8	-3.323255E-4
5.125000E-8	-3.768622E-4
5.130000E-8	-4.042694E-4
5.135000E-8	-4.145471E-4
5.140000E-8	-4.282507E-4
5.145000E-8	-4.590838E-4
5.150000E-8	-4.933428E-4
5.155000E-8	-5.344536E-4
5.160000E-8	-5.858421E-4
5.165000E-8	-6.440824E-4
5.170000E-8	-7.126004E-4
5.175000E-8	-7.862573E-4
5.180000E-8	-8.342199E-4
5.185000E-8	-8.530623E-4
5.190000E-8	-8.427846E-4
5.195000E-8	-8.085256E-4
5.200000E-8	-7.382947E-4
5.205000E-8	-6.423695E-4
5.210000E-8	-5.361665E-4
5.215000E-8	-4.213989E-4
5.220000E-8	-2.895017E-4
5.225000E-8	-1.524657E-4
5.230000E-8	-4.112398E-5
5.235000E-8	2.739402E-5
5.240000E-8	5.480122E-5
5.245000E-8	5.137532E-5
5.250000E-8	1.711632E-5
5.255000E-8	-5.482758E-5
5.260000E-8	-1.627434E-4
5.265000E-8	-2.877888E-4
5.270000E-8	-4.248248E-4
5.275000E-8	-5.635737E-4
5.280000E-8	-6.869062E-4
5.285000E-8	-7.776925E-4
5.290000E-8	-8.205163E-4
5.295000E-8	-8.050997E-4
5.300000E-8	-7.348688E-4
5.305000E-8	-6.320918E-4
5.310000E-8	-5.104723E-4
5.315000E-8	-3.631586E-4
5.320000E-8	-2.004283E-4
5.325000E-8	-4.454988E-5
5.330000E-8	7.364367E-5
5.335000E-8	1.335969E-4
5.340000E-8	1.507264E-4
5.345000E-8	1.421617E-4
5.350000E-8	9.933792E-5
5.355000E-8	1.197747E-5
5.360000E-8	-9.936428E-5
5.365000E-8	-2.226967E-4
5.370000E-8	-3.443161E-4
5.375000E-8	-4.539449E-4
5.380000E-8	-5.293147E-4
5.385000E-8	-5.772773E-4
5.390000E-8	-5.824162E-4
5.395000E-8	-5.344536E-4
5.400000E-8	-4.539449E-4
5.405000E-8	-3.785751E-4
5.410000E-8	-3.134830E-4
5.415000E-8	-2.740852E-4
5.420000E-8	-2.792240E-4
5.425000E-8	-3.151960E-4
5.430000E-8	-3.614456E-4
5.435000E-8	-4.248248E-4
5.440000E-8	-5.087593E-4
5.445000E-8	-5.858421E-4
5.450000E-8	-6.492213E-4
5.455000E-8	-6.800544E-4
5.460000E-8	-6.732026E-4
5.465000E-8	-6.372306E-4
5.470000E-8	-5.807032E-4
5.475000E-8	-5.138982E-4
5.480000E-8	-4.488061E-4
5.485000E-8	-4.008435E-4
5.490000E-8	-3.597327E-4
5.495000E-8	-3.117701E-4
5.500000E-8	-2.689463E-4
5.505000E-8	-2.518168E-4
5.510000E-8	-2.569557E-4
5.515000E-8	-2.672334E-4
5.520000E-8	-2.775111E-4
5.525000E-8	-2.877888E-4
5.530000E-8	-2.997794E-4
5.535000E-8	-3.203348E-4
5.540000E-8	-3.306125E-4
5.545000E-8	-3.169089E-4
5.550000E-8	-3.049183E-4
5.555000E-8	-3.134830E-4
5.560000E-8	-3.271866E-4
5.565000E-8	-3.288996E-4
5.570000E-8	-3.288996E-4
5.575000E-8	-3.340384E-4
5.580000E-8	-3.408902E-4
5.585000E-8	-3.614456E-4
5.590000E-8	-3.974176E-4
5.595000E-8	-4.282507E-4
5.600000E-8	-4.419543E-4
5.605000E-8	-4.316766E-4
5.610000E-8	-3.974176E-4
5.615000E-8	-3.477420E-4
5.620000E-8	-2.895017E-4
5.625000E-8	-2.261226E-4
5.630000E-8	-1.730211E-4
5.635000E-8	-1.439010E-4
5.640000E-8	-1.319103E-4
5.645000E-8	-1.250585E-4
5.650000E-8	-1.301974E-4
5.655000E-8	-1.524657E-4
5.660000E-8	-1.781600E-4
5.665000E-8	-1.901506E-4
5.670000E-8	-1.884377E-4
5.675000E-8	-1.747341E-4
5.680000E-8	-1.558916E-4
5.685000E-8	-1.353362E-4
5.690000E-8	-1.130679E-4
5.695000E-8	-9.422543E-5
5.700000E-8	-9.079953E-5
5.705000E-8	-8.737363E-5
5.710000E-8	-9.251248E-5
5.715000E-8	-1.233456E-4
5.720000E-8	-1.815859E-4
5.725000E-8	-2.501039E-4
5.730000E-8	-3.254737E-4
5.735000E-8	-4.094082E-4
5.740000E-8	-4.762133E-4
5.745000E-8	-4.984816E-4
5.750000E-8	-4.950557E-4
5.755000E-8	-4.933428E-4
5.760000E-8	-5.019075E-4
5.765000E-8	-5.001946E-4
5.770000E-8	-4.882039E-4
5.775000E-8	-4.762133E-4
5.780000E-8	-4.505190E-4
5.785000E-8	-4.076953E-4
5.790000E-8	-3.648715E-4
5.795000E-8	-3.288996E-4
5.800000E-8	-2.946406E-4
5.805000E-8	-2.655204E-4
5.810000E-8	-2.466780E-4
5.815000E-8	-2.329744E-4
5.820000E-8	-2.141319E-4
5.825000E-8	-1.884377E-4
5.830000E-8	-1.593175E-4
5.835000E-8	-1.250585E-4
5.840000E-8	-8.223478E-5
5.845000E-8	-2.056858E-5
5.850000E-8	4.623647E-5
5.855000E-8	9.762497E-5
5.860000E-8	1.353099E-4
5.865000E-8	1.627171E-4
5.870000E-8	1.849854E-4
5.875000E-8	1.866984E-4
5.880000E-8	1.507264E-4
5.885000E-8	8.734727E-5
5.890000E-8	2.054222E-5
5.895000E-8	-4.968873E-5
5.900000E-8	-1.199197E-4
5.905000E-8	-1.781600E-4
5.910000E-8	-2.141319E-4
5.915000E-8	-2.501039E-4
5.920000E-8	-3.014924E-4
5.925000E-8	-3.477420E-4
5.930000E-8	-3.871399E-4
5.935000E-8	-4.316766E-4
5.940000E-8	-4.950557E-4
5.945000E-8	-5.652867E-4
5.950000E-8	-6.269529E-4
5.955000E-8	-6.834803E-4
5.960000E-8	-7.382947E-4
5.965000E-8	-7.862573E-4
5.970000E-8	-8.102386E-4
5.975000E-8	-8.033868E-4
5.980000E-8	-7.708407E-4
5.985000E-8	-7.006098E-4
5.990000E-8	-5.875550E-4
5.995000E-8	-4.488061E-4
6.000000E-8	-3.049183E-4
6.005000E-8	-1.627434E-4
6.010000E-8	-3.427218E-5
6.015000E-8	5.651417E-5
6.020000E-8	1.113286E-4
6.025000E-8	1.318840E-4
6.030000E-8	1.113286E-4
6.035000E-8	5.308827E-5
6.040000E-8	-8.577932E-6
6.045000E-8	-5.140168E-5
6.050000E-8	-9.593838E-5
6.055000E-8	-1.524657E-4
6.060000E-8	-2.072801E-4
6.065000E-8	-2.364003E-4
6.070000E-8	-2.466780E-4
6.075000E-8	-2.586686E-4
6.080000E-8	-2.689463E-4
6.085000E-8	-2.792240E-4
6.090000E-8	-2.963535E-4
6.095000E-8	-3.288996E-4
6.100000E-8	-3.700104E-4
6.105000E-8	-4.094082E-4
6.110000E-8	-4.505190E-4
6.115000E-8	-4.762133E-4
6.120000E-8	-4.813521E-4
6.125000E-8	-4.676485E-4
6.130000E-8	-4.333895E-4
6.135000E-8	-3.905658E-4
6.140000E-8	-3.545938E-4
6.145000E-8	-3.169089E-4
6.150000E-8	-2.552427E-4
6.155000E-8	-1.867247E-4
6.160000E-8	-1.319103E-4
6.165000E-8	-7.367003E-5
6.170000E-8	-5.152032E-6
6.175000E-8	4.452352E-5
6.180000E-8	7.535662E-5
6.185000E-8	1.044768E-4
6.190000E-8	1.147545E-4
6.195000E-8	9.933792E-5
6.200000E-8	6.507892E-5
6.205000E-8	6.838618E-6
6.210000E-8	-8.223478E-5
6.215000E-8	-1.661693E-4
6.220000E-8	-2.244096E-4
6.225000E-8	-2.620945E-4
6.230000E-8	-2.757981E-4
6.235000E-8	-2.569557E-4
6.240000E-8	-2.124190E-4
6.245000E-8	-1.524657E-4
6.250000E-8	-8.223478E-5
6.255000E-8	-3.598513E-5
6.260000E-8	-2.228153E-5
6.265000E-8	-1.885563E-5
6.270000E-8	-3.941103E-5
6.275000E-8	-1.045031E-4
6.280000E-8	-1.850118E-4
6.285000E-8	-2.603816E-4
6.290000E-8	-3.545938E-4
6.295000E-8	-4.659356E-4
6.300000E-8	-5.498701E-4
6.305000E-8	-6.012587E-4
6.310000E-8	-6.475083E-4
6.315000E-8	-6.869062E-4
6.320000E-8	-6.920450E-4
6.325000E-8	-6.629249E-4
6.330000E-8	-6.183882E-4
6.335000E-8	-5.550090E-4
6.340000E-8	-4.659356E-4
6.345000E-8	-3.820010E-4
6.350000E-8	-3.169089E-4
6.355000E-8	-2.603816E-4
6.360000E-8	-2.089931E-4
6.365000E-8	-1.678823E-4
6.370000E-8	-1.593175E-4
6.375000E-8	-1.815859E-4
6.380000E-8	-2.346873E-4
6.385000E-8	-3.100571E-4
6.390000E-8	-4.059823E-4
6.395000E-8	-5.121852E-4
6.400000E-8	-6.012587E-4
6.405000E-8	-6.526472E-4
6.410000E-8	-6.629249E-4
6.415000E-8	-6.492213E-4
6.420000E-8	-6.183882E-4
6.425000E-8	-5.669996E-4
6.430000E-8	-5.001946E-4
6.435000E-8	-4.368154E-4
6.440000E-8	-3.717233E-4
6.445000E-8	-2.997794E-4
6.450000E-8	-2.415391E-4
6.455000E-8	-2.124190E-4
6.460000E-8	-1.935765E-4
6.465000E-8	-1.952895E-4
6.470000E-8	-2.295485E-4
6.475000E-8	-2.723722E-4
6.480000E-8	-3.100571E-4
6.485000E-8	-3.477420E-4
6.490000E-8	-3.700104E-4
6.495000E-8	-3.443161E-4
6.500000E-8	-2.843629E-4
6.505000E-8	-2.107060E-4
6.510000E-8	-1.353362E-4
6.515000E-8	-6.681823E-5
6.520000E-8	-1.885563E-5
6.525000E-8	1.882927E-5
6.530000E-8	5.994007E-5
6.535000E-8	8.392137E-5
6.540000E-8	7.364367E-5
6.545000E-8	3.424582E-5
6.550000E-8	-3.439082E-6
6.555000E-8	-3.598513E-5
6.560000E-8	-6.339233E-5
6.565000E-8	-8.223478E-5
6.570000E-8	-8.908658E-5
6.575000E-8	-8.394773E-5
6.580000E-8	-6.510528E-5
6.585000E-8	-3.941103E-5
6.590000E-8	-1.200383E-5
6.595000E-8	1.026452E-5
6.600000E-8	2.739402E-5
6.605000E-8	2.910697E-5
6.610000E-8	1.882927E-5
6.615000E-8	-8.577932E-6
6.620000E-8	-5.482758E-5
6.625000E-8	-1.182067E-4
6.630000E-8	-1.935765E-4
6.635000E-8	-2.569557E-4
6.640000E-8	-2.843629E-4
6.645000E-8	-2.929276E-4
6.650000E-8	-3.186219E-4
6.655000E-8	-3.477420E-4
6.660000E-8	-3.460291E-4
6.665000E-8	-3.254737E-4
6.670000E-8	-3.203348E-4
6.675000E-8	-3.288996E-4
6.680000E-8	-3.271866E-4
6.685000E-8	-3.169089E-4
6.690000E-8	-3.134830E-4
6.695000E-8	-3.169089E-4
6.700000E-8	-3.014924E-4
6.705000E-8	-2.655204E-4
6.710000E-8	-2.175578E-4
6.715000E-8	-1.558916E-4
6.720000E-8	-7.880888E-5
6.725000E-8	-1.726132E-6
6.730000E-8	5.994007E-5
6.735000E-8	1.027638E-4
6.740000E-8	1.387358E-4
6.745000E-8	1.575782E-4
6.750000E-8	1.592912E-4
6.755000E-8	1.524394E-4
6.760000E-8	1.524394E-4
6.765000E-8	1.524394E-4
6.770000E-8	1.490135E-4
6.775000E-8	1.455876E-4
6.780000E-8	1.421617E-4
6.785000E-8	1.610041E-4
6.790000E-8	2.072538E-4
6.795000E-8	2.552164E-4
6.800000E-8	2.689200E-4
6.805000E-8	2.535034E-4
6.810000E-8	2.380869E-4
6.815000E-8	2.192444E-4
6.820000E-8	1.952631E-4
6.825000E-8	1.798466E-4
6.830000E-8	1.678559E-4
6.835000E-8	1.455876E-4
6.840000E-8	1.027638E-4
6.845000E-8	4.966237E-5
6.850000E-8	-1.200383E-5
6.855000E-8	-8.223478E-5
6.860000E-8	-1.473269E-4
6.865000E-8	-1.935765E-4
6.870000E-8	-2.107060E-4
6.875000E-8	-2.141319E-4
6.880000E-8	-2.209837E-4
6.885000E-8	-2.175578E-4
6.890000E-8	-1.884377E-4
6.895000E-8	-1.490398E-4
6.900000E-8	-1.130679E-4
6.905000E-8	-7.367003E-5
6.910000E-8	-3.598513E-5
6.915000E-8	-8.577932E-6
6.920000E-8	3.412718E-6
6.925000E-8	6.838618E-6
6.930000E-8	8.551568E-6
6.935000E-8	1.540337E-5
6.940000E-8	1.369042E-5
6.945000E-8	-1.029088E-5
6.950000E-8	-2.913333E-5
6.955000E-8	-2.913333E-5
6.960000E-8	-3.255923E-5
6.965000E-8	-4.454988E-5
6.970000E-8	-4.112398E-5
6.975000E-8	-2.913333E-5
6.980000E-8	-2.570743E-5
6.985000E-8	-2.056858E-5
6.990000E-8	-1.318176E-8
6.995000E-8	3.424582E-5
7.000000E-8	7.193072E-5
7.005000E-8	1.061897E-4
7.010000E-8	1.181804E-4
7.015000E-8	1.096156E-4
7.020000E-8	7.706957E-5
7.025000E-8	1.369042E-5
7.030000E-8	-5.654053E-5
7.035000E-8	-1.284844E-4
7.040000E-8	-2.141319E-4
7.045000E-8	-3.117701E-4
7.050000E-8	-3.871399E-4
7.055000E-8	-4.248248E-4
7.060000E-8	-4.402413E-4
7.065000E-8	-4.231118E-4
7.070000E-8	-3.802881E-4
7.075000E-8	-3.117701E-4
7.080000E-8	-2.244096E-4
7.085000E-8	-1.079290E-4
7.090000E-8	1.026452E-5
7.095000E-8	1.061897E-4
7.100000E-8	1.798466E-4
7.105000E-8	2.175315E-4
7.110000E-8	2.123926E-4
7.115000E-8	1.592912E-4
7.120000E-8	8.220842E-5
7.125000E-8	-1.542973E-5
7.130000E-8	-1.319103E-4
7.135000E-8	-2.552427E-4
7.140000E-8	-3.528809E-4
7.145000E-8	-4.145471E-4
7.150000E-8	-4.385284E-4
7.155000E-8	-4.094082E-4
7.160000E-8	-3.014924E-4
7.165000E-8	-1.387621E-4
7.170000E-8	3.253287E-5
7.175000E-8	2.004020E-4
7.180000E-8	3.665581E-4
7.185000E-8	5.035941E-4
7.190000E-8	5.841028E-4
7.195000E-8	5.978064E-4
7.200000E-8	5.498438E-4
7.205000E-8	4.487797E-4
7.210000E-8	3.168826E-4
7.215000E-8	1.644300E-4
7.220000E-8	1.711632E-5
7.225000E-8	-1.010772E-4
7.230000E-8	-1.764470E-4
7.235000E-8	-2.209837E-4
7.240000E-8	-2.398262E-4
7.245000E-8	-2.295485E-4
7.250000E-8	-1.970024E-4
7.255000E-8	-1.524657E-4
7.260000E-8	-9.251248E-5
7.265000E-8	-3.427218E-5
7.270000E-8	-1.371678E-5
7.275000E-8	-2.228153E-5
7.280000E-8	-4.283693E-5
7.285000E-8	-7.195708E-5
7.290000E-8	-1.045031E-4
7.295000E-8	-1.182067E-4
7.300000E-8	-1.096420E-4
7.305000E-8	-8.908658E-5
7.310000E-8	-5.140168E-5
7.315000E-8	8.551568E-6
7.320000E-8	7.364367E-5
7.325000E-8	1.198933E-4
7.330000E-8	1.387358E-4
7.335000E-8	1.164674E-4
7.340000E-8	6.165302E-5
7.345000E-8	-5.152032E-6
7.350000E-8	-7.538298E-5
7.355000E-8	-1.661693E-4
7.360000E-8	-2.569557E-4
7.365000E-8	-3.237607E-4
7.370000E-8	-3.597327E-4
7.375000E-8	-3.682974E-4
7.380000E-8	-3.408902E-4
7.385000E-8	-2.877888E-4
7.390000E-8	-2.261226E-4
7.395000E-8	-1.541787E-4
7.400000E-8	-7.367003E-5
7.405000E-8	-1.542973E-5
7.410000E-8	3.412718E-6
7.415000E-8	-3.439082E-6
7.420000E-8	-1.318176E-8
7.425000E-8	1.197747E-5
7.430000E-8	-5.152032E-6
7.435000E-8	-3.769808E-5
7.440000E-8	-3.255923E-5
7.445000E-8	-6.864982E-6
7.450000E-8	-6.864982E-6
7.455000E-8	-2.228153E-5
7.460000E-8	-1.542973E-5
7.465000E-8	-1.029088E-5
7.470000E-8	-3.941103E-5
7.475000E-8	-8.223478E-5
7.480000E-8	-1.164938E-4
7.485000E-8	-1.439010E-4
7.490000E-8	-1.764470E-4
7.495000E-8	-2.004283E-4
7.500000E-8	-2.209837E-4
7.505000E-8	-2.244096E-4
7.510000E-8	-2.124190E-4
7.515000E-8	-1.935765E-4
7.520000E-8	-1.678823E-4
7.525000E-8	-1.216326E-4
7.530000E-8	-6.167938E-5
7.535000E-8	-6.864982E-6
7.540000E-8	3.424582E-5
7.545000E-8	5.822712E-5
7.550000E-8	7.193072E-5
7.555000E-8	8.906022E-5
7.560000E-8	1.010509E-4
7.565000E-8	9.762497E-5
7.570000E-8	7.878252E-5
7.575000E-8	5.822712E-5
7.580000E-8	2.910697E-5
7.585000E-8	3.412718E-6
7.590000E-8	-5.152032E-6
7.595000E-8	-1.318176E-8
7.600000E-8	1.711632E-5
7.605000E-8	4.794942E-5
7.610000E-8	9.077317E-5
7.615000E-8	1.250322E-4
7.620000E-8	1.473005E-4
7.625000E-8	1.712818E-4
7.630000E-8	2.021149E-4
7.635000E-8	2.500775E-4
7.640000E-8	3.288732E-4
7.645000E-8	4.196596E-4
7.650000E-8	4.950294E-4
7.655000E-8	5.447049E-4
7.660000E-8	5.841028E-4
7.665000E-8	6.149359E-4
7.670000E-8	6.286395E-4
7.675000E-8	6.269265E-4
7.680000E-8	6.063711E-4
7.685000E-8	5.669733E-4
7.690000E-8	4.967423E-4
7.695000E-8	4.196596E-4
7.700000E-8	3.545675E-4
7.705000E-8	3.151696E-4
7.710000E-8	2.929013E-4
7.715000E-8	2.843365E-4
7.720000E-8	3.066049E-4
7.725000E-8	3.477157E-4
7.730000E-8	3.888265E-4
7.735000E-8	4.265114E-4
7.740000E-8	4.624833E-4
7.745000E-8	4.796128E-4
7.750000E-8	4.624833E-4
7.755000E-8	4.230855E-4
7.760000E-8	3.734099E-4
7.765000E-8	2.997531E-4
7.770000E-8	2.004020E-4
7.775000E-8	1.164674E-4
7.780000E-8	6.507892E-5
7.785000E-8	2.568107E-5
7.790000E-8	-1.029088E-5
7.795000E-8	-3.084628E-5
7.800000E-8	-3.255923E-5
7.805000E-8	-2.742038E-5
7.810000E-8	-2.742038E-5
7.815000E-8	-2.742038E-5
7.820000E-8	-2.570743E-5
7.825000E-8	-1.714268E-5
7.830000E-8	1.699768E-6
7.835000E-8	2.910697E-5
7.840000E-8	6.507892E-5
7.845000E-8	9.591202E-5
7.850000E-8	1.216063E-4
7.855000E-8	1.507264E-4
7.860000E-8	1.918372E-4
7.865000E-8	2.415128E-4
7.870000E-8	2.860495E-4
7.875000E-8	3.220214E-4
7.880000E-8	3.477157E-4
7.885000E-8	3.545675E-4
7.890000E-8	3.374380E-4
7.895000E-8	3.117437E-4
7.900000E-8	2.860495E-4
7.905000E-8	2.500775E-4
7.910000E-8	2.021149E-4
7.915000E-8	1.490135E-4
7.920000E-8	9.419907E-5
7.925000E-8	3.424582E-5
7.930000E-8	-2.056858E-5
7.935000E-8	-5.996643E-5
7.940000E-8	-9.251248E-5
7.945000E-8	-1.319103E-4
7.950000E-8	-1.747341E-4
7.955000E-8	-2.107060E-4
7.960000E-8	-2.501039E-4
7.965000E-8	-3.014924E-4
7.970000E-8	-3.511679E-4
7.975000E-8	-3.785751E-4
7.980000E-8	-3.871399E-4
7.985000E-8	-3.991305E-4
7.990000E-8	-4.042694E-4
7.995000E-8	-3.888528E-4
8.000000E-8	-3.665845E-4
8.005000E-8	-3.426032E-4
8.010000E-8	-3.032053E-4
8.015000E-8	-2.501039E-4
8.020000E-8	-1.970024E-4
8.025000E-8	-1.576046E-4
8.030000E-8	-1.233456E-4
8.035000E-8	-9.765133E-5
8.040000E-8	-7.709593E-5
8.045000E-8	-5.996643E-5
8.050000E-8	-6.167938E-5
8.055000E-8	-8.737363E-5
8.060000E-8	-1.216326E-4
8.065000E-8	-1.644564E-4
8.070000E-8	-2.226967E-4
8.075000E-8	-2.775111E-4
8.080000E-8	-2.980665E-4
8.085000E-8	-2.843629E-4
8.090000E-8	-2.569557E-4
8.095000E-8	-2.226967E-4
8.100000E-8	-1.832988E-4
8.105000E-8	-1.370492E-4
8.110000E-8	-1.010772E-4
8.115000E-8	-9.765133E-5
8.120000E-8	-1.387621E-4
8.125000E-8	-2.072801E-4
8.130000E-8	-2.809370E-4
8.135000E-8	-3.443161E-4
8.140000E-8	-3.905658E-4
8.145000E-8	-4.145471E-4
8.150000E-8	-4.128341E-4
8.155000E-8	-3.717233E-4
8.160000E-8	-2.860758E-4
8.165000E-8	-1.867247E-4
8.170000E-8	-1.062161E-4
8.175000E-8	-4.968873E-5
8.180000E-8	-1.714268E-5
8.185000E-8	-2.228153E-5
8.190000E-8	-6.681823E-5
8.195000E-8	-1.267715E-4
8.200000E-8	-1.884377E-4
8.205000E-8	-2.278355E-4
8.210000E-8	-2.175578E-4
8.215000E-8	-1.627434E-4
8.220000E-8	-7.024413E-5
8.225000E-8	3.938467E-5
8.230000E-8	1.575782E-4
8.235000E-8	2.757718E-4
8.240000E-8	3.734099E-4
8.245000E-8	4.402150E-4
8.250000E-8	4.590574E-4
8.255000E-8	4.299373E-4
8.260000E-8	3.511416E-4
8.265000E-8	2.278092E-4
8.270000E-8	7.878252E-5
8.275000E-8	-5.311463E-5
8.280000E-8	-1.473269E-4
8.285000E-8	-2.089931E-4
8.290000E-8	-2.312614E-4
8.295000E-8	-2.055672E-4
8.300000E-8	-1.558916E-4
8.305000E-8	-1.062161E-4
8.310000E-8	-5.482758E-5
8.315000E-8	-5.152032E-6
8.320000E-8	2.739402E-5
8.325000E-8	4.623647E-5
8.330000E-8	6.336597E-5
8.335000E-8	7.193072E-5
8.340000E-8	9.077317E-5
8.345000E-8	1.353099E-4
8.350000E-8	1.901243E-4
8.355000E-8	2.260962E-4
8.360000E-8	2.603552E-4
8.365000E-8	3.048919E-4
8.370000E-8	3.322991E-4
8.375000E-8	3.271603E-4
8.380000E-8	3.100308E-4
8.385000E-8	2.929013E-4
8.390000E-8	2.672070E-4
8.395000E-8	2.449387E-4
8.400000E-8	2.243833E-4
8.405000E-8	1.884113E-4
8.410000E-8	1.524394E-4
8.415000E-8	1.404487E-4
8.420000E-8	1.267451E-4
8.425000E-8	9.248612E-5
8.430000E-8	6.507892E-5
8.435000E-8	7.193072E-5
8.440000E-8	8.049547E-5
8.445000E-8	7.021777E-5
8.450000E-8	4.794942E-5
8.455000E-8	3.424582E-5
8.460000E-8	3.081992E-5
8.465000E-8	1.711632E-5
8.470000E-8	-1.029088E-5
8.475000E-8	-2.228153E-5
8.480000E-8	-8.577932E-6
8.485000E-8	-5.152032E-6
8.490000E-8	-2.056858E-5
8.495000E-8	-2.399448E-5
8.500000E-8	-3.439082E-6
8.505000E-8	2.225517E-5
8.510000E-8	4.452352E-5
8.515000E-8	7.535662E-5
8.520000E-8	1.147545E-4
8.525000E-8	1.575782E-4
8.530000E-8	1.901243E-4
8.535000E-8	2.055408E-4
8.540000E-8	2.158185E-4
8.545000E-8	2.295221E-4
8.550000E-8	2.449387E-4
8.555000E-8	2.620682E-4
8.560000E-8	2.757718E-4
8.565000E-8	2.689200E-4
8.570000E-8	2.312351E-4
8.575000E-8	1.729948E-4
8.580000E-8	1.284581E-4
8.585000E-8	1.010509E-4
8.590000E-8	5.651417E-5
8.595000E-8	-3.439082E-6
8.600000E-8	-5.996643E-5
8.605000E-8	-1.079290E-4
8.610000E-8	-1.644564E-4
8.615000E-8	-2.107060E-4
8.620000E-8	-2.415391E-4
8.625000E-8	-2.843629E-4
8.630000E-8	-3.323255E-4
8.635000E-8	-3.528809E-4
8.640000E-8	-3.271866E-4
8.645000E-8	-2.706593E-4
8.650000E-8	-2.141319E-4
8.655000E-8	-1.558916E-4
8.660000E-8	-9.765133E-5
8.665000E-8	-5.654053E-5
8.670000E-8	-5.311463E-5
8.675000E-8	-8.052183E-5
8.680000E-8	-1.301974E-4
8.685000E-8	-2.055672E-4
8.690000E-8	-2.826499E-4
8.695000E-8	-3.340384E-4
8.700000E-8	-3.580197E-4
8.705000E-8	-3.751492E-4
8.710000E-8	-4.111212E-4
8.715000E-8	-4.488061E-4
8.720000E-8	-4.693615E-4
8.725000E-8	-4.590838E-4
8.730000E-8	-4.265377E-4
8.735000E-8	-3.785751E-4
8.740000E-8	-3.323255E-4
8.745000E-8	-2.895017E-4
8.750000E-8	-2.449650E-4
8.755000E-8	-1.850118E-4
8.760000E-8	-1.233456E-4
8.765000E-8	-7.024413E-5
8.770000E-8	-1.542973E-5
8.775000E-8	5.137532E-5
8.780000E-8	1.335969E-4
8.785000E-8	2.243833E-4
8.790000E-8	3.031790E-4
8.795000E-8	3.648452E-4
8.800000E-8	4.265114E-4
8.805000E-8	4.761869E-4
8.810000E-8	4.847517E-4
8.815000E-8	4.556315E-4
8.820000E-8	4.247984E-4
8.825000E-8	3.956783E-4
8.830000E-8	3.511416E-4
8.835000E-8	2.980401E-4
8.840000E-8	2.500775E-4
8.845000E-8	1.918372E-4
8.850000E-8	1.233192E-4
8.855000E-8	5.308827E-5
8.860000E-8	-1.371678E-5
8.865000E-8	-7.024413E-5
8.870000E-8	-1.216326E-4
8.875000E-8	-1.695952E-4
8.880000E-8	-2.038542E-4
8.885000E-8	-2.124190E-4
8.890000E-8	-2.192708E-4
8.895000E-8	-2.432521E-4
8.900000E-8	-2.706593E-4
8.905000E-8	-2.843629E-4
8.910000E-8	-2.895017E-4
8.915000E-8	-2.929276E-4
8.920000E-8	-2.843629E-4
8.925000E-8	-2.586686E-4
8.930000E-8	-2.295485E-4
8.935000E-8	-1.935765E-4
8.940000E-8	-1.353362E-4
8.945000E-8	-6.167938E-5
8.950000E-8	-1.726132E-6
8.955000E-8	3.595877E-5
8.960000E-8	6.507892E-5
8.965000E-8	9.419907E-5
8.970000E-8	1.113286E-4
8.975000E-8	1.147545E-4
8.980000E-8	1.250322E-4
8.985000E-8	1.353099E-4
8.990000E-8	1.318840E-4
8.995000E-8	1.216063E-4
9.000000E-8	1.198933E-4
9.005000E-8	1.181804E-4
9.010000E-8	1.164674E-4
9.015000E-8	1.250322E-4
9.020000E-8	1.267451E-4
9.025000E-8	1.250322E-4
9.030000E-8	1.250322E-4
9.035000E-8	1.353099E-4
9.040000E-8	1.507264E-4
9.045000E-8	1.695689E-4
9.050000E-8	1.901243E-4
9.055000E-8	2.175315E-4
9.060000E-8	2.723459E-4
9.065000E-8	3.357250E-4
9.070000E-8	3.648452E-4
9.075000E-8	3.751229E-4
9.080000E-8	3.922524E-4
9.085000E-8	4.110948E-4
9.090000E-8	4.230855E-4
9.095000E-8	4.402150E-4
9.100000E-8	4.556315E-4
9.105000E-8	4.436409E-4
9.110000E-8	4.196596E-4
9.115000E-8	4.025301E-4
9.120000E-8	3.785488E-4
9.125000E-8	3.528545E-4
9.130000E-8	3.357250E-4
9.135000E-8	3.151696E-4
9.140000E-8	2.569293E-4
9.145000E-8	1.627171E-4
9.150000E-8	6.336597E-5
9.155000E-8	-3.427218E-5
9.160000E-8	-1.370492E-4
9.165000E-8	-2.278355E-4
9.170000E-8	-2.895017E-4
9.175000E-8	-3.151960E-4
9.180000E-8	-3.117701E-4
9.185000E-8	-2.792240E-4
9.190000E-8	-2.295485E-4
9.195000E-8	-1.695952E-4
9.200000E-8	-1.096420E-4
9.205000E-8	-4.626283E-5
9.210000E-8	2.739402E-5
9.215000E-8	9.933792E-5
9.220000E-8	1.558653E-4
9.225000E-8	1.935502E-4
9.230000E-8	2.175315E-4
9.235000E-8	2.243833E-4
9.240000E-8	2.278092E-4
9.245000E-8	2.346610E-4
9.250000E-8	2.295221E-4
9.255000E-8	2.089667E-4
9.260000E-8	1.969761E-4
9.265000E-8	1.901243E-4
9.270000E-8	1.644300E-4
9.275000E-8	1.147545E-4
9.280000E-8	5.651417E-5
9.285000E-8	-1.714268E-5
9.290000E-8	-8.908658E-5
9.295000E-8	-1.490398E-4
9.300000E-8	-1.987154E-4
9.305000E-8	-2.398262E-4
9.310000E-8	-2.569557E-4
9.315000E-8	-2.329744E-4
9.320000E-8	-1.764470E-4
9.325000E-8	-1.164938E-4
9.330000E-8	-7.195708E-5
9.335000E-8	-2.570743E-5
9.340000E-8	4.109762E-5
9.345000E-8	1.113286E-4
9.350000E-8	1.541523E-4
9.355000E-8	1.695689E-4
9.360000E-8	1.627171E-4
9.365000E-8	1.387358E-4
9.370000E-8	1.147545E-4
9.375000E-8	1.130415E-4
9.380000E-8	1.198933E-4
9.385000E-8	1.216063E-4
9.390000E-8	1.353099E-4
9.395000E-8	1.678559E-4
9.400000E-8	2.072538E-4
9.405000E-8	2.500775E-4
9.410000E-8	2.894754E-4
9.415000E-8	3.031790E-4
9.420000E-8	2.911883E-4
9.425000E-8	2.654941E-4
9.430000E-8	2.380869E-4
9.435000E-8	2.141056E-4
9.440000E-8	2.038279E-4
9.445000E-8	2.209574E-4
9.450000E-8	2.620682E-4
9.455000E-8	3.271603E-4
9.460000E-8	4.093819E-4
9.465000E-8	4.864646E-4
9.470000E-8	5.310013E-4
9.475000E-8	5.601215E-4
9.480000E-8	5.909546E-4
9.485000E-8	6.080841E-4
9.490000E-8	5.978064E-4
9.495000E-8	5.755380E-4
9.500000E-8	5.378531E-4
9.505000E-8	4.693351E-4
9.510000E-8	3.751229E-4
9.515000E-8	2.826236E-4
9.520000E-8	2.123926E-4
9.525000E-8	1.712818E-4
9.530000E-8	1.507264E-4
9.535000E-8	1.301710E-4
9.540000E-8	1.113286E-4
9.545000E-8	8.906022E-5
9.550000E-8	5.994007E-5
9.555000E-8	4.109762E-5
9.560000E-8	4.794942E-5
9.565000E-8	6.507892E-5
9.570000E-8	8.220842E-5
9.575000E-8	1.096156E-4
9.580000E-8	1.301710E-4
9.585000E-8	1.233192E-4
9.590000E-8	1.010509E-4
9.595000E-8	6.507892E-5
9.600000E-8	1.369042E-5
9.605000E-8	-2.913333E-5
9.610000E-8	-3.598513E-5
9.615000E-8	-3.255923E-5
9.620000E-8	-2.570743E-5
9.625000E-8	6.838618E-6
9.630000E-8	7.535662E-5
9.635000E-8	1.558653E-4
9.640000E-8	2.380869E-4
9.645000E-8	3.220214E-4
9.650000E-8	3.922524E-4
9.655000E-8	4.247984E-4
9.660000E-8	4.179466E-4
9.665000E-8	3.819747E-4
9.670000E-8	3.237344E-4
9.675000E-8	2.586423E-4
9.680000E-8	2.038279E-4
9.685000E-8	1.729948E-4
9.690000E-8	1.661430E-4
9.695000E-8	1.764207E-4
9.700000E-8	2.141056E-4
9.705000E-8	2.672070E-4
9.710000E-8	3.151696E-4
9.715000E-8	3.511416E-4
9.720000E-8	3.854006E-4
9.725000E-8	4.162337E-4
9.730000E-8	4.282243E-4
9.735000E-8	4.162337E-4
9.740000E-8	3.836876E-4
9.745000E-8	3.151696E-4
9.750000E-8	2.158185E-4
9.755000E-8	1.130415E-4
9.760000E-8	2.225517E-5
9.765000E-8	-6.853118E-5
9.770000E-8	-1.695952E-4
9.775000E-8	-2.535298E-4
9.780000E-8	-3.100571E-4
9.785000E-8	-3.477420E-4
9.790000E-8	-3.957046E-4
9.795000E-8	-4.419543E-4
9.800000E-8	-4.470931E-4
9.805000E-8	-4.076953E-4
9.810000E-8	-3.391773E-4
9.815000E-8	-2.603816E-4
9.820000E-8	-1.644564E-4
9.825000E-8	-5.482758E-5
9.830000E-8	3.938467E-5
9.835000E-8	1.027638E-4
9.840000E-8	1.387358E-4
9.845000E-8	1.473005E-4
9.850000E-8	1.421617E-4
9.855000E-8	1.284581E-4
9.860000E-8	9.933792E-5
9.865000E-8	5.651417E-5
9.870000E-8	3.424582E-5
9.875000E-8	4.452352E-5
9.880000E-8	6.679187E-5
9.885000E-8	1.061897E-4
9.890000E-8	1.695689E-4
9.895000E-8	2.363739E-4
9.900000E-8	2.809106E-4
9.905000E-8	3.048919E-4
9.910000E-8	3.117437E-4
9.915000E-8	3.014660E-4
9.920000E-8	2.774847E-4
9.925000E-8	2.243833E-4
9.930000E-8	1.353099E-4
9.935000E-8	4.281057E-5
9.940000E-8	-2.570743E-5
9.945000E-8	-7.024413E-5
9.950000E-8	-9.593838E-5
9.955000E-8	-8.908658E-5
9.960000E-8	-3.598513E-5
9.965000E-8	6.165302E-5
9.970000E-8	1.866984E-4
9.975000E-8	2.997531E-4
9.980000E-8	3.802617E-4
9.985000E-8	4.487797E-4
9.990000E-8	5.035941E-4
9.995000E-8	5.104459E-4
1.000000E-7	4.659092E-4
1.000500E-7	4.059560E-4
1.001000E-7	3.340121E-4
1.001500E-7	2.449387E-4
1.002000E-7	1.507264E-4
1.002500E-7	7.021777E-5
1.003000E-7	3.412718E-6
1.003500E-7	-2.742038E-5
1.004000E-7	-2.399448E-5
1.004500E-7	-3.439082E-6
1.005000E-7	3.424582E-5
1.005500E-7	1.096156E-4
1.006000E-7	2.123926E-4
1.006500E-7	2.963272E-4
1.007000E-7	3.391509E-4
1.007500E-7	3.494286E-4
1.008000E-7	3.494286E-4
1.008500E-7	3.562804E-4
1.009000E-7	3.648452E-4
1.009500E-7	3.699840E-4
1.010000E-7	3.648452E-4
1.010500E-7	3.562804E-4
1.011000E-7	3.682711E-4
1.011500E-7	3.956783E-4
1.012000E-7	4.230855E-4
1.012500E-7	4.367891E-4
1.013000E-7	4.350761E-4
1.013500E-7	4.076689E-4
1.014000E-7	3.511416E-4
1.014500E-7	2.791977E-4
1.015000E-7	2.021149E-4
1.015500E-7	1.216063E-4
1.016000E-7	5.308827E-5
1.016500E-7	-1.318176E-8
1.017000E-7	-3.769808E-5
1.017500E-7	-4.968873E-5
1.018000E-7	-2.742038E-5
1.018500E-7	2.568107E-5
1.019000E-7	1.044768E-4
1.019500E-7	1.986890E-4
1.020000E-7	2.946142E-4
1.020500E-7	3.871135E-4
1.021000E-7	4.556315E-4
1.021500E-7	4.761869E-4
1.022000E-7	4.453538E-4
1.022500E-7	3.854006E-4
1.023000E-7	3.048919E-4
1.023500E-7	2.209574E-4
1.024000E-7	1.592912E-4
1.024500E-7	1.044768E-4
1.025000E-7	4.109762E-5
1.025500E-7	-2.742038E-5
1.026000E-7	-8.052183E-5
1.026500E-7	-1.199197E-4
1.027000E-7	-1.473269E-4
1.027500E-7	-1.558916E-4
1.028000E-7	-1.576046E-4
1.028500E-7	-1.764470E-4
1.029000E-7	-2.175578E-4
1.029500E-7	-2.603816E-4
1.030000E-7	-2.946406E-4
1.030500E-7	-3.100571E-4
1.031000E-7	-3.100571E-4
1.031500E-7	-2.877888E-4
1.032000E-7	-2.552427E-4
1.032500E-7	-2.158449E-4
1.033000E-7	-1.713082E-4
1.033500E-7	-1.336233E-4
1.034000E-7	-1.164938E-4
1.034500E-7	-9.936428E-5
1.035000E-7	-8.737363E-5
1.035500E-7	-8.737363E-5
1.036000E-7	-8.223478E-5
1.036500E-7	-4.454988E-5
1.037000E-7	6.838618E-6
1.037500E-7	4.452352E-5
1.038000E-7	8.563432E-5
1.038500E-7	1.421617E-4
1.039000E-7	2.089667E-4
1.039500E-7	2.706329E-4
1.040000E-7	3.254473E-4
1.040500E-7	3.819747E-4
1.041000E-7	4.196596E-4
1.041500E-7	4.110948E-4
1.042000E-7	3.648452E-4
1.042500E-7	3.185955E-4
1.043000E-7	2.620682E-4
1.043500E-7	1.901243E-4
1.044000E-7	1.250322E-4
1.044500E-7	6.336597E-5
1.045000E-7	-2.570743E-5
1.045500E-7	-1.182067E-4
1.046000E-7	-1.730211E-4
1.046500E-7	-1.987154E-4
1.047000E-7	-1.884377E-4
1.047500E-7	-1.267715E-4
1.048000E-7	-3.084628E-5
1.048500E-7	6.165302E-5
1.049000E-7	1.661430E-4
1.049500E-7	2.809106E-4
1.050000E-7	3.751229E-4
1.050500E-7	4.522056E-4
1.051000E-7	4.984553E-4
1.051500E-7	4.778999E-4
1.052000E-7	3.854006E-4
1.052500E-7	2.535034E-4
1.053000E-7	1.061897E-4
1.053500E-7	-4.797578E-5
1.054000E-7	-1.884377E-4
1.054500E-7	-2.980665E-4
1.055000E-7	-3.751492E-4
1.055500E-7	-4.025564E-4
1.056000E-7	-3.665845E-4
1.056500E-7	-2.740852E-4
1.057000E-7	-1.593175E-4
1.057500E-7	-3.769808E-5
1.058000E-7	8.392137E-5
1.058500E-7	1.747077E-4
1.059000E-7	2.158185E-4
1.059500E-7	2.380869E-4
1.060000E-7	2.620682E-4
1.060500E-7	2.689200E-4
1.061000E-7	2.380869E-4
1.061500E-7	1.935502E-4
1.062000E-7	1.541523E-4
1.062500E-7	1.130415E-4
1.063000E-7	5.480122E-5
1.063500E-7	-1.029088E-5
1.064000E-7	-5.825348E-5
1.064500E-7	-7.367003E-5
1.065000E-7	-8.566068E-5
1.065500E-7	-1.130679E-4
1.066000E-7	-1.301974E-4
1.066500E-7	-1.164938E-4
1.067000E-7	-8.052183E-5
1.067500E-7	-2.913333E-5
1.068000E-7	4.109762E-5
1.068500E-7	1.079027E-4
1.069000E-7	1.661430E-4
1.069500E-7	2.312351E-4
1.070000E-7	2.980401E-4
1.070500E-7	3.322991E-4
1.071000E-7	3.305862E-4
1.071500E-7	3.066049E-4
1.072000E-7	2.552164E-4
1.072500E-7	1.610041E-4
1.073000E-7	5.137532E-5
1.073500E-7	-5.825348E-5
1.074000E-7	-1.764470E-4
1.074500E-7	-2.860758E-4
1.075000E-7	-3.580197E-4
1.075500E-7	-4.162600E-4
1.076000E-7	-4.625097E-4
1.076500E-7	-4.590838E-4
1.077000E-7	-3.991305E-4
1.077500E-7	-3.066312E-4
1.078000E-7	-1.884377E-4
1.078500E-7	-6.167938E-5
1.079000E-7	4.281057E-5
1.079500E-7	1.198933E-4
1.080000E-7	1.729948E-4
1.080500E-7	1.849854E-4
1.081000E-7	1.627171E-4
1.081500E-7	1.335969E-4
1.082000E-7	1.010509E-4
1.082500E-7	5.822712E-5
1.083000E-7	3.424582E-5
1.083500E-7	3.595877E-5
1.084000E-7	3.767172E-5
1.084500E-7	4.452352E-5
1.085000E-7	6.850482E-5
1.085500E-7	1.010509E-4
1.086000E-7	1.301710E-4
1.086500E-7	1.592912E-4
1.087000E-7	1.832725E-4
1.087500E-7	2.038279E-4
1.088000E-7	2.192444E-4
1.088500E-7	2.158185E-4
1.089000E-7	1.832725E-4
1.089500E-7	1.438746E-4
1.090000E-7	1.010509E-4
1.090500E-7	5.137532E-5
1.091000E-7	-3.439082E-6
1.091500E-7	-3.941103E-5
1.092000E-7	-5.482758E-5
1.092500E-7	-5.311463E-5
1.093000E-7	-2.742038E-5
1.093500E-7	-3.439082E-6
1.094000E-7	1.882927E-5
1.094500E-7	5.994007E-5
1.095000E-7	1.233192E-4
1.095500E-7	1.849854E-4
1.096000E-7	2.175315E-4
1.096500E-7	2.243833E-4
1.097000E-7	2.192444E-4
1.097500E-7	2.072538E-4
1.098000E-7	1.815595E-4
1.098500E-7	1.387358E-4
1.099000E-7	9.591202E-5
1.099500E-7	5.822712E-5
1.100000E-7	2.225517E-5
1.100500E-7	-1.542973E-5
1.101000E-7	-4.283693E-5
1.101500E-7	-7.538298E-5
1.102000E-7	-1.336233E-4
1.102500E-7	-1.935765E-4
1.103000E-7	-2.278355E-4
1.103500E-7	-2.569557E-4
1.104000E-7	-2.895017E-4
1.104500E-7	-3.032053E-4
1.105000E-7	-2.997794E-4
1.105500E-7	-3.049183E-4
1.106000E-7	-3.100571E-4
1.106500E-7	-2.980665E-4
1.107000E-7	-2.843629E-4
1.107500E-7	-2.792240E-4
1.108000E-7	-2.638075E-4
1.108500E-7	-2.381132E-4
1.109000E-7	-2.089931E-4
1.109500E-7	-1.661693E-4
1.110000E-7	-1.216326E-4
1.110500E-7	-8.566068E-5
1.111000E-7	-4.454988E-5
1.111500E-7	5.125668E-6
1.112000E-7	3.767172E-5
1.112500E-7	3.938467E-5
1.113000E-7	2.225517E-5
1.113500E-7	-1.885563E-5
1.114000E-7	-7.195708E-5
1.114500E-7	-1.233456E-4
1.115000E-7	-1.884377E-4
1.115500E-7	-2.655204E-4
1.116000E-7	-3.186219E-4
1.116500E-7	-3.426032E-4
1.117000E-7	-3.563068E-4
1.117500E-7	-3.460291E-4
1.118000E-7	-2.895017E-4
1.118500E-7	-2.158449E-4
1.119000E-7	-1.456139E-4
1.119500E-7	-7.195708E-5
1.120000E-7	-3.439082E-6
1.120500E-7	2.396812E-5
1.121000E-7	1.369042E-5
1.121500E-7	-3.439082E-6
1.122000E-7	-3.084628E-5
1.122500E-7	-8.737363E-5
1.123000E-7	-1.644564E-4
1.123500E-7	-2.415391E-4
1.124000E-7	-3.271866E-4
1.124500E-7	-4.059823E-4
1.125000E-7	-4.505190E-4
1.125500E-7	-4.436672E-4
1.126000E-7	-3.957046E-4
1.126500E-7	-3.032053E-4
1.127000E-7	-1.764470E-4
1.127500E-7	-3.598513E-5
1.128000E-7	1.079027E-4
1.128500E-7	2.586423E-4
1.129000E-7	3.819747E-4
1.129500E-7	4.573445E-4
1.130000E-7	4.984553E-4
1.130500E-7	5.121589E-4
1.131000E-7	4.727610E-4
1.131500E-7	3.802617E-4
1.132000E-7	2.449387E-4
1.132500E-7	9.419907E-5
1.133000E-7	-5.825348E-5
1.133500E-7	-1.918636E-4
1.134000E-7	-3.066312E-4
1.134500E-7	-3.974176E-4
1.135000E-7	-4.453802E-4
1.135500E-7	-4.436672E-4
1.136000E-7	-3.991305E-4
1.136500E-7	-3.288996E-4
1.137000E-7	-2.483909E-4
1.137500E-7	-1.610305E-4
1.138000E-7	-7.709593E-5
1.138500E-7	-1.714268E-5
1.139000E-7	1.699768E-6
1.139500E-7	-3.439082E-6
1.140000E-7	-3.427218E-5
1.140500E-7	-9.251248E-5
1.141000E-7	-1.576046E-4
1.141500E-7	-2.089931E-4
1.142000E-7	-2.466780E-4
1.142500E-7	-2.620945E-4
1.143000E-7	-2.501039E-4
1.143500E-7	-1.952895E-4
1.144000E-7	-1.079290E-4
1.144500E-7	1.699768E-6
1.145000E-7	9.419907E-5
1.145500E-7	1.575782E-4
1.146000E-7	1.952631E-4
1.146500E-7	2.141056E-4
1.147000E-7	2.089667E-4
1.147500E-7	1.866984E-4
1.148000E-7	1.490135E-4
1.148500E-7	1.130415E-4
1.149000E-7	9.419907E-5
1.149500E-7	9.591202E-5
1.150000E-7	1.027638E-4
1.150500E-7	1.198933E-4
1.151000E-7	1.353099E-4
1.151500E-7	1.490135E-4
1.152000E-7	1.455876E-4
1.152500E-7	1.216063E-4
1.153000E-7	8.392137E-5
1.153500E-7	5.480122E-5
1.154000E-7	3.595877E-5
1.154500E-7	1.197747E-5
1.155000E-7	1.699768E-6
1.155500E-7	2.910697E-5
1.156000E-7	8.563432E-5
1.156500E-7	1.335969E-4
1.157000E-7	1.644300E-4
1.157500E-7	1.798466E-4
1.158000E-7	1.849854E-4
1.158500E-7	1.798466E-4
1.159000E-7	1.661430E-4
1.159500E-7	1.455876E-4
1.160000E-7	1.284581E-4
1.160500E-7	1.130415E-4
1.161000E-7	1.010509E-4
1.161500E-7	9.248612E-5
1.162000E-7	9.419907E-5
1.162500E-7	9.591202E-5
1.163000E-7	8.734727E-5
1.163500E-7	8.049547E-5
1.164000E-7	8.906022E-5
1.164500E-7	8.392137E-5
1.165000E-7	3.253287E-5
1.165500E-7	-3.598513E-5
1.166000E-7	-1.027902E-4
1.166500E-7	-1.661693E-4
1.167000E-7	-2.072801E-4
1.167500E-7	-2.072801E-4
1.168000E-7	-1.695952E-4
1.168500E-7	-9.251248E-5
1.169000E-7	1.540337E-5
1.169500E-7	1.250322E-4
1.170000E-7	1.969761E-4
1.170500E-7	2.432257E-4
1.171000E-7	2.637811E-4
1.171500E-7	2.397998E-4
1.172000E-7	1.798466E-4
1.172500E-7	8.563432E-5
1.173000E-7	-3.941103E-5
1.173500E-7	-1.764470E-4
1.174000E-7	-2.929276E-4
1.174500E-7	-4.008435E-4
1.175000E-7	-4.847780E-4
1.175500E-7	-5.138982E-4
1.176000E-7	-5.019075E-4
1.176500E-7	-4.779262E-4
1.177000E-7	-4.333895E-4
1.177500E-7	-3.528809E-4
1.178000E-7	-2.552427E-4
1.178500E-7	-1.473269E-4
1.179000E-7	-4.283693E-5
1.179500E-7	2.225517E-5
1.180000E-7	4.452352E-5
1.180500E-7	4.623647E-5
1.181000E-7	3.081992E-5
1.181500E-7	-1.318176E-8
1.182000E-7	-2.913333E-5
1.182500E-7	-7.195708E-5
1.183000E-7	-1.233456E-4
1.183500E-7	-1.421880E-4
1.184000E-7	-1.199197E-4
1.184500E-7	-8.394773E-5
1.185000E-7	-3.769808E-5
1.185500E-7	2.910697E-5
1.186000E-7	8.906022E-5
1.186500E-7	1.147545E-4
1.187000E-7	1.181804E-4
1.187500E-7	1.079027E-4
1.188000E-7	7.535662E-5
1.188500E-7	3.424582E-5
1.189000E-7	-1.029088E-5
1.189500E-7	-6.510528E-5
1.190000E-7	-1.164938E-4
1.190500E-7	-1.319103E-4
1.191000E-7	-1.164938E-4
1.191500E-7	-9.593838E-5
1.192000E-7	-5.996643E-5
1.192500E-7	1.699768E-6
1.193000E-7	8.906022E-5
1.193500E-7	1.832725E-4
1.194000E-7	2.757718E-4
1.194500E-7	3.528545E-4
1.195000E-7	4.093819E-4
1.195500E-7	4.504927E-4
1.196000E-7	4.830387E-4
1.196500E-7	5.190107E-4
1.197000E-7	5.498438E-4
1.197500E-7	5.515567E-4
1.198000E-7	5.190107E-4
1.198500E-7	4.676222E-4
1.199000E-7	3.991042E-4
1.199500E-7	3.203085E-4
1.200000E-7	2.603552E-4
1.200500E-7	2.141056E-4
1.201000E-7	1.661430E-4
1.201500E-7	1.267451E-4
1.202000E-7	9.933792E-5
1.202500E-7	6.165302E-5
1.203000E-7	2.396812E-5
1.203500E-7	-1.318176E-8
1.204000E-7	-2.399448E-5
1.204500E-7	-5.311463E-5
1.205000E-7	-6.853118E-5
1.205500E-7	-6.167938E-5
1.206000E-7	-3.255923E-5
1.206500E-7	1.540337E-5
1.207000E-7	6.679187E-5
1.207500E-7	1.061897E-4
1.208000E-7	1.370228E-4
1.208500E-7	1.610041E-4
1.209000E-7	1.490135E-4
1.209500E-7	1.044768E-4
1.210000E-7	5.994007E-5
1.210500E-7	3.253287E-5
1.211000E-7	1.197747E-5
1.211500E-7	-1.200383E-5
1.212000E-7	-3.084628E-5
1.212500E-7	-3.769808E-5
1.213000E-7	-3.255923E-5
1.213500E-7	-3.598513E-5
1.214000E-7	-5.654053E-5
1.214500E-7	-7.538298E-5
1.215000E-7	-7.880888E-5
1.215500E-7	-8.566068E-5
1.216000E-7	-1.010772E-4
1.216500E-7	-1.284844E-4
1.217000E-7	-1.593175E-4
1.217500E-7	-1.918636E-4
1.218000E-7	-2.192708E-4
1.218500E-7	-2.364003E-4
1.219000E-7	-2.329744E-4
1.219500E-7	-2.107060E-4
1.220000E-7	-1.781600E-4
1.220500E-7	-1.627434E-4
1.221000E-7	-1.867247E-4
1.221500E-7	-2.261226E-4
1.222000E-7	-2.586686E-4
1.222500E-7	-2.775111E-4
1.223000E-7	-2.912147E-4
1.223500E-7	-2.860758E-4
1.224000E-7	-2.432521E-4
1.224500E-7	-1.730211E-4
1.225000E-7	-8.223478E-5
1.225500E-7	4.109762E-5
1.226000E-7	1.798466E-4
1.226500E-7	2.911883E-4
1.227000E-7	3.579934E-4
1.227500E-7	3.905394E-4
1.228000E-7	3.802617E-4
1.228500E-7	3.254473E-4
1.229000E-7	2.500775E-4
1.229500E-7	1.473005E-4
1.230000E-7	1.369042E-5
1.230500E-7	-1.096420E-4
1.231000E-7	-2.038542E-4
1.231500E-7	-2.826499E-4
1.232000E-7	-3.288996E-4
1.232500E-7	-3.151960E-4
1.233000E-7	-2.620945E-4
1.233500E-7	-2.089931E-4
1.234000E-7	-1.627434E-4
1.234500E-7	-1.182067E-4
1.235000E-7	-8.908658E-5
1.235500E-7	-8.737363E-5
1.236000E-7	-1.096420E-4
1.236500E-7	-1.541787E-4
1.237000E-7	-2.038542E-4
1.237500E-7	-2.415391E-4
1.238000E-7	-2.757981E-4
1.238500E-7	-2.912147E-4
1.239000E-7	-2.638075E-4
1.239500E-7	-1.901506E-4
1.240000E-7	-8.566068E-5
1.240500E-7	4.281057E-5
1.241000E-7	1.575782E-4
1.241500E-7	2.295221E-4
1.242000E-7	2.689200E-4
1.242500E-7	2.826236E-4
1.243000E-7	2.552164E-4
1.243500E-7	1.832725E-4
1.244000E-7	9.077317E-5
1.244500E-7	-1.200383E-5
1.245000E-7	-1.387621E-4
1.245500E-7	-2.723722E-4
1.246000E-7	-3.820010E-4
1.246500E-7	-4.436672E-4
1.247000E-7	-4.642226E-4
1.247500E-7	-4.590838E-4
1.248000E-7	-4.351025E-4
1.248500E-7	-3.768622E-4
1.249000E-7	-2.843629E-4
1.249500E-7	-1.832988E-4
1.250000E-7	-8.908658E-5
1.250500E-7	1.699768E-6
1.251000E-7	7.706957E-5
1.251500E-7	1.250322E-4
1.252000E-7	1.695689E-4
1.252500E-7	2.192444E-4
1.253000E-7	2.620682E-4
1.253500E-7	2.946142E-4
1.254000E-7	3.340121E-4
1.254500E-7	3.854006E-4
1.255000E-7	4.282243E-4
1.255500E-7	4.470668E-4
1.256000E-7	4.419279E-4
1.256500E-7	4.196596E-4
1.257000E-7	3.751229E-4
1.257500E-7	3.237344E-4
1.258000E-7	2.706329E-4
1.258500E-7	2.192444E-4
1.259000E-7	1.729948E-4
1.259500E-7	1.387358E-4
1.260000E-7	1.233192E-4
1.260500E-7	1.164674E-4
1.261000E-7	1.130415E-4
1.261500E-7	1.216063E-4
1.262000E-7	1.421617E-4
1.262500E-7	1.610041E-4
1.263000E-7	1.747077E-4
1.263500E-7	1.798466E-4
1.264000E-7	1.849854E-4
1.264500E-7	1.901243E-4
1.265000E-7	1.832725E-4
1.265500E-7	1.661430E-4
1.266000E-7	1.455876E-4
1.266500E-7	1.250322E-4
1.267000E-7	8.220842E-5
1.267500E-7	2.568107E-5
1.268000E-7	-1.885563E-5
1.268500E-7	-5.825348E-5
1.269000E-7	-9.936428E-5
1.269500E-7	-1.370492E-4
1.270000E-7	-1.627434E-4
1.270500E-7	-1.952895E-4
1.271000E-7	-2.312614E-4
1.271500E-7	-2.655204E-4
1.272000E-7	-2.860758E-4
1.272500E-7	-2.792240E-4
1.273000E-7	-2.569557E-4
1.273500E-7	-2.364003E-4
1.274000E-7	-2.004283E-4
1.274500E-7	-1.541787E-4
1.275000E-7	-1.353362E-4
1.275500E-7	-1.387621E-4
1.276000E-7	-1.164938E-4
1.276500E-7	-6.681823E-5
1.277000E-7	-2.742038E-5
1.277500E-7	5.125668E-6
1.278000E-7	4.109762E-5
1.278500E-7	4.794942E-5
1.279000E-7	2.739402E-5
1.279500E-7	2.910697E-5
1.280000E-7	4.109762E-5
1.280500E-7	2.396812E-5
1.281000E-7	-3.427218E-5
1.281500E-7	-1.147808E-4
1.282000E-7	-2.055672E-4
1.282500E-7	-2.963535E-4
1.283000E-7	-3.614456E-4
1.283500E-7	-3.905658E-4
1.284000E-7	-3.648715E-4
1.284500E-7	-2.912147E-4
1.285000E-7	-1.867247E-4
1.285500E-7	-4.968873E-5
1.286000E-7	1.233192E-4
1.286500E-7	3.083178E-4
1.287000E-7	4.522056E-4
1.287500E-7	5.395661E-4
1.288000E-7	5.686862E-4
1.288500E-7	5.327143E-4
1.289000E-7	4.470668E-4
1.289500E-7	3.425768E-4
1.290000E-7	2.260962E-4
1.290500E-7	1.164674E-4
1.291000E-7	5.137532E-5
1.291500E-7	5.480122E-5
1.292000E-7	1.010509E-4
1.292500E-7	1.884113E-4
1.293000E-7	3.305862E-4
1.293500E-7	4.813258E-4
1.294000E-7	5.909546E-4
1.294500E-7	6.731762E-4
1.295000E-7	7.365553E-4
1.295500E-7	7.571107E-4
1.296000E-7	7.211388E-4
1.296500E-7	6.389172E-4
1.297000E-7	5.172977E-4
1.297500E-7	3.682711E-4
1.298000E-7	2.243833E-4
1.298500E-7	1.147545E-4
1.299000E-7	4.281057E-5
1.299500E-7	-8.577932E-6
1.300000E-7	-4.454988E-5
1.300500E-7	-7.024413E-5
1.301000E-7	-1.079290E-4
1.301500E-7	-1.507528E-4
1.302000E-7	-1.661693E-4
1.302500E-7	-1.576046E-4
1.303000E-7	-1.490398E-4
1.303500E-7	-1.370492E-4
1.304000E-7	-9.251248E-5
1.304500E-7	-3.769808E-5
1.305000E-7	-1.029088E-5
1.305500E-7	5.125668E-6
1.306000E-7	2.568107E-5
1.306500E-7	4.109762E-5
1.307000E-7	3.253287E-5
1.307500E-7	5.125668E-6
1.308000E-7	-2.570743E-5
1.308500E-7	-5.654053E-5
1.309000E-7	-1.027902E-4
1.309500E-7	-1.524657E-4
1.310000E-7	-1.884377E-4
1.310500E-7	-2.329744E-4
1.311000E-7	-3.049183E-4
1.311500E-7	-3.665845E-4
1.312000E-7	-3.871399E-4
1.312500E-7	-3.854269E-4
1.313000E-7	-3.700104E-4
1.313500E-7	-3.237607E-4
1.314000E-7	-2.518168E-4
1.314500E-7	-1.867247E-4
1.315000E-7	-1.301974E-4
1.315500E-7	-7.880888E-5
1.316000E-7	-2.742038E-5
1.316500E-7	1.369042E-5
1.317000E-7	3.595877E-5
1.317500E-7	4.281057E-5
1.318000E-7	6.165302E-5
1.318500E-7	8.734727E-5
1.319000E-7	1.079027E-4
1.319500E-7	1.438746E-4
1.320000E-7	2.141056E-4
1.320500E-7	2.877624E-4
1.321000E-7	3.477157E-4
1.321500E-7	4.145207E-4
1.322000E-7	4.847517E-4
1.322500E-7	5.104459E-4
1.323000E-7	4.933164E-4
1.323500E-7	4.641963E-4
1.324000E-7	4.282243E-4
1.324500E-7	3.751229E-4
1.325000E-7	3.066049E-4
1.325500E-7	2.397998E-4
1.326000E-7	1.815595E-4
1.326500E-7	1.284581E-4
1.327000E-7	8.392137E-5
1.327500E-7	6.850482E-5
1.328000E-7	7.878252E-5
1.328500E-7	9.762497E-5
1.329000E-7	1.181804E-4
1.329500E-7	1.284581E-4
1.330000E-7	1.353099E-4
1.330500E-7	1.301710E-4
1.331000E-7	9.591202E-5
1.331500E-7	3.938467E-5
1.332000E-7	-1.371678E-5
1.332500E-7	-6.510528E-5
1.333000E-7	-1.096420E-4
1.333500E-7	-1.319103E-4
1.334000E-7	-1.267715E-4
1.334500E-7	-1.045031E-4
1.335000E-7	-6.167938E-5
1.335500E-7	-5.152032E-6
1.336000E-7	5.308827E-5
1.336500E-7	1.044768E-4
1.337000E-7	1.353099E-4
1.337500E-7	1.370228E-4
1.338000E-7	1.233192E-4
1.338500E-7	1.044768E-4
1.339000E-7	6.850482E-5
1.339500E-7	1.882927E-5
1.340000E-7	-2.056858E-5
1.340500E-7	-4.283693E-5
1.341000E-7	-5.482758E-5
1.341500E-7	-5.140168E-5
1.342000E-7	-3.598513E-5
1.342500E-7	-2.570743E-5
1.343000E-7	-2.056858E-5
1.343500E-7	-8.577932E-6
1.344000E-7	8.551568E-6
1.344500E-7	1.026452E-5
1.345000E-7	5.125668E-6
1.345500E-7	-1.029088E-5
1.346000E-7	-3.769808E-5
1.346500E-7	-7.880888E-5
1.347000E-7	-1.284844E-4
1.347500E-7	-1.764470E-4
1.348000E-7	-2.226967E-4
1.348500E-7	-2.740852E-4
1.349000E-7	-3.169089E-4
1.349500E-7	-3.357514E-4
1.350000E-7	-3.271866E-4
1.350500E-7	-2.963535E-4
1.351000E-7	-2.483909E-4
1.351500E-7	-1.764470E-4
1.352000E-7	-8.737363E-5
1.352500E-7	3.412718E-6
1.353000E-7	7.706957E-5
1.353500E-7	1.318840E-4
1.354000E-7	1.781336E-4
1.354500E-7	1.952631E-4
1.355000E-7	1.849854E-4
1.355500E-7	1.695689E-4
1.356000E-7	1.592912E-4
1.356500E-7	1.267451E-4
1.357000E-7	6.679187E-5
1.357500E-7	1.197747E-5
1.358000E-7	-2.742038E-5
1.358500E-7	-6.681823E-5
1.359000E-7	-9.593838E-5
1.359500E-7	-8.566068E-5
1.360000E-7	-3.941103E-5
1.360500E-7	5.125668E-6
1.361000E-7	2.739402E-5
1.361500E-7	3.938467E-5
1.362000E-7	4.452352E-5
1.362500E-7	4.452352E-5
1.363000E-7	3.767172E-5
1.363500E-7	1.540337E-5
1.364000E-7	-1.200383E-5
1.364500E-7	-2.570743E-5
1.365000E-7	-3.427218E-5
1.365500E-7	-4.283693E-5
1.366000E-7	-3.769808E-5
1.366500E-7	-1.714268E-5
1.367000E-7	-1.318176E-8
1.367500E-7	6.838618E-6
1.368000E-7	4.281057E-5
1.368500E-7	1.079027E-4
1.369000E-7	1.678559E-4
1.369500E-7	2.038279E-4
1.370000E-7	2.278092E-4
1.370500E-7	2.535034E-4
1.371000E-7	2.740588E-4
1.371500E-7	2.757718E-4
1.372000E-7	2.569293E-4
1.372500E-7	2.346610E-4
1.373000E-7	2.141056E-4
1.373500E-7	1.952631E-4
1.374000E-7	1.952631E-4
1.374500E-7	1.884113E-4
1.375000E-7	1.592912E-4
1.375500E-7	1.318840E-4
1.376000E-7	1.335969E-4
1.376500E-7	1.404487E-4
1.377000E-7	1.284581E-4
1.377500E-7	1.164674E-4
1.378000E-7	1.216063E-4
1.378500E-7	1.216063E-4
1.379000E-7	1.164674E-4
1.379500E-7	1.216063E-4
1.380000E-7	1.335969E-4
1.380500E-7	1.387358E-4
1.381000E-7	1.558653E-4
1.381500E-7	2.021149E-4
1.382000E-7	2.620682E-4
1.382500E-7	3.237344E-4
1.383000E-7	3.682711E-4
1.383500E-7	3.751229E-4
1.384000E-7	3.579934E-4
1.384500E-7	3.357250E-4
1.385000E-7	2.980401E-4
1.385500E-7	2.243833E-4
1.386000E-7	1.404487E-4
1.386500E-7	6.336597E-5
1.387000E-7	-2.399448E-5
1.387500E-7	-1.182067E-4
1.388000E-7	-1.832988E-4
1.388500E-7	-2.175578E-4
1.389000E-7	-2.226967E-4
1.389500E-7	-1.987154E-4
1.390000E-7	-1.593175E-4
1.390500E-7	-1.027902E-4
1.391000E-7	-2.742038E-5
1.391500E-7	5.651417E-5
1.392000E-7	1.267451E-4
1.392500E-7	1.781336E-4
1.393000E-7	2.175315E-4
1.393500E-7	2.552164E-4
1.394000E-7	2.997531E-4
1.394500E-7	3.460027E-4
1.395000E-7	3.836876E-4
1.395500E-7	4.230855E-4
1.396000E-7	4.607704E-4
1.396500E-7	4.641963E-4
1.397000E-7	4.230855E-4
1.397500E-7	3.734099E-4
1.398000E-7	3.322991E-4
1.398500E-7	3.014660E-4
1.399000E-7	2.911883E-4
1.399500E-7	3.031790E-4
1.400000E-7	3.340121E-4
1.400500E-7	3.734099E-4
1.401000E-7	4.076689E-4
1.401500E-7	4.316502E-4
1.402000E-7	4.436409E-4
1.402500E-7	4.402150E-4
1.403000E-7	4.128078E-4
1.403500E-7	3.614193E-4
1.404000E-7	2.946142E-4
1.404500E-7	2.243833E-4
1.405000E-7	1.610041E-4
1.405500E-7	9.933792E-5
1.406000E-7	4.452352E-5
1.406500E-7	5.125668E-6
1.407000E-7	-1.885563E-5
1.407500E-7	-3.255923E-5
1.408000E-7	-4.454988E-5
1.408500E-7	-4.797578E-5
1.409000E-7	-4.283693E-5
1.409500E-7	-4.112398E-5
1.410000E-7	-4.454988E-5
1.410500E-7	-6.339233E-5
1.411000E-7	-9.765133E-5
1.411500E-7	-1.404751E-4
1.412000E-7	-1.627434E-4
1.412500E-7	-1.644564E-4
1.413000E-7	-1.576046E-4
1.413500E-7	-1.541787E-4
1.414000E-7	-1.439010E-4
1.414500E-7	-1.301974E-4
1.415000E-7	-1.370492E-4
1.415500E-7	-1.593175E-4
1.416000E-7	-1.695952E-4
1.416500E-7	-1.661693E-4
1.417000E-7	-1.576046E-4
1.417500E-7	-1.370492E-4
1.418000E-7	-1.010772E-4
1.418500E-7	-8.223478E-5
1.419000E-7	-6.339233E-5
1.419500E-7	-1.714268E-5
1.420000E-7	4.623647E-5
1.420500E-7	9.248612E-5
1.421000E-7	1.181804E-4
1.421500E-7	1.284581E-4
1.422000E-7	1.096156E-4
1.422500E-7	6.165302E-5
1.423000E-7	6.838618E-6
1.423500E-7	-4.283693E-5
1.424000E-7	-1.027902E-4
1.424500E-7	-1.610305E-4
1.425000E-7	-1.952895E-4
1.425500E-7	-2.055672E-4
1.426000E-7	-2.141319E-4
1.426500E-7	-2.158449E-4
1.427000E-7	-2.072801E-4
1.427500E-7	-2.004283E-4
1.428000E-7	-2.072801E-4
1.428500E-7	-2.175578E-4
1.429000E-7	-2.055672E-4
1.429500E-7	-1.798729E-4
1.430000E-7	-1.713082E-4
1.430500E-7	-1.678823E-4
1.431000E-7	-1.490398E-4
1.431500E-7	-1.130679E-4
1.432000E-7	-4.968873E-5
1.432500E-7	5.308827E-5
1.433000E-7	1.729948E-4
1.433500E-7	3.014660E-4
1.434000E-7	4.470668E-4
1.434500E-7	5.960934E-4
1.435000E-7	7.108611E-4
1.435500E-7	8.016474E-4
1.436000E-7	8.718784E-4
1.436500E-7	9.061374E-4
1.437000E-7	9.044244E-4
1.437500E-7	8.872949E-4
1.438000E-7	8.444712E-4
1.438500E-7	7.673884E-4
1.439000E-7	6.851668E-4
1.439500E-7	6.115100E-4
1.440000E-7	5.207236E-4
1.440500E-7	4.196596E-4
1.441000E-7	3.237344E-4
1.441500E-7	2.329480E-4
1.442000E-7	1.627171E-4
1.442500E-7	1.164674E-4
1.443000E-7	7.535662E-5
1.443500E-7	2.396812E-5
1.444000E-7	-3.439082E-6
1.444500E-7	-1.726132E-6
1.445000E-7	1.026452E-5
1.445500E-7	2.739402E-5
1.446000E-7	2.910697E-5
1.446500E-7	1.026452E-5
1.447000E-7	-1.318176E-8
1.447500E-7	2.396812E-5
1.448000E-7	5.308827E-5
1.448500E-7	5.651417E-5
1.449000E-7	6.165302E-5
1.449500E-7	6.507892E-5
1.450000E-7	4.623647E-5
1.450500E-7	3.081992E-5
1.451000E-7	2.910697E-5
1.451500E-7	2.396812E-5
1.452000E-7	1.882927E-5
1.452500E-7	2.225517E-5
1.453000E-7	2.568107E-5
1.453500E-7	1.882927E-5
1.454000E-7	1.540337E-5
1.454500E-7	-1.726132E-6
1.455000E-7	-5.311463E-5
1.455500E-7	-9.765133E-5
1.456000E-7	-1.164938E-4
1.456500E-7	-1.353362E-4
1.457000E-7	-1.678823E-4
1.457500E-7	-1.935765E-4
1.458000E-7	-2.004283E-4
1.458500E-7	-1.935765E-4
1.459000E-7	-1.747341E-4
1.459500E-7	-1.473269E-4
1.460000E-7	-1.182067E-4
1.460500E-7	-7.880888E-5
1.461000E-7	-3.769808E-5
1.461500E-7	-6.864982E-6
1.462000E-7	1.882927E-5
1.462500E-7	5.308827E-5
1.463000E-7	6.165302E-5
1.463500E-7	2.568107E-5
1.464000E-7	-1.714268E-5
1.464500E-7	-4.797578E-5
1.465000E-7	-7.709593E-5
1.465500E-7	-1.045031E-4
1.466000E-7	-1.199197E-4
1.466500E-7	-1.284844E-4
1.467000E-7	-1.301974E-4
1.467500E-7	-1.010772E-4
1.468000E-7	-4.797578E-5
1.468500E-7	1.882927E-5
1.469000E-7	9.419907E-5
1.469500E-7	1.764207E-4
1.470000E-7	2.432257E-4
1.470500E-7	2.791977E-4
1.471000E-7	2.911883E-4
1.471500E-7	2.809106E-4
1.472000E-7	2.586423E-4
1.472500E-7	2.278092E-4
1.473000E-7	1.747077E-4
1.473500E-7	9.591202E-5
1.474000E-7	3.253287E-5
1.474500E-7	1.699768E-6
1.475000E-7	-1.200383E-5
1.475500E-7	-8.577932E-6
1.476000E-7	2.396812E-5
1.476500E-7	6.507892E-5
1.477000E-7	1.010509E-4
1.477500E-7	1.353099E-4
1.478000E-7	1.627171E-4
1.478500E-7	1.541523E-4
1.479000E-7	1.113286E-4
1.479500E-7	4.966237E-5
1.480000E-7	-1.371678E-5
1.480500E-7	-5.140168E-5
1.481000E-7	-5.654053E-5
1.481500E-7	-3.427218E-5
1.482000E-7	8.551568E-6
1.482500E-7	5.994007E-5
1.483000E-7	9.248612E-5
1.483500E-7	1.181804E-4
1.484000E-7	1.592912E-4
1.484500E-7	2.175315E-4
1.485000E-7	2.637811E-4
1.485500E-7	2.843365E-4
1.486000E-7	2.791977E-4
1.486500E-7	2.449387E-4
1.487000E-7	1.952631E-4
1.487500E-7	1.490135E-4
1.488000E-7	1.079027E-4
1.488500E-7	6.507892E-5
1.489000E-7	2.910697E-5
1.489500E-7	6.838618E-6
1.490000E-7	-1.318176E-8
1.490500E-7	-1.726132E-6
1.491000E-7	-8.577932E-6
1.491500E-7	-1.714268E-5
1.492000E-7	-2.570743E-5
1.492500E-7	-3.598513E-5
1.493000E-7	-5.311463E-5
1.493500E-7	-7.367003E-5
1.494000E-7	-9.251248E-5
1.494500E-7	-1.130679E-4
1.495000E-7	-1.387621E-4
1.495500E-7	-1.678823E-4
1.496000E-7	-1.987154E-4
1.496500E-7	-2.312614E-4
1.497000E-7	-2.620945E-4
1.497500E-7	-2.826499E-4
1.498000E-7	-2.929276E-4
1.498500E-7	-2.963535E-4
1.499000E-7	-2.997794E-4
1.499500E-7	-2.929276E-4
1.500000E-7	-2.638075E-4
1.500500E-7	-2.244096E-4
1.501000E-7	-1.884377E-4
1.501500E-7	-1.473269E-4
1.502000E-7	-9.936428E-5
1.502500E-7	-5.825348E-5
1.503000E-7	-4.968873E-5
1.503500E-7	-6.339233E-5
1.504000E-7	-8.394773E-5
1.504500E-7	-1.079290E-4
1.505000E-7	-1.336233E-4
1.505500E-7	-1.490398E-4
1.506000E-7	-1.541787E-4
1.506500E-7	-1.473269E-4
1.507000E-7	-1.216326E-4
1.507500E-7	-7.709593E-5
1.508000E-7	-2.570743E-5
1.508500E-7	2.910697E-5
1.509000E-7	8.906022E-5
1.509500E-7	1.524394E-4
1.510000E-7	2.175315E-4
1.510500E-7	2.637811E-4
1.511000E-7	2.826236E-4
1.511500E-7	2.826236E-4
1.512000E-7	2.723459E-4
1.512500E-7	2.500775E-4
1.513000E-7	2.346610E-4
1.513500E-7	2.346610E-4
1.514000E-7	2.415128E-4
1.514500E-7	2.483646E-4
1.515000E-7	2.689200E-4
1.515500E-7	2.877624E-4
1.516000E-7	3.014660E-4
1.516500E-7	3.083178E-4
1.517000E-7	3.134567E-4
1.517500E-7	3.185955E-4
1.518000E-7	3.271603E-4
1.518500E-7	3.340121E-4
1.519000E-7	3.322991E-4
1.519500E-7	3.254473E-4
1.520000E-7	3.185955E-4
1.520500E-7	3.066049E-4
1.521000E-7	2.791977E-4
1.521500E-7	2.466516E-4
1.522000E-7	2.260962E-4
1.522500E-7	2.278092E-4
1.523000E-7	2.415128E-4
1.523500E-7	2.654941E-4
1.524000E-7	3.134567E-4
1.524500E-7	3.939653E-4
1.525000E-7	4.881776E-4
1.525500E-7	5.532697E-4
1.526000E-7	5.841028E-4
1.526500E-7	6.115100E-4
1.527000E-7	6.320654E-4
1.527500E-7	6.183618E-4
1.528000E-7	5.566956E-4
1.528500E-7	4.556315E-4
1.529000E-7	3.288732E-4
1.529500E-7	1.832725E-4
1.530000E-7	2.910697E-5
1.530500E-7	-1.336233E-4
1.531000E-7	-2.860758E-4
1.531500E-7	-3.768622E-4
1.532000E-7	-4.008435E-4
1.532500E-7	-4.008435E-4
1.533000E-7	-3.854269E-4
1.533500E-7	-3.271866E-4
1.534000E-7	-2.278355E-4
1.534500E-7	-1.199197E-4
1.535000E-7	-2.399448E-5
1.535500E-7	7.021777E-5
1.536000E-7	1.610041E-4
1.536500E-7	2.346610E-4
1.537000E-7	2.689200E-4
1.537500E-7	2.466516E-4
1.538000E-7	1.884113E-4
1.538500E-7	1.079027E-4
1.539000E-7	-1.726132E-6
1.539500E-7	-1.353362E-4
1.540000E-7	-2.535298E-4
1.540500E-7	-3.408902E-4
1.541000E-7	-4.196859E-4
1.541500E-7	-4.813521E-4
1.542000E-7	-5.036205E-4
1.542500E-7	-4.899169E-4
1.543000E-7	-4.642226E-4
1.543500E-7	-4.265377E-4
1.544000E-7	-3.837140E-4
1.544500E-7	-3.426032E-4
1.545000E-7	-3.014924E-4
1.545500E-7	-2.638075E-4
1.546000E-7	-2.381132E-4
1.546500E-7	-2.295485E-4
1.547000E-7	-2.295485E-4
1.547500E-7	-2.329744E-4
1.548000E-7	-2.312614E-4
1.548500E-7	-2.141319E-4
1.549000E-7	-1.832988E-4
1.549500E-7	-1.490398E-4
1.550000E-7	-1.113549E-4
1.550500E-7	-7.709593E-5
1.551000E-7	-6.510528E-5
1.551500E-7	-7.709593E-5
1.552000E-7	-1.113549E-4
1.552500E-7	-1.713082E-4
1.553000E-7	-2.483909E-4
1.553500E-7	-3.220478E-4
1.554000E-7	-3.751492E-4
1.554500E-7	-4.128341E-4
1.555000E-7	-4.282507E-4
1.555500E-7	-4.128341E-4
1.556000E-7	-3.717233E-4
1.556500E-7	-3.186219E-4
1.557000E-7	-2.483909E-4
1.557500E-7	-1.627434E-4
1.558000E-7	-7.024413E-5
1.558500E-7	1.882927E-5
1.559000E-7	1.079027E-4
1.559500E-7	1.798466E-4
1.560000E-7	2.397998E-4
1.560500E-7	2.723459E-4
1.561000E-7	2.723459E-4
1.561500E-7	2.500775E-4
1.562000E-7	2.397998E-4
1.562500E-7	2.535034E-4
1.563000E-7	2.791977E-4
1.563500E-7	3.134567E-4
1.564000E-7	3.699840E-4
1.564500E-7	4.247984E-4
1.565000E-7	4.385020E-4
1.565500E-7	4.265114E-4
1.566000E-7	4.213725E-4
1.566500E-7	4.162337E-4
1.567000E-7	3.888265E-4
1.567500E-7	3.322991E-4
1.568000E-7	2.603552E-4
1.568500E-7	1.935502E-4
1.569000E-7	1.473005E-4
1.569500E-7	1.130415E-4
1.570000E-7	8.734727E-5
1.570500E-7	8.563432E-5
1.571000E-7	1.096156E-4
1.571500E-7	1.198933E-4
1.572000E-7	1.113286E-4
1.572500E-7	1.198933E-4
1.573000E-7	1.524394E-4
1.573500E-7	1.815595E-4
1.574000E-7	2.004020E-4
1.574500E-7	2.004020E-4
1.575000E-7	1.558653E-4
1.575500E-7	7.535662E-5
1.576000E-7	-1.371678E-5
1.576500E-7	-8.908658E-5
1.577000E-7	-1.490398E-4
1.577500E-7	-1.901506E-4
1.578000E-7	-2.107060E-4
1.578500E-7	-2.175578E-4
1.579000E-7	-2.055672E-4
1.579500E-7	-1.558916E-4
1.580000E-7	-7.538298E-5
1.580500E-7	1.197747E-5
1.581000E-7	1.027638E-4
1.581500E-7	1.986890E-4
1.582000E-7	2.654941E-4
1.582500E-7	2.757718E-4
1.583000E-7	2.449387E-4
1.583500E-7	1.986890E-4
1.584000E-7	1.250322E-4
1.584500E-7	3.081992E-5
1.585000E-7	-5.825348E-5
1.585500E-7	-1.404751E-4
1.586000E-7	-2.175578E-4
1.586500E-7	-2.655204E-4
1.587000E-7	-2.860758E-4
1.587500E-7	-3.117701E-4
1.588000E-7	-3.426032E-4
1.588500E-7	-3.648715E-4
1.589000E-7	-3.957046E-4
1.589500E-7	-4.419543E-4
1.590000E-7	-4.916298E-4
1.590500E-7	-5.293147E-4
1.591000E-7	-5.498701E-4
1.591500E-7	-5.481572E-4
1.592000E-7	-5.361665E-4
1.592500E-7	-5.173241E-4
1.593000E-7	-4.796392E-4
1.593500E-7	-4.299636E-4
1.594000E-7	-3.768622E-4
1.594500E-7	-3.271866E-4
1.595000E-7	-2.809370E-4
1.595500E-7	-2.415391E-4
1.596000E-7	-1.952895E-4
1.596500E-7	-1.473269E-4
1.597000E-7	-1.130679E-4
1.597500E-7	-9.765133E-5
1.598000E-7	-8.052183E-5
1.598500E-7	-5.140168E-5
1.599000E-7	-2.228153E-5
1.599500E-7	1.699768E-6
1.600000E-7	3.081992E-5
1.600500E-7	5.651417E-5
1.601000E-7	7.878252E-5
1.601500E-7	9.762497E-5
1.602000E-7	1.130415E-4
1.602500E-7	1.318840E-4
1.603000E-7	1.490135E-4
1.603500E-7	1.507264E-4
1.604000E-7	1.284581E-4
1.604500E-7	9.762497E-5
1.605000E-7	8.049547E-5
1.605500E-7	6.679187E-5
1.606000E-7	3.253287E-5
1.606500E-7	-1.885563E-5
1.607000E-7	-7.709593E-5
1.607500E-7	-1.439010E-4
1.608000E-7	-2.278355E-4
1.608500E-7	-3.083442E-4
1.609000E-7	-3.631586E-4
1.609500E-7	-3.974176E-4
1.610000E-7	-4.282507E-4
1.610500E-7	-4.419543E-4
1.611000E-7	-4.385284E-4
1.611500E-7	-4.179730E-4
1.612000E-7	-3.785751E-4
1.612500E-7	-2.963535E-4
1.613000E-7	-1.815859E-4
1.613500E-7	-4.797578E-5
1.614000E-7	1.079027E-4
1.614500E-7	2.774847E-4
1.615000E-7	4.299373E-4
1.615500E-7	5.498438E-4
1.616000E-7	6.474819E-4
1.616500E-7	7.279906E-4
1.617000E-7	7.879438E-4
1.617500E-7	8.187769E-4
1.618000E-7	8.239158E-4
1.618500E-7	8.067863E-4
1.619000E-7	7.468330E-4
1.619500E-7	6.406301E-4
1.620000E-7	5.207236E-4
1.620500E-7	4.213725E-4
1.621000E-7	3.271603E-4
1.621500E-7	2.278092E-4
1.622000E-7	1.490135E-4
1.622500E-7	1.044768E-4
1.623000E-7	8.220842E-5
1.623500E-7	8.563432E-5
1.624000E-7	1.301710E-4
1.624500E-7	1.918372E-4
1.625000E-7	2.483646E-4
1.625500E-7	2.963272E-4
1.626000E-7	3.357250E-4
1.626500E-7	3.597063E-4
1.627000E-7	3.785488E-4
1.627500E-7	3.973912E-4
1.628000E-7	3.991042E-4
1.628500E-7	3.871135E-4
1.629000E-7	3.905394E-4
1.629500E-7	3.973912E-4
1.630000E-7	3.871135E-4
1.630500E-7	3.614193E-4
1.631000E-7	3.442898E-4
1.631500E-7	3.340121E-4
1.632000E-7	3.340121E-4
1.632500E-7	3.408639E-4
1.633000E-7	3.579934E-4
1.633500E-7	3.614193E-4
1.634000E-7	3.494286E-4
1.634500E-7	3.271603E-4
1.635000E-7	2.997531E-4
1.635500E-7	2.535034E-4
1.636000E-7	1.764207E-4
1.636500E-7	9.248612E-5
1.637000E-7	2.396812E-5
1.637500E-7	-3.427218E-5
1.638000E-7	-8.566068E-5
1.638500E-7	-1.164938E-4
1.639000E-7	-1.079290E-4
1.639500E-7	-7.024413E-5
1.640000E-7	-2.399448E-5
1.640500E-7	4.109762E-5
1.641000E-7	1.301710E-4
1.641500E-7	2.278092E-4
1.642000E-7	3.254473E-4
1.642500E-7	4.093819E-4
1.643000E-7	4.556315E-4
1.643500E-7	4.419279E-4
1.644000E-7	3.699840E-4
1.644500E-7	2.466516E-4
1.645000E-7	9.933792E-5
1.645500E-7	-3.769808E-5
1.646000E-7	-1.404751E-4
1.646500E-7	-2.107060E-4
1.647000E-7	-2.398262E-4
1.647500E-7	-2.175578E-4
1.648000E-7	-1.576046E-4
1.648500E-7	-8.052183E-5
1.649000E-7	-3.439082E-6
1.649500E-7	5.994007E-5
1.650000E-7	1.164674E-4
1.650500E-7	1.661430E-4
1.651000E-7	1.969761E-4
1.651500E-7	1.986890E-4
1.652000E-7	1.815595E-4
1.652500E-7	1.695689E-4
1.653000E-7	1.781336E-4
1.653500E-7	2.004020E-4
1.654000E-7	2.226703E-4
1.654500E-7	2.449387E-4
1.655000E-7	2.620682E-4
1.655500E-7	2.569293E-4
1.656000E-7	2.346610E-4
1.656500E-7	2.055408E-4
1.657000E-7	1.661430E-4
1.657500E-7	9.077317E-5
1.658000E-7	-6.864982E-6
1.658500E-7	-9.765133E-5
1.659000E-7	-1.490398E-4
1.659500E-7	-1.524657E-4
1.660000E-7	-1.182067E-4
1.660500E-7	-5.311463E-5
1.661000E-7	4.452352E-5
1.661500E-7	1.558653E-4
1.662000E-7	2.586423E-4
1.662500E-7	3.562804E-4
1.663000E-7	4.350761E-4
1.663500E-7	4.573445E-4
1.664000E-7	4.265114E-4
1.664500E-7	3.682711E-4
1.665000E-7	3.031790E-4
1.665500E-7	2.432257E-4
1.666000E-7	1.798466E-4
1.666500E-7	1.181804E-4
1.667000E-7	6.679187E-5
1.667500E-7	3.253287E-5
1.668000E-7	-1.542973E-5
1.668500E-7	-9.765133E-5
1.669000E-7	-1.747341E-4
1.669500E-7	-2.158449E-4
1.670000E-7	-2.535298E-4
1.670500E-7	-3.014924E-4
1.671000E-7	-3.186219E-4
1.671500E-7	-2.895017E-4
1.672000E-7	-2.278355E-4
1.672500E-7	-1.336233E-4
1.673000E-7	-5.152032E-6
1.673500E-7	1.370228E-4
1.674000E-7	2.620682E-4
1.674500E-7	3.579934E-4
1.675000E-7	4.282243E-4
1.675500E-7	4.744740E-4
1.676000E-7	4.916035E-4
1.676500E-7	4.864646E-4
1.677000E-7	4.556315E-4
1.677500E-7	4.093819E-4
1.678000E-7	3.716970E-4
1.678500E-7	3.665581E-4
1.679000E-7	3.854006E-4
1.679500E-7	4.299373E-4
1.680000E-7	4.916035E-4
1.680500E-7	5.429920E-4
1.681000E-7	5.635474E-4
1.681500E-7	5.464179E-4
1.682000E-7	4.796128E-4
1.682500E-7	3.597063E-4
1.683000E-7	2.243833E-4
1.683500E-7	8.734727E-5
1.684000E-7	-4.797578E-5
1.684500E-7	-1.627434E-4
1.685000E-7	-2.483909E-4
1.685500E-7	-3.254737E-4
1.686000E-7	-3.854269E-4
1.686500E-7	-3.974176E-4
1.687000E-7	-3.580197E-4
1.687500E-7	-2.809370E-4
1.688000E-7	-1.798729E-4
1.688500E-7	-1.010772E-4
1.689000E-7	-6.853118E-5
1.689500E-7	-5.654053E-5
1.690000E-7	-6.167938E-5
1.690500E-7	-1.062161E-4
1.691000E-7	-1.730211E-4
1.691500E-7	-2.226967E-4
1.692000E-7	-2.449650E-4
1.692500E-7	-2.415391E-4
1.693000E-7	-2.124190E-4
1.693500E-7	-1.661693E-4
1.694000E-7	-1.010772E-4
1.694500E-7	-1.318176E-8
1.695000E-7	9.248612E-5
1.695500E-7	1.370228E-4
1.696000E-7	1.541523E-4
1.696500E-7	1.627171E-4
1.697000E-7	1.387358E-4
1.697500E-7	7.878252E-5
1.698000E-7	2.568107E-5
1.698500E-7	-1.371678E-5
1.699000E-7	-5.482758E-5
1.699500E-7	-7.538298E-5
1.700000E-7	-5.482758E-5
1.700500E-7	-3.439082E-6
1.701000E-7	5.994007E-5
1.701500E-7	1.113286E-4
1.702000E-7	1.301710E-4
1.702500E-7	1.061897E-4
1.703000E-7	4.794942E-5
1.703500E-7	-3.427218E-5
1.704000E-7	-1.541787E-4
1.704500E-7	-3.014924E-4
1.705000E-7	-4.505190E-4
1.705500E-7	-5.824162E-4
1.706000E-7	-6.886191E-4
1.706500E-7	-7.571371E-4
1.707000E-7	-7.725537E-4
1.707500E-7	-7.177393E-4
1.708000E-7	-6.012587E-4
1.708500E-7	-4.453802E-4
1.709000E-7	-2.689463E-4
1.709500E-7	-8.566068E-5
1.710000E-7	8.906022E-5
1.710500E-7	2.209574E-4
1.711000E-7	2.894754E-4
1.711500E-7	2.980401E-4
1.712000E-7	2.723459E-4
1.712500E-7	2.192444E-4
1.713000E-7	1.404487E-4
1.713500E-7	3.253287E-5
1.714000E-7	-8.394773E-5
1.714500E-7	-1.815859E-4
1.715000E-7	-2.518168E-4
1.715500E-7	-2.946406E-4
1.716000E-7	-3.066312E-4
1.716500E-7	-2.860758E-4
1.717000E-7	-2.620945E-4
1.717500E-7	-2.466780E-4
1.718000E-7	-2.449650E-4
1.718500E-7	-2.466780E-4
1.719000E-7	-2.655204E-4
1.719500E-7	-3.100571E-4
1.720000E-7	-3.734363E-4
1.720500E-7	-4.282507E-4
1.721000E-7	-4.659356E-4
1.721500E-7	-4.933428E-4
1.722000E-7	-4.984816E-4
1.722500E-7	-4.573708E-4
1.723000E-7	-3.939917E-4
1.723500E-7	-3.391773E-4
1.724000E-7	-2.860758E-4
1.724500E-7	-2.004283E-4
1.725000E-7	-1.182067E-4
1.725500E-7	-7.880888E-5
1.726000E-7	-6.681823E-5
1.726500E-7	-3.427218E-5
1.727000E-7	1.882927E-5
1.727500E-7	6.679187E-5
1.728000E-7	1.079027E-4
1.728500E-7	1.490135E-4
1.729000E-7	1.815595E-4
1.729500E-7	2.021149E-4
1.730000E-7	2.278092E-4
1.730500E-7	2.620682E-4
1.731000E-7	2.911883E-4
1.731500E-7	3.168826E-4
1.732000E-7	3.340121E-4
1.732500E-7	3.442898E-4
1.733000E-7	3.528545E-4
1.733500E-7	3.682711E-4
1.734000E-7	3.785488E-4
1.734500E-7	3.768358E-4
1.735000E-7	3.665581E-4
1.735500E-7	3.425768E-4
1.736000E-7	2.894754E-4
1.736500E-7	2.072538E-4
1.737000E-7	1.250322E-4
1.737500E-7	7.193072E-5
1.738000E-7	2.739402E-5
1.738500E-7	-2.913333E-5
1.739000E-7	-8.394773E-5
1.739500E-7	-1.182067E-4
1.740000E-7	-1.387621E-4
1.740500E-7	-1.473269E-4
1.741000E-7	-1.267715E-4
1.741500E-7	-7.709593E-5
1.742000E-7	-3.439082E-6
1.742500E-7	8.906022E-5
1.743000E-7	1.918372E-4
1.743500E-7	2.946142E-4
1.744000E-7	3.956783E-4
1.744500E-7	4.847517E-4
1.745000E-7	5.618344E-4
1.745500E-7	6.132229E-4
1.746000E-7	6.286395E-4
1.746500E-7	6.097970E-4
1.747000E-7	5.618344E-4
1.747500E-7	4.898905E-4
1.748000E-7	3.785488E-4
1.748500E-7	2.432257E-4
1.749000E-7	1.113286E-4
1.749500E-7	1.197747E-5
1.750000E-7	-4.797578E-5
1.750500E-7	-7.367003E-5
1.751000E-7	-7.195708E-5
1.751500E-7	-4.797578E-5
1.752000E-7	-1.714268E-5
1.752500E-7	2.396812E-5
1.753000E-7	8.049547E-5
1.753500E-7	1.370228E-4
1.754000E-7	1.781336E-4
1.754500E-7	2.038279E-4
1.755000E-7	2.106797E-4
1.755500E-7	1.764207E-4
1.756000E-7	1.301710E-4
1.756500E-7	8.563432E-5
1.757000E-7	2.910697E-5
1.757500E-7	-3.769808E-5
1.758000E-7	-7.367003E-5
1.758500E-7	-7.880888E-5
1.759000E-7	-6.681823E-5
1.759500E-7	-3.255923E-5
1.760000E-7	2.739402E-5
1.760500E-7	9.248612E-5
1.761000E-7	1.541523E-4
1.761500E-7	2.089667E-4
1.762000E-7	2.449387E-4
1.762500E-7	2.586423E-4
1.763000E-7	2.432257E-4
1.763500E-7	1.884113E-4
1.764000E-7	1.147545E-4
1.764500E-7	3.938467E-5
1.765000E-7	-3.255923E-5
1.765500E-7	-8.737363E-5
1.766000E-7	-1.164938E-4
1.766500E-7	-1.216326E-4
1.767000E-7	-1.199197E-4
1.767500E-7	-1.147808E-4
1.768000E-7	-1.130679E-4
1.768500E-7	-1.216326E-4
1.769000E-7	-1.301974E-4
1.769500E-7	-1.387621E-4
1.770000E-7	-1.627434E-4
1.770500E-7	-1.935765E-4
1.771000E-7	-2.089931E-4
1.771500E-7	-2.124190E-4
1.772000E-7	-2.124190E-4
1.772500E-7	-1.970024E-4
1.773000E-7	-1.593175E-4
1.773500E-7	-1.113549E-4
1.774000E-7	-6.510528E-5
1.774500E-7	-1.726132E-6
1.775000E-7	7.535662E-5
1.775500E-7	1.610041E-4
1.776000E-7	2.740588E-4
1.776500E-7	4.076689E-4
1.777000E-7	5.275754E-4
1.777500E-7	6.132229E-4
1.778000E-7	6.611855E-4
1.778500E-7	6.766021E-4
1.779000E-7	6.543337E-4
1.779500E-7	5.926675E-4
1.780000E-7	4.881776E-4
1.780500E-7	3.511416E-4
1.781000E-7	1.986890E-4
1.781500E-7	4.966237E-5
1.782000E-7	-8.052183E-5
1.782500E-7	-1.661693E-4
1.783000E-7	-1.935765E-4
1.783500E-7	-1.952895E-4
1.784000E-7	-1.764470E-4
1.784500E-7	-1.250585E-4
1.785000E-7	-5.311463E-5
1.785500E-7	2.225517E-5
1.786000E-7	9.762497E-5
1.786500E-7	1.575782E-4
1.787000E-7	1.764207E-4
1.787500E-7	1.661430E-4
1.788000E-7	1.558653E-4
1.788500E-7	1.284581E-4
1.789000E-7	7.364367E-5
1.789500E-7	1.369042E-5
1.790000E-7	-2.399448E-5
1.790500E-7	-5.311463E-5
1.791000E-7	-8.052183E-5
1.791500E-7	-1.027902E-4
1.792000E-7	-1.199197E-4
1.792500E-7	-1.216326E-4
1.793000E-7	-1.010772E-4
1.793500E-7	-8.052183E-5
1.794000E-7	-7.709593E-5
1.794500E-7	-7.367003E-5
1.795000E-7	-4.797578E-5
1.795500E-7	-4.283693E-5
1.796000E-7	-6.681823E-5
1.796500E-7	-9.593838E-5
1.797000E-7	-1.079290E-4
1.797500E-7	-1.233456E-4
1.798000E-7	-1.421880E-4
1.798500E-7	-1.507528E-4
1.799000E-7	-1.404751E-4
1.799500E-7	-1.096420E-4
1.800000E-7	-6.510528E-5
1.800500E-7	-1.885563E-5
1.801000E-7	1.540337E-5
1.801500E-7	3.938467E-5
1.802000E-7	7.021777E-5
1.802500E-7	1.130415E-4
1.803000E-7	1.524394E-4
1.803500E-7	1.781336E-4
1.804000E-7	1.918372E-4
1.804500E-7	2.055408E-4
1.805000E-7	2.004020E-4
1.805500E-7	1.849854E-4
1.806000E-7	1.747077E-4
1.806500E-7	1.712818E-4
1.807000E-7	1.627171E-4
1.807500E-7	1.592912E-4
1.808000E-7	1.678559E-4
1.808500E-7	1.832725E-4
1.809000E-7	1.986890E-4
1.809500E-7	2.243833E-4
1.810000E-7	2.654941E-4
1.810500E-7	3.100308E-4
1.811000E-7	3.494286E-4
1.811500E-7	3.802617E-4
1.812000E-7	3.956783E-4
1.812500E-7	3.836876E-4
1.813000E-7	3.391509E-4
1.813500E-7	2.791977E-4
1.814000E-7	2.072538E-4
1.814500E-7	1.113286E-4
1.815000E-7	8.551568E-6
1.815500E-7	-7.195708E-5
1.816000E-7	-1.353362E-4
1.816500E-7	-1.952895E-4
1.817000E-7	-2.312614E-4
1.817500E-7	-2.261226E-4
1.818000E-7	-2.038542E-4
1.818500E-7	-1.832988E-4
1.819000E-7	-1.558916E-4
1.819500E-7	-1.182067E-4
1.820000E-7	-8.566068E-5
1.820500E-7	-4.968873E-5
1.821000E-7	-1.200383E-5
1.821500E-7	3.412718E-6
1.822000E-7	-1.371678E-5
1.822500E-7	-3.427218E-5
1.823000E-7	-4.283693E-5
1.823500E-7	-5.140168E-5
1.824000E-7	-5.482758E-5
1.824500E-7	-4.797578E-5
1.825000E-7	-3.084628E-5
1.825500E-7	-2.056858E-5
1.826000E-7	-2.228153E-5
1.826500E-7	-3.941103E-5
1.827000E-7	-5.825348E-5
1.827500E-7	-6.853118E-5
1.828000E-7	-7.880888E-5
1.828500E-7	-8.052183E-5
1.829000E-7	-5.654053E-5
1.829500E-7	-1.726132E-6
1.830000E-7	6.336597E-5
1.830500E-7	1.387358E-4
1.831000E-7	2.278092E-4
1.831500E-7	2.963272E-4
1.832000E-7	3.237344E-4
1.832500E-7	3.322991E-4
1.833000E-7	3.357250E-4
1.833500E-7	3.031790E-4
1.834000E-7	2.295221E-4
1.834500E-7	1.592912E-4
1.835000E-7	1.061897E-4
1.835500E-7	4.966237E-5
1.836000E-7	3.412718E-6
1.836500E-7	-5.152032E-6
1.837000E-7	8.551568E-6
1.837500E-7	3.595877E-5
1.838000E-7	8.906022E-5
1.838500E-7	1.575782E-4
1.839000E-7	1.952631E-4
1.839500E-7	1.952631E-4
1.840000E-7	1.781336E-4
1.840500E-7	1.438746E-4
1.841000E-7	7.193072E-5
1.841500E-7	-2.399448E-5
1.842000E-7	-1.250585E-4
1.842500E-7	-2.089931E-4
1.843000E-7	-2.723722E-4
1.843500E-7	-3.117701E-4
1.844000E-7	-3.306125E-4
1.844500E-7	-3.220478E-4
1.845000E-7	-2.929276E-4
1.845500E-7	-2.535298E-4
1.846000E-7	-2.124190E-4
1.846500E-7	-1.661693E-4
1.847000E-7	-1.079290E-4
1.847500E-7	-4.797578E-5
1.848000E-7	-8.577932E-6
1.848500E-7	1.699768E-6
1.849000E-7	6.838618E-6
1.849500E-7	1.026452E-5
1.850000E-7	1.026452E-5
1.850500E-7	2.396812E-5
1.851000E-7	5.137532E-5
1.851500E-7	7.535662E-5
1.852000E-7	1.061897E-4
1.852500E-7	1.558653E-4
1.853000E-7	2.021149E-4
1.853500E-7	2.363739E-4
1.854000E-7	2.757718E-4
1.854500E-7	3.151696E-4
1.855000E-7	3.425768E-4
1.855500E-7	3.597063E-4
1.856000E-7	3.734099E-4
1.856500E-7	3.734099E-4
1.857000E-7	3.579934E-4
1.857500E-7	3.322991E-4
1.858000E-7	3.048919E-4
1.858500E-7	2.757718E-4
1.859000E-7	2.535034E-4
1.859500E-7	2.586423E-4
1.860000E-7	2.877624E-4
1.860500E-7	3.100308E-4
1.861000E-7	3.168826E-4
1.861500E-7	3.220214E-4
1.862000E-7	3.271603E-4
1.862500E-7	3.185955E-4
1.863000E-7	2.689200E-4
1.863500E-7	1.901243E-4
1.864000E-7	1.113286E-4
1.864500E-7	5.137532E-5
1.865000E-7	-5.152032E-6
1.865500E-7	-6.339233E-5
1.866000E-7	-9.422543E-5
1.866500E-7	-8.394773E-5
1.867000E-7	-5.311463E-5
1.867500E-7	-2.399448E-5
1.868000E-7	8.551568E-6
1.868500E-7	4.966237E-5
1.869000E-7	9.419907E-5
1.869500E-7	1.387358E-4
1.870000E-7	1.729948E-4
1.870500E-7	2.038279E-4
1.871000E-7	2.260962E-4
1.871500E-7	2.260962E-4
1.872000E-7	1.952631E-4
1.872500E-7	1.644300E-4
1.873000E-7	1.473005E-4
1.873500E-7	1.267451E-4
1.874000E-7	9.248612E-5
1.874500E-7	6.165302E-5
1.875000E-7	4.109762E-5
1.875500E-7	8.551568E-6
1.876000E-7	-3.598513E-5
1.876500E-7	-7.367003E-5
1.877000E-7	-1.113549E-4
1.877500E-7	-1.695952E-4
1.878000E-7	-2.381132E-4
1.878500E-7	-3.100571E-4
1.879000E-7	-3.905658E-4
1.879500E-7	-4.847780E-4
1.880000E-7	-5.926939E-4
1.880500E-7	-6.783414E-4
1.881000E-7	-7.143134E-4
1.881500E-7	-7.091745E-4
1.882000E-7	-6.800544E-4
1.882500E-7	-6.218141E-4
1.883000E-7	-5.121852E-4
1.883500E-7	-3.751492E-4
1.884000E-7	-2.552427E-4
1.884500E-7	-1.524657E-4
1.885000E-7	-5.482758E-5
1.885500E-7	3.253287E-5
1.886000E-7	8.906022E-5
1.886500E-7	1.181804E-4
1.887000E-7	1.318840E-4
1.887500E-7	1.181804E-4
1.888000E-7	8.220842E-5
1.888500E-7	3.595877E-5
1.889000E-7	-8.577932E-6
1.889500E-7	-5.311463E-5
1.890000E-7	-1.010772E-4
1.890500E-7	-1.524657E-4
1.891000E-7	-2.055672E-4
1.891500E-7	-2.466780E-4
1.892000E-7	-2.672334E-4
1.892500E-7	-2.723722E-4
1.893000E-7	-2.501039E-4
1.893500E-7	-1.935765E-4
1.894000E-7	-1.062161E-4
1.894500E-7	-1.542973E-5
1.895000E-7	6.507892E-5
1.895500E-7	1.301710E-4
1.896000E-7	1.884113E-4
1.896500E-7	2.397998E-4
1.897000E-7	2.911883E-4
1.897500E-7	3.477157E-4
1.898000E-7	4.008171E-4
1.898500E-7	4.299373E-4
1.899000E-7	4.265114E-4
1.899500E-7	3.922524E-4
1.900000E-7	3.528545E-4
1.900500E-7	3.322991E-4
1.901000E-7	3.185955E-4
1.901500E-7	2.963272E-4
1.902000E-7	2.706329E-4
1.902500E-7	2.620682E-4
1.903000E-7	2.637811E-4
1.903500E-7	2.654941E-4
1.904000E-7	2.826236E-4
1.904500E-7	3.237344E-4
1.905000E-7	3.734099E-4
1.905500E-7	4.042430E-4
1.906000E-7	4.110948E-4
1.906500E-7	3.973912E-4
1.907000E-7	3.597063E-4
1.907500E-7	2.860495E-4
1.908000E-7	1.678559E-4
1.908500E-7	2.910697E-5
1.909000E-7	-1.113549E-4
1.909500E-7	-2.620945E-4
1.910000E-7	-4.094082E-4
1.910500E-7	-5.156111E-4
1.911000E-7	-5.584349E-4
1.911500E-7	-5.413054E-4
1.912000E-7	-4.745003E-4
1.912500E-7	-3.511679E-4
1.913000E-7	-1.952895E-4
1.913500E-7	-3.255923E-5
1.914000E-7	1.113286E-4
1.914500E-7	2.312351E-4
1.915000E-7	3.237344E-4
1.915500E-7	3.716970E-4
1.916000E-7	3.545675E-4
1.916500E-7	2.826236E-4
1.917000E-7	1.747077E-4
1.917500E-7	5.308827E-5
1.918000E-7	-5.482758E-5
1.918500E-7	-1.336233E-4
1.919000E-7	-1.730211E-4
1.919500E-7	-1.695952E-4
1.920000E-7	-1.267715E-4
1.920500E-7	-5.654053E-5
1.921000E-7	3.253287E-5
1.921500E-7	1.421617E-4
1.922000E-7	2.517905E-4
1.922500E-7	3.374380E-4
1.923000E-7	3.922524E-4
1.923500E-7	4.179466E-4
1.924000E-7	4.179466E-4
1.924500E-7	3.905394E-4
1.925000E-7	3.408639E-4
1.925500E-7	2.860495E-4
1.926000E-7	2.346610E-4
1.926500E-7	1.798466E-4
1.927000E-7	1.318840E-4
1.927500E-7	1.027638E-4
1.928000E-7	9.248612E-5
1.928500E-7	7.193072E-5
1.929000E-7	3.767172E-5
1.929500E-7	1.699768E-6
1.930000E-7	-3.598513E-5
1.930500E-7	-8.908658E-5
1.931000E-7	-1.421880E-4
1.931500E-7	-1.524657E-4
1.932000E-7	-1.336233E-4
1.932500E-7	-1.182067E-4
1.933000E-7	-1.130679E-4
1.933500E-7	-8.223478E-5
1.934000E-7	-3.255923E-5
1.934500E-7	2.225517E-5
1.935000E-7	6.850482E-5
1.935500E-7	9.077317E-5
1.936000E-7	8.392137E-5
1.936500E-7	7.535662E-5
1.937000E-7	6.507892E-5
1.937500E-7	2.910697E-5
1.938000E-7	-2.056858E-5
1.938500E-7	-4.626283E-5
1.939000E-7	-5.482758E-5
1.939500E-7	-7.367003E-5
1.940000E-7	-9.251248E-5
1.940500E-7	-1.045031E-4
1.941000E-7	-1.062161E-4
1.941500E-7	-9.765133E-5
1.942000E-7	-7.367003E-5
1.942500E-7	-4.112398E-5
1.943000E-7	-1.318176E-8
1.943500E-7	3.938467E-5
1.944000E-7	7.021777E-5
1.944500E-7	8.734727E-5
1.945000E-7	8.563432E-5
1.945500E-7	5.822712E-5
1.946000E-7	2.396812E-5
1.946500E-7	-5.152032E-6
1.947000E-7	-4.283693E-5
1.947500E-7	-8.566068E-5
1.948000E-7	-1.062161E-4
1.948500E-7	-1.027902E-4
1.949000E-7	-8.052183E-5
1.949500E-7	-3.427218E-5
1.950000E-7	3.424582E-5
1.950500E-7	1.130415E-4
1.951000E-7	1.918372E-4
1.951500E-7	2.620682E-4
1.952000E-7	2.980401E-4
1.952500E-7	3.014660E-4
1.953000E-7	2.689200E-4
1.953500E-7	2.106797E-4
1.954000E-7	1.438746E-4
1.954500E-7	6.679187E-5
1.955000E-7	-1.714268E-5
1.955500E-7	-8.394773E-5
1.956000E-7	-9.936428E-5
1.956500E-7	-7.367003E-5
1.957000E-7	-3.255923E-5
1.957500E-7	2.739402E-5
1.958000E-7	1.216063E-4
1.958500E-7	2.329480E-4
1.959000E-7	3.357250E-4
1.959500E-7	4.179466E-4
1.960000E-7	4.744740E-4
1.960500E-7	4.847517E-4
1.961000E-7	4.402150E-4
1.961500E-7	3.614193E-4
1.962000E-7	2.637811E-4
1.962500E-7	1.473005E-4
1.963000E-7	2.396812E-5
1.963500E-7	-8.737363E-5
1.964000E-7	-1.832988E-4
1.964500E-7	-2.655204E-4
1.965000E-7	-3.237607E-4
1.965500E-7	-3.563068E-4
1.966000E-7	-3.631586E-4
1.966500E-7	-3.580197E-4
1.967000E-7	-3.528809E-4
1.967500E-7	-3.340384E-4
1.968000E-7	-2.877888E-4
1.968500E-7	-2.364003E-4
1.969000E-7	-1.987154E-4
1.969500E-7	-1.695952E-4
1.970000E-7	-1.284844E-4
1.970500E-7	-8.223478E-5
1.971000E-7	-3.941103E-5
1.971500E-7	-3.439082E-6
1.972000E-7	3.767172E-5
1.972500E-7	8.734727E-5
1.973000E-7	1.335969E-4
1.973500E-7	1.712818E-4
1.974000E-7	2.192444E-4
1.974500E-7	2.774847E-4
1.975000E-7	3.322991E-4
1.975500E-7	3.922524E-4
1.976000E-7	4.659092E-4
1.976500E-7	5.395661E-4
1.977000E-7	6.063711E-4
1.977500E-7	6.800280E-4
1.978000E-7	7.468330E-4
1.978500E-7	7.879438E-4
1.979000E-7	7.965086E-4
1.979500E-7	7.776661E-4
1.980000E-7	7.262776E-4
1.980500E-7	6.474819E-4
1.981000E-7	5.395661E-4
1.981500E-7	4.110948E-4
1.982000E-7	2.826236E-4
1.982500E-7	1.575782E-4
1.983000E-7	3.767172E-5
1.983500E-7	-5.825348E-5
1.984000E-7	-1.267715E-4
1.984500E-7	-1.850118E-4
1.985000E-7	-2.346873E-4
1.985500E-7	-2.706593E-4
1.986000E-7	-2.792240E-4
1.986500E-7	-2.381132E-4
1.987000E-7	-1.644564E-4
1.987500E-7	-9.422543E-5
1.988000E-7	-3.427218E-5
1.988500E-7	1.197747E-5
1.989000E-7	1.882927E-5
1.989500E-7	-8.577932E-6
1.990000E-7	-3.941103E-5
1.990500E-7	-7.024413E-5
1.991000E-7	-1.267715E-4
1.991500E-7	-2.004283E-4
1.992000E-7	-2.569557E-4
1.992500E-7	-2.912147E-4
1.993000E-7	-3.083442E-4
1.993500E-7	-3.083442E-4
1.994000E-7	-2.775111E-4
1.994500E-7	-2.107060E-4
1.995000E-7	-1.216326E-4
1.995500E-7	-3.255923E-5
1.996000E-7	5.137532E-5
1.996500E-7	1.353099E-4
1.997000E-7	2.055408E-4
1.997500E-7	2.415128E-4
1.998000E-7	2.363739E-4
1.998500E-7	1.952631E-4
1.999000E-7	1.353099E-4
1.999500E-7	5.651417E-5
2.000000E-7	-3.427218E-5
