Study Name	PremaTech_CVD_SiC_HeandSi
Sample Name	2025-10-11
Run Name	spot04
Operator	Keshav
Date	10/11/2025
Time	16:36
Sign	POS
Grating Spacing	06.40um
Channel	3
Number Traces	10000
Files in Batch	1
Batch Number	7
dt	50.000001E-12
time stamp (ms)	4:43:23 PM
	
Time	Amplitude
0.000000E+0	6.167789E-5
5.000000E-11	1.542824E-5
1.000000E-10	-4.623796E-5
1.500000E-10	-9.591351E-5
2.000000E-10	-1.370243E-4
2.500000E-10	-1.764222E-4
3.000000E-10	-1.901258E-4
3.500000E-10	-1.695704E-4
4.000000E-10	-1.301725E-4
4.500000E-10	-8.563581E-5
5.000000E-10	-2.054371E-5
5.500000E-10	5.996494E-5
6.000000E-10	1.370477E-4
6.500000E-10	1.987139E-4
7.000000E-10	2.449636E-4
7.500000E-10	2.672319E-4
8.000000E-10	2.552413E-4
8.500000E-10	2.141304E-4
9.000000E-10	1.610290E-4
9.500000E-10	1.045016E-4
1.000000E-9	4.797429E-5
1.050000E-9	6.863493E-6
1.100000E-9	-1.883076E-5
1.150000E-9	-2.054371E-5
1.200000E-9	5.150543E-6
1.250000E-9	6.167789E-5
1.300000E-9	1.353347E-4
1.350000E-9	2.226952E-4
1.400000E-9	3.169075E-4
1.450000E-9	3.991291E-4
1.500000E-9	4.676471E-4
1.550000E-9	5.293133E-4
1.600000E-9	5.687111E-4
1.650000E-9	5.635723E-4
1.700000E-9	5.327392E-4
1.750000E-9	4.847766E-4
1.800000E-9	3.991291E-4
1.850000E-9	2.877873E-4
1.900000E-9	1.884362E-4
1.950000E-9	1.062146E-4
2.000000E-9	3.255774E-5
2.050000E-9	-1.883076E-5
2.100000E-9	-4.452501E-5
2.150000E-9	-5.308976E-5
2.200000E-9	-4.452501E-5
2.250000E-9	-2.225666E-5
2.300000E-9	-1.701257E-6
2.350000E-9	6.863493E-6
2.400000E-9	1.028939E-5
2.450000E-9	1.724643E-6
2.500000E-9	-1.711781E-5
2.550000E-9	-4.966386E-5
2.600000E-9	-9.248761E-5
2.650000E-9	-1.490150E-4
2.700000E-9	-2.021164E-4
2.750000E-9	-2.415143E-4
2.800000E-9	-2.706344E-4
2.850000E-9	-2.791992E-4
2.900000E-9	-2.586438E-4
2.950000E-9	-2.158200E-4
3.000000E-9	-1.695704E-4
3.050000E-9	-1.284596E-4
3.100000E-9	-8.049696E-5
3.150000E-9	-2.225666E-5
3.200000E-9	3.427069E-5
3.250000E-9	8.394625E-5
3.300000E-9	1.336218E-4
3.350000E-9	1.781585E-4
3.400000E-9	2.072786E-4
3.450000E-9	2.346859E-4
3.500000E-9	2.620931E-4
3.550000E-9	2.775096E-4
3.600000E-9	2.723708E-4
3.650000E-9	2.535283E-4
3.700000E-9	2.261211E-4
3.750000E-9	1.867232E-4
3.800000E-9	1.387606E-4
3.850000E-9	8.394625E-5
3.900000E-9	2.570594E-5
3.950000E-9	-3.253436E-5
4.000000E-9	-8.220991E-5
4.050000E-9	-1.164689E-4
4.100000E-9	-1.335984E-4
4.150000E-9	-1.421632E-4
4.200000E-9	-1.370243E-4
4.250000E-9	-1.130430E-4
4.300000E-9	-7.535811E-5
4.350000E-9	-3.424731E-5
4.400000E-9	8.576443E-6
4.450000E-9	4.112249E-5
4.500000E-9	6.510379E-5
4.550000E-9	8.223330E-5
4.600000E-9	8.737215E-5
4.650000E-9	7.366855E-5
4.700000E-9	4.454839E-5
4.750000E-9	1.028939E-5
4.800000E-9	-2.225666E-5
4.850000E-9	-5.651566E-5
4.900000E-9	-8.049696E-5
4.950000E-9	-7.878401E-5
5.000000E-9	-6.336746E-5
5.050000E-9	-4.281206E-5
5.100000E-9	-8.553057E-6
5.150000E-9	4.626134E-5
5.200000E-9	1.027887E-4
5.250000E-9	1.524642E-4
5.300000E-9	1.987139E-4
5.350000E-9	2.329729E-4
5.400000E-9	2.483895E-4
5.450000E-9	2.586672E-4
5.500000E-9	2.603801E-4
5.550000E-9	2.398247E-4
5.600000E-9	2.175563E-4
5.650000E-9	2.107045E-4
5.700000E-9	2.055657E-4
5.750000E-9	1.952880E-4
5.800000E-9	1.935750E-4
5.850000E-9	2.089916E-4
5.900000E-9	2.209822E-4
5.950000E-9	2.192693E-4
6.000000E-9	2.107045E-4
6.050000E-9	1.970009E-4
6.100000E-9	1.730196E-4
6.150000E-9	1.387606E-4
6.200000E-9	9.936280E-5
6.250000E-9	5.825199E-5
6.300000E-9	1.542824E-5
6.350000E-9	-3.253436E-5
6.400000E-9	-7.364516E-5
6.450000E-9	-1.010524E-4
6.500000E-9	-1.250337E-4
6.550000E-9	-1.490150E-4
6.600000E-9	-1.610056E-4
6.650000E-9	-1.610056E-4
6.700000E-9	-1.610056E-4
6.750000E-9	-1.575797E-4
6.800000E-9	-1.370243E-4
6.850000E-9	-1.079042E-4
6.900000E-9	-8.563581E-5
6.950000E-9	-6.508041E-5
7.000000E-9	-2.739551E-5
7.050000E-9	1.714119E-5
7.100000E-9	5.825199E-5
7.150000E-9	9.251100E-5
7.200000E-9	1.164923E-4
7.250000E-9	1.216311E-4
7.300000E-9	1.164923E-4
7.350000E-9	1.096405E-4
7.400000E-9	9.593690E-5
7.450000E-9	7.538150E-5
7.500000E-9	5.482609E-5
7.550000E-9	3.598364E-5
7.600000E-9	2.228004E-5
7.650000E-9	6.863493E-6
7.700000E-9	-5.127157E-6
7.750000E-9	-5.127157E-6
7.800000E-9	1.169292E-8
7.850000E-9	1.371529E-5
7.900000E-9	3.769659E-5
7.950000E-9	7.709445E-5
8.000000E-9	1.284829E-4
8.050000E-9	1.867232E-4
8.100000E-9	2.449636E-4
8.150000E-9	2.963521E-4
8.200000E-9	3.340370E-4
8.250000E-9	3.597312E-4
8.300000E-9	3.682960E-4
8.350000E-9	3.665830E-4
8.400000E-9	3.528794E-4
8.450000E-9	3.169075E-4
8.500000E-9	2.638060E-4
8.550000E-9	2.158434E-4
8.600000E-9	1.627419E-4
8.650000E-9	1.010757E-4
8.700000E-9	5.482609E-5
8.750000E-9	2.913184E-5
8.800000E-9	1.371529E-5
8.850000E-9	1.200234E-5
8.900000E-9	3.084479E-5
8.950000E-9	5.311314E-5
9.000000E-9	5.996494E-5
9.050000E-9	6.510379E-5
9.100000E-9	7.366855E-5
9.150000E-9	6.852969E-5
9.200000E-9	4.454839E-5
9.250000E-9	1.200234E-5
9.300000E-9	-2.396961E-5
9.350000E-9	-5.994156E-5
9.400000E-9	-9.591351E-5
9.450000E-9	-1.301725E-4
9.500000E-9	-1.610056E-4
9.550000E-9	-1.798481E-4
9.600000E-9	-1.781351E-4
9.650000E-9	-1.610056E-4
9.700000E-9	-1.318855E-4
9.750000E-9	-9.077466E-5
9.800000E-9	-4.795091E-5
9.850000E-9	-3.414207E-6
9.900000E-9	4.968724E-5
9.950000E-9	1.096405E-4
1.000000E-8	1.593160E-4
1.005000E-8	2.004268E-4
1.010000E-8	2.415377E-4
1.015000E-8	2.740837E-4
1.020000E-8	2.792226E-4
1.025000E-8	2.672319E-4
1.030000E-8	2.501024E-4
1.035000E-8	2.295470E-4
1.040000E-8	2.004268E-4
1.045000E-8	1.644549E-4
1.050000E-8	1.250570E-4
1.055000E-8	9.079805E-5
1.060000E-8	6.681674E-5
1.065000E-8	3.769659E-5
1.070000E-8	8.576443E-6
1.075000E-8	-5.127157E-6
1.080000E-8	-3.414207E-6
1.085000E-8	-1.026601E-5
1.090000E-8	-2.739551E-5
1.095000E-8	-3.938616E-5
1.100000E-8	-4.966386E-5
1.105000E-8	-7.878401E-5
1.110000E-8	-1.216078E-4
1.115000E-8	-1.558668E-4
1.120000E-8	-1.764222E-4
1.125000E-8	-1.918387E-4
1.130000E-8	-1.849869E-4
1.135000E-8	-1.473020E-4
1.140000E-8	-9.762646E-5
1.145000E-8	-4.109911E-5
1.150000E-8	2.741889E-5
1.155000E-8	9.422395E-5
1.160000E-8	1.370477E-4
1.165000E-8	1.576031E-4
1.170000E-8	1.524642E-4
1.175000E-8	1.130664E-4
1.180000E-8	4.283544E-5
1.185000E-8	-3.938616E-5
1.190000E-8	-1.353114E-4
1.195000E-8	-2.415143E-4
1.200000E-8	-3.340136E-4
1.205000E-8	-4.008186E-4
1.210000E-8	-4.367906E-4
1.215000E-8	-4.282258E-4
1.220000E-8	-3.751244E-4
1.225000E-8	-2.980416E-4
1.230000E-8	-2.055423E-4
1.235000E-8	-9.591351E-5
1.240000E-8	1.714119E-5
1.245000E-8	1.182052E-4
1.250000E-8	1.970009E-4
1.255000E-8	2.398247E-4
1.260000E-8	2.466765E-4
1.265000E-8	2.192693E-4
1.270000E-8	1.713067E-4
1.275000E-8	1.096405E-4
1.280000E-8	4.283544E-5
1.285000E-8	-2.910846E-5
1.290000E-8	-9.420056E-5
1.295000E-8	-1.267466E-4
1.300000E-8	-1.301725E-4
1.305000E-8	-1.198948E-4
1.310000E-8	-9.420056E-5
1.315000E-8	-4.966386E-5
1.320000E-8	-1.026601E-5
1.325000E-8	1.371529E-5
1.330000E-8	3.598364E-5
1.335000E-8	4.797429E-5
1.340000E-8	4.283544E-5
1.345000E-8	2.913184E-5
1.350000E-8	1.371529E-5
1.355000E-8	-5.127157E-6
1.360000E-8	-1.883076E-5
1.365000E-8	-1.540486E-5
1.370000E-8	-1.701257E-6
1.375000E-8	2.056709E-5
1.380000E-8	5.140019E-5
1.385000E-8	8.394625E-5
1.390000E-8	1.079275E-4
1.395000E-8	1.319088E-4
1.400000E-8	1.524642E-4
1.405000E-8	1.507513E-4
1.410000E-8	1.216311E-4
1.415000E-8	8.737215E-5
1.420000E-8	4.968724E-5
1.425000E-8	6.863493E-6
1.430000E-8	-3.424731E-5
1.435000E-8	-5.308976E-5
1.440000E-8	-4.109911E-5
1.445000E-8	-3.414207E-6
1.450000E-8	3.940954E-5
1.455000E-8	9.079805E-5
1.460000E-8	1.610290E-4
1.465000E-8	2.295470E-4
1.470000E-8	2.740837E-4
1.475000E-8	3.203334E-4
1.480000E-8	3.751478E-4
1.485000E-8	4.025550E-4
1.490000E-8	3.905643E-4
1.495000E-8	3.734348E-4
1.500000E-8	3.631571E-4
1.505000E-8	3.288981E-4
1.510000E-8	2.757967E-4
1.515000E-8	2.261211E-4
1.520000E-8	1.832973E-4
1.525000E-8	1.456124E-4
1.530000E-8	1.182052E-4
1.535000E-8	8.565920E-5
1.540000E-8	4.112249E-5
1.545000E-8	5.150543E-6
1.550000E-8	-5.127157E-6
1.555000E-8	-1.369191E-5
1.560000E-8	-3.424731E-5
1.565000E-8	-4.795091E-5
1.570000E-8	-5.137681E-5
1.575000E-8	-6.336746E-5
1.580000E-8	-9.077466E-5
1.585000E-8	-1.130430E-4
1.590000E-8	-1.267466E-4
1.595000E-8	-1.387373E-4
1.600000E-8	-1.455891E-4
1.605000E-8	-1.490150E-4
1.610000E-8	-1.524409E-4
1.615000E-8	-1.438761E-4
1.620000E-8	-1.198948E-4
1.625000E-8	-1.044783E-4
1.630000E-8	-9.420056E-5
1.635000E-8	-6.508041E-5
1.640000E-8	-3.082141E-5
1.645000E-8	-2.054371E-5
1.650000E-8	-2.396961E-5
1.655000E-8	-2.054371E-5
1.660000E-8	-3.082141E-5
1.665000E-8	-4.966386E-5
1.670000E-8	-5.137681E-5
1.675000E-8	-3.767321E-5
1.680000E-8	-1.883076E-5
1.685000E-8	5.150543E-6
1.690000E-8	2.399299E-5
1.695000E-8	2.913184E-5
1.700000E-8	4.626134E-5
1.705000E-8	8.394625E-5
1.710000E-8	1.113534E-4
1.715000E-8	1.267700E-4
1.720000E-8	1.421865E-4
1.725000E-8	1.490383E-4
1.730000E-8	1.370477E-4
1.735000E-8	1.301959E-4
1.740000E-8	1.353347E-4
1.745000E-8	1.387606E-4
1.750000E-8	1.421865E-4
1.755000E-8	1.576031E-4
1.760000E-8	1.713067E-4
1.765000E-8	1.558901E-4
1.770000E-8	1.370477E-4
1.775000E-8	1.438995E-4
1.780000E-8	1.541772E-4
1.785000E-8	1.284829E-4
1.790000E-8	8.223330E-5
1.795000E-8	4.283544E-5
1.800000E-8	1.169292E-8
1.805000E-8	-6.508041E-5
1.810000E-8	-1.301725E-4
1.815000E-8	-1.815610E-4
1.820000E-8	-2.278107E-4
1.825000E-8	-2.586438E-4
1.830000E-8	-2.500790E-4
1.835000E-8	-2.021164E-4
1.840000E-8	-1.044783E-4
1.845000E-8	5.653904E-5
1.850000E-8	2.809355E-4
1.855000E-8	5.807018E-4
1.860000E-8	9.900968E-4
1.865000E-8	1.486852E-3
1.870000E-8	2.034996E-3
1.875000E-8	2.649945E-3
1.880000E-8	3.355681E-3
1.885000E-8	4.116231E-3
1.890000E-8	4.907614E-3
1.895000E-8	5.753811E-3
1.900000E-8	6.642832E-3
1.905000E-8	7.523288E-3
1.910000E-8	8.393467E-3
1.915000E-8	9.267071E-3
1.920000E-8	1.010299E-2
1.925000E-8	1.084641E-2
1.930000E-8	1.149562E-2
1.935000E-8	1.204719E-2
1.940000E-8	1.244973E-2
1.945000E-8	1.267070E-2
1.950000E-8	1.272038E-2
1.955000E-8	1.262617E-2
1.960000E-8	1.240177E-2
1.965000E-8	1.207802E-2
1.970000E-8	1.168576E-2
1.975000E-8	1.127465E-2
1.980000E-8	1.089609E-2
1.985000E-8	1.057919E-2
1.990000E-8	1.035308E-2
1.995000E-8	1.024688E-2
2.000000E-8	1.027086E-2
2.005000E-8	1.039762E-2
2.010000E-8	1.060146E-2
2.015000E-8	1.086354E-2
2.020000E-8	1.114960E-2
2.025000E-8	1.141340E-2
2.030000E-8	1.160011E-2
2.035000E-8	1.167548E-2
2.040000E-8	1.163094E-2
2.045000E-8	1.148192E-2
2.050000E-8	1.122497E-2
2.055000E-8	1.085326E-2
2.060000E-8	1.040276E-2
2.065000E-8	9.935122E-3
2.070000E-8	9.470913E-3
2.075000E-8	9.022120E-3
2.080000E-8	8.631567E-3
2.085000E-8	8.352356E-3
2.090000E-8	8.196478E-3
2.095000E-8	8.145089E-3
2.100000E-8	8.186200E-3
2.105000E-8	8.326662E-3
2.110000E-8	8.552771E-3
2.115000E-8	8.821704E-3
2.120000E-8	9.092351E-3
2.125000E-8	9.354432E-3
2.130000E-8	9.599384E-3
2.135000E-8	9.794660E-3
2.140000E-8	9.894011E-3
2.145000E-8	9.888872E-3
2.150000E-8	9.799799E-3
2.155000E-8	9.638782E-3
2.160000E-8	9.400682E-3
2.165000E-8	9.106054E-3
2.170000E-8	8.809714E-3
2.175000E-8	8.542494E-3
2.180000E-8	8.300968E-3
2.185000E-8	8.112543E-3
2.190000E-8	8.006340E-3
2.195000E-8	7.984072E-3
2.200000E-8	8.050877E-3
2.205000E-8	8.217033E-3
2.210000E-8	8.441430E-3
2.215000E-8	8.677817E-3
2.220000E-8	8.919343E-3
2.225000E-8	9.148878E-3
2.230000E-8	9.311608E-3
2.235000E-8	9.395543E-3
2.240000E-8	9.410959E-3
2.245000E-8	9.332164E-3
2.250000E-8	9.145452E-3
2.255000E-8	8.897074E-3
2.260000E-8	8.623002E-3
2.265000E-8	8.316384E-3
2.270000E-8	8.006340E-3
2.275000E-8	7.740833E-3
2.280000E-8	7.528427E-3
2.285000E-8	7.353706E-3
2.290000E-8	7.247503E-3
2.295000E-8	7.238939E-3
2.300000E-8	7.324586E-3
2.305000E-8	7.482178E-3
2.310000E-8	7.687732E-3
2.315000E-8	7.913841E-3
2.320000E-8	8.145089E-3
2.325000E-8	8.352356E-3
2.330000E-8	8.513373E-3
2.335000E-8	8.611012E-3
2.340000E-8	8.636706E-3
2.345000E-8	8.578466E-3
2.350000E-8	8.432865E-3
2.355000E-8	8.227311E-3
2.360000E-8	7.990924E-3
2.365000E-8	7.711713E-3
2.370000E-8	7.408521E-3
2.375000E-8	7.137875E-3
2.380000E-8	6.947737E-3
2.385000E-8	6.838108E-3
2.390000E-8	6.810701E-3
2.395000E-8	6.879219E-3
2.400000E-8	7.040236E-3
2.405000E-8	7.266346E-3
2.410000E-8	7.525001E-3
2.415000E-8	7.805925E-3
2.420000E-8	8.078284E-3
2.425000E-8	8.307819E-3
2.430000E-8	8.472263E-3
2.435000E-8	8.557910E-3
2.440000E-8	8.547632E-3
2.445000E-8	8.436291E-3
2.450000E-8	8.244440E-3
2.455000E-8	7.987498E-3
2.460000E-8	7.682593E-3
2.465000E-8	7.350280E-3
2.470000E-8	7.033385E-3
2.475000E-8	6.773016E-3
2.480000E-8	6.586305E-3
2.485000E-8	6.490379E-3
2.490000E-8	6.500657E-3
2.495000E-8	6.613712E-3
2.500000E-8	6.819266E-3
2.505000E-8	7.093338E-3
2.510000E-8	7.399956E-3
2.515000E-8	7.704861E-3
2.520000E-8	7.989211E-3
2.525000E-8	8.227311E-3
2.530000E-8	8.367773E-3
2.535000E-8	8.396893E-3
2.540000E-8	8.342078E-3
2.545000E-8	8.211894E-3
2.550000E-8	7.994350E-3
2.555000E-8	7.718565E-3
2.560000E-8	7.429076E-3
2.565000E-8	7.148152E-3
2.570000E-8	6.904913E-3
2.575000E-8	6.725054E-3
2.580000E-8	6.618851E-3
2.585000E-8	6.591443E-3
2.590000E-8	6.651397E-3
2.595000E-8	6.788433E-3
2.600000E-8	6.975144E-3
2.605000E-8	7.194402E-3
2.610000E-8	7.423937E-3
2.615000E-8	7.620926E-3
2.620000E-8	7.764814E-3
2.625000E-8	7.853888E-3
2.630000E-8	7.871017E-3
2.635000E-8	7.800786E-3
2.640000E-8	7.648334E-3
2.645000E-8	7.425650E-3
2.650000E-8	7.153291E-3
2.655000E-8	6.860377E-3
2.660000E-8	6.581166E-3
2.665000E-8	6.336214E-3
2.670000E-8	6.140938E-3
2.675000E-8	6.029596E-3
2.680000E-8	6.015892E-3
2.685000E-8	6.089549E-3
2.690000E-8	6.242002E-3
2.695000E-8	6.464685E-3
2.700000E-8	6.740470E-3
2.705000E-8	7.038523E-3
2.710000E-8	7.324586E-3
2.715000E-8	7.571251E-3
2.720000E-8	7.754537E-3
2.725000E-8	7.847036E-3
2.730000E-8	7.841897E-3
2.735000E-8	7.740833E-3
2.740000E-8	7.560973E-3
2.745000E-8	7.316021E-3
2.750000E-8	7.043662E-3
2.755000E-8	6.786720E-3
2.760000E-8	6.570888E-3
2.765000E-8	6.403019E-3
2.770000E-8	6.313946E-3
2.775000E-8	6.319084E-3
2.780000E-8	6.406445E-3
2.785000E-8	6.553759E-3
2.790000E-8	6.752461E-3
2.795000E-8	6.976857E-3
2.800000E-8	7.185837E-3
2.805000E-8	7.355419E-3
2.810000E-8	7.471900E-3
2.815000E-8	7.521575E-3
2.820000E-8	7.497594E-3
2.825000E-8	7.399956E-3
2.830000E-8	7.245790E-3
2.835000E-8	7.057366E-3
2.840000E-8	6.841534E-3
2.845000E-8	6.608573E-3
2.850000E-8	6.387602E-3
2.855000E-8	6.214594E-3
2.860000E-8	6.087836E-3
2.865000E-8	6.003902E-3
2.870000E-8	5.981633E-3
2.875000E-8	6.038161E-3
2.880000E-8	6.156354E-3
2.885000E-8	6.315659E-3
2.890000E-8	6.509222E-3
2.895000E-8	6.721628E-3
2.900000E-8	6.928895E-3
2.905000E-8	7.105329E-3
2.910000E-8	7.235513E-3
2.915000E-8	7.307457E-3
2.920000E-8	7.316021E-3
2.925000E-8	7.249216E-3
2.930000E-8	7.105329E-3
2.935000E-8	6.903200E-3
2.940000E-8	6.656536E-3
2.945000E-8	6.380751E-3
2.950000E-8	6.108392E-3
2.955000E-8	5.868579E-3
2.960000E-8	5.683580E-3
2.965000E-8	5.570525E-3
2.970000E-8	5.541405E-3
2.975000E-8	5.587655E-3
2.980000E-8	5.702422E-3
2.985000E-8	5.883995E-3
2.990000E-8	6.103253E-3
2.995000E-8	6.331075E-3
3.000000E-8	6.548620E-3
3.005000E-8	6.730192E-3
3.010000E-8	6.841534E-3
3.015000E-8	6.884358E-3
3.020000E-8	6.865516E-3
3.025000E-8	6.766164E-3
3.030000E-8	6.591443E-3
3.035000E-8	6.384177E-3
3.040000E-8	6.166632E-3
3.045000E-8	5.943948E-3
3.050000E-8	5.741820E-3
3.055000E-8	5.582516E-3
3.060000E-8	5.467748E-3
3.065000E-8	5.397517E-3
3.070000E-8	5.387240E-3
3.075000E-8	5.430063E-3
3.080000E-8	5.524276E-3
3.085000E-8	5.666450E-3
3.090000E-8	5.829181E-3
3.095000E-8	5.981633E-3
3.100000E-8	6.125521E-3
3.105000E-8	6.245428E-3
3.110000E-8	6.308807E-3
3.115000E-8	6.308807E-3
3.120000E-8	6.262557E-3
3.125000E-8	6.164919E-3
3.130000E-8	6.009040E-3
3.135000E-8	5.829181E-3
3.140000E-8	5.656173E-3
3.145000E-8	5.483165E-3
3.150000E-8	5.313583E-3
3.155000E-8	5.183399E-3
3.160000E-8	5.120019E-3
3.165000E-8	5.114881E-3
3.170000E-8	5.149140E-3
3.175000E-8	5.222796E-3
3.180000E-8	5.334138E-3
3.185000E-8	5.467748E-3
3.190000E-8	5.596220E-3
3.195000E-8	5.716126E-3
3.200000E-8	5.815477E-3
3.205000E-8	5.877143E-3
3.210000E-8	5.890847E-3
3.215000E-8	5.863440E-3
3.220000E-8	5.794922E-3
3.225000E-8	5.688719E-3
3.230000E-8	5.558535E-3
3.235000E-8	5.428350E-3
3.240000E-8	5.301592E-3
3.245000E-8	5.181686E-3
3.250000E-8	5.085760E-3
3.255000E-8	5.034372E-3
3.260000E-8	5.032659E-3
3.265000E-8	5.073770E-3
3.270000E-8	5.149140E-3
3.275000E-8	5.248491E-3
3.280000E-8	5.363258E-3
3.285000E-8	5.476313E-3
3.290000E-8	5.572238E-3
3.295000E-8	5.632191E-3
3.300000E-8	5.659599E-3
3.305000E-8	5.652747E-3
3.310000E-8	5.604784E-3
3.315000E-8	5.519137E-3
3.320000E-8	5.406082E-3
3.325000E-8	5.281037E-3
3.330000E-8	5.149140E-3
3.335000E-8	5.022381E-3
3.340000E-8	4.904188E-3
3.345000E-8	4.796272E-3
3.350000E-8	4.724328E-3
3.355000E-8	4.700347E-3
3.360000E-8	4.708911E-3
3.365000E-8	4.731180E-3
3.370000E-8	4.775716E-3
3.375000E-8	4.847660E-3
3.380000E-8	4.926456E-3
3.385000E-8	5.000113E-3
3.390000E-8	5.072057E-3
3.395000E-8	5.144001E-3
3.400000E-8	5.198815E-3
3.405000E-8	5.236500E-3
3.410000E-8	5.263907E-3
3.415000E-8	5.274185E-3
3.420000E-8	5.260481E-3
3.425000E-8	5.221083E-3
3.430000E-8	5.162843E-3
3.435000E-8	5.094325E-3
3.440000E-8	5.013816E-3
3.445000E-8	4.917891E-3
3.450000E-8	4.833957E-3
3.455000E-8	4.782568E-3
3.460000E-8	4.739744E-3
3.465000E-8	4.703773E-3
3.470000E-8	4.702060E-3
3.475000E-8	4.732893E-3
3.480000E-8	4.775716E-3
3.485000E-8	4.828818E-3
3.490000E-8	4.892197E-3
3.495000E-8	4.952150E-3
3.500000E-8	5.005252E-3
3.505000E-8	5.046363E-3
3.510000E-8	5.063492E-3
3.515000E-8	5.053214E-3
3.520000E-8	5.037798E-3
3.525000E-8	5.006965E-3
3.530000E-8	4.953863E-3
3.535000E-8	4.900762E-3
3.540000E-8	4.861364E-3
3.545000E-8	4.833957E-3
3.550000E-8	4.825392E-3
3.555000E-8	4.839096E-3
3.560000E-8	4.869929E-3
3.565000E-8	4.917891E-3
3.570000E-8	4.984696E-3
3.575000E-8	5.056640E-3
3.580000E-8	5.126871E-3
3.585000E-8	5.198815E-3
3.590000E-8	5.253630E-3
3.595000E-8	5.282750E-3
3.600000E-8	5.299879E-3
3.605000E-8	5.296453E-3
3.610000E-8	5.253630E-3
3.615000E-8	5.186824E-3
3.620000E-8	5.109742E-3
3.625000E-8	5.010391E-3
3.630000E-8	4.895623E-3
3.635000E-8	4.791133E-3
3.640000E-8	4.702060E-3
3.645000E-8	4.616412E-3
3.650000E-8	4.554746E-3
3.655000E-8	4.532478E-3
3.660000E-8	4.530765E-3
3.665000E-8	4.541042E-3
3.670000E-8	4.578727E-3
3.675000E-8	4.645532E-3
3.680000E-8	4.722615E-3
3.685000E-8	4.801411E-3
3.690000E-8	4.864790E-3
3.695000E-8	4.897336E-3
3.700000E-8	4.911039E-3
3.705000E-8	4.909327E-3
3.710000E-8	4.876780E-3
3.715000E-8	4.811688E-3
3.720000E-8	4.738032E-3
3.725000E-8	4.662662E-3
3.730000E-8	4.582153E-3
3.735000E-8	4.513635E-3
3.740000E-8	4.469098E-3
3.745000E-8	4.441691E-3
3.750000E-8	4.441691E-3
3.755000E-8	4.477663E-3
3.760000E-8	4.530765E-3
3.765000E-8	4.589005E-3
3.770000E-8	4.657523E-3
3.775000E-8	4.738032E-3
3.780000E-8	4.808262E-3
3.785000E-8	4.849373E-3
3.790000E-8	4.854512E-3
3.795000E-8	4.827105E-3
3.800000E-8	4.775716E-3
3.805000E-8	4.696921E-3
3.810000E-8	4.597570E-3
3.815000E-8	4.501644E-3
3.820000E-8	4.414284E-3
3.825000E-8	4.323498E-3
3.830000E-8	4.244702E-3
3.835000E-8	4.196739E-3
3.840000E-8	4.169332E-3
3.845000E-8	4.159054E-3
3.850000E-8	4.171045E-3
3.855000E-8	4.208730E-3
3.860000E-8	4.256693E-3
3.865000E-8	4.308081E-3
3.870000E-8	4.368034E-3
3.875000E-8	4.427988E-3
3.880000E-8	4.472524E-3
3.885000E-8	4.498219E-3
3.890000E-8	4.510209E-3
3.895000E-8	4.505070E-3
3.900000E-8	4.479376E-3
3.905000E-8	4.439978E-3
3.910000E-8	4.398867E-3
3.915000E-8	4.357757E-3
3.920000E-8	4.313220E-3
3.925000E-8	4.265257E-3
3.930000E-8	4.210443E-3
3.935000E-8	4.150490E-3
3.940000E-8	4.099101E-3
3.945000E-8	4.054564E-3
3.950000E-8	4.022018E-3
3.955000E-8	4.008315E-3
3.960000E-8	4.011741E-3
3.965000E-8	4.025444E-3
3.970000E-8	4.051139E-3
3.975000E-8	4.085398E-3
3.980000E-8	4.111092E-3
3.985000E-8	4.133360E-3
3.990000E-8	4.159054E-3
3.995000E-8	4.186462E-3
4.000000E-8	4.201878E-3
4.005000E-8	4.196739E-3
4.010000E-8	4.179610E-3
4.015000E-8	4.160767E-3
4.020000E-8	4.138499E-3
4.025000E-8	4.100814E-3
4.030000E-8	4.042574E-3
4.035000E-8	3.972343E-3
4.040000E-8	3.908964E-3
4.045000E-8	3.852436E-3
4.050000E-8	3.804474E-3
4.055000E-8	3.773641E-3
4.060000E-8	3.763363E-3
4.065000E-8	3.761650E-3
4.070000E-8	3.780492E-3
4.075000E-8	3.828455E-3
4.080000E-8	3.893547E-3
4.085000E-8	3.958639E-3
4.090000E-8	4.039148E-3
4.095000E-8	4.136786E-3
4.100000E-8	4.219008E-3
4.105000E-8	4.270396E-3
4.110000E-8	4.302942E-3
4.115000E-8	4.311507E-3
4.120000E-8	4.285813E-3
4.125000E-8	4.232711E-3
4.130000E-8	4.169332E-3
4.135000E-8	4.097388E-3
4.140000E-8	4.016880E-3
4.145000E-8	3.932945E-3
4.150000E-8	3.867853E-3
4.155000E-8	3.835307E-3
4.160000E-8	3.825029E-3
4.165000E-8	3.821603E-3
4.170000E-8	3.821603E-3
4.175000E-8	3.835307E-3
4.180000E-8	3.857575E-3
4.185000E-8	3.872992E-3
4.190000E-8	3.883269E-3
4.195000E-8	3.900399E-3
4.200000E-8	3.919241E-3
4.205000E-8	3.936371E-3
4.210000E-8	3.951787E-3
4.215000E-8	3.972343E-3
4.220000E-8	3.987759E-3
4.225000E-8	3.994611E-3
4.230000E-8	4.001463E-3
4.235000E-8	4.006602E-3
4.240000E-8	4.001463E-3
4.245000E-8	3.982621E-3
4.250000E-8	3.956926E-3
4.255000E-8	3.926093E-3
4.260000E-8	3.886695E-3
4.265000E-8	3.840446E-3
4.270000E-8	3.789057E-3
4.275000E-8	3.747946E-3
4.280000E-8	3.718826E-3
4.285000E-8	3.694845E-3
4.290000E-8	3.677715E-3
4.295000E-8	3.670864E-3
4.300000E-8	3.660586E-3
4.305000E-8	3.641744E-3
4.310000E-8	3.624614E-3
4.315000E-8	3.610910E-3
4.320000E-8	3.592068E-3
4.325000E-8	3.561235E-3
4.330000E-8	3.521837E-3
4.335000E-8	3.472161E-3
4.340000E-8	3.417347E-3
4.345000E-8	3.362533E-3
4.350000E-8	3.312857E-3
4.355000E-8	3.271746E-3
4.360000E-8	3.232348E-3
4.365000E-8	3.196376E-3
4.370000E-8	3.184386E-3
4.375000E-8	3.192951E-3
4.380000E-8	3.196376E-3
4.385000E-8	3.194664E-3
4.390000E-8	3.210080E-3
4.395000E-8	3.242626E-3
4.400000E-8	3.270033E-3
4.405000E-8	3.287163E-3
4.410000E-8	3.307718E-3
4.415000E-8	3.338551E-3
4.420000E-8	3.367671E-3
4.425000E-8	3.393366E-3
4.430000E-8	3.424199E-3
4.435000E-8	3.460171E-3
4.440000E-8	3.494430E-3
4.445000E-8	3.523550E-3
4.450000E-8	3.568087E-3
4.455000E-8	3.631466E-3
4.460000E-8	3.686280E-3
4.465000E-8	3.715400E-3
4.470000E-8	3.729104E-3
4.475000E-8	3.729104E-3
4.480000E-8	3.703410E-3
4.485000E-8	3.650308E-3
4.490000E-8	3.578364E-3
4.495000E-8	3.499569E-3
4.500000E-8	3.412208E-3
4.505000E-8	3.326561E-3
4.510000E-8	3.247765E-3
4.515000E-8	3.182673E-3
4.520000E-8	3.136423E-3
4.525000E-8	3.110729E-3
4.530000E-8	3.114155E-3
4.535000E-8	3.144988E-3
4.540000E-8	3.184386E-3
4.545000E-8	3.225497E-3
4.550000E-8	3.273459E-3
4.555000E-8	3.329987E-3
4.560000E-8	3.367671E-3
4.565000E-8	3.383088E-3
4.570000E-8	3.381375E-3
4.575000E-8	3.360820E-3
4.580000E-8	3.309431E-3
4.585000E-8	3.246052E-3
4.590000E-8	3.186099E-3
4.595000E-8	3.129571E-3
4.600000E-8	3.085035E-3
4.605000E-8	3.064479E-3
4.610000E-8	3.067905E-3
4.615000E-8	3.086748E-3
4.620000E-8	3.119294E-3
4.625000E-8	3.153553E-3
4.630000E-8	3.189525E-3
4.635000E-8	3.232348E-3
4.640000E-8	3.276885E-3
4.645000E-8	3.304292E-3
4.650000E-8	3.319709E-3
4.655000E-8	3.335125E-3
4.660000E-8	3.345403E-3
4.665000E-8	3.357394E-3
4.670000E-8	3.383088E-3
4.675000E-8	3.410495E-3
4.680000E-8	3.436189E-3
4.685000E-8	3.470448E-3
4.690000E-8	3.514985E-3
4.695000E-8	3.554383E-3
4.700000E-8	3.578364E-3
4.705000E-8	3.583503E-3
4.710000E-8	3.554383E-3
4.715000E-8	3.502995E-3
4.720000E-8	3.441328E-3
4.725000E-8	3.352255E-3
4.730000E-8	3.246052E-3
4.735000E-8	3.155266E-3
4.740000E-8	3.085035E-3
4.745000E-8	3.021656E-3
4.750000E-8	2.977119E-3
4.755000E-8	2.953138E-3
4.760000E-8	2.942860E-3
4.765000E-8	2.947999E-3
4.770000E-8	2.966841E-3
4.775000E-8	2.992535E-3
4.780000E-8	3.018230E-3
4.785000E-8	3.050776E-3
4.790000E-8	3.081609E-3
4.795000E-8	3.103877E-3
4.800000E-8	3.117581E-3
4.805000E-8	3.124433E-3
4.810000E-8	3.132997E-3
4.815000E-8	3.155266E-3
4.820000E-8	3.175821E-3
4.825000E-8	3.180960E-3
4.830000E-8	3.184386E-3
4.835000E-8	3.196376E-3
4.840000E-8	3.203228E-3
4.845000E-8	3.196376E-3
4.850000E-8	3.191238E-3
4.855000E-8	3.180960E-3
4.860000E-8	3.162117E-3
4.865000E-8	3.134710E-3
4.870000E-8	3.102164E-3
4.875000E-8	3.062766E-3
4.880000E-8	3.019943E-3
4.885000E-8	2.980545E-3
4.890000E-8	2.953138E-3
4.895000E-8	2.934295E-3
4.900000E-8	2.925730E-3
4.905000E-8	2.937721E-3
4.910000E-8	2.965128E-3
4.915000E-8	3.004526E-3
4.920000E-8	3.043924E-3
4.925000E-8	3.079896E-3
4.930000E-8	3.110729E-3
4.935000E-8	3.131284E-3
4.940000E-8	3.134710E-3
4.945000E-8	3.114155E-3
4.950000E-8	3.074757E-3
4.955000E-8	3.023369E-3
4.960000E-8	2.959989E-3
4.965000E-8	2.900036E-3
4.970000E-8	2.858925E-3
4.975000E-8	2.833231E-3
4.980000E-8	2.819527E-3
4.985000E-8	2.824666E-3
4.990000E-8	2.848648E-3
4.995000E-8	2.891471E-3
5.000000E-8	2.942860E-3
5.005000E-8	2.990822E-3
5.010000E-8	3.025081E-3
5.015000E-8	3.050776E-3
5.020000E-8	3.055915E-3
5.025000E-8	3.045637E-3
5.030000E-8	3.025081E-3
5.035000E-8	2.997674E-3
5.040000E-8	2.961702E-3
5.045000E-8	2.927443E-3
5.050000E-8	2.905175E-3
5.055000E-8	2.884620E-3
5.060000E-8	2.870916E-3
5.065000E-8	2.865777E-3
5.070000E-8	2.865777E-3
5.075000E-8	2.862351E-3
5.080000E-8	2.855499E-3
5.085000E-8	2.836657E-3
5.090000E-8	2.805824E-3
5.095000E-8	2.773278E-3
5.100000E-8	2.742445E-3
5.105000E-8	2.706473E-3
5.110000E-8	2.672214E-3
5.115000E-8	2.653371E-3
5.120000E-8	2.653371E-3
5.125000E-8	2.668788E-3
5.130000E-8	2.692769E-3
5.135000E-8	2.732167E-3
5.140000E-8	2.792120E-3
5.145000E-8	2.860638E-3
5.150000E-8	2.922304E-3
5.155000E-8	2.975406E-3
5.160000E-8	3.016517E-3
5.165000E-8	3.035359E-3
5.170000E-8	3.033646E-3
5.175000E-8	3.014804E-3
5.180000E-8	2.980545E-3
5.185000E-8	2.936008E-3
5.190000E-8	2.884620E-3
5.195000E-8	2.834944E-3
5.200000E-8	2.788694E-3
5.205000E-8	2.756148E-3
5.210000E-8	2.730454E-3
5.215000E-8	2.708186E-3
5.220000E-8	2.692769E-3
5.225000E-8	2.680779E-3
5.230000E-8	2.661936E-3
5.235000E-8	2.641381E-3
5.240000E-8	2.625964E-3
5.245000E-8	2.601983E-3
5.250000E-8	2.572863E-3
5.255000E-8	2.559159E-3
5.260000E-8	2.566011E-3
5.265000E-8	2.581427E-3
5.270000E-8	2.600270E-3
5.275000E-8	2.631103E-3
5.280000E-8	2.673927E-3
5.285000E-8	2.728741E-3
5.290000E-8	2.786981E-3
5.295000E-8	2.846935E-3
5.300000E-8	2.910314E-3
5.305000E-8	2.961702E-3
5.310000E-8	2.994248E-3
5.315000E-8	3.018230E-3
5.320000E-8	3.030220E-3
5.325000E-8	3.013091E-3
5.330000E-8	2.971980E-3
5.335000E-8	2.932582E-3
5.340000E-8	2.893184E-3
5.345000E-8	2.833231E-3
5.350000E-8	2.769852E-3
5.355000E-8	2.713325E-3
5.360000E-8	2.660223E-3
5.365000E-8	2.613973E-3
5.370000E-8	2.571150E-3
5.375000E-8	2.533465E-3
5.380000E-8	2.511196E-3
5.385000E-8	2.502632E-3
5.390000E-8	2.506058E-3
5.395000E-8	2.518048E-3
5.400000E-8	2.538604E-3
5.405000E-8	2.567724E-3
5.410000E-8	2.598557E-3
5.415000E-8	2.619112E-3
5.420000E-8	2.627677E-3
5.425000E-8	2.631103E-3
5.430000E-8	2.631103E-3
5.435000E-8	2.607122E-3
5.440000E-8	2.560872E-3
5.445000E-8	2.514622E-3
5.450000E-8	2.476937E-3
5.455000E-8	2.451243E-3
5.460000E-8	2.437540E-3
5.465000E-8	2.446104E-3
5.470000E-8	2.476937E-3
5.475000E-8	2.535178E-3
5.480000E-8	2.612261E-3
5.485000E-8	2.701334E-3
5.490000E-8	2.790407E-3
5.495000E-8	2.862351E-3
5.500000E-8	2.906888E-3
5.505000E-8	2.930869E-3
5.510000E-8	2.930869E-3
5.515000E-8	2.903462E-3
5.520000E-8	2.852074E-3
5.525000E-8	2.786981E-3
5.530000E-8	2.713325E-3
5.535000E-8	2.634529E-3
5.540000E-8	2.564298E-3
5.545000E-8	2.499206E-3
5.550000E-8	2.439253E-3
5.555000E-8	2.396429E-3
5.560000E-8	2.375873E-3
5.565000E-8	2.367309E-3
5.570000E-8	2.363883E-3
5.575000E-8	2.379299E-3
5.580000E-8	2.404994E-3
5.585000E-8	2.427262E-3
5.590000E-8	2.452956E-3
5.595000E-8	2.488928E-3
5.600000E-8	2.528326E-3
5.605000E-8	2.550594E-3
5.610000E-8	2.569437E-3
5.615000E-8	2.579714E-3
5.620000E-8	2.564298E-3
5.625000E-8	2.521474E-3
5.630000E-8	2.480363E-3
5.635000E-8	2.439253E-3
5.640000E-8	2.386151E-3
5.645000E-8	2.338189E-3
5.650000E-8	2.307355E-3
5.655000E-8	2.288513E-3
5.660000E-8	2.283374E-3
5.665000E-8	2.298791E-3
5.670000E-8	2.317633E-3
5.675000E-8	2.329624E-3
5.680000E-8	2.350179E-3
5.685000E-8	2.369022E-3
5.690000E-8	2.365596E-3
5.695000E-8	2.350179E-3
5.700000E-8	2.333050E-3
5.705000E-8	2.307355E-3
5.710000E-8	2.273096E-3
5.715000E-8	2.245689E-3
5.720000E-8	2.226847E-3
5.725000E-8	2.214856E-3
5.730000E-8	2.226847E-3
5.735000E-8	2.255967E-3
5.740000E-8	2.286800E-3
5.745000E-8	2.317633E-3
5.750000E-8	2.345040E-3
5.755000E-8	2.362170E-3
5.760000E-8	2.363883E-3
5.765000E-8	2.353605E-3
5.770000E-8	2.324485E-3
5.775000E-8	2.283374E-3
5.780000E-8	2.243976E-3
5.785000E-8	2.194301E-3
5.790000E-8	2.134347E-3
5.795000E-8	2.082959E-3
5.800000E-8	2.050413E-3
5.805000E-8	2.016154E-3
5.810000E-8	1.976756E-3
5.815000E-8	1.949349E-3
5.820000E-8	1.942497E-3
5.825000E-8	1.940784E-3
5.830000E-8	1.939071E-3
5.835000E-8	1.947636E-3
5.840000E-8	1.978469E-3
5.845000E-8	2.017867E-3
5.850000E-8	2.050413E-3
5.855000E-8	2.094950E-3
5.860000E-8	2.161755E-3
5.865000E-8	2.230273E-3
5.870000E-8	2.283374E-3
5.875000E-8	2.336476E-3
5.880000E-8	2.386151E-3
5.885000E-8	2.410132E-3
5.890000E-8	2.423836E-3
5.895000E-8	2.439253E-3
5.900000E-8	2.440966E-3
5.905000E-8	2.413558E-3
5.910000E-8	2.379299E-3
5.915000E-8	2.345040E-3
5.920000E-8	2.300504E-3
5.925000E-8	2.250828E-3
5.930000E-8	2.214856E-3
5.935000E-8	2.184023E-3
5.940000E-8	2.161755E-3
5.945000E-8	2.165181E-3
5.950000E-8	2.190875E-3
5.955000E-8	2.231986E-3
5.960000E-8	2.297078E-3
5.965000E-8	2.379299E-3
5.970000E-8	2.459808E-3
5.975000E-8	2.531752E-3
5.980000E-8	2.586566E-3
5.985000E-8	2.612261E-3
5.990000E-8	2.608835E-3
5.995000E-8	2.583140E-3
6.000000E-8	2.530039E-3
6.005000E-8	2.444391E-3
6.010000E-8	2.348466E-3
6.015000E-8	2.254254E-3
6.020000E-8	2.163468E-3
6.025000E-8	2.089811E-3
6.030000E-8	2.050413E-3
6.035000E-8	2.038422E-3
6.040000E-8	2.046987E-3
6.045000E-8	2.091524E-3
6.050000E-8	2.163468E-3
6.055000E-8	2.243976E-3
6.060000E-8	2.321059E-3
6.065000E-8	2.384438E-3
6.070000E-8	2.423836E-3
6.075000E-8	2.444391E-3
6.080000E-8	2.446104E-3
6.085000E-8	2.411845E-3
6.090000E-8	2.351892E-3
6.095000E-8	2.288513E-3
6.100000E-8	2.228560E-3
6.105000E-8	2.168606E-3
6.110000E-8	2.129209E-3
6.115000E-8	2.117218E-3
6.120000E-8	2.118931E-3
6.125000E-8	2.132635E-3
6.130000E-8	2.165181E-3
6.135000E-8	2.206291E-3
6.140000E-8	2.245689E-3
6.145000E-8	2.269671E-3
6.150000E-8	2.276522E-3
6.155000E-8	2.264532E-3
6.160000E-8	2.233699E-3
6.165000E-8	2.189162E-3
6.170000E-8	2.148051E-3
6.175000E-8	2.137773E-3
6.180000E-8	2.149764E-3
6.185000E-8	2.168606E-3
6.190000E-8	2.196014E-3
6.195000E-8	2.240550E-3
6.200000E-8	2.295365E-3
6.205000E-8	2.348466E-3
6.210000E-8	2.387864E-3
6.215000E-8	2.404994E-3
6.220000E-8	2.396429E-3
6.225000E-8	2.365596E-3
6.230000E-8	2.324485E-3
6.235000E-8	2.269671E-3
6.240000E-8	2.201153E-3
6.245000E-8	2.134347E-3
6.250000E-8	2.086385E-3
6.255000E-8	2.055552E-3
6.260000E-8	2.031570E-3
6.265000E-8	2.017867E-3
6.270000E-8	2.021293E-3
6.275000E-8	2.029858E-3
6.280000E-8	2.026432E-3
6.285000E-8	2.017867E-3
6.290000E-8	2.011015E-3
6.295000E-8	1.997311E-3
6.300000E-8	1.966478E-3
6.305000E-8	1.930506E-3
6.310000E-8	1.904812E-3
6.315000E-8	1.884257E-3
6.320000E-8	1.865414E-3
6.325000E-8	1.860275E-3
6.330000E-8	1.868840E-3
6.335000E-8	1.884257E-3
6.340000E-8	1.906525E-3
6.345000E-8	1.942497E-3
6.350000E-8	1.981895E-3
6.355000E-8	2.019580E-3
6.360000E-8	2.053839E-3
6.365000E-8	2.079533E-3
6.370000E-8	2.093237E-3
6.375000E-8	2.103514E-3
6.380000E-8	2.106940E-3
6.385000E-8	2.101801E-3
6.390000E-8	2.089811E-3
6.395000E-8	2.076107E-3
6.400000E-8	2.069255E-3
6.405000E-8	2.065829E-3
6.410000E-8	2.055552E-3
6.415000E-8	2.057265E-3
6.420000E-8	2.082959E-3
6.425000E-8	2.112079E-3
6.430000E-8	2.130922E-3
6.435000E-8	2.160042E-3
6.440000E-8	2.213143E-3
6.445000E-8	2.262819E-3
6.450000E-8	2.293652E-3
6.455000E-8	2.314207E-3
6.460000E-8	2.326198E-3
6.465000E-8	2.326198E-3
6.470000E-8	2.314207E-3
6.475000E-8	2.293652E-3
6.480000E-8	2.273096E-3
6.485000E-8	2.247402E-3
6.490000E-8	2.213143E-3
6.495000E-8	2.170319E-3
6.500000E-8	2.124070E-3
6.505000E-8	2.069255E-3
6.510000E-8	2.005876E-3
6.515000E-8	1.945923E-3
6.520000E-8	1.887683E-3
6.525000E-8	1.820878E-3
6.530000E-8	1.757498E-3
6.535000E-8	1.707823E-3
6.540000E-8	1.664999E-3
6.545000E-8	1.620462E-3
6.550000E-8	1.589629E-3
6.555000E-8	1.587916E-3
6.560000E-8	1.601620E-3
6.565000E-8	1.622175E-3
6.570000E-8	1.653008E-3
6.575000E-8	1.694119E-3
6.580000E-8	1.736943E-3
6.585000E-8	1.781480E-3
6.590000E-8	1.829442E-3
6.595000E-8	1.875692E-3
6.600000E-8	1.913377E-3
6.605000E-8	1.940784E-3
6.610000E-8	1.964765E-3
6.615000E-8	1.992173E-3
6.620000E-8	2.017867E-3
6.625000E-8	2.028145E-3
6.630000E-8	2.026432E-3
6.635000E-8	2.023006E-3
6.640000E-8	2.011015E-3
6.645000E-8	1.992173E-3
6.650000E-8	1.969904E-3
6.655000E-8	1.940784E-3
6.660000E-8	1.896247E-3
6.665000E-8	1.838007E-3
6.670000E-8	1.776341E-3
6.675000E-8	1.721526E-3
6.680000E-8	1.676990E-3
6.685000E-8	1.642731E-3
6.690000E-8	1.622175E-3
6.695000E-8	1.618749E-3
6.700000E-8	1.634166E-3
6.705000E-8	1.666712E-3
6.710000E-8	1.707823E-3
6.715000E-8	1.748934E-3
6.720000E-8	1.779767E-3
6.725000E-8	1.802035E-3
6.730000E-8	1.827729E-3
6.735000E-8	1.844859E-3
6.740000E-8	1.843146E-3
6.745000E-8	1.826016E-3
6.750000E-8	1.802035E-3
6.755000E-8	1.776341E-3
6.760000E-8	1.752360E-3
6.765000E-8	1.730091E-3
6.770000E-8	1.712962E-3
6.775000E-8	1.704397E-3
6.780000E-8	1.707823E-3
6.785000E-8	1.716388E-3
6.790000E-8	1.731804E-3
6.795000E-8	1.760924E-3
6.800000E-8	1.793470E-3
6.805000E-8	1.819165E-3
6.810000E-8	1.838007E-3
6.815000E-8	1.853424E-3
6.820000E-8	1.861988E-3
6.825000E-8	1.855137E-3
6.830000E-8	1.827729E-3
6.835000E-8	1.788332E-3
6.840000E-8	1.747221E-3
6.845000E-8	1.700971E-3
6.850000E-8	1.644444E-3
6.855000E-8	1.582778E-3
6.860000E-8	1.526250E-3
6.865000E-8	1.481713E-3
6.870000E-8	1.445742E-3
6.875000E-8	1.413195E-3
6.880000E-8	1.394353E-3
6.885000E-8	1.392640E-3
6.890000E-8	1.404631E-3
6.895000E-8	1.416621E-3
6.900000E-8	1.430325E-3
6.905000E-8	1.447454E-3
6.910000E-8	1.466297E-3
6.915000E-8	1.476575E-3
6.920000E-8	1.485139E-3
6.925000E-8	1.503982E-3
6.930000E-8	1.526250E-3
6.935000E-8	1.550231E-3
6.940000E-8	1.582778E-3
6.945000E-8	1.630740E-3
6.950000E-8	1.676990E-3
6.955000E-8	1.714675E-3
6.960000E-8	1.745508E-3
6.965000E-8	1.771202E-3
6.970000E-8	1.791757E-3
6.975000E-8	1.795183E-3
6.980000E-8	1.776341E-3
6.985000E-8	1.743795E-3
6.990000E-8	1.699258E-3
6.995000E-8	1.637592E-3
7.000000E-8	1.575926E-3
7.005000E-8	1.536528E-3
7.010000E-8	1.514260E-3
7.015000E-8	1.495417E-3
7.020000E-8	1.491991E-3
7.025000E-8	1.512547E-3
7.030000E-8	1.553657E-3
7.035000E-8	1.606759E-3
7.040000E-8	1.664999E-3
7.045000E-8	1.724952E-3
7.050000E-8	1.793470E-3
7.055000E-8	1.860275E-3
7.060000E-8	1.903099E-3
7.065000E-8	1.920229E-3
7.070000E-8	1.916803E-3
7.075000E-8	1.901386E-3
7.080000E-8	1.872266E-3
7.085000E-8	1.831155E-3
7.090000E-8	1.779767E-3
7.095000E-8	1.733517E-3
7.100000E-8	1.695832E-3
7.105000E-8	1.653008E-3
7.110000E-8	1.608472E-3
7.115000E-8	1.569074E-3
7.120000E-8	1.531389E-3
7.125000E-8	1.491991E-3
7.130000E-8	1.459445E-3
7.135000E-8	1.433751E-3
7.140000E-8	1.402918E-3
7.145000E-8	1.377224E-3
7.150000E-8	1.365233E-3
7.155000E-8	1.365233E-3
7.160000E-8	1.372085E-3
7.165000E-8	1.385788E-3
7.170000E-8	1.411483E-3
7.175000E-8	1.444029E-3
7.180000E-8	1.473149E-3
7.185000E-8	1.502269E-3
7.190000E-8	1.543380E-3
7.195000E-8	1.584490E-3
7.200000E-8	1.603333E-3
7.205000E-8	1.605046E-3
7.210000E-8	1.605046E-3
7.215000E-8	1.598194E-3
7.220000E-8	1.581065E-3
7.225000E-8	1.562222E-3
7.230000E-8	1.538241E-3
7.235000E-8	1.498843E-3
7.240000E-8	1.450880E-3
7.245000E-8	1.409770E-3
7.250000E-8	1.375511E-3
7.255000E-8	1.342965E-3
7.260000E-8	1.322409E-3
7.265000E-8	1.315557E-3
7.270000E-8	1.315557E-3
7.275000E-8	1.329261E-3
7.280000E-8	1.365233E-3
7.285000E-8	1.409770E-3
7.290000E-8	1.459445E-3
7.295000E-8	1.524537E-3
7.300000E-8	1.598194E-3
7.305000E-8	1.659860E-3
7.310000E-8	1.707823E-3
7.315000E-8	1.743795E-3
7.320000E-8	1.766063E-3
7.325000E-8	1.779767E-3
7.330000E-8	1.784906E-3
7.335000E-8	1.769489E-3
7.340000E-8	1.740369E-3
7.345000E-8	1.711249E-3
7.350000E-8	1.675277E-3
7.355000E-8	1.634166E-3
7.360000E-8	1.610185E-3
7.365000E-8	1.589629E-3
7.370000E-8	1.548519E-3
7.375000E-8	1.498843E-3
7.380000E-8	1.450880E-3
7.385000E-8	1.382362E-3
7.390000E-8	1.295002E-3
7.395000E-8	1.217919E-3
7.400000E-8	1.149401E-3
7.405000E-8	1.074031E-3
7.410000E-8	1.017504E-3
7.415000E-8	9.969486E-4
7.420000E-8	9.969486E-4
7.425000E-8	1.015791E-3
7.430000E-8	1.058615E-3
7.435000E-8	1.121994E-3
7.440000E-8	1.195651E-3
7.445000E-8	1.274447E-3
7.450000E-8	1.346390E-3
7.455000E-8	1.399492E-3
7.460000E-8	1.438890E-3
7.465000E-8	1.457732E-3
7.470000E-8	1.449167E-3
7.475000E-8	1.425186E-3
7.480000E-8	1.401205E-3
7.485000E-8	1.372085E-3
7.490000E-8	1.336113E-3
7.495000E-8	1.306993E-3
7.500000E-8	1.296715E-3
7.505000E-8	1.301854E-3
7.510000E-8	1.308706E-3
7.515000E-8	1.318983E-3
7.520000E-8	1.341252E-3
7.525000E-8	1.370372E-3
7.530000E-8	1.394353E-3
7.535000E-8	1.416621E-3
7.540000E-8	1.437177E-3
7.545000E-8	1.437177E-3
7.550000E-8	1.414908E-3
7.555000E-8	1.390927E-3
7.560000E-8	1.363520E-3
7.565000E-8	1.318983E-3
7.570000E-8	1.284724E-3
7.575000E-8	1.279585E-3
7.580000E-8	1.276159E-3
7.585000E-8	1.264169E-3
7.590000E-8	1.267595E-3
7.595000E-8	1.284724E-3
7.600000E-8	1.300141E-3
7.605000E-8	1.318983E-3
7.610000E-8	1.342965E-3
7.615000E-8	1.356668E-3
7.620000E-8	1.366946E-3
7.625000E-8	1.382362E-3
7.630000E-8	1.396066E-3
7.635000E-8	1.408057E-3
7.640000E-8	1.423473E-3
7.645000E-8	1.426899E-3
7.650000E-8	1.416621E-3
7.655000E-8	1.411483E-3
7.660000E-8	1.406344E-3
7.665000E-8	1.378936E-3
7.670000E-8	1.346390E-3
7.675000E-8	1.325835E-3
7.680000E-8	1.301854E-3
7.685000E-8	1.265882E-3
7.690000E-8	1.231623E-3
7.695000E-8	1.195651E-3
7.700000E-8	1.154540E-3
7.705000E-8	1.128846E-3
7.710000E-8	1.127133E-3
7.715000E-8	1.133985E-3
7.720000E-8	1.145975E-3
7.725000E-8	1.180234E-3
7.730000E-8	1.224771E-3
7.735000E-8	1.271021E-3
7.740000E-8	1.324122E-3
7.745000E-8	1.375511E-3
7.750000E-8	1.420047E-3
7.755000E-8	1.464584E-3
7.760000E-8	1.498843E-3
7.765000E-8	1.509121E-3
7.770000E-8	1.505695E-3
7.775000E-8	1.498843E-3
7.780000E-8	1.466297E-3
7.785000E-8	1.423473E-3
7.790000E-8	1.394353E-3
7.795000E-8	1.372085E-3
7.800000E-8	1.346390E-3
7.805000E-8	1.339539E-3
7.810000E-8	1.361807E-3
7.815000E-8	1.396066E-3
7.820000E-8	1.442316E-3
7.825000E-8	1.502269E-3
7.830000E-8	1.558796E-3
7.835000E-8	1.608472E-3
7.840000E-8	1.647870E-3
7.845000E-8	1.653008E-3
7.850000E-8	1.620462E-3
7.855000E-8	1.572500E-3
7.860000E-8	1.503982E-3
7.865000E-8	1.394353E-3
7.870000E-8	1.271021E-3
7.875000E-8	1.161392E-3
7.880000E-8	1.063754E-3
7.885000E-8	9.781062E-4
7.890000E-8	9.267177E-4
7.895000E-8	9.215788E-4
7.900000E-8	9.489860E-4
7.905000E-8	9.969486E-4
7.910000E-8	1.063754E-3
7.915000E-8	1.152827E-3
7.920000E-8	1.243613E-3
7.925000E-8	1.320696E-3
7.930000E-8	1.394353E-3
7.935000E-8	1.464584E-3
7.940000E-8	1.509121E-3
7.945000E-8	1.526250E-3
7.950000E-8	1.533102E-3
7.955000E-8	1.529676E-3
7.960000E-8	1.514260E-3
7.965000E-8	1.493704E-3
7.970000E-8	1.471436E-3
7.975000E-8	1.442316E-3
7.980000E-8	1.421760E-3
7.985000E-8	1.418334E-3
7.990000E-8	1.416621E-3
7.995000E-8	1.409770E-3
8.000000E-8	1.402918E-3
8.005000E-8	1.402918E-3
8.010000E-8	1.411483E-3
8.015000E-8	1.420047E-3
8.020000E-8	1.420047E-3
8.025000E-8	1.416621E-3
8.030000E-8	1.421760E-3
8.035000E-8	1.421760E-3
8.040000E-8	1.396066E-3
8.045000E-8	1.361807E-3
8.050000E-8	1.330974E-3
8.055000E-8	1.289863E-3
8.060000E-8	1.238475E-3
8.065000E-8	1.190512E-3
8.070000E-8	1.140836E-3
8.075000E-8	1.082596E-3
8.080000E-8	1.032921E-3
8.085000E-8	9.986616E-4
8.090000E-8	9.746803E-4
8.095000E-8	9.626896E-4
8.100000E-8	9.678285E-4
8.105000E-8	9.900968E-4
8.110000E-8	1.022643E-3
8.115000E-8	1.070605E-3
8.120000E-8	1.135698E-3
8.125000E-8	1.207641E-3
8.130000E-8	1.271021E-3
8.135000E-8	1.324122E-3
8.140000E-8	1.370372E-3
8.145000E-8	1.401205E-3
8.150000E-8	1.409770E-3
8.155000E-8	1.406344E-3
8.160000E-8	1.394353E-3
8.165000E-8	1.373798E-3
8.170000E-8	1.334400E-3
8.175000E-8	1.279585E-3
8.180000E-8	1.214493E-3
8.185000E-8	1.144262E-3
8.190000E-8	1.075744E-3
8.195000E-8	1.010652E-3
8.200000E-8	9.455601E-4
8.205000E-8	8.907457E-4
8.210000E-8	8.479220E-4
8.215000E-8	8.085241E-4
8.220000E-8	7.794040E-4
8.225000E-8	7.811169E-4
8.230000E-8	8.222277E-4
8.235000E-8	8.770421E-4
8.240000E-8	9.352824E-4
8.245000E-8	1.010652E-3
8.250000E-8	1.101439E-3
8.255000E-8	1.199077E-3
8.260000E-8	1.295002E-3
8.265000E-8	1.375511E-3
8.270000E-8	1.428612E-3
8.275000E-8	1.457732E-3
8.280000E-8	1.471436E-3
8.285000E-8	1.464584E-3
8.290000E-8	1.435464E-3
8.295000E-8	1.396066E-3
8.300000E-8	1.348103E-3
8.305000E-8	1.293289E-3
8.310000E-8	1.243613E-3
8.315000E-8	1.211067E-3
8.320000E-8	1.193938E-3
8.325000E-8	1.192225E-3
8.330000E-8	1.207641E-3
8.335000E-8	1.245326E-3
8.340000E-8	1.291576E-3
8.345000E-8	1.325835E-3
8.350000E-8	1.348103E-3
8.355000E-8	1.368659E-3
8.360000E-8	1.382362E-3
8.365000E-8	1.378936E-3
8.370000E-8	1.368659E-3
8.375000E-8	1.360094E-3
8.380000E-8	1.342965E-3
8.385000E-8	1.325835E-3
8.390000E-8	1.322409E-3
8.395000E-8	1.324122E-3
8.400000E-8	1.310418E-3
8.405000E-8	1.291576E-3
8.410000E-8	1.293289E-3
8.415000E-8	1.308706E-3
8.420000E-8	1.312131E-3
8.425000E-8	1.298428E-3
8.430000E-8	1.286437E-3
8.435000E-8	1.281298E-3
8.440000E-8	1.271021E-3
8.445000E-8	1.250465E-3
8.450000E-8	1.231623E-3
8.455000E-8	1.217919E-3
8.460000E-8	1.200790E-3
8.465000E-8	1.171670E-3
8.470000E-8	1.135698E-3
8.475000E-8	1.103152E-3
8.480000E-8	1.077457E-3
8.485000E-8	1.053476E-3
8.490000E-8	1.019217E-3
8.495000E-8	9.798191E-4
8.500000E-8	9.404213E-4
8.505000E-8	9.061623E-4
8.510000E-8	8.753292E-4
8.515000E-8	8.530608E-4
8.520000E-8	8.393572E-4
8.525000E-8	8.325054E-4
8.530000E-8	8.342184E-4
8.535000E-8	8.462090E-4
8.540000E-8	8.667644E-4
8.545000E-8	8.924587E-4
8.550000E-8	9.198659E-4
8.555000E-8	9.472731E-4
8.560000E-8	9.815321E-4
8.565000E-8	1.026069E-3
8.570000E-8	1.068893E-3
8.575000E-8	1.103152E-3
8.580000E-8	1.149401E-3
8.585000E-8	1.202503E-3
8.590000E-8	1.238475E-3
8.595000E-8	1.259030E-3
8.600000E-8	1.277872E-3
8.605000E-8	1.284724E-3
8.610000E-8	1.277872E-3
8.615000E-8	1.274447E-3
8.620000E-8	1.265882E-3
8.625000E-8	1.235049E-3
8.630000E-8	1.192225E-3
8.635000E-8	1.145975E-3
8.640000E-8	1.094587E-3
8.645000E-8	1.038059E-3
8.650000E-8	9.918098E-4
8.655000E-8	9.524119E-4
8.660000E-8	9.181529E-4
8.665000E-8	8.993105E-4
8.670000E-8	8.993105E-4
8.675000E-8	9.095882E-4
8.680000E-8	9.250047E-4
8.685000E-8	9.387083E-4
8.690000E-8	9.421342E-4
8.695000E-8	9.421342E-4
8.700000E-8	9.369954E-4
8.705000E-8	9.147270E-4
8.710000E-8	8.821810E-4
8.715000E-8	8.547738E-4
8.720000E-8	8.256536E-4
8.725000E-8	7.879687E-4
8.730000E-8	7.622745E-4
8.735000E-8	7.605615E-4
8.740000E-8	7.708392E-4
8.745000E-8	7.931076E-4
8.750000E-8	8.359313E-4
8.755000E-8	8.890328E-4
8.760000E-8	9.455601E-4
8.765000E-8	1.002087E-3
8.770000E-8	1.051763E-3
8.775000E-8	1.092874E-3
8.780000E-8	1.121994E-3
8.785000E-8	1.133985E-3
8.790000E-8	1.127133E-3
8.795000E-8	1.106577E-3
8.800000E-8	1.080883E-3
8.805000E-8	1.062041E-3
8.810000E-8	1.053476E-3
8.815000E-8	1.051763E-3
8.820000E-8	1.063754E-3
8.825000E-8	1.096300E-3
8.830000E-8	1.145975E-3
8.835000E-8	1.202503E-3
8.840000E-8	1.264169E-3
8.845000E-8	1.329261E-3
8.850000E-8	1.384075E-3
8.855000E-8	1.416621E-3
8.860000E-8	1.416621E-3
8.865000E-8	1.385788E-3
8.870000E-8	1.320696E-3
8.875000E-8	1.229910E-3
8.880000E-8	1.123707E-3
8.885000E-8	1.015791E-3
8.890000E-8	9.164400E-4
8.895000E-8	8.325054E-4
8.900000E-8	7.622745E-4
8.905000E-8	7.143119E-4
8.910000E-8	7.023212E-4
8.915000E-8	7.245896E-4
8.920000E-8	7.588486E-4
8.925000E-8	8.068112E-4
8.930000E-8	8.770421E-4
8.935000E-8	9.592637E-4
8.940000E-8	1.031208E-3
8.945000E-8	1.089448E-3
8.950000E-8	1.132272E-3
8.955000E-8	1.151114E-3
8.960000E-8	1.157966E-3
8.965000E-8	1.163105E-3
8.970000E-8	1.149401E-3
8.975000E-8	1.115142E-3
8.980000E-8	1.074031E-3
8.985000E-8	1.029495E-3
8.990000E-8	9.832450E-4
8.995000E-8	9.472731E-4
9.000000E-8	9.232918E-4
9.005000E-8	8.958846E-4
9.010000E-8	8.770421E-4
9.015000E-8	8.753292E-4
9.020000E-8	8.873198E-4
9.025000E-8	9.147270E-4
9.030000E-8	9.609767E-4
9.035000E-8	1.008939E-3
9.040000E-8	1.053476E-3
9.045000E-8	1.104864E-3
9.050000E-8	1.163105E-3
9.055000E-8	1.209354E-3
9.060000E-8	1.238475E-3
9.065000E-8	1.253891E-3
9.070000E-8	1.257317E-3
9.075000E-8	1.247039E-3
9.080000E-8	1.224771E-3
9.085000E-8	1.183660E-3
9.090000E-8	1.133985E-3
9.095000E-8	1.082596E-3
9.100000E-8	1.022643E-3
9.105000E-8	9.506990E-4
9.110000E-8	8.856069E-4
9.115000E-8	8.307925E-4
9.120000E-8	7.776910E-4
9.125000E-8	7.245896E-4
9.130000E-8	6.783399E-4
9.135000E-8	6.492198E-4
9.140000E-8	6.320903E-4
9.145000E-8	6.115349E-4
9.150000E-8	5.926924E-4
9.155000E-8	5.909795E-4
9.160000E-8	6.012572E-4
9.165000E-8	6.166737E-4
9.170000E-8	6.286644E-4
9.175000E-8	6.475068E-4
9.180000E-8	6.800529E-4
9.185000E-8	7.314414E-4
9.190000E-8	7.948205E-4
9.195000E-8	8.581997E-4
9.200000E-8	9.061623E-4
9.205000E-8	9.335695E-4
9.210000E-8	9.438472E-4
9.215000E-8	9.472731E-4
9.220000E-8	9.387083E-4
9.225000E-8	9.061623E-4
9.230000E-8	8.547738E-4
9.235000E-8	7.999594E-4
9.240000E-8	7.400061E-4
9.245000E-8	6.714881E-4
9.250000E-8	6.029701E-4
9.255000E-8	5.584334E-4
9.260000E-8	5.276003E-4
9.265000E-8	4.984802E-4
9.270000E-8	4.744989E-4
9.275000E-8	4.796377E-4
9.280000E-8	5.070449E-4
9.285000E-8	5.258874E-4
9.290000E-8	5.327392E-4
9.295000E-8	5.413039E-4
9.300000E-8	5.567205E-4
9.305000E-8	5.687111E-4
9.310000E-8	5.841277E-4
9.315000E-8	6.063960E-4
9.320000E-8	6.389421E-4
9.325000E-8	6.817658E-4
9.330000E-8	7.297284E-4
9.335000E-8	7.776910E-4
9.340000E-8	8.239407E-4
9.345000E-8	8.684774E-4
9.350000E-8	9.095882E-4
9.355000E-8	9.506990E-4
9.360000E-8	9.969486E-4
9.365000E-8	1.043198E-3
9.370000E-8	1.086022E-3
9.375000E-8	1.118568E-3
9.380000E-8	1.128846E-3
9.385000E-8	1.118568E-3
9.390000E-8	1.101439E-3
9.395000E-8	1.082596E-3
9.400000E-8	1.053476E-3
9.405000E-8	1.020930E-3
9.410000E-8	9.866709E-4
9.415000E-8	9.489860E-4
9.420000E-8	9.130141E-4
9.425000E-8	8.804680E-4
9.430000E-8	8.427831E-4
9.435000E-8	8.068112E-4
9.440000E-8	7.845428E-4
9.445000E-8	7.657004E-4
9.450000E-8	7.382932E-4
9.455000E-8	7.091730E-4
9.460000E-8	6.886176E-4
9.465000E-8	6.594975E-4
9.470000E-8	6.200996E-4
9.475000E-8	5.807018E-4
9.480000E-8	5.430169E-4
9.485000E-8	5.001931E-4
9.490000E-8	4.727859E-4
9.495000E-8	4.710730E-4
9.500000E-8	4.864895E-4
9.505000E-8	5.173226E-4
9.510000E-8	5.738500E-4
9.515000E-8	6.440809E-4
9.520000E-8	7.143119E-4
9.525000E-8	7.948205E-4
9.530000E-8	8.770421E-4
9.535000E-8	9.335695E-4
9.540000E-8	9.644026E-4
9.545000E-8	9.866709E-4
9.550000E-8	9.815321E-4
9.555000E-8	9.318565E-4
9.560000E-8	8.616256E-4
9.565000E-8	7.742651E-4
9.570000E-8	6.732011E-4
9.575000E-8	5.755629E-4
9.580000E-8	5.019061E-4
9.585000E-8	4.522305E-4
9.590000E-8	4.248233E-4
9.595000E-8	4.248233E-4
9.600000E-8	4.419528E-4
9.605000E-8	4.710730E-4
9.610000E-8	5.104708E-4
9.615000E-8	5.584334E-4
9.620000E-8	6.012572E-4
9.625000E-8	6.389421E-4
9.630000E-8	6.663493E-4
9.635000E-8	6.800529E-4
9.640000E-8	6.920435E-4
9.645000E-8	7.074601E-4
9.650000E-8	7.177378E-4
9.655000E-8	7.228766E-4
9.660000E-8	7.348673E-4
9.665000E-8	7.502838E-4
9.670000E-8	7.537097E-4
9.675000E-8	7.519968E-4
9.680000E-8	7.537097E-4
9.685000E-8	7.519968E-4
9.690000E-8	7.519968E-4
9.695000E-8	7.622745E-4
9.700000E-8	7.811169E-4
9.705000E-8	8.033853E-4
9.710000E-8	8.393572E-4
9.715000E-8	8.924587E-4
9.720000E-8	9.404213E-4
9.725000E-8	9.644026E-4
9.730000E-8	9.763932E-4
9.735000E-8	9.712544E-4
9.740000E-8	9.387083E-4
9.745000E-8	8.650515E-4
9.750000E-8	7.657004E-4
9.755000E-8	6.577845E-4
9.760000E-8	5.498687E-4
9.765000E-8	4.419528E-4
9.770000E-8	3.426017E-4
9.775000E-8	2.723708E-4
9.780000E-8	2.415377E-4
9.785000E-8	2.432506E-4
9.790000E-8	2.792226E-4
9.795000E-8	3.477406E-4
9.800000E-8	4.282492E-4
9.805000E-8	5.087579E-4
9.810000E-8	5.789888E-4
9.815000E-8	6.389421E-4
9.820000E-8	6.817658E-4
9.825000E-8	7.040342E-4
9.830000E-8	7.040342E-4
9.835000E-8	6.903306E-4
9.840000E-8	6.886176E-4
9.845000E-8	6.988953E-4
9.850000E-8	7.108860E-4
9.855000E-8	7.297284E-4
9.860000E-8	7.588486E-4
9.865000E-8	7.896817E-4
9.870000E-8	8.153759E-4
9.875000E-8	8.376443E-4
9.880000E-8	8.496349E-4
9.885000E-8	8.513479E-4
9.890000E-8	8.410702E-4
9.895000E-8	8.170889E-4
9.900000E-8	7.811169E-4
9.905000E-8	7.434320E-4
9.910000E-8	7.160248E-4
9.915000E-8	6.920435E-4
9.920000E-8	6.697752E-4
9.925000E-8	6.612104E-4
9.930000E-8	6.663493E-4
9.935000E-8	6.800529E-4
9.940000E-8	6.937565E-4
9.945000E-8	7.057471E-4
9.950000E-8	7.177378E-4
9.955000E-8	7.348673E-4
9.960000E-8	7.417191E-4
9.965000E-8	7.348673E-4
9.970000E-8	7.228766E-4
9.975000E-8	7.108860E-4
9.980000E-8	6.903306E-4
9.985000E-8	6.594975E-4
9.990000E-8	6.320903E-4
9.995000E-8	6.063960E-4
1.000000E-7	5.772759E-4
1.000500E-7	5.481557E-4
1.001000E-7	5.293133E-4
1.001500E-7	5.327392E-4
1.002000E-7	5.481557E-4
1.002500E-7	5.669982E-4
1.003000E-7	5.944054E-4
1.003500E-7	6.338032E-4
1.004000E-7	6.714881E-4
1.004500E-7	6.988953E-4
1.005000E-7	7.280155E-4
1.005500E-7	7.571356E-4
1.006000E-7	7.742651E-4
1.006500E-7	7.776910E-4
1.007000E-7	7.759781E-4
1.007500E-7	7.537097E-4
1.008000E-7	7.040342E-4
1.008500E-7	6.492198E-4
1.009000E-7	5.978313E-4
1.009500E-7	5.344521E-4
1.010000E-7	4.590823E-4
1.010500E-7	3.939902E-4
1.011000E-7	3.494535E-4
1.011500E-7	3.220463E-4
1.012000E-7	3.117686E-4
1.012500E-7	3.186204E-4
1.013000E-7	3.477406E-4
1.013500E-7	4.008420E-4
1.014000E-7	4.659341E-4
1.014500E-7	5.361651E-4
1.015000E-7	6.081090E-4
1.015500E-7	6.749140E-4
1.016000E-7	7.245896E-4
1.016500E-7	7.571356E-4
1.017000E-7	7.794040E-4
1.017500E-7	7.896817E-4
1.018000E-7	7.828299E-4
1.018500E-7	7.639874E-4
1.019000E-7	7.468579E-4
1.019500E-7	7.348673E-4
1.020000E-7	7.245896E-4
1.020500E-7	7.160248E-4
1.021000E-7	7.057471E-4
1.021500E-7	6.971824E-4
1.022000E-7	6.886176E-4
1.022500E-7	6.732011E-4
1.023000E-7	6.457939E-4
1.023500E-7	6.200996E-4
1.024000E-7	5.944054E-4
1.024500E-7	5.652852E-4
1.025000E-7	5.481557E-4
1.025500E-7	5.464428E-4
1.026000E-7	5.515816E-4
1.026500E-7	5.669982E-4
1.027000E-7	6.081090E-4
1.027500E-7	6.594975E-4
1.028000E-7	7.057471E-4
1.028500E-7	7.571356E-4
1.029000E-7	8.188018E-4
1.029500E-7	8.719033E-4
1.030000E-7	8.958846E-4
1.030500E-7	8.924587E-4
1.031000E-7	8.650515E-4
1.031500E-7	8.290795E-4
1.032000E-7	7.845428E-4
1.032500E-7	7.297284E-4
1.033000E-7	6.749140E-4
1.033500E-7	6.389421E-4
1.034000E-7	6.166737E-4
1.034500E-7	5.978313E-4
1.035000E-7	5.875536E-4
1.035500E-7	5.944054E-4
1.036000E-7	6.081090E-4
1.036500E-7	6.200996E-4
1.037000E-7	6.252385E-4
1.037500E-7	6.286644E-4
1.038000E-7	6.252385E-4
1.038500E-7	6.063960E-4
1.039000E-7	5.772759E-4
1.039500E-7	5.601464E-4
1.040000E-7	5.567205E-4
1.040500E-7	5.532946E-4
1.041000E-7	5.498687E-4
1.041500E-7	5.532946E-4
1.042000E-7	5.652852E-4
1.042500E-7	5.807018E-4
1.043000E-7	6.063960E-4
1.043500E-7	6.406550E-4
1.044000E-7	6.594975E-4
1.044500E-7	6.612104E-4
1.045000E-7	6.560716E-4
1.045500E-7	6.475068E-4
1.046000E-7	6.166737E-4
1.046500E-7	5.807018E-4
1.047000E-7	5.601464E-4
1.047500E-7	5.532946E-4
1.048000E-7	5.567205E-4
1.048500E-7	5.772759E-4
1.049000E-7	6.218126E-4
1.049500E-7	6.766270E-4
1.050000E-7	7.417191E-4
1.050500E-7	8.170889E-4
1.051000E-7	8.924587E-4
1.051500E-7	9.472731E-4
1.052000E-7	9.900968E-4
1.052500E-7	1.024356E-3
1.053000E-7	1.041485E-3
1.053500E-7	1.036346E-3
1.054000E-7	1.015791E-3
1.054500E-7	9.849580E-4
1.055000E-7	9.455601E-4
1.055500E-7	9.061623E-4
1.056000E-7	8.719033E-4
1.056500E-7	8.376443E-4
1.057000E-7	8.102371E-4
1.057500E-7	8.102371E-4
1.058000E-7	8.307925E-4
1.058500E-7	8.427831E-4
1.059000E-7	8.479220E-4
1.059500E-7	8.564867E-4
1.060000E-7	8.564867E-4
1.060500E-7	8.307925E-4
1.061000E-7	7.879687E-4
1.061500E-7	7.382932E-4
1.062000E-7	6.749140E-4
1.062500E-7	5.926924E-4
1.063000E-7	5.070449E-4
1.063500E-7	4.316751E-4
1.064000E-7	3.751478E-4
1.064500E-7	3.323240E-4
1.065000E-7	3.083427E-4
1.065500E-7	3.083427E-4
1.066000E-7	3.323240E-4
1.066500E-7	3.665830E-4
1.067000E-7	4.008420E-4
1.067500E-7	4.368140E-4
1.068000E-7	4.676471E-4
1.068500E-7	4.916284E-4
1.069000E-7	5.121838E-4
1.069500E-7	5.310262E-4
1.070000E-7	5.464428E-4
1.070500E-7	5.669982E-4
1.071000E-7	5.995442E-4
1.071500E-7	6.406550E-4
1.072000E-7	6.834788E-4
1.072500E-7	7.211637E-4
1.073000E-7	7.468579E-4
1.073500E-7	7.485709E-4
1.074000E-7	7.194507E-4
1.074500E-7	6.594975E-4
1.075000E-7	5.789888E-4
1.075500E-7	4.830636E-4
1.076000E-7	3.785737E-4
1.076500E-7	2.912132E-4
1.077000E-7	2.346859E-4
1.077500E-7	2.038527E-4
1.078000E-7	2.021398E-4
1.078500E-7	2.483895E-4
1.079000E-7	3.426017E-4
1.079500E-7	4.625082E-4
1.080000E-7	5.995442E-4
1.080500E-7	7.365802E-4
1.081000E-7	8.513479E-4
1.081500E-7	9.267177E-4
1.082000E-7	9.661155E-4
1.082500E-7	9.575508E-4
1.083000E-7	8.958846E-4
1.083500E-7	8.033853E-4
1.084000E-7	6.988953E-4
1.084500E-7	5.858406E-4
1.085000E-7	4.796377E-4
1.085500E-7	4.008420E-4
1.086000E-7	3.597312E-4
1.086500E-7	3.528794E-4
1.087000E-7	3.751478E-4
1.087500E-7	4.248233E-4
1.088000E-7	4.967672E-4
1.088500E-7	5.704241E-4
1.089000E-7	6.286644E-4
1.089500E-7	6.680622E-4
1.090000E-7	6.954694E-4
1.090500E-7	7.023212E-4
1.091000E-7	6.800529E-4
1.091500E-7	6.338032E-4
1.092000E-7	5.772759E-4
1.092500E-7	5.224615E-4
1.093000E-7	4.710730E-4
1.093500E-7	4.213974E-4
1.094000E-7	3.751478E-4
1.094500E-7	3.460276E-4
1.095000E-7	3.408888E-4
1.095500E-7	3.391758E-4
1.096000E-7	3.306111E-4
1.096500E-7	3.323240E-4
1.097000E-7	3.545924E-4
1.097500E-7	3.819996E-4
1.098000E-7	3.957032E-4
1.098500E-7	4.111197E-4
1.099000E-7	4.333881E-4
1.099500E-7	4.453787E-4
1.100000E-7	4.436658E-4
1.100500E-7	4.316751E-4
1.101000E-7	4.008420E-4
1.101500E-7	3.580183E-4
1.102000E-7	3.151945E-4
1.102500E-7	2.689449E-4
1.103000E-7	2.124175E-4
1.103500E-7	1.593160E-4
1.104000E-7	1.130664E-4
1.104500E-7	7.538150E-5
1.105000E-7	6.339084E-5
1.105500E-7	8.052035E-5
1.106000E-7	1.113534E-4
1.106500E-7	1.593160E-4
1.107000E-7	2.226952E-4
1.107500E-7	2.826485E-4
1.108000E-7	3.460276E-4
1.108500E-7	4.248233E-4
1.109000E-7	5.019061E-4
1.109500E-7	5.532946E-4
1.110000E-7	5.944054E-4
1.110500E-7	6.338032E-4
1.111000E-7	6.629234E-4
1.111500E-7	6.903306E-4
1.112000E-7	7.160248E-4
1.112500E-7	7.177378E-4
1.113000E-7	6.971824E-4
1.113500E-7	6.920435E-4
1.114000E-7	7.023212E-4
1.114500E-7	7.040342E-4
1.115000E-7	6.954694E-4
1.115500E-7	7.006083E-4
1.116000E-7	7.143119E-4
1.116500E-7	7.211637E-4
1.117000E-7	7.211637E-4
1.117500E-7	7.211637E-4
1.118000E-7	7.194507E-4
1.118500E-7	7.108860E-4
1.119000E-7	6.886176E-4
1.119500E-7	6.543586E-4
1.120000E-7	6.132478E-4
1.120500E-7	5.687111E-4
1.121000E-7	5.207485E-4
1.121500E-7	4.762118E-4
1.122000E-7	4.470917E-4
1.122500E-7	4.351010E-4
1.123000E-7	4.299622E-4
1.123500E-7	4.351010E-4
1.124000E-7	4.607953E-4
1.124500E-7	4.967672E-4
1.125000E-7	5.241744E-4
1.125500E-7	5.430169E-4
1.126000E-7	5.532946E-4
1.126500E-7	5.413039E-4
1.127000E-7	5.087579E-4
1.127500E-7	4.744989E-4
1.128000E-7	4.488046E-4
1.128500E-7	4.248233E-4
1.129000E-7	4.111197E-4
1.129500E-7	4.213974E-4
1.130000E-7	4.556564E-4
1.130500E-7	5.019061E-4
1.131000E-7	5.618593E-4
1.131500E-7	6.286644E-4
1.132000E-7	6.903306E-4
1.132500E-7	7.314414E-4
1.133000E-7	7.485709E-4
1.133500E-7	7.382932E-4
1.134000E-7	6.971824E-4
1.134500E-7	6.303773E-4
1.135000E-7	5.481557E-4
1.135500E-7	4.556564E-4
1.136000E-7	3.734348E-4
1.136500E-7	3.186204E-4
1.137000E-7	2.929262E-4
1.137500E-7	3.014909E-4
1.138000E-7	3.443147E-4
1.138500E-7	4.008420E-4
1.139000E-7	4.607953E-4
1.139500E-7	5.224615E-4
1.140000E-7	5.721370E-4
1.140500E-7	5.892665E-4
1.141000E-7	5.892665E-4
1.141500E-7	5.807018E-4
1.142000E-7	5.515816E-4
1.142500E-7	4.984802E-4
1.143000E-7	4.470917E-4
1.143500E-7	4.128327E-4
1.144000E-7	3.888514E-4
1.144500E-7	3.802866E-4
1.145000E-7	3.974161E-4
1.145500E-7	4.385269E-4
1.146000E-7	4.967672E-4
1.146500E-7	5.669982E-4
1.147000E-7	6.406550E-4
1.147500E-7	7.125989E-4
1.148000E-7	7.657004E-4
1.148500E-7	7.862558E-4
1.149000E-7	7.845428E-4
1.149500E-7	7.691263E-4
1.150000E-7	7.314414E-4
1.150500E-7	6.714881E-4
1.151000E-7	6.115349E-4
1.151500E-7	5.515816E-4
1.152000E-7	4.847766E-4
1.152500E-7	4.196845E-4
1.153000E-7	3.682960E-4
1.153500E-7	3.340370E-4
1.154000E-7	3.220463E-4
1.154500E-7	3.340370E-4
1.155000E-7	3.597312E-4
1.155500E-7	3.871384E-4
1.156000E-7	4.248233E-4
1.156500E-7	4.676471E-4
1.157000E-7	5.087579E-4
1.157500E-7	5.413039E-4
1.158000E-7	5.669982E-4
1.158500E-7	5.875536E-4
1.159000E-7	5.961183E-4
1.159500E-7	5.875536E-4
1.160000E-7	5.652852E-4
1.160500E-7	5.361651E-4
1.161000E-7	4.967672E-4
1.161500E-7	4.556564E-4
1.162000E-7	4.351010E-4
1.162500E-7	4.265363E-4
1.163000E-7	4.231104E-4
1.163500E-7	4.368140E-4
1.164000E-7	4.642212E-4
1.164500E-7	4.916284E-4
1.165000E-7	5.276003E-4
1.165500E-7	5.687111E-4
1.166000E-7	5.926924E-4
1.166500E-7	6.046831E-4
1.167000E-7	6.115349E-4
1.167500E-7	6.063960E-4
1.168000E-7	5.841277E-4
1.168500E-7	5.567205E-4
1.169000E-7	5.241744E-4
1.169500E-7	4.830636E-4
1.170000E-7	4.368140E-4
1.170500E-7	3.939902E-4
1.171000E-7	3.580183E-4
1.171500E-7	3.340370E-4
1.172000E-7	3.254722E-4
1.172500E-7	3.254722E-4
1.173000E-7	3.340370E-4
1.173500E-7	3.580183E-4
1.174000E-7	3.922773E-4
1.174500E-7	4.265363E-4
1.175000E-7	4.590823E-4
1.175500E-7	5.053320E-4
1.176000E-7	5.652852E-4
1.176500E-7	6.218126E-4
1.177000E-7	6.766270E-4
1.177500E-7	7.400061E-4
1.178000E-7	8.033853E-4
1.178500E-7	8.444961E-4
1.179000E-7	8.633385E-4
1.179500E-7	8.684774E-4
1.180000E-7	8.616256E-4
1.180500E-7	8.462090E-4
1.181000E-7	8.170889E-4
1.181500E-7	7.759781E-4
1.182000E-7	7.331543E-4
1.182500E-7	6.886176E-4
1.183000E-7	6.355162E-4
1.183500E-7	5.909795E-4
1.184000E-7	5.687111E-4
1.184500E-7	5.532946E-4
1.185000E-7	5.447298E-4
1.185500E-7	5.584334E-4
1.186000E-7	5.807018E-4
1.186500E-7	6.029701E-4
1.187000E-7	6.355162E-4
1.187500E-7	6.646363E-4
1.188000E-7	6.732011E-4
1.188500E-7	6.766270E-4
1.189000E-7	6.971824E-4
1.189500E-7	7.091730E-4
1.190000E-7	6.971824E-4
1.190500E-7	6.766270E-4
1.191000E-7	6.457939E-4
1.191500E-7	6.012572E-4
1.192000E-7	5.447298E-4
1.192500E-7	4.710730E-4
1.193000E-7	3.819996E-4
1.193500E-7	2.946391E-4
1.194000E-7	2.107045E-4
1.194500E-7	1.182052E-4
1.195000E-7	3.084479E-5
1.195500E-7	-2.739551E-5
1.196000E-7	-5.308976E-5
1.196500E-7	-5.137681E-5
1.197000E-7	-2.054371E-5
1.197500E-7	3.598364E-5
1.198000E-7	1.199182E-4
1.198500E-7	2.261211E-4
1.199000E-7	3.426017E-4
1.199500E-7	4.539435E-4
1.200000E-7	5.498687E-4
1.200500E-7	6.252385E-4
1.201000E-7	6.817658E-4
1.201500E-7	7.108860E-4
1.202000E-7	7.091730E-4
1.202500E-7	6.766270E-4
1.203000E-7	6.218126E-4
1.203500E-7	5.515816E-4
1.204000E-7	4.727859E-4
1.204500E-7	3.991291E-4
1.205000E-7	3.323240E-4
1.205500E-7	2.638060E-4
1.206000E-7	2.072786E-4
1.206500E-7	1.747326E-4
1.207000E-7	1.610290E-4
1.207500E-7	1.558901E-4
1.208000E-7	1.661678E-4
1.208500E-7	1.901491E-4
1.209000E-7	2.209822E-4
1.209500E-7	2.655190E-4
1.210000E-7	3.254722E-4
1.210500E-7	3.905643E-4
1.211000E-7	4.488046E-4
1.211500E-7	5.087579E-4
1.212000E-7	5.669982E-4
1.212500E-7	6.029701E-4
1.213000E-7	6.183867E-4
1.213500E-7	6.303773E-4
1.214000E-7	6.355162E-4
1.214500E-7	6.183867E-4
1.215000E-7	5.824147E-4
1.215500E-7	5.378780E-4
1.216000E-7	4.882025E-4
1.216500E-7	4.453787E-4
1.217000E-7	4.059809E-4
1.217500E-7	3.614442E-4
1.218000E-7	3.254722E-4
1.218500E-7	3.083427E-4
1.219000E-7	3.014909E-4
1.219500E-7	2.980650E-4
1.220000E-7	3.066298E-4
1.220500E-7	3.237593E-4
1.221000E-7	3.408888E-4
1.221500E-7	3.631571E-4
1.222000E-7	3.905643E-4
1.222500E-7	4.179715E-4
1.223000E-7	4.419528E-4
1.223500E-7	4.642212E-4
1.224000E-7	4.813507E-4
1.224500E-7	4.864895E-4
1.225000E-7	4.796377E-4
1.225500E-7	4.642212E-4
1.226000E-7	4.351010E-4
1.226500E-7	3.957032E-4
1.227000E-7	3.494535E-4
1.227500E-7	3.100557E-4
1.228000E-7	2.723708E-4
1.228500E-7	2.261211E-4
1.229000E-7	1.815844E-4
1.229500E-7	1.490383E-4
1.230000E-7	1.182052E-4
1.230500E-7	9.251100E-5
1.231000E-7	8.394625E-5
1.231500E-7	7.709445E-5
1.232000E-7	5.140019E-5
1.232500E-7	2.570594E-5
1.233000E-7	1.371529E-5
1.233500E-7	1.724643E-6
1.234000E-7	-1.540486E-5
1.234500E-7	-2.568256E-5
1.235000E-7	-2.739551E-5
1.235500E-7	-1.883076E-5
1.236000E-7	8.576443E-6
1.236500E-7	3.940954E-5
1.237000E-7	7.538150E-5
1.237500E-7	1.421865E-4
1.238000E-7	2.363988E-4
1.238500E-7	3.288981E-4
1.239000E-7	4.094068E-4
1.239500E-7	4.882025E-4
1.240000E-7	5.550075E-4
1.240500E-7	6.012572E-4
1.241000E-7	6.303773E-4
1.241500E-7	6.355162E-4
1.242000E-7	6.115349E-4
1.242500E-7	5.738500E-4
1.243000E-7	5.344521E-4
1.243500E-7	4.916284E-4
1.244000E-7	4.402399E-4
1.244500E-7	3.871384E-4
1.245000E-7	3.408888E-4
1.245500E-7	3.100557E-4
1.246000E-7	2.843614E-4
1.246500E-7	2.483895E-4
1.247000E-7	2.072786E-4
1.247500E-7	1.781585E-4
1.248000E-7	1.524642E-4
1.248500E-7	1.182052E-4
1.249000E-7	8.223330E-5
1.249500E-7	5.996494E-5
1.250000E-7	4.968724E-5
1.250500E-7	4.797429E-5
1.251000E-7	5.653904E-5
1.251500E-7	7.709445E-5
1.252000E-7	1.164923E-4
1.252500E-7	1.695937E-4
1.253000E-7	2.244081E-4
1.253500E-7	2.792226E-4
1.254000E-7	3.323240E-4
1.254500E-7	3.717219E-4
1.255000E-7	3.837125E-4
1.255500E-7	3.768607E-4
1.256000E-7	3.528794E-4
1.256500E-7	3.032039E-4
1.257000E-7	2.312599E-4
1.257500E-7	1.610290E-4
1.258000E-7	9.251100E-5
1.258500E-7	1.885414E-5
1.259000E-7	-4.452501E-5
1.259500E-7	-7.535811E-5
1.260000E-7	-8.049696E-5
1.260500E-7	-7.021926E-5
1.261000E-7	-4.109911E-5
1.261500E-7	1.200234E-5
1.262000E-7	7.709445E-5
1.262500E-7	1.438995E-4
1.263000E-7	2.089916E-4
1.263500E-7	2.689449E-4
1.264000E-7	3.203334E-4
1.264500E-7	3.511665E-4
1.265000E-7	3.580183E-4
1.265500E-7	3.614442E-4
1.266000E-7	3.665830E-4
1.266500E-7	3.751478E-4
1.267000E-7	3.871384E-4
1.267500E-7	3.957032E-4
1.268000E-7	4.059809E-4
1.268500E-7	4.368140E-4
1.269000E-7	4.933413E-4
1.269500E-7	5.481557E-4
1.270000E-7	5.892665E-4
1.270500E-7	6.252385E-4
1.271000E-7	6.440809E-4
1.271500E-7	6.286644E-4
1.272000E-7	5.909795E-4
1.272500E-7	5.378780E-4
1.273000E-7	4.659341E-4
1.273500E-7	3.751478E-4
1.274000E-7	2.877873E-4
1.274500E-7	2.072786E-4
1.275000E-7	1.404736E-4
1.275500E-7	1.027887E-4
1.276000E-7	1.010757E-4
1.276500E-7	1.301959E-4
1.277000E-7	1.850103E-4
1.277500E-7	2.638060E-4
1.278000E-7	3.563053E-4
1.278500E-7	4.402399E-4
1.279000E-7	5.104708E-4
1.279500E-7	5.772759E-4
1.280000E-7	6.320903E-4
1.280500E-7	6.560716E-4
1.281000E-7	6.577845E-4
1.281500E-7	6.560716E-4
1.282000E-7	6.492198E-4
1.282500E-7	6.200996E-4
1.283000E-7	5.824147E-4
1.283500E-7	5.567205E-4
1.284000E-7	5.344521E-4
1.284500E-7	4.984802E-4
1.285000E-7	4.488046E-4
1.285500E-7	3.991291E-4
1.286000E-7	3.511665E-4
1.286500E-7	2.980650E-4
1.287000E-7	2.569542E-4
1.287500E-7	2.329729E-4
1.288000E-7	2.158434E-4
1.288500E-7	2.055657E-4
1.289000E-7	2.089916E-4
1.289500E-7	2.261211E-4
1.290000E-7	2.501024E-4
1.290500E-7	2.809355E-4
1.291000E-7	3.151945E-4
1.291500E-7	3.426017E-4
1.292000E-7	3.614442E-4
1.292500E-7	3.682960E-4
1.293000E-7	3.580183E-4
1.293500E-7	3.323240E-4
1.294000E-7	3.049168E-4
1.294500E-7	2.809355E-4
1.295000E-7	2.586672E-4
1.295500E-7	2.449636E-4
1.296000E-7	2.501024E-4
1.296500E-7	2.620931E-4
1.297000E-7	2.809355E-4
1.297500E-7	3.049168E-4
1.298000E-7	3.323240E-4
1.298500E-7	3.580183E-4
1.299000E-7	3.871384E-4
1.299500E-7	4.196845E-4
1.300000E-7	4.539435E-4
1.300500E-7	4.882025E-4
1.301000E-7	5.173226E-4
1.301500E-7	5.464428E-4
1.302000E-7	5.807018E-4
1.302500E-7	6.098219E-4
1.303000E-7	6.252385E-4
1.303500E-7	6.303773E-4
1.304000E-7	6.303773E-4
1.304500E-7	6.149608E-4
1.305000E-7	5.841277E-4
1.305500E-7	5.550075E-4
1.306000E-7	5.276003E-4
1.306500E-7	4.933413E-4
1.307000E-7	4.590823E-4
1.307500E-7	4.333881E-4
1.308000E-7	4.128327E-4
1.308500E-7	3.991291E-4
1.309000E-7	3.837125E-4
1.309500E-7	3.631571E-4
1.310000E-7	3.340370E-4
1.310500E-7	3.049168E-4
1.311000E-7	2.706578E-4
1.311500E-7	2.363988E-4
1.312000E-7	2.021398E-4
1.312500E-7	1.610290E-4
1.313000E-7	1.216311E-4
1.313500E-7	9.936280E-5
1.314000E-7	8.908510E-5
1.314500E-7	8.737215E-5
1.315000E-7	1.045016E-4
1.315500E-7	1.438995E-4
1.316000E-7	2.055657E-4
1.316500E-7	2.895003E-4
1.317000E-7	3.785737E-4
1.317500E-7	4.590823E-4
1.318000E-7	5.378780E-4
1.318500E-7	6.149608E-4
1.319000E-7	6.697752E-4
1.319500E-7	6.971824E-4
1.320000E-7	7.074601E-4
1.320500E-7	6.937565E-4
1.321000E-7	6.492198E-4
1.321500E-7	5.909795E-4
1.322000E-7	5.327392E-4
1.322500E-7	4.590823E-4
1.323000E-7	3.563053E-4
1.323500E-7	2.518154E-4
1.324000E-7	1.730196E-4
1.324500E-7	1.164923E-4
1.325000E-7	7.195560E-5
1.325500E-7	4.626134E-5
1.326000E-7	3.769659E-5
1.326500E-7	3.769659E-5
1.327000E-7	4.454839E-5
1.327500E-7	6.339084E-5
1.328000E-7	8.908510E-5
1.328500E-7	1.164923E-4
1.329000E-7	1.524642E-4
1.329500E-7	1.918621E-4
1.330000E-7	2.158434E-4
1.330500E-7	2.244081E-4
1.331000E-7	2.363988E-4
1.331500E-7	2.569542E-4
1.332000E-7	2.740837E-4
1.332500E-7	2.809355E-4
1.333000E-7	2.895003E-4
1.333500E-7	3.049168E-4
1.334000E-7	3.237593E-4
1.334500E-7	3.374629E-4
1.335000E-7	3.408888E-4
1.335500E-7	3.374629E-4
1.336000E-7	3.254722E-4
1.336500E-7	3.032039E-4
1.337000E-7	2.672319E-4
1.337500E-7	2.278340E-4
1.338000E-7	1.952880E-4
1.338500E-7	1.661678E-4
1.339000E-7	1.370477E-4
1.339500E-7	1.250570E-4
1.340000E-7	1.319088E-4
1.340500E-7	1.456124E-4
1.341000E-7	1.644549E-4
1.341500E-7	1.935750E-4
1.342000E-7	2.295470E-4
1.342500E-7	2.638060E-4
1.343000E-7	2.860744E-4
1.343500E-7	2.895003E-4
1.344000E-7	2.757967E-4
1.344500E-7	2.483895E-4
1.345000E-7	2.038527E-4
1.345500E-7	1.524642E-4
1.346000E-7	1.045016E-4
1.346500E-7	5.825199E-5
1.347000E-7	1.371529E-5
1.347500E-7	-1.197896E-5
1.348000E-7	-2.225666E-5
1.348500E-7	-2.396961E-5
1.349000E-7	-6.840107E-6
1.349500E-7	2.228004E-5
1.350000E-7	4.626134E-5
1.350500E-7	6.339084E-5
1.351000E-7	7.880740E-5
1.351500E-7	8.223330E-5
1.352000E-7	6.852969E-5
1.352500E-7	4.797429E-5
1.353000E-7	1.542824E-5
1.353500E-7	-3.082141E-5
1.354000E-7	-6.679336E-5
1.354500E-7	-8.049696E-5
1.355000E-7	-8.049696E-5
1.355500E-7	-6.508041E-5
1.356000E-7	-2.910846E-5
1.356500E-7	2.228004E-5
1.357000E-7	8.737215E-5
1.357500E-7	1.610290E-4
1.358000E-7	2.278340E-4
1.358500E-7	2.860744E-4
1.359000E-7	3.408888E-4
1.359500E-7	3.819996E-4
1.360000E-7	4.025550E-4
1.360500E-7	4.145456E-4
1.361000E-7	4.094068E-4
1.361500E-7	3.802866E-4
1.362000E-7	3.580183E-4
1.362500E-7	3.528794E-4
1.363000E-7	3.408888E-4
1.363500E-7	3.237593E-4
1.364000E-7	3.186204E-4
1.364500E-7	3.151945E-4
1.365000E-7	3.032039E-4
1.365500E-7	2.860744E-4
1.366000E-7	2.603801E-4
1.366500E-7	2.278340E-4
1.367000E-7	2.021398E-4
1.367500E-7	1.764455E-4
1.368000E-7	1.421865E-4
1.368500E-7	1.096405E-4
1.369000E-7	8.565920E-5
1.369500E-7	5.482609E-5
1.370000E-7	3.084479E-5
1.370500E-7	2.913184E-5
1.371000E-7	3.598364E-5
1.371500E-7	3.598364E-5
1.372000E-7	4.797429E-5
1.372500E-7	8.223330E-5
1.373000E-7	1.233441E-4
1.373500E-7	1.678808E-4
1.374000E-7	2.312599E-4
1.374500E-7	3.049168E-4
1.375000E-7	3.819996E-4
1.375500E-7	4.693600E-4
1.376000E-7	5.669982E-4
1.376500E-7	6.543586E-4
1.377000E-7	7.228766E-4
1.377500E-7	7.811169E-4
1.378000E-7	8.205148E-4
1.378500E-7	8.256536E-4
1.379000E-7	8.016723E-4
1.379500E-7	7.502838E-4
1.380000E-7	6.646363E-4
1.380500E-7	5.550075E-4
1.381000E-7	4.282492E-4
1.381500E-7	2.929262E-4
1.382000E-7	1.593160E-4
1.382500E-7	3.427069E-5
1.383000E-7	-7.535811E-5
1.383500E-7	-1.490150E-4
1.384000E-7	-1.815610E-4
1.384500E-7	-1.798481E-4
1.385000E-7	-1.473020E-4
1.385500E-7	-7.878401E-5
1.386000E-7	1.714119E-5
1.386500E-7	1.250570E-4
1.387000E-7	2.329729E-4
1.387500E-7	3.357499E-4
1.388000E-7	4.213974E-4
1.388500E-7	4.847766E-4
1.389000E-7	5.156097E-4
1.389500E-7	5.053320E-4
1.390000E-7	4.693600E-4
1.390500E-7	4.196845E-4
1.391000E-7	3.648701E-4
1.391500E-7	3.117686E-4
1.392000E-7	2.723708E-4
1.392500E-7	2.449636E-4
1.393000E-7	2.244081E-4
1.393500E-7	2.107045E-4
1.394000E-7	2.072786E-4
1.394500E-7	2.158434E-4
1.395000E-7	2.346859E-4
1.395500E-7	2.501024E-4
1.396000E-7	2.535283E-4
1.396500E-7	2.552413E-4
1.397000E-7	2.535283E-4
1.397500E-7	2.432506E-4
1.398000E-7	2.363988E-4
1.398500E-7	2.363988E-4
1.399000E-7	2.346859E-4
1.399500E-7	2.363988E-4
1.400000E-7	2.501024E-4
1.400500E-7	2.586672E-4
1.401000E-7	2.552413E-4
1.401500E-7	2.483895E-4
1.402000E-7	2.432506E-4
1.402500E-7	2.312599E-4
1.403000E-7	2.175563E-4
1.403500E-7	2.141304E-4
1.404000E-7	2.089916E-4
1.404500E-7	1.935750E-4
1.405000E-7	1.781585E-4
1.405500E-7	1.695937E-4
1.406000E-7	1.695937E-4
1.406500E-7	1.730196E-4
1.407000E-7	1.781585E-4
1.407500E-7	1.815844E-4
1.408000E-7	1.935750E-4
1.408500E-7	2.175563E-4
1.409000E-7	2.415377E-4
1.409500E-7	2.603801E-4
1.410000E-7	2.912132E-4
1.410500E-7	3.306111E-4
1.411000E-7	3.734348E-4
1.411500E-7	4.196845E-4
1.412000E-7	4.727859E-4
1.412500E-7	5.207485E-4
1.413000E-7	5.652852E-4
1.413500E-7	6.081090E-4
1.414000E-7	6.355162E-4
1.414500E-7	6.457939E-4
1.415000E-7	6.440809E-4
1.415500E-7	6.218126E-4
1.416000E-7	5.841277E-4
1.416500E-7	5.327392E-4
1.417000E-7	4.642212E-4
1.417500E-7	3.682960E-4
1.418000E-7	2.655190E-4
1.418500E-7	1.678808E-4
1.419000E-7	7.366855E-5
1.419500E-7	-1.369191E-5
1.420000E-7	-8.563581E-5
1.420500E-7	-1.387373E-4
1.421000E-7	-1.695704E-4
1.421500E-7	-1.610056E-4
1.422000E-7	-1.164689E-4
1.422500E-7	-5.480271E-5
1.423000E-7	2.399299E-5
1.423500E-7	1.199182E-4
1.424000E-7	2.158434E-4
1.424500E-7	2.980650E-4
1.425000E-7	3.751478E-4
1.425500E-7	4.316751E-4
1.426000E-7	4.470917E-4
1.426500E-7	4.248233E-4
1.427000E-7	3.819996E-4
1.427500E-7	3.169075E-4
1.428000E-7	2.329729E-4
1.428500E-7	1.438995E-4
1.429000E-7	6.510379E-5
1.429500E-7	-1.701257E-6
1.430000E-7	-4.795091E-5
1.430500E-7	-6.850631E-5
1.431000E-7	-5.822861E-5
1.431500E-7	-1.883076E-5
1.432000E-7	4.283544E-5
1.432500E-7	1.147793E-4
1.433000E-7	1.850103E-4
1.433500E-7	2.415377E-4
1.434000E-7	2.706578E-4
1.434500E-7	2.775096E-4
1.435000E-7	2.689449E-4
1.435500E-7	2.363988E-4
1.436000E-7	1.747326E-4
1.436500E-7	1.027887E-4
1.437000E-7	4.112249E-5
1.437500E-7	-1.711781E-5
1.438000E-7	-7.535811E-5
1.438500E-7	-1.096171E-4
1.439000E-7	-1.079042E-4
1.439500E-7	-8.392286E-5
1.440000E-7	-4.966386E-5
1.440500E-7	-1.701257E-6
1.441000E-7	5.482609E-5
1.441500E-7	1.045016E-4
1.442000E-7	1.456124E-4
1.442500E-7	1.901491E-4
1.443000E-7	2.312599E-4
1.443500E-7	2.586672E-4
1.444000E-7	2.809355E-4
1.444500E-7	3.066298E-4
1.445000E-7	3.288981E-4
1.445500E-7	3.597312E-4
1.446000E-7	4.025550E-4
1.446500E-7	4.419528E-4
1.447000E-7	4.744989E-4
1.447500E-7	5.207485E-4
1.448000E-7	5.738500E-4
1.448500E-7	6.115349E-4
1.449000E-7	6.286644E-4
1.449500E-7	6.406550E-4
1.450000E-7	6.526457E-4
1.450500E-7	6.560716E-4
1.451000E-7	6.457939E-4
1.451500E-7	6.355162E-4
1.452000E-7	6.355162E-4
1.452500E-7	6.338032E-4
1.453000E-7	6.218126E-4
1.453500E-7	6.132478E-4
1.454000E-7	6.132478E-4
1.454500E-7	6.046831E-4
1.455000E-7	5.858406E-4
1.455500E-7	5.721370E-4
1.456000E-7	5.550075E-4
1.456500E-7	5.224615E-4
1.457000E-7	4.796377E-4
1.457500E-7	4.282492E-4
1.458000E-7	3.665830E-4
1.458500E-7	3.083427E-4
1.459000E-7	2.672319E-4
1.459500E-7	2.381118E-4
1.460000E-7	2.226952E-4
1.460500E-7	2.209822E-4
1.461000E-7	2.278340E-4
1.461500E-7	2.415377E-4
1.462000E-7	2.552413E-4
1.462500E-7	2.672319E-4
1.463000E-7	2.757967E-4
1.463500E-7	2.826485E-4
1.464000E-7	2.809355E-4
1.464500E-7	2.535283E-4
1.465000E-7	2.107045E-4
1.465500E-7	1.644549E-4
1.466000E-7	1.096405E-4
1.466500E-7	4.112249E-5
1.467000E-7	-2.225666E-5
1.467500E-7	-6.850631E-5
1.468000E-7	-1.061912E-4
1.468500E-7	-1.353114E-4
1.469000E-7	-1.455891E-4
1.469500E-7	-1.370243E-4
1.470000E-7	-1.113301E-4
1.470500E-7	-7.021926E-5
1.471000E-7	-3.424731E-5
1.471500E-7	1.169292E-8
1.472000E-7	4.797429E-5
1.472500E-7	1.045016E-4
1.473000E-7	1.438995E-4
1.473500E-7	1.695937E-4
1.474000E-7	1.884362E-4
1.474500E-7	1.798714E-4
1.475000E-7	1.507513E-4
1.475500E-7	1.233441E-4
1.476000E-7	9.251100E-5
1.476500E-7	4.626134E-5
1.477000E-7	1.200234E-5
1.477500E-7	5.150543E-6
1.478000E-7	1.714119E-5
1.478500E-7	4.454839E-5
1.479000E-7	9.764985E-5
1.479500E-7	1.678808E-4
1.480000E-7	2.381118E-4
1.480500E-7	3.066298E-4
1.481000E-7	3.665830E-4
1.481500E-7	4.145456E-4
1.482000E-7	4.539435E-4
1.482500E-7	4.796377E-4
1.483000E-7	4.779248E-4
1.483500E-7	4.573694E-4
1.484000E-7	4.316751E-4
1.484500E-7	4.025550E-4
1.485000E-7	3.717219E-4
1.485500E-7	3.511665E-4
1.486000E-7	3.511665E-4
1.486500E-7	3.700089E-4
1.487000E-7	4.008420E-4
1.487500E-7	4.351010E-4
1.488000E-7	4.779248E-4
1.488500E-7	5.224615E-4
1.489000E-7	5.550075E-4
1.489500E-7	5.669982E-4
1.490000E-7	5.652852E-4
1.490500E-7	5.464428E-4
1.491000E-7	5.001931E-4
1.491500E-7	4.419528E-4
1.492000E-7	3.837125E-4
1.492500E-7	3.151945E-4
1.493000E-7	2.381118E-4
1.493500E-7	1.832973E-4
1.494000E-7	1.558901E-4
1.494500E-7	1.456124E-4
1.495000E-7	1.593160E-4
1.495500E-7	1.935750E-4
1.496000E-7	2.312599E-4
1.496500E-7	2.586672E-4
1.497000E-7	2.877873E-4
1.497500E-7	3.049168E-4
1.498000E-7	3.014909E-4
1.498500E-7	2.792226E-4
1.499000E-7	2.398247E-4
1.499500E-7	1.867232E-4
1.500000E-7	1.319088E-4
1.500500E-7	8.052035E-5
1.501000E-7	3.769659E-5
1.501500E-7	2.228004E-5
1.502000E-7	3.769659E-5
1.502500E-7	6.167789E-5
1.503000E-7	1.010757E-4
1.503500E-7	1.713067E-4
1.504000E-7	2.449636E-4
1.504500E-7	2.963521E-4
1.505000E-7	3.477406E-4
1.505500E-7	4.059809E-4
1.506000E-7	4.385269E-4
1.506500E-7	4.333881E-4
1.507000E-7	4.111197E-4
1.507500E-7	3.802866E-4
1.508000E-7	3.306111E-4
1.508500E-7	2.655190E-4
1.509000E-7	1.935750E-4
1.509500E-7	1.233441E-4
1.510000E-7	5.653904E-5
1.510500E-7	-1.701257E-6
1.511000E-7	-4.623796E-5
1.511500E-7	-7.707106E-5
1.512000E-7	-9.420056E-5
1.512500E-7	-9.420056E-5
1.513000E-7	-7.707106E-5
1.513500E-7	-4.795091E-5
1.514000E-7	-1.026601E-5
1.514500E-7	2.570594E-5
1.515000E-7	5.140019E-5
1.515500E-7	6.852969E-5
1.516000E-7	7.538150E-5
1.516500E-7	6.510379E-5
1.517000E-7	3.427069E-5
1.517500E-7	-6.840107E-6
1.518000E-7	-5.308976E-5
1.518500E-7	-1.113301E-4
1.519000E-7	-1.747092E-4
1.519500E-7	-2.346625E-4
1.520000E-7	-2.877639E-4
1.520500E-7	-3.254488E-4
1.521000E-7	-3.323006E-4
1.521500E-7	-3.134582E-4
1.522000E-7	-2.774862E-4
1.522500E-7	-2.243848E-4
1.523000E-7	-1.558668E-4
1.523500E-7	-7.021926E-5
1.524000E-7	2.228004E-5
1.524500E-7	1.027887E-4
1.525000E-7	1.627419E-4
1.525500E-7	2.055657E-4
1.526000E-7	2.312599E-4
1.526500E-7	2.398247E-4
1.527000E-7	2.415377E-4
1.527500E-7	2.398247E-4
1.528000E-7	2.209822E-4
1.528500E-7	1.918621E-4
1.529000E-7	1.730196E-4
1.529500E-7	1.730196E-4
1.530000E-7	1.781585E-4
1.530500E-7	1.952880E-4
1.531000E-7	2.261211E-4
1.531500E-7	2.672319E-4
1.532000E-7	3.049168E-4
1.532500E-7	3.340370E-4
1.533000E-7	3.528794E-4
1.533500E-7	3.597312E-4
1.534000E-7	3.494535E-4
1.534500E-7	3.186204E-4
1.535000E-7	2.757967E-4
1.535500E-7	2.415377E-4
1.536000E-7	2.141304E-4
1.536500E-7	1.832973E-4
1.537000E-7	1.541772E-4
1.537500E-7	1.438995E-4
1.538000E-7	1.507513E-4
1.538500E-7	1.678808E-4
1.539000E-7	1.952880E-4
1.539500E-7	2.226952E-4
1.540000E-7	2.415377E-4
1.540500E-7	2.655190E-4
1.541000E-7	2.929262E-4
1.541500E-7	3.100557E-4
1.542000E-7	3.066298E-4
1.542500E-7	2.980650E-4
1.543000E-7	2.980650E-4
1.543500E-7	2.929262E-4
1.544000E-7	2.860744E-4
1.544500E-7	2.912132E-4
1.545000E-7	3.014909E-4
1.545500E-7	3.100557E-4
1.546000E-7	3.271852E-4
1.546500E-7	3.580183E-4
1.547000E-7	3.939902E-4
1.547500E-7	4.265363E-4
1.548000E-7	4.556564E-4
1.548500E-7	4.762118E-4
1.549000E-7	4.847766E-4
1.549500E-7	4.813507E-4
1.550000E-7	4.590823E-4
1.550500E-7	4.179715E-4
1.551000E-7	3.700089E-4
1.551500E-7	3.203334E-4
1.552000E-7	2.655190E-4
1.552500E-7	2.038527E-4
1.553000E-7	1.421865E-4
1.553500E-7	9.593690E-5
1.554000E-7	7.024265E-5
1.554500E-7	6.681674E-5
1.555000E-7	8.052035E-5
1.555500E-7	1.199182E-4
1.556000E-7	1.815844E-4
1.556500E-7	2.466765E-4
1.557000E-7	3.066298E-4
1.557500E-7	3.545924E-4
1.558000E-7	3.888514E-4
1.558500E-7	4.042679E-4
1.559000E-7	4.042679E-4
1.559500E-7	3.854255E-4
1.560000E-7	3.477406E-4
1.560500E-7	2.963521E-4
1.561000E-7	2.449636E-4
1.561500E-7	2.072786E-4
1.562000E-7	1.832973E-4
1.562500E-7	1.593160E-4
1.563000E-7	1.456124E-4
1.563500E-7	1.695937E-4
1.564000E-7	2.244081E-4
1.564500E-7	2.860744E-4
1.565000E-7	3.545924E-4
1.565500E-7	4.351010E-4
1.566000E-7	5.104708E-4
1.566500E-7	5.567205E-4
1.567000E-7	5.755629E-4
1.567500E-7	5.738500E-4
1.568000E-7	5.481557E-4
1.568500E-7	4.830636E-4
1.569000E-7	3.871384E-4
1.569500E-7	2.877873E-4
1.570000E-7	1.884362E-4
1.570500E-7	8.223330E-5
1.571000E-7	-8.553057E-6
1.571500E-7	-7.021926E-5
1.572000E-7	-1.079042E-4
1.572500E-7	-1.284596E-4
1.573000E-7	-1.250337E-4
1.573500E-7	-9.762646E-5
1.574000E-7	-5.480271E-5
1.574500E-7	-3.414207E-6
1.575000E-7	5.140019E-5
1.575500E-7	9.251100E-5
1.576000E-7	1.216311E-4
1.576500E-7	1.353347E-4
1.577000E-7	1.319088E-4
1.577500E-7	1.096405E-4
1.578000E-7	7.538150E-5
1.578500E-7	3.598364E-5
1.579000E-7	1.169292E-8
1.579500E-7	-2.396961E-5
1.580000E-7	-3.938616E-5
1.580500E-7	-3.767321E-5
1.581000E-7	-8.553057E-6
1.581500E-7	4.112249E-5
1.582000E-7	8.394625E-5
1.582500E-7	1.250570E-4
1.583000E-7	1.781585E-4
1.583500E-7	2.261211E-4
1.584000E-7	2.501024E-4
1.584500E-7	2.586672E-4
1.585000E-7	2.620931E-4
1.585500E-7	2.483895E-4
1.586000E-7	2.158434E-4
1.586500E-7	1.764455E-4
1.587000E-7	1.387606E-4
1.587500E-7	1.113534E-4
1.588000E-7	9.422395E-5
1.588500E-7	8.908510E-5
1.589000E-7	1.027887E-4
1.589500E-7	1.336218E-4
1.590000E-7	1.678808E-4
1.590500E-7	1.918621E-4
1.591000E-7	2.107045E-4
1.591500E-7	2.363988E-4
1.592000E-7	2.620931E-4
1.592500E-7	2.775096E-4
1.593000E-7	2.895003E-4
1.593500E-7	2.963521E-4
1.594000E-7	2.963521E-4
1.594500E-7	2.912132E-4
1.595000E-7	2.895003E-4
1.595500E-7	2.929262E-4
1.596000E-7	2.946391E-4
1.596500E-7	2.946391E-4
1.597000E-7	2.929262E-4
1.597500E-7	2.860744E-4
1.598000E-7	2.689449E-4
1.598500E-7	2.398247E-4
1.599000E-7	2.038527E-4
1.599500E-7	1.747326E-4
1.600000E-7	1.456124E-4
1.600500E-7	1.130664E-4
1.601000E-7	9.422395E-5
1.601500E-7	8.908510E-5
1.602000E-7	8.394625E-5
1.602500E-7	7.366855E-5
1.603000E-7	7.024265E-5
1.603500E-7	6.339084E-5
1.604000E-7	4.626134E-5
1.604500E-7	2.913184E-5
1.605000E-7	2.056709E-5
1.605500E-7	1.542824E-5
1.606000E-7	1.371529E-5
1.606500E-7	1.714119E-5
1.607000E-7	3.769659E-5
1.607500E-7	7.024265E-5
1.608000E-7	1.045016E-4
1.608500E-7	1.404736E-4
1.609000E-7	1.798714E-4
1.609500E-7	2.141304E-4
1.610000E-7	2.415377E-4
1.610500E-7	2.706578E-4
1.611000E-7	2.895003E-4
1.611500E-7	2.740837E-4
1.612000E-7	2.449636E-4
1.612500E-7	2.192693E-4
1.613000E-7	1.832973E-4
1.613500E-7	1.353347E-4
1.614000E-7	9.593690E-5
1.614500E-7	6.852969E-5
1.615000E-7	4.797429E-5
1.615500E-7	3.255774E-5
1.616000E-7	1.542824E-5
1.616500E-7	1.169292E-8
1.617000E-7	-6.840107E-6
1.617500E-7	-6.840107E-6
1.618000E-7	-8.553057E-6
1.618500E-7	-1.197896E-5
1.619000E-7	-1.197896E-5
1.619500E-7	-1.197896E-5
1.620000E-7	-5.127157E-6
1.620500E-7	8.576443E-6
1.621000E-7	3.084479E-5
1.621500E-7	6.339084E-5
1.622000E-7	1.079275E-4
1.622500E-7	1.541772E-4
1.623000E-7	2.089916E-4
1.623500E-7	2.757967E-4
1.624000E-7	3.460276E-4
1.624500E-7	4.008420E-4
1.625000E-7	4.368140E-4
1.625500E-7	4.522305E-4
1.626000E-7	4.470917E-4
1.626500E-7	4.196845E-4
1.627000E-7	3.819996E-4
1.627500E-7	3.374629E-4
1.628000E-7	2.843614E-4
1.628500E-7	2.244081E-4
1.629000E-7	1.747326E-4
1.629500E-7	1.353347E-4
1.630000E-7	1.027887E-4
1.630500E-7	8.394625E-5
1.631000E-7	9.079805E-5
1.631500E-7	1.079275E-4
1.632000E-7	1.301959E-4
1.632500E-7	1.627419E-4
1.633000E-7	2.004268E-4
1.633500E-7	2.381118E-4
1.634000E-7	2.723708E-4
1.634500E-7	3.032039E-4
1.635000E-7	3.203334E-4
1.635500E-7	3.254722E-4
1.636000E-7	3.288981E-4
1.636500E-7	3.340370E-4
1.637000E-7	3.408888E-4
1.637500E-7	3.460276E-4
1.638000E-7	3.563053E-4
1.638500E-7	3.819996E-4
1.639000E-7	4.094068E-4
1.639500E-7	4.265363E-4
1.640000E-7	4.419528E-4
1.640500E-7	4.659341E-4
1.641000E-7	4.882025E-4
1.641500E-7	5.019061E-4
1.642000E-7	5.053320E-4
1.642500E-7	5.019061E-4
1.643000E-7	4.967672E-4
1.643500E-7	4.933413E-4
1.644000E-7	4.813507E-4
1.644500E-7	4.522305E-4
1.645000E-7	4.196845E-4
1.645500E-7	3.802866E-4
1.646000E-7	3.391758E-4
1.646500E-7	3.066298E-4
1.647000E-7	2.757967E-4
1.647500E-7	2.346859E-4
1.648000E-7	1.935750E-4
1.648500E-7	1.524642E-4
1.649000E-7	1.113534E-4
1.649500E-7	8.737215E-5
1.650000E-7	9.251100E-5
1.650500E-7	1.164923E-4
1.651000E-7	1.490383E-4
1.651500E-7	1.970009E-4
1.652000E-7	2.552413E-4
1.652500E-7	3.151945E-4
1.653000E-7	3.665830E-4
1.653500E-7	4.076938E-4
1.654000E-7	4.368140E-4
1.654500E-7	4.505176E-4
1.655000E-7	4.316751E-4
1.655500E-7	3.785737E-4
1.656000E-7	3.049168E-4
1.656500E-7	2.278340E-4
1.657000E-7	1.490383E-4
1.657500E-7	7.709445E-5
1.658000E-7	1.542824E-5
1.658500E-7	-3.253436E-5
1.659000E-7	-5.822861E-5
1.659500E-7	-5.822861E-5
1.660000E-7	-3.767321E-5
1.660500E-7	-1.701257E-6
1.661000E-7	4.454839E-5
1.661500E-7	9.593690E-5
1.662000E-7	1.370477E-4
1.662500E-7	1.610290E-4
1.663000E-7	1.713067E-4
1.663500E-7	1.695937E-4
1.664000E-7	1.593160E-4
1.664500E-7	1.370477E-4
1.665000E-7	1.164923E-4
1.665500E-7	1.079275E-4
1.666000E-7	1.079275E-4
1.666500E-7	1.147793E-4
1.667000E-7	1.438995E-4
1.667500E-7	1.918621E-4
1.668000E-7	2.415377E-4
1.668500E-7	2.980650E-4
1.669000E-7	3.648701E-4
1.669500E-7	4.385269E-4
1.670000E-7	4.950543E-4
1.670500E-7	5.378780E-4
1.671000E-7	5.721370E-4
1.671500E-7	5.978313E-4
1.672000E-7	6.046831E-4
1.672500E-7	5.789888E-4
1.673000E-7	5.258874E-4
1.673500E-7	4.693600E-4
1.674000E-7	4.162586E-4
1.674500E-7	3.648701E-4
1.675000E-7	3.151945E-4
1.675500E-7	2.757967E-4
1.676000E-7	2.501024E-4
1.676500E-7	2.312599E-4
1.677000E-7	2.192693E-4
1.677500E-7	2.124175E-4
1.678000E-7	2.072786E-4
1.678500E-7	2.107045E-4
1.679000E-7	2.175563E-4
1.679500E-7	2.312599E-4
1.680000E-7	2.483895E-4
1.680500E-7	2.620931E-4
1.681000E-7	2.740837E-4
1.681500E-7	2.946391E-4
1.682000E-7	3.169075E-4
1.682500E-7	3.271852E-4
1.683000E-7	3.374629E-4
1.683500E-7	3.580183E-4
1.684000E-7	3.785737E-4
1.684500E-7	3.905643E-4
1.685000E-7	4.008420E-4
1.685500E-7	4.008420E-4
1.686000E-7	3.819996E-4
1.686500E-7	3.563053E-4
1.687000E-7	3.306111E-4
1.687500E-7	2.963521E-4
1.688000E-7	2.586672E-4
1.688500E-7	2.278340E-4
1.689000E-7	1.867232E-4
1.689500E-7	1.301959E-4
1.690000E-7	8.394625E-5
1.690500E-7	4.797429E-5
1.691000E-7	-1.701257E-6
1.691500E-7	-5.137681E-5
1.692000E-7	-7.878401E-5
1.692500E-7	-9.591351E-5
1.693000E-7	-1.198948E-4
1.693500E-7	-1.267466E-4
1.694000E-7	-1.044783E-4
1.694500E-7	-7.193221E-5
1.695000E-7	-2.910846E-5
1.695500E-7	3.940954E-5
1.696000E-7	1.147793E-4
1.696500E-7	1.918621E-4
1.697000E-7	2.775096E-4
1.697500E-7	3.614442E-4
1.698000E-7	4.179715E-4
1.698500E-7	4.573694E-4
1.699000E-7	4.950543E-4
1.699500E-7	5.207485E-4
1.700000E-7	5.224615E-4
1.700500E-7	5.070449E-4
1.701000E-7	4.830636E-4
1.701500E-7	4.453787E-4
1.702000E-7	3.991291E-4
1.702500E-7	3.511665E-4
1.703000E-7	3.049168E-4
1.703500E-7	2.620931E-4
1.704000E-7	2.261211E-4
1.704500E-7	1.901491E-4
1.705000E-7	1.541772E-4
1.705500E-7	1.199182E-4
1.706000E-7	9.422395E-5
1.706500E-7	7.024265E-5
1.707000E-7	4.626134E-5
1.707500E-7	2.913184E-5
1.708000E-7	2.399299E-5
1.708500E-7	3.427069E-5
1.709000E-7	5.482609E-5
1.709500E-7	9.079805E-5
1.710000E-7	1.387606E-4
1.710500E-7	1.935750E-4
1.711000E-7	2.483895E-4
1.711500E-7	3.117686E-4
1.712000E-7	3.837125E-4
1.712500E-7	4.436658E-4
1.713000E-7	4.779248E-4
1.713500E-7	4.967672E-4
1.714000E-7	4.916284E-4
1.714500E-7	4.590823E-4
1.715000E-7	4.094068E-4
1.715500E-7	3.545924E-4
1.716000E-7	2.912132E-4
1.716500E-7	2.175563E-4
1.717000E-7	1.490383E-4
1.717500E-7	9.764985E-5
1.718000E-7	6.510379E-5
1.718500E-7	4.454839E-5
1.719000E-7	3.940954E-5
1.719500E-7	5.825199E-5
1.720000E-7	8.908510E-5
1.720500E-7	1.130664E-4
1.721000E-7	1.370477E-4
1.721500E-7	1.661678E-4
1.722000E-7	1.781585E-4
1.722500E-7	1.730196E-4
1.723000E-7	1.815844E-4
1.723500E-7	1.987139E-4
1.724000E-7	1.918621E-4
1.724500E-7	1.832973E-4
1.725000E-7	1.952880E-4
1.725500E-7	2.124175E-4
1.726000E-7	2.226952E-4
1.726500E-7	2.381118E-4
1.727000E-7	2.535283E-4
1.727500E-7	2.552413E-4
1.728000E-7	2.501024E-4
1.728500E-7	2.432506E-4
1.729000E-7	2.226952E-4
1.729500E-7	1.970009E-4
1.730000E-7	1.730196E-4
1.730500E-7	1.438995E-4
1.731000E-7	1.130664E-4
1.731500E-7	8.394625E-5
1.732000E-7	5.996494E-5
1.732500E-7	5.140019E-5
1.733000E-7	5.653904E-5
1.733500E-7	5.482609E-5
1.734000E-7	3.940954E-5
1.734500E-7	2.913184E-5
1.735000E-7	1.885414E-5
1.735500E-7	-1.026601E-5
1.736000E-7	-4.795091E-5
1.736500E-7	-8.049696E-5
1.737000E-7	-1.130430E-4
1.737500E-7	-1.404502E-4
1.738000E-7	-1.455891E-4
1.738500E-7	-1.318855E-4
1.739000E-7	-1.130430E-4
1.739500E-7	-8.049696E-5
1.740000E-7	-3.082141E-5
1.740500E-7	2.056709E-5
1.741000E-7	7.024265E-5
1.741500E-7	1.216311E-4
1.742000E-7	1.713067E-4
1.742500E-7	2.158434E-4
1.743000E-7	2.603801E-4
1.743500E-7	3.049168E-4
1.744000E-7	3.357499E-4
1.744500E-7	3.528794E-4
1.745000E-7	3.545924E-4
1.745500E-7	3.340370E-4
1.746000E-7	2.980650E-4
1.746500E-7	2.552413E-4
1.747000E-7	1.987139E-4
1.747500E-7	1.284829E-4
1.748000E-7	5.482609E-5
1.748500E-7	-1.026601E-5
1.749000E-7	-7.021926E-5
1.749500E-7	-1.164689E-4
1.750000E-7	-1.455891E-4
1.750500E-7	-1.610056E-4
1.751000E-7	-1.490150E-4
1.751500E-7	-1.079042E-4
1.752000E-7	-4.452501E-5
1.752500E-7	3.084479E-5
1.753000E-7	1.182052E-4
1.753500E-7	2.038527E-4
1.754000E-7	2.757967E-4
1.754500E-7	3.340370E-4
1.755000E-7	3.717219E-4
1.755500E-7	3.888514E-4
1.756000E-7	3.939902E-4
1.756500E-7	3.871384E-4
1.757000E-7	3.648701E-4
1.757500E-7	3.357499E-4
1.758000E-7	3.083427E-4
1.758500E-7	2.706578E-4
1.759000E-7	2.209822E-4
1.759500E-7	1.781585E-4
1.760000E-7	1.438995E-4
1.760500E-7	1.113534E-4
1.761000E-7	7.880740E-5
1.761500E-7	6.339084E-5
1.762000E-7	5.996494E-5
1.762500E-7	5.482609E-5
1.763000E-7	5.140019E-5
1.763500E-7	6.339084E-5
1.764000E-7	8.052035E-5
1.764500E-7	8.565920E-5
1.765000E-7	9.251100E-5
1.765500E-7	1.147793E-4
1.766000E-7	1.387606E-4
1.766500E-7	1.524642E-4
1.767000E-7	1.593160E-4
1.767500E-7	1.593160E-4
1.768000E-7	1.370477E-4
1.768500E-7	1.010757E-4
1.769000E-7	6.167789E-5
1.769500E-7	6.863493E-6
1.770000E-7	-7.193221E-5
1.770500E-7	-1.507279E-4
1.771000E-7	-2.175330E-4
1.771500E-7	-2.791992E-4
1.772000E-7	-3.323006E-4
1.772500E-7	-3.631337E-4
1.773000E-7	-3.631337E-4
1.773500E-7	-3.374395E-4
1.774000E-7	-2.843380E-4
1.774500E-7	-2.106812E-4
1.775000E-7	-1.233207E-4
1.775500E-7	-2.568256E-5
1.776000E-7	7.880740E-5
1.776500E-7	1.781585E-4
1.777000E-7	2.620931E-4
1.777500E-7	3.374629E-4
1.778000E-7	3.957032E-4
1.778500E-7	4.231104E-4
1.779000E-7	4.351010E-4
1.779500E-7	4.385269E-4
1.780000E-7	4.316751E-4
1.780500E-7	4.145456E-4
1.781000E-7	3.974161E-4
1.781500E-7	3.717219E-4
1.782000E-7	3.357499E-4
1.782500E-7	2.929262E-4
1.783000E-7	2.483895E-4
1.783500E-7	2.004268E-4
1.784000E-7	1.490383E-4
1.784500E-7	9.936280E-5
1.785000E-7	5.140019E-5
1.785500E-7	3.437593E-6
1.786000E-7	-3.253436E-5
1.786500E-7	-5.308976E-5
1.787000E-7	-6.336746E-5
1.787500E-7	-7.364516E-5
1.788000E-7	-7.707106E-5
1.788500E-7	-6.850631E-5
1.789000E-7	-4.966386E-5
1.789500E-7	-3.253436E-5
1.790000E-7	-8.553057E-6
1.790500E-7	1.371529E-5
1.791000E-7	2.570594E-5
1.791500E-7	3.084479E-5
1.792000E-7	3.084479E-5
1.792500E-7	2.570594E-5
1.793000E-7	2.570594E-5
1.793500E-7	3.598364E-5
1.794000E-7	4.112249E-5
1.794500E-7	3.255774E-5
1.795000E-7	3.084479E-5
1.795500E-7	3.427069E-5
1.796000E-7	2.228004E-5
1.796500E-7	3.437593E-6
1.797000E-7	-3.414207E-6
1.797500E-7	-1.026601E-5
1.798000E-7	-2.568256E-5
1.798500E-7	-3.596026E-5
1.799000E-7	-3.767321E-5
1.799500E-7	-4.452501E-5
1.800000E-7	-4.623796E-5
1.800500E-7	-3.082141E-5
1.801000E-7	-3.414207E-6
1.801500E-7	2.570594E-5
1.802000E-7	4.968724E-5
1.802500E-7	5.482609E-5
1.803000E-7	4.283544E-5
1.803500E-7	3.598364E-5
1.804000E-7	3.598364E-5
1.804500E-7	1.714119E-5
1.805000E-7	-8.553057E-6
1.805500E-7	-1.540486E-5
1.806000E-7	-8.553057E-6
1.806500E-7	3.437593E-6
1.807000E-7	3.427069E-5
1.807500E-7	8.565920E-5
1.808000E-7	1.490383E-4
1.808500E-7	2.175563E-4
1.809000E-7	2.895003E-4
1.809500E-7	3.614442E-4
1.810000E-7	4.231104E-4
1.810500E-7	4.676471E-4
1.811000E-7	4.813507E-4
1.811500E-7	4.727859E-4
1.812000E-7	4.539435E-4
1.812500E-7	4.248233E-4
1.813000E-7	3.888514E-4
1.813500E-7	3.597312E-4
1.814000E-7	3.288981E-4
1.814500E-7	2.912132E-4
1.815000E-7	2.706578E-4
1.815500E-7	2.740837E-4
1.816000E-7	2.826485E-4
1.816500E-7	2.912132E-4
1.817000E-7	3.117686E-4
1.817500E-7	3.323240E-4
1.818000E-7	3.374629E-4
1.818500E-7	3.357499E-4
1.819000E-7	3.203334E-4
1.819500E-7	2.877873E-4
1.820000E-7	2.466765E-4
1.820500E-7	2.107045E-4
1.821000E-7	1.798714E-4
1.821500E-7	1.541772E-4
1.822000E-7	1.301959E-4
1.822500E-7	1.027887E-4
1.823000E-7	8.223330E-5
1.823500E-7	7.880740E-5
1.824000E-7	8.223330E-5
1.824500E-7	8.223330E-5
1.825000E-7	8.223330E-5
1.825500E-7	7.880740E-5
1.826000E-7	7.024265E-5
1.826500E-7	5.653904E-5
1.827000E-7	3.940954E-5
1.827500E-7	2.913184E-5
1.828000E-7	2.570594E-5
1.828500E-7	2.228004E-5
1.829000E-7	1.542824E-5
1.829500E-7	2.228004E-5
1.830000E-7	4.112249E-5
1.830500E-7	4.454839E-5
1.831000E-7	3.769659E-5
1.831500E-7	4.112249E-5
1.832000E-7	5.140019E-5
1.832500E-7	5.140019E-5
1.833000E-7	4.626134E-5
1.833500E-7	5.825199E-5
1.834000E-7	8.394625E-5
1.834500E-7	1.130664E-4
1.835000E-7	1.456124E-4
1.835500E-7	1.832973E-4
1.836000E-7	2.209822E-4
1.836500E-7	2.432506E-4
1.837000E-7	2.501024E-4
1.837500E-7	2.518154E-4
1.838000E-7	2.483895E-4
1.838500E-7	2.278340E-4
1.839000E-7	2.021398E-4
1.839500E-7	1.935750E-4
1.840000E-7	1.901491E-4
1.840500E-7	1.815844E-4
1.841000E-7	1.747326E-4
1.841500E-7	1.781585E-4
1.842000E-7	1.867232E-4
1.842500E-7	1.935750E-4
1.843000E-7	2.038527E-4
1.843500E-7	2.072786E-4
1.844000E-7	1.952880E-4
1.844500E-7	1.627419E-4
1.845000E-7	1.199182E-4
1.845500E-7	7.709445E-5
1.846000E-7	4.112249E-5
1.846500E-7	1.028939E-5
1.847000E-7	-1.197896E-5
1.847500E-7	-8.553057E-6
1.848000E-7	2.399299E-5
1.848500E-7	7.195560E-5
1.849000E-7	1.250570E-4
1.849500E-7	1.935750E-4
1.850000E-7	2.655190E-4
1.850500E-7	3.237593E-4
1.851000E-7	3.597312E-4
1.851500E-7	3.837125E-4
1.852000E-7	3.905643E-4
1.852500E-7	3.785737E-4
1.853000E-7	3.460276E-4
1.853500E-7	2.929262E-4
1.854000E-7	2.278340E-4
1.854500E-7	1.678808E-4
1.855000E-7	1.164923E-4
1.855500E-7	5.996494E-5
1.856000E-7	3.437593E-6
1.856500E-7	-4.109911E-5
1.857000E-7	-7.707106E-5
1.857500E-7	-1.061912E-4
1.858000E-7	-1.164689E-4
1.858500E-7	-1.044783E-4
1.859000E-7	-8.563581E-5
1.859500E-7	-5.651566E-5
1.860000E-7	-8.553057E-6
1.860500E-7	5.311314E-5
1.861000E-7	1.096405E-4
1.861500E-7	1.593160E-4
1.862000E-7	2.004268E-4
1.862500E-7	2.329729E-4
1.863000E-7	2.398247E-4
1.863500E-7	2.124175E-4
1.864000E-7	1.661678E-4
1.864500E-7	1.216311E-4
1.865000E-7	7.366855E-5
1.865500E-7	1.885414E-5
1.866000E-7	-2.396961E-5
1.866500E-7	-4.109911E-5
1.867000E-7	-4.623796E-5
1.867500E-7	-3.938616E-5
1.868000E-7	-1.883076E-5
1.868500E-7	5.150543E-6
1.869000E-7	3.255774E-5
1.869500E-7	6.510379E-5
1.870000E-7	9.593690E-5
1.870500E-7	1.164923E-4
1.871000E-7	1.319088E-4
1.871500E-7	1.438995E-4
1.872000E-7	1.456124E-4
1.872500E-7	1.421865E-4
1.873000E-7	1.541772E-4
1.873500E-7	1.764455E-4
1.874000E-7	2.004268E-4
1.874500E-7	2.244081E-4
1.875000E-7	2.535283E-4
1.875500E-7	2.775096E-4
1.876000E-7	2.946391E-4
1.876500E-7	3.100557E-4
1.877000E-7	3.203334E-4
1.877500E-7	3.220463E-4
1.878000E-7	3.254722E-4
1.878500E-7	3.391758E-4
1.879000E-7	3.494535E-4
1.879500E-7	3.580183E-4
1.880000E-7	3.682960E-4
1.880500E-7	3.682960E-4
1.881000E-7	3.631571E-4
1.881500E-7	3.648701E-4
1.882000E-7	3.682960E-4
1.882500E-7	3.631571E-4
1.883000E-7	3.545924E-4
1.883500E-7	3.494535E-4
1.884000E-7	3.391758E-4
1.884500E-7	3.220463E-4
1.885000E-7	3.100557E-4
1.885500E-7	3.014909E-4
1.886000E-7	2.860744E-4
1.886500E-7	2.740837E-4
1.887000E-7	2.740837E-4
1.887500E-7	2.809355E-4
1.888000E-7	2.826485E-4
1.888500E-7	2.775096E-4
1.889000E-7	2.775096E-4
1.889500E-7	2.706578E-4
1.890000E-7	2.483895E-4
1.890500E-7	2.124175E-4
1.891000E-7	1.747326E-4
1.891500E-7	1.301959E-4
1.892000E-7	7.880740E-5
1.892500E-7	2.741889E-5
1.893000E-7	-2.396961E-5
1.893500E-7	-6.850631E-5
1.894000E-7	-9.077466E-5
1.894500E-7	-9.077466E-5
1.895000E-7	-7.707106E-5
1.895500E-7	-4.623796E-5
1.896000E-7	1.724643E-6
1.896500E-7	5.140019E-5
1.897000E-7	1.027887E-4
1.897500E-7	1.576031E-4
1.898000E-7	1.970009E-4
1.898500E-7	1.970009E-4
1.899000E-7	1.713067E-4
1.899500E-7	1.301959E-4
1.900000E-7	7.024265E-5
1.900500E-7	-5.127157E-6
1.901000E-7	-8.049696E-5
1.901500E-7	-1.558668E-4
1.902000E-7	-2.175330E-4
1.902500E-7	-2.432272E-4
1.903000E-7	-2.278107E-4
1.903500E-7	-1.798481E-4
1.904000E-7	-1.010524E-4
1.904500E-7	-5.127157E-6
1.905000E-7	9.422395E-5
1.905500E-7	1.918621E-4
1.906000E-7	2.723708E-4
1.906500E-7	3.066298E-4
1.907000E-7	2.980650E-4
1.907500E-7	2.672319E-4
1.908000E-7	2.055657E-4
1.908500E-7	9.764985E-5
1.909000E-7	-3.082141E-5
1.909500E-7	-1.507279E-4
1.910000E-7	-2.637826E-4
1.910500E-7	-3.699855E-4
1.911000E-7	-4.487812E-4
1.911500E-7	-4.898920E-4
1.912000E-7	-5.053086E-4
1.912500E-7	-4.881791E-4
1.913000E-7	-4.367906E-4
1.913500E-7	-3.699855E-4
1.914000E-7	-2.997546E-4
1.914500E-7	-2.158200E-4
1.915000E-7	-1.198948E-4
1.915500E-7	-4.452501E-5
1.916000E-7	1.724643E-6
1.916500E-7	3.940954E-5
1.917000E-7	6.510379E-5
1.917500E-7	6.681674E-5
1.918000E-7	5.140019E-5
1.918500E-7	3.084479E-5
1.919000E-7	1.542824E-5
1.919500E-7	6.863493E-6
1.920000E-7	-1.701257E-6
1.920500E-7	-1.711781E-5
1.921000E-7	-1.883076E-5
1.921500E-7	-1.026601E-5
1.922000E-7	-1.197896E-5
1.922500E-7	-2.739551E-5
1.923000E-7	-3.253436E-5
1.923500E-7	-2.568256E-5
1.924000E-7	-2.054371E-5
1.924500E-7	-1.711781E-5
1.925000E-7	-3.414207E-6
1.925500E-7	1.714119E-5
1.926000E-7	3.084479E-5
1.926500E-7	3.427069E-5
1.927000E-7	3.769659E-5
1.927500E-7	5.140019E-5
1.928000E-7	6.510379E-5
1.928500E-7	5.996494E-5
1.929000E-7	2.741889E-5
1.929500E-7	-1.369191E-5
1.930000E-7	-4.966386E-5
1.930500E-7	-7.878401E-5
1.931000E-7	-1.096171E-4
1.931500E-7	-1.335984E-4
1.932000E-7	-1.335984E-4
1.932500E-7	-1.113301E-4
1.933000E-7	-7.193221E-5
1.933500E-7	-1.369191E-5
1.934000E-7	5.482609E-5
1.934500E-7	1.096405E-4
1.935000E-7	1.507513E-4
1.935500E-7	1.918621E-4
1.936000E-7	2.261211E-4
1.936500E-7	2.432506E-4
1.937000E-7	2.415377E-4
1.937500E-7	2.312599E-4
1.938000E-7	2.244081E-4
1.938500E-7	2.175563E-4
1.939000E-7	2.038527E-4
1.939500E-7	1.867232E-4
1.940000E-7	1.764455E-4
1.940500E-7	1.644549E-4
1.941000E-7	1.421865E-4
1.941500E-7	1.233441E-4
1.942000E-7	1.045016E-4
1.942500E-7	7.366855E-5
1.943000E-7	4.626134E-5
1.943500E-7	3.598364E-5
1.944000E-7	2.570594E-5
1.944500E-7	8.576443E-6
1.945000E-7	1.542824E-5
1.945500E-7	4.626134E-5
1.946000E-7	8.737215E-5
1.946500E-7	1.370477E-4
1.947000E-7	1.952880E-4
1.947500E-7	2.466765E-4
1.948000E-7	2.980650E-4
1.948500E-7	3.408888E-4
1.949000E-7	3.494535E-4
1.949500E-7	3.186204E-4
1.950000E-7	2.775096E-4
1.950500E-7	2.226952E-4
1.951000E-7	1.301959E-4
1.951500E-7	2.399299E-5
1.952000E-7	-7.021926E-5
1.952500E-7	-1.610056E-4
1.953000E-7	-2.449402E-4
1.953500E-7	-2.963287E-4
1.954000E-7	-3.048934E-4
1.954500E-7	-2.791992E-4
1.955000E-7	-2.209589E-4
1.955500E-7	-1.335984E-4
1.956000E-7	-3.596026E-5
1.956500E-7	6.852969E-5
1.957000E-7	1.781585E-4
1.957500E-7	2.757967E-4
1.958000E-7	3.443147E-4
1.958500E-7	3.837125E-4
1.959000E-7	3.871384E-4
1.959500E-7	3.563053E-4
1.960000E-7	3.134816E-4
1.960500E-7	2.535283E-4
1.961000E-7	1.695937E-4
1.961500E-7	9.422395E-5
1.962000E-7	5.140019E-5
1.962500E-7	2.570594E-5
1.963000E-7	2.399299E-5
1.963500E-7	6.852969E-5
1.964000E-7	1.387606E-4
1.964500E-7	2.021398E-4
1.965000E-7	2.723708E-4
1.965500E-7	3.511665E-4
1.966000E-7	4.111197E-4
1.966500E-7	4.419528E-4
1.967000E-7	4.522305E-4
1.967500E-7	4.265363E-4
1.968000E-7	3.665830E-4
1.968500E-7	2.997780E-4
1.969000E-7	2.295470E-4
1.969500E-7	1.541772E-4
1.970000E-7	8.908510E-5
1.970500E-7	5.140019E-5
1.971000E-7	3.598364E-5
1.971500E-7	5.311314E-5
1.972000E-7	9.764985E-5
1.972500E-7	1.576031E-4
1.973000E-7	2.278340E-4
1.973500E-7	3.014909E-4
1.974000E-7	3.563053E-4
1.974500E-7	3.905643E-4
1.975000E-7	4.162586E-4
1.975500E-7	4.265363E-4
1.976000E-7	4.094068E-4
1.976500E-7	3.682960E-4
1.977000E-7	3.186204E-4
1.977500E-7	2.706578E-4
1.978000E-7	2.295470E-4
1.978500E-7	1.952880E-4
1.979000E-7	1.713067E-4
1.979500E-7	1.593160E-4
1.980000E-7	1.644549E-4
1.980500E-7	1.713067E-4
1.981000E-7	1.764455E-4
1.981500E-7	1.781585E-4
1.982000E-7	1.815844E-4
1.982500E-7	1.798714E-4
1.983000E-7	1.678808E-4
1.983500E-7	1.421865E-4
1.984000E-7	1.079275E-4
1.984500E-7	6.167789E-5
1.985000E-7	1.169292E-8
1.985500E-7	-6.336746E-5
1.986000E-7	-1.130430E-4
1.986500E-7	-1.541538E-4
1.987000E-7	-1.901258E-4
1.987500E-7	-2.072553E-4
1.988000E-7	-1.986905E-4
1.988500E-7	-1.695704E-4
1.989000E-7	-1.284596E-4
1.989500E-7	-7.021926E-5
1.990000E-7	3.437593E-6
1.990500E-7	7.709445E-5
1.991000E-7	1.404736E-4
1.991500E-7	1.935750E-4
1.992000E-7	2.381118E-4
1.992500E-7	2.740837E-4
1.993000E-7	2.929262E-4
1.993500E-7	2.963521E-4
1.994000E-7	2.860744E-4
1.994500E-7	2.655190E-4
1.995000E-7	2.381118E-4
1.995500E-7	2.141304E-4
1.996000E-7	1.987139E-4
1.996500E-7	1.781585E-4
1.997000E-7	1.456124E-4
1.997500E-7	1.130664E-4
1.998000E-7	8.223330E-5
1.998500E-7	4.968724E-5
1.999000E-7	2.570594E-5
1.999500E-7	2.228004E-5
2.000000E-7	2.228004E-5
