Study Name	PremaTech_CVD_SiC_HeandSi
Sample Name	2025-10-11
Run Name	spot04
Operator	Keshav
Date	10/11/2025
Time	16:36
Sign	POS
Grating Spacing	06.40um
Channel	3
Number Traces	10000
Files in Batch	1
Batch Number	15
dt	50.000001E-12
time stamp (ms)	4:52:03 PM
	
Time	Amplitude
0.000000E+0	4.968724E-5
5.000000E-11	8.565920E-5
1.000000E-10	1.164923E-4
1.500000E-10	1.490383E-4
2.000000E-10	1.901491E-4
2.500000E-10	2.329729E-4
3.000000E-10	2.620931E-4
3.500000E-10	2.843614E-4
4.000000E-10	3.134816E-4
4.500000E-10	3.408888E-4
5.000000E-10	3.511665E-4
5.500000E-10	3.477406E-4
6.000000E-10	3.288981E-4
6.500000E-10	2.877873E-4
7.000000E-10	2.295470E-4
7.500000E-10	1.713067E-4
8.000000E-10	1.164923E-4
8.500000E-10	7.538150E-5
9.000000E-10	5.140019E-5
9.500000E-10	4.283544E-5
1.000000E-9	5.311314E-5
1.050000E-9	9.079805E-5
1.100000E-9	1.353347E-4
1.150000E-9	1.695937E-4
1.200000E-9	2.089916E-4
1.250000E-9	2.552413E-4
1.300000E-9	2.809355E-4
1.350000E-9	2.775096E-4
1.400000E-9	2.672319E-4
1.450000E-9	2.415377E-4
1.500000E-9	1.884362E-4
1.550000E-9	1.199182E-4
1.600000E-9	4.968724E-5
1.650000E-9	-1.711781E-5
1.700000E-9	-7.535811E-5
1.750000E-9	-1.284596E-4
1.800000E-9	-1.764222E-4
1.850000E-9	-1.986905E-4
1.900000E-9	-1.866999E-4
1.950000E-9	-1.610056E-4
2.000000E-9	-1.318855E-4
2.050000E-9	-9.420056E-5
2.100000E-9	-4.109911E-5
2.150000E-9	2.913184E-5
2.200000E-9	9.422395E-5
2.250000E-9	1.353347E-4
2.300000E-9	1.593160E-4
2.350000E-9	1.747326E-4
2.400000E-9	1.747326E-4
2.450000E-9	1.576031E-4
2.500000E-9	1.370477E-4
2.550000E-9	9.764985E-5
2.600000E-9	2.913184E-5
2.650000E-9	-4.281206E-5
2.700000E-9	-1.010524E-4
2.750000E-9	-1.592927E-4
2.800000E-9	-2.106812E-4
2.850000E-9	-2.346625E-4
2.900000E-9	-2.312366E-4
2.950000E-9	-2.106812E-4
3.000000E-9	-1.695704E-4
3.050000E-9	-1.147560E-4
3.100000E-9	-5.480271E-5
3.150000E-9	1.885414E-5
3.200000E-9	9.422395E-5
3.250000E-9	1.456124E-4
3.300000E-9	1.713067E-4
3.350000E-9	1.815844E-4
3.400000E-9	1.695937E-4
3.450000E-9	1.421865E-4
3.500000E-9	1.130664E-4
3.550000E-9	7.195560E-5
3.600000E-9	1.542824E-5
3.650000E-9	-2.910846E-5
3.700000E-9	-5.822861E-5
3.750000E-9	-7.878401E-5
3.800000E-9	-8.220991E-5
3.850000E-9	-6.165451E-5
3.900000E-9	-3.082141E-5
3.950000E-9	1.724643E-6
4.000000E-9	3.598364E-5
4.050000E-9	5.482609E-5
4.100000E-9	4.797429E-5
4.150000E-9	3.084479E-5
4.200000E-9	8.576443E-6
4.250000E-9	-3.082141E-5
4.300000E-9	-6.850631E-5
4.350000E-9	-8.392286E-5
4.400000E-9	-9.591351E-5
4.450000E-9	-1.061912E-4
4.500000E-9	-9.248761E-5
4.550000E-9	-5.308976E-5
4.600000E-9	-5.127157E-6
4.650000E-9	5.482609E-5
4.700000E-9	1.164923E-4
4.750000E-9	1.610290E-4
4.800000E-9	1.970009E-4
4.850000E-9	2.278340E-4
4.900000E-9	2.226952E-4
4.950000E-9	1.867232E-4
5.000000E-9	1.404736E-4
5.050000E-9	7.538150E-5
5.100000E-9	-1.026601E-5
5.150000E-9	-8.734876E-5
5.200000E-9	-1.610056E-4
5.250000E-9	-2.432272E-4
5.300000E-9	-3.117452E-4
5.350000E-9	-3.562819E-4
5.400000E-9	-3.939668E-4
5.450000E-9	-4.247999E-4
5.500000E-9	-4.316517E-4
5.550000E-9	-4.213740E-4
5.600000E-9	-4.008186E-4
5.650000E-9	-3.648467E-4
5.700000E-9	-3.271618E-4
5.750000E-9	-2.894769E-4
5.800000E-9	-2.415143E-4
5.850000E-9	-1.884128E-4
5.900000E-9	-1.404502E-4
5.950000E-9	-8.734876E-5
6.000000E-9	-3.596026E-5
6.050000E-9	-5.127157E-6
6.100000E-9	1.542824E-5
6.150000E-9	4.454839E-5
6.200000E-9	6.852969E-5
6.250000E-9	7.709445E-5
6.300000E-9	7.709445E-5
6.350000E-9	7.195560E-5
6.400000E-9	6.167789E-5
6.450000E-9	5.140019E-5
6.500000E-9	3.769659E-5
6.550000E-9	1.200234E-5
6.600000E-9	-1.711781E-5
6.650000E-9	-4.795091E-5
6.700000E-9	-8.392286E-5
6.750000E-9	-1.181819E-4
6.800000E-9	-1.370243E-4
6.850000E-9	-1.507279E-4
6.900000E-9	-1.627186E-4
6.950000E-9	-1.558668E-4
7.000000E-9	-1.284596E-4
7.050000E-9	-8.563581E-5
7.100000E-9	-3.938616E-5
7.150000E-9	1.371529E-5
7.200000E-9	6.339084E-5
7.250000E-9	9.764985E-5
7.300000E-9	1.130664E-4
7.350000E-9	1.062146E-4
7.400000E-9	8.565920E-5
7.450000E-9	6.510379E-5
7.500000E-9	4.797429E-5
7.550000E-9	3.084479E-5
7.600000E-9	8.576443E-6
7.650000E-9	-2.225666E-5
7.700000E-9	-4.966386E-5
7.750000E-9	-6.508041E-5
7.800000E-9	-7.364516E-5
7.850000E-9	-8.220991E-5
7.900000E-9	-8.906171E-5
7.950000E-9	-9.248761E-5
8.000000E-9	-9.077466E-5
8.050000E-9	-8.392286E-5
8.100000E-9	-6.679336E-5
8.150000E-9	-4.795091E-5
8.200000E-9	-3.253436E-5
8.250000E-9	-1.369191E-5
8.300000E-9	1.371529E-5
8.350000E-9	3.598364E-5
8.400000E-9	4.797429E-5
8.450000E-9	6.339084E-5
8.500000E-9	8.737215E-5
8.550000E-9	1.027887E-4
8.600000E-9	9.764985E-5
8.650000E-9	8.908510E-5
8.700000E-9	8.052035E-5
8.750000E-9	6.510379E-5
8.800000E-9	4.454839E-5
8.850000E-9	4.112249E-5
8.900000E-9	4.626134E-5
8.950000E-9	4.797429E-5
9.000000E-9	4.626134E-5
9.050000E-9	4.283544E-5
9.100000E-9	2.741889E-5
9.150000E-9	6.863493E-6
9.200000E-9	-1.369191E-5
9.250000E-9	-3.767321E-5
9.300000E-9	-7.364516E-5
9.350000E-9	-1.113301E-4
9.400000E-9	-1.490150E-4
9.450000E-9	-1.849869E-4
9.500000E-9	-2.106812E-4
9.550000E-9	-2.226718E-4
9.600000E-9	-2.209589E-4
9.650000E-9	-2.038294E-4
9.700000E-9	-1.798481E-4
9.750000E-9	-1.524409E-4
9.800000E-9	-1.130430E-4
9.850000E-9	-6.165451E-5
9.900000E-9	-1.711781E-5
9.950000E-9	2.570594E-5
1.000000E-8	8.052035E-5
1.005000E-8	1.370477E-4
1.010000E-8	1.730196E-4
1.015000E-8	1.970009E-4
1.020000E-8	2.192693E-4
1.025000E-8	2.295470E-4
1.030000E-8	2.261211E-4
1.035000E-8	2.124175E-4
1.040000E-8	1.867232E-4
1.045000E-8	1.541772E-4
1.050000E-8	1.130664E-4
1.055000E-8	6.510379E-5
1.060000E-8	2.056709E-5
1.065000E-8	-1.711781E-5
1.070000E-8	-5.308976E-5
1.075000E-8	-8.563581E-5
1.080000E-8	-9.762646E-5
1.085000E-8	-9.591351E-5
1.090000E-8	-9.248761E-5
1.095000E-8	-8.049696E-5
1.100000E-8	-4.966386E-5
1.105000E-8	-1.026601E-5
1.110000E-8	3.427069E-5
1.115000E-8	7.195560E-5
1.120000E-8	9.079805E-5
1.125000E-8	8.908510E-5
1.130000E-8	7.880740E-5
1.135000E-8	5.653904E-5
1.140000E-8	1.371529E-5
1.145000E-8	-3.938616E-5
1.150000E-8	-9.591351E-5
1.155000E-8	-1.507279E-4
1.160000E-8	-1.969776E-4
1.165000E-8	-2.295236E-4
1.170000E-8	-2.466531E-4
1.175000E-8	-2.363754E-4
1.180000E-8	-2.004035E-4
1.185000E-8	-1.507279E-4
1.190000E-8	-9.248761E-5
1.195000E-8	-2.568256E-5
1.200000E-8	4.112249E-5
1.205000E-8	1.027887E-4
1.210000E-8	1.524642E-4
1.215000E-8	1.815844E-4
1.220000E-8	1.832973E-4
1.225000E-8	1.644549E-4
1.230000E-8	1.250570E-4
1.235000E-8	6.339084E-5
1.240000E-8	-8.553057E-6
1.245000E-8	-8.220991E-5
1.250000E-8	-1.541538E-4
1.255000E-8	-2.158200E-4
1.260000E-8	-2.569308E-4
1.265000E-8	-2.877639E-4
1.270000E-8	-3.083193E-4
1.275000E-8	-3.066064E-4
1.280000E-8	-2.774862E-4
1.285000E-8	-2.363754E-4
1.290000E-8	-1.952646E-4
1.295000E-8	-1.473020E-4
1.300000E-8	-9.591351E-5
1.305000E-8	-5.822861E-5
1.310000E-8	-3.767321E-5
1.315000E-8	-3.253436E-5
1.320000E-8	-5.480271E-5
1.325000E-8	-1.061912E-4
1.330000E-8	-1.729963E-4
1.335000E-8	-2.483661E-4
1.340000E-8	-3.254488E-4
1.345000E-8	-3.854021E-4
1.350000E-8	-4.162352E-4
1.355000E-8	-4.230870E-4
1.360000E-8	-4.008186E-4
1.365000E-8	-3.391524E-4
1.370000E-8	-2.517920E-4
1.375000E-8	-1.507279E-4
1.380000E-8	-3.424731E-5
1.385000E-8	8.223330E-5
1.390000E-8	1.764455E-4
1.395000E-8	2.483895E-4
1.400000E-8	3.032039E-4
1.405000E-8	3.254722E-4
1.410000E-8	3.134816E-4
1.415000E-8	2.826485E-4
1.420000E-8	2.329729E-4
1.425000E-8	1.627419E-4
1.430000E-8	9.251100E-5
1.435000E-8	4.454839E-5
1.440000E-8	1.371529E-5
1.445000E-8	-8.553057E-6
1.450000E-8	-2.739551E-5
1.455000E-8	-3.767321E-5
1.460000E-8	-3.596026E-5
1.465000E-8	-2.225666E-5
1.470000E-8	-8.553057E-6
1.475000E-8	8.576443E-6
1.480000E-8	3.598364E-5
1.485000E-8	6.510379E-5
1.490000E-8	9.251100E-5
1.495000E-8	1.284829E-4
1.500000E-8	1.764455E-4
1.505000E-8	2.209822E-4
1.510000E-8	2.603801E-4
1.515000E-8	2.946391E-4
1.520000E-8	3.186204E-4
1.525000E-8	3.306111E-4
1.530000E-8	3.254722E-4
1.535000E-8	2.929262E-4
1.540000E-8	2.295470E-4
1.545000E-8	1.695937E-4
1.550000E-8	1.182052E-4
1.555000E-8	5.311314E-5
1.560000E-8	-1.026601E-5
1.565000E-8	-4.281206E-5
1.570000E-8	-4.452501E-5
1.575000E-8	-3.938616E-5
1.580000E-8	-2.396961E-5
1.585000E-8	3.437593E-6
1.590000E-8	4.626134E-5
1.595000E-8	8.908510E-5
1.600000E-8	1.182052E-4
1.605000E-8	1.250570E-4
1.610000E-8	1.199182E-4
1.615000E-8	1.079275E-4
1.620000E-8	7.366855E-5
1.625000E-8	2.228004E-5
1.630000E-8	-1.883076E-5
1.635000E-8	-3.767321E-5
1.640000E-8	-4.281206E-5
1.645000E-8	-3.767321E-5
1.650000E-8	-1.711781E-5
1.655000E-8	2.056709E-5
1.660000E-8	5.311314E-5
1.665000E-8	7.195560E-5
1.670000E-8	9.079805E-5
1.675000E-8	1.045016E-4
1.680000E-8	9.936280E-5
1.685000E-8	8.908510E-5
1.690000E-8	8.394625E-5
1.695000E-8	7.880740E-5
1.700000E-8	6.852969E-5
1.705000E-8	7.538150E-5
1.710000E-8	9.764985E-5
1.715000E-8	1.250570E-4
1.720000E-8	1.644549E-4
1.725000E-8	2.124175E-4
1.730000E-8	2.449636E-4
1.735000E-8	2.638060E-4
1.740000E-8	2.877873E-4
1.745000E-8	3.117686E-4
1.750000E-8	3.220463E-4
1.755000E-8	3.134816E-4
1.760000E-8	2.877873E-4
1.765000E-8	2.398247E-4
1.770000E-8	1.850103E-4
1.775000E-8	1.370477E-4
1.780000E-8	8.565920E-5
1.785000E-8	1.885414E-5
1.790000E-8	-3.938616E-5
1.795000E-8	-7.878401E-5
1.800000E-8	-1.198948E-4
1.805000E-8	-1.592927E-4
1.810000E-8	-1.798481E-4
1.815000E-8	-1.849869E-4
1.820000E-8	-1.832740E-4
1.825000E-8	-1.541538E-4
1.830000E-8	-9.591351E-5
1.835000E-8	-2.225666E-5
1.840000E-8	9.251100E-5
1.845000E-8	2.689449E-4
1.850000E-8	4.984802E-4
1.855000E-8	7.999594E-4
1.860000E-8	1.221345E-3
1.865000E-8	1.760924E-3
1.870000E-8	2.403281E-3
1.875000E-8	3.182673E-3
1.880000E-8	4.133360E-3
1.885000E-8	5.226222E-3
1.890000E-8	6.440704E-3
1.895000E-8	7.793934E-3
1.900000E-8	9.261933E-3
1.905000E-8	1.079674E-2
1.910000E-8	1.236066E-2
1.915000E-8	1.391602E-2
1.920000E-8	1.538915E-2
1.925000E-8	1.672183E-2
1.930000E-8	1.787807E-2
1.935000E-8	1.880306E-2
1.940000E-8	1.943514E-2
1.945000E-8	1.976060E-2
1.950000E-8	1.978801E-2
1.955000E-8	1.953963E-2
1.960000E-8	1.903945E-2
1.965000E-8	1.835427E-2
1.970000E-8	1.757659E-2
1.975000E-8	1.677151E-2
1.980000E-8	1.601267E-2
1.985000E-8	1.538915E-2
1.990000E-8	1.496092E-2
1.995000E-8	1.477249E-2
2.000000E-8	1.484101E-2
2.005000E-8	1.515619E-2
2.010000E-8	1.566323E-2
2.015000E-8	1.629017E-2
2.020000E-8	1.698049E-2
2.025000E-8	1.766909E-2
2.030000E-8	1.826349E-2
2.035000E-8	1.869686E-2
2.040000E-8	1.892640E-2
2.045000E-8	1.892640E-2
2.050000E-8	1.869515E-2
2.055000E-8	1.824978E-2
2.060000E-8	1.763141E-2
2.065000E-8	1.690683E-2
2.070000E-8	1.614457E-2
2.075000E-8	1.540628E-2
2.080000E-8	1.475536E-2
2.085000E-8	1.427916E-2
2.090000E-8	1.403250E-2
2.095000E-8	1.400167E-2
2.100000E-8	1.417125E-2
2.105000E-8	1.454810E-2
2.110000E-8	1.509967E-2
2.115000E-8	1.573860E-2
2.120000E-8	1.638267E-2
2.125000E-8	1.699076E-2
2.130000E-8	1.751835E-2
2.135000E-8	1.790205E-2
2.140000E-8	1.808020E-2
2.145000E-8	1.803052E-2
2.150000E-8	1.779071E-2
2.155000E-8	1.738988E-2
2.160000E-8	1.684688E-2
2.165000E-8	1.621480E-2
2.170000E-8	1.557244E-2
2.175000E-8	1.495578E-2
2.180000E-8	1.440763E-2
2.185000E-8	1.400680E-2
2.190000E-8	1.379440E-2
2.195000E-8	1.375843E-2
2.200000E-8	1.392458E-2
2.205000E-8	1.431342E-2
2.210000E-8	1.485643E-2
2.215000E-8	1.547309E-2
2.220000E-8	1.613086E-2
2.225000E-8	1.678178E-2
2.230000E-8	1.733678E-2
2.235000E-8	1.773590E-2
2.240000E-8	1.796543E-2
2.245000E-8	1.800140E-2
2.250000E-8	1.781298E-2
2.255000E-8	1.743784E-2
2.260000E-8	1.694280E-2
2.265000E-8	1.637410E-2
2.270000E-8	1.576943E-2
2.275000E-8	1.517161E-2
2.280000E-8	1.464402E-2
2.285000E-8	1.423291E-2
2.290000E-8	1.398111E-2
2.295000E-8	1.391088E-2
2.300000E-8	1.401366E-2
2.305000E-8	1.429115E-2
2.310000E-8	1.472796E-2
2.315000E-8	1.525383E-2
2.320000E-8	1.579341E-2
2.325000E-8	1.630558E-2
2.330000E-8	1.674581E-2
2.335000E-8	1.706785E-2
2.340000E-8	1.724428E-2
2.345000E-8	1.725627E-2
2.350000E-8	1.707641E-2
2.355000E-8	1.672354E-2
2.360000E-8	1.625248E-2
2.365000E-8	1.568550E-2
2.370000E-8	1.505856E-2
2.375000E-8	1.446930E-2
2.380000E-8	1.400680E-2
2.385000E-8	1.368820E-2
2.390000E-8	1.352033E-2
2.395000E-8	1.351861E-2
2.400000E-8	1.370533E-2
2.405000E-8	1.405477E-2
2.410000E-8	1.452412E-2
2.415000E-8	1.504656E-2
2.420000E-8	1.556730E-2
2.425000E-8	1.605721E-2
2.430000E-8	1.646489E-2
2.435000E-8	1.673725E-2
2.440000E-8	1.684002E-2
2.445000E-8	1.678521E-2
2.450000E-8	1.657794E-2
2.455000E-8	1.624049E-2
2.460000E-8	1.580540E-2
2.465000E-8	1.532235E-2
2.470000E-8	1.483930E-2
2.475000E-8	1.440592E-2
2.480000E-8	1.406676E-2
2.485000E-8	1.386292E-2
2.490000E-8	1.381495E-2
2.495000E-8	1.393315E-2
2.500000E-8	1.420722E-2
2.505000E-8	1.460120E-2
2.510000E-8	1.505342E-2
2.515000E-8	1.553304E-2
2.520000E-8	1.602295E-2
2.525000E-8	1.645804E-2
2.530000E-8	1.676123E-2
2.535000E-8	1.691025E-2
2.540000E-8	1.691711E-2
2.545000E-8	1.677664E-2
2.550000E-8	1.647517E-2
2.555000E-8	1.606234E-2
2.560000E-8	1.559642E-2
2.565000E-8	1.512536E-2
2.570000E-8	1.469027E-2
2.575000E-8	1.433569E-2
2.580000E-8	1.409588E-2
2.585000E-8	1.399653E-2
2.590000E-8	1.404449E-2
2.595000E-8	1.421921E-2
2.600000E-8	1.449500E-2
2.605000E-8	1.485643E-2
2.610000E-8	1.526754E-2
2.615000E-8	1.567522E-2
2.620000E-8	1.604521E-2
2.625000E-8	1.635355E-2
2.630000E-8	1.656081E-2
2.635000E-8	1.665160E-2
2.640000E-8	1.663104E-2
2.645000E-8	1.650429E-2
2.650000E-8	1.627304E-2
2.655000E-8	1.595272E-2
2.660000E-8	1.558272E-2
2.665000E-8	1.520587E-2
2.670000E-8	1.486499E-2
2.675000E-8	1.458578E-2
2.680000E-8	1.440763E-2
2.685000E-8	1.436138E-2
2.690000E-8	1.444189E-2
2.695000E-8	1.461833E-2
2.700000E-8	1.488726E-2
2.705000E-8	1.524013E-2
2.710000E-8	1.562383E-2
2.715000E-8	1.597670E-2
2.720000E-8	1.627132E-2
2.725000E-8	1.647688E-2
2.730000E-8	1.656253E-2
2.735000E-8	1.652655E-2
2.740000E-8	1.637410E-2
2.745000E-8	1.609832E-2
2.750000E-8	1.572832E-2
2.755000E-8	1.532064E-2
2.760000E-8	1.492666E-2
2.765000E-8	1.456694E-2
2.770000E-8	1.428773E-2
2.775000E-8	1.411815E-2
2.780000E-8	1.407018E-2
2.785000E-8	1.413356E-2
2.790000E-8	1.429972E-2
2.795000E-8	1.454810E-2
2.800000E-8	1.485814E-2
2.805000E-8	1.520073E-2
2.810000E-8	1.553989E-2
2.815000E-8	1.585508E-2
2.820000E-8	1.610346E-2
2.825000E-8	1.626276E-2
2.830000E-8	1.633128E-2
2.835000E-8	1.629873E-2
2.840000E-8	1.614970E-2
2.845000E-8	1.590304E-2
2.850000E-8	1.559813E-2
2.855000E-8	1.524184E-2
2.860000E-8	1.485471E-2
2.865000E-8	1.448472E-2
2.870000E-8	1.417467E-2
2.875000E-8	1.394685E-2
2.880000E-8	1.382181E-2
2.885000E-8	1.380468E-2
2.890000E-8	1.388347E-2
2.895000E-8	1.406504E-2
2.900000E-8	1.433055E-2
2.905000E-8	1.464573E-2
2.910000E-8	1.498147E-2
2.915000E-8	1.530522E-2
2.920000E-8	1.556216E-2
2.925000E-8	1.572318E-2
2.930000E-8	1.578485E-2
2.935000E-8	1.575401E-2
2.940000E-8	1.562383E-2
2.945000E-8	1.539943E-2
2.950000E-8	1.509967E-2
2.955000E-8	1.475536E-2
2.960000E-8	1.441106E-2
2.965000E-8	1.411472E-2
2.970000E-8	1.388690E-2
2.975000E-8	1.374301E-2
2.980000E-8	1.370875E-2
2.985000E-8	1.379782E-2
2.990000E-8	1.398282E-2
2.995000E-8	1.423634E-2
3.000000E-8	1.455324E-2
3.005000E-8	1.490439E-2
3.010000E-8	1.523842E-2
3.015000E-8	1.551420E-2
3.020000E-8	1.571633E-2
3.025000E-8	1.582082E-2
3.030000E-8	1.581739E-2
3.035000E-8	1.571804E-2
3.040000E-8	1.553647E-2
3.045000E-8	1.528467E-2
3.050000E-8	1.499004E-2
3.055000E-8	1.468342E-2
3.060000E-8	1.439907E-2
3.065000E-8	1.415583E-2
3.070000E-8	1.396055E-2
3.075000E-8	1.382009E-2
3.080000E-8	1.376185E-2
3.085000E-8	1.378755E-2
3.090000E-8	1.386634E-2
3.095000E-8	1.398796E-2
3.100000E-8	1.416440E-2
3.105000E-8	1.436995E-2
3.110000E-8	1.455152E-2
3.115000E-8	1.470226E-2
3.120000E-8	1.482046E-2
3.125000E-8	1.488041E-2
3.130000E-8	1.486671E-2
3.135000E-8	1.480846E-2
3.140000E-8	1.472282E-2
3.145000E-8	1.460805E-2
3.150000E-8	1.447101E-2
3.155000E-8	1.433740E-2
3.160000E-8	1.421750E-2
3.165000E-8	1.410958E-2
3.170000E-8	1.402907E-2
3.175000E-8	1.399824E-2
3.180000E-8	1.401879E-2
3.185000E-8	1.409074E-2
3.190000E-8	1.421921E-2
3.195000E-8	1.438194E-2
3.200000E-8	1.455324E-2
3.205000E-8	1.472110E-2
3.210000E-8	1.488041E-2
3.215000E-8	1.500374E-2
3.220000E-8	1.507397E-2
3.225000E-8	1.507911E-2
3.230000E-8	1.502430E-2
3.235000E-8	1.490610E-2
3.240000E-8	1.472453E-2
3.245000E-8	1.449328E-2
3.250000E-8	1.423805E-2
3.255000E-8	1.397940E-2
3.260000E-8	1.373445E-2
3.265000E-8	1.352718E-2
3.270000E-8	1.338500E-2
3.275000E-8	1.331991E-2
3.280000E-8	1.333190E-2
3.285000E-8	1.341241E-2
3.290000E-8	1.354773E-2
3.295000E-8	1.372074E-2
3.300000E-8	1.391259E-2
3.305000E-8	1.409074E-2
3.310000E-8	1.422092E-2
3.315000E-8	1.429458E-2
3.320000E-8	1.431514E-2
3.325000E-8	1.427402E-2
3.330000E-8	1.419180E-2
3.335000E-8	1.408217E-2
3.340000E-8	1.394856E-2
3.345000E-8	1.380810E-2
3.350000E-8	1.370361E-2
3.355000E-8	1.364195E-2
3.360000E-8	1.360255E-2
3.365000E-8	1.359570E-2
3.370000E-8	1.364366E-2
3.375000E-8	1.372588E-2
3.380000E-8	1.382181E-2
3.385000E-8	1.392972E-2
3.390000E-8	1.404449E-2
3.395000E-8	1.414898E-2
3.400000E-8	1.422949E-2
3.405000E-8	1.427402E-2
3.410000E-8	1.428088E-2
3.415000E-8	1.426032E-2
3.420000E-8	1.421236E-2
3.425000E-8	1.413356E-2
3.430000E-8	1.404106E-2
3.435000E-8	1.394856E-2
3.440000E-8	1.384921E-2
3.445000E-8	1.374644E-2
3.450000E-8	1.366593E-2
3.455000E-8	1.361283E-2
3.460000E-8	1.357685E-2
3.465000E-8	1.355972E-2
3.470000E-8	1.357000E-2
3.475000E-8	1.360426E-2
3.480000E-8	1.366079E-2
3.485000E-8	1.373102E-2
3.490000E-8	1.380982E-2
3.495000E-8	1.389546E-2
3.500000E-8	1.398111E-2
3.505000E-8	1.404620E-2
3.510000E-8	1.409759E-2
3.515000E-8	1.414213E-2
3.520000E-8	1.415412E-2
3.525000E-8	1.411301E-2
3.530000E-8	1.403592E-2
3.535000E-8	1.394000E-2
3.540000E-8	1.381838E-2
3.545000E-8	1.368306E-2
3.550000E-8	1.355630E-2
3.555000E-8	1.344496E-2
3.560000E-8	1.335417E-2
3.565000E-8	1.329250E-2
3.570000E-8	1.325825E-2
3.575000E-8	1.325311E-2
3.580000E-8	1.329079E-2
3.585000E-8	1.336102E-2
3.590000E-8	1.344667E-2
3.595000E-8	1.354602E-2
3.600000E-8	1.365051E-2
3.605000E-8	1.374472E-2
3.610000E-8	1.382352E-2
3.615000E-8	1.388347E-2
3.620000E-8	1.391602E-2
3.625000E-8	1.391602E-2
3.630000E-8	1.389204E-2
3.635000E-8	1.385264E-2
3.640000E-8	1.379782E-2
3.645000E-8	1.373445E-2
3.650000E-8	1.366593E-2
3.655000E-8	1.359227E-2
3.660000E-8	1.351690E-2
3.665000E-8	1.344153E-2
3.670000E-8	1.338500E-2
3.675000E-8	1.335588E-2
3.680000E-8	1.335417E-2
3.685000E-8	1.336445E-2
3.690000E-8	1.338329E-2
3.695000E-8	1.341584E-2
3.700000E-8	1.344496E-2
3.705000E-8	1.346380E-2
3.710000E-8	1.347922E-2
3.715000E-8	1.349635E-2
3.720000E-8	1.350320E-2
3.725000E-8	1.348949E-2
3.730000E-8	1.346380E-2
3.735000E-8	1.344324E-2
3.740000E-8	1.342098E-2
3.745000E-8	1.339014E-2
3.750000E-8	1.335417E-2
3.755000E-8	1.331649E-2
3.760000E-8	1.327366E-2
3.765000E-8	1.322912E-2
3.770000E-8	1.320172E-2
3.775000E-8	1.320000E-2
3.780000E-8	1.321713E-2
3.785000E-8	1.324625E-2
3.790000E-8	1.329422E-2
3.795000E-8	1.336616E-2
3.800000E-8	1.343297E-2
3.805000E-8	1.348435E-2
3.810000E-8	1.353917E-2
3.815000E-8	1.360084E-2
3.820000E-8	1.364195E-2
3.825000E-8	1.364880E-2
3.830000E-8	1.362653E-2
3.835000E-8	1.358028E-2
3.840000E-8	1.351861E-2
3.845000E-8	1.345010E-2
3.850000E-8	1.338500E-2
3.855000E-8	1.331820E-2
3.860000E-8	1.325482E-2
3.865000E-8	1.320857E-2
3.870000E-8	1.318116E-2
3.875000E-8	1.316575E-2
3.880000E-8	1.315718E-2
3.885000E-8	1.315204E-2
3.890000E-8	1.314005E-2
3.895000E-8	1.313149E-2
3.900000E-8	1.313149E-2
3.905000E-8	1.313149E-2
3.910000E-8	1.312806E-2
3.915000E-8	1.313320E-2
3.920000E-8	1.314348E-2
3.925000E-8	1.315033E-2
3.930000E-8	1.316061E-2
3.935000E-8	1.317260E-2
3.940000E-8	1.317774E-2
3.945000E-8	1.317431E-2
3.950000E-8	1.317260E-2
3.955000E-8	1.316403E-2
3.960000E-8	1.314690E-2
3.965000E-8	1.312463E-2
3.970000E-8	1.310237E-2
3.975000E-8	1.309380E-2
3.980000E-8	1.309380E-2
3.985000E-8	1.310579E-2
3.990000E-8	1.311778E-2
3.995000E-8	1.311950E-2
4.000000E-8	1.310237E-2
4.005000E-8	1.306982E-2
4.010000E-8	1.303385E-2
4.015000E-8	1.299616E-2
4.020000E-8	1.294478E-2
4.025000E-8	1.287454E-2
4.030000E-8	1.280260E-2
4.035000E-8	1.274093E-2
4.040000E-8	1.268955E-2
4.045000E-8	1.263987E-2
4.050000E-8	1.261075E-2
4.055000E-8	1.261589E-2
4.060000E-8	1.266043E-2
4.065000E-8	1.271181E-2
4.070000E-8	1.276320E-2
4.075000E-8	1.281630E-2
4.080000E-8	1.287454E-2
4.085000E-8	1.291223E-2
4.090000E-8	1.291737E-2
4.095000E-8	1.290538E-2
4.100000E-8	1.288653E-2
4.105000E-8	1.284714E-2
4.110000E-8	1.277862E-2
4.115000E-8	1.269811E-2
4.120000E-8	1.262445E-2
4.125000E-8	1.256793E-2
4.130000E-8	1.252339E-2
4.135000E-8	1.249598E-2
4.140000E-8	1.249427E-2
4.145000E-8	1.251140E-2
4.150000E-8	1.254052E-2
4.155000E-8	1.258334E-2
4.160000E-8	1.265357E-2
4.165000E-8	1.274265E-2
4.170000E-8	1.283343E-2
4.175000E-8	1.292593E-2
4.180000E-8	1.302528E-2
4.185000E-8	1.311093E-2
4.190000E-8	1.317774E-2
4.195000E-8	1.323426E-2
4.200000E-8	1.327709E-2
4.205000E-8	1.328908E-2
4.210000E-8	1.328394E-2
4.215000E-8	1.327537E-2
4.220000E-8	1.324112E-2
4.225000E-8	1.317088E-2
4.230000E-8	1.309038E-2
4.235000E-8	1.300815E-2
4.240000E-8	1.291908E-2
4.245000E-8	1.282144E-2
4.250000E-8	1.272552E-2
4.255000E-8	1.263987E-2
4.260000E-8	1.257478E-2
4.265000E-8	1.253709E-2
4.270000E-8	1.252339E-2
4.275000E-8	1.252510E-2
4.280000E-8	1.255080E-2
4.285000E-8	1.259362E-2
4.290000E-8	1.264672E-2
4.295000E-8	1.269640E-2
4.300000E-8	1.274779E-2
4.305000E-8	1.279575E-2
4.310000E-8	1.283343E-2
4.315000E-8	1.285570E-2
4.320000E-8	1.286255E-2
4.325000E-8	1.285913E-2
4.330000E-8	1.283857E-2
4.335000E-8	1.279061E-2
4.340000E-8	1.272380E-2
4.345000E-8	1.267413E-2
4.350000E-8	1.264672E-2
4.355000E-8	1.262788E-2
4.360000E-8	1.261246E-2
4.365000E-8	1.261760E-2
4.370000E-8	1.264501E-2
4.375000E-8	1.267927E-2
4.380000E-8	1.270496E-2
4.385000E-8	1.271695E-2
4.390000E-8	1.270325E-2
4.395000E-8	1.265871E-2
4.400000E-8	1.258677E-2
4.405000E-8	1.248742E-2
4.410000E-8	1.238464E-2
4.415000E-8	1.229557E-2
4.420000E-8	1.221335E-2
4.425000E-8	1.213284E-2
4.430000E-8	1.207802E-2
4.435000E-8	1.206774E-2
4.440000E-8	1.208487E-2
4.445000E-8	1.211913E-2
4.450000E-8	1.217223E-2
4.455000E-8	1.222534E-2
4.460000E-8	1.226816E-2
4.465000E-8	1.231955E-2
4.470000E-8	1.236751E-2
4.475000E-8	1.238121E-2
4.480000E-8	1.236751E-2
4.485000E-8	1.234524E-2
4.490000E-8	1.229899E-2
4.495000E-8	1.222705E-2
4.500000E-8	1.216367E-2
4.505000E-8	1.213798E-2
4.510000E-8	1.213626E-2
4.515000E-8	1.215168E-2
4.520000E-8	1.219279E-2
4.525000E-8	1.225274E-2
4.530000E-8	1.231441E-2
4.535000E-8	1.236922E-2
4.540000E-8	1.241547E-2
4.545000E-8	1.245658E-2
4.550000E-8	1.247885E-2
4.555000E-8	1.247543E-2
4.560000E-8	1.244631E-2
4.565000E-8	1.239149E-2
4.570000E-8	1.230927E-2
4.575000E-8	1.221335E-2
4.580000E-8	1.212599E-2
4.585000E-8	1.204548E-2
4.590000E-8	1.197525E-2
4.595000E-8	1.192728E-2
4.600000E-8	1.191529E-2
4.605000E-8	1.193071E-2
4.610000E-8	1.196839E-2
4.615000E-8	1.203006E-2
4.620000E-8	1.209515E-2
4.625000E-8	1.215339E-2
4.630000E-8	1.220135E-2
4.635000E-8	1.221506E-2
4.640000E-8	1.219279E-2
4.645000E-8	1.215168E-2
4.650000E-8	1.210029E-2
4.655000E-8	1.202835E-2
4.660000E-8	1.195126E-2
4.665000E-8	1.188446E-2
4.670000E-8	1.181594E-2
4.675000E-8	1.175599E-2
4.680000E-8	1.173886E-2
4.685000E-8	1.175427E-2
4.690000E-8	1.176969E-2
4.695000E-8	1.179539E-2
4.700000E-8	1.183650E-2
4.705000E-8	1.187418E-2
4.710000E-8	1.190330E-2
4.715000E-8	1.193585E-2
4.720000E-8	1.197867E-2
4.725000E-8	1.202492E-2
4.730000E-8	1.206946E-2
4.735000E-8	1.209858E-2
4.740000E-8	1.210886E-2
4.745000E-8	1.212599E-2
4.750000E-8	1.213798E-2
4.755000E-8	1.212941E-2
4.760000E-8	1.211057E-2
4.765000E-8	1.209344E-2
4.770000E-8	1.206603E-2
4.775000E-8	1.203177E-2
4.780000E-8	1.201122E-2
4.785000E-8	1.199923E-2
4.790000E-8	1.199066E-2
4.795000E-8	1.198724E-2
4.800000E-8	1.198895E-2
4.805000E-8	1.199923E-2
4.810000E-8	1.201978E-2
4.815000E-8	1.204719E-2
4.820000E-8	1.205918E-2
4.825000E-8	1.205575E-2
4.830000E-8	1.204205E-2
4.835000E-8	1.201636E-2
4.840000E-8	1.197525E-2
4.845000E-8	1.193242E-2
4.850000E-8	1.188960E-2
4.855000E-8	1.183478E-2
4.860000E-8	1.178853E-2
4.865000E-8	1.176969E-2
4.870000E-8	1.177312E-2
4.875000E-8	1.178511E-2
4.880000E-8	1.182108E-2
4.885000E-8	1.188446E-2
4.890000E-8	1.195298E-2
4.895000E-8	1.201293E-2
4.900000E-8	1.206261E-2
4.905000E-8	1.209001E-2
4.910000E-8	1.208487E-2
4.915000E-8	1.206774E-2
4.920000E-8	1.203520E-2
4.925000E-8	1.197353E-2
4.930000E-8	1.190159E-2
4.935000E-8	1.182964E-2
4.940000E-8	1.174914E-2
4.945000E-8	1.167377E-2
4.950000E-8	1.161039E-2
4.955000E-8	1.156071E-2
4.960000E-8	1.153844E-2
4.965000E-8	1.155386E-2
4.970000E-8	1.158983E-2
4.975000E-8	1.162923E-2
4.980000E-8	1.168404E-2
4.985000E-8	1.175599E-2
4.990000E-8	1.182108E-2
4.995000E-8	1.187589E-2
5.000000E-8	1.192557E-2
5.005000E-8	1.195640E-2
5.010000E-8	1.196668E-2
5.015000E-8	1.196497E-2
5.020000E-8	1.195298E-2
5.025000E-8	1.191701E-2
5.030000E-8	1.186048E-2
5.035000E-8	1.180738E-2
5.040000E-8	1.178682E-2
5.045000E-8	1.177826E-2
5.050000E-8	1.176969E-2
5.055000E-8	1.176969E-2
5.060000E-8	1.178340E-2
5.065000E-8	1.181080E-2
5.070000E-8	1.182793E-2
5.075000E-8	1.182279E-2
5.080000E-8	1.180224E-2
5.085000E-8	1.178511E-2
5.090000E-8	1.176455E-2
5.095000E-8	1.173715E-2
5.100000E-8	1.170803E-2
5.105000E-8	1.168576E-2
5.110000E-8	1.167205E-2
5.115000E-8	1.166863E-2
5.120000E-8	1.166349E-2
5.125000E-8	1.164636E-2
5.130000E-8	1.163608E-2
5.135000E-8	1.164122E-2
5.140000E-8	1.164122E-2
5.145000E-8	1.162066E-2
5.150000E-8	1.158983E-2
5.155000E-8	1.154701E-2
5.160000E-8	1.150247E-2
5.165000E-8	1.147678E-2
5.170000E-8	1.147164E-2
5.175000E-8	1.147335E-2
5.180000E-8	1.149391E-2
5.185000E-8	1.153844E-2
5.190000E-8	1.159497E-2
5.195000E-8	1.165150E-2
5.200000E-8	1.171659E-2
5.205000E-8	1.177826E-2
5.210000E-8	1.181937E-2
5.215000E-8	1.182793E-2
5.220000E-8	1.179710E-2
5.225000E-8	1.173201E-2
5.230000E-8	1.164465E-2
5.235000E-8	1.155386E-2
5.240000E-8	1.146993E-2
5.245000E-8	1.140312E-2
5.250000E-8	1.134831E-2
5.255000E-8	1.130719E-2
5.260000E-8	1.128493E-2
5.265000E-8	1.128664E-2
5.270000E-8	1.130891E-2
5.275000E-8	1.134145E-2
5.280000E-8	1.138428E-2
5.285000E-8	1.142881E-2
5.290000E-8	1.147506E-2
5.295000E-8	1.152303E-2
5.300000E-8	1.156242E-2
5.305000E-8	1.158298E-2
5.310000E-8	1.158812E-2
5.315000E-8	1.158298E-2
5.320000E-8	1.156414E-2
5.325000E-8	1.152988E-2
5.330000E-8	1.148534E-2
5.335000E-8	1.143738E-2
5.340000E-8	1.138599E-2
5.345000E-8	1.132604E-2
5.350000E-8	1.126780E-2
5.355000E-8	1.121641E-2
5.360000E-8	1.116502E-2
5.365000E-8	1.112905E-2
5.370000E-8	1.111363E-2
5.375000E-8	1.111021E-2
5.380000E-8	1.112048E-2
5.385000E-8	1.114789E-2
5.390000E-8	1.119071E-2
5.395000E-8	1.123868E-2
5.400000E-8	1.130377E-2
5.405000E-8	1.138428E-2
5.410000E-8	1.145793E-2
5.415000E-8	1.151789E-2
5.420000E-8	1.156928E-2
5.425000E-8	1.160525E-2
5.430000E-8	1.161553E-2
5.435000E-8	1.159668E-2
5.440000E-8	1.155900E-2
5.445000E-8	1.150932E-2
5.450000E-8	1.144423E-2
5.455000E-8	1.135687E-2
5.460000E-8	1.125238E-2
5.465000E-8	1.114618E-2
5.470000E-8	1.105882E-2
5.475000E-8	1.099030E-2
5.480000E-8	1.094576E-2
5.485000E-8	1.092178E-2
5.490000E-8	1.092178E-2
5.495000E-8	1.095090E-2
5.500000E-8	1.100400E-2
5.505000E-8	1.106567E-2
5.510000E-8	1.112905E-2
5.515000E-8	1.118558E-2
5.520000E-8	1.121983E-2
5.525000E-8	1.122669E-2
5.530000E-8	1.122326E-2
5.535000E-8	1.120613E-2
5.540000E-8	1.116331E-2
5.545000E-8	1.109822E-2
5.550000E-8	1.102456E-2
5.555000E-8	1.094234E-2
5.560000E-8	1.085326E-2
5.565000E-8	1.076419E-2
5.570000E-8	1.068026E-2
5.575000E-8	1.060489E-2
5.580000E-8	1.054493E-2
5.585000E-8	1.050382E-2
5.590000E-8	1.046785E-2
5.595000E-8	1.044044E-2
5.600000E-8	1.043016E-2
5.605000E-8	1.043530E-2
5.610000E-8	1.045243E-2
5.615000E-8	1.049183E-2
5.620000E-8	1.055007E-2
5.625000E-8	1.062201E-2
5.630000E-8	1.070938E-2
5.635000E-8	1.080530E-2
5.640000E-8	1.089609E-2
5.645000E-8	1.096803E-2
5.650000E-8	1.101599E-2
5.655000E-8	1.104169E-2
5.660000E-8	1.104340E-2
5.665000E-8	1.102456E-2
5.670000E-8	1.099030E-2
5.675000E-8	1.093548E-2
5.680000E-8	1.085498E-2
5.685000E-8	1.077104E-2
5.690000E-8	1.069738E-2
5.695000E-8	1.064086E-2
5.700000E-8	1.060146E-2
5.705000E-8	1.057405E-2
5.710000E-8	1.055521E-2
5.715000E-8	1.055521E-2
5.720000E-8	1.056891E-2
5.725000E-8	1.059118E-2
5.730000E-8	1.061859E-2
5.735000E-8	1.065285E-2
5.740000E-8	1.068197E-2
5.745000E-8	1.070081E-2
5.750000E-8	1.071280E-2
5.755000E-8	1.072822E-2
5.760000E-8	1.073850E-2
5.765000E-8	1.073164E-2
5.770000E-8	1.071623E-2
5.775000E-8	1.070081E-2
5.780000E-8	1.068368E-2
5.785000E-8	1.065627E-2
5.790000E-8	1.062715E-2
5.795000E-8	1.059289E-2
5.800000E-8	1.055007E-2
5.805000E-8	1.050211E-2
5.810000E-8	1.045415E-2
5.815000E-8	1.041475E-2
5.820000E-8	1.037706E-2
5.825000E-8	1.034280E-2
5.830000E-8	1.031711E-2
5.835000E-8	1.030169E-2
5.840000E-8	1.029142E-2
5.845000E-8	1.028970E-2
5.850000E-8	1.030683E-2
5.855000E-8	1.034794E-2
5.860000E-8	1.039591E-2
5.865000E-8	1.044387E-2
5.870000E-8	1.049868E-2
5.875000E-8	1.056720E-2
5.880000E-8	1.064428E-2
5.885000E-8	1.071623E-2
5.890000E-8	1.077447E-2
5.895000E-8	1.081387E-2
5.900000E-8	1.083442E-2
5.905000E-8	1.083271E-2
5.910000E-8	1.080530E-2
5.915000E-8	1.076933E-2
5.920000E-8	1.073678E-2
5.925000E-8	1.070938E-2
5.930000E-8	1.068197E-2
5.935000E-8	1.065970E-2
5.940000E-8	1.064771E-2
5.945000E-8	1.065456E-2
5.950000E-8	1.067340E-2
5.955000E-8	1.069396E-2
5.960000E-8	1.071451E-2
5.965000E-8	1.073850E-2
5.970000E-8	1.075049E-2
5.975000E-8	1.072650E-2
5.980000E-8	1.067340E-2
5.985000E-8	1.061859E-2
5.990000E-8	1.056206E-2
5.995000E-8	1.049526E-2
6.000000E-8	1.043702E-2
6.005000E-8	1.040104E-2
6.010000E-8	1.038220E-2
6.015000E-8	1.039077E-2
6.020000E-8	1.043530E-2
6.025000E-8	1.049012E-2
6.030000E-8	1.053294E-2
6.035000E-8	1.057577E-2
6.040000E-8	1.062201E-2
6.045000E-8	1.064600E-2
6.050000E-8	1.064771E-2
6.055000E-8	1.063572E-2
6.060000E-8	1.061174E-2
6.065000E-8	1.056720E-2
6.070000E-8	1.050896E-2
6.075000E-8	1.045072E-2
6.080000E-8	1.040447E-2
6.085000E-8	1.038049E-2
6.090000E-8	1.037535E-2
6.095000E-8	1.038905E-2
6.100000E-8	1.041475E-2
6.105000E-8	1.045072E-2
6.110000E-8	1.049012E-2
6.115000E-8	1.053294E-2
6.120000E-8	1.055521E-2
6.125000E-8	1.055692E-2
6.130000E-8	1.055521E-2
6.135000E-8	1.054322E-2
6.140000E-8	1.050040E-2
6.145000E-8	1.043873E-2
6.150000E-8	1.038049E-2
6.155000E-8	1.031368E-2
6.160000E-8	1.024517E-2
6.165000E-8	1.018864E-2
6.170000E-8	1.014753E-2
6.175000E-8	1.011841E-2
6.180000E-8	1.010470E-2
6.185000E-8	1.011156E-2
6.190000E-8	1.013725E-2
6.195000E-8	1.019206E-2
6.200000E-8	1.028114E-2
6.205000E-8	1.039419E-2
6.210000E-8	1.050382E-2
6.215000E-8	1.061002E-2
6.220000E-8	1.071451E-2
6.225000E-8	1.080359E-2
6.230000E-8	1.086183E-2
6.235000E-8	1.087896E-2
6.240000E-8	1.087382E-2
6.245000E-8	1.084641E-2
6.250000E-8	1.080016E-2
6.255000E-8	1.073336E-2
6.260000E-8	1.065114E-2
6.265000E-8	1.057405E-2
6.270000E-8	1.050211E-2
6.275000E-8	1.041646E-2
6.280000E-8	1.032396E-2
6.285000E-8	1.024859E-2
6.290000E-8	1.019035E-2
6.295000E-8	1.013040E-2
6.300000E-8	1.008757E-2
6.305000E-8	1.008415E-2
6.310000E-8	1.009785E-2
6.315000E-8	1.009271E-2
6.320000E-8	1.009100E-2
6.325000E-8	1.011841E-2
6.330000E-8	1.015438E-2
6.335000E-8	1.017151E-2
6.340000E-8	1.017836E-2
6.345000E-8	1.019206E-2
6.350000E-8	1.020063E-2
6.355000E-8	1.018007E-2
6.360000E-8	1.013554E-2
6.365000E-8	1.007901E-2
6.370000E-8	1.002248E-2
6.375000E-8	9.972807E-3
6.380000E-8	9.933409E-3
6.385000E-8	9.904289E-3
6.390000E-8	9.894011E-3
6.395000E-8	9.911141E-3
6.400000E-8	9.940261E-3
6.405000E-8	9.977946E-3
6.410000E-8	1.003105E-2
6.415000E-8	1.010128E-2
6.420000E-8	1.017836E-2
6.425000E-8	1.025030E-2
6.430000E-8	1.030683E-2
6.435000E-8	1.033595E-2
6.440000E-8	1.034966E-2
6.445000E-8	1.035651E-2
6.450000E-8	1.034109E-2
6.455000E-8	1.029655E-2
6.460000E-8	1.024003E-2
6.465000E-8	1.018693E-2
6.470000E-8	1.013554E-2
6.475000E-8	1.009100E-2
6.480000E-8	1.006017E-2
6.485000E-8	1.003105E-2
6.490000E-8	1.000535E-2
6.495000E-8	1.000193E-2
6.500000E-8	1.001906E-2
6.505000E-8	1.004132E-2
6.510000E-8	1.006531E-2
6.515000E-8	1.009614E-2
6.520000E-8	1.011669E-2
6.525000E-8	1.012012E-2
6.530000E-8	1.011327E-2
6.535000E-8	1.009785E-2
6.540000E-8	1.007045E-2
6.545000E-8	1.004989E-2
6.550000E-8	1.004304E-2
6.555000E-8	1.003619E-2
6.560000E-8	1.003105E-2
6.565000E-8	1.003961E-2
6.570000E-8	1.006359E-2
6.575000E-8	1.009271E-2
6.580000E-8	1.013896E-2
6.585000E-8	1.018693E-2
6.590000E-8	1.021262E-2
6.595000E-8	1.022290E-2
6.600000E-8	1.022461E-2
6.605000E-8	1.020919E-2
6.610000E-8	1.018007E-2
6.615000E-8	1.014924E-2
6.620000E-8	1.011498E-2
6.625000E-8	1.007730E-2
6.630000E-8	1.005845E-2
6.635000E-8	1.005674E-2
6.640000E-8	1.005503E-2
6.645000E-8	1.006873E-2
6.650000E-8	1.010642E-2
6.655000E-8	1.016123E-2
6.660000E-8	1.021262E-2
6.665000E-8	1.026230E-2
6.670000E-8	1.030341E-2
6.675000E-8	1.032567E-2
6.680000E-8	1.031711E-2
6.685000E-8	1.028628E-2
6.690000E-8	1.025030E-2
6.695000E-8	1.020577E-2
6.700000E-8	1.012869E-2
6.705000E-8	1.003619E-2
6.710000E-8	9.959103E-3
6.715000E-8	9.888872E-3
6.720000E-8	9.804938E-3
6.725000E-8	9.727855E-3
6.730000E-8	9.681605E-3
6.735000E-8	9.657624E-3
6.740000E-8	9.642208E-3
6.745000E-8	9.635356E-3
6.750000E-8	9.647346E-3
6.755000E-8	9.679892E-3
6.760000E-8	9.724429E-3
6.765000E-8	9.770679E-3
6.770000E-8	9.827206E-3
6.775000E-8	9.882021E-3
6.780000E-8	9.919705E-3
6.785000E-8	9.936835E-3
6.790000E-8	9.945400E-3
6.795000E-8	9.945400E-3
6.800000E-8	9.924844E-3
6.805000E-8	9.883733E-3
6.810000E-8	9.839197E-3
6.815000E-8	9.798086E-3
6.820000E-8	9.770679E-3
6.825000E-8	9.755262E-3
6.830000E-8	9.753549E-3
6.835000E-8	9.758688E-3
6.840000E-8	9.774105E-3
6.845000E-8	9.786095E-3
6.850000E-8	9.787808E-3
6.855000E-8	9.789521E-3
6.860000E-8	9.784382E-3
6.865000E-8	9.758688E-3
6.870000E-8	9.712438E-3
6.875000E-8	9.661050E-3
6.880000E-8	9.607949E-3
6.885000E-8	9.549708E-3
6.890000E-8	9.508597E-3
6.895000E-8	9.496607E-3
6.900000E-8	9.498320E-3
6.905000E-8	9.508597E-3
6.910000E-8	9.525727E-3
6.915000E-8	9.553134E-3
6.920000E-8	9.585680E-3
6.925000E-8	9.621652E-3
6.930000E-8	9.643920E-3
6.935000E-8	9.643920E-3
6.940000E-8	9.633643E-3
6.945000E-8	9.618226E-3
6.950000E-8	9.585680E-3
6.955000E-8	9.536005E-3
6.960000E-8	9.477764E-3
6.965000E-8	9.417811E-3
6.970000E-8	9.361284E-3
6.975000E-8	9.315034E-3
6.980000E-8	9.275636E-3
6.985000E-8	9.246516E-3
6.990000E-8	9.222535E-3
6.995000E-8	9.200266E-3
7.000000E-8	9.176285E-3
7.005000E-8	9.159156E-3
7.010000E-8	9.148878E-3
7.015000E-8	9.138600E-3
7.020000E-8	9.142026E-3
7.025000E-8	9.166007E-3
7.030000E-8	9.207118E-3
7.035000E-8	9.256794E-3
7.040000E-8	9.306469E-3
7.045000E-8	9.349293E-3
7.050000E-8	9.393830E-3
7.055000E-8	9.445218E-3
7.060000E-8	9.488042E-3
7.065000E-8	9.512023E-3
7.070000E-8	9.536005E-3
7.075000E-8	9.558273E-3
7.080000E-8	9.568551E-3
7.085000E-8	9.575402E-3
7.090000E-8	9.594245E-3
7.095000E-8	9.619939E-3
7.100000E-8	9.643920E-3
7.105000E-8	9.664476E-3
7.110000E-8	9.671328E-3
7.115000E-8	9.650772E-3
7.120000E-8	9.613087E-3
7.125000E-8	9.570264E-3
7.130000E-8	9.527440E-3
7.135000E-8	9.488042E-3
7.140000E-8	9.455496E-3
7.145000E-8	9.422950E-3
7.150000E-8	9.388691E-3
7.155000E-8	9.364710E-3
7.160000E-8	9.356145E-3
7.165000E-8	9.354432E-3
7.170000E-8	9.354432E-3
7.175000E-8	9.357858E-3
7.180000E-8	9.356145E-3
7.185000E-8	9.339015E-3
7.190000E-8	9.308182E-3
7.195000E-8	9.270497E-3
7.200000E-8	9.215683E-3
7.205000E-8	9.154017E-3
7.210000E-8	9.102628E-3
7.215000E-8	9.068369E-3
7.220000E-8	9.042675E-3
7.225000E-8	9.027258E-3
7.230000E-8	9.030684E-3
7.235000E-8	9.049527E-3
7.240000E-8	9.078647E-3
7.245000E-8	9.111193E-3
7.250000E-8	9.147165E-3
7.255000E-8	9.189989E-3
7.260000E-8	9.236238E-3
7.265000E-8	9.267071E-3
7.270000E-8	9.287627E-3
7.275000E-8	9.309895E-3
7.280000E-8	9.327025E-3
7.285000E-8	9.337302E-3
7.290000E-8	9.356145E-3
7.295000E-8	9.385265E-3
7.300000E-8	9.417811E-3
7.305000E-8	9.455496E-3
7.310000E-8	9.496607E-3
7.315000E-8	9.529153E-3
7.320000E-8	9.542856E-3
7.325000E-8	9.541143E-3
7.330000E-8	9.522301E-3
7.335000E-8	9.486329E-3
7.340000E-8	9.446931E-3
7.345000E-8	9.402395E-3
7.350000E-8	9.352719E-3
7.355000E-8	9.304756E-3
7.360000E-8	9.267071E-3
7.365000E-8	9.243090E-3
7.370000E-8	9.234525E-3
7.375000E-8	9.236238E-3
7.380000E-8	9.232812E-3
7.385000E-8	9.246516E-3
7.390000E-8	9.279062E-3
7.395000E-8	9.311608E-3
7.400000E-8	9.325312E-3
7.405000E-8	9.339015E-3
7.410000E-8	9.352719E-3
7.415000E-8	9.349293E-3
7.420000E-8	9.327025E-3
7.425000E-8	9.294479E-3
7.430000E-8	9.244803E-3
7.435000E-8	9.189989E-3
7.440000E-8	9.147165E-3
7.445000E-8	9.106054E-3
7.450000E-8	9.054666E-3
7.455000E-8	9.013555E-3
7.460000E-8	8.984435E-3
7.465000E-8	8.946750E-3
7.470000E-8	8.905639E-3
7.475000E-8	8.874806E-3
7.480000E-8	8.842260E-3
7.485000E-8	8.799436E-3
7.490000E-8	8.765177E-3
7.495000E-8	8.742909E-3
7.500000E-8	8.725779E-3
7.505000E-8	8.720640E-3
7.510000E-8	8.732631E-3
7.515000E-8	8.756612E-3
7.520000E-8	8.799436E-3
7.525000E-8	8.864528E-3
7.530000E-8	8.946750E-3
7.535000E-8	9.037536E-3
7.540000E-8	9.138600E-3
7.545000E-8	9.249942E-3
7.550000E-8	9.361284E-3
7.555000E-8	9.465774E-3
7.560000E-8	9.556560E-3
7.565000E-8	9.626791E-3
7.570000E-8	9.678179E-3
7.575000E-8	9.712438E-3
7.580000E-8	9.715864E-3
7.585000E-8	9.686744E-3
7.590000E-8	9.643920E-3
7.595000E-8	9.587393E-3
7.600000E-8	9.505172E-3
7.605000E-8	9.405820E-3
7.610000E-8	9.308182E-3
7.615000E-8	9.207118E-3
7.620000E-8	9.104341E-3
7.625000E-8	9.015268E-3
7.630000E-8	8.951889E-3
7.635000E-8	8.912491E-3
7.640000E-8	8.898787E-3
7.645000E-8	8.902213E-3
7.650000E-8	8.924481E-3
7.655000E-8	8.969018E-3
7.660000E-8	9.022120E-3
7.665000E-8	9.070082E-3
7.670000E-8	9.116332E-3
7.675000E-8	9.150591E-3
7.680000E-8	9.172859E-3
7.685000E-8	9.205405E-3
7.690000E-8	9.241377E-3
7.695000E-8	9.237951E-3
7.700000E-8	9.200266E-3
7.705000E-8	9.164294E-3
7.710000E-8	9.131748E-3
7.715000E-8	9.087212E-3
7.720000E-8	9.058092E-3
7.725000E-8	9.047814E-3
7.730000E-8	9.034110E-3
7.735000E-8	9.018694E-3
7.740000E-8	9.015268E-3
7.745000E-8	9.013555E-3
7.750000E-8	9.020407E-3
7.755000E-8	9.047814E-3
7.760000E-8	9.076934E-3
7.765000E-8	9.087212E-3
7.770000E-8	9.097489E-3
7.775000E-8	9.116332E-3
7.780000E-8	9.119758E-3
7.785000E-8	9.097489E-3
7.790000E-8	9.054666E-3
7.795000E-8	8.982722E-3
7.800000E-8	8.874806E-3
7.805000E-8	8.758325E-3
7.810000E-8	8.643558E-3
7.815000E-8	8.533929E-3
7.820000E-8	8.443142E-3
7.825000E-8	8.388328E-3
7.830000E-8	8.359208E-3
7.835000E-8	8.355782E-3
7.840000E-8	8.390041E-3
7.845000E-8	8.446568E-3
7.850000E-8	8.503096E-3
7.855000E-8	8.566475E-3
7.860000E-8	8.646984E-3
7.865000E-8	8.724066E-3
7.870000E-8	8.770316E-3
7.875000E-8	8.785733E-3
7.880000E-8	8.782307E-3
7.885000E-8	8.765177E-3
7.890000E-8	8.739483E-3
7.895000E-8	8.706937E-3
7.900000E-8	8.681243E-3
7.905000E-8	8.679530E-3
7.910000E-8	8.700085E-3
7.915000E-8	8.718927E-3
7.920000E-8	8.732631E-3
7.925000E-8	8.758325E-3
7.930000E-8	8.801149E-3
7.935000E-8	8.843973E-3
7.940000E-8	8.871380E-3
7.945000E-8	8.888510E-3
7.950000E-8	8.888510E-3
7.955000E-8	8.855963E-3
7.960000E-8	8.796010E-3
7.965000E-8	8.732631E-3
7.970000E-8	8.658974E-3
7.975000E-8	8.578466E-3
7.980000E-8	8.523651E-3
7.985000E-8	8.497957E-3
7.990000E-8	8.487679E-3
7.995000E-8	8.497957E-3
8.000000E-8	8.545920E-3
8.005000E-8	8.617863E-3
8.010000E-8	8.701798E-3
8.015000E-8	8.804575E-3
8.020000E-8	8.912491E-3
8.025000E-8	8.991287E-3
8.030000E-8	9.027258E-3
8.035000E-8	9.042675E-3
8.040000E-8	9.032397E-3
8.045000E-8	8.981009E-3
8.050000E-8	8.905639E-3
8.055000E-8	8.828556E-3
8.060000E-8	8.756612E-3
8.065000E-8	8.686381E-3
8.070000E-8	8.629854E-3
8.075000E-8	8.593882E-3
8.080000E-8	8.580179E-3
8.085000E-8	8.587030E-3
8.090000E-8	8.609299E-3
8.095000E-8	8.640132E-3
8.100000E-8	8.681243E-3
8.105000E-8	8.724066E-3
8.110000E-8	8.746335E-3
8.115000E-8	8.746335E-3
8.120000E-8	8.739483E-3
8.125000E-8	8.727492E-3
8.130000E-8	8.705224E-3
8.135000E-8	8.691520E-3
8.140000E-8	8.693233E-3
8.145000E-8	8.693233E-3
8.150000E-8	8.684668E-3
8.155000E-8	8.679530E-3
8.160000E-8	8.674391E-3
8.165000E-8	8.652122E-3
8.170000E-8	8.621289E-3
8.175000E-8	8.585317E-3
8.180000E-8	8.544207E-3
8.185000E-8	8.501383E-3
8.190000E-8	8.465411E-3
8.195000E-8	8.443142E-3
8.200000E-8	8.446568E-3
8.205000E-8	8.484253E-3
8.210000E-8	8.532216E-3
8.215000E-8	8.569901E-3
8.220000E-8	8.609299E-3
8.225000E-8	8.662400E-3
8.230000E-8	8.713789E-3
8.235000E-8	8.758325E-3
8.240000E-8	8.794297E-3
8.245000E-8	8.813140E-3
8.250000E-8	8.802862E-3
8.255000E-8	8.768603E-3
8.260000E-8	8.718927E-3
8.265000E-8	8.655548E-3
8.270000E-8	8.581891E-3
8.275000E-8	8.509948E-3
8.280000E-8	8.455133E-3
8.285000E-8	8.419161E-3
8.290000E-8	8.398606E-3
8.295000E-8	8.386615E-3
8.300000E-8	8.395180E-3
8.305000E-8	8.426013E-3
8.310000E-8	8.468837E-3
8.315000E-8	8.513373E-3
8.320000E-8	8.557910E-3
8.325000E-8	8.602447E-3
8.330000E-8	8.643558E-3
8.335000E-8	8.682956E-3
8.340000E-8	8.715502E-3
8.345000E-8	8.739483E-3
8.350000E-8	8.754899E-3
8.355000E-8	8.751474E-3
8.360000E-8	8.718927E-3
8.365000E-8	8.657261E-3
8.370000E-8	8.576753E-3
8.375000E-8	8.484253E-3
8.380000E-8	8.383189E-3
8.385000E-8	8.282125E-3
8.390000E-8	8.193052E-3
8.395000E-8	8.117682E-3
8.400000E-8	8.054303E-3
8.405000E-8	8.008053E-3
8.410000E-8	7.985785E-3
8.415000E-8	7.994350E-3
8.420000E-8	8.030322E-3
8.425000E-8	8.093701E-3
8.430000E-8	8.170783E-3
8.435000E-8	8.258144E-3
8.440000E-8	8.355782E-3
8.445000E-8	8.458559E-3
8.450000E-8	8.549345E-3
8.455000E-8	8.616150E-3
8.460000E-8	8.655548E-3
8.465000E-8	8.667539E-3
8.470000E-8	8.657261E-3
8.475000E-8	8.633280E-3
8.480000E-8	8.590456E-3
8.485000E-8	8.539068E-3
8.490000E-8	8.491105E-3
8.495000E-8	8.443142E-3
8.500000E-8	8.405458E-3
8.505000E-8	8.384902E-3
8.510000E-8	8.372912E-3
8.515000E-8	8.364347E-3
8.520000E-8	8.366060E-3
8.525000E-8	8.369486E-3
8.530000E-8	8.362634E-3
8.535000E-8	8.354069E-3
8.540000E-8	8.335227E-3
8.545000E-8	8.292403E-3
8.550000E-8	8.235876E-3
8.555000E-8	8.189626E-3
8.560000E-8	8.146802E-3
8.565000E-8	8.102265E-3
8.570000E-8	8.068006E-3
8.575000E-8	8.052590E-3
8.580000E-8	8.052590E-3
8.585000E-8	8.071432E-3
8.590000E-8	8.093701E-3
8.595000E-8	8.115969E-3
8.600000E-8	8.136524E-3
8.605000E-8	8.148515E-3
8.610000E-8	8.133099E-3
8.615000E-8	8.098840E-3
8.620000E-8	8.057729E-3
8.625000E-8	8.004627E-3
8.630000E-8	7.942961E-3
8.635000E-8	7.881295E-3
8.640000E-8	7.826480E-3
8.645000E-8	7.785370E-3
8.650000E-8	7.775092E-3
8.655000E-8	7.799073E-3
8.660000E-8	7.852175E-3
8.665000E-8	7.913841E-3
8.670000E-8	7.984072E-3
8.675000E-8	8.059442E-3
8.680000E-8	8.136524E-3
8.685000E-8	8.211894E-3
8.690000E-8	8.270135E-3
8.695000E-8	8.302681E-3
8.700000E-8	8.321523E-3
8.705000E-8	8.336940E-3
8.710000E-8	8.338653E-3
8.715000E-8	8.311245E-3
8.720000E-8	8.271847E-3
8.725000E-8	8.229024E-3
8.730000E-8	8.181061E-3
8.735000E-8	8.134811E-3
8.740000E-8	8.100552E-3
8.745000E-8	8.074858E-3
8.750000E-8	8.056016E-3
8.755000E-8	8.033747E-3
8.760000E-8	8.008053E-3
8.765000E-8	7.984072E-3
8.770000E-8	7.965229E-3
8.775000E-8	7.942961E-3
8.780000E-8	7.922406E-3
8.785000E-8	7.910415E-3
8.790000E-8	7.893286E-3
8.795000E-8	7.865878E-3
8.800000E-8	7.853888E-3
8.805000E-8	7.871017E-3
8.810000E-8	7.894998E-3
8.815000E-8	7.920693E-3
8.820000E-8	7.951526E-3
8.825000E-8	7.975507E-3
8.830000E-8	7.990924E-3
8.835000E-8	8.018331E-3
8.840000E-8	8.062868E-3
8.845000E-8	8.105691E-3
8.850000E-8	8.134811E-3
8.855000E-8	8.148515E-3
8.860000E-8	8.151941E-3
8.865000E-8	8.158793E-3
8.870000E-8	8.153654E-3
8.875000E-8	8.127960E-3
8.880000E-8	8.102265E-3
8.885000E-8	8.078284E-3
8.890000E-8	8.044025E-3
8.895000E-8	8.004627E-3
8.900000E-8	7.987498E-3
8.905000E-8	7.985785E-3
8.910000E-8	7.982359E-3
8.915000E-8	7.980646E-3
8.920000E-8	7.990924E-3
8.925000E-8	8.006340E-3
8.930000E-8	8.020044E-3
8.935000E-8	8.021757E-3
8.940000E-8	8.013192E-3
8.945000E-8	8.011479E-3
8.950000E-8	8.020044E-3
8.955000E-8	8.014905E-3
8.960000E-8	7.997775E-3
8.965000E-8	7.992637E-3
8.970000E-8	7.999488E-3
8.975000E-8	7.999488E-3
8.980000E-8	7.990924E-3
8.985000E-8	7.985785E-3
8.990000E-8	7.984072E-3
8.995000E-8	7.982359E-3
9.000000E-8	7.972081E-3
9.005000E-8	7.942961E-3
9.010000E-8	7.894998E-3
9.015000E-8	7.828193E-3
9.020000E-8	7.749398E-3
9.025000E-8	7.687732E-3
9.030000E-8	7.644908E-3
9.035000E-8	7.614075E-3
9.040000E-8	7.607223E-3
9.045000E-8	7.627778E-3
9.050000E-8	7.660324E-3
9.055000E-8	7.701435E-3
9.060000E-8	7.763101E-3
9.065000E-8	7.838471E-3
9.070000E-8	7.891573E-3
9.075000E-8	7.912128E-3
9.080000E-8	7.915554E-3
9.085000E-8	7.903563E-3
9.090000E-8	7.871017E-3
9.095000E-8	7.829906E-3
9.100000E-8	7.787083E-3
9.105000E-8	7.744259E-3
9.110000E-8	7.711713E-3
9.115000E-8	7.686019E-3
9.120000E-8	7.675741E-3
9.125000E-8	7.691157E-3
9.130000E-8	7.735694E-3
9.135000E-8	7.780231E-3
9.140000E-8	7.811064E-3
9.145000E-8	7.843610E-3
9.150000E-8	7.876156E-3
9.155000E-8	7.884721E-3
9.160000E-8	7.871017E-3
9.165000E-8	7.857314E-3
9.170000E-8	7.831619E-3
9.175000E-8	7.785370E-3
9.180000E-8	7.737407E-3
9.185000E-8	7.701435E-3
9.190000E-8	7.668889E-3
9.195000E-8	7.648334E-3
9.200000E-8	7.639769E-3
9.205000E-8	7.636343E-3
9.210000E-8	7.644908E-3
9.215000E-8	7.670602E-3
9.220000E-8	7.701435E-3
9.225000E-8	7.732268E-3
9.230000E-8	7.766527E-3
9.235000E-8	7.799073E-3
9.240000E-8	7.816203E-3
9.245000E-8	7.826480E-3
9.250000E-8	7.826480E-3
9.255000E-8	7.811064E-3
9.260000E-8	7.787083E-3
9.265000E-8	7.751111E-3
9.270000E-8	7.691157E-3
9.275000E-8	7.624352E-3
9.280000E-8	7.567825E-3
9.285000E-8	7.514724E-3
9.290000E-8	7.459909E-3
9.295000E-8	7.430789E-3
9.300000E-8	7.427363E-3
9.305000E-8	7.437641E-3
9.310000E-8	7.468474E-3
9.315000E-8	7.523288E-3
9.320000E-8	7.586667E-3
9.325000E-8	7.646621E-3
9.330000E-8	7.698009E-3
9.335000E-8	7.735694E-3
9.340000E-8	7.756250E-3
9.345000E-8	7.761388E-3
9.350000E-8	7.744259E-3
9.355000E-8	7.703148E-3
9.360000E-8	7.655185E-3
9.365000E-8	7.610649E-3
9.370000E-8	7.566112E-3
9.375000E-8	7.528427E-3
9.380000E-8	7.506159E-3
9.385000E-8	7.506159E-3
9.390000E-8	7.519862E-3
9.395000E-8	7.547270E-3
9.400000E-8	7.579816E-3
9.405000E-8	7.603797E-3
9.410000E-8	7.617501E-3
9.415000E-8	7.617501E-3
9.420000E-8	7.602084E-3
9.425000E-8	7.574677E-3
9.430000E-8	7.547270E-3
9.435000E-8	7.528427E-3
9.440000E-8	7.513011E-3
9.445000E-8	7.499307E-3
9.450000E-8	7.492455E-3
9.455000E-8	7.494168E-3
9.460000E-8	7.506159E-3
9.465000E-8	7.521575E-3
9.470000E-8	7.533566E-3
9.475000E-8	7.542131E-3
9.480000E-8	7.538705E-3
9.485000E-8	7.521575E-3
9.490000E-8	7.492455E-3
9.495000E-8	7.465048E-3
9.500000E-8	7.449631E-3
9.505000E-8	7.442780E-3
9.510000E-8	7.453057E-3
9.515000E-8	7.482178E-3
9.520000E-8	7.533566E-3
9.525000E-8	7.610649E-3
9.530000E-8	7.689444E-3
9.535000E-8	7.759675E-3
9.540000E-8	7.829906E-3
9.545000E-8	7.906989E-3
9.550000E-8	7.960091E-3
9.555000E-8	7.984072E-3
9.560000E-8	7.982359E-3
9.565000E-8	7.956665E-3
9.570000E-8	7.912128E-3
9.575000E-8	7.865878E-3
9.580000E-8	7.805925E-3
9.585000E-8	7.728842E-3
9.590000E-8	7.648334E-3
9.595000E-8	7.572964E-3
9.600000E-8	7.495881E-3
9.605000E-8	7.432502E-3
9.610000E-8	7.379401E-3
9.615000E-8	7.333151E-3
9.620000E-8	7.298892E-3
9.625000E-8	7.286901E-3
9.630000E-8	7.280049E-3
9.635000E-8	7.283475E-3
9.640000E-8	7.309170E-3
9.645000E-8	7.343429E-3
9.650000E-8	7.363984E-3
9.655000E-8	7.379401E-3
9.660000E-8	7.387965E-3
9.665000E-8	7.379401E-3
9.670000E-8	7.367410E-3
9.675000E-8	7.353706E-3
9.680000E-8	7.324586E-3
9.685000E-8	7.286901E-3
9.690000E-8	7.257781E-3
9.695000E-8	7.226948E-3
9.700000E-8	7.197828E-3
9.705000E-8	7.190976E-3
9.710000E-8	7.211531E-3
9.715000E-8	7.235513E-3
9.720000E-8	7.259494E-3
9.725000E-8	7.286901E-3
9.730000E-8	7.319447E-3
9.735000E-8	7.350280E-3
9.740000E-8	7.370836E-3
9.745000E-8	7.379401E-3
9.750000E-8	7.384539E-3
9.755000E-8	7.401669E-3
9.760000E-8	7.418798E-3
9.765000E-8	7.425650E-3
9.770000E-8	7.432502E-3
9.775000E-8	7.451344E-3
9.780000E-8	7.478752E-3
9.785000E-8	7.494168E-3
9.790000E-8	7.501020E-3
9.795000E-8	7.501020E-3
9.800000E-8	7.495881E-3
9.805000E-8	7.489029E-3
9.810000E-8	7.483890E-3
9.815000E-8	7.473613E-3
9.820000E-8	7.459909E-3
9.825000E-8	7.458196E-3
9.830000E-8	7.471900E-3
9.835000E-8	7.489029E-3
9.840000E-8	7.523288E-3
9.845000E-8	7.590093E-3
9.850000E-8	7.682593E-3
9.855000E-8	7.771666E-3
9.860000E-8	7.845323E-3
9.865000E-8	7.894998E-3
9.870000E-8	7.908702E-3
9.875000E-8	7.888147E-3
9.880000E-8	7.838471E-3
9.885000E-8	7.759675E-3
9.890000E-8	7.662037E-3
9.895000E-8	7.555834E-3
9.900000E-8	7.453057E-3
9.905000E-8	7.355419E-3
9.910000E-8	7.268059E-3
9.915000E-8	7.206393E-3
9.920000E-8	7.168708E-3
9.925000E-8	7.148152E-3
9.930000E-8	7.148152E-3
9.935000E-8	7.165282E-3
9.940000E-8	7.192689E-3
9.945000E-8	7.233800E-3
9.950000E-8	7.285188E-3
9.955000E-8	7.329725E-3
9.960000E-8	7.362271E-3
9.965000E-8	7.387965E-3
9.970000E-8	7.406808E-3
9.975000E-8	7.413660E-3
9.980000E-8	7.411947E-3
9.985000E-8	7.405095E-3
9.990000E-8	7.389678E-3
9.995000E-8	7.369123E-3
1.000000E-7	7.348567E-3
1.000500E-7	7.324586E-3
1.001000E-7	7.292040E-3
1.001500E-7	7.259494E-3
1.002000E-7	7.228661E-3
1.002500E-7	7.206393E-3
1.003000E-7	7.201254E-3
1.003500E-7	7.213244E-3
1.004000E-7	7.228661E-3
1.004500E-7	7.252642E-3
1.005000E-7	7.288614E-3
1.005500E-7	7.322873E-3
1.006000E-7	7.351993E-3
1.006500E-7	7.372549E-3
1.007000E-7	7.372549E-3
1.007500E-7	7.353706E-3
1.008000E-7	7.322873E-3
1.008500E-7	7.276624E-3
1.009000E-7	7.225235E-3
1.009500E-7	7.177272E-3
1.010000E-7	7.134449E-3
1.010500E-7	7.098477E-3
1.011000E-7	7.083060E-3
1.011500E-7	7.083060E-3
1.012000E-7	7.088199E-3
1.012500E-7	7.110467E-3
1.013000E-7	7.156717E-3
1.013500E-7	7.206393E-3
1.014000E-7	7.250929E-3
1.014500E-7	7.298892E-3
1.015000E-7	7.341716E-3
1.015500E-7	7.363984E-3
1.016000E-7	7.367410E-3
1.016500E-7	7.358845E-3
1.017000E-7	7.326299E-3
1.017500E-7	7.274911E-3
1.018000E-7	7.225235E-3
1.018500E-7	7.173847E-3
1.019000E-7	7.124171E-3
1.019500E-7	7.076208E-3
1.020000E-7	7.041949E-3
1.020500E-7	7.019681E-3
1.021000E-7	7.009403E-3
1.021500E-7	7.021394E-3
1.022000E-7	7.064218E-3
1.022500E-7	7.119032E-3
1.023000E-7	7.170421E-3
1.023500E-7	7.216670E-3
1.024000E-7	7.252642E-3
1.024500E-7	7.252642E-3
1.025000E-7	7.216670E-3
1.025500E-7	7.161856E-3
1.026000E-7	7.100190E-3
1.026500E-7	7.035098E-3
1.027000E-7	6.971718E-3
1.027500E-7	6.916904E-3
1.028000E-7	6.875793E-3
1.028500E-7	6.862090E-3
1.029000E-7	6.875793E-3
1.029500E-7	6.899775E-3
1.030000E-7	6.925469E-3
1.030500E-7	6.958015E-3
1.031000E-7	7.005977E-3
1.031500E-7	7.053940E-3
1.032000E-7	7.079634E-3
1.032500E-7	7.096764E-3
1.033000E-7	7.120745E-3
1.033500E-7	7.146439E-3
1.034000E-7	7.166995E-3
1.034500E-7	7.190976E-3
1.035000E-7	7.223522E-3
1.035500E-7	7.264633E-3
1.036000E-7	7.314308E-3
1.036500E-7	7.367410E-3
1.037000E-7	7.411947E-3
1.037500E-7	7.449631E-3
1.038000E-7	7.471900E-3
1.038500E-7	7.461622E-3
1.039000E-7	7.427363E-3
1.039500E-7	7.379401E-3
1.040000E-7	7.312595E-3
1.040500E-7	7.235513E-3
1.041000E-7	7.168708E-3
1.041500E-7	7.117319E-3
1.042000E-7	7.076208E-3
1.042500E-7	7.057366E-3
1.043000E-7	7.053940E-3
1.043500E-7	7.057366E-3
1.044000E-7	7.077921E-3
1.044500E-7	7.124171E-3
1.045000E-7	7.165282E-3
1.045500E-7	7.189263E-3
1.046000E-7	7.201254E-3
1.046500E-7	7.209818E-3
1.047000E-7	7.202967E-3
1.047500E-7	7.172134E-3
1.048000E-7	7.131023E-3
1.048500E-7	7.088199E-3
1.049000E-7	7.047088E-3
1.049500E-7	7.002552E-3
1.050000E-7	6.961441E-3
1.050500E-7	6.930608E-3
1.051000E-7	6.887784E-3
1.051500E-7	6.836395E-3
1.052000E-7	6.798710E-3
1.052500E-7	6.769590E-3
1.053000E-7	6.733618E-3
1.053500E-7	6.702785E-3
1.054000E-7	6.695933E-3
1.054500E-7	6.695933E-3
1.055000E-7	6.701072E-3
1.055500E-7	6.723341E-3
1.056000E-7	6.761026E-3
1.056500E-7	6.803849E-3
1.057000E-7	6.851812E-3
1.057500E-7	6.899775E-3
1.058000E-7	6.944311E-3
1.058500E-7	6.988848E-3
1.059000E-7	7.033385E-3
1.059500E-7	7.059079E-3
1.060000E-7	7.071070E-3
1.060500E-7	7.086486E-3
1.061000E-7	7.083060E-3
1.061500E-7	7.043662E-3
1.062000E-7	6.988848E-3
1.062500E-7	6.932321E-3
1.063000E-7	6.870654E-3
1.063500E-7	6.817553E-3
1.064000E-7	6.798710E-3
1.064500E-7	6.796997E-3
1.065000E-7	6.788433E-3
1.065500E-7	6.793572E-3
1.066000E-7	6.810701E-3
1.066500E-7	6.817553E-3
1.067000E-7	6.812414E-3
1.067500E-7	6.810701E-3
1.068000E-7	6.805562E-3
1.068500E-7	6.798710E-3
1.069000E-7	6.800423E-3
1.069500E-7	6.798710E-3
1.070000E-7	6.778155E-3
1.070500E-7	6.759313E-3
1.071000E-7	6.754174E-3
1.071500E-7	6.733618E-3
1.072000E-7	6.707924E-3
1.072500E-7	6.701072E-3
1.073000E-7	6.706211E-3
1.073500E-7	6.704498E-3
1.074000E-7	6.706211E-3
1.074500E-7	6.718202E-3
1.075000E-7	6.733618E-3
1.075500E-7	6.757600E-3
1.076000E-7	6.805562E-3
1.076500E-7	6.865516E-3
1.077000E-7	6.925469E-3
1.077500E-7	6.988848E-3
1.078000E-7	7.060792E-3
1.078500E-7	7.129310E-3
1.079000E-7	7.185837E-3
1.079500E-7	7.220096E-3
1.080000E-7	7.228661E-3
1.080500E-7	7.216670E-3
1.081000E-7	7.180698E-3
1.081500E-7	7.120745E-3
1.082000E-7	7.038523E-3
1.082500E-7	6.944311E-3
1.083000E-7	6.844960E-3
1.083500E-7	6.745609E-3
1.084000E-7	6.649684E-3
1.084500E-7	6.565749E-3
1.085000E-7	6.507509E-3
1.085500E-7	6.474963E-3
1.086000E-7	6.468111E-3
1.086500E-7	6.485241E-3
1.087000E-7	6.521213E-3
1.087500E-7	6.557184E-3
1.088000E-7	6.594869E-3
1.088500E-7	6.639406E-3
1.089000E-7	6.692508E-3
1.089500E-7	6.743896E-3
1.090000E-7	6.785007E-3
1.090500E-7	6.819266E-3
1.091000E-7	6.843247E-3
1.091500E-7	6.850099E-3
1.092000E-7	6.844960E-3
1.092500E-7	6.839821E-3
1.093000E-7	6.832969E-3
1.093500E-7	6.815840E-3
1.094000E-7	6.791859E-3
1.094500E-7	6.781581E-3
1.095000E-7	6.783294E-3
1.095500E-7	6.778155E-3
1.096000E-7	6.762738E-3
1.096500E-7	6.750748E-3
1.097000E-7	6.738757E-3
1.097500E-7	6.719915E-3
1.098000E-7	6.687369E-3
1.098500E-7	6.647971E-3
1.099000E-7	6.600008E-3
1.099500E-7	6.543481E-3
1.100000E-7	6.485241E-3
1.100500E-7	6.432139E-3
1.101000E-7	6.392741E-3
1.101500E-7	6.363621E-3
1.102000E-7	6.339640E-3
1.102500E-7	6.319084E-3
1.103000E-7	6.312233E-3
1.103500E-7	6.324223E-3
1.104000E-7	6.343066E-3
1.104500E-7	6.370473E-3
1.105000E-7	6.418436E-3
1.105500E-7	6.481815E-3
1.106000E-7	6.546907E-3
1.106500E-7	6.610286E-3
1.107000E-7	6.668526E-3
1.107500E-7	6.706211E-3
1.108000E-7	6.733618E-3
1.108500E-7	6.759313E-3
1.109000E-7	6.773016E-3
1.109500E-7	6.757600E-3
1.110000E-7	6.728479E-3
1.110500E-7	6.694220E-3
1.111000E-7	6.647971E-3
1.111500E-7	6.586305E-3
1.112000E-7	6.524638E-3
1.112500E-7	6.471537E-3
1.113000E-7	6.421861E-3
1.113500E-7	6.392741E-3
1.114000E-7	6.396167E-3
1.114500E-7	6.423574E-3
1.115000E-7	6.461259E-3
1.115500E-7	6.514361E-3
1.116000E-7	6.582879E-3
1.116500E-7	6.658249E-3
1.117000E-7	6.733618E-3
1.117500E-7	6.788433E-3
1.118000E-7	6.812414E-3
1.118500E-7	6.820979E-3
1.119000E-7	6.815840E-3
1.119500E-7	6.783294E-3
1.120000E-7	6.726767E-3
1.120500E-7	6.670239E-3
1.121000E-7	6.610286E-3
1.121500E-7	6.553759E-3
1.122000E-7	6.514361E-3
1.122500E-7	6.490379E-3
1.123000E-7	6.471537E-3
1.123500E-7	6.471537E-3
1.124000E-7	6.498944E-3
1.124500E-7	6.538342E-3
1.125000E-7	6.572601E-3
1.125500E-7	6.605147E-3
1.126000E-7	6.635980E-3
1.126500E-7	6.649684E-3
1.127000E-7	6.646258E-3
1.127500E-7	6.634267E-3
1.128000E-7	6.623990E-3
1.128500E-7	6.611999E-3
1.129000E-7	6.584592E-3
1.129500E-7	6.546907E-3
1.130000E-7	6.519500E-3
1.130500E-7	6.502370E-3
1.131000E-7	6.486954E-3
1.131500E-7	6.483528E-3
1.132000E-7	6.490379E-3
1.132500E-7	6.497231E-3
1.133000E-7	6.509222E-3
1.133500E-7	6.533203E-3
1.134000E-7	6.555472E-3
1.134500E-7	6.564036E-3
1.135000E-7	6.564036E-3
1.135500E-7	6.557184E-3
1.136000E-7	6.534916E-3
1.136500E-7	6.507509E-3
1.137000E-7	6.485241E-3
1.137500E-7	6.462972E-3
1.138000E-7	6.440704E-3
1.138500E-7	6.432139E-3
1.139000E-7	6.432139E-3
1.139500E-7	6.433852E-3
1.140000E-7	6.435565E-3
1.140500E-7	6.435565E-3
1.141000E-7	6.427000E-3
1.141500E-7	6.413297E-3
1.142000E-7	6.396167E-3
1.142500E-7	6.370473E-3
1.143000E-7	6.334501E-3
1.143500E-7	6.301955E-3
1.144000E-7	6.279687E-3
1.144500E-7	6.265983E-3
1.145000E-7	6.262557E-3
1.145500E-7	6.279687E-3
1.146000E-7	6.308807E-3
1.146500E-7	6.334501E-3
1.147000E-7	6.346492E-3
1.147500E-7	6.358482E-3
1.148000E-7	6.360195E-3
1.148500E-7	6.343066E-3
1.149000E-7	6.315659E-3
1.149500E-7	6.293390E-3
1.150000E-7	6.269409E-3
1.150500E-7	6.243715E-3
1.151000E-7	6.236863E-3
1.151500E-7	6.260844E-3
1.152000E-7	6.293390E-3
1.152500E-7	6.319084E-3
1.153000E-7	6.343066E-3
1.153500E-7	6.372186E-3
1.154000E-7	6.394454E-3
1.154500E-7	6.403019E-3
1.155000E-7	6.399593E-3
1.155500E-7	6.382464E-3
1.156000E-7	6.348205E-3
1.156500E-7	6.303668E-3
1.157000E-7	6.253992E-3
1.157500E-7	6.202604E-3
1.158000E-7	6.152928E-3
1.158500E-7	6.108392E-3
1.159000E-7	6.084410E-3
1.159500E-7	6.082697E-3
1.160000E-7	6.101540E-3
1.160500E-7	6.139225E-3
1.161000E-7	6.192326E-3
1.161500E-7	6.250566E-3
1.162000E-7	6.298529E-3
1.162500E-7	6.329362E-3
1.163000E-7	6.339640E-3
1.163500E-7	6.325936E-3
1.164000E-7	6.301955E-3
1.164500E-7	6.265983E-3
1.165000E-7	6.212882E-3
1.165500E-7	6.151215E-3
1.166000E-7	6.099827E-3
1.166500E-7	6.057003E-3
1.167000E-7	6.015892E-3
1.167500E-7	5.991911E-3
1.168000E-7	5.990198E-3
1.168500E-7	6.005615E-3
1.169000E-7	6.033022E-3
1.169500E-7	6.065568E-3
1.170000E-7	6.096401E-3
1.170500E-7	6.120382E-3
1.171000E-7	6.132373E-3
1.171500E-7	6.132373E-3
1.172000E-7	6.123808E-3
1.172500E-7	6.111817E-3
1.173000E-7	6.092975E-3
1.173500E-7	6.077558E-3
1.174000E-7	6.074133E-3
1.174500E-7	6.079271E-3
1.175000E-7	6.094688E-3
1.175500E-7	6.127234E-3
1.176000E-7	6.164919E-3
1.176500E-7	6.199178E-3
1.177000E-7	6.228298E-3
1.177500E-7	6.253992E-3
1.178000E-7	6.271122E-3
1.178500E-7	6.279687E-3
1.179000E-7	6.274548E-3
1.179500E-7	6.253992E-3
1.180000E-7	6.231724E-3
1.180500E-7	6.212882E-3
1.181000E-7	6.195752E-3
1.181500E-7	6.194039E-3
1.182000E-7	6.212882E-3
1.182500E-7	6.245428E-3
1.183000E-7	6.281400E-3
1.183500E-7	6.322510E-3
1.184000E-7	6.351630E-3
1.184500E-7	6.358482E-3
1.185000E-7	6.353343E-3
1.185500E-7	6.334501E-3
1.186000E-7	6.283112E-3
1.186500E-7	6.206030E-3
1.187000E-7	6.122095E-3
1.187500E-7	6.043299E-3
1.188000E-7	5.964504E-3
1.188500E-7	5.902838E-3
1.189000E-7	5.877143E-3
1.189500E-7	5.889134E-3
1.190000E-7	5.928532E-3
1.190500E-7	5.983346E-3
1.191000E-7	6.048438E-3
1.191500E-7	6.128947E-3
1.192000E-7	6.228298E-3
1.192500E-7	6.317371E-3
1.193000E-7	6.372186E-3
1.193500E-7	6.401306E-3
1.194000E-7	6.411584E-3
1.194500E-7	6.380751E-3
1.195000E-7	6.313946E-3
1.195500E-7	6.238576E-3
1.196000E-7	6.152928E-3
1.196500E-7	6.050151E-3
1.197000E-7	5.943948E-3
1.197500E-7	5.848023E-3
1.198000E-7	5.764089E-3
1.198500E-7	5.707561E-3
1.199000E-7	5.683580E-3
1.199500E-7	5.685293E-3
1.200000E-7	5.707561E-3
1.200500E-7	5.753811E-3
1.201000E-7	5.815477E-3
1.201500E-7	5.873717E-3
1.202000E-7	5.923393E-3
1.202500E-7	5.969643E-3
1.203000E-7	6.014179E-3
1.203500E-7	6.041587E-3
1.204000E-7	6.046725E-3
1.204500E-7	6.043299E-3
1.205000E-7	6.033022E-3
1.205500E-7	6.009040E-3
1.206000E-7	5.976494E-3
1.206500E-7	5.949087E-3
1.207000E-7	5.930245E-3
1.207500E-7	5.911402E-3
1.208000E-7	5.899412E-3
1.208500E-7	5.895986E-3
1.209000E-7	5.889134E-3
1.209500E-7	5.885708E-3
1.210000E-7	5.894273E-3
1.210500E-7	5.906263E-3
1.211000E-7	5.913115E-3
1.211500E-7	5.921680E-3
1.212000E-7	5.935384E-3
1.212500E-7	5.954226E-3
1.213000E-7	5.978207E-3
1.213500E-7	6.000476E-3
1.214000E-7	6.017605E-3
1.214500E-7	6.033022E-3
1.215000E-7	6.060429E-3
1.215500E-7	6.091262E-3
1.216000E-7	6.116956E-3
1.216500E-7	6.158067E-3
1.217000E-7	6.212882E-3
1.217500E-7	6.265983E-3
1.218000E-7	6.305381E-3
1.218500E-7	6.332788E-3
1.219000E-7	6.343066E-3
1.219500E-7	6.336214E-3
1.220000E-7	6.317371E-3
1.220500E-7	6.272835E-3
1.221000E-7	6.197465E-3
1.221500E-7	6.111817E-3
1.222000E-7	6.024457E-3
1.222500E-7	5.930245E-3
1.223000E-7	5.839458E-3
1.223500E-7	5.769227E-3
1.224000E-7	5.717839E-3
1.224500E-7	5.693858E-3
1.225000E-7	5.707561E-3
1.225500E-7	5.741820E-3
1.226000E-7	5.789783E-3
1.226500E-7	5.854875E-3
1.227000E-7	5.926819E-3
1.227500E-7	5.986772E-3
1.228000E-7	6.034735E-3
1.228500E-7	6.070707E-3
1.229000E-7	6.072420E-3
1.229500E-7	6.039874E-3
1.230000E-7	5.991911E-3
1.230500E-7	5.926819E-3
1.231000E-7	5.849736E-3
1.231500E-7	5.781218E-3
1.232000E-7	5.728117E-3
1.232500E-7	5.690432E-3
1.233000E-7	5.683580E-3
1.233500E-7	5.698997E-3
1.234000E-7	5.721265E-3
1.234500E-7	5.752098E-3
1.235000E-7	5.786357E-3
1.235500E-7	5.810338E-3
1.236000E-7	5.827468E-3
1.236500E-7	5.849736E-3
1.237000E-7	5.854875E-3
1.237500E-7	5.837745E-3
1.238000E-7	5.815477E-3
1.238500E-7	5.798348E-3
1.239000E-7	5.774366E-3
1.239500E-7	5.753811E-3
1.240000E-7	5.753811E-3
1.240500E-7	5.772653E-3
1.241000E-7	5.803486E-3
1.241500E-7	5.842884E-3
1.242000E-7	5.883995E-3
1.242500E-7	5.919967E-3
1.243000E-7	5.952513E-3
1.243500E-7	5.985059E-3
1.244000E-7	6.010753E-3
1.244500E-7	6.022744E-3
1.245000E-7	6.022744E-3
1.245500E-7	6.017605E-3
1.246000E-7	6.009040E-3
1.246500E-7	5.990198E-3
1.247000E-7	5.961078E-3
1.247500E-7	5.930245E-3
1.248000E-7	5.899412E-3
1.248500E-7	5.863440E-3
1.249000E-7	5.827468E-3
1.249500E-7	5.801774E-3
1.250000E-7	5.776079E-3
1.250500E-7	5.746959E-3
1.251000E-7	5.721265E-3
1.251500E-7	5.702422E-3
1.252000E-7	5.680154E-3
1.252500E-7	5.651034E-3
1.253000E-7	5.625340E-3
1.253500E-7	5.603071E-3
1.254000E-7	5.587655E-3
1.254500E-7	5.584229E-3
1.255000E-7	5.580803E-3
1.255500E-7	5.575664E-3
1.256000E-7	5.580803E-3
1.256500E-7	5.599645E-3
1.257000E-7	5.623627E-3
1.257500E-7	5.654460E-3
1.258000E-7	5.693858E-3
1.258500E-7	5.728117E-3
1.259000E-7	5.748672E-3
1.259500E-7	5.755524E-3
1.260000E-7	5.743533E-3
1.260500E-7	5.702422E-3
1.261000E-7	5.635617E-3
1.261500E-7	5.553396E-3
1.262000E-7	5.460896E-3
1.262500E-7	5.373536E-3
1.263000E-7	5.294740E-3
1.263500E-7	5.234787E-3
1.264000E-7	5.202241E-3
1.264500E-7	5.202241E-3
1.265000E-7	5.229648E-3
1.265500E-7	5.284463E-3
1.266000E-7	5.361545E-3
1.266500E-7	5.455758E-3
1.267000E-7	5.568812E-3
1.267500E-7	5.695571E-3
1.268000E-7	5.810338E-3
1.268500E-7	5.897699E-3
1.269000E-7	5.962791E-3
1.269500E-7	5.997050E-3
1.270000E-7	6.002189E-3
1.270500E-7	5.993624E-3
1.271000E-7	5.967930E-3
1.271500E-7	5.914828E-3
1.272000E-7	5.861727E-3
1.272500E-7	5.824042E-3
1.273000E-7	5.779505E-3
1.273500E-7	5.724691E-3
1.274000E-7	5.683580E-3
1.274500E-7	5.657886E-3
1.275000E-7	5.625340E-3
1.275500E-7	5.596220E-3
1.276000E-7	5.584229E-3
1.276500E-7	5.584229E-3
1.277000E-7	5.582516E-3
1.277500E-7	5.579090E-3
1.278000E-7	5.572238E-3
1.278500E-7	5.560248E-3
1.279000E-7	5.555109E-3
1.279500E-7	5.555109E-3
1.280000E-7	5.548257E-3
1.280500E-7	5.536266E-3
1.281000E-7	5.532840E-3
1.281500E-7	5.541405E-3
1.282000E-7	5.555109E-3
1.282500E-7	5.577377E-3
1.283000E-7	5.601358E-3
1.283500E-7	5.613349E-3
1.284000E-7	5.632191E-3
1.284500E-7	5.663025E-3
1.285000E-7	5.692145E-3
1.285500E-7	5.714413E-3
1.286000E-7	5.731543E-3
1.286500E-7	5.745246E-3
1.287000E-7	5.750385E-3
1.287500E-7	5.743533E-3
1.288000E-7	5.733256E-3
1.288500E-7	5.731543E-3
1.289000E-7	5.738394E-3
1.289500E-7	5.750385E-3
1.290000E-7	5.758950E-3
1.290500E-7	5.765802E-3
1.291000E-7	5.769227E-3
1.291500E-7	5.762376E-3
1.292000E-7	5.745246E-3
1.292500E-7	5.722978E-3
1.293000E-7	5.685293E-3
1.293500E-7	5.630479E-3
1.294000E-7	5.570525E-3
1.294500E-7	5.513998E-3
1.295000E-7	5.466035E-3
1.295500E-7	5.431776E-3
1.296000E-7	5.409508E-3
1.296500E-7	5.404369E-3
1.297000E-7	5.421499E-3
1.297500E-7	5.452332E-3
1.298000E-7	5.496868E-3
1.298500E-7	5.560248E-3
1.299000E-7	5.630479E-3
1.299500E-7	5.687006E-3
1.300000E-7	5.722978E-3
1.300500E-7	5.740107E-3
1.301000E-7	5.743533E-3
1.301500E-7	5.729830E-3
1.302000E-7	5.693858E-3
1.302500E-7	5.644182E-3
1.303000E-7	5.591081E-3
1.303500E-7	5.541405E-3
1.304000E-7	5.496868E-3
1.304500E-7	5.469461E-3
1.305000E-7	5.460896E-3
1.305500E-7	5.464322E-3
1.306000E-7	5.479739E-3
1.306500E-7	5.505433E-3
1.307000E-7	5.532840E-3
1.307500E-7	5.549970E-3
1.308000E-7	5.548257E-3
1.308500E-7	5.531127E-3
1.309000E-7	5.512285E-3
1.309500E-7	5.493443E-3
1.310000E-7	5.457471E-3
1.310500E-7	5.409508E-3
1.311000E-7	5.370110E-3
1.311500E-7	5.339277E-3
1.312000E-7	5.317009E-3
1.312500E-7	5.323860E-3
1.313000E-7	5.349555E-3
1.313500E-7	5.371823E-3
1.314000E-7	5.400943E-3
1.314500E-7	5.443767E-3
1.315000E-7	5.471174E-3
1.315500E-7	5.474600E-3
1.316000E-7	5.466035E-3
1.316500E-7	5.442054E-3
1.317000E-7	5.402656E-3
1.317500E-7	5.361545E-3
1.318000E-7	5.322148E-3
1.318500E-7	5.277611E-3
1.319000E-7	5.236500E-3
1.319500E-7	5.203954E-3
1.320000E-7	5.185112E-3
1.320500E-7	5.186824E-3
1.321000E-7	5.207380E-3
1.321500E-7	5.226222E-3
1.322000E-7	5.243352E-3
1.322500E-7	5.270759E-3
1.323000E-7	5.305018E-3
1.323500E-7	5.327286E-3
1.324000E-7	5.344416E-3
1.324500E-7	5.364971E-3
1.325000E-7	5.390666E-3
1.325500E-7	5.412934E-3
1.326000E-7	5.442054E-3
1.326500E-7	5.474600E-3
1.327000E-7	5.496868E-3
1.327500E-7	5.508859E-3
1.328000E-7	5.515711E-3
1.328500E-7	5.505433E-3
1.329000E-7	5.478026E-3
1.329500E-7	5.430063E-3
1.330000E-7	5.368397E-3
1.330500E-7	5.306731E-3
1.331000E-7	5.258768E-3
1.331500E-7	5.222796E-3
1.332000E-7	5.190250E-3
1.332500E-7	5.174834E-3
1.333000E-7	5.190250E-3
1.333500E-7	5.224509E-3
1.334000E-7	5.269046E-3
1.334500E-7	5.328999E-3
1.335000E-7	5.387240E-3
1.335500E-7	5.433489E-3
1.336000E-7	5.474600E-3
1.336500E-7	5.507146E-3
1.337000E-7	5.520850E-3
1.337500E-7	5.519137E-3
1.338000E-7	5.513998E-3
1.338500E-7	5.502007E-3
1.339000E-7	5.472887E-3
1.339500E-7	5.426637E-3
1.340000E-7	5.380388E-3
1.340500E-7	5.351268E-3
1.341000E-7	5.346129E-3
1.341500E-7	5.354694E-3
1.342000E-7	5.370110E-3
1.342500E-7	5.394091E-3
1.343000E-7	5.424925E-3
1.343500E-7	5.457471E-3
1.344000E-7	5.488304E-3
1.344500E-7	5.517424E-3
1.345000E-7	5.537979E-3
1.345500E-7	5.546544E-3
1.346000E-7	5.534553E-3
1.346500E-7	5.498581E-3
1.347000E-7	5.443767E-3
1.347500E-7	5.383814E-3
1.348000E-7	5.323860E-3
1.348500E-7	5.262194E-3
1.349000E-7	5.197102E-3
1.349500E-7	5.135436E-3
1.350000E-7	5.087473E-3
1.350500E-7	5.066918E-3
1.351000E-7	5.070344E-3
1.351500E-7	5.087473E-3
1.352000E-7	5.114881E-3
1.352500E-7	5.161130E-3
1.353000E-7	5.209093E-3
1.353500E-7	5.260481E-3
1.354000E-7	5.317009E-3
1.354500E-7	5.358119E-3
1.355000E-7	5.364971E-3
1.355500E-7	5.349555E-3
1.356000E-7	5.332425E-3
1.356500E-7	5.303305E-3
1.357000E-7	5.250204E-3
1.357500E-7	5.190250E-3
1.358000E-7	5.145714E-3
1.358500E-7	5.109742E-3
1.359000E-7	5.084047E-3
1.359500E-7	5.075483E-3
1.360000E-7	5.089186E-3
1.360500E-7	5.123445E-3
1.361000E-7	5.167982E-3
1.361500E-7	5.210806E-3
1.362000E-7	5.246778E-3
1.362500E-7	5.282750E-3
1.363000E-7	5.318722E-3
1.363500E-7	5.339277E-3
1.364000E-7	5.347842E-3
1.364500E-7	5.351268E-3
1.365000E-7	5.344416E-3
1.365500E-7	5.323860E-3
1.366000E-7	5.311870E-3
1.366500E-7	5.310157E-3
1.367000E-7	5.315296E-3
1.367500E-7	5.327286E-3
1.368000E-7	5.349555E-3
1.368500E-7	5.368397E-3
1.369000E-7	5.375249E-3
1.369500E-7	5.383814E-3
1.370000E-7	5.394091E-3
1.370500E-7	5.395804E-3
1.371000E-7	5.388953E-3
1.371500E-7	5.380388E-3
1.372000E-7	5.370110E-3
1.372500E-7	5.351268E-3
1.373000E-7	5.334138E-3
1.373500E-7	5.327286E-3
1.374000E-7	5.320435E-3
1.374500E-7	5.303305E-3
1.375000E-7	5.287889E-3
1.375500E-7	5.286176E-3
1.376000E-7	5.284463E-3
1.376500E-7	5.279324E-3
1.377000E-7	5.267333E-3
1.377500E-7	5.243352E-3
1.378000E-7	5.209093E-3
1.378500E-7	5.179973E-3
1.379000E-7	5.157704E-3
1.379500E-7	5.133723E-3
1.380000E-7	5.116593E-3
1.380500E-7	5.108029E-3
1.381000E-7	5.111455E-3
1.381500E-7	5.130297E-3
1.382000E-7	5.173121E-3
1.382500E-7	5.233074E-3
1.383000E-7	5.303305E-3
1.383500E-7	5.375249E-3
1.384000E-7	5.438628E-3
1.384500E-7	5.488304E-3
1.385000E-7	5.527702E-3
1.385500E-7	5.541405E-3
1.386000E-7	5.522563E-3
1.386500E-7	5.481452E-3
1.387000E-7	5.421499E-3
1.387500E-7	5.349555E-3
1.388000E-7	5.269046E-3
1.388500E-7	5.185112E-3
1.389000E-7	5.108029E-3
1.389500E-7	5.049788E-3
1.390000E-7	5.012104E-3
1.390500E-7	4.991548E-3
1.391000E-7	4.986409E-3
1.391500E-7	5.005252E-3
1.392000E-7	5.037798E-3
1.392500E-7	5.072057E-3
1.393000E-7	5.102890E-3
1.393500E-7	5.130297E-3
1.394000E-7	5.154278E-3
1.394500E-7	5.173121E-3
1.395000E-7	5.178260E-3
1.395500E-7	5.171408E-3
1.396000E-7	5.159417E-3
1.396500E-7	5.138862E-3
1.397000E-7	5.102890E-3
1.397500E-7	5.056640E-3
1.398000E-7	5.008678E-3
1.398500E-7	4.964141E-3
1.399000E-7	4.924743E-3
1.399500E-7	4.892197E-3
1.400000E-7	4.866503E-3
1.400500E-7	4.842521E-3
1.401000E-7	4.820253E-3
1.401500E-7	4.803124E-3
1.402000E-7	4.801411E-3
1.402500E-7	4.808262E-3
1.403000E-7	4.808262E-3
1.403500E-7	4.809975E-3
1.404000E-7	4.828818E-3
1.404500E-7	4.856225E-3
1.405000E-7	4.869929E-3
1.405500E-7	4.878493E-3
1.406000E-7	4.897336E-3
1.406500E-7	4.923030E-3
1.407000E-7	4.955576E-3
1.407500E-7	4.986409E-3
1.408000E-7	5.006965E-3
1.408500E-7	5.024094E-3
1.409000E-7	5.046363E-3
1.409500E-7	5.073770E-3
1.410000E-7	5.102890E-3
1.410500E-7	5.144001E-3
1.411000E-7	5.190250E-3
1.411500E-7	5.227935E-3
1.412000E-7	5.274185E-3
1.412500E-7	5.323860E-3
1.413000E-7	5.347842E-3
1.413500E-7	5.354694E-3
1.414000E-7	5.368397E-3
1.414500E-7	5.373536E-3
1.415000E-7	5.339277E-3
1.415500E-7	5.281037E-3
1.416000E-7	5.209093E-3
1.416500E-7	5.106316E-3
1.417000E-7	4.974419E-3
1.417500E-7	4.837383E-3
1.418000E-7	4.705485E-3
1.418500E-7	4.575301E-3
1.419000E-7	4.458821E-3
1.419500E-7	4.374886E-3
1.420000E-7	4.326924E-3
1.420500E-7	4.306368E-3
1.421000E-7	4.311507E-3
1.421500E-7	4.356044E-3
1.422000E-7	4.427988E-3
1.422500E-7	4.508496E-3
1.423000E-7	4.594144E-3
1.423500E-7	4.691782E-3
1.424000E-7	4.787707E-3
1.424500E-7	4.863077E-3
1.425000E-7	4.907614E-3
1.425500E-7	4.929882E-3
1.426000E-7	4.943586E-3
1.426500E-7	4.947011E-3
1.427000E-7	4.929882E-3
1.427500E-7	4.909327E-3
1.428000E-7	4.904188E-3
1.428500E-7	4.917891E-3
1.429000E-7	4.935021E-3
1.429500E-7	4.952150E-3
1.430000E-7	4.979557E-3
1.430500E-7	5.013816E-3
1.431000E-7	5.041224E-3
1.431500E-7	5.061779E-3
1.432000E-7	5.077196E-3
1.432500E-7	5.072057E-3
1.433000E-7	5.032659E-3
1.433500E-7	4.976132E-3
1.434000E-7	4.924743E-3
1.434500E-7	4.878493E-3
1.435000E-7	4.833957E-3
1.435500E-7	4.799698E-3
1.436000E-7	4.785994E-3
1.436500E-7	4.797985E-3
1.437000E-7	4.827105E-3
1.437500E-7	4.857938E-3
1.438000E-7	4.888771E-3
1.438500E-7	4.924743E-3
1.439000E-7	4.948724E-3
1.439500E-7	4.952150E-3
1.440000E-7	4.943586E-3
1.440500E-7	4.916178E-3
1.441000E-7	4.866503E-3
1.441500E-7	4.815114E-3
1.442000E-7	4.780855E-3
1.442500E-7	4.744883E-3
1.443000E-7	4.702060E-3
1.443500E-7	4.676365E-3
1.444000E-7	4.684930E-3
1.444500E-7	4.708911E-3
1.445000E-7	4.750022E-3
1.445500E-7	4.811688E-3
1.446000E-7	4.883632E-3
1.446500E-7	4.955576E-3
1.447000E-7	5.006965E-3
1.447500E-7	5.036085E-3
1.448000E-7	5.056640E-3
1.448500E-7	5.068631E-3
1.449000E-7	5.061779E-3
1.449500E-7	5.036085E-3
1.450000E-7	5.005252E-3
1.450500E-7	4.965854E-3
1.451000E-7	4.914465E-3
1.451500E-7	4.857938E-3
1.452000E-7	4.803124E-3
1.452500E-7	4.760300E-3
1.453000E-7	4.734606E-3
1.453500E-7	4.719189E-3
1.454000E-7	4.712337E-3
1.454500E-7	4.731180E-3
1.455000E-7	4.774003E-3
1.455500E-7	4.809975E-3
1.456000E-7	4.837383E-3
1.456500E-7	4.880206E-3
1.457000E-7	4.938447E-3
1.457500E-7	4.981270E-3
1.458000E-7	5.008678E-3
1.458500E-7	5.034372E-3
1.459000E-7	5.051501E-3
1.459500E-7	5.058353E-3
1.460000E-7	5.068631E-3
1.460500E-7	5.078909E-3
1.461000E-7	5.087473E-3
1.461500E-7	5.099464E-3
1.462000E-7	5.109742E-3
1.462500E-7	5.104603E-3
1.463000E-7	5.096038E-3
1.463500E-7	5.084047E-3
1.464000E-7	5.056640E-3
1.464500E-7	5.018955E-3
1.465000E-7	4.974419E-3
1.465500E-7	4.914465E-3
1.466000E-7	4.842521E-3
1.466500E-7	4.765439E-3
1.467000E-7	4.684930E-3
1.467500E-7	4.611273E-3
1.468000E-7	4.561598E-3
1.468500E-7	4.525626E-3
1.469000E-7	4.499931E-3
1.469500E-7	4.501644E-3
1.470000E-7	4.535903E-3
1.470500E-7	4.575301E-3
1.471000E-7	4.621551E-3
1.471500E-7	4.683217E-3
1.472000E-7	4.741457E-3
1.472500E-7	4.775716E-3
1.473000E-7	4.797985E-3
1.473500E-7	4.818540E-3
1.474000E-7	4.827105E-3
1.474500E-7	4.821966E-3
1.475000E-7	4.818540E-3
1.475500E-7	4.816827E-3
1.476000E-7	4.808262E-3
1.476500E-7	4.803124E-3
1.477000E-7	4.809975E-3
1.477500E-7	4.818540E-3
1.478000E-7	4.820253E-3
1.478500E-7	4.828818E-3
1.479000E-7	4.840809E-3
1.479500E-7	4.844234E-3
1.480000E-7	4.828818E-3
1.480500E-7	4.794559E-3
1.481000E-7	4.739744E-3
1.481500E-7	4.674652E-3
1.482000E-7	4.611273E-3
1.482500E-7	4.549607E-3
1.483000E-7	4.486228E-3
1.483500E-7	4.429701E-3
1.484000E-7	4.398867E-3
1.484500E-7	4.398867E-3
1.485000E-7	4.429701E-3
1.485500E-7	4.486228E-3
1.486000E-7	4.561598E-3
1.486500E-7	4.642106E-3
1.487000E-7	4.724328E-3
1.487500E-7	4.815114E-3
1.488000E-7	4.899049E-3
1.488500E-7	4.952150E-3
1.489000E-7	4.969280E-3
1.489500E-7	4.962428E-3
1.490000E-7	4.923030E-3
1.490500E-7	4.842521E-3
1.491000E-7	4.746596E-3
1.491500E-7	4.650671E-3
1.492000E-7	4.553033E-3
1.492500E-7	4.467385E-3
1.493000E-7	4.409145E-3
1.493500E-7	4.368034E-3
1.494000E-7	4.349192E-3
1.494500E-7	4.371460E-3
1.495000E-7	4.422849E-3
1.495500E-7	4.469098E-3
1.496000E-7	4.515348E-3
1.496500E-7	4.578727E-3
1.497000E-7	4.650671E-3
1.497500E-7	4.708911E-3
1.498000E-7	4.748309E-3
1.498500E-7	4.780855E-3
1.499000E-7	4.799698E-3
1.499500E-7	4.787707E-3
1.500000E-7	4.739744E-3
1.500500E-7	4.666088E-3
1.501000E-7	4.577014E-3
1.501500E-7	4.469098E-3
1.502000E-7	4.354331E-3
1.502500E-7	4.246415E-3
1.503000E-7	4.165906E-3
1.503500E-7	4.124795E-3
1.504000E-7	4.116231E-3
1.504500E-7	4.145351E-3
1.505000E-7	4.212156E-3
1.505500E-7	4.311507E-3
1.506000E-7	4.431413E-3
1.506500E-7	4.565024E-3
1.507000E-7	4.688356E-3
1.507500E-7	4.774003E-3
1.508000E-7	4.828818E-3
1.508500E-7	4.857938E-3
1.509000E-7	4.840809E-3
1.509500E-7	4.777429E-3
1.510000E-7	4.690069E-3
1.510500E-7	4.585579E-3
1.511000E-7	4.472524E-3
1.511500E-7	4.374886E-3
1.512000E-7	4.306368E-3
1.512500E-7	4.260118E-3
1.513000E-7	4.237850E-3
1.513500E-7	4.249841E-3
1.514000E-7	4.277248E-3
1.514500E-7	4.321785E-3
1.515000E-7	4.393729E-3
1.515500E-7	4.469098E-3
1.516000E-7	4.530765E-3
1.516500E-7	4.582153E-3
1.517000E-7	4.630116E-3
1.517500E-7	4.659236E-3
1.518000E-7	4.669514E-3
1.518500E-7	4.667801E-3
1.519000E-7	4.655810E-3
1.519500E-7	4.628403E-3
1.520000E-7	4.585579E-3
1.520500E-7	4.537616E-3
1.521000E-7	4.491367E-3
1.521500E-7	4.455395E-3
1.522000E-7	4.421136E-3
1.522500E-7	4.395442E-3
1.523000E-7	4.398867E-3
1.523500E-7	4.426275E-3
1.524000E-7	4.465672E-3
1.524500E-7	4.515348E-3
1.525000E-7	4.568449E-3
1.525500E-7	4.619838E-3
1.526000E-7	4.667801E-3
1.526500E-7	4.710624E-3
1.527000E-7	4.724328E-3
1.527500E-7	4.708911E-3
1.528000E-7	4.681504E-3
1.528500E-7	4.640393E-3
1.529000E-7	4.575301E-3
1.529500E-7	4.499931E-3
1.530000E-7	4.422849E-3
1.530500E-7	4.352618E-3
1.531000E-7	4.296090E-3
1.531500E-7	4.265257E-3
1.532000E-7	4.261831E-3
1.532500E-7	4.282387E-3
1.533000E-7	4.321785E-3
1.533500E-7	4.381738E-3
1.534000E-7	4.455395E-3
1.534500E-7	4.527339E-3
1.535000E-7	4.590718E-3
1.535500E-7	4.645532E-3
1.536000E-7	4.684930E-3
1.536500E-7	4.695208E-3
1.537000E-7	4.679791E-3
1.537500E-7	4.654097E-3
1.538000E-7	4.621551E-3
1.538500E-7	4.571875E-3
1.539000E-7	4.510209E-3
1.539500E-7	4.445117E-3
1.540000E-7	4.385164E-3
1.540500E-7	4.330349E-3
1.541000E-7	4.280674E-3
1.541500E-7	4.241276E-3
1.542000E-7	4.217295E-3
1.542500E-7	4.210443E-3
1.543000E-7	4.219008E-3
1.543500E-7	4.246415E-3
1.544000E-7	4.282387E-3
1.544500E-7	4.320072E-3
1.545000E-7	4.373173E-3
1.545500E-7	4.446830E-3
1.546000E-7	4.520487E-3
1.546500E-7	4.582153E-3
1.547000E-7	4.635255E-3
1.547500E-7	4.676365E-3
1.548000E-7	4.690069E-3
1.548500E-7	4.688356E-3
1.549000E-7	4.678078E-3
1.549500E-7	4.647245E-3
1.550000E-7	4.594144E-3
1.550500E-7	4.542755E-3
1.551000E-7	4.503357E-3
1.551500E-7	4.477663E-3
1.552000E-7	4.477663E-3
1.552500E-7	4.496506E-3
1.553000E-7	4.520487E-3
1.553500E-7	4.556459E-3
1.554000E-7	4.606134E-3
1.554500E-7	4.652384E-3
1.555000E-7	4.676365E-3
1.555500E-7	4.684930E-3
1.556000E-7	4.671226E-3
1.556500E-7	4.640393E-3
1.557000E-7	4.595857E-3
1.557500E-7	4.537616E-3
1.558000E-7	4.469098E-3
1.558500E-7	4.410858E-3
1.559000E-7	4.368034E-3
1.559500E-7	4.330349E-3
1.560000E-7	4.306368E-3
1.560500E-7	4.287526E-3
1.561000E-7	4.260118E-3
1.561500E-7	4.227572E-3
1.562000E-7	4.201878E-3
1.562500E-7	4.169332E-3
1.563000E-7	4.129934E-3
1.563500E-7	4.090536E-3
1.564000E-7	4.052852E-3
1.564500E-7	4.010028E-3
1.565000E-7	3.968917E-3
1.565500E-7	3.941510E-3
1.566000E-7	3.938084E-3
1.566500E-7	3.962065E-3
1.567000E-7	4.010028E-3
1.567500E-7	4.063129E-3
1.568000E-7	4.121370E-3
1.568500E-7	4.183036E-3
1.569000E-7	4.229285E-3
1.569500E-7	4.260118E-3
1.570000E-7	4.284100E-3
1.570500E-7	4.292665E-3
1.571000E-7	4.278961E-3
1.571500E-7	4.273822E-3
1.572000E-7	4.289239E-3
1.572500E-7	4.306368E-3
1.573000E-7	4.308081E-3
1.573500E-7	4.309794E-3
1.574000E-7	4.313220E-3
1.574500E-7	4.299516E-3
1.575000E-7	4.273822E-3
1.575500E-7	4.244702E-3
1.576000E-7	4.212156E-3
1.576500E-7	4.176184E-3
1.577000E-7	4.141925E-3
1.577500E-7	4.107666E-3
1.578000E-7	4.080259E-3
1.578500E-7	4.081972E-3
1.579000E-7	4.112805E-3
1.579500E-7	4.159054E-3
1.580000E-7	4.222434E-3
1.580500E-7	4.314933E-3
1.581000E-7	4.417710E-3
1.581500E-7	4.501644E-3
1.582000E-7	4.559885E-3
1.582500E-7	4.600996E-3
1.583000E-7	4.618125E-3
1.583500E-7	4.599283E-3
1.584000E-7	4.547894E-3
1.584500E-7	4.474237E-3
1.585000E-7	4.371460E-3
1.585500E-7	4.241276E-3
1.586000E-7	4.114518E-3
1.586500E-7	3.999750E-3
1.587000E-7	3.898686E-3
1.587500E-7	3.828455E-3
1.588000E-7	3.799335E-3
1.588500E-7	3.799335E-3
1.589000E-7	3.819890E-3
1.589500E-7	3.864427E-3
1.590000E-7	3.931232E-3
1.590500E-7	4.003176E-3
1.591000E-7	4.076833E-3
1.591500E-7	4.152203E-3
1.592000E-7	4.219008E-3
1.592500E-7	4.268683E-3
1.593000E-7	4.301229E-3
1.593500E-7	4.314933E-3
1.594000E-7	4.308081E-3
1.594500E-7	4.280674E-3
1.595000E-7	4.236137E-3
1.595500E-7	4.177897E-3
1.596000E-7	4.109379E-3
1.596500E-7	4.044287E-3
1.597000E-7	3.994611E-3
1.597500E-7	3.958639E-3
1.598000E-7	3.931232E-3
1.598500E-7	3.912390E-3
1.599000E-7	3.915816E-3
1.599500E-7	3.951787E-3
1.600000E-7	3.998037E-3
1.600500E-7	4.040861E-3
1.601000E-7	4.093962E-3
1.601500E-7	4.155629E-3
1.602000E-7	4.208730E-3
1.602500E-7	4.241276E-3
1.603000E-7	4.260118E-3
1.603500E-7	4.260118E-3
1.604000E-7	4.239563E-3
1.604500E-7	4.208730E-3
1.605000E-7	4.179610E-3
1.605500E-7	4.150490E-3
1.606000E-7	4.119657E-3
1.606500E-7	4.104240E-3
1.607000E-7	4.105953E-3
1.607500E-7	4.116231E-3
1.608000E-7	4.121370E-3
1.608500E-7	4.124795E-3
1.609000E-7	4.126508E-3
1.609500E-7	4.129934E-3
1.610000E-7	4.140212E-3
1.610500E-7	4.147064E-3
1.611000E-7	4.140212E-3
1.611500E-7	4.135073E-3
1.612000E-7	4.150490E-3
1.612500E-7	4.167619E-3
1.613000E-7	4.172758E-3
1.613500E-7	4.184749E-3
1.614000E-7	4.207017E-3
1.614500E-7	4.219008E-3
1.615000E-7	4.220721E-3
1.615500E-7	4.225859E-3
1.616000E-7	4.224147E-3
1.616500E-7	4.210443E-3
1.617000E-7	4.186462E-3
1.617500E-7	4.157341E-3
1.618000E-7	4.129934E-3
1.618500E-7	4.114518E-3
1.619000E-7	4.116231E-3
1.619500E-7	4.129934E-3
1.620000E-7	4.157341E-3
1.620500E-7	4.184749E-3
1.621000E-7	4.205304E-3
1.621500E-7	4.229285E-3
1.622000E-7	4.254980E-3
1.622500E-7	4.268683E-3
1.623000E-7	4.261831E-3
1.623500E-7	4.249841E-3
1.624000E-7	4.225859E-3
1.624500E-7	4.189888E-3
1.625000E-7	4.150490E-3
1.625500E-7	4.117944E-3
1.626000E-7	4.093962E-3
1.626500E-7	4.081972E-3
1.627000E-7	4.085398E-3
1.627500E-7	4.090536E-3
1.628000E-7	4.095675E-3
1.628500E-7	4.109379E-3
1.629000E-7	4.129934E-3
1.629500E-7	4.143638E-3
1.630000E-7	4.150490E-3
1.630500E-7	4.159054E-3
1.631000E-7	4.169332E-3
1.631500E-7	4.174471E-3
1.632000E-7	4.174471E-3
1.632500E-7	4.164193E-3
1.633000E-7	4.155629E-3
1.633500E-7	4.164193E-3
1.634000E-7	4.186462E-3
1.634500E-7	4.201878E-3
1.635000E-7	4.217295E-3
1.635500E-7	4.249841E-3
1.636000E-7	4.289239E-3
1.636500E-7	4.308081E-3
1.637000E-7	4.311507E-3
1.637500E-7	4.297803E-3
1.638000E-7	4.258406E-3
1.638500E-7	4.201878E-3
1.639000E-7	4.147064E-3
1.639500E-7	4.095675E-3
1.640000E-7	4.040861E-3
1.640500E-7	3.998037E-3
1.641000E-7	3.977482E-3
1.641500E-7	3.986046E-3
1.642000E-7	4.013454E-3
1.642500E-7	4.046000E-3
1.643000E-7	4.080259E-3
1.643500E-7	4.111092E-3
1.644000E-7	4.126508E-3
1.644500E-7	4.124795E-3
1.645000E-7	4.109379E-3
1.645500E-7	4.076833E-3
1.646000E-7	4.023731E-3
1.646500E-7	3.960352E-3
1.647000E-7	3.893547E-3
1.647500E-7	3.819890E-3
1.648000E-7	3.747946E-3
1.648500E-7	3.686280E-3
1.649000E-7	3.624614E-3
1.649500E-7	3.574938E-3
1.650000E-7	3.550957E-3
1.650500E-7	3.538967E-3
1.651000E-7	3.525263E-3
1.651500E-7	3.526976E-3
1.652000E-7	3.561235E-3
1.652500E-7	3.614336E-3
1.653000E-7	3.681141E-3
1.653500E-7	3.759937E-3
1.654000E-7	3.849010E-3
1.654500E-7	3.948362E-3
1.655000E-7	4.044287E-3
1.655500E-7	4.128221E-3
1.656000E-7	4.191600E-3
1.656500E-7	4.241276E-3
1.657000E-7	4.263544E-3
1.657500E-7	4.248128E-3
1.658000E-7	4.205304E-3
1.658500E-7	4.145351E-3
1.659000E-7	4.068268E-3
1.659500E-7	3.975769E-3
1.660000E-7	3.881557E-3
1.660500E-7	3.801048E-3
1.661000E-7	3.730817E-3
1.661500E-7	3.672577E-3
1.662000E-7	3.634892E-3
1.662500E-7	3.636605E-3
1.663000E-7	3.665725E-3
1.663500E-7	3.701697E-3
1.664000E-7	3.751372E-3
1.664500E-7	3.828455E-3
1.665000E-7	3.915816E-3
1.665500E-7	3.989472E-3
1.666000E-7	4.056277E-3
1.666500E-7	4.117944E-3
1.667000E-7	4.165906E-3
1.667500E-7	4.200165E-3
1.668000E-7	4.229285E-3
1.668500E-7	4.256693E-3
1.669000E-7	4.277248E-3
1.669500E-7	4.296090E-3
1.670000E-7	4.311507E-3
1.670500E-7	4.309794E-3
1.671000E-7	4.289239E-3
1.671500E-7	4.268683E-3
1.672000E-7	4.253267E-3
1.672500E-7	4.220721E-3
1.673000E-7	4.165906E-3
1.673500E-7	4.100814E-3
1.674000E-7	4.039148E-3
1.674500E-7	3.982621E-3
1.675000E-7	3.934658E-3
1.675500E-7	3.902112E-3
1.676000E-7	3.886695E-3
1.676500E-7	3.884982E-3
1.677000E-7	3.902112E-3
1.677500E-7	3.938084E-3
1.678000E-7	3.998037E-3
1.678500E-7	4.059703E-3
1.679000E-7	4.102527E-3
1.679500E-7	4.129934E-3
1.680000E-7	4.150490E-3
1.680500E-7	4.159054E-3
1.681000E-7	4.138499E-3
1.681500E-7	4.099101E-3
1.682000E-7	4.054564E-3
1.682500E-7	4.008315E-3
1.683000E-7	3.962065E-3
1.683500E-7	3.922667E-3
1.684000E-7	3.903825E-3
1.684500E-7	3.912390E-3
1.685000E-7	3.929519E-3
1.685500E-7	3.953500E-3
1.686000E-7	3.992898E-3
1.686500E-7	4.039148E-3
1.687000E-7	4.076833E-3
1.687500E-7	4.116231E-3
1.688000E-7	4.155629E-3
1.688500E-7	4.176184E-3
1.689000E-7	4.176184E-3
1.689500E-7	4.177897E-3
1.690000E-7	4.172758E-3
1.690500E-7	4.141925E-3
1.691000E-7	4.100814E-3
1.691500E-7	4.063129E-3
1.692000E-7	4.022018E-3
1.692500E-7	3.982621E-3
1.693000E-7	3.953500E-3
1.693500E-7	3.932945E-3
1.694000E-7	3.924380E-3
1.694500E-7	3.929519E-3
1.695000E-7	3.948362E-3
1.695500E-7	3.984334E-3
1.696000E-7	4.030583E-3
1.696500E-7	4.069981E-3
1.697000E-7	4.095675E-3
1.697500E-7	4.117944E-3
1.698000E-7	4.128221E-3
1.698500E-7	4.121370E-3
1.699000E-7	4.100814E-3
1.699500E-7	4.064842E-3
1.700000E-7	4.006602E-3
1.700500E-7	3.932945E-3
1.701000E-7	3.857575E-3
1.701500E-7	3.794196E-3
1.702000E-7	3.747946E-3
1.702500E-7	3.717113E-3
1.703000E-7	3.703410E-3
1.703500E-7	3.705123E-3
1.704000E-7	3.727391E-3
1.704500E-7	3.765076E-3
1.705000E-7	3.807900E-3
1.705500E-7	3.855862E-3
1.706000E-7	3.910677E-3
1.706500E-7	3.958639E-3
1.707000E-7	3.996324E-3
1.707500E-7	4.025444E-3
1.708000E-7	4.039148E-3
1.708500E-7	4.049426E-3
1.709000E-7	4.057990E-3
1.709500E-7	4.052852E-3
1.710000E-7	4.037435E-3
1.710500E-7	4.032296E-3
1.711000E-7	4.032296E-3
1.711500E-7	4.015167E-3
1.712000E-7	3.994611E-3
1.712500E-7	3.994611E-3
1.713000E-7	3.991185E-3
1.713500E-7	3.970630E-3
1.714000E-7	3.948362E-3
1.714500E-7	3.939797E-3
1.715000E-7	3.929519E-3
1.715500E-7	3.910677E-3
1.716000E-7	3.884982E-3
1.716500E-7	3.861001E-3
1.717000E-7	3.843872E-3
1.717500E-7	3.835307E-3
1.718000E-7	3.833594E-3
1.718500E-7	3.840446E-3
1.719000E-7	3.855862E-3
1.719500E-7	3.879844E-3
1.720000E-7	3.917528E-3
1.720500E-7	3.965491E-3
1.721000E-7	4.010028E-3
1.721500E-7	4.047713E-3
1.722000E-7	4.085398E-3
1.722500E-7	4.109379E-3
1.723000E-7	4.111092E-3
1.723500E-7	4.087111E-3
1.724000E-7	4.044287E-3
1.724500E-7	3.994611E-3
1.725000E-7	3.936371E-3
1.725500E-7	3.867853E-3
1.726000E-7	3.802761E-3
1.726500E-7	3.761650E-3
1.727000E-7	3.737669E-3
1.727500E-7	3.729104E-3
1.728000E-7	3.753085E-3
1.728500E-7	3.813039E-3
1.729000E-7	3.886695E-3
1.729500E-7	3.958639E-3
1.730000E-7	4.023731E-3
1.730500E-7	4.068268E-3
1.731000E-7	4.081972E-3
1.731500E-7	4.066555E-3
1.732000E-7	4.008315E-3
1.732500E-7	3.914103E-3
1.733000E-7	3.804474E-3
1.733500E-7	3.682854E-3
1.734000E-7	3.549244E-3
1.734500E-7	3.427625E-3
1.735000E-7	3.341977E-3
1.735500E-7	3.283737E-3
1.736000E-7	3.256330E-3
1.736500E-7	3.280311E-3
1.737000E-7	3.338551E-3
1.737500E-7	3.400218E-3
1.738000E-7	3.467023E-3
1.738500E-7	3.542392E-3
1.739000E-7	3.597207E-3
1.739500E-7	3.614336E-3
1.740000E-7	3.610910E-3
1.740500E-7	3.597207E-3
1.741000E-7	3.564661E-3
1.741500E-7	3.525263E-3
1.742000E-7	3.492717E-3
1.742500E-7	3.470448E-3
1.743000E-7	3.460171E-3
1.743500E-7	3.461884E-3
1.744000E-7	3.480726E-3
1.744500E-7	3.523550E-3
1.745000E-7	3.588642E-3
1.745500E-7	3.660586E-3
1.746000E-7	3.727391E-3
1.746500E-7	3.790770E-3
1.747000E-7	3.847298E-3
1.747500E-7	3.893547E-3
1.748000E-7	3.917528E-3
1.748500E-7	3.912390E-3
1.749000E-7	3.879844E-3
1.749500E-7	3.840446E-3
1.750000E-7	3.795909E-3
1.750500E-7	3.732530E-3
1.751000E-7	3.665725E-3
1.751500E-7	3.607485E-3
1.752000E-7	3.557809E-3
1.752500E-7	3.509846E-3
1.753000E-7	3.477300E-3
1.753500E-7	3.463597E-3
1.754000E-7	3.458458E-3
1.754500E-7	3.456745E-3
1.755000E-7	3.465310E-3
1.755500E-7	3.479013E-3
1.756000E-7	3.487578E-3
1.756500E-7	3.489291E-3
1.757000E-7	3.489291E-3
1.757500E-7	3.492717E-3
1.758000E-7	3.496143E-3
1.758500E-7	3.497856E-3
1.759000E-7	3.509846E-3
1.759500E-7	3.521837E-3
1.760000E-7	3.523550E-3
1.760500E-7	3.523550E-3
1.761000E-7	3.532115E-3
1.761500E-7	3.537254E-3
1.762000E-7	3.528689E-3
1.762500E-7	3.513272E-3
1.763000E-7	3.499569E-3
1.763500E-7	3.497856E-3
1.764000E-7	3.511559E-3
1.764500E-7	3.537254E-3
1.765000E-7	3.557809E-3
1.765500E-7	3.574938E-3
1.766000E-7	3.592068E-3
1.766500E-7	3.616049E-3
1.767000E-7	3.640031E-3
1.767500E-7	3.658873E-3
1.768000E-7	3.670864E-3
1.768500E-7	3.681141E-3
1.769000E-7	3.693132E-3
1.769500E-7	3.699984E-3
1.770000E-7	3.699984E-3
1.770500E-7	3.701697E-3
1.771000E-7	3.710262E-3
1.771500E-7	3.723965E-3
1.772000E-7	3.739382E-3
1.772500E-7	3.768502E-3
1.773000E-7	3.811326E-3
1.773500E-7	3.852436E-3
1.774000E-7	3.883269E-3
1.774500E-7	3.905538E-3
1.775000E-7	3.917528E-3
1.775500E-7	3.912390E-3
1.776000E-7	3.891834E-3
1.776500E-7	3.857575E-3
1.777000E-7	3.814751E-3
1.777500E-7	3.761650E-3
1.778000E-7	3.706836E-3
1.778500E-7	3.657160E-3
1.779000E-7	3.605772E-3
1.779500E-7	3.554383E-3
1.780000E-7	3.521837E-3
1.780500E-7	3.514985E-3
1.781000E-7	3.521837E-3
1.781500E-7	3.533828E-3
1.782000E-7	3.562948E-3
1.782500E-7	3.597207E-3
1.783000E-7	3.617762E-3
1.783500E-7	3.622901E-3
1.784000E-7	3.609197E-3
1.784500E-7	3.571513E-3
1.785000E-7	3.521837E-3
1.785500E-7	3.472161E-3
1.786000E-7	3.420773E-3
1.786500E-7	3.374523E-3
1.787000E-7	3.347116E-3
1.787500E-7	3.336838E-3
1.788000E-7	3.336838E-3
1.788500E-7	3.360820E-3
1.789000E-7	3.398505E-3
1.789500E-7	3.424199E-3
1.790000E-7	3.446467E-3
1.790500E-7	3.472161E-3
1.791000E-7	3.484152E-3
1.791500E-7	3.477300E-3
1.792000E-7	3.467023E-3
1.792500E-7	3.460171E-3
1.793000E-7	3.461884E-3
1.793500E-7	3.477300E-3
1.794000E-7	3.513272E-3
1.794500E-7	3.573226E-3
1.795000E-7	3.653734E-3
1.795500E-7	3.737669E-3
1.796000E-7	3.801048E-3
1.796500E-7	3.840446E-3
1.797000E-7	3.857575E-3
1.797500E-7	3.842159E-3
1.798000E-7	3.792483E-3
1.798500E-7	3.717113E-3
1.799000E-7	3.626327E-3
1.799500E-7	3.528689E-3
1.800000E-7	3.432764E-3
1.800500E-7	3.348829E-3
1.801000E-7	3.294015E-3
1.801500E-7	3.266607E-3
1.802000E-7	3.252904E-3
1.802500E-7	3.252904E-3
1.803000E-7	3.271746E-3
1.803500E-7	3.300866E-3
1.804000E-7	3.328274E-3
1.804500E-7	3.359107E-3
1.805000E-7	3.388227E-3
1.805500E-7	3.412208E-3
1.806000E-7	3.437902E-3
1.806500E-7	3.470448E-3
1.807000E-7	3.509846E-3
1.807500E-7	3.556096E-3
1.808000E-7	3.614336E-3
1.808500E-7	3.681141E-3
1.809000E-7	3.747946E-3
1.809500E-7	3.804474E-3
1.810000E-7	3.843872E-3
1.810500E-7	3.864427E-3
1.811000E-7	3.862714E-3
1.811500E-7	3.821603E-3
1.812000E-7	3.746233E-3
1.812500E-7	3.652021E-3
1.813000E-7	3.547531E-3
1.813500E-7	3.436189E-3
1.814000E-7	3.329987E-3
1.814500E-7	3.242626E-3
1.815000E-7	3.175821E-3
1.815500E-7	3.132997E-3
1.816000E-7	3.115868E-3
1.816500E-7	3.115868E-3
1.817000E-7	3.141562E-3
1.817500E-7	3.192951E-3
1.818000E-7	3.258043E-3
1.818500E-7	3.328274E-3
1.819000E-7	3.403643E-3
1.819500E-7	3.479013E-3
1.820000E-7	3.542392E-3
1.820500E-7	3.597207E-3
1.821000E-7	3.653734E-3
1.821500E-7	3.699984E-3
1.822000E-7	3.723965E-3
1.822500E-7	3.732530E-3
1.823000E-7	3.739382E-3
1.823500E-7	3.732530E-3
1.824000E-7	3.699984E-3
1.824500E-7	3.658873E-3
1.825000E-7	3.617762E-3
1.825500E-7	3.571513E-3
1.826000E-7	3.513272E-3
1.826500E-7	3.453319E-3
1.827000E-7	3.403643E-3
1.827500E-7	3.362533E-3
1.828000E-7	3.323135E-3
1.828500E-7	3.288876E-3
1.829000E-7	3.264894E-3
1.829500E-7	3.258043E-3
1.830000E-7	3.263182E-3
1.830500E-7	3.275172E-3
1.831000E-7	3.292302E-3
1.831500E-7	3.312857E-3
1.832000E-7	3.331700E-3
1.832500E-7	3.345403E-3
1.833000E-7	3.343690E-3
1.833500E-7	3.317996E-3
1.834000E-7	3.285450E-3
1.834500E-7	3.259756E-3
1.835000E-7	3.228923E-3
1.835500E-7	3.179247E-3
1.836000E-7	3.126146E-3
1.836500E-7	3.081609E-3
1.837000E-7	3.049063E-3
1.837500E-7	3.023369E-3
1.838000E-7	3.011378E-3
1.838500E-7	3.026794E-3
1.839000E-7	3.064479E-3
1.839500E-7	3.109016E-3
1.840000E-7	3.160405E-3
1.840500E-7	3.232348E-3
1.841000E-7	3.304292E-3
1.841500E-7	3.357394E-3
1.842000E-7	3.388227E-3
1.842500E-7	3.401930E-3
1.843000E-7	3.393366E-3
1.843500E-7	3.364246E-3
1.844000E-7	3.326561E-3
1.844500E-7	3.292302E-3
1.845000E-7	3.266607E-3
1.845500E-7	3.251191E-3
1.846000E-7	3.237487E-3
1.846500E-7	3.234061E-3
1.847000E-7	3.246052E-3
1.847500E-7	3.264894E-3
1.848000E-7	3.273459E-3
1.848500E-7	3.282024E-3
1.849000E-7	3.295728E-3
1.849500E-7	3.294015E-3
1.850000E-7	3.273459E-3
1.850500E-7	3.240913E-3
1.851000E-7	3.203228E-3
1.851500E-7	3.172395E-3
1.852000E-7	3.150127E-3
1.852500E-7	3.134710E-3
1.853000E-7	3.134710E-3
1.853500E-7	3.158692E-3
1.854000E-7	3.194664E-3
1.854500E-7	3.230635E-3
1.855000E-7	3.278598E-3
1.855500E-7	3.340264E-3
1.856000E-7	3.400218E-3
1.856500E-7	3.455032E-3
1.857000E-7	3.521837E-3
1.857500E-7	3.590355E-3
1.858000E-7	3.645169E-3
1.858500E-7	3.689706E-3
1.859000E-7	3.720539E-3
1.859500E-7	3.730817E-3
1.860000E-7	3.711974E-3
1.860500E-7	3.670864E-3
1.861000E-7	3.616049E-3
1.861500E-7	3.542392E-3
1.862000E-7	3.444754E-3
1.862500E-7	3.331700E-3
1.863000E-7	3.223784E-3
1.863500E-7	3.143275E-3
1.864000E-7	3.086748E-3
1.864500E-7	3.047350E-3
1.865000E-7	3.031933E-3
1.865500E-7	3.054202E-3
1.866000E-7	3.107303E-3
1.866500E-7	3.177534E-3
1.867000E-7	3.270033E-3
1.867500E-7	3.372810E-3
1.868000E-7	3.455032E-3
1.868500E-7	3.506420E-3
1.869000E-7	3.540679E-3
1.869500E-7	3.557809E-3
1.870000E-7	3.550957E-3
1.870500E-7	3.523550E-3
1.871000E-7	3.485865E-3
1.871500E-7	3.436189E-3
1.872000E-7	3.376236E-3
1.872500E-7	3.309431E-3
1.873000E-7	3.246052E-3
1.873500E-7	3.199802E-3
1.874000E-7	3.170682E-3
1.874500E-7	3.146701E-3
1.875000E-7	3.136423E-3
1.875500E-7	3.138136E-3
1.876000E-7	3.146701E-3
1.876500E-7	3.155266E-3
1.877000E-7	3.165543E-3
1.877500E-7	3.177534E-3
1.878000E-7	3.179247E-3
1.878500E-7	3.167256E-3
1.879000E-7	3.141562E-3
1.879500E-7	3.107303E-3
1.880000E-7	3.071331E-3
1.880500E-7	3.037072E-3
1.881000E-7	3.007952E-3
1.881500E-7	2.983971E-3
1.882000E-7	2.973693E-3
1.882500E-7	2.982258E-3
1.883000E-7	3.002813E-3
1.883500E-7	3.040498E-3
1.884000E-7	3.098738E-3
1.884500E-7	3.175821E-3
1.885000E-7	3.249478E-3
1.885500E-7	3.304292E-3
1.886000E-7	3.345403E-3
1.886500E-7	3.371097E-3
1.887000E-7	3.367671E-3
1.887500E-7	3.333412E-3
1.888000E-7	3.283737E-3
1.888500E-7	3.227210E-3
1.889000E-7	3.163830E-3
1.889500E-7	3.102164E-3
1.890000E-7	3.050776E-3
1.890500E-7	3.006239E-3
1.891000E-7	2.971980E-3
1.891500E-7	2.965128E-3
1.892000E-7	2.983971E-3
1.892500E-7	3.007952E-3
1.893000E-7	3.030220E-3
1.893500E-7	3.061053E-3
1.894000E-7	3.107303E-3
1.894500E-7	3.150127E-3
1.895000E-7	3.170682E-3
1.895500E-7	3.182673E-3
1.896000E-7	3.204941E-3
1.896500E-7	3.240913E-3
1.897000E-7	3.276885E-3
1.897500E-7	3.314570E-3
1.898000E-7	3.357394E-3
1.898500E-7	3.388227E-3
1.899000E-7	3.408782E-3
1.899500E-7	3.431051E-3
1.900000E-7	3.453319E-3
1.900500E-7	3.461884E-3
1.901000E-7	3.463597E-3
1.901500E-7	3.463597E-3
1.902000E-7	3.451606E-3
1.902500E-7	3.431051E-3
1.903000E-7	3.408782E-3
1.903500E-7	3.381375E-3
1.904000E-7	3.352255E-3
1.904500E-7	3.317996E-3
1.905000E-7	3.276885E-3
1.905500E-7	3.234061E-3
1.906000E-7	3.194664E-3
1.906500E-7	3.160405E-3
1.907000E-7	3.136423E-3
1.907500E-7	3.119294E-3
1.908000E-7	3.102164E-3
1.908500E-7	3.083322E-3
1.909000E-7	3.066192E-3
1.909500E-7	3.050776E-3
1.910000E-7	3.035359E-3
1.910500E-7	3.025081E-3
1.911000E-7	3.014804E-3
1.911500E-7	3.007952E-3
1.912000E-7	3.016517E-3
1.912500E-7	3.033646E-3
1.913000E-7	3.047350E-3
1.913500E-7	3.078183E-3
1.914000E-7	3.134710E-3
1.914500E-7	3.204941E-3
1.915000E-7	3.268320E-3
1.915500E-7	3.321422E-3
1.916000E-7	3.362533E-3
1.916500E-7	3.388227E-3
1.917000E-7	3.395079E-3
1.917500E-7	3.371097E-3
1.918000E-7	3.324848E-3
1.918500E-7	3.268320E-3
1.919000E-7	3.203228E-3
1.919500E-7	3.139849E-3
1.920000E-7	3.088461E-3
1.920500E-7	3.055915E-3
1.921000E-7	3.049063E-3
1.921500E-7	3.076470E-3
1.922000E-7	3.143275E-3
1.922500E-7	3.230635E-3
1.923000E-7	3.323135E-3
1.923500E-7	3.415634E-3
1.924000E-7	3.492717E-3
1.924500E-7	3.537254E-3
1.925000E-7	3.556096E-3
1.925500E-7	3.550957E-3
1.926000E-7	3.509846E-3
1.926500E-7	3.429338E-3
1.927000E-7	3.335125E-3
1.927500E-7	3.235774E-3
1.928000E-7	3.126146E-3
1.928500E-7	3.021656E-3
1.929000E-7	2.947999E-3
1.929500E-7	2.903462E-3
1.930000E-7	2.876055E-3
1.930500E-7	2.874342E-3
1.931000E-7	2.898323E-3
1.931500E-7	2.934295E-3
1.932000E-7	2.982258E-3
1.932500E-7	3.035359E-3
1.933000E-7	3.076470E-3
1.933500E-7	3.105590E-3
1.934000E-7	3.129571E-3
1.934500E-7	3.146701E-3
1.935000E-7	3.150127E-3
1.935500E-7	3.143275E-3
1.936000E-7	3.127858E-3
1.936500E-7	3.110729E-3
1.937000E-7	3.088461E-3
1.937500E-7	3.062766E-3
1.938000E-7	3.038785E-3
1.938500E-7	3.035359E-3
1.939000E-7	3.040498E-3
1.939500E-7	3.043924E-3
1.940000E-7	3.054202E-3
1.940500E-7	3.081609E-3
1.941000E-7	3.109016E-3
1.941500E-7	3.129571E-3
1.942000E-7	3.150127E-3
1.942500E-7	3.167256E-3
1.943000E-7	3.174108E-3
1.943500E-7	3.172395E-3
1.944000E-7	3.162117E-3
1.944500E-7	3.141562E-3
1.945000E-7	3.114155E-3
1.945500E-7	3.086748E-3
1.946000E-7	3.061053E-3
1.946500E-7	3.045637E-3
1.947000E-7	3.040498E-3
1.947500E-7	3.035359E-3
1.948000E-7	3.033646E-3
1.948500E-7	3.043924E-3
1.949000E-7	3.049063E-3
1.949500E-7	3.045637E-3
1.950000E-7	3.042211E-3
1.950500E-7	3.035359E-3
1.951000E-7	3.013091E-3
1.951500E-7	2.978832E-3
1.952000E-7	2.934295E-3
1.952500E-7	2.881194E-3
1.953000E-7	2.834944E-3
1.953500E-7	2.805824E-3
1.954000E-7	2.783556E-3
1.954500E-7	2.776704E-3
1.955000E-7	2.795546E-3
1.955500E-7	2.838370E-3
1.956000E-7	2.889758E-3
1.956500E-7	2.937721E-3
1.957000E-7	2.975406E-3
1.957500E-7	2.999387E-3
1.958000E-7	3.002813E-3
1.958500E-7	2.982258E-3
1.959000E-7	2.932582E-3
1.959500E-7	2.864064E-3
1.960000E-7	2.785268E-3
1.960500E-7	2.711612E-3
1.961000E-7	2.646520E-3
1.961500E-7	2.600270E-3
1.962000E-7	2.584853E-3
1.962500E-7	2.605409E-3
1.963000E-7	2.653371E-3
1.963500E-7	2.727028E-3
1.964000E-7	2.826379E-3
1.964500E-7	2.934295E-3
1.965000E-7	3.030220E-3
1.965500E-7	3.121007E-3
1.966000E-7	3.198089E-3
1.966500E-7	3.244339E-3
1.967000E-7	3.252904E-3
1.967500E-7	3.227210E-3
1.968000E-7	3.172395E-3
1.968500E-7	3.095312E-3
1.969000E-7	3.002813E-3
1.969500E-7	2.898323E-3
1.970000E-7	2.788694E-3
1.970500E-7	2.697908E-3
1.971000E-7	2.631103E-3
1.971500E-7	2.583140E-3
1.972000E-7	2.555733E-3
1.972500E-7	2.555733E-3
1.973000E-7	2.576289E-3
1.973500E-7	2.603696E-3
1.974000E-7	2.641381E-3
1.974500E-7	2.684204E-3
1.975000E-7	2.723602E-3
1.975500E-7	2.759574E-3
1.976000E-7	2.790407E-3
1.976500E-7	2.807537E-3
1.977000E-7	2.814389E-3
1.977500E-7	2.822953E-3
1.978000E-7	2.831518E-3
1.978500E-7	2.836657E-3
1.979000E-7	2.838370E-3
1.979500E-7	2.834944E-3
1.980000E-7	2.824666E-3
1.980500E-7	2.821240E-3
1.981000E-7	2.838370E-3
1.981500E-7	2.857212E-3
1.982000E-7	2.877768E-3
1.982500E-7	2.913740E-3
1.983000E-7	2.959989E-3
1.983500E-7	2.995961E-3
1.984000E-7	3.035359E-3
1.984500E-7	3.090174E-3
1.985000E-7	3.136423E-3
1.985500E-7	3.155266E-3
1.986000E-7	3.162117E-3
1.986500E-7	3.150127E-3
1.987000E-7	3.107303E-3
1.987500E-7	3.038785E-3
1.988000E-7	2.958276E-3
1.988500E-7	2.870916E-3
1.989000E-7	2.780130E-3
1.989500E-7	2.701334E-3
1.990000E-7	2.643094E-3
1.990500E-7	2.613973E-3
1.991000E-7	2.615686E-3
1.991500E-7	2.643094E-3
1.992000E-7	2.701334E-3
1.992500E-7	2.785268E-3
1.993000E-7	2.872629E-3
1.993500E-7	2.949712E-3
1.994000E-7	3.016517E-3
1.994500E-7	3.055915E-3
1.995000E-7	3.050776E-3
1.995500E-7	3.014804E-3
1.996000E-7	2.953138E-3
1.996500E-7	2.853786E-3
1.997000E-7	2.735593E-3
1.997500E-7	2.636242E-3
1.998000E-7	2.555733E-3
1.998500E-7	2.495780E-3
1.999000E-7	2.478650E-3
1.999500E-7	2.518048E-3
2.000000E-7	2.598557E-3
