Study Name	PremaTech_CVD_SiC_HeandSi
Sample Name	2025-10-11
Run Name	spot04
Operator	Keshav
Date	10/11/2025
Time	16:36
Sign	FIX
Grating Spacing	06.40um
Channel	3
Number Traces	10000
Files in Batch	1
Batch Number	79
dt	50.000001E-12
time stamp (ms)	6:00:51 PM
	
Time	Amplitude
0.000000E+0	4.659310E-4
5.000000E-11	5.413006E-4
1.000000E-10	5.310229E-4
1.500000E-10	5.087546E-4
2.000000E-10	4.950509E-4
2.500000E-10	4.248201E-4
3.000000E-10	3.460246E-4
3.500000E-10	3.254693E-4
4.000000E-10	3.186175E-4
4.500000E-10	3.288953E-4
5.000000E-10	4.025520E-4
5.500000E-10	4.984771E-4
6.000000E-10	6.029669E-4
6.500000E-10	7.451414E-4
7.000000E-10	8.787513E-4
7.500000E-10	9.524080E-4
8.000000E-10	1.008935E-3
8.500000E-10	1.029490E-3
9.000000E-10	9.489819E-4
9.500000E-10	8.085202E-4
1.000000E-9	6.714844E-4
1.050000E-9	5.121803E-4
1.100000E-9	3.408857E-4
1.150000E-9	2.209794E-4
1.200000E-9	1.438968E-4
1.250000E-9	9.250844E-5
1.300000E-9	9.593436E-5
1.350000E-9	1.524616E-4
1.400000E-9	2.449607E-4
1.450000E-9	3.717188E-4
1.500000E-9	5.104674E-4
1.550000E-9	6.303737E-4
1.600000E-9	7.485669E-4
1.650000E-9	8.718990E-4
1.700000E-9	9.524075E-4
1.750000E-9	9.900923E-4
1.800000E-9	9.832404E-4
1.850000E-9	9.164354E-4
1.900000E-9	7.896773E-4
1.950000E-9	6.492156E-4
2.000000E-9	5.053281E-4
2.050000E-9	3.323204E-4
2.100000E-9	1.661645E-4
2.150000E-9	3.769342E-5
2.200000E-9	-3.596333E-5
2.250000E-9	-6.679643E-5
2.300000E-9	-5.138000E-5
2.350000E-9	1.371189E-5
2.400000E-9	1.267663E-4
2.450000E-9	2.518113E-4
2.500000E-9	3.597270E-4
2.550000E-9	4.659297E-4
2.600000E-9	5.789842E-4
2.650000E-9	6.440763E-4
2.700000E-9	6.337988E-4
2.750000E-9	5.875494E-4
2.800000E-9	5.224576E-4
2.850000E-9	4.419493E-4
2.900000E-9	3.648669E-4
2.950000E-9	2.929234E-4
3.000000E-9	2.346834E-4
3.050000E-9	2.278317E-4
3.100000E-9	2.466742E-4
3.150000E-9	2.792203E-4
3.200000E-9	3.665807E-4
3.250000E-9	4.881999E-4
3.300000E-9	5.755602E-4
3.350000E-9	6.492168E-4
3.400000E-9	7.554194E-4
3.450000E-9	8.290761E-4
3.500000E-9	8.119465E-4
3.550000E-9	7.605579E-4
3.600000E-9	7.006046E-4
3.650000E-9	5.995406E-4
3.700000E-9	4.693565E-4
3.750000E-9	3.306076E-4
3.800000E-9	1.969976E-4
3.850000E-9	7.195246E-5
3.900000E-9	-2.054673E-5
3.950000E-9	-7.193518E-5
4.000000E-9	-7.707400E-5
4.050000E-9	-3.938913E-5
4.100000E-9	2.912877E-5
4.150000E-9	1.199150E-4
4.200000E-9	2.192659E-4
4.250000E-9	3.100522E-4
4.300000E-9	3.905608E-4
4.350000E-9	4.693563E-4
4.400000E-9	5.413001E-4
4.450000E-9	5.944014E-4
4.500000E-9	6.372251E-4
4.550000E-9	6.783357E-4
4.600000E-9	7.417146E-4
4.650000E-9	8.187972E-4
4.700000E-9	8.907409E-4
4.750000E-9	9.746752E-4
4.800000E-9	1.063748E-3
4.850000E-9	1.109998E-3
4.900000E-9	1.108285E-3
4.950000E-9	1.091156E-3
5.000000E-9	1.032916E-3
5.050000E-9	9.284260E-4
5.100000E-9	8.085199E-4
5.150000E-9	6.954655E-4
5.200000E-9	5.858371E-4
5.250000E-9	4.881993E-4
5.300000E-9	4.248203E-4
5.350000E-9	3.854226E-4
5.400000E-9	3.974131E-4
5.450000E-9	4.607921E-4
5.500000E-9	5.310228E-4
5.550000E-9	5.978277E-4
5.600000E-9	6.714843E-4
5.650000E-9	7.262986E-4
5.700000E-9	7.588446E-4
5.750000E-9	7.879647E-4
5.800000E-9	7.982424E-4
5.850000E-9	7.845390E-4
5.900000E-9	7.588449E-4
5.950000E-9	7.280120E-4
6.000000E-9	7.006050E-4
6.050000E-9	6.800498E-4
6.100000E-9	6.646333E-4
6.150000E-9	6.492169E-4
6.200000E-9	6.440781E-4
6.250000E-9	6.475040E-4
6.300000E-9	6.389392E-4
6.350000E-9	6.269485E-4
6.400000E-9	6.132449E-4
6.450000E-9	5.961153E-4
6.500000E-9	5.824117E-4
6.550000E-9	5.772727E-4
6.600000E-9	5.704208E-4
6.650000E-9	5.755596E-4
6.700000E-9	5.875502E-4
6.750000E-9	5.978278E-4
6.800000E-9	6.098184E-4
6.850000E-9	6.218090E-4
6.900000E-9	6.218089E-4
6.950000E-9	6.115312E-4
7.000000E-9	6.183830E-4
7.050000E-9	6.252347E-4
7.100000E-9	6.149569E-4
7.150000E-9	5.824109E-4
7.200000E-9	5.310224E-4
7.250000E-9	4.642174E-4
7.300000E-9	3.854218E-4
7.350000E-9	2.980614E-4
7.400000E-9	2.021363E-4
7.450000E-9	9.250768E-5
7.500000E-9	-3.938926E-5
7.550000E-9	-1.661473E-4
7.600000E-9	-2.843407E-4
7.650000E-9	-3.871175E-4
7.700000E-9	-4.573483E-4
7.750000E-9	-4.796166E-4
7.800000E-9	-4.487836E-4
7.850000E-9	-3.871175E-4
7.900000E-9	-3.117478E-4
7.950000E-9	-2.175357E-4
8.000000E-9	-1.147589E-4
8.050000E-9	-6.843124E-6
8.100000E-9	8.565613E-5
8.150000E-9	1.576001E-4
8.200000E-9	2.226922E-4
8.250000E-9	2.826455E-4
8.300000E-9	3.254693E-4
8.350000E-9	3.580154E-4
8.400000E-9	4.025521E-4
8.450000E-9	4.727829E-4
8.500000E-9	5.515785E-4
8.550000E-9	6.218092E-4
8.600000E-9	6.886140E-4
8.650000E-9	7.622706E-4
8.700000E-9	8.239366E-4
8.750000E-9	8.530566E-4
8.800000E-9	8.462047E-4
8.850000E-9	7.999551E-4
8.900000E-9	7.194465E-4
8.950000E-9	6.286603E-4
9.000000E-9	5.344482E-4
9.050000E-9	4.111160E-4
9.100000E-9	2.912097E-4
9.150000E-9	2.226918E-4
9.200000E-9	1.987105E-4
9.250000E-9	1.781552E-4
9.300000E-9	1.713034E-4
9.350000E-9	1.969976E-4
9.400000E-9	2.158400E-4
9.450000E-9	2.209788E-4
9.500000E-9	2.141270E-4
9.550000E-9	1.815810E-4
9.600000E-9	1.233408E-4
9.650000E-9	6.681351E-5
9.700000E-9	2.056389E-5
9.750000E-9	-5.130384E-6
9.800000E-9	1.721376E-6
9.850000E-9	4.454504E-5
9.900000E-9	9.935935E-5
9.950000E-9	1.781550E-4
1.000000E-8	2.997744E-4
1.005000E-8	4.385232E-4
1.010000E-8	5.515779E-4
1.015000E-8	6.320866E-4
1.020000E-8	6.954658E-4
1.025000E-8	7.262990E-4
1.030000E-8	6.851884E-4
1.035000E-8	5.995411E-4
1.040000E-8	5.275974E-4
1.045000E-8	4.556536E-4
1.050000E-8	3.768580E-4
1.055000E-8	3.425989E-4
1.060000E-8	3.768577E-4
1.065000E-8	4.419496E-4
1.070000E-8	5.258839E-4
1.075000E-8	6.440771E-4
1.080000E-8	7.639832E-4
1.085000E-8	8.513434E-4
1.090000E-8	9.250000E-4
1.095000E-8	9.763883E-4
1.100000E-8	9.643977E-4
1.105000E-8	9.061576E-4
1.110000E-8	8.239362E-4
1.115000E-8	7.228724E-4
1.120000E-8	6.183827E-4
1.125000E-8	5.241707E-4
1.130000E-8	4.316717E-4
1.135000E-8	3.511632E-4
1.140000E-8	3.237560E-4
1.145000E-8	3.220431E-4
1.150000E-8	3.083394E-4
1.155000E-8	2.946357E-4
1.160000E-8	3.083392E-4
1.165000E-8	3.271815E-4
1.170000E-8	3.288945E-4
1.175000E-8	3.323203E-4
1.180000E-8	3.425981E-4
1.185000E-8	3.682924E-4
1.190000E-8	4.145421E-4
1.195000E-8	4.693565E-4
1.200000E-8	5.070416E-4
1.205000E-8	5.395877E-4
1.210000E-8	5.618562E-4
1.215000E-8	5.635693E-4
1.220000E-8	5.293104E-4
1.225000E-8	4.727832E-4
1.230000E-8	4.042654E-4
1.235000E-8	3.443122E-4
1.240000E-8	3.083402E-4
1.245000E-8	2.929236E-4
1.250000E-8	3.083399E-4
1.255000E-8	3.648670E-4
1.260000E-8	4.505142E-4
1.265000E-8	5.498650E-4
1.270000E-8	6.663452E-4
1.275000E-8	7.862515E-4
1.280000E-8	8.787506E-4
1.285000E-8	9.215743E-4
1.290000E-8	9.130096E-4
1.295000E-8	8.667601E-4
1.300000E-8	7.828258E-4
1.305000E-8	6.594937E-4
1.310000E-8	5.190321E-4
1.315000E-8	4.128294E-4
1.320000E-8	3.563021E-4
1.325000E-8	3.134784E-4
1.330000E-8	2.877841E-4
1.335000E-8	3.237559E-4
1.340000E-8	3.991254E-4
1.345000E-8	4.744951E-4
1.350000E-8	5.293093E-4
1.355000E-8	5.841236E-4
1.360000E-8	6.235215E-4
1.365000E-8	6.440770E-4
1.370000E-8	6.492159E-4
1.375000E-8	6.252348E-4
1.380000E-8	5.652818E-4
1.385000E-8	5.121806E-4
1.390000E-8	5.053288E-4
1.395000E-8	4.916253E-4
1.400000E-8	4.368110E-4
1.405000E-8	3.922744E-4
1.410000E-8	4.196815E-4
1.415000E-8	4.590793E-4
1.420000E-8	4.522274E-4
1.425000E-8	4.419497E-4
1.430000E-8	4.282461E-4
1.435000E-8	3.888484E-4
1.440000E-8	3.511636E-4
1.445000E-8	3.254694E-4
1.450000E-8	2.518127E-4
1.455000E-8	1.610266E-4
1.460000E-8	1.473231E-4
1.465000E-8	1.404712E-4
1.470000E-8	5.824976E-5
1.475000E-8	-1.540698E-5
1.480000E-8	-2.225883E-5
1.485000E-8	-5.480487E-5
1.490000E-8	-9.077679E-5
1.495000E-8	-1.369428E-5
1.500000E-8	1.130637E-4
1.505000E-8	1.644520E-4
1.510000E-8	1.918592E-4
1.515000E-8	2.826453E-4
1.520000E-8	4.196810E-4
1.525000E-8	5.704202E-4
1.530000E-8	7.091688E-4
1.535000E-8	7.965290E-4
1.540000E-8	8.496303E-4
1.545000E-8	9.027316E-4
1.550000E-8	9.027316E-4
1.555000E-8	8.050937E-4
1.560000E-8	7.040298E-4
1.565000E-8	6.286602E-4
1.570000E-8	5.173188E-4
1.575000E-8	3.819961E-4
1.580000E-8	2.672288E-4
1.585000E-8	1.764427E-4
1.590000E-8	1.576004E-4
1.595000E-8	2.569513E-4
1.600000E-8	3.888482E-4
1.605000E-8	4.539403E-4
1.610000E-8	5.344489E-4
1.615000E-8	6.988918E-4
1.620000E-8	8.410664E-4
1.625000E-8	9.027325E-4
1.630000E-8	9.369915E-4
1.635000E-8	9.541210E-4
1.640000E-8	9.421305E-4
1.645000E-8	8.975939E-4
1.650000E-8	7.879653E-4
1.655000E-8	6.235224E-4
1.660000E-8	5.121808E-4
1.665000E-8	4.505146E-4
1.670000E-8	3.169047E-4
1.675000E-8	1.473228E-4
1.680000E-8	7.537890E-5
1.685000E-8	5.139748E-5
1.690000E-8	-5.480531E-5
1.695000E-8	-1.490175E-4
1.700000E-8	-1.147587E-4
1.705000E-8	-1.369503E-5
1.710000E-8	4.797096E-5
1.715000E-8	9.593339E-5
1.720000E-8	1.747289E-4
1.725000E-8	2.706539E-4
1.730000E-8	3.374589E-4
1.735000E-8	3.700049E-4
1.740000E-8	3.888475E-4
1.745000E-8	3.974125E-4
1.750000E-8	3.734315E-4
1.755000E-8	3.117657E-4
1.760000E-8	2.638034E-4
1.765000E-8	2.620907E-4
1.770000E-8	2.894979E-4
1.775000E-8	3.220440E-4
1.780000E-8	3.631547E-4
1.785000E-8	4.419502E-4
1.790000E-8	5.567175E-4
1.795000E-8	6.971790E-4
1.800000E-8	8.410663E-4
1.805000E-8	9.849536E-4
1.810000E-8	1.135693E-3
1.815000E-8	1.310413E-3
1.820000E-8	1.527957E-3
1.825000E-8	1.808880E-3
1.830000E-8	2.177163E-3
1.835000E-8	2.675630E-3
1.840000E-8	3.396781E-3
1.845000E-8	4.436539E-3
1.850000E-8	5.875413E-3
1.855000E-8	7.812755E-3
1.860000E-8	1.037704E-2
1.865000E-8	1.366418E-2
1.870000E-8	1.767419E-2
1.875000E-8	2.237280E-2
1.880000E-8	2.771376E-2
1.885000E-8	3.354121E-2
1.890000E-8	3.958277E-2
1.895000E-8	4.556095E-2
1.900000E-8	5.123252E-2
1.905000E-8	5.632168E-2
1.910000E-8	6.050984E-2
1.915000E-8	6.356060E-2
1.920000E-8	6.541059E-2
1.925000E-8	6.612147E-2
1.930000E-8	6.578745E-2
1.935000E-8	6.462950E-2
1.940000E-8	6.299364E-2
1.945000E-8	6.117792E-2
1.950000E-8	5.940502E-2
1.955000E-8	5.803466E-2
1.960000E-8	5.735633E-2
1.965000E-8	5.739573E-2
1.970000E-8	5.809632E-2
1.975000E-8	5.952834E-2
1.980000E-8	6.164553E-2
1.985000E-8	6.420638E-2
1.990000E-8	6.698307E-2
1.995000E-8	6.976489E-2
2.000000E-8	7.227778E-2
2.005000E-8	7.431447E-2
2.010000E-8	7.579789E-2
2.015000E-8	7.663552E-2
2.020000E-8	7.671261E-2
2.025000E-8	7.600345E-2
2.030000E-8	7.456458E-2
2.035000E-8	7.261696E-2
2.040000E-8	7.050491E-2
2.045000E-8	6.844423E-2
2.050000E-8	6.652060E-2
2.055000E-8	6.497552E-2
2.060000E-8	6.407279E-2
2.065000E-8	6.383298E-2
2.070000E-8	6.421325E-2
2.075000E-8	6.524958E-2
2.080000E-8	6.690771E-2
2.085000E-8	6.901291E-2
2.090000E-8	7.135279E-2
2.095000E-8	7.368069E-2
2.100000E-8	7.575335E-2
2.105000E-8	7.745259E-2
2.110000E-8	7.869619E-2
2.115000E-8	7.932485E-2
2.120000E-8	7.919638E-2
2.125000E-8	7.834334E-2
2.130000E-8	7.691303E-2
2.135000E-8	7.506134E-2
2.140000E-8	7.296469E-2
2.145000E-8	7.082694E-2
2.150000E-8	6.887418E-2
2.155000E-8	6.734110E-2
2.160000E-8	6.638527E-2
2.165000E-8	6.601870E-2
2.170000E-8	6.622082E-2
2.175000E-8	6.705502E-2
2.180000E-8	6.848019E-2
2.185000E-8	7.026165E-2
2.190000E-8	7.222468E-2
2.195000E-8	7.430077E-2
2.200000E-8	7.630663E-2
2.205000E-8	7.795620E-2
2.210000E-8	7.908674E-2
2.215000E-8	7.966058E-2
2.220000E-8	7.964003E-2
2.225000E-8	7.899425E-2
2.230000E-8	7.777978E-2
2.235000E-8	7.613022E-2
2.240000E-8	7.423741E-2
2.245000E-8	7.228637E-2
2.250000E-8	7.046380E-2
2.255000E-8	6.900951E-2
2.260000E-8	6.804683E-2
2.265000E-8	6.761688E-2
2.270000E-8	6.773164E-2
2.275000E-8	6.838941E-2
2.280000E-8	6.952509E-2
2.285000E-8	7.104961E-2
2.290000E-8	7.284135E-2
2.295000E-8	7.469989E-2
2.300000E-8	7.641969E-2
2.305000E-8	7.785171E-2
2.310000E-8	7.888633E-2
2.315000E-8	7.943619E-2
2.320000E-8	7.942420E-2
2.325000E-8	7.881097E-2
2.330000E-8	7.766844E-2
2.335000E-8	7.617818E-2
2.340000E-8	7.449435E-2
2.345000E-8	7.273516E-2
2.350000E-8	7.107189E-2
2.355000E-8	6.971010E-2
2.360000E-8	6.876113E-2
2.365000E-8	6.826608E-2
2.370000E-8	6.825751E-2
2.375000E-8	6.876112E-2
2.380000E-8	6.973749E-2
2.385000E-8	7.107016E-2
2.390000E-8	7.261181E-2
2.395000E-8	7.421855E-2
2.400000E-8	7.580131E-2
2.405000E-8	7.718024E-2
2.410000E-8	7.817203E-2
2.415000E-8	7.871161E-2
2.420000E-8	7.879898E-2
2.425000E-8	7.842213E-2
2.430000E-8	7.756566E-2
2.435000E-8	7.632720E-2
2.440000E-8	7.486606E-2
2.445000E-8	7.332441E-2
2.450000E-8	7.182387E-2
2.455000E-8	7.055972E-2
2.460000E-8	6.964329E-2
2.465000E-8	6.911742E-2
2.470000E-8	6.901464E-2
2.475000E-8	6.936921E-2
2.480000E-8	7.012462E-2
2.485000E-8	7.119007E-2
2.490000E-8	7.249705E-2
2.495000E-8	7.392907E-2
2.500000E-8	7.532854E-2
2.505000E-8	7.657043E-2
2.510000E-8	7.753653E-2
2.515000E-8	7.812750E-2
2.520000E-8	7.831250E-2
2.525000E-8	7.808297E-2
2.530000E-8	7.745089E-2
2.535000E-8	7.649165E-2
2.540000E-8	7.534226E-2
2.545000E-8	7.409010E-2
2.550000E-8	7.282766E-2
2.555000E-8	7.172281E-2
2.560000E-8	7.089888E-2
2.565000E-8	7.041754E-2
2.570000E-8	7.034217E-2
2.575000E-8	7.067962E-2
2.580000E-8	7.137678E-2
2.585000E-8	7.236173E-2
2.590000E-8	7.356421E-2
2.595000E-8	7.487290E-2
2.600000E-8	7.617816E-2
2.605000E-8	7.737038E-2
2.610000E-8	7.832106E-2
2.615000E-8	7.892231E-2
2.620000E-8	7.913985E-2
2.625000E-8	7.895828E-2
2.630000E-8	7.836389E-2
2.635000E-8	7.743205E-2
2.640000E-8	7.631864E-2
2.645000E-8	7.514699E-2
2.650000E-8	7.400788E-2
2.655000E-8	7.302122E-2
2.660000E-8	7.231720E-2
2.665000E-8	7.196433E-2
2.670000E-8	7.197289E-2
2.675000E-8	7.232405E-2
2.680000E-8	7.299038E-2
2.685000E-8	7.390509E-2
2.690000E-8	7.497568E-2
2.695000E-8	7.610622E-2
2.700000E-8	7.720594E-2
2.705000E-8	7.814977E-2
2.710000E-8	7.884694E-2
2.715000E-8	7.927175E-2
2.720000E-8	7.941050E-2
2.725000E-8	7.924435E-2
2.730000E-8	7.877158E-2
2.735000E-8	7.804186E-2
2.740000E-8	7.714942E-2
2.745000E-8	7.615420E-2
2.750000E-8	7.512472E-2
2.755000E-8	7.417917E-2
2.760000E-8	7.341177E-2
2.765000E-8	7.287390E-2
2.770000E-8	7.262381E-2
2.775000E-8	7.271460E-2
2.780000E-8	7.311371E-2
2.785000E-8	7.376463E-2
2.790000E-8	7.461768E-2
2.795000E-8	7.558720E-2
2.800000E-8	7.654816E-2
2.805000E-8	7.741491E-2
2.810000E-8	7.814977E-2
2.815000E-8	7.868764E-2
2.820000E-8	7.894115E-2
2.825000E-8	7.886750E-2
2.830000E-8	7.851635E-2
2.835000E-8	7.793908E-2
2.840000E-8	7.718539E-2
2.845000E-8	7.630836E-2
2.850000E-8	7.542448E-2
2.855000E-8	7.463653E-2
2.860000E-8	7.401473E-2
2.865000E-8	7.360362E-2
2.870000E-8	7.341691E-2
2.875000E-8	7.345802E-2
2.880000E-8	7.373209E-2
2.885000E-8	7.422370E-2
2.890000E-8	7.487804E-2
2.895000E-8	7.559577E-2
2.900000E-8	7.631007E-2
2.905000E-8	7.697126E-2
2.910000E-8	7.752797E-2
2.915000E-8	7.789625E-2
2.920000E-8	7.805556E-2
2.925000E-8	7.801274E-2
2.930000E-8	7.778320E-2
2.935000E-8	7.737039E-2
2.940000E-8	7.683252E-2
2.945000E-8	7.622271E-2
2.950000E-8	7.557008E-2
2.955000E-8	7.495171E-2
2.960000E-8	7.445324E-2
2.965000E-8	7.411408E-2
2.970000E-8	7.393936E-2
2.975000E-8	7.397019E-2
2.980000E-8	7.421856E-2
2.985000E-8	7.464166E-2
2.990000E-8	7.520350E-2
2.995000E-8	7.584072E-2
3.000000E-8	7.646937E-2
3.005000E-8	7.702608E-2
3.010000E-8	7.745431E-2
3.015000E-8	7.770954E-2
3.020000E-8	7.777635E-2
3.025000E-8	7.763932E-2
3.030000E-8	7.725048E-2
3.035000E-8	7.666465E-2
3.040000E-8	7.596920E-2
3.045000E-8	7.518809E-2
3.050000E-8	7.435046E-2
3.055000E-8	7.359848E-2
3.060000E-8	7.302636E-2
3.065000E-8	7.261182E-2
3.070000E-8	7.237715E-2
3.075000E-8	7.239428E-2
3.080000E-8	7.264265E-2
3.085000E-8	7.305718E-2
3.090000E-8	7.362074E-2
3.095000E-8	7.428194E-2
3.100000E-8	7.497568E-2
3.105000E-8	7.561975E-2
3.110000E-8	7.617132E-2
3.115000E-8	7.659099E-2
3.120000E-8	7.682909E-2
3.125000E-8	7.685992E-2
3.130000E-8	7.668521E-2
3.135000E-8	7.634776E-2
3.140000E-8	7.591267E-2
3.145000E-8	7.539707E-2
3.150000E-8	7.486263E-2
3.155000E-8	7.436931E-2
3.160000E-8	7.397361E-2
3.165000E-8	7.370811E-2
3.170000E-8	7.359848E-2
3.175000E-8	7.364644E-2
3.180000E-8	7.384857E-2
3.185000E-8	7.417402E-2
3.190000E-8	7.459883E-2
3.195000E-8	7.506476E-2
3.200000E-8	7.553068E-2
3.205000E-8	7.597090E-2
3.210000E-8	7.631863E-2
3.215000E-8	7.649507E-2
3.220000E-8	7.651220E-2
3.225000E-8	7.639743E-2
3.230000E-8	7.615419E-2
3.235000E-8	7.579790E-2
3.240000E-8	7.537994E-2
3.245000E-8	7.491916E-2
3.250000E-8	7.443440E-2
3.255000E-8	7.398732E-2
3.260000E-8	7.366014E-2
3.265000E-8	7.343917E-2
3.270000E-8	7.331584E-2
3.275000E-8	7.331927E-2
3.280000E-8	7.346658E-2
3.285000E-8	7.371667E-2
3.290000E-8	7.403185E-2
3.295000E-8	7.438814E-2
3.300000E-8	7.479068E-2
3.305000E-8	7.520522E-2
3.310000E-8	7.553410E-2
3.315000E-8	7.574651E-2
3.320000E-8	7.584243E-2
3.325000E-8	7.580818E-2
3.330000E-8	7.563517E-2
3.335000E-8	7.537651E-2
3.340000E-8	7.505106E-2
3.345000E-8	7.464851E-2
3.350000E-8	7.421343E-2
3.355000E-8	7.379204E-2
3.360000E-8	7.341862E-2
3.365000E-8	7.312742E-2
3.370000E-8	7.294756E-2
3.375000E-8	7.292015E-2
3.380000E-8	7.305547E-2
3.385000E-8	7.331755E-2
3.390000E-8	7.364815E-2
3.395000E-8	7.403185E-2
3.400000E-8	7.446865E-2
3.405000E-8	7.487462E-2
3.410000E-8	7.516068E-2
3.415000E-8	7.533883E-2
3.420000E-8	7.540221E-2
3.425000E-8	7.532170E-2
3.430000E-8	7.509045E-2
3.435000E-8	7.479069E-2
3.440000E-8	7.443439E-2
3.445000E-8	7.401301E-2
3.450000E-8	7.359505E-2
3.455000E-8	7.325589E-2
3.460000E-8	7.301608E-2
3.465000E-8	7.288418E-2
3.470000E-8	7.286876E-2
3.475000E-8	7.295955E-2
3.480000E-8	7.313255E-2
3.485000E-8	7.336723E-2
3.490000E-8	7.363787E-2
3.495000E-8	7.391708E-2
3.500000E-8	7.418944E-2
3.505000E-8	7.444124E-2
3.510000E-8	7.461596E-2
3.515000E-8	7.468791E-2
3.520000E-8	7.467078E-2
3.525000E-8	7.456800E-2
3.530000E-8	7.438986E-2
3.535000E-8	7.416889E-2
3.540000E-8	7.391880E-2
3.545000E-8	7.365329E-2
3.550000E-8	7.341348E-2
3.555000E-8	7.322163E-2
3.560000E-8	7.307260E-2
3.565000E-8	7.296983E-2
3.570000E-8	7.290473E-2
3.575000E-8	7.288418E-2
3.580000E-8	7.292871E-2
3.585000E-8	7.305890E-2
3.590000E-8	7.323362E-2
3.595000E-8	7.343574E-2
3.600000E-8	7.366699E-2
3.605000E-8	7.388796E-2
3.610000E-8	7.403528E-2
3.615000E-8	7.411407E-2
3.620000E-8	7.414662E-2
3.625000E-8	7.408495E-2
3.630000E-8	7.391537E-2
3.635000E-8	7.369954E-2
3.640000E-8	7.347000E-2
3.645000E-8	7.320792E-2
3.650000E-8	7.292015E-2
3.655000E-8	7.267349E-2
3.660000E-8	7.249877E-2
3.665000E-8	7.238571E-2
3.670000E-8	7.234460E-2
3.675000E-8	7.238400E-2
3.680000E-8	7.249705E-2
3.685000E-8	7.265635E-2
3.690000E-8	7.283793E-2
3.695000E-8	7.306404E-2
3.700000E-8	7.333639E-2
3.705000E-8	7.360533E-2
3.710000E-8	7.383486E-2
3.715000E-8	7.400958E-2
3.720000E-8	7.411407E-2
3.725000E-8	7.412606E-2
3.730000E-8	7.406097E-2
3.735000E-8	7.392222E-2
3.740000E-8	7.371153E-2
3.745000E-8	7.345802E-2
3.750000E-8	7.319080E-2
3.755000E-8	7.292186E-2
3.760000E-8	7.268376E-2
3.765000E-8	7.252275E-2
3.770000E-8	7.247307E-2
3.775000E-8	7.253131E-2
3.780000E-8	7.266663E-2
3.785000E-8	7.283108E-2
3.790000E-8	7.302635E-2
3.795000E-8	7.326616E-2
3.800000E-8	7.350255E-2
3.805000E-8	7.368583E-2
3.810000E-8	7.383486E-2
3.815000E-8	7.395305E-2
3.820000E-8	7.400273E-2
3.825000E-8	7.398903E-2
3.830000E-8	7.391366E-2
3.835000E-8	7.377320E-2
3.840000E-8	7.358820E-2
3.845000E-8	7.336894E-2
3.850000E-8	7.311542E-2
3.855000E-8	7.288075E-2
3.860000E-8	7.270946E-2
3.865000E-8	7.256557E-2
3.870000E-8	7.240627E-2
3.875000E-8	7.229835E-2
3.880000E-8	7.228636E-2
3.885000E-8	7.230177E-2
3.890000E-8	7.231377E-2
3.895000E-8	7.236858E-2
3.900000E-8	7.249020E-2
3.905000E-8	7.263922E-2
3.910000E-8	7.278140E-2
3.915000E-8	7.290473E-2
3.920000E-8	7.302464E-2
3.925000E-8	7.314283E-2
3.930000E-8	7.320964E-2
3.935000E-8	7.319251E-2
3.940000E-8	7.314626E-2
3.945000E-8	7.310857E-2
3.950000E-8	7.305890E-2
3.955000E-8	7.296982E-2
3.960000E-8	7.288246E-2
3.965000E-8	7.280881E-2
3.970000E-8	7.274200E-2
3.975000E-8	7.270260E-2
3.980000E-8	7.271459E-2
3.985000E-8	7.274543E-2
3.990000E-8	7.277797E-2
3.995000E-8	7.283793E-2
4.000000E-8	7.289274E-2
4.005000E-8	7.287732E-2
4.010000E-8	7.281737E-2
4.015000E-8	7.273686E-2
4.020000E-8	7.263751E-2
4.025000E-8	7.249534E-2
4.030000E-8	7.232747E-2
4.035000E-8	7.215960E-2
4.040000E-8	7.201400E-2
4.045000E-8	7.191979E-2
4.050000E-8	7.188382E-2
4.055000E-8	7.192150E-2
4.060000E-8	7.202428E-2
4.065000E-8	7.213562E-2
4.070000E-8	7.225381E-2
4.075000E-8	7.240113E-2
4.080000E-8	7.256899E-2
4.085000E-8	7.273172E-2
4.090000E-8	7.285848E-2
4.095000E-8	7.293728E-2
4.100000E-8	7.297496E-2
4.105000E-8	7.297154E-2
4.110000E-8	7.292186E-2
4.115000E-8	7.283964E-2
4.120000E-8	7.277455E-2
4.125000E-8	7.271802E-2
4.130000E-8	7.263751E-2
4.135000E-8	7.255872E-2
4.140000E-8	7.250048E-2
4.145000E-8	7.243710E-2
4.150000E-8	7.235145E-2
4.155000E-8	7.228636E-2
4.160000E-8	7.224353E-2
4.165000E-8	7.222127E-2
4.170000E-8	7.221099E-2
4.175000E-8	7.215789E-2
4.180000E-8	7.208080E-2
4.185000E-8	7.203969E-2
4.190000E-8	7.203113E-2
4.195000E-8	7.201914E-2
4.200000E-8	7.205168E-2
4.205000E-8	7.214761E-2
4.210000E-8	7.221441E-2
4.215000E-8	7.224696E-2
4.220000E-8	7.229150E-2
4.225000E-8	7.232062E-2
4.230000E-8	7.227437E-2
4.235000E-8	7.218016E-2
4.240000E-8	7.207567E-2
4.245000E-8	7.193178E-2
4.250000E-8	7.177076E-2
4.255000E-8	7.163030E-2
4.260000E-8	7.153266E-2
4.265000E-8	7.147100E-2
4.270000E-8	7.145215E-2
4.275000E-8	7.149498E-2
4.280000E-8	7.158405E-2
4.285000E-8	7.169197E-2
4.290000E-8	7.180331E-2
4.295000E-8	7.191807E-2
4.300000E-8	7.201400E-2
4.305000E-8	7.204997E-2
4.310000E-8	7.201400E-2
4.315000E-8	7.194034E-2
4.320000E-8	7.184613E-2
4.325000E-8	7.174507E-2
4.330000E-8	7.162687E-2
4.335000E-8	7.149498E-2
4.340000E-8	7.140590E-2
4.345000E-8	7.137507E-2
4.350000E-8	7.136822E-2
4.355000E-8	7.135280E-2
4.360000E-8	7.135794E-2
4.365000E-8	7.138535E-2
4.370000E-8	7.138021E-2
4.375000E-8	7.135280E-2
4.380000E-8	7.137336E-2
4.385000E-8	7.142132E-2
4.390000E-8	7.144359E-2
4.395000E-8	7.146243E-2
4.400000E-8	7.152752E-2
4.405000E-8	7.157206E-2
4.410000E-8	7.153951E-2
4.415000E-8	7.145729E-2
4.420000E-8	7.136137E-2
4.425000E-8	7.121748E-2
4.430000E-8	7.106160E-2
4.435000E-8	7.092628E-2
4.440000E-8	7.080809E-2
4.445000E-8	7.069846E-2
4.450000E-8	7.062309E-2
4.455000E-8	7.059225E-2
4.460000E-8	7.058198E-2
4.465000E-8	7.061281E-2
4.470000E-8	7.070702E-2
4.475000E-8	7.081665E-2
4.480000E-8	7.093656E-2
4.485000E-8	7.107017E-2
4.490000E-8	7.119179E-2
4.495000E-8	7.129799E-2
4.500000E-8	7.141276E-2
4.505000E-8	7.152067E-2
4.510000E-8	7.157206E-2
4.515000E-8	7.159433E-2
4.520000E-8	7.160632E-2
4.525000E-8	7.160118E-2
4.530000E-8	7.156178E-2
4.535000E-8	7.151725E-2
4.540000E-8	7.147785E-2
4.545000E-8	7.141961E-2
4.550000E-8	7.134253E-2
4.555000E-8	7.127572E-2
4.560000E-8	7.121063E-2
4.565000E-8	7.113183E-2
4.570000E-8	7.106845E-2
4.575000E-8	7.104447E-2
4.580000E-8	7.105304E-2
4.585000E-8	7.105646E-2
4.590000E-8	7.106845E-2
4.595000E-8	7.110271E-2
4.600000E-8	7.113868E-2
4.605000E-8	7.115067E-2
4.610000E-8	7.111813E-2
4.615000E-8	7.106674E-2
4.620000E-8	7.100507E-2
4.625000E-8	7.092285E-2
4.630000E-8	7.081151E-2
4.635000E-8	7.069674E-2
4.640000E-8	7.059568E-2
4.645000E-8	7.051517E-2
4.650000E-8	7.043466E-2
4.655000E-8	7.035587E-2
4.660000E-8	7.031647E-2
4.665000E-8	7.031476E-2
4.670000E-8	7.031818E-2
4.675000E-8	7.030962E-2
4.680000E-8	7.033017E-2
4.685000E-8	7.038156E-2
4.690000E-8	7.040897E-2
4.695000E-8	7.040383E-2
4.700000E-8	7.042267E-2
4.705000E-8	7.044323E-2
4.710000E-8	7.045351E-2
4.715000E-8	7.047920E-2
4.720000E-8	7.051346E-2
4.725000E-8	7.053401E-2
4.730000E-8	7.055628E-2
4.735000E-8	7.057855E-2
4.740000E-8	7.059397E-2
4.745000E-8	7.059054E-2
4.750000E-8	7.058026E-2
4.755000E-8	7.055286E-2
4.760000E-8	7.053401E-2
4.765000E-8	7.051346E-2
4.770000E-8	7.045522E-2
4.775000E-8	7.036272E-2
4.780000E-8	7.031133E-2
4.785000E-8	7.028735E-2
4.790000E-8	7.024281E-2
4.795000E-8	7.020341E-2
4.800000E-8	7.020684E-2
4.805000E-8	7.022226E-2
4.810000E-8	7.019828E-2
4.815000E-8	7.017943E-2
4.820000E-8	7.020170E-2
4.825000E-8	7.022226E-2
4.830000E-8	7.019656E-2
4.835000E-8	7.013832E-2
4.840000E-8	7.009379E-2
4.845000E-8	7.003726E-2
4.850000E-8	6.994819E-2
4.855000E-8	6.985569E-2
4.860000E-8	6.980259E-2
4.865000E-8	6.977175E-2
4.870000E-8	6.972379E-2
4.875000E-8	6.967754E-2
4.880000E-8	6.966384E-2
4.885000E-8	6.966555E-2
4.890000E-8	6.967925E-2
4.895000E-8	6.972208E-2
4.900000E-8	6.977347E-2
4.905000E-8	6.982314E-2
4.910000E-8	6.986596E-2
4.915000E-8	6.991221E-2
4.920000E-8	6.993448E-2
4.925000E-8	6.992420E-2
4.930000E-8	6.989851E-2
4.935000E-8	6.984884E-2
4.940000E-8	6.977347E-2
4.945000E-8	6.971351E-2
4.950000E-8	6.967925E-2
4.955000E-8	6.961416E-2
4.960000E-8	6.952509E-2
4.965000E-8	6.947884E-2
4.970000E-8	6.947199E-2
4.975000E-8	6.946514E-2
4.980000E-8	6.947027E-2
4.985000E-8	6.950111E-2
4.990000E-8	6.952851E-2
4.995000E-8	6.954050E-2
5.000000E-8	6.953365E-2
5.005000E-8	6.949254E-2
5.010000E-8	6.941717E-2
5.015000E-8	6.931953E-2
5.020000E-8	6.921847E-2
5.025000E-8	6.915338E-2
5.030000E-8	6.914653E-2
5.035000E-8	6.915509E-2
5.040000E-8	6.916880E-2
5.045000E-8	6.922361E-2
5.050000E-8	6.929727E-2
5.055000E-8	6.934866E-2
5.060000E-8	6.937949E-2
5.065000E-8	6.939319E-2
5.070000E-8	6.936578E-2
5.075000E-8	6.930583E-2
5.080000E-8	6.923903E-2
5.085000E-8	6.914824E-2
5.090000E-8	6.902833E-2
5.095000E-8	6.890329E-2
5.100000E-8	6.882449E-2
5.105000E-8	6.881422E-2
5.110000E-8	6.882963E-2
5.115000E-8	6.884848E-2
5.120000E-8	6.893584E-2
5.125000E-8	6.907801E-2
5.130000E-8	6.917393E-2
5.135000E-8	6.923389E-2
5.140000E-8	6.933324E-2
5.145000E-8	6.941717E-2
5.150000E-8	6.939662E-2
5.155000E-8	6.933838E-2
5.160000E-8	6.928699E-2
5.165000E-8	6.919106E-2
5.170000E-8	6.905574E-2
5.175000E-8	6.894954E-2
5.180000E-8	6.886047E-2
5.185000E-8	6.879023E-2
5.190000E-8	6.876625E-2
5.195000E-8	6.877824E-2
5.200000E-8	6.879880E-2
5.205000E-8	6.884847E-2
5.210000E-8	6.891699E-2
5.215000E-8	6.898208E-2
5.220000E-8	6.907287E-2
5.225000E-8	6.917051E-2
5.230000E-8	6.923046E-2
5.235000E-8	6.926301E-2
5.240000E-8	6.928528E-2
5.245000E-8	6.924417E-2
5.250000E-8	6.912083E-2
5.255000E-8	6.897009E-2
5.260000E-8	6.882621E-2
5.265000E-8	6.868574E-2
5.270000E-8	6.855385E-2
5.275000E-8	6.847848E-2
5.280000E-8	6.846991E-2
5.285000E-8	6.849047E-2
5.290000E-8	6.850589E-2
5.295000E-8	6.852815E-2
5.300000E-8	6.856755E-2
5.305000E-8	6.860010E-2
5.310000E-8	6.861894E-2
5.315000E-8	6.864121E-2
5.320000E-8	6.865834E-2
5.325000E-8	6.866176E-2
5.330000E-8	6.866519E-2
5.335000E-8	6.866690E-2
5.340000E-8	6.865491E-2
5.345000E-8	6.861380E-2
5.350000E-8	6.856584E-2
5.355000E-8	6.854528E-2
5.360000E-8	6.856070E-2
5.365000E-8	6.858468E-2
5.370000E-8	6.862408E-2
5.375000E-8	6.868403E-2
5.380000E-8	6.873028E-2
5.385000E-8	6.875769E-2
5.390000E-8	6.878852E-2
5.395000E-8	6.880394E-2
5.400000E-8	6.880736E-2
5.405000E-8	6.880908E-2
5.410000E-8	6.879709E-2
5.415000E-8	6.876625E-2
5.420000E-8	6.874056E-2
5.425000E-8	6.872000E-2
5.430000E-8	6.865834E-2
5.435000E-8	6.858297E-2
5.440000E-8	6.851788E-2
5.445000E-8	6.844593E-2
5.450000E-8	6.833802E-2
5.455000E-8	6.822839E-2
5.460000E-8	6.812904E-2
5.465000E-8	6.803482E-2
5.470000E-8	6.795603E-2
5.475000E-8	6.789436E-2
5.480000E-8	6.783784E-2
5.485000E-8	6.778302E-2
5.490000E-8	6.771450E-2
5.495000E-8	6.763399E-2
5.500000E-8	6.759117E-2
5.505000E-8	6.757918E-2
5.510000E-8	6.754835E-2
5.515000E-8	6.749867E-2
5.520000E-8	6.748497E-2
5.525000E-8	6.749182E-2
5.530000E-8	6.746613E-2
5.535000E-8	6.745242E-2
5.540000E-8	6.749525E-2
5.545000E-8	6.753122E-2
5.550000E-8	6.754321E-2
5.555000E-8	6.755349E-2
5.560000E-8	6.757404E-2
5.565000E-8	6.756890E-2
5.570000E-8	6.755006E-2
5.575000E-8	6.753465E-2
5.580000E-8	6.752779E-2
5.585000E-8	6.749867E-2
5.590000E-8	6.745071E-2
5.595000E-8	6.741131E-2
5.600000E-8	6.740446E-2
5.605000E-8	6.740789E-2
5.610000E-8	6.740275E-2
5.615000E-8	6.743187E-2
5.620000E-8	6.751066E-2
5.625000E-8	6.758603E-2
5.630000E-8	6.762372E-2
5.635000E-8	6.766312E-2
5.640000E-8	6.772649E-2
5.645000E-8	6.776760E-2
5.650000E-8	6.774020E-2
5.655000E-8	6.768538E-2
5.660000E-8	6.763742E-2
5.665000E-8	6.756548E-2
5.670000E-8	6.745414E-2
5.675000E-8	6.734108E-2
5.680000E-8	6.725201E-2
5.685000E-8	6.716979E-2
5.690000E-8	6.709442E-2
5.695000E-8	6.705845E-2
5.700000E-8	6.706358E-2
5.705000E-8	6.708071E-2
5.710000E-8	6.707729E-2
5.715000E-8	6.707900E-2
5.720000E-8	6.707557E-2
5.725000E-8	6.703446E-2
5.730000E-8	6.699678E-2
5.735000E-8	6.697794E-2
5.740000E-8	6.696937E-2
5.745000E-8	6.695567E-2
5.750000E-8	6.695224E-2
5.755000E-8	6.696766E-2
5.760000E-8	6.697794E-2
5.765000E-8	6.694539E-2
5.770000E-8	6.686831E-2
5.775000E-8	6.679123E-2
5.780000E-8	6.672785E-2
5.785000E-8	6.667646E-2
5.790000E-8	6.663877E-2
5.795000E-8	6.662164E-2
5.800000E-8	6.660965E-2
5.805000E-8	6.662678E-2
5.810000E-8	6.666618E-2
5.815000E-8	6.671414E-2
5.820000E-8	6.678437E-2
5.825000E-8	6.689229E-2
5.830000E-8	6.699507E-2
5.835000E-8	6.708414E-2
5.840000E-8	6.717835E-2
5.845000E-8	6.725372E-2
5.850000E-8	6.726057E-2
5.855000E-8	6.725372E-2
5.860000E-8	6.725886E-2
5.865000E-8	6.724858E-2
5.870000E-8	6.719548E-2
5.875000E-8	6.715780E-2
5.880000E-8	6.713895E-2
5.885000E-8	6.712525E-2
5.890000E-8	6.710470E-2
5.895000E-8	6.707729E-2
5.900000E-8	6.705845E-2
5.905000E-8	6.703275E-2
5.910000E-8	6.698993E-2
5.915000E-8	6.692997E-2
5.920000E-8	6.686660E-2
5.925000E-8	6.679636E-2
5.930000E-8	6.671757E-2
5.935000E-8	6.665076E-2
5.940000E-8	6.659938E-2
5.945000E-8	6.654285E-2
5.950000E-8	6.649489E-2
5.955000E-8	6.648118E-2
5.960000E-8	6.649831E-2
5.965000E-8	6.653086E-2
5.970000E-8	6.658053E-2
5.975000E-8	6.663706E-2
5.980000E-8	6.669701E-2
5.985000E-8	6.675525E-2
5.990000E-8	6.680322E-2
5.995000E-8	6.682548E-2
6.000000E-8	6.683919E-2
6.005000E-8	6.684775E-2
6.010000E-8	6.681863E-2
6.015000E-8	6.675183E-2
6.020000E-8	6.668502E-2
6.025000E-8	6.663021E-2
6.030000E-8	6.656854E-2
6.035000E-8	6.651887E-2
6.040000E-8	6.651715E-2
6.045000E-8	6.654456E-2
6.050000E-8	6.657197E-2
6.055000E-8	6.662507E-2
6.060000E-8	6.669701E-2
6.065000E-8	6.675525E-2
6.070000E-8	6.681007E-2
6.075000E-8	6.686317E-2
6.080000E-8	6.688715E-2
6.085000E-8	6.686488E-2
6.090000E-8	6.681521E-2
6.095000E-8	6.675183E-2
6.100000E-8	6.666618E-2
6.105000E-8	6.657197E-2
6.110000E-8	6.647776E-2
6.115000E-8	6.640581E-2
6.120000E-8	6.636984E-2
6.125000E-8	6.634929E-2
6.130000E-8	6.634072E-2
6.135000E-8	6.635614E-2
6.140000E-8	6.638526E-2
6.145000E-8	6.640581E-2
6.150000E-8	6.641952E-2
6.155000E-8	6.641780E-2
6.160000E-8	6.639382E-2
6.165000E-8	6.636299E-2
6.170000E-8	6.632702E-2
6.175000E-8	6.627049E-2
6.180000E-8	6.622253E-2
6.185000E-8	6.617457E-2
6.190000E-8	6.610091E-2
6.195000E-8	6.602383E-2
6.200000E-8	6.598443E-2
6.205000E-8	6.595017E-2
6.210000E-8	6.588336E-2
6.215000E-8	6.583198E-2
6.220000E-8	6.580971E-2
6.225000E-8	6.577545E-2
6.230000E-8	6.569837E-2
6.235000E-8	6.560587E-2
6.240000E-8	6.551337E-2
6.245000E-8	6.543971E-2
6.250000E-8	6.537462E-2
6.255000E-8	6.532666E-2
6.260000E-8	6.531467E-2
6.265000E-8	6.534207E-2
6.270000E-8	6.537462E-2
6.275000E-8	6.541916E-2
6.280000E-8	6.550652E-2
6.285000E-8	6.560929E-2
6.290000E-8	6.569665E-2
6.295000E-8	6.578401E-2
6.300000E-8	6.586281E-2
6.305000E-8	6.590735E-2
6.310000E-8	6.588336E-2
6.315000E-8	6.583883E-2
6.320000E-8	6.576860E-2
6.325000E-8	6.567096E-2
6.330000E-8	6.555448E-2
6.335000E-8	6.545513E-2
6.340000E-8	6.539175E-2
6.345000E-8	6.531980E-2
6.350000E-8	6.523758E-2
6.355000E-8	6.519647E-2
6.360000E-8	6.520504E-2
6.365000E-8	6.522045E-2
6.370000E-8	6.525643E-2
6.375000E-8	6.534207E-2
6.380000E-8	6.544142E-2
6.385000E-8	6.554078E-2
6.390000E-8	6.565040E-2
6.395000E-8	6.573434E-2
6.400000E-8	6.578915E-2
6.405000E-8	6.581485E-2
6.410000E-8	6.581142E-2
6.415000E-8	6.577716E-2
6.420000E-8	6.573262E-2
6.425000E-8	6.567438E-2
6.430000E-8	6.559216E-2
6.435000E-8	6.551508E-2
6.440000E-8	6.546027E-2
6.445000E-8	6.539346E-2
6.450000E-8	6.530781E-2
6.455000E-8	6.526499E-2
6.460000E-8	6.525300E-2
6.465000E-8	6.523416E-2
6.470000E-8	6.522045E-2
6.475000E-8	6.522559E-2
6.480000E-8	6.522731E-2
6.485000E-8	6.521874E-2
6.490000E-8	6.521531E-2
6.495000E-8	6.522388E-2
6.500000E-8	6.524101E-2
6.505000E-8	6.526842E-2
6.510000E-8	6.528212E-2
6.515000E-8	6.526842E-2
6.520000E-8	6.525471E-2
6.525000E-8	6.525300E-2
6.530000E-8	6.523758E-2
6.535000E-8	6.521189E-2
6.540000E-8	6.519305E-2
6.545000E-8	6.516050E-2
6.550000E-8	6.510226E-2
6.555000E-8	6.506800E-2
6.560000E-8	6.505430E-2
6.565000E-8	6.504231E-2
6.570000E-8	6.503717E-2
6.575000E-8	6.505258E-2
6.580000E-8	6.506971E-2
6.585000E-8	6.508513E-2
6.590000E-8	6.511254E-2
6.595000E-8	6.513138E-2
6.600000E-8	6.512453E-2
6.605000E-8	6.510397E-2
6.610000E-8	6.505258E-2
6.615000E-8	6.498749E-2
6.620000E-8	6.494467E-2
6.625000E-8	6.491041E-2
6.630000E-8	6.486587E-2
6.635000E-8	6.483161E-2
6.640000E-8	6.480078E-2
6.645000E-8	6.476481E-2
6.650000E-8	6.472884E-2
6.655000E-8	6.471171E-2
6.660000E-8	6.468601E-2
6.665000E-8	6.466375E-2
6.670000E-8	6.463805E-2
6.675000E-8	6.459865E-2
6.680000E-8	6.456953E-2
6.685000E-8	6.455412E-2
6.690000E-8	6.451301E-2
6.695000E-8	6.446333E-2
6.700000E-8	6.446676E-2
6.705000E-8	6.450615E-2
6.710000E-8	6.452500E-2
6.715000E-8	6.456782E-2
6.720000E-8	6.466717E-2
6.725000E-8	6.475453E-2
6.730000E-8	6.479050E-2
6.735000E-8	6.480763E-2
6.740000E-8	6.481620E-2
6.745000E-8	6.480078E-2
6.750000E-8	6.474939E-2
6.755000E-8	6.466203E-2
6.760000E-8	6.455412E-2
6.765000E-8	6.445477E-2
6.770000E-8	6.435884E-2
6.775000E-8	6.424407E-2
6.780000E-8	6.414644E-2
6.785000E-8	6.407792E-2
6.790000E-8	6.400426E-2
6.795000E-8	6.393232E-2
6.800000E-8	6.387922E-2
6.805000E-8	6.384324E-2
6.810000E-8	6.380899E-2
6.815000E-8	6.378843E-2
6.820000E-8	6.376787E-2
6.825000E-8	6.373704E-2
6.830000E-8	6.371135E-2
6.835000E-8	6.371649E-2
6.840000E-8	6.373704E-2
6.845000E-8	6.375760E-2
6.850000E-8	6.379871E-2
6.855000E-8	6.386551E-2
6.860000E-8	6.392718E-2
6.865000E-8	6.397685E-2
6.870000E-8	6.403509E-2
6.875000E-8	6.408648E-2
6.880000E-8	6.410875E-2
6.885000E-8	6.412759E-2
6.890000E-8	6.413616E-2
6.895000E-8	6.410704E-2
6.900000E-8	6.404880E-2
6.905000E-8	6.398542E-2
6.910000E-8	6.390491E-2
6.915000E-8	6.382098E-2
6.920000E-8	6.376445E-2
6.925000E-8	6.369764E-2
6.930000E-8	6.361714E-2
6.935000E-8	6.356403E-2
6.940000E-8	6.354519E-2
6.945000E-8	6.352635E-2
6.950000E-8	6.352292E-2
6.955000E-8	6.355376E-2
6.960000E-8	6.357602E-2
6.965000E-8	6.357431E-2
6.970000E-8	6.357774E-2
6.975000E-8	6.359658E-2
6.980000E-8	6.361885E-2
6.985000E-8	6.364968E-2
6.990000E-8	6.365653E-2
6.995000E-8	6.363598E-2
7.000000E-8	6.361885E-2
7.005000E-8	6.361885E-2
7.010000E-8	6.360343E-2
7.015000E-8	6.357603E-2
7.020000E-8	6.359144E-2
7.025000E-8	6.364112E-2
7.030000E-8	6.368394E-2
7.035000E-8	6.372334E-2
7.040000E-8	6.379699E-2
7.045000E-8	6.388778E-2
7.050000E-8	6.392547E-2
7.055000E-8	6.390491E-2
7.060000E-8	6.385523E-2
7.065000E-8	6.379699E-2
7.070000E-8	6.370107E-2
7.075000E-8	6.356232E-2
7.080000E-8	6.340473E-2
7.085000E-8	6.324200E-2
7.090000E-8	6.308955E-2
7.095000E-8	6.297649E-2
7.100000E-8	6.292168E-2
7.105000E-8	6.289770E-2
7.110000E-8	6.290798E-2
7.115000E-8	6.294909E-2
7.120000E-8	6.301075E-2
7.125000E-8	6.305700E-2
7.130000E-8	6.309983E-2
7.135000E-8	6.314608E-2
7.140000E-8	6.317177E-2
7.145000E-8	6.316834E-2
7.150000E-8	6.318205E-2
7.155000E-8	6.320603E-2
7.160000E-8	6.321459E-2
7.165000E-8	6.322316E-2
7.170000E-8	6.326769E-2
7.175000E-8	6.332080E-2
7.180000E-8	6.336362E-2
7.185000E-8	6.341672E-2
7.190000E-8	6.346811E-2
7.195000E-8	6.349038E-2
7.200000E-8	6.349723E-2
7.205000E-8	6.345441E-2
7.210000E-8	6.335848E-2
7.215000E-8	6.326084E-2
7.220000E-8	6.321117E-2
7.225000E-8	6.314265E-2
7.230000E-8	6.303473E-2
7.235000E-8	6.295594E-2
7.240000E-8	6.292682E-2
7.245000E-8	6.291825E-2
7.250000E-8	6.294737E-2
7.255000E-8	6.303302E-2
7.260000E-8	6.315121E-2
7.265000E-8	6.326941E-2
7.270000E-8	6.336191E-2
7.275000E-8	6.344070E-2
7.280000E-8	6.350408E-2
7.285000E-8	6.354177E-2
7.290000E-8	6.355033E-2
7.295000E-8	6.354348E-2
7.300000E-8	6.350579E-2
7.305000E-8	6.342015E-2
7.310000E-8	6.330709E-2
7.315000E-8	6.318719E-2
7.320000E-8	6.306043E-2
7.325000E-8	6.293538E-2
7.330000E-8	6.284288E-2
7.335000E-8	6.277779E-2
7.340000E-8	6.273497E-2
7.345000E-8	6.273326E-2
7.350000E-8	6.276066E-2
7.355000E-8	6.278978E-2
7.360000E-8	6.281719E-2
7.365000E-8	6.286344E-2
7.370000E-8	6.289770E-2
7.375000E-8	6.289941E-2
7.380000E-8	6.286173E-2
7.385000E-8	6.279835E-2
7.390000E-8	6.270927E-2
7.395000E-8	6.262363E-2
7.400000E-8	6.253284E-2
7.405000E-8	6.244205E-2
7.410000E-8	6.234613E-2
7.415000E-8	6.227590E-2
7.420000E-8	6.222965E-2
7.425000E-8	6.219368E-2
7.430000E-8	6.217483E-2
7.435000E-8	6.216970E-2
7.440000E-8	6.215942E-2
7.445000E-8	6.215257E-2
7.450000E-8	6.214914E-2
7.455000E-8	6.211831E-2
7.460000E-8	6.207034E-2
7.465000E-8	6.200354E-2
7.470000E-8	6.192817E-2
7.475000E-8	6.185280E-2
7.480000E-8	6.179799E-2
7.485000E-8	6.176201E-2
7.490000E-8	6.173975E-2
7.495000E-8	6.173975E-2
7.500000E-8	6.176201E-2
7.505000E-8	6.180484E-2
7.510000E-8	6.186479E-2
7.515000E-8	6.192303E-2
7.520000E-8	6.198812E-2
7.525000E-8	6.205664E-2
7.530000E-8	6.211659E-2
7.535000E-8	6.215770E-2
7.540000E-8	6.222622E-2
7.545000E-8	6.228104E-2
7.550000E-8	6.228104E-2
7.555000E-8	6.228789E-2
7.560000E-8	6.232043E-2
7.565000E-8	6.232215E-2
7.570000E-8	6.228275E-2
7.575000E-8	6.226391E-2
7.580000E-8	6.225020E-2
7.585000E-8	6.218340E-2
7.590000E-8	6.209946E-2
7.595000E-8	6.203951E-2
7.600000E-8	6.197956E-2
7.605000E-8	6.191275E-2
7.610000E-8	6.184938E-2
7.615000E-8	6.179627E-2
7.620000E-8	6.176544E-2
7.625000E-8	6.175688E-2
7.630000E-8	6.173803E-2
7.635000E-8	6.171576E-2
7.640000E-8	6.171063E-2
7.645000E-8	6.170035E-2
7.650000E-8	6.166266E-2
7.655000E-8	6.163526E-2
7.660000E-8	6.163012E-2
7.665000E-8	6.161813E-2
7.670000E-8	6.160785E-2
7.675000E-8	6.162155E-2
7.680000E-8	6.164382E-2
7.685000E-8	6.166780E-2
7.690000E-8	6.169350E-2
7.695000E-8	6.172776E-2
7.700000E-8	6.175688E-2
7.705000E-8	6.180484E-2
7.710000E-8	6.186822E-2
7.715000E-8	6.191789E-2
7.720000E-8	6.192646E-2
7.725000E-8	6.191104E-2
7.730000E-8	6.188363E-2
7.735000E-8	6.185451E-2
7.740000E-8	6.180655E-2
7.745000E-8	6.174831E-2
7.750000E-8	6.167637E-2
7.755000E-8	6.161813E-2
7.760000E-8	6.159072E-2
7.765000E-8	6.158901E-2
7.770000E-8	6.159757E-2
7.775000E-8	6.161641E-2
7.780000E-8	6.164725E-2
7.785000E-8	6.167294E-2
7.790000E-8	6.169007E-2
7.795000E-8	6.169350E-2
7.800000E-8	6.169350E-2
7.805000E-8	6.167808E-2
7.810000E-8	6.164725E-2
7.815000E-8	6.161984E-2
7.820000E-8	6.161470E-2
7.825000E-8	6.161299E-2
7.830000E-8	6.159757E-2
7.835000E-8	6.158901E-2
7.840000E-8	6.159072E-2
7.845000E-8	6.158558E-2
7.850000E-8	6.154790E-2
7.855000E-8	6.147938E-2
7.860000E-8	6.140743E-2
7.865000E-8	6.134748E-2
7.870000E-8	6.128239E-2
7.875000E-8	6.119674E-2
7.880000E-8	6.110938E-2
7.885000E-8	6.103059E-2
7.890000E-8	6.094323E-2
7.895000E-8	6.089526E-2
7.900000E-8	6.091411E-2
7.905000E-8	6.096549E-2
7.910000E-8	6.099975E-2
7.915000E-8	6.104943E-2
7.920000E-8	6.112480E-2
7.925000E-8	6.116933E-2
7.930000E-8	6.115906E-2
7.935000E-8	6.112137E-2
7.940000E-8	6.106827E-2
7.945000E-8	6.100318E-2
7.950000E-8	6.093295E-2
7.955000E-8	6.087128E-2
7.960000E-8	6.084559E-2
7.965000E-8	6.084559E-2
7.970000E-8	6.083531E-2
7.975000E-8	6.081818E-2
7.980000E-8	6.082846E-2
7.985000E-8	6.085758E-2
7.990000E-8	6.088499E-2
7.995000E-8	6.089698E-2
8.000000E-8	6.087471E-2
8.005000E-8	6.082846E-2
8.010000E-8	6.077878E-2
8.015000E-8	6.072226E-2
8.020000E-8	6.066915E-2
8.025000E-8	6.065031E-2
8.030000E-8	6.068286E-2
8.035000E-8	6.072911E-2
8.040000E-8	6.078735E-2
8.045000E-8	6.086786E-2
8.050000E-8	6.094151E-2
8.055000E-8	6.101860E-2
8.060000E-8	6.109568E-2
8.065000E-8	6.115563E-2
8.070000E-8	6.117447E-2
8.075000E-8	6.118647E-2
8.080000E-8	6.119846E-2
8.085000E-8	6.117105E-2
8.090000E-8	6.109225E-2
8.095000E-8	6.100147E-2
8.100000E-8	6.091239E-2
8.105000E-8	6.083702E-2
8.110000E-8	6.075823E-2
8.115000E-8	6.069485E-2
8.120000E-8	6.066059E-2
8.125000E-8	6.066573E-2
8.130000E-8	6.068971E-2
8.135000E-8	6.072226E-2
8.140000E-8	6.077364E-2
8.145000E-8	6.082675E-2
8.150000E-8	6.086272E-2
8.155000E-8	6.087813E-2
8.160000E-8	6.089012E-2
8.165000E-8	6.087471E-2
8.170000E-8	6.084216E-2
8.175000E-8	6.079934E-2
8.180000E-8	6.076851E-2
8.185000E-8	6.075138E-2
8.190000E-8	6.073425E-2
8.195000E-8	6.071027E-2
8.200000E-8	6.069314E-2
8.205000E-8	6.067772E-2
8.210000E-8	6.063490E-2
8.215000E-8	6.057152E-2
8.220000E-8	6.053726E-2
8.225000E-8	6.051670E-2
8.230000E-8	6.047217E-2
8.235000E-8	6.041221E-2
8.240000E-8	6.037282E-2
8.245000E-8	6.034369E-2
8.250000E-8	6.029231E-2
8.255000E-8	6.024777E-2
8.260000E-8	6.022036E-2
8.265000E-8	6.020152E-2
8.270000E-8	6.021351E-2
8.275000E-8	6.027004E-2
8.280000E-8	6.034198E-2
8.285000E-8	6.043277E-2
8.290000E-8	6.054582E-2
8.295000E-8	6.067087E-2
8.300000E-8	6.079763E-2
8.305000E-8	6.091239E-2
8.310000E-8	6.099975E-2
8.315000E-8	6.105799E-2
8.320000E-8	6.109054E-2
8.325000E-8	6.107855E-2
8.330000E-8	6.101517E-2
8.335000E-8	6.092438E-2
8.340000E-8	6.082161E-2
8.345000E-8	6.068286E-2
8.350000E-8	6.052527E-2
8.355000E-8	6.038652E-2
8.360000E-8	6.027004E-2
8.365000E-8	6.017583E-2
8.370000E-8	6.011930E-2
8.375000E-8	6.010217E-2
8.380000E-8	6.011930E-2
8.385000E-8	6.017583E-2
8.390000E-8	6.025634E-2
8.395000E-8	6.034370E-2
8.400000E-8	6.043448E-2
8.405000E-8	6.050814E-2
8.410000E-8	6.056295E-2
8.415000E-8	6.062291E-2
8.420000E-8	6.066059E-2
8.425000E-8	6.063490E-2
8.430000E-8	6.055096E-2
8.435000E-8	6.047388E-2
8.440000E-8	6.038309E-2
8.445000E-8	6.027004E-2
8.450000E-8	6.016212E-2
8.455000E-8	6.009360E-2
8.460000E-8	6.004050E-2
8.465000E-8	5.999425E-2
8.470000E-8	5.996685E-2
8.475000E-8	5.999083E-2
8.480000E-8	6.006106E-2
8.485000E-8	6.013643E-2
8.490000E-8	6.019638E-2
8.495000E-8	6.025120E-2
8.500000E-8	6.028888E-2
8.505000E-8	6.028032E-2
8.510000E-8	6.022379E-2
8.515000E-8	6.014671E-2
8.520000E-8	6.005078E-2
8.525000E-8	5.992916E-2
8.530000E-8	5.978699E-2
8.535000E-8	5.966194E-2
8.540000E-8	5.956088E-2
8.545000E-8	5.950435E-2
8.550000E-8	5.947180E-2
8.555000E-8	5.947009E-2
8.560000E-8	5.949407E-2
8.565000E-8	5.950435E-2
8.570000E-8	5.949065E-2
8.575000E-8	5.948722E-2
8.580000E-8	5.950778E-2
8.585000E-8	5.951292E-2
8.590000E-8	5.950778E-2
8.595000E-8	5.953861E-2
8.600000E-8	5.958486E-2
8.605000E-8	5.959685E-2
8.610000E-8	5.960713E-2
8.615000E-8	5.964481E-2
8.620000E-8	5.969791E-2
8.625000E-8	5.974245E-2
8.630000E-8	5.979555E-2
8.635000E-8	5.986064E-2
8.640000E-8	5.991717E-2
8.645000E-8	5.994287E-2
8.650000E-8	5.991888E-2
8.655000E-8	5.988291E-2
8.660000E-8	5.985379E-2
8.665000E-8	5.982639E-2
8.670000E-8	5.978870E-2
8.675000E-8	5.977157E-2
8.680000E-8	5.979041E-2
8.685000E-8	5.981268E-2
8.690000E-8	5.982125E-2
8.695000E-8	5.983495E-2
8.700000E-8	5.983152E-2
8.705000E-8	5.979041E-2
8.710000E-8	5.972703E-2
8.715000E-8	5.964139E-2
8.720000E-8	5.953176E-2
8.725000E-8	5.941528E-2
8.730000E-8	5.930394E-2
8.735000E-8	5.921315E-2
8.740000E-8	5.917033E-2
8.745000E-8	5.917718E-2
8.750000E-8	5.920630E-2
8.755000E-8	5.926111E-2
8.760000E-8	5.936046E-2
8.765000E-8	5.947352E-2
8.770000E-8	5.955745E-2
8.775000E-8	5.962083E-2
8.780000E-8	5.968078E-2
8.785000E-8	5.972361E-2
8.790000E-8	5.970819E-2
8.795000E-8	5.963625E-2
8.800000E-8	5.955231E-2
8.805000E-8	5.949065E-2
8.810000E-8	5.942898E-2
8.815000E-8	5.934333E-2
8.820000E-8	5.926454E-2
8.825000E-8	5.918746E-2
8.830000E-8	5.908125E-2
8.835000E-8	5.894764E-2
8.840000E-8	5.881232E-2
8.845000E-8	5.866501E-2
8.850000E-8	5.851769E-2
8.855000E-8	5.839607E-2
8.860000E-8	5.831557E-2
8.865000E-8	5.826418E-2
8.870000E-8	5.825219E-2
8.875000E-8	5.827617E-2
8.880000E-8	5.832071E-2
8.885000E-8	5.840807E-2
8.890000E-8	5.853654E-2
8.895000E-8	5.866843E-2
8.900000E-8	5.876950E-2
8.905000E-8	5.885001E-2
8.910000E-8	5.892880E-2
8.915000E-8	5.898362E-2
8.920000E-8	5.903500E-2
8.925000E-8	5.906584E-2
8.930000E-8	5.906584E-2
8.935000E-8	5.902987E-2
8.940000E-8	5.898533E-2
8.945000E-8	5.894079E-2
8.950000E-8	5.886028E-2
8.955000E-8	5.877635E-2
8.960000E-8	5.871811E-2
8.965000E-8	5.865816E-2
8.970000E-8	5.858107E-2
8.975000E-8	5.851427E-2
8.980000E-8	5.846459E-2
8.985000E-8	5.842006E-2
8.990000E-8	5.837038E-2
8.995000E-8	5.834469E-2
9.000000E-8	5.834469E-2
9.005000E-8	5.836010E-2
9.010000E-8	5.840121E-2
9.015000E-8	5.845603E-2
9.020000E-8	5.850913E-2
9.025000E-8	5.857593E-2
9.030000E-8	5.864616E-2
9.035000E-8	5.869070E-2
9.040000E-8	5.868899E-2
9.045000E-8	5.864445E-2
9.050000E-8	5.854510E-2
9.055000E-8	5.840635E-2
9.060000E-8	5.828816E-2
9.065000E-8	5.819566E-2
9.070000E-8	5.809802E-2
9.075000E-8	5.800038E-2
9.080000E-8	5.793187E-2
9.085000E-8	5.790446E-2
9.090000E-8	5.789247E-2
9.095000E-8	5.789418E-2
9.100000E-8	5.794386E-2
9.105000E-8	5.801409E-2
9.110000E-8	5.806205E-2
9.115000E-8	5.810659E-2
9.120000E-8	5.815455E-2
9.125000E-8	5.818538E-2
9.130000E-8	5.818881E-2
9.135000E-8	5.820080E-2
9.140000E-8	5.823506E-2
9.145000E-8	5.827617E-2
9.150000E-8	5.831043E-2
9.155000E-8	5.834469E-2
9.160000E-8	5.837381E-2
9.165000E-8	5.839950E-2
9.170000E-8	5.842691E-2
9.175000E-8	5.845774E-2
9.180000E-8	5.849029E-2
9.185000E-8	5.849543E-2
9.190000E-8	5.847144E-2
9.195000E-8	5.845432E-2
9.200000E-8	5.842862E-2
9.205000E-8	5.836182E-2
9.210000E-8	5.825904E-2
9.215000E-8	5.816825E-2
9.220000E-8	5.809802E-2
9.225000E-8	5.802437E-2
9.230000E-8	5.796441E-2
9.235000E-8	5.791474E-2
9.240000E-8	5.786335E-2
9.245000E-8	5.781025E-2
9.250000E-8	5.777599E-2
9.255000E-8	5.774515E-2
9.260000E-8	5.770747E-2
9.265000E-8	5.767664E-2
9.270000E-8	5.765094E-2
9.275000E-8	5.763039E-2
9.280000E-8	5.758928E-2
9.285000E-8	5.751391E-2
9.290000E-8	5.741456E-2
9.295000E-8	5.733062E-2
9.300000E-8	5.728095E-2
9.305000E-8	5.724840E-2
9.310000E-8	5.724326E-2
9.315000E-8	5.730493E-2
9.320000E-8	5.743854E-2
9.325000E-8	5.759099E-2
9.330000E-8	5.774173E-2
9.335000E-8	5.788733E-2
9.340000E-8	5.801751E-2
9.345000E-8	5.810316E-2
9.350000E-8	5.813571E-2
9.355000E-8	5.813399E-2
9.360000E-8	5.809631E-2
9.365000E-8	5.801580E-2
9.370000E-8	5.787363E-2
9.375000E-8	5.770233E-2
9.380000E-8	5.752418E-2
9.385000E-8	5.734090E-2
9.390000E-8	5.714905E-2
9.395000E-8	5.698461E-2
9.400000E-8	5.687840E-2
9.405000E-8	5.683215E-2
9.410000E-8	5.681845E-2
9.415000E-8	5.684586E-2
9.420000E-8	5.691266E-2
9.425000E-8	5.700345E-2
9.430000E-8	5.708910E-2
9.435000E-8	5.718502E-2
9.440000E-8	5.730150E-2
9.445000E-8	5.740599E-2
9.450000E-8	5.745224E-2
9.455000E-8	5.746594E-2
9.460000E-8	5.746937E-2
9.465000E-8	5.744025E-2
9.470000E-8	5.736317E-2
9.475000E-8	5.729294E-2
9.480000E-8	5.725525E-2
9.485000E-8	5.723470E-2
9.490000E-8	5.722442E-2
9.495000E-8	5.726039E-2
9.500000E-8	5.735289E-2
9.505000E-8	5.746423E-2
9.510000E-8	5.757215E-2
9.515000E-8	5.766979E-2
9.520000E-8	5.775372E-2
9.525000E-8	5.778969E-2
9.530000E-8	5.777770E-2
9.535000E-8	5.772631E-2
9.540000E-8	5.766465E-2
9.545000E-8	5.758071E-2
9.550000E-8	5.749507E-2
9.555000E-8	5.741627E-2
9.560000E-8	5.736317E-2
9.565000E-8	5.732720E-2
9.570000E-8	5.731863E-2
9.575000E-8	5.732034E-2
9.580000E-8	5.731349E-2
9.585000E-8	5.728437E-2
9.590000E-8	5.725183E-2
9.595000E-8	5.722784E-2
9.600000E-8	5.719701E-2
9.605000E-8	5.713535E-2
9.610000E-8	5.705484E-2
9.615000E-8	5.700516E-2
9.620000E-8	5.700174E-2
9.625000E-8	5.699488E-2
9.630000E-8	5.698289E-2
9.635000E-8	5.700345E-2
9.640000E-8	5.705312E-2
9.645000E-8	5.709081E-2
9.650000E-8	5.709937E-2
9.655000E-8	5.709595E-2
9.660000E-8	5.707025E-2
9.665000E-8	5.702400E-2
9.670000E-8	5.696234E-2
9.675000E-8	5.691438E-2
9.680000E-8	5.689039E-2
9.685000E-8	5.687669E-2
9.690000E-8	5.686470E-2
9.695000E-8	5.688012E-2
9.700000E-8	5.691780E-2
9.705000E-8	5.695035E-2
9.710000E-8	5.697433E-2
9.715000E-8	5.697775E-2
9.720000E-8	5.696576E-2
9.725000E-8	5.693836E-2
9.730000E-8	5.689382E-2
9.735000E-8	5.683729E-2
9.740000E-8	5.678590E-2
9.745000E-8	5.672081E-2
9.750000E-8	5.665229E-2
9.755000E-8	5.660776E-2
9.760000E-8	5.660262E-2
9.765000E-8	5.659577E-2
9.770000E-8	5.657521E-2
9.775000E-8	5.656151E-2
9.780000E-8	5.656836E-2
9.785000E-8	5.657521E-2
9.790000E-8	5.658378E-2
9.795000E-8	5.660433E-2
9.800000E-8	5.662317E-2
9.805000E-8	5.662146E-2
9.810000E-8	5.660262E-2
9.815000E-8	5.656665E-2
9.820000E-8	5.653239E-2
9.825000E-8	5.651526E-2
9.830000E-8	5.649470E-2
9.835000E-8	5.646901E-2
9.840000E-8	5.647243E-2
9.845000E-8	5.650327E-2
9.850000E-8	5.651526E-2
9.855000E-8	5.650669E-2
9.860000E-8	5.651526E-2
9.865000E-8	5.653581E-2
9.870000E-8	5.653239E-2
9.875000E-8	5.652382E-2
9.880000E-8	5.653410E-2
9.885000E-8	5.654267E-2
9.890000E-8	5.650669E-2
9.895000E-8	5.649299E-2
9.900000E-8	5.652211E-2
9.905000E-8	5.654095E-2
9.910000E-8	5.654609E-2
9.915000E-8	5.659063E-2
9.920000E-8	5.664544E-2
9.925000E-8	5.664030E-2
9.930000E-8	5.659234E-2
9.935000E-8	5.655123E-2
9.940000E-8	5.652040E-2
9.945000E-8	5.646387E-2
9.950000E-8	5.639021E-2
9.955000E-8	5.632341E-2
9.960000E-8	5.627887E-2
9.965000E-8	5.623091E-2
9.970000E-8	5.617267E-2
9.975000E-8	5.614184E-2
9.980000E-8	5.615725E-2
9.985000E-8	5.618980E-2
9.990000E-8	5.623605E-2
9.995000E-8	5.632512E-2
1.000000E-7	5.643989E-2
1.000500E-7	5.653239E-2
1.001000E-7	5.658549E-2
1.001500E-7	5.662146E-2
1.002000E-7	5.662831E-2
1.002500E-7	5.661632E-2
1.003000E-7	5.657521E-2
1.003500E-7	5.651012E-2
1.004000E-7	5.643989E-2
1.004500E-7	5.635938E-2
1.005000E-7	5.625146E-2
1.005500E-7	5.615040E-2
1.006000E-7	5.609730E-2
1.006500E-7	5.605961E-2
1.007000E-7	5.599966E-2
1.007500E-7	5.595341E-2
1.008000E-7	5.593628E-2
1.008500E-7	5.591059E-2
1.009000E-7	5.584550E-2
1.009500E-7	5.579240E-2
1.010000E-7	5.577013E-2
1.010500E-7	5.573758E-2
1.011000E-7	5.568105E-2
1.011500E-7	5.566392E-2
1.012000E-7	5.569990E-2
1.012500E-7	5.573758E-2
1.013000E-7	5.575128E-2
1.013500E-7	5.578040E-2
1.014000E-7	5.584207E-2
1.014500E-7	5.590374E-2
1.015000E-7	5.594827E-2
1.015500E-7	5.598596E-2
1.016000E-7	5.604077E-2
1.016500E-7	5.609730E-2
1.017000E-7	5.611272E-2
1.017500E-7	5.608360E-2
1.018000E-7	5.604077E-2
1.018500E-7	5.598767E-2
1.019000E-7	5.590031E-2
1.019500E-7	5.580953E-2
1.020000E-7	5.574101E-2
1.020500E-7	5.567592E-2
1.021000E-7	5.560740E-2
1.021500E-7	5.556971E-2
1.022000E-7	5.556115E-2
1.022500E-7	5.555601E-2
1.023000E-7	5.557485E-2
1.023500E-7	5.562453E-2
1.024000E-7	5.567592E-2
1.024500E-7	5.571874E-2
1.025000E-7	5.578726E-2
1.025500E-7	5.586434E-2
1.026000E-7	5.589860E-2
1.026500E-7	5.590202E-2
1.027000E-7	5.588147E-2
1.027500E-7	5.583693E-2
1.028000E-7	5.575128E-2
1.028500E-7	5.563309E-2
1.029000E-7	5.550462E-2
1.029500E-7	5.538643E-2
1.030000E-7	5.529393E-2
1.030500E-7	5.522884E-2
1.031000E-7	5.517402E-2
1.031500E-7	5.514148E-2
1.032000E-7	5.513634E-2
1.032500E-7	5.514319E-2
1.033000E-7	5.513805E-2
1.033500E-7	5.513634E-2
1.034000E-7	5.516032E-2
1.034500E-7	5.518772E-2
1.035000E-7	5.517916E-2
1.035500E-7	5.518259E-2
1.036000E-7	5.521856E-2
1.036500E-7	5.525624E-2
1.037000E-7	5.526138E-2
1.037500E-7	5.527337E-2
1.038000E-7	5.530421E-2
1.038500E-7	5.531106E-2
1.039000E-7	5.530078E-2
1.039500E-7	5.531962E-2
1.040000E-7	5.534532E-2
1.040500E-7	5.534874E-2
1.041000E-7	5.534018E-2
1.041500E-7	5.535388E-2
1.042000E-7	5.535902E-2
1.042500E-7	5.532476E-2
1.043000E-7	5.527509E-2
1.043500E-7	5.521171E-2
1.044000E-7	5.515518E-2
1.044500E-7	5.510893E-2
1.045000E-7	5.506097E-2
1.045500E-7	5.500273E-2
1.046000E-7	5.495819E-2
1.046500E-7	5.493421E-2
1.047000E-7	5.492564E-2
1.047500E-7	5.492564E-2
1.048000E-7	5.493078E-2
1.048500E-7	5.491708E-2
1.049000E-7	5.492222E-2
1.049500E-7	5.497018E-2
1.050000E-7	5.502157E-2
1.050500E-7	5.504213E-2
1.051000E-7	5.507296E-2
1.051500E-7	5.512263E-2
1.052000E-7	5.518087E-2
1.052500E-7	5.522712E-2
1.053000E-7	5.524597E-2
1.053500E-7	5.526823E-2
1.054000E-7	5.530249E-2
1.054500E-7	5.530421E-2
1.055000E-7	5.523911E-2
1.055500E-7	5.513976E-2
1.056000E-7	5.503185E-2
1.056500E-7	5.488967E-2
1.057000E-7	5.471838E-2
1.057500E-7	5.457107E-2
1.058000E-7	5.446486E-2
1.058500E-7	5.436551E-2
1.059000E-7	5.429014E-2
1.059500E-7	5.427473E-2
1.060000E-7	5.431412E-2
1.060500E-7	5.438264E-2
1.061000E-7	5.446829E-2
1.061500E-7	5.458134E-2
1.062000E-7	5.468583E-2
1.062500E-7	5.475435E-2
1.063000E-7	5.477833E-2
1.063500E-7	5.478347E-2
1.064000E-7	5.477319E-2
1.064500E-7	5.474921E-2
1.065000E-7	5.471667E-2
1.065500E-7	5.468755E-2
1.066000E-7	5.467727E-2
1.066500E-7	5.469782E-2
1.067000E-7	5.472866E-2
1.067500E-7	5.476292E-2
1.068000E-7	5.482629E-2
1.068500E-7	5.489652E-2
1.069000E-7	5.493764E-2
1.069500E-7	5.495990E-2
1.070000E-7	5.499759E-2
1.070500E-7	5.501472E-2
1.071000E-7	5.500444E-2
1.071500E-7	5.499588E-2
1.072000E-7	5.499245E-2
1.072500E-7	5.497703E-2
1.073000E-7	5.493764E-2
1.073500E-7	5.488453E-2
1.074000E-7	5.482972E-2
1.074500E-7	5.477148E-2
1.075000E-7	5.470296E-2
1.075500E-7	5.465671E-2
1.076000E-7	5.463273E-2
1.076500E-7	5.459847E-2
1.077000E-7	5.453338E-2
1.077500E-7	5.449741E-2
1.078000E-7	5.450426E-2
1.078500E-7	5.448370E-2
1.079000E-7	5.442375E-2
1.079500E-7	5.436894E-2
1.080000E-7	5.432611E-2
1.080500E-7	5.425588E-2
1.081000E-7	5.417537E-2
1.081500E-7	5.411885E-2
1.082000E-7	5.408116E-2
1.082500E-7	5.403834E-2
1.083000E-7	5.399894E-2
1.083500E-7	5.398524E-2
1.084000E-7	5.398010E-2
1.084500E-7	5.398352E-2
1.085000E-7	5.401093E-2
1.085500E-7	5.405718E-2
1.086000E-7	5.410343E-2
1.086500E-7	5.412570E-2
1.087000E-7	5.412741E-2
1.087500E-7	5.411371E-2
1.088000E-7	5.410514E-2
1.088500E-7	5.409487E-2
1.089000E-7	5.407260E-2
1.089500E-7	5.403491E-2
1.090000E-7	5.401436E-2
1.090500E-7	5.402464E-2
1.091000E-7	5.406575E-2
1.091500E-7	5.412741E-2
1.092000E-7	5.421306E-2
1.092500E-7	5.431412E-2
1.093000E-7	5.439634E-2
1.093500E-7	5.445287E-2
1.094000E-7	5.448884E-2
1.094500E-7	5.448199E-2
1.095000E-7	5.439977E-2
1.095500E-7	5.426787E-2
1.096000E-7	5.412741E-2
1.096500E-7	5.397325E-2
1.097000E-7	5.382593E-2
1.097500E-7	5.373172E-2
1.098000E-7	5.370603E-2
1.098500E-7	5.369746E-2
1.099000E-7	5.370774E-2
1.099500E-7	5.376769E-2
1.100000E-7	5.386704E-2
1.100500E-7	5.394413E-2
1.101000E-7	5.398352E-2
1.101500E-7	5.400408E-2
1.102000E-7	5.400922E-2
1.102500E-7	5.399723E-2
1.103000E-7	5.394755E-2
1.103500E-7	5.388589E-2
1.104000E-7	5.383964E-2
1.104500E-7	5.382251E-2
1.105000E-7	5.380709E-2
1.105500E-7	5.381052E-2
1.106000E-7	5.386019E-2
1.106500E-7	5.394070E-2
1.107000E-7	5.401436E-2
1.107500E-7	5.407088E-2
1.108000E-7	5.412056E-2
1.108500E-7	5.416852E-2
1.109000E-7	5.420621E-2
1.109500E-7	5.423019E-2
1.110000E-7	5.424218E-2
1.110500E-7	5.422848E-2
1.111000E-7	5.417024E-2
1.111500E-7	5.410514E-2
1.112000E-7	5.407260E-2
1.112500E-7	5.405547E-2
1.113000E-7	5.400751E-2
1.113500E-7	5.396126E-2
1.114000E-7	5.393899E-2
1.114500E-7	5.389103E-2
1.115000E-7	5.378825E-2
1.115500E-7	5.367519E-2
1.116000E-7	5.360154E-2
1.116500E-7	5.353816E-2
1.117000E-7	5.345594E-2
1.117500E-7	5.338057E-2
1.118000E-7	5.332061E-2
1.118500E-7	5.327094E-2
1.119000E-7	5.322983E-2
1.119500E-7	5.320756E-2
1.120000E-7	5.322126E-2
1.120500E-7	5.326409E-2
1.121000E-7	5.332061E-2
1.121500E-7	5.339084E-2
1.122000E-7	5.346964E-2
1.122500E-7	5.355186E-2
1.123000E-7	5.360839E-2
1.123500E-7	5.365806E-2
1.124000E-7	5.370431E-2
1.124500E-7	5.374714E-2
1.125000E-7	5.376769E-2
1.125500E-7	5.377797E-2
1.126000E-7	5.376769E-2
1.126500E-7	5.373686E-2
1.127000E-7	5.369746E-2
1.127500E-7	5.367519E-2
1.128000E-7	5.364436E-2
1.128500E-7	5.358270E-2
1.129000E-7	5.350904E-2
1.129500E-7	5.344737E-2
1.130000E-7	5.337714E-2
1.130500E-7	5.330348E-2
1.131000E-7	5.322811E-2
1.131500E-7	5.314932E-2
1.132000E-7	5.305511E-2
1.132500E-7	5.297460E-2
1.133000E-7	5.291807E-2
1.133500E-7	5.288039E-2
1.134000E-7	5.285469E-2
1.134500E-7	5.284441E-2
1.135000E-7	5.282386E-2
1.135500E-7	5.278446E-2
1.136000E-7	5.274678E-2
1.136500E-7	5.270053E-2
1.137000E-7	5.263372E-2
1.137500E-7	5.256007E-2
1.138000E-7	5.251210E-2
1.138500E-7	5.249326E-2
1.139000E-7	5.249497E-2
1.139500E-7	5.251724E-2
1.140000E-7	5.255835E-2
1.140500E-7	5.259775E-2
1.141000E-7	5.263715E-2
1.141500E-7	5.269196E-2
1.142000E-7	5.275020E-2
1.142500E-7	5.279645E-2
1.143000E-7	5.282043E-2
1.143500E-7	5.283071E-2
1.144000E-7	5.284613E-2
1.144500E-7	5.287182E-2
1.145000E-7	5.289752E-2
1.145500E-7	5.292492E-2
1.146000E-7	5.294890E-2
1.146500E-7	5.295233E-2
1.147000E-7	5.292835E-2
1.147500E-7	5.290437E-2
1.148000E-7	5.288895E-2
1.148500E-7	5.286668E-2
1.149000E-7	5.283071E-2
1.149500E-7	5.278960E-2
1.150000E-7	5.275534E-2
1.150500E-7	5.274849E-2
1.151000E-7	5.275705E-2
1.151500E-7	5.276219E-2
1.152000E-7	5.279988E-2
1.152500E-7	5.287867E-2
1.153000E-7	5.295747E-2
1.153500E-7	5.302599E-2
1.154000E-7	5.309451E-2
1.154500E-7	5.311335E-2
1.155000E-7	5.305339E-2
1.155500E-7	5.295918E-2
1.156000E-7	5.286154E-2
1.156500E-7	5.273821E-2
1.157000E-7	5.259432E-2
1.157500E-7	5.246757E-2
1.158000E-7	5.236136E-2
1.158500E-7	5.226544E-2
1.159000E-7	5.219692E-2
1.159500E-7	5.217294E-2
1.160000E-7	5.221234E-2
1.160500E-7	5.229627E-2
1.161000E-7	5.241446E-2
1.161500E-7	5.255835E-2
1.162000E-7	5.272622E-2
1.162500E-7	5.288553E-2
1.163000E-7	5.301057E-2
1.163500E-7	5.308594E-2
1.164000E-7	5.311849E-2
1.164500E-7	5.312534E-2
1.165000E-7	5.309279E-2
1.165500E-7	5.301400E-2
1.166000E-7	5.289238E-2
1.166500E-7	5.275020E-2
1.167000E-7	5.259604E-2
1.167500E-7	5.244530E-2
1.168000E-7	5.231511E-2
1.168500E-7	5.220891E-2
1.169000E-7	5.213183E-2
1.169500E-7	5.210785E-2
1.170000E-7	5.213183E-2
1.170500E-7	5.219007E-2
1.171000E-7	5.228257E-2
1.171500E-7	5.241789E-2
1.172000E-7	5.256521E-2
1.172500E-7	5.267655E-2
1.173000E-7	5.274849E-2
1.173500E-7	5.279645E-2
1.174000E-7	5.283071E-2
1.174500E-7	5.282557E-2
1.175000E-7	5.275705E-2
1.175500E-7	5.265942E-2
1.176000E-7	5.255493E-2
1.176500E-7	5.242132E-2
1.177000E-7	5.228257E-2
1.177500E-7	5.219349E-2
1.178000E-7	5.214896E-2
1.178500E-7	5.210613E-2
1.179000E-7	5.207188E-2
1.179500E-7	5.206331E-2
1.180000E-7	5.207530E-2
1.180500E-7	5.210100E-2
1.181000E-7	5.212498E-2
1.181500E-7	5.215752E-2
1.182000E-7	5.220377E-2
1.182500E-7	5.223289E-2
1.183000E-7	5.220720E-2
1.183500E-7	5.215067E-2
1.184000E-7	5.210100E-2
1.184500E-7	5.204961E-2
1.185000E-7	5.197424E-2
1.185500E-7	5.191600E-2
1.186000E-7	5.191942E-2
1.186500E-7	5.194683E-2
1.187000E-7	5.195026E-2
1.187500E-7	5.194854E-2
1.188000E-7	5.197938E-2
1.188500E-7	5.202049E-2
1.189000E-7	5.203248E-2
1.189500E-7	5.203248E-2
1.190000E-7	5.202905E-2
1.190500E-7	5.196910E-2
1.191000E-7	5.184234E-2
1.191500E-7	5.171558E-2
1.192000E-7	5.160938E-2
1.192500E-7	5.150489E-2
1.193000E-7	5.141068E-2
1.193500E-7	5.135244E-2
1.194000E-7	5.134901E-2
1.194500E-7	5.138498E-2
1.195000E-7	5.145008E-2
1.195500E-7	5.154600E-2
1.196000E-7	5.166591E-2
1.196500E-7	5.178067E-2
1.197000E-7	5.187146E-2
1.197500E-7	5.193141E-2
1.198000E-7	5.198280E-2
1.198500E-7	5.200678E-2
1.199000E-7	5.198965E-2
1.199500E-7	5.196225E-2
1.200000E-7	5.193655E-2
1.200500E-7	5.191257E-2
1.201000E-7	5.187146E-2
1.201500E-7	5.183720E-2
1.202000E-7	5.184234E-2
1.202500E-7	5.186290E-2
1.203000E-7	5.188516E-2
1.203500E-7	5.191428E-2
1.204000E-7	5.193998E-2
1.204500E-7	5.191942E-2
1.205000E-7	5.187317E-2
1.205500E-7	5.181151E-2
1.206000E-7	5.171044E-2
1.206500E-7	5.156827E-2
1.207000E-7	5.142609E-2
1.207500E-7	5.130619E-2
1.208000E-7	5.122225E-2
1.208500E-7	5.118457E-2
1.209000E-7	5.118286E-2
1.209500E-7	5.121540E-2
1.210000E-7	5.131475E-2
1.210500E-7	5.146035E-2
1.211000E-7	5.160595E-2
1.211500E-7	5.175327E-2
1.212000E-7	5.191257E-2
1.212500E-7	5.202905E-2
1.213000E-7	5.209072E-2
1.213500E-7	5.211470E-2
1.214000E-7	5.208900E-2
1.214500E-7	5.199137E-2
1.215000E-7	5.186461E-2
1.215500E-7	5.171901E-2
1.216000E-7	5.157855E-2
1.216500E-7	5.146378E-2
1.217000E-7	5.137642E-2
1.217500E-7	5.130961E-2
1.218000E-7	5.127707E-2
1.218500E-7	5.127878E-2
1.219000E-7	5.129591E-2
1.219500E-7	5.133360E-2
1.220000E-7	5.139012E-2
1.220500E-7	5.143809E-2
1.221000E-7	5.147234E-2
1.221500E-7	5.148262E-2
1.222000E-7	5.148091E-2
1.222500E-7	5.145521E-2
1.223000E-7	5.141410E-2
1.223500E-7	5.136957E-2
1.224000E-7	5.134559E-2
1.224500E-7	5.135244E-2
1.225000E-7	5.135929E-2
1.225500E-7	5.134045E-2
1.226000E-7	5.131989E-2
1.226500E-7	5.130790E-2
1.227000E-7	5.128735E-2
1.227500E-7	5.125994E-2
1.228000E-7	5.123425E-2
1.228500E-7	5.121026E-2
1.229000E-7	5.117772E-2
1.229500E-7	5.114689E-2
1.230000E-7	5.114003E-2
1.230500E-7	5.115545E-2
1.231000E-7	5.118114E-2
1.231500E-7	5.121712E-2
1.232000E-7	5.128563E-2
1.232500E-7	5.136272E-2
1.233000E-7	5.142610E-2
1.233500E-7	5.145179E-2
1.234000E-7	5.146549E-2
1.234500E-7	5.146378E-2
1.235000E-7	5.141582E-2
1.235500E-7	5.129420E-2
1.236000E-7	5.114688E-2
1.236500E-7	5.101670E-2
1.237000E-7	5.089508E-2
1.237500E-7	5.079059E-2
1.238000E-7	5.074434E-2
1.238500E-7	5.074092E-2
1.239000E-7	5.076318E-2
1.239500E-7	5.083341E-2
1.240000E-7	5.092934E-2
1.240500E-7	5.101499E-2
1.241000E-7	5.109550E-2
1.241500E-7	5.115887E-2
1.242000E-7	5.116230E-2
1.242500E-7	5.111605E-2
1.243000E-7	5.105267E-2
1.243500E-7	5.095675E-2
1.244000E-7	5.083684E-2
1.244500E-7	5.071351E-2
1.245000E-7	5.060217E-2
1.245500E-7	5.049083E-2
1.246000E-7	5.041203E-2
1.246500E-7	5.037948E-2
1.247000E-7	5.037948E-2
1.247500E-7	5.040347E-2
1.248000E-7	5.044115E-2
1.248500E-7	5.048226E-2
1.249000E-7	5.051823E-2
1.249500E-7	5.053708E-2
1.250000E-7	5.053879E-2
1.250500E-7	5.052337E-2
1.251000E-7	5.047370E-2
1.251500E-7	5.042745E-2
1.252000E-7	5.039661E-2
1.252500E-7	5.036749E-2
1.253000E-7	5.033837E-2
1.253500E-7	5.034009E-2
1.254000E-7	5.035036E-2
1.254500E-7	5.035208E-2
1.255000E-7	5.036407E-2
1.255500E-7	5.039661E-2
1.256000E-7	5.041888E-2
1.256500E-7	5.044115E-2
1.257000E-7	5.045657E-2
1.257500E-7	5.046171E-2
1.258000E-7	5.045314E-2
1.258500E-7	5.045314E-2
1.259000E-7	5.045314E-2
1.259500E-7	5.045314E-2
1.260000E-7	5.047712E-2
1.260500E-7	5.053365E-2
1.261000E-7	5.061073E-2
1.261500E-7	5.068268E-2
1.262000E-7	5.074434E-2
1.262500E-7	5.077175E-2
1.263000E-7	5.077175E-2
1.263500E-7	5.075119E-2
1.264000E-7	5.069981E-2
1.264500E-7	5.060731E-2
1.265000E-7	5.049597E-2
1.265500E-7	5.038976E-2
1.266000E-7	5.029555E-2
1.266500E-7	5.021162E-2
1.267000E-7	5.016537E-2
1.267500E-7	5.015166E-2
1.268000E-7	5.015338E-2
1.268500E-7	5.015680E-2
1.269000E-7	5.017222E-2
1.269500E-7	5.019106E-2
1.270000E-7	5.018935E-2
1.270500E-7	5.016194E-2
1.271000E-7	5.011055E-2
1.271500E-7	5.006259E-2
1.272000E-7	5.003004E-2
1.272500E-7	5.000777E-2
1.273000E-7	4.999407E-2
1.273500E-7	5.003176E-2
1.274000E-7	5.012597E-2
1.274500E-7	5.024930E-2
1.275000E-7	5.039833E-2
1.275500E-7	5.055934E-2
1.276000E-7	5.069295E-2
1.276500E-7	5.080087E-2
1.277000E-7	5.088823E-2
1.277500E-7	5.092078E-2
1.278000E-7	5.089680E-2
1.278500E-7	5.084883E-2
1.279000E-7	5.078032E-2
1.279500E-7	5.069809E-2
1.280000E-7	5.063814E-2
1.280500E-7	5.057990E-2
1.281000E-7	5.048055E-2
1.281500E-7	5.036064E-2
1.282000E-7	5.026129E-2
1.282500E-7	5.019620E-2
1.283000E-7	5.014481E-2
1.283500E-7	5.011740E-2
1.284000E-7	5.013967E-2
1.284500E-7	5.019963E-2
1.285000E-7	5.026129E-2
1.285500E-7	5.032467E-2
1.286000E-7	5.040518E-2
1.286500E-7	5.048911E-2
1.287000E-7	5.055249E-2
1.287500E-7	5.060046E-2
1.288000E-7	5.062444E-2
1.288500E-7	5.059874E-2
1.289000E-7	5.052166E-2
1.289500E-7	5.042402E-2
1.290000E-7	5.030754E-2
1.290500E-7	5.016194E-2
1.291000E-7	5.002148E-2
1.291500E-7	4.991699E-2
1.292000E-7	4.984676E-2
1.292500E-7	4.979366E-2
1.293000E-7	4.975255E-2
1.293500E-7	4.975426E-2
1.294000E-7	4.980565E-2
1.294500E-7	4.988958E-2
1.295000E-7	4.998037E-2
1.295500E-7	5.009000E-2
1.296000E-7	5.022018E-2
1.296500E-7	5.033324E-2
1.297000E-7	5.040518E-2
1.297500E-7	5.043773E-2
1.298000E-7	5.045143E-2
1.298500E-7	5.042402E-2
1.299000E-7	5.035722E-2
1.299500E-7	5.027157E-2
1.300000E-7	5.020305E-2
1.300500E-7	5.013967E-2
1.301000E-7	5.006430E-2
1.301500E-7	5.000949E-2
1.302000E-7	5.000606E-2
1.302500E-7	5.004375E-2
1.303000E-7	5.008314E-2
1.303500E-7	5.011912E-2
1.304000E-7	5.015337E-2
1.304500E-7	5.016708E-2
1.305000E-7	5.015166E-2
1.305500E-7	5.012254E-2
1.306000E-7	5.007629E-2
1.306500E-7	5.000777E-2
1.307000E-7	4.991870E-2
1.307500E-7	4.982792E-2
1.308000E-7	4.976968E-2
1.308500E-7	4.973713E-2
1.309000E-7	4.973542E-2
1.309500E-7	4.976625E-2
1.310000E-7	4.982792E-2
1.310500E-7	4.989129E-2
1.311000E-7	4.994953E-2
1.311500E-7	5.000264E-2
1.312000E-7	5.001805E-2
1.312500E-7	4.998551E-2
1.313000E-7	4.993754E-2
1.313500E-7	4.987588E-2
1.314000E-7	4.978680E-2
1.314500E-7	4.967204E-2
1.315000E-7	4.954870E-2
1.315500E-7	4.946820E-2
1.316000E-7	4.945449E-2
1.316500E-7	4.947847E-2
1.317000E-7	4.950246E-2
1.317500E-7	4.954870E-2
1.318000E-7	4.962921E-2
1.318500E-7	4.967889E-2
1.319000E-7	4.967204E-2
1.319500E-7	4.964120E-2
1.320000E-7	4.959838E-2
1.320500E-7	4.952815E-2
1.321000E-7	4.943222E-2
1.321500E-7	4.933287E-2
1.322000E-7	4.924723E-2
1.322500E-7	4.917700E-2
1.323000E-7	4.913075E-2
1.323500E-7	4.910163E-2
1.324000E-7	4.909306E-2
1.324500E-7	4.910677E-2
1.325000E-7	4.913931E-2
1.325500E-7	4.917700E-2
1.326000E-7	4.920440E-2
1.326500E-7	4.921468E-2
1.327000E-7	4.920783E-2
1.327500E-7	4.918042E-2
1.328000E-7	4.915473E-2
1.328500E-7	4.912390E-2
1.329000E-7	4.906908E-2
1.329500E-7	4.900570E-2
1.330000E-7	4.898001E-2
1.330500E-7	4.898001E-2
1.331000E-7	4.897144E-2
1.331500E-7	4.896459E-2
1.332000E-7	4.900913E-2
1.332500E-7	4.910334E-2
1.333000E-7	4.916843E-2
1.333500E-7	4.921468E-2
1.334000E-7	4.927121E-2
1.334500E-7	4.932431E-2
1.335000E-7	4.933801E-2
1.335500E-7	4.931403E-2
1.336000E-7	4.926607E-2
1.336500E-7	4.917357E-2
1.337000E-7	4.903653E-2
1.337500E-7	4.888408E-2
1.338000E-7	4.875219E-2
1.338500E-7	4.865283E-2
1.339000E-7	4.856719E-2
1.339500E-7	4.850723E-2
1.340000E-7	4.849353E-2
1.340500E-7	4.854663E-2
1.341000E-7	4.863228E-2
1.341500E-7	4.876075E-2
1.342000E-7	4.893890E-2
1.342500E-7	4.915473E-2
1.343000E-7	4.935514E-2
1.343500E-7	4.954357E-2
1.344000E-7	4.972171E-2
1.344500E-7	4.984676E-2
1.345000E-7	4.990157E-2
1.345500E-7	4.990500E-2
1.346000E-7	4.987417E-2
1.346500E-7	4.979537E-2
1.347000E-7	4.966176E-2
1.347500E-7	4.949047E-2
1.348000E-7	4.930375E-2
1.348500E-7	4.910848E-2
1.349000E-7	4.890978E-2
1.349500E-7	4.873848E-2
1.350000E-7	4.862200E-2
1.350500E-7	4.854663E-2
1.351000E-7	4.848497E-2
1.351500E-7	4.845071E-2
1.352000E-7	4.846784E-2
1.352500E-7	4.851409E-2
1.353000E-7	4.855691E-2
1.353500E-7	4.861172E-2
1.354000E-7	4.868367E-2
1.354500E-7	4.872478E-2
1.355000E-7	4.870594E-2
1.355500E-7	4.866996E-2
1.356000E-7	4.863399E-2
1.356500E-7	4.857061E-2
1.357000E-7	4.847126E-2
1.357500E-7	4.836335E-2
1.358000E-7	4.826400E-2
1.358500E-7	4.817664E-2
1.359000E-7	4.810127E-2
1.359500E-7	4.806701E-2
1.360000E-7	4.808071E-2
1.360500E-7	4.812011E-2
1.361000E-7	4.816807E-2
1.361500E-7	4.821603E-2
1.362000E-7	4.828455E-2
1.362500E-7	4.836506E-2
1.363000E-7	4.843529E-2
1.363500E-7	4.850895E-2
1.364000E-7	4.859459E-2
1.364500E-7	4.866311E-2
1.365000E-7	4.867681E-2
1.365500E-7	4.868367E-2
1.366000E-7	4.871279E-2
1.366500E-7	4.870765E-2
1.367000E-7	4.865626E-2
1.367500E-7	4.862200E-2
1.368000E-7	4.861858E-2
1.368500E-7	4.858432E-2
1.369000E-7	4.853807E-2
1.369500E-7	4.851580E-2
1.370000E-7	4.851237E-2
1.370500E-7	4.849524E-2
1.371000E-7	4.848839E-2
1.371500E-7	4.847983E-2
1.372000E-7	4.845413E-2
1.372500E-7	4.842844E-2
1.373000E-7	4.841131E-2
1.373500E-7	4.837705E-2
1.374000E-7	4.833423E-2
1.374500E-7	4.829997E-2
1.375000E-7	4.826057E-2
1.375500E-7	4.820233E-2
1.376000E-7	4.815094E-2
1.376500E-7	4.809441E-2
1.377000E-7	4.801733E-2
1.377500E-7	4.793340E-2
1.378000E-7	4.790085E-2
1.378500E-7	4.791798E-2
1.379000E-7	4.794025E-2
1.379500E-7	4.798821E-2
1.380000E-7	4.808756E-2
1.380500E-7	4.820062E-2
1.381000E-7	4.828626E-2
1.381500E-7	4.836506E-2
1.382000E-7	4.845071E-2
1.382500E-7	4.849353E-2
1.383000E-7	4.845927E-2
1.383500E-7	4.837876E-2
1.384000E-7	4.828626E-2
1.384500E-7	4.817321E-2
1.385000E-7	4.804816E-2
1.385500E-7	4.792483E-2
1.386000E-7	4.783062E-2
1.386500E-7	4.778437E-2
1.387000E-7	4.778780E-2
1.387500E-7	4.784432E-2
1.388000E-7	4.794025E-2
1.388500E-7	4.806015E-2
1.389000E-7	4.818691E-2
1.389500E-7	4.829483E-2
1.390000E-7	4.837534E-2
1.390500E-7	4.842330E-2
1.391000E-7	4.842159E-2
1.391500E-7	4.837876E-2
1.392000E-7	4.830853E-2
1.392500E-7	4.822288E-2
1.393000E-7	4.810983E-2
1.393500E-7	4.800363E-2
1.394000E-7	4.795224E-2
1.394500E-7	4.794881E-2
1.395000E-7	4.795224E-2
1.395500E-7	4.798992E-2
1.396000E-7	4.806872E-2
1.396500E-7	4.815265E-2
1.397000E-7	4.821089E-2
1.397500E-7	4.825714E-2
1.398000E-7	4.829654E-2
1.398500E-7	4.830339E-2
1.399000E-7	4.826742E-2
1.399500E-7	4.819548E-2
1.400000E-7	4.810640E-2
1.400500E-7	4.799849E-2
1.401000E-7	4.785460E-2
1.401500E-7	4.771071E-2
1.402000E-7	4.758224E-2
1.402500E-7	4.746405E-2
1.403000E-7	4.734072E-2
1.403500E-7	4.724137E-2
1.404000E-7	4.717970E-2
1.404500E-7	4.714715E-2
1.405000E-7	4.714715E-2
1.405500E-7	4.719169E-2
1.406000E-7	4.727049E-2
1.406500E-7	4.737669E-2
1.407000E-7	4.751201E-2
1.407500E-7	4.765419E-2
1.408000E-7	4.778437E-2
1.408500E-7	4.790256E-2
1.409000E-7	4.800020E-2
1.409500E-7	4.805673E-2
1.410000E-7	4.807728E-2
1.410500E-7	4.808071E-2
1.411000E-7	4.805844E-2
1.411500E-7	4.801562E-2
1.412000E-7	4.797108E-2
1.412500E-7	4.790599E-2
1.413000E-7	4.780321E-2
1.413500E-7	4.771243E-2
1.414000E-7	4.766104E-2
1.414500E-7	4.762849E-2
1.415000E-7	4.760622E-2
1.415500E-7	4.761993E-2
1.416000E-7	4.766960E-2
1.416500E-7	4.772442E-2
1.417000E-7	4.778951E-2
1.417500E-7	4.785118E-2
1.418000E-7	4.787858E-2
1.418500E-7	4.787516E-2
1.419000E-7	4.784775E-2
1.419500E-7	4.778951E-2
1.420000E-7	4.771585E-2
1.420500E-7	4.763363E-2
1.421000E-7	4.753085E-2
1.421500E-7	4.740238E-2
1.422000E-7	4.730303E-2
1.422500E-7	4.722766E-2
1.423000E-7	4.714030E-2
1.423500E-7	4.708206E-2
1.424000E-7	4.709234E-2
1.424500E-7	4.713516E-2
1.425000E-7	4.717285E-2
1.425500E-7	4.724822E-2
1.426000E-7	4.736812E-2
1.426500E-7	4.748118E-2
1.427000E-7	4.757710E-2
1.427500E-7	4.768673E-2
1.428000E-7	4.777581E-2
1.428500E-7	4.783233E-2
1.429000E-7	4.785460E-2
1.429500E-7	4.784090E-2
1.430000E-7	4.778437E-2
1.430500E-7	4.772099E-2
1.431000E-7	4.764048E-2
1.431500E-7	4.753599E-2
1.432000E-7	4.743836E-2
1.432500E-7	4.736641E-2
1.433000E-7	4.730475E-2
1.433500E-7	4.724651E-2
1.434000E-7	4.722081E-2
1.434500E-7	4.721739E-2
1.435000E-7	4.723452E-2
1.435500E-7	4.729618E-2
1.436000E-7	4.739039E-2
1.436500E-7	4.748461E-2
1.437000E-7	4.757025E-2
1.437500E-7	4.765761E-2
1.438000E-7	4.774155E-2
1.438500E-7	4.779122E-2
1.439000E-7	4.778951E-2
1.439500E-7	4.773127E-2
1.440000E-7	4.763363E-2
1.440500E-7	4.749659E-2
1.441000E-7	4.731160E-2
1.441500E-7	4.710433E-2
1.442000E-7	4.691933E-2
1.442500E-7	4.677031E-2
1.443000E-7	4.665725E-2
1.443500E-7	4.660244E-2
1.444000E-7	4.661957E-2
1.444500E-7	4.669836E-2
1.445000E-7	4.681484E-2
1.445500E-7	4.696044E-2
1.446000E-7	4.712146E-2
1.446500E-7	4.726192E-2
1.447000E-7	4.736299E-2
1.447500E-7	4.741266E-2
1.448000E-7	4.743150E-2
1.448500E-7	4.741951E-2
1.449000E-7	4.735442E-2
1.449500E-7	4.724137E-2
1.450000E-7	4.710947E-2
1.450500E-7	4.698442E-2
1.451000E-7	4.685595E-2
1.451500E-7	4.673776E-2
1.452000E-7	4.666239E-2
1.452500E-7	4.662128E-2
1.453000E-7	4.660758E-2
1.453500E-7	4.662984E-2
1.454000E-7	4.667609E-2
1.454500E-7	4.672234E-2
1.455000E-7	4.676859E-2
1.455500E-7	4.680799E-2
1.456000E-7	4.684396E-2
1.456500E-7	4.687822E-2
1.457000E-7	4.690563E-2
1.457500E-7	4.690563E-2
1.458000E-7	4.688336E-2
1.458500E-7	4.687651E-2
1.459000E-7	4.687651E-2
1.459500E-7	4.686452E-2
1.460000E-7	4.685938E-2
1.460500E-7	4.688165E-2
1.461000E-7	4.691762E-2
1.461500E-7	4.696044E-2
1.462000E-7	4.701526E-2
1.462500E-7	4.706836E-2
1.463000E-7	4.711118E-2
1.463500E-7	4.713688E-2
1.464000E-7	4.715401E-2
1.464500E-7	4.715572E-2
1.465000E-7	4.713003E-2
1.465500E-7	4.709234E-2
1.466000E-7	4.705808E-2
1.466500E-7	4.700498E-2
1.467000E-7	4.692447E-2
1.467500E-7	4.683711E-2
1.468000E-7	4.677373E-2
1.468500E-7	4.672748E-2
1.469000E-7	4.667952E-2
1.469500E-7	4.662471E-2
1.470000E-7	4.659559E-2
1.470500E-7	4.661271E-2
1.471000E-7	4.663498E-2
1.471500E-7	4.662471E-2
1.472000E-7	4.662642E-2
1.472500E-7	4.665725E-2
1.473000E-7	4.667267E-2
1.473500E-7	4.667267E-2
1.474000E-7	4.670350E-2
1.474500E-7	4.675318E-2
1.475000E-7	4.675832E-2
1.475500E-7	4.674119E-2
1.476000E-7	4.672577E-2
1.476500E-7	4.671892E-2
1.477000E-7	4.670179E-2
1.477500E-7	4.667438E-2
1.478000E-7	4.665211E-2
1.478500E-7	4.662299E-2
1.479000E-7	4.659045E-2
1.479500E-7	4.655619E-2
1.480000E-7	4.653563E-2
1.480500E-7	4.652878E-2
1.481000E-7	4.652022E-2
1.481500E-7	4.650309E-2
1.482000E-7	4.649281E-2
1.482500E-7	4.649624E-2
1.483000E-7	4.649624E-2
1.483500E-7	4.651850E-2
1.484000E-7	4.657332E-2
1.484500E-7	4.662299E-2
1.485000E-7	4.662299E-2
1.485500E-7	4.659216E-2
1.486000E-7	4.655961E-2
1.486500E-7	4.651337E-2
1.487000E-7	4.642429E-2
1.487500E-7	4.631466E-2
1.488000E-7	4.620675E-2
1.488500E-7	4.611425E-2
1.489000E-7	4.602517E-2
1.489500E-7	4.594980E-2
1.490000E-7	4.590698E-2
1.490500E-7	4.590184E-2
1.491000E-7	4.590184E-2
1.491500E-7	4.590698E-2
1.492000E-7	4.595323E-2
1.492500E-7	4.601147E-2
1.493000E-7	4.603203E-2
1.493500E-7	4.604402E-2
1.494000E-7	4.608684E-2
1.494500E-7	4.612281E-2
1.495000E-7	4.610226E-2
1.495500E-7	4.607999E-2
1.496000E-7	4.608684E-2
1.496500E-7	4.607828E-2
1.497000E-7	4.603031E-2
1.497500E-7	4.599777E-2
1.498000E-7	4.598920E-2
1.498500E-7	4.597721E-2
1.499000E-7	4.596865E-2
1.499500E-7	4.597550E-2
1.500000E-7	4.596693E-2
1.500500E-7	4.594980E-2
1.501000E-7	4.593439E-2
1.501500E-7	4.593781E-2
1.502000E-7	4.594809E-2
1.502500E-7	4.597550E-2
1.503000E-7	4.603203E-2
1.503500E-7	4.609198E-2
1.504000E-7	4.613994E-2
1.504500E-7	4.618790E-2
1.505000E-7	4.622045E-2
1.505500E-7	4.622045E-2
1.506000E-7	4.618277E-2
1.506500E-7	4.611939E-2
1.507000E-7	4.604059E-2
1.507500E-7	4.596008E-2
1.508000E-7	4.589670E-2
1.508500E-7	4.585217E-2
1.509000E-7	4.581106E-2
1.509500E-7	4.578022E-2
1.510000E-7	4.576823E-2
1.510500E-7	4.576995E-2
1.511000E-7	4.575795E-2
1.511500E-7	4.573740E-2
1.512000E-7	4.570999E-2
1.512500E-7	4.566546E-2
1.513000E-7	4.560208E-2
1.513500E-7	4.555925E-2
1.514000E-7	4.554212E-2
1.514500E-7	4.552671E-2
1.515000E-7	4.550444E-2
1.515500E-7	4.551129E-2
1.516000E-7	4.555069E-2
1.516500E-7	4.560208E-2
1.517000E-7	4.567231E-2
1.517500E-7	4.577508E-2
1.518000E-7	4.588814E-2
1.518500E-7	4.597550E-2
1.519000E-7	4.605087E-2
1.519500E-7	4.612453E-2
1.520000E-7	4.617763E-2
1.520500E-7	4.619304E-2
1.521000E-7	4.618105E-2
1.521500E-7	4.613480E-2
1.522000E-7	4.603545E-2
1.522500E-7	4.591041E-2
1.523000E-7	4.578707E-2
1.523500E-7	4.566032E-2
1.524000E-7	4.554555E-2
1.524500E-7	4.546847E-2
1.525000E-7	4.540509E-2
1.525500E-7	4.533657E-2
1.526000E-7	4.530402E-2
1.526500E-7	4.531088E-2
1.527000E-7	4.531430E-2
1.527500E-7	4.532458E-2
1.528000E-7	4.537083E-2
1.528500E-7	4.540851E-2
1.529000E-7	4.541536E-2
1.529500E-7	4.542393E-2
1.530000E-7	4.544277E-2
1.530500E-7	4.544277E-2
1.531000E-7	4.544449E-2
1.531500E-7	4.547703E-2
1.532000E-7	4.553185E-2
1.532500E-7	4.558323E-2
1.533000E-7	4.563120E-2
1.533500E-7	4.567573E-2
1.534000E-7	4.571171E-2
1.534500E-7	4.572027E-2
1.535000E-7	4.568430E-2
1.535500E-7	4.562606E-2
1.536000E-7	4.556782E-2
1.536500E-7	4.549759E-2
1.537000E-7	4.540166E-2
1.537500E-7	4.531773E-2
1.538000E-7	4.526120E-2
1.538500E-7	4.520125E-2
1.539000E-7	4.514129E-2
1.539500E-7	4.511046E-2
1.540000E-7	4.511389E-2
1.540500E-7	4.513958E-2
1.541000E-7	4.517213E-2
1.541500E-7	4.520981E-2
1.542000E-7	4.525092E-2
1.542500E-7	4.529717E-2
1.543000E-7	4.534685E-2
1.543500E-7	4.538624E-2
1.544000E-7	4.543763E-2
1.544500E-7	4.548560E-2
1.545000E-7	4.551300E-2
1.545500E-7	4.551814E-2
1.546000E-7	4.551300E-2
1.546500E-7	4.548388E-2
1.547000E-7	4.543078E-2
1.547500E-7	4.537768E-2
1.548000E-7	4.531773E-2
1.548500E-7	4.524407E-2
1.549000E-7	4.517384E-2
1.549500E-7	4.512930E-2
1.550000E-7	4.508819E-2
1.550500E-7	4.503166E-2
1.551000E-7	4.497000E-2
1.551500E-7	4.493917E-2
1.552000E-7	4.494088E-2
1.552500E-7	4.493745E-2
1.553000E-7	4.490491E-2
1.553500E-7	4.486893E-2
1.554000E-7	4.485523E-2
1.554500E-7	4.484153E-2
1.555000E-7	4.481583E-2
1.555500E-7	4.481412E-2
1.556000E-7	4.485352E-2
1.556500E-7	4.489806E-2
1.557000E-7	4.494088E-2
1.557500E-7	4.501282E-2
1.558000E-7	4.509676E-2
1.558500E-7	4.516528E-2
1.559000E-7	4.522009E-2
1.559500E-7	4.527148E-2
1.560000E-7	4.529889E-2
1.560500E-7	4.529717E-2
1.561000E-7	4.527148E-2
1.561500E-7	4.522180E-2
1.562000E-7	4.516014E-2
1.562500E-7	4.509504E-2
1.563000E-7	4.501111E-2
1.563500E-7	4.494259E-2
1.564000E-7	4.492546E-2
1.564500E-7	4.494773E-2
1.565000E-7	4.497171E-2
1.565500E-7	4.502995E-2
1.566000E-7	4.512588E-2
1.566500E-7	4.521495E-2
1.567000E-7	4.527662E-2
1.567500E-7	4.531773E-2
1.568000E-7	4.532800E-2
1.568500E-7	4.531088E-2
1.569000E-7	4.527490E-2
1.569500E-7	4.522180E-2
1.570000E-7	4.513958E-2
1.570500E-7	4.503167E-2
1.571000E-7	4.487750E-2
1.571500E-7	4.469593E-2
1.572000E-7	4.454690E-2
1.572500E-7	4.440815E-2
1.573000E-7	4.426426E-2
1.573500E-7	4.417005E-2
1.574000E-7	4.412380E-2
1.574500E-7	4.408954E-2
1.575000E-7	4.409126E-2
1.575500E-7	4.417005E-2
1.576000E-7	4.429852E-2
1.576500E-7	4.443727E-2
1.577000E-7	4.460172E-2
1.577500E-7	4.476959E-2
1.578000E-7	4.490491E-2
1.578500E-7	4.500255E-2
1.579000E-7	4.506079E-2
1.579500E-7	4.507278E-2
1.580000E-7	4.504023E-2
1.580500E-7	4.495116E-2
1.581000E-7	4.480727E-2
1.581500E-7	4.463769E-2
1.582000E-7	4.447496E-2
1.582500E-7	4.430538E-2
1.583000E-7	4.412038E-2
1.583500E-7	4.394566E-2
1.584000E-7	4.381890E-2
1.584500E-7	4.371784E-2
1.585000E-7	4.365103E-2
1.585500E-7	4.363219E-2
1.586000E-7	4.366473E-2
1.586500E-7	4.372811E-2
1.587000E-7	4.382233E-2
1.587500E-7	4.395422E-2
1.588000E-7	4.411866E-2
1.588500E-7	4.428653E-2
1.589000E-7	4.444241E-2
1.589500E-7	4.456403E-2
1.590000E-7	4.464111E-2
1.590500E-7	4.468222E-2
1.591000E-7	4.468565E-2
1.591500E-7	4.462912E-2
1.592000E-7	4.455547E-2
1.592500E-7	4.448866E-2
1.593000E-7	4.440987E-2
1.593500E-7	4.433450E-2
1.594000E-7	4.431565E-2
1.594500E-7	4.432936E-2
1.595000E-7	4.433792E-2
1.595500E-7	4.436704E-2
1.596000E-7	4.442357E-2
1.596500E-7	4.446811E-2
1.597000E-7	4.448010E-2
1.597500E-7	4.447324E-2
1.598000E-7	4.446468E-2
1.598500E-7	4.443556E-2
1.599000E-7	4.436019E-2
1.599500E-7	4.426427E-2
1.600000E-7	4.418890E-2
1.600500E-7	4.415121E-2
1.601000E-7	4.413408E-2
1.601500E-7	4.413066E-2
1.602000E-7	4.415806E-2
1.602500E-7	4.421802E-2
1.603000E-7	4.431052E-2
1.603500E-7	4.444755E-2
1.604000E-7	4.459658E-2
1.604500E-7	4.471477E-2
1.605000E-7	4.480727E-2
1.605500E-7	4.488778E-2
1.606000E-7	4.491690E-2
1.606500E-7	4.487407E-2
1.607000E-7	4.477301E-2
1.607500E-7	4.463597E-2
1.608000E-7	4.446468E-2
1.608500E-7	4.427283E-2
1.609000E-7	4.408269E-2
1.609500E-7	4.389941E-2
1.610000E-7	4.375723E-2
1.610500E-7	4.366131E-2
1.611000E-7	4.361506E-2
1.611500E-7	4.361335E-2
1.612000E-7	4.366816E-2
1.612500E-7	4.376066E-2
1.613000E-7	4.385145E-2
1.613500E-7	4.394223E-2
1.614000E-7	4.403302E-2
1.614500E-7	4.410496E-2
1.615000E-7	4.412552E-2
1.615500E-7	4.411524E-2
1.616000E-7	4.408954E-2
1.616500E-7	4.404329E-2
1.617000E-7	4.398163E-2
1.617500E-7	4.392339E-2
1.618000E-7	4.386172E-2
1.618500E-7	4.378635E-2
1.619000E-7	4.370242E-2
1.619500E-7	4.364589E-2
1.620000E-7	4.361163E-2
1.620500E-7	4.356881E-2
1.621000E-7	4.352256E-2
1.621500E-7	4.351228E-2
1.622000E-7	4.352085E-2
1.622500E-7	4.349173E-2
1.623000E-7	4.345233E-2
1.623500E-7	4.344205E-2
1.624000E-7	4.345404E-2
1.624500E-7	4.345404E-2
1.625000E-7	4.345062E-2
1.625500E-7	4.345233E-2
1.626000E-7	4.346946E-2
1.626500E-7	4.350200E-2
1.627000E-7	4.353626E-2
1.627500E-7	4.358080E-2
1.628000E-7	4.365959E-2
1.628500E-7	4.375723E-2
1.629000E-7	4.385487E-2
1.629500E-7	4.395422E-2
1.630000E-7	4.406042E-2
1.630500E-7	4.413065E-2
1.631000E-7	4.416149E-2
1.631500E-7	4.417348E-2
1.632000E-7	4.415635E-2
1.632500E-7	4.410667E-2
1.633000E-7	4.403816E-2
1.633500E-7	4.395080E-2
1.634000E-7	4.382233E-2
1.634500E-7	4.366473E-2
1.635000E-7	4.351400E-2
1.635500E-7	4.339409E-2
1.636000E-7	4.330844E-2
1.636500E-7	4.326733E-2
1.637000E-7	4.326733E-2
1.637500E-7	4.331358E-2
1.638000E-7	4.339580E-2
1.638500E-7	4.348830E-2
1.639000E-7	4.354825E-2
1.639500E-7	4.357395E-2
1.640000E-7	4.357052E-2
1.640500E-7	4.353455E-2
1.641000E-7	4.345061E-2
1.641500E-7	4.334441E-2
1.642000E-7	4.322793E-2
1.642500E-7	4.311659E-2
1.643000E-7	4.302409E-2
1.643500E-7	4.296756E-2
1.644000E-7	4.293844E-2
1.644500E-7	4.294187E-2
1.645000E-7	4.298812E-2
1.645500E-7	4.309090E-2
1.646000E-7	4.323478E-2
1.646500E-7	4.337353E-2
1.647000E-7	4.347631E-2
1.647500E-7	4.358251E-2
1.648000E-7	4.368871E-2
1.648500E-7	4.375381E-2
1.649000E-7	4.375552E-2
1.649500E-7	4.373154E-2
1.650000E-7	4.369385E-2
1.650500E-7	4.363561E-2
1.651000E-7	4.356881E-2
1.651500E-7	4.350714E-2
1.652000E-7	4.344548E-2
1.652500E-7	4.337696E-2
1.653000E-7	4.332728E-2
1.653500E-7	4.329474E-2
1.654000E-7	4.327590E-2
1.654500E-7	4.323992E-2
1.655000E-7	4.319025E-2
1.655500E-7	4.313543E-2
1.656000E-7	4.309090E-2
1.656500E-7	4.304293E-2
1.657000E-7	4.300525E-2
1.657500E-7	4.301210E-2
1.658000E-7	4.304979E-2
1.658500E-7	4.308233E-2
1.659000E-7	4.311488E-2
1.659500E-7	4.317483E-2
1.660000E-7	4.324849E-2
1.660500E-7	4.331358E-2
1.661000E-7	4.337011E-2
1.661500E-7	4.340779E-2
1.662000E-7	4.343520E-2
1.662500E-7	4.346432E-2
1.663000E-7	4.348316E-2
1.663500E-7	4.349686E-2
1.664000E-7	4.352085E-2
1.664500E-7	4.356881E-2
1.665000E-7	4.361848E-2
1.665500E-7	4.367159E-2
1.666000E-7	4.372297E-2
1.666500E-7	4.374524E-2
1.667000E-7	4.373496E-2
1.667500E-7	4.369385E-2
1.668000E-7	4.360992E-2
1.668500E-7	4.347973E-2
1.669000E-7	4.331872E-2
1.669500E-7	4.314057E-2
1.670000E-7	4.296585E-2
1.670500E-7	4.280826E-2
1.671000E-7	4.267808E-2
1.671500E-7	4.257530E-2
1.672000E-7	4.252220E-2
1.672500E-7	4.253590E-2
1.673000E-7	4.258044E-2
1.673500E-7	4.264382E-2
1.674000E-7	4.274317E-2
1.674500E-7	4.287678E-2
1.675000E-7	4.301381E-2
1.675500E-7	4.314229E-2
1.676000E-7	4.325191E-2
1.676500E-7	4.331187E-2
1.677000E-7	4.334613E-2
1.677500E-7	4.335812E-2
1.678000E-7	4.333927E-2
1.678500E-7	4.328960E-2
1.679000E-7	4.323136E-2
1.679500E-7	4.314914E-2
1.680000E-7	4.306520E-2
1.680500E-7	4.298983E-2
1.681000E-7	4.291960E-2
1.681500E-7	4.286479E-2
1.682000E-7	4.284937E-2
1.682500E-7	4.286479E-2
1.683000E-7	4.287507E-2
1.683500E-7	4.288877E-2
1.684000E-7	4.293159E-2
1.684500E-7	4.297784E-2
1.685000E-7	4.301039E-2
1.685500E-7	4.303437E-2
1.686000E-7	4.305835E-2
1.686500E-7	4.305150E-2
1.687000E-7	4.299326E-2
1.687500E-7	4.291960E-2
1.688000E-7	4.285451E-2
1.688500E-7	4.277914E-2
1.689000E-7	4.268150E-2
1.689500E-7	4.259072E-2
1.690000E-7	4.255303E-2
1.690500E-7	4.255646E-2
1.691000E-7	4.257873E-2
1.691500E-7	4.261984E-2
1.692000E-7	4.270720E-2
1.692500E-7	4.282882E-2
1.693000E-7	4.293673E-2
1.693500E-7	4.300354E-2
1.694000E-7	4.305493E-2
1.694500E-7	4.309261E-2
1.695000E-7	4.308233E-2
1.695500E-7	4.302238E-2
1.696000E-7	4.295557E-2
1.696500E-7	4.287849E-2
1.697000E-7	4.277400E-2
1.697500E-7	4.264039E-2
1.698000E-7	4.249822E-2
1.698500E-7	4.236632E-2
1.699000E-7	4.222928E-2
1.699500E-7	4.212479E-2
1.700000E-7	4.205799E-2
1.700500E-7	4.201517E-2
1.701000E-7	4.198776E-2
1.701500E-7	4.197577E-2
1.702000E-7	4.198947E-2
1.702500E-7	4.202373E-2
1.703000E-7	4.207169E-2
1.703500E-7	4.212822E-2
1.704000E-7	4.217961E-2
1.704500E-7	4.223100E-2
1.705000E-7	4.229951E-2
1.705500E-7	4.238687E-2
1.706000E-7	4.250164E-2
1.706500E-7	4.261812E-2
1.707000E-7	4.273289E-2
1.707500E-7	4.284595E-2
1.708000E-7	4.296585E-2
1.708500E-7	4.305321E-2
1.709000E-7	4.308918E-2
1.709500E-7	4.310631E-2
1.710000E-7	4.311659E-2
1.710500E-7	4.307205E-2
1.711000E-7	4.297270E-2
1.711500E-7	4.286650E-2
1.712000E-7	4.277058E-2
1.712500E-7	4.266780E-2
1.713000E-7	4.257016E-2
1.713500E-7	4.249650E-2
1.714000E-7	4.244854E-2
1.714500E-7	4.242456E-2
1.715000E-7	4.242285E-2
1.715500E-7	4.242113E-2
1.716000E-7	4.241771E-2
1.716500E-7	4.241771E-2
1.717000E-7	4.240743E-2
1.717500E-7	4.237488E-2
1.718000E-7	4.233549E-2
1.718500E-7	4.229952E-2
1.719000E-7	4.224984E-2
1.719500E-7	4.217104E-2
1.720000E-7	4.207512E-2
1.720500E-7	4.198262E-2
1.721000E-7	4.189012E-2
1.721500E-7	4.178392E-2
1.722000E-7	4.167772E-2
1.722500E-7	4.159721E-2
1.723000E-7	4.152869E-2
1.723500E-7	4.147216E-2
1.724000E-7	4.145332E-2
1.724500E-7	4.146360E-2
1.725000E-7	4.147559E-2
1.725500E-7	4.151670E-2
1.726000E-7	4.159378E-2
1.726500E-7	4.166915E-2
1.727000E-7	4.174623E-2
1.727500E-7	4.185586E-2
1.728000E-7	4.195693E-2
1.728500E-7	4.203572E-2
1.729000E-7	4.209396E-2
1.729500E-7	4.213336E-2
1.730000E-7	4.214021E-2
1.730500E-7	4.212137E-2
1.731000E-7	4.207855E-2
1.731500E-7	4.200831E-2
1.732000E-7	4.194151E-2
1.732500E-7	4.190040E-2
1.733000E-7	4.189526E-2
1.733500E-7	4.191924E-2
1.734000E-7	4.195693E-2
1.734500E-7	4.200489E-2
1.735000E-7	4.208368E-2
1.735500E-7	4.218132E-2
1.736000E-7	4.224813E-2
1.736500E-7	4.228239E-2
1.737000E-7	4.229266E-2
1.737500E-7	4.224813E-2
1.738000E-7	4.213336E-2
1.738500E-7	4.197919E-2
1.739000E-7	4.179762E-2
1.739500E-7	4.160063E-2
1.740000E-7	4.143276E-2
1.740500E-7	4.130429E-2
1.741000E-7	4.120666E-2
1.741500E-7	4.117411E-2
1.742000E-7	4.123406E-2
1.742500E-7	4.134712E-2
1.743000E-7	4.148758E-2
1.743500E-7	4.166230E-2
1.744000E-7	4.183702E-2
1.744500E-7	4.197919E-2
1.745000E-7	4.207512E-2
1.745500E-7	4.212822E-2
1.746000E-7	4.211280E-2
1.746500E-7	4.201859E-2
1.747000E-7	4.189869E-2
1.747500E-7	4.179077E-2
1.748000E-7	4.169313E-2
1.748500E-7	4.160920E-2
1.749000E-7	4.157836E-2
1.749500E-7	4.158008E-2
1.750000E-7	4.159549E-2
1.750500E-7	4.163318E-2
1.751000E-7	4.168799E-2
1.751500E-7	4.174623E-2
1.752000E-7	4.180447E-2
1.752500E-7	4.184558E-2
1.753000E-7	4.186614E-2
1.753500E-7	4.186443E-2
1.754000E-7	4.184387E-2
1.754500E-7	4.177535E-2
1.755000E-7	4.166401E-2
1.755500E-7	4.153897E-2
1.756000E-7	4.141392E-2
1.756500E-7	4.128031E-2
1.757000E-7	4.114670E-2
1.757500E-7	4.103022E-2
1.758000E-7	4.094115E-2
1.758500E-7	4.087948E-2
1.759000E-7	4.083323E-2
1.759500E-7	4.082467E-2
1.760000E-7	4.086064E-2
1.760500E-7	4.091032E-2
1.761000E-7	4.097369E-2
1.761500E-7	4.108504E-2
1.762000E-7	4.123064E-2
1.762500E-7	4.135568E-2
1.763000E-7	4.146531E-2
1.763500E-7	4.157323E-2
1.764000E-7	4.163832E-2
1.764500E-7	4.163147E-2
1.765000E-7	4.160235E-2
1.765500E-7	4.159207E-2
1.766000E-7	4.157151E-2
1.766500E-7	4.153212E-2
1.767000E-7	4.150300E-2
1.767500E-7	4.150128E-2
1.768000E-7	4.149957E-2
1.768500E-7	4.148929E-2
1.769000E-7	4.148929E-2
1.769500E-7	4.150128E-2
1.770000E-7	4.149957E-2
1.770500E-7	4.147730E-2
1.771000E-7	4.144304E-2
1.771500E-7	4.140022E-2
1.772000E-7	4.135568E-2
1.772500E-7	4.129402E-2
1.773000E-7	4.123064E-2
1.773500E-7	4.117240E-2
1.774000E-7	4.114670E-2
1.774500E-7	4.114499E-2
1.775000E-7	4.114499E-2
1.775500E-7	4.116897E-2
1.776000E-7	4.123064E-2
1.776500E-7	4.129230E-2
1.777000E-7	4.131114E-2
1.777500E-7	4.131114E-2
1.778000E-7	4.130772E-2
1.778500E-7	4.125633E-2
1.779000E-7	4.115869E-2
1.779500E-7	4.103707E-2
1.780000E-7	4.091032E-2
1.780500E-7	4.077328E-2
1.781000E-7	4.063453E-2
1.781500E-7	4.052833E-2
1.782000E-7	4.046838E-2
1.782500E-7	4.046324E-2
1.783000E-7	4.050949E-2
1.783500E-7	4.058143E-2
1.784000E-7	4.068249E-2
1.784500E-7	4.079212E-2
1.785000E-7	4.089661E-2
1.785500E-7	4.098740E-2
1.786000E-7	4.105592E-2
1.786500E-7	4.109531E-2
1.787000E-7	4.110388E-2
1.787500E-7	4.107990E-2
1.788000E-7	4.102166E-2
1.788500E-7	4.095143E-2
1.789000E-7	4.088291E-2
1.789500E-7	4.082124E-2
1.790000E-7	4.076129E-2
1.790500E-7	4.072018E-2
1.791000E-7	4.070305E-2
1.791500E-7	4.068421E-2
1.792000E-7	4.066879E-2
1.792500E-7	4.066023E-2
1.793000E-7	4.064652E-2
1.793500E-7	4.063111E-2
1.794000E-7	4.062597E-2
1.794500E-7	4.062597E-2
1.795000E-7	4.061911E-2
1.795500E-7	4.059856E-2
1.796000E-7	4.060199E-2
1.796500E-7	4.066194E-2
1.797000E-7	4.074416E-2
1.797500E-7	4.082124E-2
1.798000E-7	4.091374E-2
1.798500E-7	4.102508E-2
1.799000E-7	4.111416E-2
1.799500E-7	4.116383E-2
1.800000E-7	4.119638E-2
1.800500E-7	4.120152E-2
1.801000E-7	4.116897E-2
1.801500E-7	4.112101E-2
1.802000E-7	4.105592E-2
1.802500E-7	4.095657E-2
1.803000E-7	4.081953E-2
1.803500E-7	4.067736E-2
1.804000E-7	4.054888E-2
1.804500E-7	4.044782E-2
1.805000E-7	4.037416E-2
1.805500E-7	4.030907E-2
1.806000E-7	4.027481E-2
1.806500E-7	4.029023E-2
1.807000E-7	4.032791E-2
1.807500E-7	4.037588E-2
1.808000E-7	4.047352E-2
1.808500E-7	4.060199E-2
1.809000E-7	4.071675E-2
1.809500E-7	4.080754E-2
1.810000E-7	4.091717E-2
1.810500E-7	4.100281E-2
1.811000E-7	4.102851E-2
1.811500E-7	4.102508E-2
1.812000E-7	4.102851E-2
1.812500E-7	4.101138E-2
1.813000E-7	4.093772E-2
1.813500E-7	4.085208E-2
1.814000E-7	4.078184E-2
1.814500E-7	4.071675E-2
1.815000E-7	4.065680E-2
1.815500E-7	4.062939E-2
1.816000E-7	4.064138E-2
1.816500E-7	4.066365E-2
1.817000E-7	4.068763E-2
1.817500E-7	4.070819E-2
1.818000E-7	4.070819E-2
1.818500E-7	4.068249E-2
1.819000E-7	4.063796E-2
1.819500E-7	4.058657E-2
1.820000E-7	4.053861E-2
1.820500E-7	4.050777E-2
1.821000E-7	4.048379E-2
1.821500E-7	4.047523E-2
1.822000E-7	4.048037E-2
1.822500E-7	4.050949E-2
1.823000E-7	4.052833E-2
1.823500E-7	4.054374E-2
1.824000E-7	4.059171E-2
1.824500E-7	4.066365E-2
1.825000E-7	4.070990E-2
1.825500E-7	4.072874E-2
1.826000E-7	4.074759E-2
1.826500E-7	4.075615E-2
1.827000E-7	4.071333E-2
1.827500E-7	4.063453E-2
1.828000E-7	4.054717E-2
1.828500E-7	4.044439E-2
1.829000E-7	4.033477E-2
1.829500E-7	4.024398E-2
1.830000E-7	4.018403E-2
1.830500E-7	4.013093E-2
1.831000E-7	4.006755E-2
1.831500E-7	4.000759E-2
1.832000E-7	3.995449E-2
1.832500E-7	3.993051E-2
1.833000E-7	3.994079E-2
1.833500E-7	3.994764E-2
1.834000E-7	3.992537E-2
1.834500E-7	3.988255E-2
1.835000E-7	3.983116E-2
1.835500E-7	3.978491E-2
1.836000E-7	3.974894E-2
1.836500E-7	3.973181E-2
1.837000E-7	3.973523E-2
1.837500E-7	3.978491E-2
1.838000E-7	3.987912E-2
1.838500E-7	3.996819E-2
1.839000E-7	4.004699E-2
1.839500E-7	4.013435E-2
1.840000E-7	4.020458E-2
1.840500E-7	4.021315E-2
1.841000E-7	4.017717E-2
1.841500E-7	4.011208E-2
1.842000E-7	4.001444E-2
1.842500E-7	3.989454E-2
1.843000E-7	3.976778E-2
1.843500E-7	3.966158E-2
1.844000E-7	3.958792E-2
1.844500E-7	3.955024E-2
1.845000E-7	3.954852E-2
1.845500E-7	3.959820E-2
1.846000E-7	3.966843E-2
1.846500E-7	3.973695E-2
1.847000E-7	3.980033E-2
1.847500E-7	3.986199E-2
1.848000E-7	3.989625E-2
1.848500E-7	3.989283E-2
1.849000E-7	3.987056E-2
1.849500E-7	3.982088E-2
1.850000E-7	3.974037E-2
1.850500E-7	3.963246E-2
1.851000E-7	3.952968E-2
1.851500E-7	3.945774E-2
1.852000E-7	3.941149E-2
1.852500E-7	3.939436E-2
1.853000E-7	3.939950E-2
1.853500E-7	3.943376E-2
1.854000E-7	3.948343E-2
1.854500E-7	3.953482E-2
1.855000E-7	3.957079E-2
1.855500E-7	3.959306E-2
1.856000E-7	3.960334E-2
1.856500E-7	3.961875E-2
1.857000E-7	3.962561E-2
1.857500E-7	3.959820E-2
1.858000E-7	3.953996E-2
1.858500E-7	3.949713E-2
1.859000E-7	3.947144E-2
1.859500E-7	3.943204E-2
1.860000E-7	3.940292E-2
1.860500E-7	3.942519E-2
1.861000E-7	3.948000E-2
1.861500E-7	3.955709E-2
1.862000E-7	3.966672E-2
1.862500E-7	3.979176E-2
1.863000E-7	3.989111E-2
1.863500E-7	3.996819E-2
1.864000E-7	4.004870E-2
1.864500E-7	4.009838E-2
1.865000E-7	4.011893E-2
1.865500E-7	4.012407E-2
1.866000E-7	4.010352E-2
1.866500E-7	4.003329E-2
1.867000E-7	3.997162E-2
1.867500E-7	3.992366E-2
1.868000E-7	3.984829E-2
1.868500E-7	3.974380E-2
1.869000E-7	3.964102E-2
1.869500E-7	3.955366E-2
1.870000E-7	3.947315E-2
1.870500E-7	3.941149E-2
1.871000E-7	3.936352E-2
1.871500E-7	3.931556E-2
1.872000E-7	3.931728E-2
1.872500E-7	3.936352E-2
1.873000E-7	3.939264E-2
1.873500E-7	3.942348E-2
1.874000E-7	3.949542E-2
1.874500E-7	3.958278E-2
1.875000E-7	3.963931E-2
1.875500E-7	3.969926E-2
1.876000E-7	3.974723E-2
1.876500E-7	3.974037E-2
1.877000E-7	3.970269E-2
1.877500E-7	3.967357E-2
1.878000E-7	3.962732E-2
1.878500E-7	3.956737E-2
1.879000E-7	3.951598E-2
1.879500E-7	3.947658E-2
1.880000E-7	3.944403E-2
1.880500E-7	3.943033E-2
1.881000E-7	3.941320E-2
1.881500E-7	3.939093E-2
1.882000E-7	3.939607E-2
1.882500E-7	3.939778E-2
1.883000E-7	3.935496E-2
1.883500E-7	3.931042E-2
1.884000E-7	3.929672E-2
1.884500E-7	3.927103E-2
1.885000E-7	3.922820E-2
1.885500E-7	3.922306E-2
1.886000E-7	3.926589E-2
1.886500E-7	3.932584E-2
1.887000E-7	3.942005E-2
1.887500E-7	3.954681E-2
1.888000E-7	3.967871E-2
1.888500E-7	3.980375E-2
1.889000E-7	3.990996E-2
1.889500E-7	3.998704E-2
1.890000E-7	4.002986E-2
1.890500E-7	4.002130E-2
1.891000E-7	3.993736E-2
1.891500E-7	3.980718E-2
1.892000E-7	3.967357E-2
1.892500E-7	3.954338E-2
1.893000E-7	3.940292E-2
1.893500E-7	3.926931E-2
1.894000E-7	3.917167E-2
1.894500E-7	3.913228E-2
1.895000E-7	3.913913E-2
1.895500E-7	3.917168E-2
1.896000E-7	3.922135E-2
1.896500E-7	3.929672E-2
1.897000E-7	3.935667E-2
1.897500E-7	3.938579E-2
1.898000E-7	3.939093E-2
1.898500E-7	3.937894E-2
1.899000E-7	3.932584E-2
1.899500E-7	3.925903E-2
1.900000E-7	3.922649E-2
1.900500E-7	3.919566E-2
1.901000E-7	3.915797E-2
1.901500E-7	3.915968E-2
1.902000E-7	3.920422E-2
1.902500E-7	3.923848E-2
1.903000E-7	3.925732E-2
1.903500E-7	3.931385E-2
1.904000E-7	3.939436E-2
1.904500E-7	3.944575E-2
1.905000E-7	3.947487E-2
1.905500E-7	3.952454E-2
1.906000E-7	3.957764E-2
1.906500E-7	3.963075E-2
1.907000E-7	3.970611E-2
1.907500E-7	3.978491E-2
1.908000E-7	3.983459E-2
1.908500E-7	3.985857E-2
1.909000E-7	3.986542E-2
1.909500E-7	3.984315E-2
1.910000E-7	3.978834E-2
1.910500E-7	3.970440E-2
1.911000E-7	3.957936E-2
1.911500E-7	3.943718E-2
1.912000E-7	3.931556E-2
1.912500E-7	3.919394E-2
1.913000E-7	3.906719E-2
1.913500E-7	3.897469E-2
1.914000E-7	3.893529E-2
1.914500E-7	3.892844E-2
1.915000E-7	3.894557E-2
1.915500E-7	3.898496E-2
1.916000E-7	3.903635E-2
1.916500E-7	3.906719E-2
1.917000E-7	3.905519E-2
1.917500E-7	3.903293E-2
1.918000E-7	3.903464E-2
1.918500E-7	3.902265E-2
1.919000E-7	3.896783E-2
1.919500E-7	3.891816E-2
1.920000E-7	3.889075E-2
1.920500E-7	3.884964E-2
1.921000E-7	3.881196E-2
1.921500E-7	3.881367E-2
1.922000E-7	3.882566E-2
1.922500E-7	3.884279E-2
1.923000E-7	3.887020E-2
1.923500E-7	3.888047E-2
1.924000E-7	3.886677E-2
1.924500E-7	3.885992E-2
1.925000E-7	3.885307E-2
1.925500E-7	3.881367E-2
1.926000E-7	3.877941E-2
1.926500E-7	3.875200E-2
1.927000E-7	3.870918E-2
1.927500E-7	3.868862E-2
1.928000E-7	3.871946E-2
1.928500E-7	3.876057E-2
1.929000E-7	3.880682E-2
1.929500E-7	3.890103E-2
1.930000E-7	3.901751E-2
1.930500E-7	3.909630E-2
1.931000E-7	3.915283E-2
1.931500E-7	3.918538E-2
1.932000E-7	3.917681E-2
1.932500E-7	3.910316E-2
1.933000E-7	3.898325E-2
1.933500E-7	3.881538E-2
1.934000E-7	3.863381E-2
1.934500E-7	3.848821E-2
1.935000E-7	3.838201E-2
1.935500E-7	3.829293E-2
1.936000E-7	3.823469E-2
1.936500E-7	3.823127E-2
1.937000E-7	3.827409E-2
1.937500E-7	3.834775E-2
1.938000E-7	3.846423E-2
1.938500E-7	3.859099E-2
1.939000E-7	3.868691E-2
1.939500E-7	3.875029E-2
1.940000E-7	3.879825E-2
1.940500E-7	3.881196E-2
1.941000E-7	3.877598E-2
1.941500E-7	3.870575E-2
1.942000E-7	3.862353E-2
1.942500E-7	3.853275E-2
1.943000E-7	3.846423E-2
1.943500E-7	3.841969E-2
1.944000E-7	3.840941E-2
1.944500E-7	3.845052E-2
1.945000E-7	3.853960E-2
1.945500E-7	3.865950E-2
1.946000E-7	3.880510E-2
1.946500E-7	3.895927E-2
1.947000E-7	3.908945E-2
1.947500E-7	3.919737E-2
1.948000E-7	3.928644E-2
1.948500E-7	3.931728E-2
1.949000E-7	3.926931E-2
1.949500E-7	3.918367E-2
1.950000E-7	3.906719E-2
1.950500E-7	3.890103E-2
1.951000E-7	3.870747E-2
1.951500E-7	3.853788E-2
1.952000E-7	3.842483E-2
1.952500E-7	3.834775E-2
1.953000E-7	3.830492E-2
1.953500E-7	3.831691E-2
1.954000E-7	3.838372E-2
1.954500E-7	3.845566E-2
1.955000E-7	3.851904E-2
1.955500E-7	3.861497E-2
1.956000E-7	3.872288E-2
1.956500E-7	3.880510E-2
1.957000E-7	3.886163E-2
1.957500E-7	3.893186E-2
1.958000E-7	3.895756E-2
1.958500E-7	3.891645E-2
1.959000E-7	3.884793E-2
1.959500E-7	3.878969E-2
1.960000E-7	3.870575E-2
1.960500E-7	3.859613E-2
1.961000E-7	3.849677E-2
1.961500E-7	3.841113E-2
1.962000E-7	3.832548E-2
1.962500E-7	3.824497E-2
1.963000E-7	3.818159E-2
1.963500E-7	3.815761E-2
1.964000E-7	3.817131E-2
1.964500E-7	3.820557E-2
1.965000E-7	3.824668E-2
1.965500E-7	3.830664E-2
1.966000E-7	3.838372E-2
1.966500E-7	3.845566E-2
1.967000E-7	3.850191E-2
1.967500E-7	3.852932E-2
1.968000E-7	3.853617E-2
1.968500E-7	3.851048E-2
1.969000E-7	3.844367E-2
1.969500E-7	3.835631E-2
1.970000E-7	3.825696E-2
1.970500E-7	3.814219E-2
1.971000E-7	3.802229E-2
1.971500E-7	3.792808E-2
1.972000E-7	3.786641E-2
1.972500E-7	3.783215E-2
1.973000E-7	3.782872E-2
1.973500E-7	3.783215E-2
1.974000E-7	3.783044E-2
1.974500E-7	3.785271E-2
1.975000E-7	3.787497E-2
1.975500E-7	3.786641E-2
1.976000E-7	3.782016E-2
1.976500E-7	3.777391E-2
1.977000E-7	3.771910E-2
1.977500E-7	3.765058E-2
1.978000E-7	3.761118E-2
1.978500E-7	3.761118E-2
1.979000E-7	3.762488E-2
1.979500E-7	3.767113E-2
1.980000E-7	3.777734E-2
1.980500E-7	3.791609E-2
1.981000E-7	3.803599E-2
1.981500E-7	3.813020E-2
1.982000E-7	3.820386E-2
1.982500E-7	3.823983E-2
1.983000E-7	3.821928E-2
1.983500E-7	3.812678E-2
1.984000E-7	3.797433E-2
1.984500E-7	3.780132E-2
1.985000E-7	3.762317E-2
1.985500E-7	3.745701E-2
1.986000E-7	3.731998E-2
1.986500E-7	3.722748E-2
1.987000E-7	3.716753E-2
1.987500E-7	3.716581E-2
1.988000E-7	3.723091E-2
1.988500E-7	3.732512E-2
1.989000E-7	3.742618E-2
1.989500E-7	3.756150E-2
1.990000E-7	3.771396E-2
1.990500E-7	3.782359E-2
1.991000E-7	3.786984E-2
1.991500E-7	3.788525E-2
1.992000E-7	3.785271E-2
1.992500E-7	3.776192E-2
1.993000E-7	3.763687E-2
1.993500E-7	3.750155E-2
1.994000E-7	3.739364E-2
1.994500E-7	3.731655E-2
1.995000E-7	3.725317E-2
1.995500E-7	3.721378E-2
1.996000E-7	3.724975E-2
1.996500E-7	3.735938E-2
1.997000E-7	3.747243E-2
1.997500E-7	3.758206E-2
1.998000E-7	3.770882E-2
1.998500E-7	3.781502E-2
1.999000E-7	3.786298E-2
1.999500E-7	3.787840E-2
2.000000E-7	3.788354E-2
