Study Name	PremaTech_CVD_SiC_HeandSi
Sample Name	2025-10-11
Run Name	spot04
Operator	Keshav
Date	10/11/2025
Time	16:36
Sign	FIX
Grating Spacing	06.40um
Channel	3
Number Traces	10000
Files in Batch	1
Batch Number	77
dt	50.000001E-12
time stamp (ms)	5:58:42 PM
	
Time	Amplitude
0.000000E+0	4.864862E-4
5.000000E-11	5.053287E-4
1.000000E-10	4.830605E-4
1.500000E-10	4.744958E-4
2.000000E-10	4.727828E-4
2.500000E-10	4.128297E-4
3.000000E-10	3.391730E-4
3.500000E-10	2.706551E-4
4.000000E-10	1.576006E-4
4.500000E-10	3.255550E-5
5.000000E-10	-4.452715E-5
5.500000E-10	-1.044803E-4
6.000000E-10	-1.455910E-4
6.500000E-10	-9.591553E-5
7.000000E-10	-5.129324E-6
7.500000E-10	8.565691E-5
8.000000E-10	2.175539E-4
8.500000E-10	3.957003E-4
9.000000E-10	5.498655E-4
9.500000E-10	6.749106E-4
1.000000E-9	7.862522E-4
1.050000E-9	8.581959E-4
1.100000E-9	8.753253E-4
1.150000E-9	8.444922E-4
1.200000E-9	7.605578E-4
1.250000E-9	6.680587E-4
1.300000E-9	5.944019E-4
1.350000E-9	5.087546E-4
1.400000E-9	4.076907E-4
1.450000E-9	3.511634E-4
1.500000E-9	3.391728E-4
1.550000E-9	3.443116E-4
1.600000E-9	3.939871E-4
1.650000E-9	4.676438E-4
1.700000E-9	5.241710E-4
1.750000E-9	5.892631E-4
1.800000E-9	6.800493E-4
1.850000E-9	7.314378E-4
1.900000E-9	7.622709E-4
1.950000E-9	8.085205E-4
2.000000E-9	8.222241E-4
2.050000E-9	7.656969E-4
2.100000E-9	7.023179E-4
2.150000E-9	6.560683E-4
2.200000E-9	5.824115E-4
2.250000E-9	4.847735E-4
2.300000E-9	4.111166E-4
2.350000E-9	3.648670E-4
2.400000E-9	3.357468E-4
2.450000E-9	3.340337E-4
2.500000E-9	3.665797E-4
2.550000E-9	4.076904E-4
2.600000E-9	4.642176E-4
2.650000E-9	5.344485E-4
2.700000E-9	6.166700E-4
2.750000E-9	6.869008E-4
2.800000E-9	7.382893E-4
2.850000E-9	7.725483E-4
2.900000E-9	7.999555E-4
2.950000E-9	8.222238E-4
3.000000E-9	8.222238E-4
3.050000E-9	8.016684E-4
3.100000E-9	7.691225E-4
3.150000E-9	7.262988E-4
3.200000E-9	6.903270E-4
3.250000E-9	6.577810E-4
3.300000E-9	6.081057E-4
3.350000E-9	5.430138E-4
3.400000E-9	4.899126E-4
3.450000E-9	4.453761E-4
3.500000E-9	3.991265E-4
3.550000E-9	3.443123E-4
3.600000E-9	3.014885E-4
3.650000E-9	2.723684E-4
3.700000E-9	2.449611E-4
3.750000E-9	2.295445E-4
3.800000E-9	2.278315E-4
3.850000E-9	2.483867E-4
3.900000E-9	2.809326E-4
3.950000E-9	3.288951E-4
4.000000E-9	3.871353E-4
4.050000E-9	4.470885E-4
4.100000E-9	5.241712E-4
4.150000E-9	6.252351E-4
4.200000E-9	7.262990E-4
4.250000E-9	8.068076E-4
4.300000E-9	8.736125E-4
4.350000E-9	9.301397E-4
4.400000E-9	9.558339E-4
4.450000E-9	9.404174E-4
4.500000E-9	8.993067E-4
4.550000E-9	8.427794E-4
4.600000E-9	7.742615E-4
4.650000E-9	7.057436E-4
4.700000E-9	6.440775E-4
4.750000E-9	5.944020E-4
4.800000E-9	5.567171E-4
4.850000E-9	5.070415E-4
4.900000E-9	4.625047E-4
4.950000E-9	4.333845E-4
5.000000E-9	4.248196E-4
5.050000E-9	3.974124E-4
5.100000E-9	3.563016E-4
5.150000E-9	3.186167E-4
5.200000E-9	2.826448E-4
5.250000E-9	2.346823E-4
5.300000E-9	2.038492E-4
5.350000E-9	2.021363E-4
5.400000E-9	2.226917E-4
5.450000E-9	2.535247E-4
5.500000E-9	2.912096E-4
5.550000E-9	3.237555E-4
5.600000E-9	3.528756E-4
5.650000E-9	3.648663E-4
5.700000E-9	3.511627E-4
5.750000E-9	3.151908E-4
5.800000E-9	2.757931E-4
5.850000E-9	2.141271E-4
5.900000E-9	1.490352E-4
5.950000E-9	9.935993E-5
6.000000E-9	8.223062E-5
6.050000E-9	8.908254E-5
6.100000E-9	1.147769E-4
6.150000E-9	1.558878E-4
6.200000E-9	2.261187E-4
6.250000E-9	3.117660E-4
6.300000E-9	3.871357E-4
6.350000E-9	4.505148E-4
6.400000E-9	5.036161E-4
6.450000E-9	5.378750E-4
6.500000E-9	5.515785E-4
6.550000E-9	5.361619E-4
6.600000E-9	4.796345E-4
6.650000E-9	3.939870E-4
6.700000E-9	3.049137E-4
6.750000E-9	2.244051E-4
6.800000E-9	1.832943E-4
6.850000E-9	1.935719E-4
6.900000E-9	2.363955E-4
6.950000E-9	3.066263E-4
7.000000E-9	4.248196E-4
7.050000E-9	5.430129E-4
7.100000E-9	6.286603E-4
7.150000E-9	7.091690E-4
7.200000E-9	7.862517E-4
7.250000E-9	8.050943E-4
7.300000E-9	7.708357E-4
7.350000E-9	7.194475E-4
7.400000E-9	6.355134E-4
7.450000E-9	5.207461E-4
7.500000E-9	4.196824E-4
7.550000E-9	3.443128E-4
7.600000E-9	2.860726E-4
7.650000E-9	2.638042E-4
7.700000E-9	2.826465E-4
7.750000E-9	3.237570E-4
7.800000E-9	3.631546E-4
7.850000E-9	3.991263E-4
7.900000E-9	4.162556E-4
7.950000E-9	4.231073E-4
8.000000E-9	4.179685E-4
8.050000E-9	3.871354E-4
8.100000E-9	3.306082E-4
8.150000E-9	2.792199E-4
8.200000E-9	2.226927E-4
8.250000E-9	1.593137E-4
8.300000E-9	1.284806E-4
8.350000E-9	1.353323E-4
8.400000E-9	1.456098E-4
8.450000E-9	1.558873E-4
8.500000E-9	1.815814E-4
8.550000E-9	2.381085E-4
8.600000E-9	3.049133E-4
8.650000E-9	3.700052E-4
8.700000E-9	4.299584E-4
8.750000E-9	4.881987E-4
8.800000E-9	5.447262E-4
8.850000E-9	5.909759E-4
8.900000E-9	6.029668E-4
8.950000E-9	6.029670E-4
9.000000E-9	6.115319E-4
9.050000E-9	6.218097E-4
9.100000E-9	6.269486E-4
9.150000E-9	6.612075E-4
9.200000E-9	7.262993E-4
9.250000E-9	8.016688E-4
9.300000E-9	8.770382E-4
9.350000E-9	9.489816E-4
9.400000E-9	1.015786E-3
9.450000E-9	1.077452E-3
9.500000E-9	1.109998E-3
9.550000E-9	1.101433E-3
9.600000E-9	1.055184E-3
9.650000E-9	9.832401E-4
9.700000E-9	8.890282E-4
9.750000E-9	7.862515E-4
9.800000E-9	6.834748E-4
9.850000E-9	5.704205E-4
9.900000E-9	4.881991E-4
9.950000E-9	4.350977E-4
1.000000E-8	3.837092E-4
1.005000E-8	3.357465E-4
1.010000E-8	2.997745E-4
1.015000E-8	2.466729E-4
1.020000E-8	1.781548E-4
1.025000E-8	1.216273E-4
1.030000E-8	6.681293E-5
1.035000E-8	-3.417914E-6
1.040000E-8	-4.795449E-5
1.045000E-8	-6.337090E-5
1.050000E-8	-8.392608E-5
1.055000E-8	-8.735175E-5
1.060000E-8	-4.966669E-5
1.065000E-8	-3.416914E-6
1.070000E-8	3.769399E-5
1.075000E-8	1.216285E-4
1.080000E-8	2.141277E-4
1.085000E-8	2.689421E-4
1.090000E-8	3.220435E-4
1.095000E-8	3.854225E-4
1.100000E-8	4.385238E-4
1.105000E-8	4.847733E-4
1.110000E-8	5.395876E-4
1.115000E-8	5.858372E-4
1.120000E-8	6.337998E-4
1.125000E-8	7.074565E-4
1.130000E-8	7.674097E-4
1.135000E-8	7.811134E-4
1.140000E-8	7.879653E-4
1.145000E-8	8.033819E-4
1.150000E-8	7.913913E-4
1.155000E-8	7.502805E-4
1.160000E-8	7.091698E-4
1.165000E-8	6.560684E-4
1.170000E-8	5.875505E-4
1.175000E-8	5.293102E-4
1.180000E-8	4.762087E-4
1.185000E-8	4.059778E-4
1.190000E-8	3.408858E-4
1.195000E-8	2.980621E-4
1.200000E-8	2.500995E-4
1.205000E-8	2.141276E-4
1.210000E-8	2.107016E-4
1.215000E-8	2.329699E-4
1.220000E-8	2.620899E-4
1.225000E-8	3.134782E-4
1.230000E-8	3.888478E-4
1.235000E-8	4.967634E-4
1.240000E-8	6.183826E-4
1.245000E-8	7.280111E-4
1.250000E-8	8.222232E-4
1.255000E-8	9.164352E-4
1.260000E-8	9.781013E-4
1.265000E-8	9.746755E-4
1.270000E-8	9.455554E-4
1.275000E-8	9.078707E-4
1.280000E-8	8.205106E-4
1.285000E-8	7.023174E-4
1.290000E-8	5.961148E-4
1.295000E-8	4.796345E-4
1.300000E-8	3.545893E-4
1.305000E-8	2.638030E-4
1.310000E-8	2.021368E-4
1.315000E-8	1.695907E-4
1.320000E-8	1.884329E-4
1.325000E-8	2.363952E-4
1.330000E-8	2.826445E-4
1.335000E-8	3.597270E-4
1.340000E-8	4.556519E-4
1.345000E-8	5.258827E-4
1.350000E-8	5.909747E-4
1.355000E-8	6.851869E-4
1.360000E-8	7.588438E-4
1.365000E-8	8.290748E-4
1.370000E-8	9.352777E-4
1.375000E-8	1.043194E-3
1.380000E-8	1.109999E-3
1.385000E-8	1.163100E-3
1.390000E-8	1.211063E-3
1.395000E-8	1.205924E-3
1.400000E-8	1.125415E-3
1.405000E-8	1.020925E-3
1.410000E-8	9.335651E-4
1.415000E-8	8.136588E-4
1.420000E-8	6.560676E-4
1.425000E-8	5.036153E-4
1.430000E-8	3.785701E-4
1.435000E-8	2.586638E-4
1.440000E-8	1.832942E-4
1.445000E-8	1.850070E-4
1.450000E-8	1.969976E-4
1.455000E-8	2.072753E-4
1.460000E-8	2.843579E-4
1.465000E-8	3.854217E-4
1.470000E-8	4.111160E-4
1.475000E-8	4.299585E-4
1.480000E-8	4.847728E-4
1.485000E-8	4.864859E-4
1.490000E-8	4.539400E-4
1.495000E-8	5.224580E-4
1.500000E-8	6.235219E-4
1.505000E-8	6.046796E-4
1.510000E-8	5.310230E-4
1.515000E-8	5.190325E-4
1.520000E-8	5.515784E-4
1.525000E-8	5.909761E-4
1.530000E-8	6.492162E-4
1.535000E-8	6.783363E-4
1.540000E-8	6.903268E-4
1.545000E-8	7.365762E-4
1.550000E-8	7.879645E-4
1.555000E-8	8.085199E-4
1.560000E-8	8.393530E-4
1.565000E-8	9.112968E-4
1.570000E-8	9.455558E-4
1.575000E-8	9.095841E-4
1.580000E-8	8.444923E-4
1.585000E-8	7.708357E-4
1.590000E-8	7.074569E-4
1.595000E-8	6.577815E-4
1.600000E-8	5.584306E-4
1.605000E-8	3.734324E-4
1.610000E-8	2.089895E-4
1.615000E-8	1.284810E-4
1.620000E-8	7.366656E-5
1.625000E-8	1.371329E-5
1.630000E-8	1.885199E-5
1.635000E-8	8.051802E-5
1.640000E-8	1.593136E-4
1.645000E-8	2.603774E-4
1.650000E-8	3.528764E-4
1.655000E-8	4.094037E-4
1.660000E-8	4.984769E-4
1.665000E-8	5.909759E-4
1.670000E-8	5.944018E-4
1.675000E-8	5.447263E-4
1.680000E-8	5.601427E-4
1.685000E-8	5.669943E-4
1.690000E-8	4.847729E-4
1.695000E-8	3.974127E-4
1.700000E-8	3.648666E-4
1.705000E-8	3.460242E-4
1.710000E-8	3.220430E-4
1.715000E-8	2.963489E-4
1.720000E-8	2.569513E-4
1.725000E-8	2.244055E-4
1.730000E-8	2.158410E-4
1.735000E-8	2.072764E-4
1.740000E-8	1.901472E-4
1.745000E-8	1.935732E-4
1.750000E-8	2.192675E-4
1.755000E-8	2.466748E-4
1.760000E-8	2.723690E-4
1.765000E-8	3.254702E-4
1.770000E-8	3.871360E-4
1.775000E-8	4.333854E-4
1.780000E-8	4.488017E-4
1.785000E-8	4.590790E-4
1.790000E-8	4.881988E-4
1.795000E-8	5.293093E-4
1.800000E-8	5.687068E-4
1.805000E-8	6.252338E-4
1.810000E-8	7.331493E-4
1.815000E-8	8.993051E-4
1.820000E-8	1.128840E-3
1.825000E-8	1.447448E-3
1.830000E-8	1.882536E-3
1.835000E-8	2.447808E-3
1.840000E-8	3.194652E-3
1.845000E-8	4.236123E-3
1.850000E-8	5.657868E-3
1.855000E-8	7.547247E-3
1.860000E-8	1.006356E-2
1.865000E-8	1.331816E-2
1.870000E-8	1.730419E-2
1.875000E-8	2.199937E-2
1.880000E-8	2.738145E-2
1.885000E-8	3.329968E-2
1.890000E-8	3.946629E-2
1.895000E-8	4.559178E-2
1.900000E-8	5.143978E-2
1.905000E-8	5.670881E-2
1.910000E-8	6.104771E-2
1.915000E-8	6.418583E-2
1.920000E-8	6.607521E-2
1.925000E-8	6.677410E-2
1.930000E-8	6.637156E-2
1.935000E-8	6.508172E-2
1.940000E-8	6.327627E-2
1.945000E-8	6.128583E-2
1.950000E-8	5.938446E-2
1.955000E-8	5.790962E-2
1.960000E-8	5.715421E-2
1.965000E-8	5.716277E-2
1.970000E-8	5.791646E-2
1.975000E-8	5.942385E-2
1.980000E-8	6.157188E-2
1.985000E-8	6.413615E-2
1.990000E-8	6.690598E-2
1.995000E-8	6.964841E-2
2.000000E-8	7.208936E-2
2.005000E-8	7.405582E-2
2.010000E-8	7.548613E-2
2.015000E-8	7.627752E-2
2.020000E-8	7.633747E-2
2.025000E-8	7.565572E-2
2.030000E-8	7.429394E-2
2.035000E-8	7.243368E-2
2.040000E-8	7.039014E-2
2.045000E-8	6.838257E-2
2.050000E-8	6.651546E-2
2.055000E-8	6.497723E-2
2.060000E-8	6.402312E-2
2.065000E-8	6.371136E-2
2.070000E-8	6.400256E-2
2.075000E-8	6.489842E-2
2.080000E-8	6.635614E-2
2.085000E-8	6.822838E-2
2.090000E-8	7.037813E-2
2.095000E-8	7.259639E-2
2.100000E-8	7.459369E-2
2.105000E-8	7.623811E-2
2.110000E-8	7.752454E-2
2.115000E-8	7.827481E-2
2.120000E-8	7.826454E-2
2.125000E-8	7.751427E-2
2.130000E-8	7.619017E-2
2.135000E-8	7.441898E-2
2.140000E-8	7.236174E-2
2.145000E-8	7.024968E-2
2.150000E-8	6.831062E-2
2.155000E-8	6.678096E-2
2.160000E-8	6.582171E-2
2.165000E-8	6.540546E-2
2.170000E-8	6.554592E-2
2.175000E-8	6.633901E-2
2.180000E-8	6.774191E-2
2.185000E-8	6.949768E-2
2.190000E-8	7.145557E-2
2.195000E-8	7.356421E-2
2.200000E-8	7.562488E-2
2.205000E-8	7.735496E-2
2.210000E-8	7.857457E-2
2.215000E-8	7.923406E-2
2.220000E-8	7.929916E-2
2.225000E-8	7.870477E-2
2.230000E-8	7.750913E-2
2.235000E-8	7.586300E-2
2.240000E-8	7.393765E-2
2.245000E-8	7.188383E-2
2.250000E-8	6.993963E-2
2.255000E-8	6.837058E-2
2.260000E-8	6.731026E-2
2.265000E-8	6.679466E-2
2.270000E-8	6.688031E-2
2.275000E-8	6.756548E-2
2.280000E-8	6.875598E-2
2.285000E-8	7.035073E-2
2.290000E-8	7.220756E-2
2.295000E-8	7.411578E-2
2.300000E-8	7.587840E-2
2.305000E-8	7.734982E-2
2.310000E-8	7.836560E-2
2.315000E-8	7.884694E-2
2.320000E-8	7.878870E-2
2.325000E-8	7.817547E-2
2.330000E-8	7.701238E-2
2.335000E-8	7.548957E-2
2.340000E-8	7.380232E-2
2.345000E-8	7.207225E-2
2.350000E-8	7.045352E-2
2.355000E-8	6.913626E-2
2.360000E-8	6.822840E-2
2.365000E-8	6.781900E-2
2.370000E-8	6.796803E-2
2.375000E-8	6.861894E-2
2.380000E-8	6.965870E-2
2.385000E-8	7.102563E-2
2.390000E-8	7.260667E-2
2.395000E-8	7.422027E-2
2.400000E-8	7.571738E-2
2.405000E-8	7.697640E-2
2.410000E-8	7.785685E-2
2.415000E-8	7.826454E-2
2.420000E-8	7.819602E-2
2.425000E-8	7.764617E-2
2.430000E-8	7.662525E-2
2.435000E-8	7.527374E-2
2.440000E-8	7.372867E-2
2.445000E-8	7.210480E-2
2.450000E-8	7.058199E-2
2.455000E-8	6.934867E-2
2.460000E-8	6.849904E-2
2.465000E-8	6.807081E-2
2.470000E-8	6.809821E-2
2.475000E-8	6.858126E-2
2.480000E-8	6.944287E-2
2.485000E-8	7.060596E-2
2.490000E-8	7.198316E-2
2.495000E-8	7.341861E-2
2.500000E-8	7.477355E-2
2.505000E-8	7.595206E-2
2.510000E-8	7.685135E-2
2.515000E-8	7.738408E-2
2.520000E-8	7.753482E-2
2.525000E-8	7.732927E-2
2.530000E-8	7.675715E-2
2.535000E-8	7.587499E-2
2.540000E-8	7.480440E-2
2.545000E-8	7.363446E-2
2.550000E-8	7.246280E-2
2.555000E-8	7.141277E-2
2.560000E-8	7.058712E-2
2.565000E-8	7.007153E-2
2.570000E-8	6.992250E-2
2.575000E-8	7.013490E-2
2.580000E-8	7.067105E-2
2.585000E-8	7.149840E-2
2.590000E-8	7.257413E-2
2.595000E-8	7.378689E-2
2.600000E-8	7.499623E-2
2.605000E-8	7.608395E-2
2.610000E-8	7.697983E-2
2.615000E-8	7.760334E-2
2.620000E-8	7.788255E-2
2.625000E-8	7.778320E-2
2.630000E-8	7.731043E-2
2.635000E-8	7.653790E-2
2.640000E-8	7.558550E-2
2.645000E-8	7.453033E-2
2.650000E-8	7.348886E-2
2.655000E-8	7.259127E-2
2.660000E-8	7.195063E-2
2.665000E-8	7.160119E-2
2.670000E-8	7.156179E-2
2.675000E-8	7.187354E-2
2.680000E-8	7.248849E-2
2.685000E-8	7.332612E-2
2.690000E-8	7.434018E-2
2.695000E-8	7.546044E-2
2.700000E-8	7.653103E-2
2.705000E-8	7.744061E-2
2.710000E-8	7.813778E-2
2.715000E-8	7.856944E-2
2.720000E-8	7.867393E-2
2.725000E-8	7.844954E-2
2.730000E-8	7.793223E-2
2.735000E-8	7.718368E-2
2.740000E-8	7.628095E-2
2.745000E-8	7.531657E-2
2.750000E-8	7.438815E-2
2.755000E-8	7.359677E-2
2.760000E-8	7.299553E-2
2.765000E-8	7.260497E-2
2.770000E-8	7.245423E-2
2.775000E-8	7.257756E-2
2.780000E-8	7.294756E-2
2.785000E-8	7.351968E-2
2.790000E-8	7.425967E-2
2.795000E-8	7.509559E-2
2.800000E-8	7.592294E-2
2.805000E-8	7.666807E-2
2.810000E-8	7.727788E-2
2.815000E-8	7.768899E-2
2.820000E-8	7.785172E-2
2.825000E-8	7.776607E-2
2.830000E-8	7.746117E-2
2.835000E-8	7.696442E-2
2.840000E-8	7.629294E-2
2.845000E-8	7.552383E-2
2.850000E-8	7.478041E-2
2.855000E-8	7.410551E-2
2.860000E-8	7.355908E-2
2.865000E-8	7.320622E-2
2.870000E-8	7.308288E-2
2.875000E-8	7.315654E-2
2.880000E-8	7.341177E-2
2.885000E-8	7.387426E-2
2.890000E-8	7.449777E-2
2.895000E-8	7.519323E-2
2.900000E-8	7.590752E-2
2.905000E-8	7.659613E-2
2.910000E-8	7.717339E-2
2.915000E-8	7.756566E-2
2.920000E-8	7.773181E-2
2.925000E-8	7.766501E-2
2.930000E-8	7.736525E-2
2.935000E-8	7.687363E-2
2.940000E-8	7.625012E-2
2.945000E-8	7.552554E-2
2.950000E-8	7.478726E-2
2.955000E-8	7.412607E-2
2.960000E-8	7.356765E-2
2.965000E-8	7.315483E-2
2.970000E-8	7.294585E-2
2.975000E-8	7.294927E-2
2.980000E-8	7.314455E-2
2.985000E-8	7.353167E-2
2.990000E-8	7.410722E-2
2.995000E-8	7.478041E-2
3.000000E-8	7.546045E-2
3.005000E-8	7.608738E-2
3.010000E-8	7.661155E-2
3.015000E-8	7.698839E-2
3.020000E-8	7.718881E-2
3.025000E-8	7.719566E-2
3.030000E-8	7.701067E-2
3.035000E-8	7.666465E-2
3.040000E-8	7.616790E-2
3.045000E-8	7.557179E-2
3.050000E-8	7.494828E-2
3.055000E-8	7.435046E-2
3.060000E-8	7.382801E-2
3.065000E-8	7.343746E-2
3.070000E-8	7.322163E-2
3.075000E-8	7.318566E-2
3.080000E-8	7.332612E-2
3.085000E-8	7.362588E-2
3.090000E-8	7.402842E-2
3.095000E-8	7.447893E-2
3.100000E-8	7.494999E-2
3.105000E-8	7.540563E-2
3.110000E-8	7.579618E-2
3.115000E-8	7.607025E-2
3.120000E-8	7.619530E-2
3.125000E-8	7.615762E-2
3.130000E-8	7.595035E-2
3.135000E-8	7.560776E-2
3.140000E-8	7.517953E-2
3.145000E-8	7.471532E-2
3.150000E-8	7.422370E-2
3.155000E-8	7.376806E-2
3.160000E-8	7.340663E-2
3.165000E-8	7.313770E-2
3.170000E-8	7.297325E-2
3.175000E-8	7.297325E-2
3.180000E-8	7.313256E-2
3.185000E-8	7.342718E-2
3.190000E-8	7.384685E-2
3.195000E-8	7.433847E-2
3.200000E-8	7.481981E-2
3.205000E-8	7.524975E-2
3.210000E-8	7.559406E-2
3.215000E-8	7.584415E-2
3.220000E-8	7.595891E-2
3.225000E-8	7.592466E-2
3.230000E-8	7.572082E-2
3.235000E-8	7.537823E-2
3.240000E-8	7.495342E-2
3.245000E-8	7.448750E-2
3.250000E-8	7.399417E-2
3.255000E-8	7.355223E-2
3.260000E-8	7.320964E-2
3.265000E-8	7.295784E-2
3.270000E-8	7.279682E-2
3.275000E-8	7.278140E-2
3.280000E-8	7.290816E-2
3.285000E-8	7.311200E-2
3.290000E-8	7.336551E-2
3.295000E-8	7.368070E-2
3.300000E-8	7.402157E-2
3.305000E-8	7.431791E-2
3.310000E-8	7.455430E-2
3.315000E-8	7.473416E-2
3.320000E-8	7.481809E-2
3.325000E-8	7.479582E-2
3.330000E-8	7.466050E-2
3.335000E-8	7.441898E-2
3.340000E-8	7.409181E-2
3.345000E-8	7.369098E-2
3.350000E-8	7.324047E-2
3.355000E-8	7.280538E-2
3.360000E-8	7.246108E-2
3.365000E-8	7.222469E-2
3.370000E-8	7.210821E-2
3.375000E-8	7.212877E-2
3.380000E-8	7.227437E-2
3.385000E-8	7.254501E-2
3.390000E-8	7.292357E-2
3.395000E-8	7.337408E-2
3.400000E-8	7.382287E-2
3.405000E-8	7.424597E-2
3.410000E-8	7.461254E-2
3.415000E-8	7.486263E-2
3.420000E-8	7.496541E-2
3.425000E-8	7.489689E-2
3.430000E-8	7.465536E-2
3.435000E-8	7.429564E-2
3.440000E-8	7.390509E-2
3.445000E-8	7.348028E-2
3.450000E-8	7.305719E-2
3.455000E-8	7.270261E-2
3.460000E-8	7.244909E-2
3.465000E-8	7.230520E-2
3.470000E-8	7.229493E-2
3.475000E-8	7.243025E-2
3.480000E-8	7.264779E-2
3.485000E-8	7.293385E-2
3.490000E-8	7.329015E-2
3.495000E-8	7.366014E-2
3.500000E-8	7.397875E-2
3.505000E-8	7.421171E-2
3.510000E-8	7.435217E-2
3.515000E-8	7.439157E-2
3.520000E-8	7.431277E-2
3.525000E-8	7.412606E-2
3.530000E-8	7.391366E-2
3.535000E-8	7.370125E-2
3.540000E-8	7.348885E-2
3.545000E-8	7.326445E-2
3.550000E-8	7.308117E-2
3.555000E-8	7.292186E-2
3.560000E-8	7.277284E-2
3.565000E-8	7.267006E-2
3.570000E-8	7.264265E-2
3.575000E-8	7.266321E-2
3.580000E-8	7.271973E-2
3.585000E-8	7.282080E-2
3.590000E-8	7.295955E-2
3.595000E-8	7.311885E-2
3.600000E-8	7.330556E-2
3.605000E-8	7.350598E-2
3.610000E-8	7.367556E-2
3.615000E-8	7.378519E-2
3.620000E-8	7.382801E-2
3.625000E-8	7.380917E-2
3.630000E-8	7.370468E-2
3.635000E-8	7.350598E-2
3.640000E-8	7.323019E-2
3.645000E-8	7.292700E-2
3.650000E-8	7.263409E-2
3.655000E-8	7.236516E-2
3.660000E-8	7.215275E-2
3.665000E-8	7.204997E-2
3.670000E-8	7.204826E-2
3.675000E-8	7.211335E-2
3.680000E-8	7.225724E-2
3.685000E-8	7.248849E-2
3.690000E-8	7.276770E-2
3.695000E-8	7.305547E-2
3.700000E-8	7.332440E-2
3.705000E-8	7.355565E-2
3.710000E-8	7.371153E-2
3.715000E-8	7.376806E-2
3.720000E-8	7.372009E-2
3.725000E-8	7.356422E-2
3.730000E-8	7.333468E-2
3.735000E-8	7.307945E-2
3.740000E-8	7.279853E-2
3.745000E-8	7.249876E-2
3.750000E-8	7.221784E-2
3.755000E-8	7.202599E-2
3.760000E-8	7.194377E-2
3.765000E-8	7.196261E-2
3.770000E-8	7.207909E-2
3.775000E-8	7.226409E-2
3.780000E-8	7.248163E-2
3.785000E-8	7.269918E-2
3.790000E-8	7.290131E-2
3.795000E-8	7.307774E-2
3.800000E-8	7.319765E-2
3.805000E-8	7.324047E-2
3.810000E-8	7.319422E-2
3.815000E-8	7.305376E-2
3.820000E-8	7.284478E-2
3.825000E-8	7.260154E-2
3.830000E-8	7.238057E-2
3.835000E-8	7.218872E-2
3.840000E-8	7.201914E-2
3.845000E-8	7.190609E-2
3.850000E-8	7.186498E-2
3.855000E-8	7.186326E-2
3.860000E-8	7.188553E-2
3.865000E-8	7.195919E-2
3.870000E-8	7.206882E-2
3.875000E-8	7.216645E-2
3.880000E-8	7.226238E-2
3.885000E-8	7.236858E-2
3.890000E-8	7.245765E-2
3.895000E-8	7.251247E-2
3.900000E-8	7.252788E-2
3.905000E-8	7.250904E-2
3.910000E-8	7.248506E-2
3.915000E-8	7.244566E-2
3.920000E-8	7.237201E-2
3.925000E-8	7.228465E-2
3.930000E-8	7.220585E-2
3.935000E-8	7.214247E-2
3.940000E-8	7.208080E-2
3.945000E-8	7.202599E-2
3.950000E-8	7.200030E-2
3.955000E-8	7.198831E-2
3.960000E-8	7.197632E-2
3.965000E-8	7.197118E-2
3.970000E-8	7.197289E-2
3.975000E-8	7.200715E-2
3.980000E-8	7.209451E-2
3.985000E-8	7.221099E-2
3.990000E-8	7.230863E-2
3.995000E-8	7.238913E-2
4.000000E-8	7.248163E-2
4.005000E-8	7.255872E-2
4.010000E-8	7.259126E-2
4.015000E-8	7.260497E-2
4.020000E-8	7.262210E-2
4.025000E-8	7.261011E-2
4.030000E-8	7.253816E-2
4.035000E-8	7.243196E-2
4.040000E-8	7.229150E-2
4.045000E-8	7.211849E-2
4.050000E-8	7.194206E-2
4.055000E-8	7.177933E-2
4.060000E-8	7.161660E-2
4.065000E-8	7.146928E-2
4.070000E-8	7.136651E-2
4.075000E-8	7.128429E-2
4.080000E-8	7.123290E-2
4.085000E-8	7.125003E-2
4.090000E-8	7.133396E-2
4.095000E-8	7.144359E-2
4.100000E-8	7.156178E-2
4.105000E-8	7.167312E-2
4.110000E-8	7.175877E-2
4.115000E-8	7.180673E-2
4.120000E-8	7.182558E-2
4.125000E-8	7.180502E-2
4.130000E-8	7.176905E-2
4.135000E-8	7.172280E-2
4.140000E-8	7.166627E-2
4.145000E-8	7.159262E-2
4.150000E-8	7.151553E-2
4.155000E-8	7.145729E-2
4.160000E-8	7.142646E-2
4.165000E-8	7.140419E-2
4.170000E-8	7.138535E-2
4.175000E-8	7.139049E-2
4.180000E-8	7.140933E-2
4.185000E-8	7.140248E-2
4.190000E-8	7.137507E-2
4.195000E-8	7.133739E-2
4.200000E-8	7.127572E-2
4.205000E-8	7.118151E-2
4.210000E-8	7.109586E-2
4.215000E-8	7.102220E-2
4.220000E-8	7.093484E-2
4.225000E-8	7.086461E-2
4.230000E-8	7.083721E-2
4.235000E-8	7.083549E-2
4.240000E-8	7.083207E-2
4.245000E-8	7.085091E-2
4.250000E-8	7.089202E-2
4.255000E-8	7.094170E-2
4.260000E-8	7.098966E-2
4.265000E-8	7.104105E-2
4.270000E-8	7.109929E-2
4.275000E-8	7.116438E-2
4.280000E-8	7.123804E-2
4.285000E-8	7.130655E-2
4.290000E-8	7.136308E-2
4.295000E-8	7.139905E-2
4.300000E-8	7.140248E-2
4.305000E-8	7.138535E-2
4.310000E-8	7.135794E-2
4.315000E-8	7.128600E-2
4.320000E-8	7.117294E-2
4.325000E-8	7.105304E-2
4.330000E-8	7.092285E-2
4.335000E-8	7.078582E-2
4.340000E-8	7.066248E-2
4.345000E-8	7.054943E-2
4.350000E-8	7.043980E-2
4.355000E-8	7.036957E-2
4.360000E-8	7.033531E-2
4.365000E-8	7.033189E-2
4.370000E-8	7.034902E-2
4.375000E-8	7.040554E-2
4.380000E-8	7.050318E-2
4.385000E-8	7.060767E-2
4.390000E-8	7.072073E-2
4.395000E-8	7.083892E-2
4.400000E-8	7.093656E-2
4.405000E-8	7.098966E-2
4.410000E-8	7.098623E-2
4.415000E-8	7.096396E-2
4.420000E-8	7.092628E-2
4.425000E-8	7.083892E-2
4.430000E-8	7.071216E-2
4.435000E-8	7.060767E-2
4.440000E-8	7.053915E-2
4.445000E-8	7.046036E-2
4.450000E-8	7.036614E-2
4.455000E-8	7.028564E-2
4.460000E-8	7.024624E-2
4.465000E-8	7.021883E-2
4.470000E-8	7.019828E-2
4.475000E-8	7.018800E-2
4.480000E-8	7.018800E-2
4.485000E-8	7.020342E-2
4.490000E-8	7.023767E-2
4.495000E-8	7.028735E-2
4.500000E-8	7.033874E-2
4.505000E-8	7.038327E-2
4.510000E-8	7.045008E-2
4.515000E-8	7.053744E-2
4.520000E-8	7.062137E-2
4.525000E-8	7.067448E-2
4.530000E-8	7.069503E-2
4.535000E-8	7.069503E-2
4.540000E-8	7.067619E-2
4.545000E-8	7.061452E-2
4.550000E-8	7.052716E-2
4.555000E-8	7.043809E-2
4.560000E-8	7.034730E-2
4.565000E-8	7.025309E-2
4.570000E-8	7.017772E-2
4.575000E-8	7.012976E-2
4.580000E-8	7.010920E-2
4.585000E-8	7.012633E-2
4.590000E-8	7.014518E-2
4.595000E-8	7.016573E-2
4.600000E-8	7.021712E-2
4.605000E-8	7.029763E-2
4.610000E-8	7.033531E-2
4.615000E-8	7.032675E-2
4.620000E-8	7.031476E-2
4.625000E-8	7.028050E-2
4.630000E-8	7.020170E-2
4.635000E-8	7.012119E-2
4.640000E-8	7.004411E-2
4.645000E-8	6.995161E-2
4.650000E-8	6.987110E-2
4.655000E-8	6.981972E-2
4.660000E-8	6.977175E-2
4.665000E-8	6.974949E-2
4.670000E-8	6.978717E-2
4.675000E-8	6.984198E-2
4.680000E-8	6.988481E-2
4.685000E-8	6.991222E-2
4.690000E-8	6.993791E-2
4.695000E-8	6.995846E-2
4.700000E-8	6.999444E-2
4.705000E-8	7.003212E-2
4.710000E-8	7.004411E-2
4.715000E-8	7.005610E-2
4.720000E-8	7.006638E-2
4.725000E-8	7.004754E-2
4.730000E-8	7.000814E-2
4.735000E-8	6.998587E-2
4.740000E-8	6.997559E-2
4.745000E-8	6.995504E-2
4.750000E-8	6.993106E-2
4.755000E-8	6.992934E-2
4.760000E-8	6.992249E-2
4.765000E-8	6.990879E-2
4.770000E-8	6.989509E-2
4.775000E-8	6.987624E-2
4.780000E-8	6.984198E-2
4.785000E-8	6.978032E-2
4.790000E-8	6.969810E-2
4.795000E-8	6.960046E-2
4.800000E-8	6.950796E-2
4.805000E-8	6.942403E-2
4.810000E-8	6.934009E-2
4.815000E-8	6.925616E-2
4.820000E-8	6.921505E-2
4.825000E-8	6.921847E-2
4.830000E-8	6.925273E-2
4.835000E-8	6.931782E-2
4.840000E-8	6.943259E-2
4.845000E-8	6.955592E-2
4.850000E-8	6.966041E-2
4.855000E-8	6.973578E-2
4.860000E-8	6.977347E-2
4.865000E-8	6.977004E-2
4.870000E-8	6.974092E-2
4.875000E-8	6.967583E-2
4.880000E-8	6.959875E-2
4.885000E-8	6.954907E-2
4.890000E-8	6.953023E-2
4.895000E-8	6.949939E-2
4.900000E-8	6.949597E-2
4.905000E-8	6.954736E-2
4.910000E-8	6.960046E-2
4.915000E-8	6.963472E-2
4.920000E-8	6.966041E-2
4.925000E-8	6.966212E-2
4.930000E-8	6.962787E-2
4.935000E-8	6.955421E-2
4.940000E-8	6.943088E-2
4.945000E-8	6.926130E-2
4.950000E-8	6.909343E-2
4.955000E-8	6.893070E-2
4.960000E-8	6.875255E-2
4.965000E-8	6.860695E-2
4.970000E-8	6.853158E-2
4.975000E-8	6.850760E-2
4.980000E-8	6.852644E-2
4.985000E-8	6.861551E-2
4.990000E-8	6.875426E-2
4.995000E-8	6.889472E-2
5.000000E-8	6.902662E-2
5.005000E-8	6.915338E-2
5.010000E-8	6.923903E-2
5.015000E-8	6.927157E-2
5.020000E-8	6.924759E-2
5.025000E-8	6.917051E-2
5.030000E-8	6.905232E-2
5.035000E-8	6.889815E-2
5.040000E-8	6.872686E-2
5.045000E-8	6.854871E-2
5.050000E-8	6.838084E-2
5.055000E-8	6.823695E-2
5.060000E-8	6.814103E-2
5.065000E-8	6.809992E-2
5.070000E-8	6.811019E-2
5.075000E-8	6.815473E-2
5.080000E-8	6.822325E-2
5.085000E-8	6.832603E-2
5.090000E-8	6.845621E-2
5.095000E-8	6.857954E-2
5.100000E-8	6.868403E-2
5.105000E-8	6.876968E-2
5.110000E-8	6.882621E-2
5.115000E-8	6.884334E-2
5.120000E-8	6.881764E-2
5.125000E-8	6.875084E-2
5.130000E-8	6.863607E-2
5.135000E-8	6.850075E-2
5.140000E-8	6.837228E-2
5.145000E-8	6.826436E-2
5.150000E-8	6.814788E-2
5.155000E-8	6.804339E-2
5.160000E-8	6.796973E-2
5.165000E-8	6.792006E-2
5.170000E-8	6.790293E-2
5.175000E-8	6.793547E-2
5.180000E-8	6.801941E-2
5.185000E-8	6.813589E-2
5.190000E-8	6.827121E-2
5.195000E-8	6.844079E-2
5.200000E-8	6.861209E-2
5.205000E-8	6.875255E-2
5.210000E-8	6.884848E-2
5.215000E-8	6.888787E-2
5.220000E-8	6.885875E-2
5.225000E-8	6.875426E-2
5.230000E-8	6.860181E-2
5.235000E-8	6.841681E-2
5.240000E-8	6.820955E-2
5.245000E-8	6.799714E-2
5.250000E-8	6.780186E-2
5.255000E-8	6.765626E-2
5.260000E-8	6.756890E-2
5.265000E-8	6.753978E-2
5.270000E-8	6.756205E-2
5.275000E-8	6.763228E-2
5.280000E-8	6.774705E-2
5.285000E-8	6.788237E-2
5.290000E-8	6.802455E-2
5.295000E-8	6.816501E-2
5.300000E-8	6.829348E-2
5.305000E-8	6.838255E-2
5.310000E-8	6.841167E-2
5.315000E-8	6.840140E-2
5.320000E-8	6.836371E-2
5.325000E-8	6.827978E-2
5.330000E-8	6.814274E-2
5.335000E-8	6.797487E-2
5.340000E-8	6.781043E-2
5.345000E-8	6.769224E-2
5.350000E-8	6.760830E-2
5.355000E-8	6.754150E-2
5.360000E-8	6.751066E-2
5.365000E-8	6.753464E-2
5.370000E-8	6.759117E-2
5.375000E-8	6.766825E-2
5.380000E-8	6.778474E-2
5.385000E-8	6.790293E-2
5.390000E-8	6.800228E-2
5.395000E-8	6.808108E-2
5.400000E-8	6.812561E-2
5.405000E-8	6.810334E-2
5.410000E-8	6.801770E-2
5.415000E-8	6.792520E-2
5.420000E-8	6.782242E-2
5.425000E-8	6.766825E-2
5.430000E-8	6.750210E-2
5.435000E-8	6.737534E-2
5.440000E-8	6.728284E-2
5.445000E-8	6.719891E-2
5.450000E-8	6.715951E-2
5.455000E-8	6.715608E-2
5.460000E-8	6.715780E-2
5.465000E-8	6.717321E-2
5.470000E-8	6.720747E-2
5.475000E-8	6.723488E-2
5.480000E-8	6.727085E-2
5.485000E-8	6.731539E-2
5.490000E-8	6.733937E-2
5.495000E-8	6.734280E-2
5.500000E-8	6.735479E-2
5.505000E-8	6.735307E-2
5.510000E-8	6.731539E-2
5.515000E-8	6.727428E-2
5.520000E-8	6.724344E-2
5.525000E-8	6.717835E-2
5.530000E-8	6.711669E-2
5.535000E-8	6.709270E-2
5.540000E-8	6.706358E-2
5.545000E-8	6.701905E-2
5.550000E-8	6.700706E-2
5.555000E-8	6.704303E-2
5.560000E-8	6.707215E-2
5.565000E-8	6.709613E-2
5.570000E-8	6.713724E-2
5.575000E-8	6.718863E-2
5.580000E-8	6.721090E-2
5.585000E-8	6.720233E-2
5.590000E-8	6.717321E-2
5.595000E-8	6.712696E-2
5.600000E-8	6.707900E-2
5.605000E-8	6.702933E-2
5.610000E-8	6.698993E-2
5.615000E-8	6.696766E-2
5.620000E-8	6.696081E-2
5.625000E-8	6.698308E-2
5.630000E-8	6.702419E-2
5.635000E-8	6.705845E-2
5.640000E-8	6.709784E-2
5.645000E-8	6.714238E-2
5.650000E-8	6.717493E-2
5.655000E-8	6.716294E-2
5.660000E-8	6.712696E-2
5.665000E-8	6.707900E-2
5.670000E-8	6.700363E-2
5.675000E-8	6.690428E-2
5.680000E-8	6.681863E-2
5.685000E-8	6.675011E-2
5.690000E-8	6.669359E-2
5.695000E-8	6.663363E-2
5.700000E-8	6.657368E-2
5.705000E-8	6.652401E-2
5.710000E-8	6.650345E-2
5.715000E-8	6.651202E-2
5.720000E-8	6.650345E-2
5.725000E-8	6.649660E-2
5.730000E-8	6.653600E-2
5.735000E-8	6.660965E-2
5.740000E-8	6.667132E-2
5.745000E-8	6.671414E-2
5.750000E-8	6.676553E-2
5.755000E-8	6.680493E-2
5.760000E-8	6.681007E-2
5.765000E-8	6.679979E-2
5.770000E-8	6.676211E-2
5.775000E-8	6.666447E-2
5.780000E-8	6.654114E-2
5.785000E-8	6.643836E-2
5.790000E-8	6.634415E-2
5.795000E-8	6.625679E-2
5.800000E-8	6.622253E-2
5.805000E-8	6.623794E-2
5.810000E-8	6.626364E-2
5.815000E-8	6.629790E-2
5.820000E-8	6.635614E-2
5.825000E-8	6.639554E-2
5.830000E-8	6.643151E-2
5.835000E-8	6.647776E-2
5.840000E-8	6.651373E-2
5.845000E-8	6.652914E-2
5.850000E-8	6.654970E-2
5.855000E-8	6.656169E-2
5.860000E-8	6.655141E-2
5.865000E-8	6.651373E-2
5.870000E-8	6.646405E-2
5.875000E-8	6.638868E-2
5.880000E-8	6.629447E-2
5.885000E-8	6.619683E-2
5.890000E-8	6.609063E-2
5.895000E-8	6.598614E-2
5.900000E-8	6.588850E-2
5.905000E-8	6.579943E-2
5.910000E-8	6.571892E-2
5.915000E-8	6.565383E-2
5.920000E-8	6.560244E-2
5.925000E-8	6.556818E-2
5.930000E-8	6.556476E-2
5.935000E-8	6.559901E-2
5.940000E-8	6.565383E-2
5.945000E-8	6.570179E-2
5.950000E-8	6.574462E-2
5.955000E-8	6.581656E-2
5.960000E-8	6.589536E-2
5.965000E-8	6.596901E-2
5.970000E-8	6.600327E-2
5.975000E-8	6.601869E-2
5.980000E-8	6.601697E-2
5.985000E-8	6.595702E-2
5.990000E-8	6.585767E-2
5.995000E-8	6.576174E-2
6.000000E-8	6.566582E-2
6.005000E-8	6.557161E-2
6.010000E-8	6.548596E-2
6.015000E-8	6.542943E-2
6.020000E-8	6.539517E-2
6.025000E-8	6.536777E-2
6.030000E-8	6.538318E-2
6.035000E-8	6.544485E-2
6.040000E-8	6.550823E-2
6.045000E-8	6.554249E-2
6.050000E-8	6.557846E-2
6.055000E-8	6.561272E-2
6.060000E-8	6.562471E-2
6.065000E-8	6.559559E-2
6.070000E-8	6.553906E-2
6.075000E-8	6.547054E-2
6.080000E-8	6.541573E-2
6.085000E-8	6.538147E-2
6.090000E-8	6.535749E-2
6.095000E-8	6.533522E-2
6.100000E-8	6.531809E-2
6.105000E-8	6.532666E-2
6.110000E-8	6.536434E-2
6.115000E-8	6.541059E-2
6.120000E-8	6.546369E-2
6.125000E-8	6.553392E-2
6.130000E-8	6.562300E-2
6.135000E-8	6.570008E-2
6.140000E-8	6.576346E-2
6.145000E-8	6.580799E-2
6.150000E-8	6.582684E-2
6.155000E-8	6.581999E-2
6.160000E-8	6.580457E-2
6.165000E-8	6.574804E-2
6.170000E-8	6.566753E-2
6.175000E-8	6.561443E-2
6.180000E-8	6.558874E-2
6.185000E-8	6.555619E-2
6.190000E-8	6.553392E-2
6.195000E-8	6.555790E-2
6.200000E-8	6.561614E-2
6.205000E-8	6.565897E-2
6.210000E-8	6.569837E-2
6.215000E-8	6.576174E-2
6.220000E-8	6.582512E-2
6.225000E-8	6.585253E-2
6.230000E-8	6.584225E-2
6.235000E-8	6.580971E-2
6.240000E-8	6.574290E-2
6.245000E-8	6.563670E-2
6.250000E-8	6.549966E-2
6.255000E-8	6.535064E-2
6.260000E-8	6.518277E-2
6.265000E-8	6.503203E-2
6.270000E-8	6.493268E-2
6.275000E-8	6.487444E-2
6.280000E-8	6.484532E-2
6.285000E-8	6.485731E-2
6.290000E-8	6.490356E-2
6.295000E-8	6.495495E-2
6.300000E-8	6.499777E-2
6.305000E-8	6.501833E-2
6.310000E-8	6.499606E-2
6.315000E-8	6.495152E-2
6.320000E-8	6.489499E-2
6.325000E-8	6.482305E-2
6.330000E-8	6.473740E-2
6.335000E-8	6.467402E-2
6.340000E-8	6.462435E-2
6.345000E-8	6.458495E-2
6.350000E-8	6.457296E-2
6.355000E-8	6.460208E-2
6.360000E-8	6.463634E-2
6.365000E-8	6.466888E-2
6.370000E-8	6.468944E-2
6.375000E-8	6.468773E-2
6.380000E-8	6.466717E-2
6.385000E-8	6.463291E-2
6.390000E-8	6.459351E-2
6.395000E-8	6.453527E-2
6.400000E-8	6.444963E-2
6.405000E-8	6.433829E-2
6.410000E-8	6.422181E-2
6.415000E-8	6.412588E-2
6.420000E-8	6.405736E-2
6.425000E-8	6.400426E-2
6.430000E-8	6.395973E-2
6.435000E-8	6.394602E-2
6.440000E-8	6.395459E-2
6.445000E-8	6.398199E-2
6.450000E-8	6.401625E-2
6.455000E-8	6.405565E-2
6.460000E-8	6.408991E-2
6.465000E-8	6.412417E-2
6.470000E-8	6.415671E-2
6.475000E-8	6.420639E-2
6.480000E-8	6.426634E-2
6.485000E-8	6.433143E-2
6.490000E-8	6.440338E-2
6.495000E-8	6.447532E-2
6.500000E-8	6.454898E-2
6.505000E-8	6.461750E-2
6.510000E-8	6.468259E-2
6.515000E-8	6.474083E-2
6.520000E-8	6.477680E-2
6.525000E-8	6.479222E-2
6.530000E-8	6.479050E-2
6.535000E-8	6.478194E-2
6.540000E-8	6.474768E-2
6.545000E-8	6.468088E-2
6.550000E-8	6.459694E-2
6.555000E-8	6.452157E-2
6.560000E-8	6.446676E-2
6.565000E-8	6.442222E-2
6.570000E-8	6.438625E-2
6.575000E-8	6.436056E-2
6.580000E-8	6.433144E-2
6.585000E-8	6.430403E-2
6.590000E-8	6.427833E-2
6.595000E-8	6.424921E-2
6.600000E-8	6.422181E-2
6.605000E-8	6.420125E-2
6.610000E-8	6.416699E-2
6.615000E-8	6.411903E-2
6.620000E-8	6.406079E-2
6.625000E-8	6.401111E-2
6.630000E-8	6.398542E-2
6.635000E-8	6.399398E-2
6.640000E-8	6.402653E-2
6.645000E-8	6.407107E-2
6.650000E-8	6.413958E-2
6.655000E-8	6.425093E-2
6.660000E-8	6.437255E-2
6.665000E-8	6.445477E-2
6.670000E-8	6.450102E-2
6.675000E-8	6.452157E-2
6.680000E-8	6.448560E-2
6.685000E-8	6.438968E-2
6.690000E-8	6.427491E-2
6.695000E-8	6.414815E-2
6.700000E-8	6.402139E-2
6.705000E-8	6.388607E-2
6.710000E-8	6.375246E-2
6.715000E-8	6.364112E-2
6.720000E-8	6.355890E-2
6.725000E-8	6.350751E-2
6.730000E-8	6.347839E-2
6.735000E-8	6.345441E-2
6.740000E-8	6.343899E-2
6.745000E-8	6.341158E-2
6.750000E-8	6.337732E-2
6.755000E-8	6.336191E-2
6.760000E-8	6.335506E-2
6.765000E-8	6.333450E-2
6.770000E-8	6.333279E-2
6.775000E-8	6.340302E-2
6.780000E-8	6.350580E-2
6.785000E-8	6.361371E-2
6.790000E-8	6.374903E-2
6.795000E-8	6.392204E-2
6.800000E-8	6.408648E-2
6.805000E-8	6.422352E-2
6.810000E-8	6.433829E-2
6.815000E-8	6.441879E-2
6.820000E-8	6.444106E-2
6.825000E-8	6.441537E-2
6.830000E-8	6.434000E-2
6.835000E-8	6.420639E-2
6.840000E-8	6.401283E-2
6.845000E-8	6.378500E-2
6.850000E-8	6.354005E-2
6.855000E-8	6.328311E-2
6.860000E-8	6.303816E-2
6.865000E-8	6.284288E-2
6.870000E-8	6.269728E-2
6.875000E-8	6.262363E-2
6.880000E-8	6.262191E-2
6.885000E-8	6.267673E-2
6.890000E-8	6.276923E-2
6.895000E-8	6.290626E-2
6.900000E-8	6.308783E-2
6.905000E-8	6.328311E-2
6.910000E-8	6.345954E-2
6.915000E-8	6.362227E-2
6.920000E-8	6.374732E-2
6.925000E-8	6.382098E-2
6.930000E-8	6.383982E-2
6.935000E-8	6.381584E-2
6.940000E-8	6.376445E-2
6.945000E-8	6.369422E-2
6.950000E-8	6.359829E-2
6.955000E-8	6.347667E-2
6.960000E-8	6.336362E-2
6.965000E-8	6.328311E-2
6.970000E-8	6.318719E-2
6.975000E-8	6.307756E-2
6.980000E-8	6.300047E-2
6.985000E-8	6.293024E-2
6.990000E-8	6.283089E-2
6.995000E-8	6.271784E-2
7.000000E-8	6.263733E-2
7.005000E-8	6.259279E-2
7.010000E-8	6.258252E-2
7.015000E-8	6.259622E-2
7.020000E-8	6.262191E-2
7.025000E-8	6.264932E-2
7.030000E-8	6.270071E-2
7.035000E-8	6.277608E-2
7.040000E-8	6.286687E-2
7.045000E-8	6.295251E-2
7.050000E-8	6.303645E-2
7.055000E-8	6.311010E-2
7.060000E-8	6.316834E-2
7.065000E-8	6.319061E-2
7.070000E-8	6.317348E-2
7.075000E-8	6.310497E-2
7.080000E-8	6.299876E-2
7.085000E-8	6.286515E-2
7.090000E-8	6.272469E-2
7.095000E-8	6.258594E-2
7.100000E-8	6.245576E-2
7.105000E-8	6.235812E-2
7.110000E-8	6.232215E-2
7.115000E-8	6.234270E-2
7.120000E-8	6.240094E-2
7.125000E-8	6.249858E-2
7.130000E-8	6.262877E-2
7.135000E-8	6.277094E-2
7.140000E-8	6.289941E-2
7.145000E-8	6.299020E-2
7.150000E-8	6.302446E-2
7.155000E-8	6.301075E-2
7.160000E-8	6.296279E-2
7.165000E-8	6.288057E-2
7.170000E-8	6.276923E-2
7.175000E-8	6.266474E-2
7.180000E-8	6.257738E-2
7.185000E-8	6.251571E-2
7.190000E-8	6.246775E-2
7.195000E-8	6.242835E-2
7.200000E-8	6.239752E-2
7.205000E-8	6.238382E-2
7.210000E-8	6.238382E-2
7.215000E-8	6.236497E-2
7.220000E-8	6.233757E-2
7.225000E-8	6.231701E-2
7.230000E-8	6.231016E-2
7.235000E-8	6.229132E-2
7.240000E-8	6.226391E-2
7.245000E-8	6.222622E-2
7.250000E-8	6.218683E-2
7.255000E-8	6.215257E-2
7.260000E-8	6.214058E-2
7.265000E-8	6.214743E-2
7.270000E-8	6.216456E-2
7.275000E-8	6.218854E-2
7.280000E-8	6.220396E-2
7.285000E-8	6.219025E-2
7.290000E-8	6.214058E-2
7.295000E-8	6.207035E-2
7.300000E-8	6.199669E-2
7.305000E-8	6.190248E-2
7.310000E-8	6.180826E-2
7.315000E-8	6.173975E-2
7.320000E-8	6.168322E-2
7.325000E-8	6.163526E-2
7.330000E-8	6.161984E-2
7.335000E-8	6.163526E-2
7.340000E-8	6.167123E-2
7.345000E-8	6.172433E-2
7.350000E-8	6.180998E-2
7.355000E-8	6.192303E-2
7.360000E-8	6.203095E-2
7.365000E-8	6.209947E-2
7.370000E-8	6.214572E-2
7.375000E-8	6.219539E-2
7.380000E-8	6.221937E-2
7.385000E-8	6.218169E-2
7.390000E-8	6.210803E-2
7.395000E-8	6.204294E-2
7.400000E-8	6.196928E-2
7.405000E-8	6.187678E-2
7.410000E-8	6.178942E-2
7.415000E-8	6.173975E-2
7.420000E-8	6.173632E-2
7.425000E-8	6.177743E-2
7.430000E-8	6.184595E-2
7.435000E-8	6.193331E-2
7.440000E-8	6.202581E-2
7.445000E-8	6.210632E-2
7.450000E-8	6.214058E-2
7.455000E-8	6.215599E-2
7.460000E-8	6.214400E-2
7.465000E-8	6.207548E-2
7.470000E-8	6.196072E-2
7.475000E-8	6.180484E-2
7.480000E-8	6.161984E-2
7.485000E-8	6.144169E-2
7.490000E-8	6.129267E-2
7.495000E-8	6.118989E-2
7.500000E-8	6.112822E-2
7.505000E-8	6.110253E-2
7.510000E-8	6.112994E-2
7.515000E-8	6.121216E-2
7.520000E-8	6.131665E-2
7.525000E-8	6.142628E-2
7.530000E-8	6.153077E-2
7.535000E-8	6.160785E-2
7.540000E-8	6.163012E-2
7.545000E-8	6.160785E-2
7.550000E-8	6.156503E-2
7.555000E-8	6.150336E-2
7.560000E-8	6.140572E-2
7.565000E-8	6.128753E-2
7.570000E-8	6.116077E-2
7.575000E-8	6.104772E-2
7.580000E-8	6.095008E-2
7.585000E-8	6.087300E-2
7.590000E-8	6.083702E-2
7.595000E-8	6.084388E-2
7.600000E-8	6.088327E-2
7.605000E-8	6.093295E-2
7.610000E-8	6.098605E-2
7.615000E-8	6.104429E-2
7.620000E-8	6.108197E-2
7.625000E-8	6.111966E-2
7.630000E-8	6.115906E-2
7.635000E-8	6.117105E-2
7.640000E-8	6.114707E-2
7.645000E-8	6.110767E-2
7.650000E-8	6.106827E-2
7.655000E-8	6.102716E-2
7.660000E-8	6.098947E-2
7.665000E-8	6.096549E-2
7.670000E-8	6.096378E-2
7.675000E-8	6.100489E-2
7.680000E-8	6.108369E-2
7.685000E-8	6.116762E-2
7.690000E-8	6.123957E-2
7.695000E-8	6.131322E-2
7.700000E-8	6.140401E-2
7.705000E-8	6.150165E-2
7.710000E-8	6.157359E-2
7.715000E-8	6.157530E-2
7.720000E-8	6.151878E-2
7.725000E-8	6.141429E-2
7.730000E-8	6.129267E-2
7.735000E-8	6.114022E-2
7.740000E-8	6.096892E-2
7.745000E-8	6.081304E-2
7.750000E-8	6.069827E-2
7.755000E-8	6.062462E-2
7.760000E-8	6.058522E-2
7.765000E-8	6.059892E-2
7.770000E-8	6.066573E-2
7.775000E-8	6.077364E-2
7.780000E-8	6.091411E-2
7.785000E-8	6.108711E-2
7.790000E-8	6.127554E-2
7.795000E-8	6.143656E-2
7.800000E-8	6.153762E-2
7.805000E-8	6.158558E-2
7.810000E-8	6.159243E-2
7.815000E-8	6.153248E-2
7.820000E-8	6.140743E-2
7.825000E-8	6.126526E-2
7.830000E-8	6.114878E-2
7.835000E-8	6.102887E-2
7.840000E-8	6.090725E-2
7.845000E-8	6.083702E-2
7.850000E-8	6.081818E-2
7.855000E-8	6.082503E-2
7.860000E-8	6.084901E-2
7.865000E-8	6.088670E-2
7.870000E-8	6.093637E-2
7.875000E-8	6.098262E-2
7.880000E-8	6.098434E-2
7.885000E-8	6.095008E-2
7.890000E-8	6.090897E-2
7.895000E-8	6.085415E-2
7.900000E-8	6.078221E-2
7.905000E-8	6.071540E-2
7.910000E-8	6.068115E-2
7.915000E-8	6.066573E-2
7.920000E-8	6.068115E-2
7.925000E-8	6.072740E-2
7.930000E-8	6.077193E-2
7.935000E-8	6.078050E-2
7.940000E-8	6.076165E-2
7.945000E-8	6.073596E-2
7.950000E-8	6.067943E-2
7.955000E-8	6.058351E-2
7.960000E-8	6.046703E-2
7.965000E-8	6.033513E-2
7.970000E-8	6.019467E-2
7.975000E-8	6.005421E-2
7.980000E-8	5.993259E-2
7.985000E-8	5.983838E-2
7.990000E-8	5.976301E-2
7.995000E-8	5.971676E-2
8.000000E-8	5.971504E-2
8.005000E-8	5.976986E-2
8.010000E-8	5.984694E-2
8.015000E-8	5.992745E-2
8.020000E-8	6.003023E-2
8.025000E-8	6.013985E-2
8.030000E-8	6.024434E-2
8.035000E-8	6.035740E-2
8.040000E-8	6.048758E-2
8.045000E-8	6.060749E-2
8.050000E-8	6.069142E-2
8.055000E-8	6.078221E-2
8.060000E-8	6.086272E-2
8.065000E-8	6.091411E-2
8.070000E-8	6.091582E-2
8.075000E-8	6.090212E-2
8.080000E-8	6.087300E-2
8.085000E-8	6.083017E-2
8.090000E-8	6.077878E-2
8.095000E-8	6.074452E-2
8.100000E-8	6.071027E-2
8.105000E-8	6.067258E-2
8.110000E-8	6.064517E-2
8.115000E-8	6.062119E-2
8.120000E-8	6.059207E-2
8.125000E-8	6.054240E-2
8.130000E-8	6.048416E-2
8.135000E-8	6.042592E-2
8.140000E-8	6.035911E-2
8.145000E-8	6.026319E-2
8.150000E-8	6.015013E-2
8.155000E-8	6.005421E-2
8.160000E-8	5.998740E-2
8.165000E-8	5.994115E-2
8.170000E-8	5.991717E-2
8.175000E-8	5.993773E-2
8.180000E-8	5.999597E-2
8.185000E-8	6.006962E-2
8.190000E-8	6.013300E-2
8.195000E-8	6.019467E-2
8.200000E-8	6.025634E-2
8.205000E-8	6.028717E-2
8.210000E-8	6.028717E-2
8.215000E-8	6.028374E-2
8.220000E-8	6.028203E-2
8.225000E-8	6.025805E-2
8.230000E-8	6.019638E-2
8.235000E-8	6.013129E-2
8.240000E-8	6.006448E-2
8.245000E-8	5.998740E-2
8.250000E-8	5.991546E-2
8.255000E-8	5.986578E-2
8.260000E-8	5.984180E-2
8.265000E-8	5.983152E-2
8.270000E-8	5.984009E-2
8.275000E-8	5.987264E-2
8.280000E-8	5.991203E-2
8.285000E-8	5.996000E-2
8.290000E-8	6.001652E-2
8.295000E-8	6.005421E-2
8.300000E-8	6.004050E-2
8.305000E-8	6.001652E-2
8.310000E-8	6.000111E-2
8.315000E-8	5.996171E-2
8.320000E-8	5.989319E-2
8.325000E-8	5.984523E-2
8.330000E-8	5.980754E-2
8.335000E-8	5.976301E-2
8.340000E-8	5.973217E-2
8.345000E-8	5.972189E-2
8.350000E-8	5.972018E-2
8.355000E-8	5.973389E-2
8.360000E-8	5.974245E-2
8.365000E-8	5.972018E-2
8.370000E-8	5.966023E-2
8.375000E-8	5.960370E-2
8.380000E-8	5.955231E-2
8.385000E-8	5.947694E-2
8.390000E-8	5.941185E-2
8.395000E-8	5.938102E-2
8.400000E-8	5.936903E-2
8.405000E-8	5.937417E-2
8.410000E-8	5.942042E-2
8.415000E-8	5.949065E-2
8.420000E-8	5.957116E-2
8.425000E-8	5.967393E-2
8.430000E-8	5.977157E-2
8.435000E-8	5.981953E-2
8.440000E-8	5.983324E-2
8.445000E-8	5.981440E-2
8.450000E-8	5.972875E-2
8.455000E-8	5.959856E-2
8.460000E-8	5.947523E-2
8.465000E-8	5.936560E-2
8.470000E-8	5.925940E-2
8.475000E-8	5.916519E-2
8.480000E-8	5.909838E-2
8.485000E-8	5.906584E-2
8.490000E-8	5.906070E-2
8.495000E-8	5.905899E-2
8.500000E-8	5.906412E-2
8.505000E-8	5.910010E-2
8.510000E-8	5.915834E-2
8.515000E-8	5.919260E-2
8.520000E-8	5.920630E-2
8.525000E-8	5.922685E-2
8.530000E-8	5.924570E-2
8.535000E-8	5.924741E-2
8.540000E-8	5.923028E-2
8.545000E-8	5.920801E-2
8.550000E-8	5.917375E-2
8.555000E-8	5.911551E-2
8.560000E-8	5.903672E-2
8.565000E-8	5.895278E-2
8.570000E-8	5.888598E-2
8.575000E-8	5.883630E-2
8.580000E-8	5.878320E-2
8.585000E-8	5.875065E-2
8.590000E-8	5.875922E-2
8.595000E-8	5.879519E-2
8.600000E-8	5.882089E-2
8.605000E-8	5.885172E-2
8.610000E-8	5.887741E-2
8.615000E-8	5.889968E-2
8.620000E-8	5.892538E-2
8.625000E-8	5.897162E-2
8.630000E-8	5.901787E-2
8.635000E-8	5.904186E-2
8.640000E-8	5.905385E-2
8.645000E-8	5.908297E-2
8.650000E-8	5.911037E-2
8.655000E-8	5.913949E-2
8.660000E-8	5.917204E-2
8.665000E-8	5.920287E-2
8.670000E-8	5.922685E-2
8.675000E-8	5.923713E-2
8.680000E-8	5.923028E-2
8.685000E-8	5.918746E-2
8.690000E-8	5.911380E-2
8.695000E-8	5.901959E-2
8.700000E-8	5.891852E-2
8.705000E-8	5.880376E-2
8.710000E-8	5.868556E-2
8.715000E-8	5.858279E-2
8.720000E-8	5.851084E-2
8.725000E-8	5.846117E-2
8.730000E-8	5.842691E-2
8.735000E-8	5.842519E-2
8.740000E-8	5.844061E-2
8.745000E-8	5.846631E-2
8.750000E-8	5.849714E-2
8.755000E-8	5.852968E-2
8.760000E-8	5.855880E-2
8.765000E-8	5.857765E-2
8.770000E-8	5.858621E-2
8.775000E-8	5.858964E-2
8.780000E-8	5.858964E-2
8.785000E-8	5.858107E-2
8.790000E-8	5.855880E-2
8.795000E-8	5.853482E-2
8.800000E-8	5.853140E-2
8.805000E-8	5.853654E-2
8.810000E-8	5.853996E-2
8.815000E-8	5.855880E-2
8.820000E-8	5.857251E-2
8.825000E-8	5.857080E-2
8.830000E-8	5.856908E-2
8.835000E-8	5.855709E-2
8.840000E-8	5.851084E-2
8.845000E-8	5.846288E-2
8.850000E-8	5.843547E-2
8.855000E-8	5.839607E-2
8.860000E-8	5.834469E-2
8.865000E-8	5.832242E-2
8.870000E-8	5.830529E-2
8.875000E-8	5.828131E-2
8.880000E-8	5.827788E-2
8.885000E-8	5.829844E-2
8.890000E-8	5.830871E-2
8.895000E-8	5.831043E-2
8.900000E-8	5.830871E-2
8.905000E-8	5.829501E-2
8.910000E-8	5.825904E-2
8.915000E-8	5.821108E-2
8.920000E-8	5.815798E-2
8.925000E-8	5.808946E-2
8.930000E-8	5.801580E-2
8.935000E-8	5.797983E-2
8.940000E-8	5.797640E-2
8.945000E-8	5.799696E-2
8.950000E-8	5.803636E-2
8.955000E-8	5.811344E-2
8.960000E-8	5.820422E-2
8.965000E-8	5.827959E-2
8.970000E-8	5.832927E-2
8.975000E-8	5.836353E-2
8.980000E-8	5.837895E-2
8.985000E-8	5.836524E-2
8.990000E-8	5.831728E-2
8.995000E-8	5.825047E-2
9.000000E-8	5.818024E-2
9.005000E-8	5.809974E-2
9.010000E-8	5.799353E-2
9.015000E-8	5.789589E-2
9.020000E-8	5.781196E-2
9.025000E-8	5.771946E-2
9.030000E-8	5.762525E-2
9.035000E-8	5.755844E-2
9.040000E-8	5.754131E-2
9.045000E-8	5.755502E-2
9.050000E-8	5.757729E-2
9.055000E-8	5.760641E-2
9.060000E-8	5.763553E-2
9.065000E-8	5.766465E-2
9.070000E-8	5.770062E-2
9.075000E-8	5.775886E-2
9.080000E-8	5.780339E-2
9.085000E-8	5.782909E-2
9.090000E-8	5.786506E-2
9.095000E-8	5.791816E-2
9.100000E-8	5.794900E-2
9.105000E-8	5.796099E-2
9.110000E-8	5.796441E-2
9.115000E-8	5.794728E-2
9.120000E-8	5.789418E-2
9.125000E-8	5.781710E-2
9.130000E-8	5.772460E-2
9.135000E-8	5.760469E-2
9.140000E-8	5.745567E-2
9.145000E-8	5.728951E-2
9.150000E-8	5.713535E-2
9.155000E-8	5.701373E-2
9.160000E-8	5.691438E-2
9.165000E-8	5.683044E-2
9.170000E-8	5.679618E-2
9.175000E-8	5.682359E-2
9.180000E-8	5.689896E-2
9.185000E-8	5.701373E-2
9.190000E-8	5.716618E-2
9.195000E-8	5.732034E-2
9.200000E-8	5.747965E-2
9.205000E-8	5.764067E-2
9.210000E-8	5.777256E-2
9.215000E-8	5.784622E-2
9.220000E-8	5.788048E-2
9.225000E-8	5.788219E-2
9.230000E-8	5.782909E-2
9.235000E-8	5.774173E-2
9.240000E-8	5.763553E-2
9.245000E-8	5.750706E-2
9.250000E-8	5.737516E-2
9.255000E-8	5.726382E-2
9.260000E-8	5.716104E-2
9.265000E-8	5.708910E-2
9.270000E-8	5.706512E-2
9.275000E-8	5.704970E-2
9.280000E-8	5.703600E-2
9.285000E-8	5.707197E-2
9.290000E-8	5.716275E-2
9.295000E-8	5.725183E-2
9.300000E-8	5.732891E-2
9.305000E-8	5.740599E-2
9.310000E-8	5.747794E-2
9.315000E-8	5.751048E-2
9.320000E-8	5.750706E-2
9.325000E-8	5.747794E-2
9.330000E-8	5.743340E-2
9.335000E-8	5.736145E-2
9.340000E-8	5.728951E-2
9.345000E-8	5.724840E-2
9.350000E-8	5.722442E-2
9.355000E-8	5.720900E-2
9.360000E-8	5.721928E-2
9.365000E-8	5.725354E-2
9.370000E-8	5.728780E-2
9.375000E-8	5.732891E-2
9.380000E-8	5.736488E-2
9.385000E-8	5.737345E-2
9.390000E-8	5.734261E-2
9.395000E-8	5.728095E-2
9.400000E-8	5.717132E-2
9.405000E-8	5.702914E-2
9.410000E-8	5.688354E-2
9.415000E-8	5.676192E-2
9.420000E-8	5.663174E-2
9.425000E-8	5.652554E-2
9.430000E-8	5.646901E-2
9.435000E-8	5.644845E-2
9.440000E-8	5.645873E-2
9.445000E-8	5.652211E-2
9.450000E-8	5.665401E-2
9.455000E-8	5.679447E-2
9.460000E-8	5.691095E-2
9.465000E-8	5.701373E-2
9.470000E-8	5.709595E-2
9.475000E-8	5.714391E-2
9.480000E-8	5.714905E-2
9.485000E-8	5.709937E-2
9.490000E-8	5.700859E-2
9.495000E-8	5.688697E-2
9.500000E-8	5.674308E-2
9.505000E-8	5.657521E-2
9.510000E-8	5.641762E-2
9.515000E-8	5.631313E-2
9.520000E-8	5.626174E-2
9.525000E-8	5.626003E-2
9.530000E-8	5.633540E-2
9.535000E-8	5.645359E-2
9.540000E-8	5.658378E-2
9.545000E-8	5.672081E-2
9.550000E-8	5.687840E-2
9.555000E-8	5.701715E-2
9.560000E-8	5.710965E-2
9.565000E-8	5.716447E-2
9.570000E-8	5.718160E-2
9.575000E-8	5.714734E-2
9.580000E-8	5.707882E-2
9.585000E-8	5.698632E-2
9.590000E-8	5.687327E-2
9.595000E-8	5.674993E-2
9.600000E-8	5.664544E-2
9.605000E-8	5.656494E-2
9.610000E-8	5.650327E-2
9.615000E-8	5.644674E-2
9.620000E-8	5.638165E-2
9.625000E-8	5.630971E-2
9.630000E-8	5.623091E-2
9.635000E-8	5.615897E-2
9.640000E-8	5.610929E-2
9.645000E-8	5.606818E-2
9.650000E-8	5.602022E-2
9.655000E-8	5.599795E-2
9.660000E-8	5.600994E-2
9.665000E-8	5.604077E-2
9.670000E-8	5.609559E-2
9.675000E-8	5.618123E-2
9.680000E-8	5.625318E-2
9.685000E-8	5.628744E-2
9.690000E-8	5.629943E-2
9.695000E-8	5.629429E-2
9.700000E-8	5.624804E-2
9.705000E-8	5.615897E-2
9.710000E-8	5.606989E-2
9.715000E-8	5.598253E-2
9.720000E-8	5.587976E-2
9.725000E-8	5.577869E-2
9.730000E-8	5.571017E-2
9.735000E-8	5.568791E-2
9.740000E-8	5.569133E-2
9.745000E-8	5.571360E-2
9.750000E-8	5.575814E-2
9.755000E-8	5.581809E-2
9.760000E-8	5.587976E-2
9.765000E-8	5.592600E-2
9.770000E-8	5.595684E-2
9.775000E-8	5.597568E-2
9.780000E-8	5.597568E-2
9.785000E-8	5.595341E-2
9.790000E-8	5.592258E-2
9.795000E-8	5.590202E-2
9.800000E-8	5.589860E-2
9.805000E-8	5.592087E-2
9.810000E-8	5.595341E-2
9.815000E-8	5.599452E-2
9.820000E-8	5.604420E-2
9.825000E-8	5.609387E-2
9.830000E-8	5.613841E-2
9.835000E-8	5.618637E-2
9.840000E-8	5.621207E-2
9.845000E-8	5.620693E-2
9.850000E-8	5.618637E-2
9.855000E-8	5.617781E-2
9.860000E-8	5.616068E-2
9.865000E-8	5.612813E-2
9.870000E-8	5.609045E-2
9.875000E-8	5.605276E-2
9.880000E-8	5.600823E-2
9.885000E-8	5.597397E-2
9.890000E-8	5.595513E-2
9.895000E-8	5.594827E-2
9.900000E-8	5.593457E-2
9.905000E-8	5.588147E-2
9.910000E-8	5.578040E-2
9.915000E-8	5.568448E-2
9.920000E-8	5.560055E-2
9.925000E-8	5.550976E-2
9.930000E-8	5.541897E-2
9.935000E-8	5.535046E-2
9.940000E-8	5.529735E-2
9.945000E-8	5.524083E-2
9.950000E-8	5.520486E-2
9.955000E-8	5.518430E-2
9.960000E-8	5.514833E-2
9.965000E-8	5.511064E-2
9.970000E-8	5.507981E-2
9.975000E-8	5.502500E-2
9.980000E-8	5.493592E-2
9.985000E-8	5.484000E-2
9.990000E-8	5.475435E-2
9.995000E-8	5.468754E-2
1.000000E-7	5.466185E-2
1.000500E-7	5.467042E-2
1.001000E-7	5.470639E-2
1.001500E-7	5.476463E-2
1.002000E-7	5.488796E-2
1.002500E-7	5.506782E-2
1.003000E-7	5.524939E-2
1.003500E-7	5.542069E-2
1.004000E-7	5.557999E-2
1.004500E-7	5.571017E-2
1.005000E-7	5.579240E-2
1.005500E-7	5.584036E-2
1.006000E-7	5.585749E-2
1.006500E-7	5.583351E-2
1.007000E-7	5.576841E-2
1.007500E-7	5.567249E-2
1.008000E-7	5.552004E-2
1.008500E-7	5.534874E-2
1.009000E-7	5.520485E-2
1.009500E-7	5.510208E-2
1.010000E-7	5.503013E-2
1.010500E-7	5.500273E-2
1.011000E-7	5.501814E-2
1.011500E-7	5.504384E-2
1.012000E-7	5.507296E-2
1.012500E-7	5.510550E-2
1.013000E-7	5.510893E-2
1.013500E-7	5.508152E-2
1.014000E-7	5.504384E-2
1.014500E-7	5.498560E-2
1.015000E-7	5.489652E-2
1.015500E-7	5.480916E-2
1.016000E-7	5.472523E-2
1.016500E-7	5.464643E-2
1.017000E-7	5.457963E-2
1.017500E-7	5.455222E-2
1.018000E-7	5.455565E-2
1.018500E-7	5.460190E-2
1.019000E-7	5.468069E-2
1.019500E-7	5.478347E-2
1.020000E-7	5.489995E-2
1.020500E-7	5.503185E-2
1.021000E-7	5.514833E-2
1.021500E-7	5.522712E-2
1.022000E-7	5.527509E-2
1.022500E-7	5.530935E-2
1.023000E-7	5.532476E-2
1.023500E-7	5.532134E-2
1.024000E-7	5.530249E-2
1.024500E-7	5.525282E-2
1.025000E-7	5.519800E-2
1.025500E-7	5.518601E-2
1.026000E-7	5.519629E-2
1.026500E-7	5.517574E-2
1.027000E-7	5.513976E-2
1.027500E-7	5.512435E-2
1.028000E-7	5.511921E-2
1.028500E-7	5.510037E-2
1.029000E-7	5.506782E-2
1.029500E-7	5.503870E-2
1.030000E-7	5.502157E-2
1.030500E-7	5.499074E-2
1.031000E-7	5.495476E-2
1.031500E-7	5.492907E-2
1.032000E-7	5.490509E-2
1.032500E-7	5.487083E-2
1.033000E-7	5.484171E-2
1.033500E-7	5.484000E-2
1.034000E-7	5.484342E-2
1.034500E-7	5.484000E-2
1.035000E-7	5.485028E-2
1.035500E-7	5.486398E-2
1.036000E-7	5.486398E-2
1.036500E-7	5.487254E-2
1.037000E-7	5.489653E-2
1.037500E-7	5.490338E-2
1.038000E-7	5.488967E-2
1.038500E-7	5.487083E-2
1.039000E-7	5.484342E-2
1.039500E-7	5.480403E-2
1.040000E-7	5.476463E-2
1.040500E-7	5.473722E-2
1.041000E-7	5.471838E-2
1.041500E-7	5.470467E-2
1.042000E-7	5.468412E-2
1.042500E-7	5.466528E-2
1.043000E-7	5.465671E-2
1.043500E-7	5.466014E-2
1.044000E-7	5.467384E-2
1.044500E-7	5.471324E-2
1.045000E-7	5.476291E-2
1.045500E-7	5.480060E-2
1.046000E-7	5.480574E-2
1.046500E-7	5.479375E-2
1.047000E-7	5.476977E-2
1.047500E-7	5.472009E-2
1.048000E-7	5.465157E-2
1.048500E-7	5.458991E-2
1.049000E-7	5.454366E-2
1.049500E-7	5.448884E-2
1.050000E-7	5.442718E-2
1.050500E-7	5.436894E-2
1.051000E-7	5.431070E-2
1.051500E-7	5.424903E-2
1.052000E-7	5.419250E-2
1.052500E-7	5.416338E-2
1.053000E-7	5.414454E-2
1.053500E-7	5.413940E-2
1.054000E-7	5.414625E-2
1.054500E-7	5.416510E-2
1.055000E-7	5.418394E-2
1.055500E-7	5.420107E-2
1.056000E-7	5.419764E-2
1.056500E-7	5.417537E-2
1.057000E-7	5.414625E-2
1.057500E-7	5.411371E-2
1.058000E-7	5.405889E-2
1.058500E-7	5.401436E-2
1.059000E-7	5.401778E-2
1.059500E-7	5.405375E-2
1.060000E-7	5.406917E-2
1.060500E-7	5.408801E-2
1.061000E-7	5.414625E-2
1.061500E-7	5.420621E-2
1.062000E-7	5.421477E-2
1.062500E-7	5.420621E-2
1.063000E-7	5.421991E-2
1.063500E-7	5.424560E-2
1.064000E-7	5.427130E-2
1.064500E-7	5.431412E-2
1.065000E-7	5.438093E-2
1.065500E-7	5.445458E-2
1.066000E-7	5.454195E-2
1.066500E-7	5.461389E-2
1.067000E-7	5.465671E-2
1.067500E-7	5.467042E-2
1.068000E-7	5.465500E-2
1.068500E-7	5.461731E-2
1.069000E-7	5.456421E-2
1.069500E-7	5.449398E-2
1.070000E-7	5.440662E-2
1.070500E-7	5.429185E-2
1.071000E-7	5.415824E-2
1.071500E-7	5.401950E-2
1.072000E-7	5.388417E-2
1.072500E-7	5.377968E-2
1.073000E-7	5.369746E-2
1.073500E-7	5.364607E-2
1.074000E-7	5.361181E-2
1.074500E-7	5.358269E-2
1.075000E-7	5.355871E-2
1.075500E-7	5.357070E-2
1.076000E-7	5.361010E-2
1.076500E-7	5.364779E-2
1.077000E-7	5.368890E-2
1.077500E-7	5.374029E-2
1.078000E-7	5.378140E-2
1.078500E-7	5.381908E-2
1.079000E-7	5.386019E-2
1.079500E-7	5.387218E-2
1.080000E-7	5.385505E-2
1.080500E-7	5.382936E-2
1.081000E-7	5.381737E-2
1.081500E-7	5.381223E-2
1.082000E-7	5.381052E-2
1.082500E-7	5.382079E-2
1.083000E-7	5.384306E-2
1.083500E-7	5.388246E-2
1.084000E-7	5.390644E-2
1.084500E-7	5.389445E-2
1.085000E-7	5.386704E-2
1.085500E-7	5.383792E-2
1.086000E-7	5.377454E-2
1.086500E-7	5.367006E-2
1.087000E-7	5.357242E-2
1.087500E-7	5.346450E-2
1.088000E-7	5.332233E-2
1.088500E-7	5.318358E-2
1.089000E-7	5.309108E-2
1.089500E-7	5.301914E-2
1.090000E-7	5.297117E-2
1.090500E-7	5.299002E-2
1.091000E-7	5.304997E-2
1.091500E-7	5.312191E-2
1.092000E-7	5.322811E-2
1.092500E-7	5.335659E-2
1.093000E-7	5.345765E-2
1.093500E-7	5.353302E-2
1.094000E-7	5.361010E-2
1.094500E-7	5.366492E-2
1.095000E-7	5.366834E-2
1.095500E-7	5.363408E-2
1.096000E-7	5.358783E-2
1.096500E-7	5.353473E-2
1.097000E-7	5.349020E-2
1.097500E-7	5.346108E-2
1.098000E-7	5.344566E-2
1.098500E-7	5.344395E-2
1.099000E-7	5.345422E-2
1.099500E-7	5.347135E-2
1.100000E-7	5.349362E-2
1.100500E-7	5.350904E-2
1.101000E-7	5.350561E-2
1.101500E-7	5.348677E-2
1.102000E-7	5.345422E-2
1.102500E-7	5.339941E-2
1.103000E-7	5.332918E-2
1.103500E-7	5.327608E-2
1.104000E-7	5.323154E-2
1.104500E-7	5.315617E-2
1.105000E-7	5.306881E-2
1.105500E-7	5.301571E-2
1.106000E-7	5.301228E-2
1.106500E-7	5.301742E-2
1.107000E-7	5.301400E-2
1.107500E-7	5.302941E-2
1.108000E-7	5.306710E-2
1.108500E-7	5.312363E-2
1.109000E-7	5.319214E-2
1.109500E-7	5.328293E-2
1.110000E-7	5.337029E-2
1.110500E-7	5.343538E-2
1.111000E-7	5.349020E-2
1.111500E-7	5.355186E-2
1.112000E-7	5.359126E-2
1.112500E-7	5.361353E-2
1.113000E-7	5.362723E-2
1.113500E-7	5.362381E-2
1.114000E-7	5.358270E-2
1.114500E-7	5.351760E-2
1.115000E-7	5.342339E-2
1.115500E-7	5.329835E-2
1.116000E-7	5.315788E-2
1.116500E-7	5.300543E-2
1.117000E-7	5.284784E-2
1.117500E-7	5.270567E-2
1.118000E-7	5.259946E-2
1.118500E-7	5.254636E-2
1.119000E-7	5.254808E-2
1.119500E-7	5.260632E-2
1.120000E-7	5.271766E-2
1.120500E-7	5.288039E-2
1.121000E-7	5.307909E-2
1.121500E-7	5.327094E-2
1.122000E-7	5.342339E-2
1.122500E-7	5.352788E-2
1.123000E-7	5.357584E-2
1.123500E-7	5.355186E-2
1.124000E-7	5.345765E-2
1.124500E-7	5.332061E-2
1.125000E-7	5.315275E-2
1.125500E-7	5.297460E-2
1.126000E-7	5.281529E-2
1.126500E-7	5.268168E-2
1.127000E-7	5.255664E-2
1.127500E-7	5.245558E-2
1.128000E-7	5.238534E-2
1.128500E-7	5.233910E-2
1.129000E-7	5.230484E-2
1.129500E-7	5.228942E-2
1.130000E-7	5.230141E-2
1.130500E-7	5.232197E-2
1.131000E-7	5.233396E-2
1.131500E-7	5.231511E-2
1.132000E-7	5.228086E-2
1.132500E-7	5.225174E-2
1.133000E-7	5.223803E-2
1.133500E-7	5.223118E-2
1.134000E-7	5.223289E-2
1.134500E-7	5.225345E-2
1.135000E-7	5.228599E-2
1.135500E-7	5.232539E-2
1.136000E-7	5.234424E-2
1.136500E-7	5.235794E-2
1.137000E-7	5.236993E-2
1.137500E-7	5.235623E-2
1.138000E-7	5.230826E-2
1.138500E-7	5.225345E-2
1.139000E-7	5.222090E-2
1.139500E-7	5.220377E-2
1.140000E-7	5.216266E-2
1.140500E-7	5.211470E-2
1.141000E-7	5.209928E-2
1.141500E-7	5.211299E-2
1.142000E-7	5.213183E-2
1.142500E-7	5.216780E-2
1.143000E-7	5.225002E-2
1.143500E-7	5.236993E-2
1.144000E-7	5.246757E-2
1.144500E-7	5.253608E-2
1.145000E-7	5.259090E-2
1.145500E-7	5.261659E-2
1.146000E-7	5.260631E-2
1.146500E-7	5.256349E-2
1.147000E-7	5.249155E-2
1.147500E-7	5.241275E-2
1.148000E-7	5.233396E-2
1.148500E-7	5.224317E-2
1.149000E-7	5.216095E-2
1.149500E-7	5.212498E-2
1.150000E-7	5.211984E-2
1.150500E-7	5.212155E-2
1.151000E-7	5.213868E-2
1.151500E-7	5.218322E-2
1.152000E-7	5.221234E-2
1.152500E-7	5.220720E-2
1.153000E-7	5.219007E-2
1.153500E-7	5.215924E-2
1.154000E-7	5.208215E-2
1.154500E-7	5.197424E-2
1.155000E-7	5.185433E-2
1.155500E-7	5.174470E-2
1.156000E-7	5.169160E-2
1.156500E-7	5.167961E-2
1.157000E-7	5.165734E-2
1.157500E-7	5.165049E-2
1.158000E-7	5.168818E-2
1.158500E-7	5.176868E-2
1.159000E-7	5.184577E-2
1.159500E-7	5.190915E-2
1.160000E-7	5.196567E-2
1.160500E-7	5.200336E-2
1.161000E-7	5.199822E-2
1.161500E-7	5.196739E-2
1.162000E-7	5.193655E-2
1.162500E-7	5.191428E-2
1.163000E-7	5.190401E-2
1.163500E-7	5.191257E-2
1.164000E-7	5.193827E-2
1.164500E-7	5.196739E-2
1.165000E-7	5.200507E-2
1.165500E-7	5.202905E-2
1.166000E-7	5.202905E-2
1.166500E-7	5.201535E-2
1.167000E-7	5.200165E-2
1.167500E-7	5.197595E-2
1.168000E-7	5.195540E-2
1.168500E-7	5.194854E-2
1.169000E-7	5.193141E-2
1.169500E-7	5.191086E-2
1.170000E-7	5.193141E-2
1.170500E-7	5.197424E-2
1.171000E-7	5.200850E-2
1.171500E-7	5.204961E-2
1.172000E-7	5.210614E-2
1.172500E-7	5.214211E-2
1.173000E-7	5.216095E-2
1.173500E-7	5.217979E-2
1.174000E-7	5.219521E-2
1.174500E-7	5.219521E-2
1.175000E-7	5.218150E-2
1.175500E-7	5.216266E-2
1.176000E-7	5.214896E-2
1.176500E-7	5.216609E-2
1.177000E-7	5.218836E-2
1.177500E-7	5.217979E-2
1.178000E-7	5.216266E-2
1.178500E-7	5.216609E-2
1.179000E-7	5.215752E-2
1.179500E-7	5.209586E-2
1.180000E-7	5.200336E-2
1.180500E-7	5.189373E-2
1.181000E-7	5.177040E-2
1.181500E-7	5.163165E-2
1.182000E-7	5.148434E-2
1.182500E-7	5.135586E-2
1.183000E-7	5.125137E-2
1.183500E-7	5.117772E-2
1.184000E-7	5.115716E-2
1.184500E-7	5.117943E-2
1.185000E-7	5.123082E-2
1.185500E-7	5.131133E-2
1.186000E-7	5.140383E-2
1.186500E-7	5.148091E-2
1.187000E-7	5.155971E-2
1.187500E-7	5.164535E-2
1.188000E-7	5.168646E-2
1.188500E-7	5.165906E-2
1.189000E-7	5.163507E-2
1.189500E-7	5.164364E-2
1.190000E-7	5.164878E-2
1.190500E-7	5.160767E-2
1.191000E-7	5.155457E-2
1.191500E-7	5.150660E-2
1.192000E-7	5.143466E-2
1.192500E-7	5.132332E-2
1.193000E-7	5.122054E-2
1.193500E-7	5.112633E-2
1.194000E-7	5.102355E-2
1.194500E-7	5.092592E-2
1.195000E-7	5.087624E-2
1.195500E-7	5.085055E-2
1.196000E-7	5.085397E-2
1.196500E-7	5.089851E-2
1.197000E-7	5.094818E-2
1.197500E-7	5.096703E-2
1.198000E-7	5.100300E-2
1.198500E-7	5.105952E-2
1.199000E-7	5.107665E-2
1.199500E-7	5.106980E-2
1.200000E-7	5.106809E-2
1.200500E-7	5.104925E-2
1.201000E-7	5.100814E-2
1.201500E-7	5.097730E-2
1.202000E-7	5.096703E-2
1.202500E-7	5.094990E-2
1.203000E-7	5.095675E-2
1.203500E-7	5.100300E-2
1.204000E-7	5.106295E-2
1.204500E-7	5.111948E-2
1.205000E-7	5.117087E-2
1.205500E-7	5.121026E-2
1.206000E-7	5.124624E-2
1.206500E-7	5.128735E-2
1.207000E-7	5.129591E-2
1.207500E-7	5.124452E-2
1.208000E-7	5.118799E-2
1.208500E-7	5.113832E-2
1.209000E-7	5.106809E-2
1.209500E-7	5.097559E-2
1.210000E-7	5.087453E-2
1.210500E-7	5.075976E-2
1.211000E-7	5.063643E-2
1.211500E-7	5.054221E-2
1.212000E-7	5.045657E-2
1.212500E-7	5.036236E-2
1.213000E-7	5.030412E-2
1.213500E-7	5.028870E-2
1.214000E-7	5.026986E-2
1.214500E-7	5.025787E-2
1.215000E-7	5.029898E-2
1.215500E-7	5.036921E-2
1.216000E-7	5.042573E-2
1.216500E-7	5.047370E-2
1.217000E-7	5.051823E-2
1.217500E-7	5.056619E-2
1.218000E-7	5.061587E-2
1.218500E-7	5.065013E-2
1.219000E-7	5.064670E-2
1.219500E-7	5.062444E-2
1.220000E-7	5.059532E-2
1.220500E-7	5.055078E-2
1.221000E-7	5.050453E-2
1.221500E-7	5.048911E-2
1.222000E-7	5.049425E-2
1.222500E-7	5.050110E-2
1.223000E-7	5.052851E-2
1.223500E-7	5.057134E-2
1.224000E-7	5.061416E-2
1.224500E-7	5.063471E-2
1.225000E-7	5.064328E-2
1.225500E-7	5.065698E-2
1.226000E-7	5.068268E-2
1.226500E-7	5.071180E-2
1.227000E-7	5.073235E-2
1.227500E-7	5.074606E-2
1.228000E-7	5.074263E-2
1.228500E-7	5.069981E-2
1.229000E-7	5.063643E-2
1.229500E-7	5.056620E-2
1.230000E-7	5.049425E-2
1.230500E-7	5.040689E-2
1.231000E-7	5.031953E-2
1.231500E-7	5.023217E-2
1.232000E-7	5.013967E-2
1.232500E-7	5.005402E-2
1.233000E-7	5.000949E-2
1.233500E-7	5.000435E-2
1.234000E-7	5.001805E-2
1.234500E-7	5.004375E-2
1.235000E-7	5.013111E-2
1.235500E-7	5.026472E-2
1.236000E-7	5.040004E-2
1.236500E-7	5.052166E-2
1.237000E-7	5.065013E-2
1.237500E-7	5.076318E-2
1.238000E-7	5.084027E-2
1.238500E-7	5.088309E-2
1.239000E-7	5.088652E-2
1.239500E-7	5.086082E-2
1.240000E-7	5.081800E-2
1.240500E-7	5.073920E-2
1.241000E-7	5.062444E-2
1.241500E-7	5.052851E-2
1.242000E-7	5.046342E-2
1.242500E-7	5.038634E-2
1.243000E-7	5.029726E-2
1.243500E-7	5.023046E-2
1.244000E-7	5.018250E-2
1.244500E-7	5.012254E-2
1.245000E-7	5.006944E-2
1.245500E-7	5.005574E-2
1.246000E-7	5.007287E-2
1.246500E-7	5.009685E-2
1.247000E-7	5.013453E-2
1.247500E-7	5.017393E-2
1.248000E-7	5.020476E-2
1.248500E-7	5.020990E-2
1.249000E-7	5.021162E-2
1.249500E-7	5.019106E-2
1.250000E-7	5.014652E-2
1.250500E-7	5.007629E-2
1.251000E-7	4.997694E-2
1.251500E-7	4.986389E-2
1.252000E-7	4.977995E-2
1.252500E-7	4.973542E-2
1.253000E-7	4.972685E-2
1.253500E-7	4.978681E-2
1.254000E-7	4.990671E-2
1.254500E-7	5.004717E-2
1.255000E-7	5.019620E-2
1.255500E-7	5.036236E-2
1.256000E-7	5.049254E-2
1.256500E-7	5.056962E-2
1.257000E-7	5.060217E-2
1.257500E-7	5.058161E-2
1.258000E-7	5.049939E-2
1.258500E-7	5.038120E-2
1.259000E-7	5.026129E-2
1.259500E-7	5.013453E-2
1.260000E-7	5.000092E-2
1.260500E-7	4.990329E-2
1.261000E-7	4.985875E-2
1.261500E-7	4.984847E-2
1.262000E-7	4.984505E-2
1.262500E-7	4.985704E-2
1.263000E-7	4.989986E-2
1.263500E-7	4.994611E-2
1.264000E-7	4.996495E-2
1.264500E-7	4.995639E-2
1.265000E-7	4.994440E-2
1.265500E-7	4.991014E-2
1.266000E-7	4.983477E-2
1.266500E-7	4.973713E-2
1.267000E-7	4.965148E-2
1.267500E-7	4.958639E-2
1.268000E-7	4.952644E-2
1.268500E-7	4.946991E-2
1.269000E-7	4.945107E-2
1.269500E-7	4.947676E-2
1.270000E-7	4.950074E-2
1.270500E-7	4.949218E-2
1.271000E-7	4.947676E-2
1.271500E-7	4.948704E-2
1.272000E-7	4.950588E-2
1.272500E-7	4.949903E-2
1.273000E-7	4.948019E-2
1.273500E-7	4.948875E-2
1.274000E-7	4.952472E-2
1.274500E-7	4.956755E-2
1.275000E-7	4.961722E-2
1.275500E-7	4.968403E-2
1.276000E-7	4.975597E-2
1.276500E-7	4.986046E-2
1.277000E-7	4.999407E-2
1.277500E-7	5.011055E-2
1.278000E-7	5.021162E-2
1.278500E-7	5.030754E-2
1.279000E-7	5.036749E-2
1.279500E-7	5.036064E-2
1.280000E-7	5.032124E-2
1.280500E-7	5.025787E-2
1.281000E-7	5.016365E-2
1.281500E-7	5.004546E-2
1.282000E-7	4.993926E-2
1.282500E-7	4.986217E-2
1.283000E-7	4.980222E-2
1.283500E-7	4.976968E-2
1.284000E-7	4.977139E-2
1.284500E-7	4.977824E-2
1.285000E-7	4.979023E-2
1.285500E-7	4.982106E-2
1.286000E-7	4.987245E-2
1.286500E-7	4.989643E-2
1.287000E-7	4.989472E-2
1.287500E-7	4.989130E-2
1.288000E-7	4.986389E-2
1.288500E-7	4.977481E-2
1.289000E-7	4.965148E-2
1.289500E-7	4.952644E-2
1.290000E-7	4.939283E-2
1.290500E-7	4.924380E-2
1.291000E-7	4.909991E-2
1.291500E-7	4.897658E-2
1.292000E-7	4.886181E-2
1.292500E-7	4.877959E-2
1.293000E-7	4.872649E-2
1.293500E-7	4.871279E-2
1.294000E-7	4.874533E-2
1.294500E-7	4.880186E-2
1.295000E-7	4.886524E-2
1.295500E-7	4.894575E-2
1.296000E-7	4.902968E-2
1.296500E-7	4.907251E-2
1.297000E-7	4.909135E-2
1.297500E-7	4.911876E-2
1.298000E-7	4.913075E-2
1.298500E-7	4.911362E-2
1.299000E-7	4.910505E-2
1.299500E-7	4.911019E-2
1.300000E-7	4.910505E-2
1.300500E-7	4.910505E-2
1.301000E-7	4.912390E-2
1.301500E-7	4.914445E-2
1.302000E-7	4.915302E-2
1.302500E-7	4.915987E-2
1.303000E-7	4.916843E-2
1.303500E-7	4.915473E-2
1.304000E-7	4.913246E-2
1.304500E-7	4.913075E-2
1.305000E-7	4.913931E-2
1.305500E-7	4.911704E-2
1.306000E-7	4.909135E-2
1.306500E-7	4.910334E-2
1.307000E-7	4.915644E-2
1.307500E-7	4.921982E-2
1.308000E-7	4.928834E-2
1.308500E-7	4.936028E-2
1.309000E-7	4.942709E-2
1.309500E-7	4.948190E-2
1.310000E-7	4.950417E-2
1.310500E-7	4.948019E-2
1.311000E-7	4.943051E-2
1.311500E-7	4.935343E-2
1.312000E-7	4.925922E-2
1.312500E-7	4.914788E-2
1.313000E-7	4.903140E-2
1.313500E-7	4.892862E-2
1.314000E-7	4.884126E-2
1.314500E-7	4.874019E-2
1.315000E-7	4.864770E-2
1.315500E-7	4.859973E-2
1.316000E-7	4.860145E-2
1.316500E-7	4.862714E-2
1.317000E-7	4.869052E-2
1.317500E-7	4.879672E-2
1.318000E-7	4.891834E-2
1.318500E-7	4.903996E-2
1.319000E-7	4.916501E-2
1.319500E-7	4.928320E-2
1.320000E-7	4.938940E-2
1.320500E-7	4.946477E-2
1.321000E-7	4.950417E-2
1.321500E-7	4.949732E-2
1.322000E-7	4.944422E-2
1.322500E-7	4.936028E-2
1.323000E-7	4.926950E-2
1.323500E-7	4.916501E-2
1.324000E-7	4.905538E-2
1.324500E-7	4.894404E-2
1.325000E-7	4.886181E-2
1.325500E-7	4.881899E-2
1.326000E-7	4.880871E-2
1.326500E-7	4.883783E-2
1.327000E-7	4.888751E-2
1.327500E-7	4.894575E-2
1.328000E-7	4.899714E-2
1.328500E-7	4.903482E-2
1.329000E-7	4.903653E-2
1.329500E-7	4.898857E-2
1.330000E-7	4.890121E-2
1.330500E-7	4.878473E-2
1.331000E-7	4.865626E-2
1.331500E-7	4.854663E-2
1.332000E-7	4.846098E-2
1.332500E-7	4.837020E-2
1.333000E-7	4.827256E-2
1.333500E-7	4.818520E-2
1.334000E-7	4.812867E-2
1.334500E-7	4.810812E-2
1.335000E-7	4.809613E-2
1.335500E-7	4.810298E-2
1.336000E-7	4.814066E-2
1.336500E-7	4.819548E-2
1.337000E-7	4.825543E-2
1.337500E-7	4.833080E-2
1.338000E-7	4.840274E-2
1.338500E-7	4.844043E-2
1.339000E-7	4.846955E-2
1.339500E-7	4.852950E-2
1.340000E-7	4.859288E-2
1.340500E-7	4.862371E-2
1.341000E-7	4.862371E-2
1.341500E-7	4.860830E-2
1.342000E-7	4.855862E-2
1.342500E-7	4.849010E-2
1.343000E-7	4.843186E-2
1.343500E-7	4.838219E-2
1.344000E-7	4.831196E-2
1.344500E-7	4.820747E-2
1.345000E-7	4.810812E-2
1.345500E-7	4.803446E-2
1.346000E-7	4.798479E-2
1.346500E-7	4.795567E-2
1.347000E-7	4.793682E-2
1.347500E-7	4.794710E-2
1.348000E-7	4.797965E-2
1.348500E-7	4.802247E-2
1.349000E-7	4.806358E-2
1.349500E-7	4.810640E-2
1.350000E-7	4.813210E-2
1.350500E-7	4.813210E-2
1.351000E-7	4.811839E-2
1.351500E-7	4.810812E-2
1.352000E-7	4.808585E-2
1.352500E-7	4.805159E-2
1.353000E-7	4.803275E-2
1.353500E-7	4.803446E-2
1.354000E-7	4.804816E-2
1.354500E-7	4.809955E-2
1.355000E-7	4.819548E-2
1.355500E-7	4.831025E-2
1.356000E-7	4.842501E-2
1.356500E-7	4.852779E-2
1.357000E-7	4.859802E-2
1.357500E-7	4.864941E-2
1.358000E-7	4.867339E-2
1.358500E-7	4.863057E-2
1.359000E-7	4.853807E-2
1.359500E-7	4.844557E-2
1.360000E-7	4.833423E-2
1.360500E-7	4.818349E-2
1.361000E-7	4.804645E-2
1.361500E-7	4.792997E-2
1.362000E-7	4.781692E-2
1.362500E-7	4.772442E-2
1.363000E-7	4.767988E-2
1.363500E-7	4.765761E-2
1.364000E-7	4.764905E-2
1.364500E-7	4.765419E-2
1.365000E-7	4.765761E-2
1.365500E-7	4.768159E-2
1.366000E-7	4.773812E-2
1.366500E-7	4.778951E-2
1.367000E-7	4.781863E-2
1.367500E-7	4.787687E-2
1.368000E-7	4.796252E-2
1.368500E-7	4.803960E-2
1.369000E-7	4.812182E-2
1.369500E-7	4.820747E-2
1.370000E-7	4.828113E-2
1.370500E-7	4.831881E-2
1.371000E-7	4.833594E-2
1.371500E-7	4.832909E-2
1.372000E-7	4.828626E-2
1.372500E-7	4.821775E-2
1.373000E-7	4.814066E-2
1.373500E-7	4.807043E-2
1.374000E-7	4.800705E-2
1.374500E-7	4.796080E-2
1.375000E-7	4.792826E-2
1.375500E-7	4.791113E-2
1.376000E-7	4.791456E-2
1.376500E-7	4.795053E-2
1.377000E-7	4.800020E-2
1.377500E-7	4.806187E-2
1.378000E-7	4.812867E-2
1.378500E-7	4.817492E-2
1.379000E-7	4.818349E-2
1.379500E-7	4.816465E-2
1.380000E-7	4.811840E-2
1.380500E-7	4.803617E-2
1.381000E-7	4.793682E-2
1.381500E-7	4.782377E-2
1.382000E-7	4.768673E-2
1.382500E-7	4.752743E-2
1.383000E-7	4.737840E-2
1.383500E-7	4.727220E-2
1.384000E-7	4.720026E-2
1.384500E-7	4.716086E-2
1.385000E-7	4.717456E-2
1.385500E-7	4.724651E-2
1.386000E-7	4.734072E-2
1.386500E-7	4.742636E-2
1.387000E-7	4.750687E-2
1.387500E-7	4.757539E-2
1.388000E-7	4.759595E-2
1.388500E-7	4.757882E-2
1.389000E-7	4.754113E-2
1.389500E-7	4.746919E-2
1.390000E-7	4.736470E-2
1.390500E-7	4.725336E-2
1.391000E-7	4.713688E-2
1.391500E-7	4.701697E-2
1.392000E-7	4.690905E-2
1.392500E-7	4.683026E-2
1.393000E-7	4.677887E-2
1.393500E-7	4.675832E-2
1.394000E-7	4.678572E-2
1.394500E-7	4.684054E-2
1.395000E-7	4.691419E-2
1.395500E-7	4.699984E-2
1.396000E-7	4.707521E-2
1.396500E-7	4.712489E-2
1.397000E-7	4.716942E-2
1.397500E-7	4.720368E-2
1.398000E-7	4.720539E-2
1.398500E-7	4.715914E-2
1.399000E-7	4.709405E-2
1.399500E-7	4.702211E-2
1.400000E-7	4.693132E-2
1.400500E-7	4.683197E-2
1.401000E-7	4.676003E-2
1.401500E-7	4.671378E-2
1.402000E-7	4.670008E-2
1.402500E-7	4.672748E-2
1.403000E-7	4.678744E-2
1.403500E-7	4.686281E-2
1.404000E-7	4.696216E-2
1.404500E-7	4.708206E-2
1.405000E-7	4.719340E-2
1.405500E-7	4.728419E-2
1.406000E-7	4.735613E-2
1.406500E-7	4.740067E-2
1.407000E-7	4.740924E-2
1.407500E-7	4.741266E-2
1.408000E-7	4.741780E-2
1.408500E-7	4.740924E-2
1.409000E-7	4.738183E-2
1.409500E-7	4.734757E-2
1.410000E-7	4.729618E-2
1.410500E-7	4.721910E-2
1.411000E-7	4.711803E-2
1.411500E-7	4.701183E-2
1.412000E-7	4.691248E-2
1.412500E-7	4.682341E-2
1.413000E-7	4.674632E-2
1.413500E-7	4.670350E-2
1.414000E-7	4.668295E-2
1.414500E-7	4.668295E-2
1.415000E-7	4.671720E-2
1.415500E-7	4.678401E-2
1.416000E-7	4.684568E-2
1.416500E-7	4.688336E-2
1.417000E-7	4.691933E-2
1.417500E-7	4.694160E-2
1.418000E-7	4.693304E-2
1.418500E-7	4.690734E-2
1.419000E-7	4.684739E-2
1.419500E-7	4.675489E-2
1.420000E-7	4.665383E-2
1.420500E-7	4.656304E-2
1.421000E-7	4.647739E-2
1.421500E-7	4.641401E-2
1.422000E-7	4.639346E-2
1.422500E-7	4.640887E-2
1.423000E-7	4.645684E-2
1.423500E-7	4.654591E-2
1.424000E-7	4.666239E-2
1.424500E-7	4.678744E-2
1.425000E-7	4.692276E-2
1.425500E-7	4.703924E-2
1.426000E-7	4.712489E-2
1.426500E-7	4.720197E-2
1.427000E-7	4.725850E-2
1.427500E-7	4.725507E-2
1.428000E-7	4.719683E-2
1.428500E-7	4.711118E-2
1.429000E-7	4.700669E-2
1.429500E-7	4.687308E-2
1.430000E-7	4.673091E-2
1.430500E-7	4.660929E-2
1.431000E-7	4.651850E-2
1.431500E-7	4.645512E-2
1.432000E-7	4.640031E-2
1.432500E-7	4.636263E-2
1.433000E-7	4.634721E-2
1.433500E-7	4.635749E-2
1.434000E-7	4.639517E-2
1.434500E-7	4.646540E-2
1.435000E-7	4.654934E-2
1.435500E-7	4.662642E-2
1.436000E-7	4.666924E-2
1.436500E-7	4.668809E-2
1.437000E-7	4.671378E-2
1.437500E-7	4.675318E-2
1.438000E-7	4.678058E-2
1.438500E-7	4.678744E-2
1.439000E-7	4.677716E-2
1.439500E-7	4.676345E-2
1.440000E-7	4.675146E-2
1.440500E-7	4.673262E-2
1.441000E-7	4.669494E-2
1.441500E-7	4.664012E-2
1.442000E-7	4.659387E-2
1.442500E-7	4.657332E-2
1.443000E-7	4.656989E-2
1.443500E-7	4.655619E-2
1.444000E-7	4.651850E-2
1.444500E-7	4.647225E-2
1.445000E-7	4.643971E-2
1.445500E-7	4.639174E-2
1.446000E-7	4.632837E-2
1.446500E-7	4.628383E-2
1.447000E-7	4.626841E-2
1.447500E-7	4.623587E-2
1.448000E-7	4.620332E-2
1.448500E-7	4.619818E-2
1.449000E-7	4.621189E-2
1.449500E-7	4.625814E-2
1.450000E-7	4.632665E-2
1.450500E-7	4.639003E-2
1.451000E-7	4.644142E-2
1.451500E-7	4.651165E-2
1.452000E-7	4.656647E-2
1.452500E-7	4.655790E-2
1.453000E-7	4.652707E-2
1.453500E-7	4.649281E-2
1.454000E-7	4.640545E-2
1.454500E-7	4.627013E-2
1.455000E-7	4.614337E-2
1.455500E-7	4.602175E-2
1.456000E-7	4.591383E-2
1.456500E-7	4.585045E-2
1.457000E-7	4.583846E-2
1.457500E-7	4.586416E-2
1.458000E-7	4.593781E-2
1.458500E-7	4.605087E-2
1.459000E-7	4.618962E-2
1.459500E-7	4.634550E-2
1.460000E-7	4.651165E-2
1.460500E-7	4.664184E-2
1.461000E-7	4.672920E-2
1.461500E-7	4.679429E-2
1.462000E-7	4.684225E-2
1.462500E-7	4.683197E-2
1.463000E-7	4.676345E-2
1.463500E-7	4.666582E-2
1.464000E-7	4.652878E-2
1.464500E-7	4.636091E-2
1.465000E-7	4.621017E-2
1.465500E-7	4.608513E-2
1.466000E-7	4.597036E-2
1.466500E-7	4.588129E-2
1.467000E-7	4.586245E-2
1.467500E-7	4.589842E-2
1.468000E-7	4.594809E-2
1.468500E-7	4.602175E-2
1.469000E-7	4.615536E-2
1.469500E-7	4.633008E-2
1.470000E-7	4.649795E-2
1.470500E-7	4.664355E-2
1.471000E-7	4.674290E-2
1.471500E-7	4.676859E-2
1.472000E-7	4.674461E-2
1.472500E-7	4.670008E-2
1.473000E-7	4.661957E-2
1.473500E-7	4.647739E-2
1.474000E-7	4.632665E-2
1.474500E-7	4.620846E-2
1.475000E-7	4.610397E-2
1.475500E-7	4.600633E-2
1.476000E-7	4.594124E-2
1.476500E-7	4.590869E-2
1.477000E-7	4.589328E-2
1.477500E-7	4.588814E-2
1.478000E-7	4.588300E-2
1.478500E-7	4.586073E-2
1.479000E-7	4.583846E-2
1.479500E-7	4.580249E-2
1.480000E-7	4.573055E-2
1.480500E-7	4.564833E-2
1.481000E-7	4.560036E-2
1.481500E-7	4.558323E-2
1.482000E-7	4.557124E-2
1.482500E-7	4.559865E-2
1.483000E-7	4.567916E-2
1.483500E-7	4.577680E-2
1.484000E-7	4.587957E-2
1.484500E-7	4.599948E-2
1.485000E-7	4.609541E-2
1.485500E-7	4.613652E-2
1.486000E-7	4.615878E-2
1.486500E-7	4.615022E-2
1.487000E-7	4.608513E-2
1.487500E-7	4.598406E-2
1.488000E-7	4.588643E-2
1.488500E-7	4.578879E-2
1.489000E-7	4.569458E-2
1.489500E-7	4.563120E-2
1.490000E-7	4.558152E-2
1.490500E-7	4.554041E-2
1.491000E-7	4.552671E-2
1.491500E-7	4.553527E-2
1.492000E-7	4.554041E-2
1.492500E-7	4.552157E-2
1.493000E-7	4.549416E-2
1.493500E-7	4.546504E-2
1.494000E-7	4.543421E-2
1.494500E-7	4.540851E-2
1.495000E-7	4.539138E-2
1.495500E-7	4.537083E-2
1.496000E-7	4.535370E-2
1.496500E-7	4.537425E-2
1.497000E-7	4.543078E-2
1.497500E-7	4.550786E-2
1.498000E-7	4.559522E-2
1.498500E-7	4.567745E-2
1.499000E-7	4.574254E-2
1.499500E-7	4.579564E-2
1.500000E-7	4.583161E-2
1.500500E-7	4.582476E-2
1.501000E-7	4.576994E-2
1.501500E-7	4.569115E-2
1.502000E-7	4.558323E-2
1.502500E-7	4.544962E-2
1.503000E-7	4.531773E-2
1.503500E-7	4.521838E-2
1.504000E-7	4.515157E-2
1.504500E-7	4.509162E-2
1.505000E-7	4.506764E-2
1.505500E-7	4.510704E-2
1.506000E-7	4.518069E-2
1.506500E-7	4.525777E-2
1.507000E-7	4.532458E-2
1.507500E-7	4.537597E-2
1.508000E-7	4.540509E-2
1.508500E-7	4.541879E-2
1.509000E-7	4.541365E-2
1.509500E-7	4.535884E-2
1.510000E-7	4.527833E-2
1.510500E-7	4.520810E-2
1.511000E-7	4.515157E-2
1.511500E-7	4.510190E-2
1.512000E-7	4.507449E-2
1.512500E-7	4.507791E-2
1.513000E-7	4.510018E-2
1.513500E-7	4.514129E-2
1.514000E-7	4.519439E-2
1.514500E-7	4.523379E-2
1.515000E-7	4.526805E-2
1.515500E-7	4.530574E-2
1.516000E-7	4.533314E-2
1.516500E-7	4.534171E-2
1.517000E-7	4.534342E-2
1.517500E-7	4.533828E-2
1.518000E-7	4.532801E-2
1.518500E-7	4.532801E-2
1.519000E-7	4.533486E-2
1.519500E-7	4.533314E-2
1.520000E-7	4.532972E-2
1.520500E-7	4.531944E-2
1.521000E-7	4.529375E-2
1.521500E-7	4.524921E-2
1.522000E-7	4.518754E-2
1.522500E-7	4.512930E-2
1.523000E-7	4.507792E-2
1.523500E-7	4.503338E-2
1.524000E-7	4.498713E-2
1.524500E-7	4.495801E-2
1.525000E-7	4.495116E-2
1.525500E-7	4.494088E-2
1.526000E-7	4.492546E-2
1.526500E-7	4.493231E-2
1.527000E-7	4.496657E-2
1.527500E-7	4.500940E-2
1.528000E-7	4.505051E-2
1.528500E-7	4.507791E-2
1.529000E-7	4.511389E-2
1.529500E-7	4.515500E-2
1.530000E-7	4.518240E-2
1.530500E-7	4.517898E-2
1.531000E-7	4.518754E-2
1.531500E-7	4.521838E-2
1.532000E-7	4.524236E-2
1.532500E-7	4.522352E-2
1.533000E-7	4.519268E-2
1.533500E-7	4.516870E-2
1.534000E-7	4.513958E-2
1.534500E-7	4.507792E-2
1.535000E-7	4.499398E-2
1.535500E-7	4.491861E-2
1.536000E-7	4.484495E-2
1.536500E-7	4.476273E-2
1.537000E-7	4.468394E-2
1.537500E-7	4.463940E-2
1.538000E-7	4.463597E-2
1.538500E-7	4.466681E-2
1.539000E-7	4.469764E-2
1.539500E-7	4.472333E-2
1.540000E-7	4.475588E-2
1.540500E-7	4.480727E-2
1.541000E-7	4.483125E-2
1.541500E-7	4.483982E-2
1.542000E-7	4.486208E-2
1.542500E-7	4.487921E-2
1.543000E-7	4.487236E-2
1.543500E-7	4.488949E-2
1.544000E-7	4.492375E-2
1.544500E-7	4.494259E-2
1.545000E-7	4.495287E-2
1.545500E-7	4.496486E-2
1.546000E-7	4.495630E-2
1.546500E-7	4.493403E-2
1.547000E-7	4.493745E-2
1.547500E-7	4.495630E-2
1.548000E-7	4.494431E-2
1.548500E-7	4.492546E-2
1.549000E-7	4.490319E-2
1.549500E-7	4.486208E-2
1.550000E-7	4.479528E-2
1.550500E-7	4.471306E-2
1.551000E-7	4.460343E-2
1.551500E-7	4.449380E-2
1.552000E-7	4.441500E-2
1.552500E-7	4.435505E-2
1.553000E-7	4.429510E-2
1.553500E-7	4.426255E-2
1.554000E-7	4.426427E-2
1.554500E-7	4.427797E-2
1.555000E-7	4.430195E-2
1.555500E-7	4.436876E-2
1.556000E-7	4.445954E-2
1.556500E-7	4.453320E-2
1.557000E-7	4.459315E-2
1.557500E-7	4.466338E-2
1.558000E-7	4.471134E-2
1.558500E-7	4.470621E-2
1.559000E-7	4.467537E-2
1.559500E-7	4.465653E-2
1.560000E-7	4.463597E-2
1.560500E-7	4.460000E-2
1.561000E-7	4.455889E-2
1.561500E-7	4.451949E-2
1.562000E-7	4.449037E-2
1.562500E-7	4.446468E-2
1.563000E-7	4.443556E-2
1.563500E-7	4.440473E-2
1.564000E-7	4.437561E-2
1.564500E-7	4.434649E-2
1.565000E-7	4.432422E-2
1.565500E-7	4.432593E-2
1.566000E-7	4.434135E-2
1.566500E-7	4.433278E-2
1.567000E-7	4.430024E-2
1.567500E-7	4.427283E-2
1.568000E-7	4.425913E-2
1.568500E-7	4.423857E-2
1.569000E-7	4.420774E-2
1.569500E-7	4.417177E-2
1.570000E-7	4.414093E-2
1.570500E-7	4.412723E-2
1.571000E-7	4.411695E-2
1.571500E-7	4.410325E-2
1.572000E-7	4.409811E-2
1.572500E-7	4.409468E-2
1.573000E-7	4.407927E-2
1.573500E-7	4.406385E-2
1.574000E-7	4.407242E-2
1.574500E-7	4.407413E-2
1.575000E-7	4.405357E-2
1.575500E-7	4.404330E-2
1.576000E-7	4.405186E-2
1.576500E-7	4.405357E-2
1.577000E-7	4.406899E-2
1.577500E-7	4.411353E-2
1.578000E-7	4.417348E-2
1.578500E-7	4.421973E-2
1.579000E-7	4.427112E-2
1.579500E-7	4.434135E-2
1.580000E-7	4.439274E-2
1.580500E-7	4.441500E-2
1.581000E-7	4.442357E-2
1.581500E-7	4.443042E-2
1.582000E-7	4.443213E-2
1.582500E-7	4.441672E-2
1.583000E-7	4.437561E-2
1.583500E-7	4.433792E-2
1.584000E-7	4.433964E-2
1.584500E-7	4.437047E-2
1.585000E-7	4.439102E-2
1.585500E-7	4.438589E-2
1.586000E-7	4.438931E-2
1.586500E-7	4.438075E-2
1.587000E-7	4.434820E-2
1.587500E-7	4.431051E-2
1.588000E-7	4.426598E-2
1.588500E-7	4.420774E-2
1.589000E-7	4.414093E-2
1.589500E-7	4.407242E-2
1.590000E-7	4.396964E-2
1.590500E-7	4.385487E-2
1.591000E-7	4.375381E-2
1.591500E-7	4.365959E-2
1.592000E-7	4.355339E-2
1.592500E-7	4.348316E-2
1.593000E-7	4.345404E-2
1.593500E-7	4.342149E-2
1.594000E-7	4.338724E-2
1.594500E-7	4.339066E-2
1.595000E-7	4.341464E-2
1.595500E-7	4.344034E-2
1.596000E-7	4.346774E-2
1.596500E-7	4.349001E-2
1.597000E-7	4.351399E-2
1.597500E-7	4.353455E-2
1.598000E-7	4.355168E-2
1.598500E-7	4.355510E-2
1.599000E-7	4.356196E-2
1.599500E-7	4.356367E-2
1.600000E-7	4.354654E-2
1.600500E-7	4.349686E-2
1.601000E-7	4.343177E-2
1.601500E-7	4.339237E-2
1.602000E-7	4.337867E-2
1.602500E-7	4.335640E-2
1.603000E-7	4.331872E-2
1.603500E-7	4.330673E-2
1.604000E-7	4.330673E-2
1.604500E-7	4.329302E-2
1.605000E-7	4.328617E-2
1.605500E-7	4.329645E-2
1.606000E-7	4.329474E-2
1.606500E-7	4.328789E-2
1.607000E-7	4.329302E-2
1.607500E-7	4.327076E-2
1.608000E-7	4.321937E-2
1.608500E-7	4.317654E-2
1.609000E-7	4.313029E-2
1.609500E-7	4.306178E-2
1.610000E-7	4.299840E-2
1.610500E-7	4.294872E-2
1.611000E-7	4.287335E-2
1.611500E-7	4.279284E-2
1.612000E-7	4.274488E-2
1.612500E-7	4.270891E-2
1.613000E-7	4.268321E-2
1.613500E-7	4.269521E-2
1.614000E-7	4.274659E-2
1.614500E-7	4.279798E-2
1.615000E-7	4.285794E-2
1.615500E-7	4.294016E-2
1.616000E-7	4.301895E-2
1.616500E-7	4.308576E-2
1.617000E-7	4.315770E-2
1.617500E-7	4.320909E-2
1.618000E-7	4.320566E-2
1.618500E-7	4.315599E-2
1.619000E-7	4.308233E-2
1.619500E-7	4.298641E-2
1.620000E-7	4.287849E-2
1.620500E-7	4.278257E-2
1.621000E-7	4.270720E-2
1.621500E-7	4.265923E-2
1.622000E-7	4.264210E-2
1.622500E-7	4.264039E-2
1.623000E-7	4.266266E-2
1.623500E-7	4.270720E-2
1.624000E-7	4.276030E-2
1.624500E-7	4.279798E-2
1.625000E-7	4.285280E-2
1.625500E-7	4.294187E-2
1.626000E-7	4.302580E-2
1.626500E-7	4.308233E-2
1.627000E-7	4.312687E-2
1.627500E-7	4.316969E-2
1.628000E-7	4.319025E-2
1.628500E-7	4.318511E-2
1.629000E-7	4.318340E-2
1.629500E-7	4.320566E-2
1.630000E-7	4.322622E-2
1.630500E-7	4.321937E-2
1.631000E-7	4.321080E-2
1.631500E-7	4.321423E-2
1.632000E-7	4.321594E-2
1.632500E-7	4.321080E-2
1.633000E-7	4.321423E-2
1.633500E-7	4.322622E-2
1.634000E-7	4.321937E-2
1.634500E-7	4.318854E-2
1.635000E-7	4.315770E-2
1.635500E-7	4.312344E-2
1.636000E-7	4.309432E-2
1.636500E-7	4.308576E-2
1.637000E-7	4.308918E-2
1.637500E-7	4.310289E-2
1.638000E-7	4.313886E-2
1.638500E-7	4.319539E-2
1.639000E-7	4.326562E-2
1.639500E-7	4.334955E-2
1.640000E-7	4.344719E-2
1.640500E-7	4.353969E-2
1.641000E-7	4.361677E-2
1.641500E-7	4.367159E-2
1.642000E-7	4.370071E-2
1.642500E-7	4.368700E-2
1.643000E-7	4.364589E-2
1.643500E-7	4.361335E-2
1.644000E-7	4.357909E-2
1.644500E-7	4.351400E-2
1.645000E-7	4.343863E-2
1.645500E-7	4.338895E-2
1.646000E-7	4.335298E-2
1.646500E-7	4.328960E-2
1.647000E-7	4.321423E-2
1.647500E-7	4.315770E-2
1.648000E-7	4.310974E-2
1.648500E-7	4.305150E-2
1.649000E-7	4.299840E-2
1.649500E-7	4.295729E-2
1.650000E-7	4.291960E-2
1.650500E-7	4.287507E-2
1.651000E-7	4.282710E-2
1.651500E-7	4.278428E-2
1.652000E-7	4.274488E-2
1.652500E-7	4.271919E-2
1.653000E-7	4.270548E-2
1.653500E-7	4.266609E-2
1.654000E-7	4.259243E-2
1.654500E-7	4.251363E-2
1.655000E-7	4.244512E-2
1.655500E-7	4.236632E-2
1.656000E-7	4.228410E-2
1.656500E-7	4.222243E-2
1.657000E-7	4.220016E-2
1.657500E-7	4.221558E-2
1.658000E-7	4.224984E-2
1.658500E-7	4.228924E-2
1.659000E-7	4.233206E-2
1.659500E-7	4.238174E-2
1.660000E-7	4.243998E-2
1.660500E-7	4.248280E-2
1.661000E-7	4.251021E-2
1.661500E-7	4.251877E-2
1.662000E-7	4.249308E-2
1.662500E-7	4.245025E-2
1.663000E-7	4.239715E-2
1.663500E-7	4.236118E-2
1.664000E-7	4.232178E-2
1.664500E-7	4.228752E-2
1.665000E-7	4.227725E-2
1.665500E-7	4.230123E-2
1.666000E-7	4.234577E-2
1.666500E-7	4.241600E-2
1.667000E-7	4.251706E-2
1.667500E-7	4.263525E-2
1.668000E-7	4.274659E-2
1.668500E-7	4.282196E-2
1.669000E-7	4.283567E-2
1.669500E-7	4.279113E-2
1.670000E-7	4.270206E-2
1.670500E-7	4.257016E-2
1.671000E-7	4.241600E-2
1.671500E-7	4.226868E-2
1.672000E-7	4.212479E-2
1.672500E-7	4.199632E-2
1.673000E-7	4.193123E-2
1.673500E-7	4.193294E-2
1.674000E-7	4.197234E-2
1.674500E-7	4.205628E-2
1.675000E-7	4.221901E-2
1.675500E-7	4.240400E-2
1.676000E-7	4.255988E-2
1.676500E-7	4.268493E-2
1.677000E-7	4.279627E-2
1.677500E-7	4.286821E-2
1.678000E-7	4.286821E-2
1.678500E-7	4.282196E-2
1.679000E-7	4.274660E-2
1.679500E-7	4.266609E-2
1.680000E-7	4.258729E-2
1.680500E-7	4.251363E-2
1.681000E-7	4.246396E-2
1.681500E-7	4.243141E-2
1.682000E-7	4.241942E-2
1.682500E-7	4.242627E-2
1.683000E-7	4.243998E-2
1.683500E-7	4.245539E-2
1.684000E-7	4.246396E-2
1.684500E-7	4.244340E-2
1.685000E-7	4.237146E-2
1.685500E-7	4.227896E-2
1.686000E-7	4.220702E-2
1.686500E-7	4.214021E-2
1.687000E-7	4.205799E-2
1.687500E-7	4.199632E-2
1.688000E-7	4.198433E-2
1.688500E-7	4.200489E-2
1.689000E-7	4.203743E-2
1.689500E-7	4.210081E-2
1.690000E-7	4.217790E-2
1.690500E-7	4.223614E-2
1.691000E-7	4.228410E-2
1.691500E-7	4.233035E-2
1.692000E-7	4.235090E-2
1.692500E-7	4.232692E-2
1.693000E-7	4.228752E-2
1.693500E-7	4.224299E-2
1.694000E-7	4.217790E-2
1.694500E-7	4.211623E-2
1.695000E-7	4.205799E-2
1.695500E-7	4.198262E-2
1.696000E-7	4.192952E-2
1.696500E-7	4.190211E-2
1.697000E-7	4.186271E-2
1.697500E-7	4.180790E-2
1.698000E-7	4.178906E-2
1.698500E-7	4.179077E-2
1.699000E-7	4.179077E-2
1.699500E-7	4.182160E-2
1.700000E-7	4.188498E-2
1.700500E-7	4.193466E-2
1.701000E-7	4.196720E-2
1.701500E-7	4.200660E-2
1.702000E-7	4.204943E-2
1.702500E-7	4.206313E-2
1.703000E-7	4.205456E-2
1.703500E-7	4.203230E-2
1.704000E-7	4.198605E-2
1.704500E-7	4.190383E-2
1.705000E-7	4.181133E-2
1.705500E-7	4.169998E-2
1.706000E-7	4.158350E-2
1.706500E-7	4.148758E-2
1.707000E-7	4.144133E-2
1.707500E-7	4.145846E-2
1.708000E-7	4.151499E-2
1.708500E-7	4.161091E-2
1.709000E-7	4.174966E-2
1.709500E-7	4.190211E-2
1.710000E-7	4.202716E-2
1.710500E-7	4.214706E-2
1.711000E-7	4.227211E-2
1.711500E-7	4.235776E-2
1.712000E-7	4.240058E-2
1.712500E-7	4.241771E-2
1.713000E-7	4.238688E-2
1.713500E-7	4.230294E-2
1.714000E-7	4.219674E-2
1.714500E-7	4.210253E-2
1.715000E-7	4.201859E-2
1.715500E-7	4.193980E-2
1.716000E-7	4.188670E-2
1.716500E-7	4.187299E-2
1.717000E-7	4.188327E-2
1.717500E-7	4.189355E-2
1.718000E-7	4.190554E-2
1.718500E-7	4.193466E-2
1.719000E-7	4.197063E-2
1.719500E-7	4.197919E-2
1.720000E-7	4.198262E-2
1.720500E-7	4.200489E-2
1.721000E-7	4.200318E-2
1.721500E-7	4.195007E-2
1.722000E-7	4.187813E-2
1.722500E-7	4.180276E-2
1.723000E-7	4.168457E-2
1.723500E-7	4.154924E-2
1.724000E-7	4.141221E-2
1.724500E-7	4.127860E-2
1.725000E-7	4.114670E-2
1.725500E-7	4.104050E-2
1.726000E-7	4.095314E-2
1.726500E-7	4.089661E-2
1.727000E-7	4.091032E-2
1.727500E-7	4.099768E-2
1.728000E-7	4.111416E-2
1.728500E-7	4.125633E-2
1.729000E-7	4.145675E-2
1.729500E-7	4.168799E-2
1.730000E-7	4.188670E-2
1.730500E-7	4.204086E-2
1.731000E-7	4.215734E-2
1.731500E-7	4.220359E-2
1.732000E-7	4.215734E-2
1.732500E-7	4.204086E-2
1.733000E-7	4.185586E-2
1.733500E-7	4.162461E-2
1.734000E-7	4.137795E-2
1.734500E-7	4.115527E-2
1.735000E-7	4.096170E-2
1.735500E-7	4.079726E-2
1.736000E-7	4.067222E-2
1.736500E-7	4.060541E-2
1.737000E-7	4.059856E-2
1.737500E-7	4.062254E-2
1.738000E-7	4.066365E-2
1.738500E-7	4.073046E-2
1.739000E-7	4.081610E-2
1.739500E-7	4.089833E-2
1.740000E-7	4.097198E-2
1.740500E-7	4.104735E-2
1.741000E-7	4.109874E-2
1.741500E-7	4.113129E-2
1.742000E-7	4.115698E-2
1.742500E-7	4.118781E-2
1.743000E-7	4.122036E-2
1.743500E-7	4.126147E-2
1.744000E-7	4.130087E-2
1.744500E-7	4.135568E-2
1.745000E-7	4.144304E-2
1.745500E-7	4.154925E-2
1.746000E-7	4.164346E-2
1.746500E-7	4.172910E-2
1.747000E-7	4.179248E-2
1.747500E-7	4.183359E-2
1.748000E-7	4.187642E-2
1.748500E-7	4.189355E-2
1.749000E-7	4.185244E-2
1.749500E-7	4.176850E-2
1.750000E-7	4.167258E-2
1.750500E-7	4.155267E-2
1.751000E-7	4.142591E-2
1.751500E-7	4.132656E-2
1.752000E-7	4.125462E-2
1.752500E-7	4.119124E-2
1.753000E-7	4.115527E-2
1.753500E-7	4.116726E-2
1.754000E-7	4.120152E-2
1.754500E-7	4.125804E-2
1.755000E-7	4.132485E-2
1.755500E-7	4.138138E-2
1.756000E-7	4.140707E-2
1.756500E-7	4.140707E-2
1.757000E-7	4.137281E-2
1.757500E-7	4.129402E-2
1.758000E-7	4.117753E-2
1.758500E-7	4.104564E-2
1.759000E-7	4.092059E-2
1.759500E-7	4.079212E-2
1.760000E-7	4.067393E-2
1.760500E-7	4.058486E-2
1.761000E-7	4.054374E-2
1.761500E-7	4.054032E-2
1.762000E-7	4.057800E-2
1.762500E-7	4.064138E-2
1.763000E-7	4.072360E-2
1.763500E-7	4.084009E-2
1.764000E-7	4.097198E-2
1.764500E-7	4.111073E-2
1.765000E-7	4.125291E-2
1.765500E-7	4.139508E-2
1.766000E-7	4.150813E-2
1.766500E-7	4.158522E-2
1.767000E-7	4.164003E-2
1.767500E-7	4.167258E-2
1.768000E-7	4.166573E-2
1.768500E-7	4.161091E-2
1.769000E-7	4.152869E-2
1.769500E-7	4.143790E-2
1.770000E-7	4.132828E-2
1.770500E-7	4.117754E-2
1.771000E-7	4.101481E-2
1.771500E-7	4.086578E-2
1.772000E-7	4.072189E-2
1.772500E-7	4.057287E-2
1.773000E-7	4.043240E-2
1.773500E-7	4.032106E-2
1.774000E-7	4.025254E-2
1.774500E-7	4.021315E-2
1.775000E-7	4.020116E-2
1.775500E-7	4.022685E-2
1.776000E-7	4.029194E-2
1.776500E-7	4.037588E-2
1.777000E-7	4.046495E-2
1.777500E-7	4.055916E-2
1.778000E-7	4.065166E-2
1.778500E-7	4.071847E-2
1.779000E-7	4.076129E-2
1.779500E-7	4.077328E-2
1.780000E-7	4.075615E-2
1.780500E-7	4.071333E-2
1.781000E-7	4.064310E-2
1.781500E-7	4.054032E-2
1.782000E-7	4.042726E-2
1.782500E-7	4.032449E-2
1.783000E-7	4.022514E-2
1.783500E-7	4.013606E-2
1.784000E-7	4.008125E-2
1.784500E-7	4.005556E-2
1.785000E-7	4.004870E-2
1.785500E-7	4.006926E-2
1.786000E-7	4.010866E-2
1.786500E-7	4.015833E-2
1.787000E-7	4.023028E-2
1.787500E-7	4.031421E-2
1.788000E-7	4.037588E-2
1.788500E-7	4.043240E-2
1.789000E-7	4.049578E-2
1.789500E-7	4.055231E-2
1.790000E-7	4.060027E-2
1.790500E-7	4.063967E-2
1.791000E-7	4.065851E-2
1.791500E-7	4.066023E-2
1.792000E-7	4.067222E-2
1.792500E-7	4.067907E-2
1.793000E-7	4.066708E-2
1.793500E-7	4.066536E-2
1.794000E-7	4.066022E-2
1.794500E-7	4.062939E-2
1.795000E-7	4.057972E-2
1.795500E-7	4.054546E-2
1.796000E-7	4.052319E-2
1.796500E-7	4.050606E-2
1.797000E-7	4.049578E-2
1.797500E-7	4.048379E-2
1.798000E-7	4.046838E-2
1.798500E-7	4.045125E-2
1.799000E-7	4.044439E-2
1.799500E-7	4.046152E-2
1.800000E-7	4.050092E-2
1.800500E-7	4.055745E-2
1.801000E-7	4.062597E-2
1.801500E-7	4.070990E-2
1.802000E-7	4.078698E-2
1.802500E-7	4.083837E-2
1.803000E-7	4.088633E-2
1.803500E-7	4.092916E-2
1.804000E-7	4.091717E-2
1.804500E-7	4.085893E-2
1.805000E-7	4.078356E-2
1.805500E-7	4.065337E-2
1.806000E-7	4.046838E-2
1.806500E-7	4.026967E-2
1.807000E-7	4.009667E-2
1.807500E-7	3.993222E-2
1.808000E-7	3.979347E-2
1.808500E-7	3.972667E-2
1.809000E-7	3.972496E-2
1.809500E-7	3.975922E-2
1.810000E-7	3.984486E-2
1.810500E-7	3.996991E-2
1.811000E-7	4.009153E-2
1.811500E-7	4.020287E-2
1.812000E-7	4.031935E-2
1.812500E-7	4.039986E-2
1.813000E-7	4.041699E-2
1.813500E-7	4.039301E-2
1.814000E-7	4.033477E-2
1.814500E-7	4.023713E-2
1.815000E-7	4.013606E-2
1.815500E-7	4.008810E-2
1.816000E-7	4.006755E-2
1.816500E-7	4.004014E-2
1.817000E-7	4.002301E-2
1.817500E-7	4.004528E-2
1.818000E-7	4.008981E-2
1.818500E-7	4.014292E-2
1.819000E-7	4.019430E-2
1.819500E-7	4.024569E-2
1.820000E-7	4.028338E-2
1.820500E-7	4.028852E-2
1.821000E-7	4.028509E-2
1.821500E-7	4.027824E-2
1.822000E-7	4.025940E-2
1.822500E-7	4.021657E-2
1.823000E-7	4.019259E-2
1.823500E-7	4.019944E-2
1.824000E-7	4.020287E-2
1.824500E-7	4.018574E-2
1.825000E-7	4.016518E-2
1.825500E-7	4.014120E-2
1.826000E-7	4.011722E-2
1.826500E-7	4.009667E-2
1.827000E-7	4.006755E-2
1.827500E-7	4.001958E-2
1.828000E-7	3.999389E-2
1.828500E-7	3.999046E-2
1.829000E-7	3.997505E-2
1.829500E-7	3.995278E-2
1.830000E-7	3.995792E-2
1.830500E-7	3.996991E-2
1.831000E-7	3.996648E-2
1.831500E-7	3.995963E-2
1.832000E-7	3.994593E-2
1.832500E-7	3.992023E-2
1.833000E-7	3.989968E-2
1.833500E-7	3.987227E-2
1.834000E-7	3.982259E-2
1.834500E-7	3.976607E-2
1.835000E-7	3.972153E-2
1.835500E-7	3.968898E-2
1.836000E-7	3.965473E-2
1.836500E-7	3.962389E-2
1.837000E-7	3.959991E-2
1.837500E-7	3.956908E-2
1.838000E-7	3.953311E-2
1.838500E-7	3.950056E-2
1.839000E-7	3.947829E-2
1.839500E-7	3.947144E-2
1.840000E-7	3.946630E-2
1.840500E-7	3.945774E-2
1.841000E-7	3.944403E-2
1.841500E-7	3.943204E-2
1.842000E-7	3.943204E-2
1.842500E-7	3.942177E-2
1.843000E-7	3.940464E-2
1.843500E-7	3.940806E-2
1.844000E-7	3.943033E-2
1.844500E-7	3.943376E-2
1.845000E-7	3.941663E-2
1.845500E-7	3.940292E-2
1.846000E-7	3.939778E-2
1.846500E-7	3.938922E-2
1.847000E-7	3.938579E-2
1.847500E-7	3.938065E-2
1.848000E-7	3.937552E-2
1.848500E-7	3.935667E-2
1.849000E-7	3.931556E-2
1.849500E-7	3.926246E-2
1.850000E-7	3.921279E-2
1.850500E-7	3.914427E-2
1.851000E-7	3.906547E-2
1.851500E-7	3.901922E-2
1.852000E-7	3.902436E-2
1.852500E-7	3.905006E-2
1.853000E-7	3.910487E-2
1.853500E-7	3.920422E-2
1.854000E-7	3.930700E-2
1.854500E-7	3.942005E-2
1.855000E-7	3.956223E-2
1.855500E-7	3.971468E-2
1.856000E-7	3.985857E-2
1.856500E-7	3.998361E-2
1.857000E-7	4.005727E-2
1.857500E-7	4.007097E-2
1.858000E-7	4.006241E-2
1.858500E-7	4.004528E-2
1.859000E-7	4.000759E-2
1.859500E-7	3.994079E-2
1.860000E-7	3.985171E-2
1.860500E-7	3.976778E-2
1.861000E-7	3.968727E-2
1.861500E-7	3.961190E-2
1.862000E-7	3.953482E-2
1.862500E-7	3.947487E-2
1.863000E-7	3.944575E-2
1.863500E-7	3.944403E-2
1.864000E-7	3.943718E-2
1.864500E-7	3.943547E-2
1.865000E-7	3.943890E-2
1.865500E-7	3.944917E-2
1.866000E-7	3.945774E-2
1.866500E-7	3.948172E-2
1.867000E-7	3.950741E-2
1.867500E-7	3.952283E-2
1.868000E-7	3.952454E-2
1.868500E-7	3.951084E-2
1.869000E-7	3.946288E-2
1.869500E-7	3.938579E-2
1.870000E-7	3.928815E-2
1.870500E-7	3.917510E-2
1.871000E-7	3.906376E-2
1.871500E-7	3.898496E-2
1.872000E-7	3.894043E-2
1.872500E-7	3.893358E-2
1.873000E-7	3.896612E-2
1.873500E-7	3.903464E-2
1.874000E-7	3.912543E-2
1.874500E-7	3.924191E-2
1.875000E-7	3.936866E-2
1.875500E-7	3.946802E-2
1.876000E-7	3.953653E-2
1.876500E-7	3.957079E-2
1.877000E-7	3.957079E-2
1.877500E-7	3.953482E-2
1.878000E-7	3.947144E-2
1.878500E-7	3.939950E-2
1.879000E-7	3.932241E-2
1.879500E-7	3.924191E-2
1.880000E-7	3.916996E-2
1.880500E-7	3.912371E-2
1.881000E-7	3.909973E-2
1.881500E-7	3.910144E-2
1.882000E-7	3.910830E-2
1.882500E-7	3.910316E-2
1.883000E-7	3.907404E-2
1.883500E-7	3.904834E-2
1.884000E-7	3.902608E-2
1.884500E-7	3.897983E-2
1.885000E-7	3.891473E-2
1.885500E-7	3.885992E-2
1.886000E-7	3.881367E-2
1.886500E-7	3.876913E-2
1.887000E-7	3.874344E-2
1.887500E-7	3.875372E-2
1.888000E-7	3.880682E-2
1.888500E-7	3.888047E-2
1.889000E-7	3.895413E-2
1.889500E-7	3.903978E-2
1.890000E-7	3.914256E-2
1.890500E-7	3.923505E-2
1.891000E-7	3.927959E-2
1.891500E-7	3.929158E-2
1.892000E-7	3.926589E-2
1.892500E-7	3.918880E-2
1.893000E-7	3.907918E-2
1.893500E-7	3.894385E-2
1.894000E-7	3.879483E-2
1.894500E-7	3.865779E-2
1.895000E-7	3.854302E-2
1.895500E-7	3.844025E-2
1.896000E-7	3.836659E-2
1.896500E-7	3.835631E-2
1.897000E-7	3.841969E-2
1.897500E-7	3.854474E-2
1.898000E-7	3.871603E-2
1.898500E-7	3.890446E-2
1.899000E-7	3.907404E-2
1.899500E-7	3.921450E-2
1.900000E-7	3.932413E-2
1.900500E-7	3.938066E-2
1.901000E-7	3.936353E-2
1.901500E-7	3.928302E-2
1.902000E-7	3.916996E-2
1.902500E-7	3.904149E-2
1.903000E-7	3.889932E-2
1.903500E-7	3.876913E-2
1.904000E-7	3.868520E-2
1.904500E-7	3.864580E-2
1.905000E-7	3.863038E-2
1.905500E-7	3.865950E-2
1.906000E-7	3.873830E-2
1.906500E-7	3.881024E-2
1.907000E-7	3.883422E-2
1.907500E-7	3.884108E-2
1.908000E-7	3.885992E-2
1.908500E-7	3.886506E-2
1.909000E-7	3.884793E-2
1.909500E-7	3.882223E-2
1.910000E-7	3.878455E-2
1.910500E-7	3.873830E-2
1.911000E-7	3.870747E-2
1.911500E-7	3.871432E-2
1.912000E-7	3.874344E-2
1.912500E-7	3.876742E-2
1.913000E-7	3.878455E-2
1.913500E-7	3.881367E-2
1.914000E-7	3.884108E-2
1.914500E-7	3.888733E-2
1.915000E-7	3.892672E-2
1.915500E-7	3.893358E-2
1.916000E-7	3.893872E-2
1.916500E-7	3.896955E-2
1.917000E-7	3.899010E-2
1.917500E-7	3.897126E-2
1.918000E-7	3.895413E-2
1.918500E-7	3.892158E-2
1.919000E-7	3.884964E-2
1.919500E-7	3.875029E-2
1.920000E-7	3.865608E-2
1.920500E-7	3.854816E-2
1.921000E-7	3.844710E-2
1.921500E-7	3.837858E-2
1.922000E-7	3.833918E-2
1.922500E-7	3.832719E-2
1.923000E-7	3.834261E-2
1.923500E-7	3.837687E-2
1.924000E-7	3.842140E-2
1.924500E-7	3.848478E-2
1.925000E-7	3.856872E-2
1.925500E-7	3.864751E-2
1.926000E-7	3.870233E-2
1.926500E-7	3.872802E-2
1.927000E-7	3.871089E-2
1.927500E-7	3.866807E-2
1.928000E-7	3.862867E-2
1.928500E-7	3.857214E-2
1.929000E-7	3.850191E-2
1.929500E-7	3.845909E-2
1.930000E-7	3.842997E-2
1.930500E-7	3.838543E-2
1.931000E-7	3.835117E-2
1.931500E-7	3.835974E-2
1.932000E-7	3.839400E-2
1.932500E-7	3.843340E-2
1.933000E-7	3.849164E-2
1.933500E-7	3.855159E-2
1.934000E-7	3.859955E-2
1.934500E-7	3.862353E-2
1.935000E-7	3.863381E-2
1.935500E-7	3.863381E-2
1.936000E-7	3.862696E-2
1.936500E-7	3.858927E-2
1.937000E-7	3.850705E-2
1.937500E-7	3.840256E-2
1.938000E-7	3.830492E-2
1.938500E-7	3.819530E-2
1.939000E-7	3.807368E-2
1.939500E-7	3.795891E-2
1.940000E-7	3.785956E-2
1.940500E-7	3.776021E-2
1.941000E-7	3.768484E-2
1.941500E-7	3.764373E-2
1.942000E-7	3.763002E-2
1.942500E-7	3.763174E-2
1.943000E-7	3.766428E-2
1.943500E-7	3.773623E-2
1.944000E-7	3.782187E-2
1.944500E-7	3.789210E-2
1.945000E-7	3.796062E-2
1.945500E-7	3.802058E-2
1.946000E-7	3.804284E-2
1.946500E-7	3.802400E-2
1.947000E-7	3.799488E-2
1.947500E-7	3.795548E-2
1.948000E-7	3.790067E-2
1.948500E-7	3.785613E-2
1.949000E-7	3.783386E-2
1.949500E-7	3.782701E-2
1.950000E-7	3.784072E-2
1.950500E-7	3.789210E-2
1.951000E-7	3.797433E-2
1.951500E-7	3.807025E-2
1.952000E-7	3.817474E-2
1.952500E-7	3.828266E-2
1.953000E-7	3.839571E-2
1.953500E-7	3.850020E-2
1.954000E-7	3.858071E-2
1.954500E-7	3.862353E-2
1.955000E-7	3.862525E-2
1.955500E-7	3.859784E-2
1.956000E-7	3.854131E-2
1.956500E-7	3.845052E-2
1.957000E-7	3.833233E-2
1.957500E-7	3.823469E-2
1.958000E-7	3.816960E-2
1.958500E-7	3.811821E-2
1.959000E-7	3.808224E-2
1.959500E-7	3.808738E-2
1.960000E-7	3.811479E-2
1.960500E-7	3.814562E-2
1.961000E-7	3.817817E-2
1.961500E-7	3.817988E-2
1.962000E-7	3.813020E-2
1.962500E-7	3.805312E-2
1.963000E-7	3.796576E-2
1.963500E-7	3.788525E-2
1.964000E-7	3.780988E-2
1.964500E-7	3.773623E-2
1.965000E-7	3.766257E-2
1.965500E-7	3.760775E-2
1.966000E-7	3.757521E-2
1.966500E-7	3.753752E-2
1.967000E-7	3.748956E-2
1.967500E-7	3.744502E-2
1.968000E-7	3.740220E-2
1.968500E-7	3.734739E-2
1.969000E-7	3.729086E-2
1.969500E-7	3.722919E-2
1.970000E-7	3.716582E-2
1.970500E-7	3.712299E-2
1.971000E-7	3.709901E-2
1.971500E-7	3.708017E-2
1.972000E-7	3.709216E-2
1.972500E-7	3.714012E-2
1.973000E-7	3.720179E-2
1.973500E-7	3.729086E-2
1.974000E-7	3.740905E-2
1.974500E-7	3.753581E-2
1.975000E-7	3.765743E-2
1.975500E-7	3.778590E-2
1.976000E-7	3.790581E-2
1.976500E-7	3.799488E-2
1.977000E-7	3.804798E-2
1.977500E-7	3.806340E-2
1.978000E-7	3.803428E-2
1.978500E-7	3.796919E-2
1.979000E-7	3.786127E-2
1.979500E-7	3.773109E-2
1.980000E-7	3.758720E-2
1.980500E-7	3.741933E-2
1.981000E-7	3.724804E-2
1.981500E-7	3.711614E-2
1.982000E-7	3.702535E-2
1.982500E-7	3.696197E-2
1.983000E-7	3.695855E-2
1.983500E-7	3.700308E-2
1.984000E-7	3.707674E-2
1.984500E-7	3.717952E-2
1.985000E-7	3.730285E-2
1.985500E-7	3.742790E-2
1.986000E-7	3.753752E-2
1.986500E-7	3.762488E-2
1.987000E-7	3.767113E-2
1.987500E-7	3.769512E-2
1.988000E-7	3.769683E-2
1.988500E-7	3.766771E-2
1.989000E-7	3.759576E-2
1.989500E-7	3.752382E-2
1.990000E-7	3.746215E-2
1.990500E-7	3.739192E-2
1.991000E-7	3.732169E-2
1.991500E-7	3.726174E-2
1.992000E-7	3.723262E-2
1.992500E-7	3.723776E-2
1.993000E-7	3.726003E-2
1.993500E-7	3.729429E-2
1.994000E-7	3.735938E-2
1.994500E-7	3.745530E-2
1.995000E-7	3.754266E-2
1.995500E-7	3.758206E-2
1.996000E-7	3.758891E-2
1.996500E-7	3.757007E-2
1.997000E-7	3.751697E-2
1.997500E-7	3.742618E-2
1.998000E-7	3.730456E-2
1.998500E-7	3.716753E-2
1.999000E-7	3.703220E-2
1.999500E-7	3.691230E-2
2.000000E-7	3.682323E-2
