Study Name	PremaTech_CVD_SiC_HeandSi
Sample Name	2025-10-11
Run Name	spot04
Operator	Keshav
Date	10/11/2025
Time	16:36
Sign	FIX
Grating Spacing	06.40um
Channel	3
Number Traces	10000
Files in Batch	1
Batch Number	53
dt	50.000001E-12
time stamp (ms)	5:33:04 PM
	
Time	Amplitude
0.000000E+0	9.489810E-4
5.000000E-11	9.763881E-4
1.000000E-10	9.678234E-4
1.500000E-10	9.798141E-4
2.000000E-10	1.000370E-3
2.500000E-10	9.592589E-4
3.000000E-10	9.164353E-4
3.500000E-10	9.078706E-4
4.000000E-10	8.530565E-4
4.500000E-10	7.776869E-4
5.000000E-10	7.417150E-4
5.500000E-10	6.731972E-4
6.000000E-10	5.395874E-4
6.500000E-10	4.419495E-4
7.000000E-10	3.511633E-4
7.500000E-10	2.141276E-4
8.000000E-10	9.250839E-5
8.500000E-10	1.028693E-5
9.000000E-10	-7.193451E-5
9.500000E-10	-1.284618E-4
1.000000E-9	-1.336007E-4
1.050000E-9	-1.524431E-4
1.100000E-9	-1.455914E-4
1.150000E-9	-7.536066E-5
1.200000E-9	-2.225932E-5
1.250000E-9	1.721966E-6
1.300000E-9	4.968450E-5
1.350000E-9	7.880465E-5
1.400000E-9	3.598112E-5
1.450000E-9	3.435267E-6
1.500000E-9	-1.026820E-5
1.550000E-9	-6.679534E-5
1.600000E-9	-9.934126E-5
1.650000E-9	-6.850823E-5
1.700000E-9	-3.253636E-5
1.750000E-9	1.722527E-6
1.800000E-9	8.394388E-5
1.850000E-9	1.918594E-4
1.900000E-9	2.826455E-4
1.950000E-9	3.563022E-4
2.000000E-9	4.025517E-4
2.050000E-9	4.231071E-4
2.100000E-9	4.333848E-4
2.150000E-9	4.042648E-4
2.200000E-9	3.374600E-4
2.250000E-9	2.929234E-4
2.300000E-9	2.775070E-4
2.350000E-9	2.552386E-4
2.400000E-9	2.569515E-4
2.450000E-9	3.014880E-4
2.500000E-9	3.494503E-4
2.550000E-9	3.854220E-4
2.600000E-9	4.402361E-4
2.650000E-9	4.864855E-4
2.700000E-9	4.967631E-4
2.750000E-9	4.813464E-4
2.800000E-9	4.436616E-4
2.850000E-9	3.854214E-4
2.900000E-9	3.100519E-4
2.950000E-9	2.312564E-4
3.000000E-9	1.610257E-4
3.050000E-9	1.027857E-4
3.100000E-9	3.769383E-5
3.150000E-9	-2.739803E-5
3.200000E-9	-5.651802E-5
3.250000E-9	-4.966615E-5
3.300000E-9	-5.994379E-5
3.350000E-9	-9.077683E-5
3.400000E-9	-1.130451E-4
3.450000E-9	-1.267487E-4
3.500000E-9	-1.575818E-4
3.550000E-9	-1.849890E-4
3.600000E-9	-1.918408E-4
3.650000E-9	-1.798501E-4
3.700000E-9	-1.644336E-4
3.750000E-9	-1.216099E-4
3.800000E-9	-6.165670E-5
3.850000E-9	-1.198120E-5
3.900000E-9	3.598135E-5
3.950000E-9	9.593456E-5
4.000000E-9	1.558878E-4
4.050000E-9	2.107021E-4
4.100000E-9	2.620904E-4
4.150000E-9	3.014882E-4
4.200000E-9	3.391730E-4
4.250000E-9	3.751448E-4
4.300000E-9	4.025519E-4
4.350000E-9	4.094036E-4
4.400000E-9	4.145423E-4
4.450000E-9	4.196811E-4
4.500000E-9	4.248197E-4
4.550000E-9	4.316714E-4
4.600000E-9	4.488007E-4
4.650000E-9	4.693560E-4
4.700000E-9	4.967630E-4
4.750000E-9	5.190313E-4
4.800000E-9	5.156053E-4
4.850000E-9	4.881982E-4
4.900000E-9	4.590781E-4
4.950000E-9	4.111156E-4
5.000000E-9	3.374590E-4
5.050000E-9	2.586635E-4
5.100000E-9	1.884328E-4
5.150000E-9	1.164891E-4
5.200000E-9	4.797132E-5
5.250000E-9	1.199948E-5
5.300000E-9	-1.704084E-6
5.350000E-9	6.860606E-6
5.400000E-9	4.454535E-5
5.450000E-9	1.044984E-4
5.500000E-9	1.815809E-4
5.550000E-9	2.843576E-4
5.600000E-9	4.025508E-4
5.650000E-9	5.258828E-4
5.700000E-9	6.475020E-4
5.750000E-9	7.622695E-4
5.800000E-9	8.701852E-4
5.850000E-9	9.661104E-4
5.900000E-9	1.032915E-3
5.950000E-9	1.068887E-3
6.000000E-9	1.074026E-3
6.050000E-9	1.041481E-3
6.100000E-9	9.558334E-4
6.150000E-9	8.376402E-4
6.200000E-9	7.262988E-4
6.250000E-9	6.303738E-4
6.300000E-9	5.481524E-4
6.350000E-9	5.001899E-4
6.400000E-9	4.950510E-4
6.450000E-9	5.241711E-4
6.500000E-9	6.012537E-4
6.550000E-9	7.194470E-4
6.600000E-9	8.427792E-4
6.650000E-9	9.489818E-4
6.700000E-9	1.063749E-3
6.750000E-9	1.163100E-3
6.800000E-9	1.200785E-3
6.850000E-9	1.183656E-3
6.900000E-9	1.139119E-3
6.950000E-9	1.053472E-3
7.000000E-9	9.301396E-4
7.050000E-9	8.187981E-4
7.100000E-9	7.245861E-4
7.150000E-9	6.406516E-4
7.200000E-9	5.824114E-4
7.250000E-9	5.652819E-4
7.300000E-9	5.515783E-4
7.350000E-9	5.361618E-4
7.400000E-9	5.241711E-4
7.450000E-9	5.053287E-4
7.500000E-9	4.607920E-4
7.550000E-9	4.094035E-4
7.600000E-9	3.700056E-4
7.650000E-9	3.374595E-4
7.700000E-9	3.220429E-4
7.750000E-9	3.254686E-4
7.800000E-9	3.374591E-4
7.850000E-9	3.665791E-4
7.900000E-9	4.145415E-4
7.950000E-9	4.539392E-4
8.000000E-9	4.727816E-4
8.050000E-9	5.070406E-4
8.100000E-9	5.378737E-4
8.150000E-9	5.224573E-4
8.200000E-9	4.779208E-4
8.250000E-9	4.419490E-4
8.300000E-9	4.248196E-4
8.350000E-9	3.991255E-4
8.400000E-9	3.785702E-4
8.450000E-9	3.751443E-4
8.500000E-9	4.008384E-4
8.550000E-9	4.419491E-4
8.600000E-9	4.779209E-4
8.650000E-9	4.984763E-4
8.700000E-9	5.121798E-4
8.750000E-9	5.121798E-4
8.800000E-9	4.881986E-4
8.850000E-9	4.607915E-4
8.900000E-9	4.248197E-4
8.950000E-9	3.717184E-4
9.000000E-9	3.237560E-4
9.050000E-9	2.877842E-4
9.100000E-9	2.398217E-4
9.150000E-9	1.987110E-4
9.200000E-9	1.850074E-4
9.250000E-9	1.644520E-4
9.300000E-9	1.182024E-4
9.350000E-9	5.482334E-5
9.400000E-9	-1.198163E-5
9.450000E-9	-8.392543E-5
9.500000E-9	-1.558692E-4
9.550000E-9	-2.295260E-4
9.600000E-9	-2.963309E-4
9.650000E-9	-3.340157E-4
9.700000E-9	-3.220250E-4
9.750000E-9	-2.774883E-4
9.800000E-9	-2.021186E-4
9.850000E-9	-8.735108E-5
9.900000E-9	5.311063E-5
9.950000E-9	2.004241E-4
1.000000E-8	3.443117E-4
1.005000E-8	4.710699E-4
1.010000E-8	5.704209E-4
1.015000E-8	6.183835E-4
1.020000E-8	6.218094E-4
1.025000E-8	6.081059E-4
1.030000E-8	5.858376E-4
1.035000E-8	5.275974E-4
1.040000E-8	4.453759E-4
1.045000E-8	3.819968E-4
1.050000E-8	3.254696E-4
1.055000E-8	2.535258E-4
1.060000E-8	1.969985E-4
1.065000E-8	1.867207E-4
1.070000E-8	2.055630E-4
1.075000E-8	2.381090E-4
1.080000E-8	2.672290E-4
1.085000E-8	3.014879E-4
1.090000E-8	3.460245E-4
1.095000E-8	3.939870E-4
1.100000E-8	4.488013E-4
1.105000E-8	5.053285E-4
1.110000E-8	5.652816E-4
1.115000E-8	6.166701E-4
1.120000E-8	6.594937E-4
1.125000E-8	6.954656E-4
1.130000E-8	7.245856E-4
1.135000E-8	7.502798E-4
1.140000E-8	7.571315E-4
1.145000E-8	7.485667E-4
1.150000E-8	7.502796E-4
1.155000E-8	7.656961E-4
1.160000E-8	7.776866E-4
1.165000E-8	7.896773E-4
1.170000E-8	8.050938E-4
1.175000E-8	8.119456E-4
1.180000E-8	7.965292E-4
1.185000E-8	7.674092E-4
1.190000E-8	7.228726E-4
1.195000E-8	6.766231E-4
1.200000E-8	6.149571E-4
1.205000E-8	5.567169E-4
1.210000E-8	5.275968E-4
1.215000E-8	5.138931E-4
1.220000E-8	4.847730E-4
1.225000E-8	4.779211E-4
1.230000E-8	5.207446E-4
1.235000E-8	5.515775E-4
1.240000E-8	5.721328E-4
1.245000E-8	6.183823E-4
1.250000E-8	6.749095E-4
1.255000E-8	6.937519E-4
1.260000E-8	6.886131E-4
1.265000E-8	6.954650E-4
1.270000E-8	7.040299E-4
1.275000E-8	6.937523E-4
1.280000E-8	6.543547E-4
1.285000E-8	6.012535E-4
1.290000E-8	5.687075E-4
1.295000E-8	5.447263E-4
1.300000E-8	5.036156E-4
1.305000E-8	4.350977E-4
1.310000E-8	3.734316E-4
1.315000E-8	3.151913E-4
1.320000E-8	2.483863E-4
1.325000E-8	1.815813E-4
1.330000E-8	1.336187E-4
1.335000E-8	1.079244E-4
1.340000E-8	1.079243E-4
1.345000E-8	1.062113E-4
1.350000E-8	9.422061E-5
1.355000E-8	9.250761E-5
1.360000E-8	1.182018E-4
1.365000E-8	1.541737E-4
1.370000E-8	1.867197E-4
1.375000E-8	2.004233E-4
1.380000E-8	1.952846E-4
1.385000E-8	1.867200E-4
1.390000E-8	2.021366E-4
1.395000E-8	2.244050E-4
1.400000E-8	2.141274E-4
1.405000E-8	2.004240E-4
1.410000E-8	2.381089E-4
1.415000E-8	3.049138E-4
1.420000E-8	3.563022E-4
1.425000E-8	4.094035E-4
1.430000E-8	4.762084E-4
1.435000E-8	5.190320E-4
1.440000E-8	5.498650E-4
1.445000E-8	5.806980E-4
1.450000E-8	5.481520E-4
1.455000E-8	4.625046E-4
1.460000E-8	4.128291E-4
1.465000E-8	3.425983E-4
1.470000E-8	1.815813E-4
1.475000E-8	6.860716E-6
1.480000E-8	-1.473045E-4
1.485000E-8	-3.545711E-4
1.490000E-8	-5.515600E-4
1.495000E-8	-6.217909E-4
1.500000E-8	-6.440593E-4
1.505000E-8	-7.040125E-4
1.510000E-8	-7.194290E-4
1.515000E-8	-6.320689E-4
1.520000E-8	-4.744778E-4
1.525000E-8	-2.672113E-4
1.530000E-8	-5.480593E-5
1.535000E-8	8.908160E-5
1.540000E-8	1.781548E-4
1.545000E-8	2.535245E-4
1.550000E-8	2.775058E-4
1.555000E-8	2.346823E-4
1.560000E-8	1.884328E-4
1.565000E-8	1.558868E-4
1.570000E-8	1.113502E-4
1.575000E-8	6.338774E-5
1.580000E-8	2.741581E-5
1.585000E-8	1.713805E-5
1.590000E-8	6.167458E-5
1.595000E-8	1.593124E-4
1.600000E-8	2.226913E-4
1.605000E-8	2.192654E-4
1.610000E-8	2.072748E-4
1.615000E-8	1.969972E-4
1.620000E-8	1.575995E-4
1.625000E-8	1.182018E-4
1.630000E-8	1.096371E-4
1.635000E-8	9.764666E-5
1.640000E-8	9.422095E-5
1.645000E-8	1.695907E-4
1.650000E-8	2.826453E-4
1.655000E-8	3.648669E-4
1.660000E-8	4.813473E-4
1.665000E-8	6.560678E-4
1.670000E-8	7.965295E-4
1.675000E-8	8.890287E-4
1.680000E-8	1.003796E-3
1.685000E-8	1.091156E-3
1.690000E-8	1.055185E-3
1.695000E-8	9.369914E-4
1.700000E-8	8.479183E-4
1.705000E-8	7.845393E-4
1.710000E-8	6.749109E-4
1.715000E-8	5.138940E-4
1.720000E-8	3.597288E-4
1.725000E-8	2.466744E-4
1.730000E-8	1.593140E-4
1.735000E-8	9.764774E-5
1.740000E-8	6.167566E-5
1.745000E-8	5.996252E-5
1.750000E-8	8.565648E-5
1.755000E-8	1.199151E-4
1.760000E-8	1.678774E-4
1.765000E-8	2.141268E-4
1.770000E-8	2.329691E-4
1.775000E-8	2.312561E-4
1.780000E-8	2.004231E-4
1.785000E-8	1.610255E-4
1.790000E-8	1.524608E-4
1.795000E-8	1.815810E-4
1.800000E-8	2.535249E-4
1.805000E-8	3.751441E-4
1.810000E-8	5.841235E-4
1.815000E-8	8.684725E-4
1.820000E-8	1.221339E-3
1.825000E-8	1.653001E-3
1.830000E-8	2.172024E-3
1.835000E-8	2.792110E-3
1.840000E-8	3.588630E-3
1.845000E-8	4.650656E-3
1.850000E-8	6.060411E-3
1.855000E-8	7.930948E-3
1.860000E-8	1.040102E-2
1.865000E-8	1.358196E-2
1.870000E-8	1.748576E-2
1.875000E-8	2.209359E-2
1.880000E-8	2.738488E-2
1.885000E-8	3.322088E-2
1.890000E-8	3.930698E-2
1.895000E-8	4.534855E-2
1.900000E-8	5.111604E-2
1.905000E-8	5.635594E-2
1.910000E-8	6.070340E-2
1.915000E-8	6.388778E-2
1.920000E-8	6.585424E-2
1.925000E-8	6.668503E-2
1.930000E-8	6.644350E-2
1.935000E-8	6.532495E-2
1.940000E-8	6.368567E-2
1.945000E-8	6.187166E-2
1.950000E-8	6.016385E-2
1.955000E-8	5.883632E-2
1.960000E-8	5.813744E-2
1.965000E-8	5.816998E-2
1.970000E-8	5.891168E-2
1.975000E-8	6.033000E-2
1.980000E-8	6.233757E-2
1.985000E-8	6.475624E-2
1.990000E-8	6.737019E-2
1.995000E-8	6.992248E-2
2.000000E-8	7.215445E-2
2.005000E-8	7.389480E-2
2.010000E-8	7.507503E-2
2.015000E-8	7.562488E-2
2.020000E-8	7.547929E-2
2.025000E-8	7.465194E-2
2.030000E-8	7.320964E-2
2.035000E-8	7.134939E-2
2.040000E-8	6.937093E-2
2.045000E-8	6.747471E-2
2.050000E-8	6.577204E-2
2.055000E-8	6.444964E-2
2.060000E-8	6.370794E-2
2.065000E-8	6.356918E-2
2.070000E-8	6.397001E-2
2.075000E-8	6.494125E-2
2.080000E-8	6.645206E-2
2.085000E-8	6.832088E-2
2.090000E-8	7.035757E-2
2.095000E-8	7.238227E-2
2.100000E-8	7.418429E-2
2.105000E-8	7.564372E-2
2.110000E-8	7.670746E-2
2.115000E-8	7.725904E-2
2.120000E-8	7.715284E-2
2.125000E-8	7.637002E-2
2.130000E-8	7.504763E-2
2.135000E-8	7.333126E-2
2.140000E-8	7.135110E-2
2.145000E-8	6.931955E-2
2.150000E-8	6.746100E-2
2.155000E-8	6.598102E-2
2.160000E-8	6.501663E-2
2.165000E-8	6.462093E-2
2.170000E-8	6.479394E-2
2.175000E-8	6.555277E-2
2.180000E-8	6.686831E-2
2.185000E-8	6.853500E-2
2.190000E-8	7.034387E-2
2.195000E-8	7.224181E-2
2.200000E-8	7.411235E-2
2.205000E-8	7.563858E-2
2.210000E-8	7.659612E-2
2.215000E-8	7.700381E-2
2.220000E-8	7.690275E-2
2.225000E-8	7.621586E-2
2.230000E-8	7.497911E-2
2.235000E-8	7.338950E-2
2.240000E-8	7.163374E-2
2.245000E-8	6.985570E-2
2.250000E-8	6.825067E-2
2.255000E-8	6.700364E-2
2.260000E-8	6.621740E-2
2.265000E-8	6.592791E-2
2.270000E-8	6.614031E-2
2.275000E-8	6.681692E-2
2.280000E-8	6.788923E-2
2.285000E-8	6.924930E-2
2.290000E-8	7.081151E-2
2.295000E-8	7.243709E-2
2.300000E-8	7.396504E-2
2.305000E-8	7.523262E-2
2.310000E-8	7.612849E-2
2.315000E-8	7.660812E-2
2.320000E-8	7.663724E-2
2.325000E-8	7.618331E-2
2.330000E-8	7.527545E-2
2.335000E-8	7.401473E-2
2.340000E-8	7.256558E-2
2.345000E-8	7.108559E-2
2.350000E-8	6.970153E-2
2.355000E-8	6.854016E-2
2.360000E-8	6.772651E-2
2.365000E-8	6.732396E-2
2.370000E-8	6.732738E-2
2.375000E-8	6.774705E-2
2.380000E-8	6.855214E-2
2.385000E-8	6.966041E-2
2.390000E-8	7.097766E-2
2.395000E-8	7.238399E-2
2.400000E-8	7.373208E-2
2.405000E-8	7.487975E-2
2.410000E-8	7.570197E-2
2.415000E-8	7.609937E-2
2.420000E-8	7.605484E-2
2.425000E-8	7.557522E-2
2.430000E-8	7.467250E-2
2.435000E-8	7.343061E-2
2.440000E-8	7.201572E-2
2.445000E-8	7.058713E-2
2.450000E-8	6.927672E-2
2.455000E-8	6.823868E-2
2.460000E-8	6.756549E-2
2.465000E-8	6.726915E-2
2.470000E-8	6.736164E-2
2.475000E-8	6.784469E-2
2.480000E-8	6.868575E-2
2.485000E-8	6.978203E-2
2.490000E-8	7.100507E-2
2.495000E-8	7.227265E-2
2.500000E-8	7.348884E-2
2.505000E-8	7.452689E-2
2.510000E-8	7.522919E-2
2.515000E-8	7.553924E-2
2.520000E-8	7.548785E-2
2.525000E-8	7.509216E-2
2.530000E-8	7.432991E-2
2.535000E-8	7.328844E-2
2.540000E-8	7.212706E-2
2.545000E-8	7.096740E-2
2.550000E-8	6.989681E-2
2.555000E-8	6.900779E-2
2.560000E-8	6.840140E-2
2.565000E-8	6.813761E-2
2.570000E-8	6.824210E-2
2.575000E-8	6.870116E-2
2.580000E-8	6.945486E-2
2.585000E-8	7.046549E-2
2.590000E-8	7.169367E-2
2.595000E-8	7.300579E-2
2.600000E-8	7.423397E-2
2.605000E-8	7.529600E-2
2.610000E-8	7.612164E-2
2.615000E-8	7.663381E-2
2.620000E-8	7.679312E-2
2.625000E-8	7.660641E-2
2.630000E-8	7.608225E-2
2.635000E-8	7.525147E-2
2.640000E-8	7.423741E-2
2.645000E-8	7.317025E-2
2.650000E-8	7.213391E-2
2.655000E-8	7.125175E-2
2.660000E-8	7.061453E-2
2.665000E-8	7.025652E-2
2.670000E-8	7.019828E-2
2.675000E-8	7.048092E-2
2.680000E-8	7.107531E-2
2.685000E-8	7.188210E-2
2.690000E-8	7.282079E-2
2.695000E-8	7.384000E-2
2.700000E-8	7.484207E-2
2.705000E-8	7.570539E-2
2.710000E-8	7.635460E-2
2.715000E-8	7.671946E-2
2.720000E-8	7.679483E-2
2.725000E-8	7.656530E-2
2.730000E-8	7.602744E-2
2.735000E-8	7.524291E-2
2.740000E-8	7.432648E-2
2.745000E-8	7.333983E-2
2.750000E-8	7.235831E-2
2.755000E-8	7.150355E-2
2.760000E-8	7.083207E-2
2.765000E-8	7.036958E-2
2.770000E-8	7.018458E-2
2.775000E-8	7.029592E-2
2.780000E-8	7.064193E-2
2.785000E-8	7.121234E-2
2.790000E-8	7.199344E-2
2.795000E-8	7.289616E-2
2.800000E-8	7.379032E-2
2.805000E-8	7.461939E-2
2.810000E-8	7.532512E-2
2.815000E-8	7.581160E-2
2.820000E-8	7.602401E-2
2.825000E-8	7.594007E-2
2.830000E-8	7.555637E-2
2.835000E-8	7.492601E-2
2.840000E-8	7.411236E-2
2.845000E-8	7.320108E-2
2.850000E-8	7.228979E-2
2.855000E-8	7.144873E-2
2.860000E-8	7.072930E-2
2.865000E-8	7.021712E-2
2.870000E-8	6.997560E-2
2.875000E-8	7.000643E-2
2.880000E-8	7.029420E-2
2.885000E-8	7.081836E-2
2.890000E-8	7.152923E-2
2.895000E-8	7.234802E-2
2.900000E-8	7.319079E-2
2.905000E-8	7.399930E-2
2.910000E-8	7.469305E-2
2.915000E-8	7.516753E-2
2.920000E-8	7.536281E-2
2.925000E-8	7.529601E-2
2.930000E-8	7.498596E-2
2.935000E-8	7.444467E-2
2.940000E-8	7.373723E-2
2.945000E-8	7.296812E-2
2.950000E-8	7.221271E-2
2.955000E-8	7.153438E-2
2.960000E-8	7.100165E-2
2.965000E-8	7.065050E-2
2.970000E-8	7.049291E-2
2.975000E-8	7.055457E-2
2.980000E-8	7.083207E-2
2.985000E-8	7.128257E-2
2.990000E-8	7.185641E-2
2.995000E-8	7.250047E-2
3.000000E-8	7.312913E-2
3.005000E-8	7.370125E-2
3.010000E-8	7.413463E-2
3.015000E-8	7.440013E-2
3.020000E-8	7.448921E-2
3.025000E-8	7.440185E-2
3.030000E-8	7.408495E-2
3.035000E-8	7.359163E-2
3.040000E-8	7.303149E-2
3.045000E-8	7.244909E-2
3.050000E-8	7.184785E-2
3.055000E-8	7.129799E-2
3.060000E-8	7.087661E-2
3.065000E-8	7.061795E-2
3.070000E-8	7.051175E-2
3.075000E-8	7.054087E-2
3.080000E-8	7.070531E-2
3.085000E-8	7.100336E-2
3.090000E-8	7.141789E-2
3.095000E-8	7.190094E-2
3.100000E-8	7.241997E-2
3.105000E-8	7.293899E-2
3.110000E-8	7.339635E-2
3.115000E-8	7.373894E-2
3.120000E-8	7.395306E-2
3.125000E-8	7.399588E-2
3.130000E-8	7.386570E-2
3.135000E-8	7.358649E-2
3.140000E-8	7.319422E-2
3.145000E-8	7.273344E-2
3.150000E-8	7.222812E-2
3.155000E-8	7.170739E-2
3.160000E-8	7.123975E-2
3.165000E-8	7.090230E-2
3.170000E-8	7.071045E-2
3.175000E-8	7.065221E-2
3.180000E-8	7.072587E-2
3.185000E-8	7.093998E-2
3.190000E-8	7.126715E-2
3.195000E-8	7.165257E-2
3.200000E-8	7.205511E-2
3.205000E-8	7.244223E-2
3.210000E-8	7.277797E-2
3.215000E-8	7.301950E-2
3.220000E-8	7.313598E-2
3.225000E-8	7.313941E-2
3.230000E-8	7.300580E-2
3.235000E-8	7.274372E-2
3.240000E-8	7.239428E-2
3.245000E-8	7.197289E-2
3.250000E-8	7.151382E-2
3.255000E-8	7.108387E-2
3.260000E-8	7.073101E-2
3.265000E-8	7.047064E-2
3.270000E-8	7.033018E-2
3.275000E-8	7.034217E-2
3.280000E-8	7.049290E-2
3.285000E-8	7.076184E-2
3.290000E-8	7.115067E-2
3.295000E-8	7.161831E-2
3.300000E-8	7.208423E-2
3.305000E-8	7.250219E-2
3.310000E-8	7.284135E-2
3.315000E-8	7.304862E-2
3.320000E-8	7.308973E-2
3.325000E-8	7.298353E-2
3.330000E-8	7.274029E-2
3.335000E-8	7.240627E-2
3.340000E-8	7.199516E-2
3.345000E-8	7.154466E-2
3.350000E-8	7.111813E-2
3.355000E-8	7.076698E-2
3.360000E-8	7.049633E-2
3.365000E-8	7.030962E-2
3.370000E-8	7.023596E-2
3.375000E-8	7.026337E-2
3.380000E-8	7.037642E-2
3.385000E-8	7.057855E-2
3.390000E-8	7.082350E-2
3.395000E-8	7.109243E-2
3.400000E-8	7.138021E-2
3.405000E-8	7.164914E-2
3.410000E-8	7.183071E-2
3.415000E-8	7.194034E-2
3.420000E-8	7.197974E-2
3.425000E-8	7.194377E-2
3.430000E-8	7.181187E-2
3.435000E-8	7.159776E-2
3.440000E-8	7.132540E-2
3.445000E-8	7.102049E-2
3.450000E-8	7.071045E-2
3.455000E-8	7.045351E-2
3.460000E-8	7.029592E-2
3.465000E-8	7.024795E-2
3.470000E-8	7.027879E-2
3.475000E-8	7.037642E-2
3.480000E-8	7.056142E-2
3.485000E-8	7.082864E-2
3.490000E-8	7.112669E-2
3.495000E-8	7.141789E-2
3.500000E-8	7.168683E-2
3.505000E-8	7.190437E-2
3.510000E-8	7.204483E-2
3.515000E-8	7.210479E-2
3.520000E-8	7.210479E-2
3.525000E-8	7.203456E-2
3.530000E-8	7.188382E-2
3.535000E-8	7.166970E-2
3.540000E-8	7.141618E-2
3.545000E-8	7.114896E-2
3.550000E-8	7.086290E-2
3.555000E-8	7.058541E-2
3.560000E-8	7.035930E-2
3.565000E-8	7.021027E-2
3.570000E-8	7.011777E-2
3.575000E-8	7.008351E-2
3.580000E-8	7.013661E-2
3.585000E-8	7.026679E-2
3.590000E-8	7.044152E-2
3.595000E-8	7.065563E-2
3.600000E-8	7.087146E-2
3.605000E-8	7.106331E-2
3.610000E-8	7.120720E-2
3.615000E-8	7.129456E-2
3.620000E-8	7.128257E-2
3.625000E-8	7.115753E-2
3.630000E-8	7.097767E-2
3.635000E-8	7.078239E-2
3.640000E-8	7.055628E-2
3.645000E-8	7.031305E-2
3.650000E-8	7.009036E-2
3.655000E-8	6.990708E-2
3.660000E-8	6.977175E-2
3.665000E-8	6.969296E-2
3.670000E-8	6.968611E-2
3.675000E-8	6.974606E-2
3.680000E-8	6.985569E-2
3.685000E-8	6.998758E-2
3.690000E-8	7.013147E-2
3.695000E-8	7.028392E-2
3.700000E-8	7.041068E-2
3.705000E-8	7.051003E-2
3.710000E-8	7.057512E-2
3.715000E-8	7.058026E-2
3.720000E-8	7.050832E-2
3.725000E-8	7.040040E-2
3.730000E-8	7.028564E-2
3.735000E-8	7.013319E-2
3.740000E-8	6.994990E-2
3.745000E-8	6.975462E-2
3.750000E-8	6.957305E-2
3.755000E-8	6.941889E-2
3.760000E-8	6.933324E-2
3.765000E-8	6.933495E-2
3.770000E-8	6.943259E-2
3.775000E-8	6.959532E-2
3.780000E-8	6.982314E-2
3.785000E-8	7.010235E-2
3.790000E-8	7.039869E-2
3.795000E-8	7.067790E-2
3.800000E-8	7.091600E-2
3.805000E-8	7.107530E-2
3.810000E-8	7.112669E-2
3.815000E-8	7.107530E-2
3.820000E-8	7.095026E-2
3.825000E-8	7.075498E-2
3.830000E-8	7.049976E-2
3.835000E-8	7.020856E-2
3.840000E-8	6.991564E-2
3.845000E-8	6.966384E-2
3.850000E-8	6.947028E-2
3.855000E-8	6.932981E-2
3.860000E-8	6.924931E-2
3.865000E-8	6.924588E-2
3.870000E-8	6.931097E-2
3.875000E-8	6.943088E-2
3.880000E-8	6.958333E-2
3.885000E-8	6.972036E-2
3.890000E-8	6.982657E-2
3.895000E-8	6.992249E-2
3.900000E-8	6.999272E-2
3.905000E-8	7.000300E-2
3.910000E-8	6.995333E-2
3.915000E-8	6.986596E-2
3.920000E-8	6.974606E-2
3.925000E-8	6.958162E-2
3.930000E-8	6.940690E-2
3.935000E-8	6.925958E-2
3.940000E-8	6.917222E-2
3.945000E-8	6.912083E-2
3.950000E-8	6.909514E-2
3.955000E-8	6.911570E-2
3.960000E-8	6.918935E-2
3.965000E-8	6.927329E-2
3.970000E-8	6.936236E-2
3.975000E-8	6.947027E-2
3.980000E-8	6.957990E-2
3.985000E-8	6.966041E-2
3.990000E-8	6.971180E-2
3.995000E-8	6.975462E-2
4.000000E-8	6.978888E-2
4.005000E-8	6.980430E-2
4.010000E-8	6.979231E-2
4.015000E-8	6.976319E-2
4.020000E-8	6.971865E-2
4.025000E-8	6.966041E-2
4.030000E-8	6.958162E-2
4.035000E-8	6.948227E-2
4.040000E-8	6.938120E-2
4.045000E-8	6.928356E-2
4.050000E-8	6.919620E-2
4.055000E-8	6.911056E-2
4.060000E-8	6.902148E-2
4.065000E-8	6.892556E-2
4.070000E-8	6.882621E-2
4.075000E-8	6.873713E-2
4.080000E-8	6.866690E-2
4.085000E-8	6.861894E-2
4.090000E-8	6.862750E-2
4.095000E-8	6.870973E-2
4.100000E-8	6.880908E-2
4.105000E-8	6.890158E-2
4.110000E-8	6.900949E-2
4.115000E-8	6.912768E-2
4.120000E-8	6.920819E-2
4.125000E-8	6.925102E-2
4.130000E-8	6.926643E-2
4.135000E-8	6.922361E-2
4.140000E-8	6.911741E-2
4.145000E-8	6.899921E-2
4.150000E-8	6.889986E-2
4.155000E-8	6.881079E-2
4.160000E-8	6.873199E-2
4.165000E-8	6.867204E-2
4.170000E-8	6.862579E-2
4.175000E-8	6.861380E-2
4.180000E-8	6.865834E-2
4.185000E-8	6.871315E-2
4.190000E-8	6.874227E-2
4.195000E-8	6.876112E-2
4.200000E-8	6.878167E-2
4.205000E-8	6.877482E-2
4.210000E-8	6.869945E-2
4.215000E-8	6.857440E-2
4.220000E-8	6.842880E-2
4.225000E-8	6.829519E-2
4.230000E-8	6.819756E-2
4.235000E-8	6.809307E-2
4.240000E-8	6.798858E-2
4.245000E-8	6.794233E-2
4.250000E-8	6.795432E-2
4.255000E-8	6.799200E-2
4.260000E-8	6.804510E-2
4.265000E-8	6.812219E-2
4.270000E-8	6.818899E-2
4.275000E-8	6.823353E-2
4.280000E-8	6.830547E-2
4.285000E-8	6.839626E-2
4.290000E-8	6.846306E-2
4.295000E-8	6.850246E-2
4.300000E-8	6.854186E-2
4.305000E-8	6.854528E-2
4.310000E-8	6.851959E-2
4.315000E-8	6.848191E-2
4.320000E-8	6.842367E-2
4.325000E-8	6.834316E-2
4.330000E-8	6.827121E-2
4.335000E-8	6.822325E-2
4.340000E-8	6.818899E-2
4.345000E-8	6.819927E-2
4.350000E-8	6.824552E-2
4.355000E-8	6.829006E-2
4.360000E-8	6.834487E-2
4.365000E-8	6.842366E-2
4.370000E-8	6.850246E-2
4.375000E-8	6.856241E-2
4.380000E-8	6.861209E-2
4.385000E-8	6.862750E-2
4.390000E-8	6.858126E-2
4.395000E-8	6.847848E-2
4.400000E-8	6.834658E-2
4.405000E-8	6.818385E-2
4.410000E-8	6.798686E-2
4.415000E-8	6.778302E-2
4.420000E-8	6.763228E-2
4.425000E-8	6.751409E-2
4.430000E-8	6.742330E-2
4.435000E-8	6.739761E-2
4.440000E-8	6.744386E-2
4.445000E-8	6.753122E-2
4.450000E-8	6.763913E-2
4.455000E-8	6.776589E-2
4.460000E-8	6.787381E-2
4.465000E-8	6.793719E-2
4.470000E-8	6.796288E-2
4.475000E-8	6.796117E-2
4.480000E-8	6.792348E-2
4.485000E-8	6.787038E-2
4.490000E-8	6.780529E-2
4.495000E-8	6.772478E-2
4.500000E-8	6.764427E-2
4.505000E-8	6.758946E-2
4.510000E-8	6.756205E-2
4.515000E-8	6.755349E-2
4.520000E-8	6.758775E-2
4.525000E-8	6.764085E-2
4.530000E-8	6.768196E-2
4.535000E-8	6.768367E-2
4.540000E-8	6.765455E-2
4.545000E-8	6.761515E-2
4.550000E-8	6.755691E-2
4.555000E-8	6.747127E-2
4.560000E-8	6.739247E-2
4.565000E-8	6.733766E-2
4.570000E-8	6.727770E-2
4.575000E-8	6.725372E-2
4.580000E-8	6.730340E-2
4.585000E-8	6.739932E-2
4.590000E-8	6.750895E-2
4.595000E-8	6.765969E-2
4.600000E-8	6.782585E-2
4.605000E-8	6.794575E-2
4.610000E-8	6.801256E-2
4.615000E-8	6.805024E-2
4.620000E-8	6.803654E-2
4.625000E-8	6.796459E-2
4.630000E-8	6.783784E-2
4.635000E-8	6.768710E-2
4.640000E-8	6.752951E-2
4.645000E-8	6.737192E-2
4.650000E-8	6.721775E-2
4.655000E-8	6.709099E-2
4.660000E-8	6.698993E-2
4.665000E-8	6.691627E-2
4.670000E-8	6.685632E-2
4.675000E-8	6.683405E-2
4.680000E-8	6.683405E-2
4.685000E-8	6.683405E-2
4.690000E-8	6.681178E-2
4.695000E-8	6.677410E-2
4.700000E-8	6.674669E-2
4.705000E-8	6.673813E-2
4.710000E-8	6.671928E-2
4.715000E-8	6.669873E-2
4.720000E-8	6.670044E-2
4.725000E-8	6.671757E-2
4.730000E-8	6.670901E-2
4.735000E-8	6.665590E-2
4.740000E-8	6.657711E-2
4.745000E-8	6.650003E-2
4.750000E-8	6.642123E-2
4.755000E-8	6.633044E-2
4.760000E-8	6.623623E-2
4.765000E-8	6.615572E-2
4.770000E-8	6.608549E-2
4.775000E-8	6.605123E-2
4.780000E-8	6.607521E-2
4.785000E-8	6.615401E-2
4.790000E-8	6.625336E-2
4.795000E-8	6.638183E-2
4.800000E-8	6.653428E-2
4.805000E-8	6.667475E-2
4.810000E-8	6.676725E-2
4.815000E-8	6.685118E-2
4.820000E-8	6.693511E-2
4.825000E-8	6.697280E-2
4.830000E-8	6.695396E-2
4.835000E-8	6.691456E-2
4.840000E-8	6.685632E-2
4.845000E-8	6.678266E-2
4.850000E-8	6.670387E-2
4.855000E-8	6.662850E-2
4.860000E-8	6.655998E-2
4.865000E-8	6.651716E-2
4.870000E-8	6.650859E-2
4.875000E-8	6.650688E-2
4.880000E-8	6.652229E-2
4.885000E-8	6.654285E-2
4.890000E-8	6.652743E-2
4.895000E-8	6.648632E-2
4.900000E-8	6.645035E-2
4.905000E-8	6.638868E-2
4.910000E-8	6.629447E-2
4.915000E-8	6.622938E-2
4.920000E-8	6.621739E-2
4.925000E-8	6.620369E-2
4.930000E-8	6.617799E-2
4.935000E-8	6.615572E-2
4.940000E-8	6.615401E-2
4.945000E-8	6.616258E-2
4.950000E-8	6.615230E-2
4.955000E-8	6.612489E-2
4.960000E-8	6.610262E-2
4.965000E-8	6.608549E-2
4.970000E-8	6.605466E-2
4.975000E-8	6.600498E-2
4.980000E-8	6.595188E-2
4.985000E-8	6.590049E-2
4.990000E-8	6.584911E-2
4.995000E-8	6.580971E-2
5.000000E-8	6.579258E-2
5.005000E-8	6.578915E-2
5.010000E-8	6.581313E-2
5.015000E-8	6.586110E-2
5.020000E-8	6.590049E-2
5.025000E-8	6.592961E-2
5.030000E-8	6.596216E-2
5.035000E-8	6.597415E-2
5.040000E-8	6.595873E-2
5.045000E-8	6.593133E-2
5.050000E-8	6.588165E-2
5.055000E-8	6.578915E-2
5.060000E-8	6.569494E-2
5.065000E-8	6.560587E-2
5.070000E-8	6.551851E-2
5.075000E-8	6.545513E-2
5.080000E-8	6.543800E-2
5.085000E-8	6.543971E-2
5.090000E-8	6.546369E-2
5.095000E-8	6.554078E-2
5.100000E-8	6.566068E-2
5.105000E-8	6.576517E-2
5.110000E-8	6.584225E-2
5.115000E-8	6.590221E-2
5.120000E-8	6.593133E-2
5.125000E-8	6.590735E-2
5.130000E-8	6.582512E-2
5.135000E-8	6.572235E-2
5.140000E-8	6.559216E-2
5.145000E-8	6.544828E-2
5.150000E-8	6.529754E-2
5.155000E-8	6.514337E-2
5.160000E-8	6.501147E-2
5.165000E-8	6.490870E-2
5.170000E-8	6.480763E-2
5.175000E-8	6.470657E-2
5.180000E-8	6.465518E-2
5.185000E-8	6.464833E-2
5.190000E-8	6.463634E-2
5.195000E-8	6.462264E-2
5.200000E-8	6.465347E-2
5.205000E-8	6.470657E-2
5.210000E-8	6.474083E-2
5.215000E-8	6.476652E-2
5.220000E-8	6.479050E-2
5.225000E-8	6.480078E-2
5.230000E-8	6.481277E-2
5.235000E-8	6.483847E-2
5.240000E-8	6.486759E-2
5.245000E-8	6.488472E-2
5.250000E-8	6.491726E-2
5.255000E-8	6.493611E-2
5.260000E-8	6.496694E-2
5.265000E-8	6.502689E-2
5.270000E-8	6.509884E-2
5.275000E-8	6.514509E-2
5.280000E-8	6.518106E-2
5.285000E-8	6.520846E-2
5.290000E-8	6.518962E-2
5.295000E-8	6.512110E-2
5.300000E-8	6.502860E-2
5.305000E-8	6.490527E-2
5.310000E-8	6.473398E-2
5.315000E-8	6.455241E-2
5.320000E-8	6.439995E-2
5.325000E-8	6.427148E-2
5.330000E-8	6.418412E-2
5.335000E-8	6.416357E-2
5.340000E-8	6.420468E-2
5.345000E-8	6.429718E-2
5.350000E-8	6.441880E-2
5.355000E-8	6.455754E-2
5.360000E-8	6.473055E-2
5.365000E-8	6.491555E-2
5.370000E-8	6.505430E-2
5.375000E-8	6.512624E-2
5.380000E-8	6.515879E-2
5.385000E-8	6.513138E-2
5.390000E-8	6.502860E-2
5.395000E-8	6.489499E-2
5.400000E-8	6.476995E-2
5.405000E-8	6.463120E-2
5.410000E-8	6.448903E-2
5.415000E-8	6.437426E-2
5.420000E-8	6.430060E-2
5.425000E-8	6.425435E-2
5.430000E-8	6.426634E-2
5.435000E-8	6.430403E-2
5.440000E-8	6.436055E-2
5.445000E-8	6.442907E-2
5.450000E-8	6.449416E-2
5.455000E-8	6.453870E-2
5.460000E-8	6.457296E-2
5.465000E-8	6.458838E-2
5.470000E-8	6.455583E-2
5.475000E-8	6.449074E-2
5.480000E-8	6.442736E-2
5.485000E-8	6.434343E-2
5.490000E-8	6.422866E-2
5.495000E-8	6.414644E-2
5.500000E-8	6.411732E-2
5.505000E-8	6.412074E-2
5.510000E-8	6.415500E-2
5.515000E-8	6.423722E-2
5.520000E-8	6.432972E-2
5.525000E-8	6.441880E-2
5.530000E-8	6.452328E-2
5.535000E-8	6.463805E-2
5.540000E-8	6.473226E-2
5.545000E-8	6.481620E-2
5.550000E-8	6.487958E-2
5.555000E-8	6.488986E-2
5.560000E-8	6.484532E-2
5.565000E-8	6.476310E-2
5.570000E-8	6.461065E-2
5.575000E-8	6.439139E-2
5.580000E-8	6.418241E-2
5.585000E-8	6.400598E-2
5.590000E-8	6.383297E-2
5.595000E-8	6.370107E-2
5.600000E-8	6.364968E-2
5.605000E-8	6.365311E-2
5.610000E-8	6.367195E-2
5.615000E-8	6.371991E-2
5.620000E-8	6.379700E-2
5.625000E-8	6.388607E-2
5.630000E-8	6.396658E-2
5.635000E-8	6.401625E-2
5.640000E-8	6.403338E-2
5.645000E-8	6.403338E-2
5.650000E-8	6.400255E-2
5.655000E-8	6.393232E-2
5.660000E-8	6.387408E-2
5.665000E-8	6.385866E-2
5.670000E-8	6.382269E-2
5.675000E-8	6.376274E-2
5.680000E-8	6.373190E-2
5.685000E-8	6.373190E-2
5.690000E-8	6.372163E-2
5.695000E-8	6.369936E-2
5.700000E-8	6.367024E-2
5.705000E-8	6.361542E-2
5.710000E-8	6.354005E-2
5.715000E-8	6.347839E-2
5.720000E-8	6.343385E-2
5.725000E-8	6.340644E-2
5.730000E-8	6.339788E-2
5.735000E-8	6.340302E-2
5.740000E-8	6.342186E-2
5.745000E-8	6.341843E-2
5.750000E-8	6.339103E-2
5.755000E-8	6.336019E-2
5.760000E-8	6.332080E-2
5.765000E-8	6.326084E-2
5.770000E-8	6.317177E-2
5.775000E-8	6.305872E-2
5.780000E-8	6.295251E-2
5.785000E-8	6.286344E-2
5.790000E-8	6.278464E-2
5.795000E-8	6.270071E-2
5.800000E-8	6.264418E-2
5.805000E-8	6.262705E-2
5.810000E-8	6.262877E-2
5.815000E-8	6.263904E-2
5.820000E-8	6.268701E-2
5.825000E-8	6.277094E-2
5.830000E-8	6.284802E-2
5.835000E-8	6.290969E-2
5.840000E-8	6.297307E-2
5.845000E-8	6.302103E-2
5.850000E-8	6.304501E-2
5.855000E-8	6.304673E-2
5.860000E-8	6.302446E-2
5.865000E-8	6.298506E-2
5.870000E-8	6.294395E-2
5.875000E-8	6.291654E-2
5.880000E-8	6.291140E-2
5.885000E-8	6.290455E-2
5.890000E-8	6.288742E-2
5.895000E-8	6.288228E-2
5.900000E-8	6.289941E-2
5.905000E-8	6.291140E-2
5.910000E-8	6.290284E-2
5.915000E-8	6.288571E-2
5.920000E-8	6.285659E-2
5.925000E-8	6.282747E-2
5.930000E-8	6.279150E-2
5.935000E-8	6.275724E-2
5.940000E-8	6.274011E-2
5.945000E-8	6.273326E-2
5.950000E-8	6.274353E-2
5.955000E-8	6.275210E-2
5.960000E-8	6.278978E-2
5.965000E-8	6.284974E-2
5.970000E-8	6.290626E-2
5.975000E-8	6.295080E-2
5.980000E-8	6.299876E-2
5.985000E-8	6.303131E-2
5.990000E-8	6.303131E-2
5.995000E-8	6.299191E-2
6.000000E-8	6.291825E-2
6.005000E-8	6.281719E-2
6.010000E-8	6.269728E-2
6.015000E-8	6.257909E-2
6.020000E-8	6.247631E-2
6.025000E-8	6.239752E-2
6.030000E-8	6.236155E-2
6.035000E-8	6.239067E-2
6.040000E-8	6.245918E-2
6.045000E-8	6.254483E-2
6.050000E-8	6.265446E-2
6.055000E-8	6.275895E-2
6.060000E-8	6.283432E-2
6.065000E-8	6.289427E-2
6.070000E-8	6.295937E-2
6.075000E-8	6.298677E-2
6.080000E-8	6.296450E-2
6.085000E-8	6.292853E-2
6.090000E-8	6.288742E-2
6.095000E-8	6.283089E-2
6.100000E-8	6.278464E-2
6.105000E-8	6.275895E-2
6.110000E-8	6.272983E-2
6.115000E-8	6.271270E-2
6.120000E-8	6.272298E-2
6.125000E-8	6.272812E-2
6.130000E-8	6.271441E-2
6.135000E-8	6.268872E-2
6.140000E-8	6.263733E-2
6.145000E-8	6.253627E-2
6.150000E-8	6.240951E-2
6.155000E-8	6.227761E-2
6.160000E-8	6.212345E-2
6.165000E-8	6.196586E-2
6.170000E-8	6.182026E-2
6.175000E-8	6.167466E-2
6.180000E-8	6.154105E-2
6.185000E-8	6.142114E-2
6.190000E-8	6.133378E-2
6.195000E-8	6.126012E-2
6.200000E-8	6.118647E-2
6.205000E-8	6.114193E-2
6.210000E-8	6.113336E-2
6.215000E-8	6.114535E-2
6.220000E-8	6.115392E-2
6.225000E-8	6.117447E-2
6.230000E-8	6.122072E-2
6.235000E-8	6.126697E-2
6.240000E-8	6.129267E-2
6.245000E-8	6.131322E-2
6.250000E-8	6.136290E-2
6.255000E-8	6.142456E-2
6.260000E-8	6.148794E-2
6.265000E-8	6.156331E-2
6.270000E-8	6.166780E-2
6.275000E-8	6.180998E-2
6.280000E-8	6.198641E-2
6.285000E-8	6.216798E-2
6.290000E-8	6.233243E-2
6.295000E-8	6.245404E-2
6.300000E-8	6.252941E-2
6.305000E-8	6.256881E-2
6.310000E-8	6.254312E-2
6.315000E-8	6.247289E-2
6.320000E-8	6.238210E-2
6.325000E-8	6.224849E-2
6.330000E-8	6.206863E-2
6.335000E-8	6.186993E-2
6.340000E-8	6.167979E-2
6.345000E-8	6.150336E-2
6.350000E-8	6.137660E-2
6.355000E-8	6.131322E-2
6.360000E-8	6.128068E-2
6.365000E-8	6.125670E-2
6.370000E-8	6.126012E-2
6.375000E-8	6.127725E-2
6.380000E-8	6.130466E-2
6.385000E-8	6.132179E-2
6.390000E-8	6.132693E-2
6.395000E-8	6.133892E-2
6.400000E-8	6.136461E-2
6.405000E-8	6.139716E-2
6.410000E-8	6.143998E-2
6.415000E-8	6.152220E-2
6.420000E-8	6.162327E-2
6.425000E-8	6.171577E-2
6.430000E-8	6.178771E-2
6.435000E-8	6.183910E-2
6.440000E-8	6.184938E-2
6.445000E-8	6.182197E-2
6.450000E-8	6.173975E-2
6.455000E-8	6.162669E-2
6.460000E-8	6.152220E-2
6.465000E-8	6.145369E-2
6.470000E-8	6.138345E-2
6.475000E-8	6.132693E-2
6.480000E-8	6.130123E-2
6.485000E-8	6.129781E-2
6.490000E-8	6.129267E-2
6.495000E-8	6.132350E-2
6.500000E-8	6.139373E-2
6.505000E-8	6.145026E-2
6.510000E-8	6.147767E-2
6.515000E-8	6.149651E-2
6.520000E-8	6.151706E-2
6.525000E-8	6.149822E-2
6.530000E-8	6.145711E-2
6.535000E-8	6.143484E-2
6.540000E-8	6.142799E-2
6.545000E-8	6.141429E-2
6.550000E-8	6.140915E-2
6.555000E-8	6.143484E-2
6.560000E-8	6.144855E-2
6.565000E-8	6.142114E-2
6.570000E-8	6.136119E-2
6.575000E-8	6.128068E-2
6.580000E-8	6.117619E-2
6.585000E-8	6.106656E-2
6.590000E-8	6.096378E-2
6.595000E-8	6.085415E-2
6.600000E-8	6.076679E-2
6.605000E-8	6.071198E-2
6.610000E-8	6.066230E-2
6.615000E-8	6.062462E-2
6.620000E-8	6.060920E-2
6.625000E-8	6.061777E-2
6.630000E-8	6.064004E-2
6.635000E-8	6.066744E-2
6.640000E-8	6.069999E-2
6.645000E-8	6.074795E-2
6.650000E-8	6.080105E-2
6.655000E-8	6.082161E-2
6.660000E-8	6.081304E-2
6.665000E-8	6.081476E-2
6.670000E-8	6.082332E-2
6.675000E-8	6.080619E-2
6.680000E-8	6.077878E-2
6.685000E-8	6.075309E-2
6.690000E-8	6.070513E-2
6.695000E-8	6.063147E-2
6.700000E-8	6.056638E-2
6.705000E-8	6.049957E-2
6.710000E-8	6.043619E-2
6.715000E-8	6.039508E-2
6.720000E-8	6.038309E-2
6.725000E-8	6.039680E-2
6.730000E-8	6.044133E-2
6.735000E-8	6.050985E-2
6.740000E-8	6.057494E-2
6.745000E-8	6.062633E-2
6.750000E-8	6.067087E-2
6.755000E-8	6.071027E-2
6.760000E-8	6.073253E-2
6.765000E-8	6.072568E-2
6.770000E-8	6.068286E-2
6.775000E-8	6.061777E-2
6.780000E-8	6.053383E-2
6.785000E-8	6.044818E-2
6.790000E-8	6.038138E-2
6.795000E-8	6.032999E-2
6.800000E-8	6.027689E-2
6.805000E-8	6.024434E-2
6.810000E-8	6.024606E-2
6.815000E-8	6.027175E-2
6.820000E-8	6.029916E-2
6.825000E-8	6.032999E-2
6.830000E-8	6.035569E-2
6.835000E-8	6.038481E-2
6.840000E-8	6.043962E-2
6.845000E-8	6.050814E-2
6.850000E-8	6.054925E-2
6.855000E-8	6.056980E-2
6.860000E-8	6.060406E-2
6.865000E-8	6.064003E-2
6.870000E-8	6.065203E-2
6.875000E-8	6.065203E-2
6.880000E-8	6.065888E-2
6.885000E-8	6.064689E-2
6.890000E-8	6.060235E-2
6.895000E-8	6.053212E-2
6.900000E-8	6.044990E-2
6.905000E-8	6.035397E-2
6.910000E-8	6.025462E-2
6.915000E-8	6.014842E-2
6.920000E-8	6.006106E-2
6.925000E-8	5.999768E-2
6.930000E-8	5.993773E-2
6.935000E-8	5.988805E-2
6.940000E-8	5.983324E-2
6.945000E-8	5.976129E-2
6.950000E-8	5.966537E-2
6.955000E-8	5.957287E-2
6.960000E-8	5.948380E-2
6.965000E-8	5.938445E-2
6.970000E-8	5.930736E-2
6.975000E-8	5.927139E-2
6.980000E-8	5.926111E-2
6.985000E-8	5.925255E-2
6.990000E-8	5.927824E-2
6.995000E-8	5.933991E-2
7.000000E-8	5.941699E-2
7.005000E-8	5.952491E-2
7.010000E-8	5.966708E-2
7.015000E-8	5.980069E-2
7.020000E-8	5.989319E-2
7.025000E-8	5.998055E-2
7.030000E-8	6.005249E-2
7.035000E-8	6.007305E-2
7.040000E-8	6.004393E-2
7.045000E-8	5.995657E-2
7.050000E-8	5.981611E-2
7.055000E-8	5.964481E-2
7.060000E-8	5.945639E-2
7.065000E-8	5.926796E-2
7.070000E-8	5.908982E-2
7.075000E-8	5.896991E-2
7.080000E-8	5.892024E-2
7.085000E-8	5.892880E-2
7.090000E-8	5.900246E-2
7.095000E-8	5.914806E-2
7.100000E-8	5.933820E-2
7.105000E-8	5.951805E-2
7.110000E-8	5.967051E-2
7.115000E-8	5.979898E-2
7.120000E-8	5.990175E-2
7.125000E-8	5.994115E-2
7.130000E-8	5.990861E-2
7.135000E-8	5.982296E-2
7.140000E-8	5.970819E-2
7.145000E-8	5.959000E-2
7.150000E-8	5.949407E-2
7.155000E-8	5.942384E-2
7.160000E-8	5.938616E-2
7.165000E-8	5.939301E-2
7.170000E-8	5.944440E-2
7.175000E-8	5.952319E-2
7.180000E-8	5.960199E-2
7.185000E-8	5.966194E-2
7.190000E-8	5.969791E-2
7.195000E-8	5.968079E-2
7.200000E-8	5.961741E-2
7.205000E-8	5.953518E-2
7.210000E-8	5.943583E-2
7.215000E-8	5.931250E-2
7.220000E-8	5.919088E-2
7.225000E-8	5.907440E-2
7.230000E-8	5.896477E-2
7.235000E-8	5.887399E-2
7.240000E-8	5.882774E-2
7.245000E-8	5.880889E-2
7.250000E-8	5.878491E-2
7.255000E-8	5.876607E-2
7.260000E-8	5.875579E-2
7.265000E-8	5.873695E-2
7.270000E-8	5.871297E-2
7.275000E-8	5.870783E-2
7.280000E-8	5.872154E-2
7.285000E-8	5.871811E-2
7.290000E-8	5.871126E-2
7.295000E-8	5.872496E-2
7.300000E-8	5.877806E-2
7.305000E-8	5.885172E-2
7.310000E-8	5.892024E-2
7.315000E-8	5.897505E-2
7.320000E-8	5.903158E-2
7.325000E-8	5.905385E-2
7.330000E-8	5.903500E-2
7.335000E-8	5.899903E-2
7.340000E-8	5.896306E-2
7.345000E-8	5.890311E-2
7.350000E-8	5.882089E-2
7.355000E-8	5.874552E-2
7.360000E-8	5.869584E-2
7.365000E-8	5.867529E-2
7.370000E-8	5.868042E-2
7.375000E-8	5.871811E-2
7.380000E-8	5.879519E-2
7.385000E-8	5.887913E-2
7.390000E-8	5.894593E-2
7.395000E-8	5.900417E-2
7.400000E-8	5.904186E-2
7.405000E-8	5.902644E-2
7.410000E-8	5.896477E-2
7.415000E-8	5.887056E-2
7.420000E-8	5.875237E-2
7.425000E-8	5.861362E-2
7.430000E-8	5.849714E-2
7.435000E-8	5.841149E-2
7.440000E-8	5.834126E-2
7.445000E-8	5.828473E-2
7.450000E-8	5.825904E-2
7.455000E-8	5.827788E-2
7.460000E-8	5.833612E-2
7.465000E-8	5.841663E-2
7.470000E-8	5.848857E-2
7.475000E-8	5.855881E-2
7.480000E-8	5.864445E-2
7.485000E-8	5.871126E-2
7.490000E-8	5.872496E-2
7.495000E-8	5.870441E-2
7.500000E-8	5.865130E-2
7.505000E-8	5.854681E-2
7.510000E-8	5.839094E-2
7.515000E-8	5.824191E-2
7.520000E-8	5.813228E-2
7.525000E-8	5.805006E-2
7.530000E-8	5.797812E-2
7.535000E-8	5.794386E-2
7.540000E-8	5.795585E-2
7.545000E-8	5.797983E-2
7.550000E-8	5.802094E-2
7.555000E-8	5.807918E-2
7.560000E-8	5.813228E-2
7.565000E-8	5.816997E-2
7.570000E-8	5.819395E-2
7.575000E-8	5.819224E-2
7.580000E-8	5.816140E-2
7.585000E-8	5.813057E-2
7.590000E-8	5.809288E-2
7.595000E-8	5.804492E-2
7.600000E-8	5.800381E-2
7.605000E-8	5.798497E-2
7.610000E-8	5.796784E-2
7.615000E-8	5.795756E-2
7.620000E-8	5.797126E-2
7.625000E-8	5.799011E-2
7.630000E-8	5.799525E-2
7.635000E-8	5.798154E-2
7.640000E-8	5.795756E-2
7.645000E-8	5.793187E-2
7.650000E-8	5.789418E-2
7.655000E-8	5.784451E-2
7.660000E-8	5.779483E-2
7.665000E-8	5.775201E-2
7.670000E-8	5.770576E-2
7.675000E-8	5.765951E-2
7.680000E-8	5.763724E-2
7.685000E-8	5.763553E-2
7.690000E-8	5.764752E-2
7.695000E-8	5.767321E-2
7.700000E-8	5.773145E-2
7.705000E-8	5.780511E-2
7.710000E-8	5.787020E-2
7.715000E-8	5.793872E-2
7.720000E-8	5.802094E-2
7.725000E-8	5.807747E-2
7.730000E-8	5.808946E-2
7.735000E-8	5.806890E-2
7.740000E-8	5.804321E-2
7.745000E-8	5.798326E-2
7.750000E-8	5.787534E-2
7.755000E-8	5.773830E-2
7.760000E-8	5.759270E-2
7.765000E-8	5.743511E-2
7.770000E-8	5.727238E-2
7.775000E-8	5.713706E-2
7.780000E-8	5.703599E-2
7.785000E-8	5.697775E-2
7.790000E-8	5.696063E-2
7.795000E-8	5.700859E-2
7.800000E-8	5.711993E-2
7.805000E-8	5.724669E-2
7.810000E-8	5.735460E-2
7.815000E-8	5.749678E-2
7.820000E-8	5.766465E-2
7.825000E-8	5.779141E-2
7.830000E-8	5.786677E-2
7.835000E-8	5.792844E-2
7.840000E-8	5.795927E-2
7.845000E-8	5.793529E-2
7.850000E-8	5.787705E-2
7.855000E-8	5.779654E-2
7.860000E-8	5.766979E-2
7.865000E-8	5.754474E-2
7.870000E-8	5.744539E-2
7.875000E-8	5.733747E-2
7.880000E-8	5.721414E-2
7.885000E-8	5.711993E-2
7.890000E-8	5.703086E-2
7.895000E-8	5.693493E-2
7.900000E-8	5.686128E-2
7.905000E-8	5.682873E-2
7.910000E-8	5.681331E-2
7.915000E-8	5.680646E-2
7.920000E-8	5.679790E-2
7.925000E-8	5.679104E-2
7.930000E-8	5.680646E-2
7.935000E-8	5.682702E-2
7.940000E-8	5.682016E-2
7.945000E-8	5.680646E-2
7.950000E-8	5.680989E-2
7.955000E-8	5.680817E-2
7.960000E-8	5.677563E-2
7.965000E-8	5.673109E-2
7.970000E-8	5.668484E-2
7.975000E-8	5.662489E-2
7.980000E-8	5.655808E-2
7.985000E-8	5.650498E-2
7.990000E-8	5.648443E-2
7.995000E-8	5.649642E-2
8.000000E-8	5.654095E-2
8.005000E-8	5.662660E-2
8.010000E-8	5.674308E-2
8.015000E-8	5.687327E-2
8.020000E-8	5.702229E-2
8.025000E-8	5.717817E-2
8.030000E-8	5.730835E-2
8.035000E-8	5.740085E-2
8.040000E-8	5.747451E-2
8.045000E-8	5.751733E-2
8.050000E-8	5.748650E-2
8.055000E-8	5.737687E-2
8.060000E-8	5.722099E-2
8.065000E-8	5.706512E-2
8.070000E-8	5.691609E-2
8.075000E-8	5.676021E-2
8.080000E-8	5.661632E-2
8.085000E-8	5.651697E-2
8.090000E-8	5.647415E-2
8.095000E-8	5.644845E-2
8.100000E-8	5.642276E-2
8.105000E-8	5.641933E-2
8.110000E-8	5.645188E-2
8.115000E-8	5.648957E-2
8.120000E-8	5.653068E-2
8.125000E-8	5.658892E-2
8.130000E-8	5.667970E-2
8.135000E-8	5.677734E-2
8.140000E-8	5.685100E-2
8.145000E-8	5.690410E-2
8.150000E-8	5.695035E-2
8.155000E-8	5.696405E-2
8.160000E-8	5.693836E-2
8.165000E-8	5.688868E-2
8.170000E-8	5.682188E-2
8.175000E-8	5.669854E-2
8.180000E-8	5.653239E-2
8.185000E-8	5.635082E-2
8.190000E-8	5.616411E-2
8.195000E-8	5.600309E-2
8.200000E-8	5.589346E-2
8.205000E-8	5.583693E-2
8.210000E-8	5.582494E-2
8.215000E-8	5.588490E-2
8.220000E-8	5.599966E-2
8.225000E-8	5.613156E-2
8.230000E-8	5.627373E-2
8.235000E-8	5.642276E-2
8.240000E-8	5.653410E-2
8.245000E-8	5.657864E-2
8.250000E-8	5.658035E-2
8.255000E-8	5.656322E-2
8.260000E-8	5.652211E-2
8.265000E-8	5.645017E-2
8.270000E-8	5.634568E-2
8.275000E-8	5.626003E-2
8.280000E-8	5.620350E-2
8.285000E-8	5.617267E-2
8.290000E-8	5.616239E-2
8.295000E-8	5.616753E-2
8.300000E-8	5.619151E-2
8.305000E-8	5.623262E-2
8.310000E-8	5.626860E-2
8.315000E-8	5.627716E-2
8.320000E-8	5.628744E-2
8.325000E-8	5.630457E-2
8.330000E-8	5.629772E-2
8.335000E-8	5.627202E-2
8.340000E-8	5.625147E-2
8.345000E-8	5.622577E-2
8.350000E-8	5.619323E-2
8.355000E-8	5.615212E-2
8.360000E-8	5.610587E-2
8.365000E-8	5.605105E-2
8.370000E-8	5.599966E-2
8.375000E-8	5.594485E-2
8.380000E-8	5.588147E-2
8.385000E-8	5.581124E-2
8.390000E-8	5.574957E-2
8.395000E-8	5.568962E-2
8.400000E-8	5.565707E-2
8.405000E-8	5.565365E-2
8.410000E-8	5.565536E-2
8.415000E-8	5.565365E-2
8.420000E-8	5.566564E-2
8.425000E-8	5.569305E-2
8.430000E-8	5.570332E-2
8.435000E-8	5.570161E-2
8.440000E-8	5.571360E-2
8.445000E-8	5.573758E-2
8.450000E-8	5.574615E-2
8.455000E-8	5.573758E-2
8.460000E-8	5.572388E-2
8.465000E-8	5.569647E-2
8.470000E-8	5.563823E-2
8.475000E-8	5.560911E-2
8.480000E-8	5.562967E-2
8.485000E-8	5.563480E-2
8.490000E-8	5.561254E-2
8.495000E-8	5.565365E-2
8.500000E-8	5.576499E-2
8.505000E-8	5.586091E-2
8.510000E-8	5.592943E-2
8.515000E-8	5.600651E-2
8.520000E-8	5.607161E-2
8.525000E-8	5.609045E-2
8.530000E-8	5.608360E-2
8.535000E-8	5.605790E-2
8.540000E-8	5.603050E-2
8.545000E-8	5.598596E-2
8.550000E-8	5.592087E-2
8.555000E-8	5.587119E-2
8.560000E-8	5.586434E-2
8.565000E-8	5.587119E-2
8.570000E-8	5.586948E-2
8.575000E-8	5.589346E-2
8.580000E-8	5.593286E-2
8.585000E-8	5.594827E-2
8.590000E-8	5.594142E-2
8.595000E-8	5.593115E-2
8.600000E-8	5.591573E-2
8.605000E-8	5.588832E-2
8.610000E-8	5.583865E-2
8.615000E-8	5.578554E-2
8.620000E-8	5.573416E-2
8.625000E-8	5.567934E-2
8.630000E-8	5.560911E-2
8.635000E-8	5.554231E-2
8.640000E-8	5.547036E-2
8.645000E-8	5.537786E-2
8.650000E-8	5.527851E-2
8.655000E-8	5.518259E-2
8.660000E-8	5.506953E-2
8.665000E-8	5.495305E-2
8.670000E-8	5.484514E-2
8.675000E-8	5.474579E-2
8.680000E-8	5.468241E-2
8.685000E-8	5.468412E-2
8.690000E-8	5.470639E-2
8.695000E-8	5.473722E-2
8.700000E-8	5.479032E-2
8.705000E-8	5.484342E-2
8.710000E-8	5.488282E-2
8.715000E-8	5.492051E-2
8.720000E-8	5.496162E-2
8.725000E-8	5.498389E-2
8.730000E-8	5.498902E-2
8.735000E-8	5.501129E-2
8.740000E-8	5.505754E-2
8.745000E-8	5.513120E-2
8.750000E-8	5.521856E-2
8.755000E-8	5.530934E-2
8.760000E-8	5.541726E-2
8.765000E-8	5.554231E-2
8.770000E-8	5.564851E-2
8.775000E-8	5.572559E-2
8.780000E-8	5.577013E-2
8.785000E-8	5.577013E-2
8.790000E-8	5.573416E-2
8.795000E-8	5.567592E-2
8.800000E-8	5.558856E-2
8.805000E-8	5.547721E-2
8.810000E-8	5.535217E-2
8.815000E-8	5.524083E-2
8.820000E-8	5.512949E-2
8.825000E-8	5.503185E-2
8.830000E-8	5.494963E-2
8.835000E-8	5.490509E-2
8.840000E-8	5.490166E-2
8.845000E-8	5.493078E-2
8.850000E-8	5.497189E-2
8.855000E-8	5.501986E-2
8.860000E-8	5.510037E-2
8.865000E-8	5.521342E-2
8.870000E-8	5.530249E-2
8.875000E-8	5.535046E-2
8.880000E-8	5.538643E-2
8.885000E-8	5.538985E-2
8.890000E-8	5.534189E-2
8.895000E-8	5.527680E-2
8.900000E-8	5.522199E-2
8.905000E-8	5.513463E-2
8.910000E-8	5.501643E-2
8.915000E-8	5.494791E-2
8.920000E-8	5.493078E-2
8.925000E-8	5.491023E-2
8.930000E-8	5.488967E-2
8.935000E-8	5.489653E-2
8.940000E-8	5.491879E-2
8.945000E-8	5.492393E-2
8.950000E-8	5.490852E-2
8.955000E-8	5.489995E-2
8.960000E-8	5.489139E-2
8.965000E-8	5.482801E-2
8.970000E-8	5.471495E-2
8.975000E-8	5.460019E-2
8.980000E-8	5.449227E-2
8.985000E-8	5.436380E-2
8.990000E-8	5.421991E-2
8.995000E-8	5.408801E-2
9.000000E-8	5.398181E-2
9.005000E-8	5.392700E-2
9.010000E-8	5.393214E-2
9.015000E-8	5.394755E-2
9.020000E-8	5.396639E-2
9.025000E-8	5.402806E-2
9.030000E-8	5.411028E-2
9.035000E-8	5.418223E-2
9.040000E-8	5.424560E-2
9.045000E-8	5.430727E-2
9.050000E-8	5.435181E-2
9.055000E-8	5.437579E-2
9.060000E-8	5.439977E-2
9.065000E-8	5.441347E-2
9.070000E-8	5.442546E-2
9.075000E-8	5.443746E-2
9.080000E-8	5.444945E-2
9.085000E-8	5.444431E-2
9.090000E-8	5.444259E-2
9.095000E-8	5.443403E-2
9.100000E-8	5.440491E-2
9.105000E-8	5.435010E-2
9.110000E-8	5.429186E-2
9.115000E-8	5.423190E-2
9.120000E-8	5.416167E-2
9.125000E-8	5.408630E-2
9.130000E-8	5.401436E-2
9.135000E-8	5.391843E-2
9.140000E-8	5.382079E-2
9.145000E-8	5.375913E-2
9.150000E-8	5.375228E-2
9.155000E-8	5.376084E-2
9.160000E-8	5.378996E-2
9.165000E-8	5.383964E-2
9.170000E-8	5.390644E-2
9.175000E-8	5.398524E-2
9.180000E-8	5.408459E-2
9.185000E-8	5.418394E-2
9.190000E-8	5.425931E-2
9.195000E-8	5.430727E-2
9.200000E-8	5.433982E-2
9.205000E-8	5.437408E-2
9.210000E-8	5.439292E-2
9.215000E-8	5.439806E-2
9.220000E-8	5.441005E-2
9.225000E-8	5.442375E-2
9.230000E-8	5.441176E-2
9.235000E-8	5.440491E-2
9.240000E-8	5.441690E-2
9.245000E-8	5.441005E-2
9.250000E-8	5.436723E-2
9.255000E-8	5.431926E-2
9.260000E-8	5.425931E-2
9.265000E-8	5.416681E-2
9.270000E-8	5.407774E-2
9.275000E-8	5.399723E-2
9.280000E-8	5.390302E-2
9.285000E-8	5.381223E-2
9.290000E-8	5.375228E-2
9.295000E-8	5.368718E-2
9.300000E-8	5.360496E-2
9.305000E-8	5.353302E-2
9.310000E-8	5.347992E-2
9.315000E-8	5.345251E-2
9.320000E-8	5.346450E-2
9.325000E-8	5.349876E-2
9.330000E-8	5.353302E-2
9.335000E-8	5.357756E-2
9.340000E-8	5.364265E-2
9.345000E-8	5.370089E-2
9.350000E-8	5.373001E-2
9.355000E-8	5.371288E-2
9.360000E-8	5.367348E-2
9.365000E-8	5.364950E-2
9.370000E-8	5.362381E-2
9.375000E-8	5.355700E-2
9.380000E-8	5.348506E-2
9.385000E-8	5.345594E-2
9.390000E-8	5.345251E-2
9.395000E-8	5.345080E-2
9.400000E-8	5.348334E-2
9.405000E-8	5.352788E-2
9.410000E-8	5.356557E-2
9.415000E-8	5.361524E-2
9.420000E-8	5.366834E-2
9.425000E-8	5.369232E-2
9.430000E-8	5.370603E-2
9.435000E-8	5.371973E-2
9.440000E-8	5.370945E-2
9.445000E-8	5.367006E-2
9.450000E-8	5.362552E-2
9.455000E-8	5.358098E-2
9.460000E-8	5.353987E-2
9.465000E-8	5.351075E-2
9.470000E-8	5.351075E-2
9.475000E-8	5.354672E-2
9.480000E-8	5.358783E-2
9.485000E-8	5.359982E-2
9.490000E-8	5.359811E-2
9.495000E-8	5.360668E-2
9.500000E-8	5.359469E-2
9.505000E-8	5.353645E-2
9.510000E-8	5.346621E-2
9.515000E-8	5.339084E-2
9.520000E-8	5.328122E-2
9.525000E-8	5.315960E-2
9.530000E-8	5.306539E-2
9.535000E-8	5.299173E-2
9.540000E-8	5.293006E-2
9.545000E-8	5.291636E-2
9.550000E-8	5.295918E-2
9.555000E-8	5.301571E-2
9.560000E-8	5.309108E-2
9.565000E-8	5.319899E-2
9.570000E-8	5.332233E-2
9.575000E-8	5.341825E-2
9.580000E-8	5.349876E-2
9.585000E-8	5.354844E-2
9.590000E-8	5.355529E-2
9.595000E-8	5.353131E-2
9.600000E-8	5.347821E-2
9.605000E-8	5.338228E-2
9.610000E-8	5.328293E-2
9.615000E-8	5.319386E-2
9.620000E-8	5.311163E-2
9.625000E-8	5.303969E-2
9.630000E-8	5.299858E-2
9.635000E-8	5.297974E-2
9.640000E-8	5.297117E-2
9.645000E-8	5.297460E-2
9.650000E-8	5.297974E-2
9.655000E-8	5.297289E-2
9.660000E-8	5.295233E-2
9.665000E-8	5.292492E-2
9.670000E-8	5.288381E-2
9.675000E-8	5.284099E-2
9.680000E-8	5.280159E-2
9.685000E-8	5.275877E-2
9.690000E-8	5.272451E-2
9.695000E-8	5.270738E-2
9.700000E-8	5.269196E-2
9.705000E-8	5.265770E-2
9.710000E-8	5.262687E-2
9.715000E-8	5.260632E-2
9.720000E-8	5.256349E-2
9.725000E-8	5.249497E-2
9.730000E-8	5.244016E-2
9.735000E-8	5.240933E-2
9.740000E-8	5.239391E-2
9.745000E-8	5.239048E-2
9.750000E-8	5.240590E-2
9.755000E-8	5.242646E-2
9.760000E-8	5.246757E-2
9.765000E-8	5.252067E-2
9.770000E-8	5.254122E-2
9.775000E-8	5.254122E-2
9.780000E-8	5.254465E-2
9.785000E-8	5.253780E-2
9.790000E-8	5.249155E-2
9.795000E-8	5.244701E-2
9.800000E-8	5.241961E-2
9.805000E-8	5.237507E-2
9.810000E-8	5.231169E-2
9.815000E-8	5.227914E-2
9.820000E-8	5.228257E-2
9.825000E-8	5.229627E-2
9.830000E-8	5.231511E-2
9.835000E-8	5.233396E-2
9.840000E-8	5.233396E-2
9.845000E-8	5.232882E-2
9.850000E-8	5.230826E-2
9.855000E-8	5.228257E-2
9.860000E-8	5.224488E-2
9.865000E-8	5.220549E-2
9.870000E-8	5.217294E-2
9.875000E-8	5.216951E-2
9.880000E-8	5.220035E-2
9.885000E-8	5.224831E-2
9.890000E-8	5.231511E-2
9.895000E-8	5.238877E-2
9.900000E-8	5.244359E-2
9.905000E-8	5.247613E-2
9.910000E-8	5.248470E-2
9.915000E-8	5.247099E-2
9.920000E-8	5.242646E-2
9.925000E-8	5.236822E-2
9.930000E-8	5.229113E-2
9.935000E-8	5.220891E-2
9.940000E-8	5.214553E-2
9.945000E-8	5.208387E-2
9.950000E-8	5.202905E-2
9.955000E-8	5.202905E-2
9.960000E-8	5.210614E-2
9.965000E-8	5.221576E-2
9.970000E-8	5.233396E-2
9.975000E-8	5.244873E-2
9.980000E-8	5.255321E-2
9.985000E-8	5.263372E-2
9.990000E-8	5.267826E-2
9.995000E-8	5.267141E-2
1.000000E-7	5.261146E-2
1.000500E-7	5.253437E-2
1.001000E-7	5.246243E-2
1.001500E-7	5.236479E-2
1.002000E-7	5.223289E-2
1.002500E-7	5.210442E-2
1.003000E-7	5.200850E-2
1.003500E-7	5.192799E-2
1.004000E-7	5.186290E-2
1.004500E-7	5.183892E-2
1.005000E-7	5.184577E-2
1.005500E-7	5.185604E-2
1.006000E-7	5.188859E-2
1.006500E-7	5.193655E-2
1.007000E-7	5.195368E-2
1.007500E-7	5.197252E-2
1.008000E-7	5.199308E-2
1.008500E-7	5.197081E-2
1.009000E-7	5.192628E-2
1.009500E-7	5.190743E-2
1.010000E-7	5.185776E-2
1.010500E-7	5.175498E-2
1.011000E-7	5.166419E-2
1.011500E-7	5.160938E-2
1.012000E-7	5.155799E-2
1.012500E-7	5.155971E-2
1.013000E-7	5.161623E-2
1.013500E-7	5.167790E-2
1.014000E-7	5.174642E-2
1.014500E-7	5.184234E-2
1.015000E-7	5.192970E-2
1.015500E-7	5.198623E-2
1.016000E-7	5.203933E-2
1.016500E-7	5.205817E-2
1.017000E-7	5.201706E-2
1.017500E-7	5.196225E-2
1.018000E-7	5.189544E-2
1.018500E-7	5.180123E-2
1.019000E-7	5.170188E-2
1.019500E-7	5.163850E-2
1.020000E-7	5.159225E-2
1.020500E-7	5.155799E-2
1.021000E-7	5.154943E-2
1.021500E-7	5.156142E-2
1.022000E-7	5.159054E-2
1.022500E-7	5.162994E-2
1.023000E-7	5.168304E-2
1.023500E-7	5.173614E-2
1.024000E-7	5.176526E-2
1.024500E-7	5.177211E-2
1.025000E-7	5.177211E-2
1.025500E-7	5.177725E-2
1.026000E-7	5.177040E-2
1.026500E-7	5.173100E-2
1.027000E-7	5.165563E-2
1.027500E-7	5.158369E-2
1.028000E-7	5.153230E-2
1.028500E-7	5.146892E-2
1.029000E-7	5.139184E-2
1.029500E-7	5.134216E-2
1.030000E-7	5.131818E-2
1.030500E-7	5.128563E-2
1.031000E-7	5.126508E-2
1.031500E-7	5.127707E-2
1.032000E-7	5.130448E-2
1.032500E-7	5.133874E-2
1.033000E-7	5.137813E-2
1.033500E-7	5.140725E-2
1.034000E-7	5.144323E-2
1.034500E-7	5.151860E-2
1.035000E-7	5.160424E-2
1.035500E-7	5.167447E-2
1.036000E-7	5.177725E-2
1.036500E-7	5.191257E-2
1.037000E-7	5.202563E-2
1.037500E-7	5.212669E-2
1.038000E-7	5.220891E-2
1.038500E-7	5.225002E-2
1.039000E-7	5.223461E-2
1.039500E-7	5.218150E-2
1.040000E-7	5.207873E-2
1.040500E-7	5.192628E-2
1.041000E-7	5.176526E-2
1.041500E-7	5.162651E-2
1.042000E-7	5.151174E-2
1.042500E-7	5.144836E-2
1.043000E-7	5.143809E-2
1.043500E-7	5.147406E-2
1.044000E-7	5.153744E-2
1.044500E-7	5.159910E-2
1.045000E-7	5.166420E-2
1.045500E-7	5.170702E-2
1.046000E-7	5.169845E-2
1.046500E-7	5.164364E-2
1.047000E-7	5.157684E-2
1.047500E-7	5.147577E-2
1.048000E-7	5.134901E-2
1.048500E-7	5.124624E-2
1.049000E-7	5.115545E-2
1.049500E-7	5.107323E-2
1.050000E-7	5.104068E-2
1.050500E-7	5.107323E-2
1.051000E-7	5.112290E-2
1.051500E-7	5.118286E-2
1.052000E-7	5.127193E-2
1.052500E-7	5.135758E-2
1.053000E-7	5.141239E-2
1.053500E-7	5.144665E-2
1.054000E-7	5.143637E-2
1.054500E-7	5.136957E-2
1.055000E-7	5.128221E-2
1.055500E-7	5.118971E-2
1.056000E-7	5.108693E-2
1.056500E-7	5.098587E-2
1.057000E-7	5.088480E-2
1.057500E-7	5.078545E-2
1.058000E-7	5.072721E-2
1.058500E-7	5.071180E-2
1.059000E-7	5.070837E-2
1.059500E-7	5.071522E-2
1.060000E-7	5.075805E-2
1.060500E-7	5.081115E-2
1.061000E-7	5.084027E-2
1.061500E-7	5.085740E-2
1.062000E-7	5.086082E-2
1.062500E-7	5.082999E-2
1.063000E-7	5.076661E-2
1.063500E-7	5.069467E-2
1.064000E-7	5.060731E-2
1.064500E-7	5.050282E-2
1.065000E-7	5.041546E-2
1.065500E-7	5.035208E-2
1.066000E-7	5.029384E-2
1.066500E-7	5.025444E-2
1.067000E-7	5.026814E-2
1.067500E-7	5.033152E-2
1.068000E-7	5.041546E-2
1.068500E-7	5.050967E-2
1.069000E-7	5.059360E-2
1.069500E-7	5.067582E-2
1.070000E-7	5.075805E-2
1.070500E-7	5.081629E-2
1.071000E-7	5.082656E-2
1.071500E-7	5.080601E-2
1.072000E-7	5.078203E-2
1.072500E-7	5.074092E-2
1.073000E-7	5.065527E-2
1.073500E-7	5.054393E-2
1.074000E-7	5.045485E-2
1.074500E-7	5.040518E-2
1.075000E-7	5.036749E-2
1.075500E-7	5.031611E-2
1.076000E-7	5.028185E-2
1.076500E-7	5.026643E-2
1.077000E-7	5.024588E-2
1.077500E-7	5.020477E-2
1.078000E-7	5.016194E-2
1.078500E-7	5.010884E-2
1.079000E-7	5.004204E-2
1.079500E-7	4.996838E-2
1.080000E-7	4.992384E-2
1.080500E-7	4.989472E-2
1.081000E-7	4.986560E-2
1.081500E-7	4.983648E-2
1.082000E-7	4.982449E-2
1.082500E-7	4.984505E-2
1.083000E-7	4.988787E-2
1.083500E-7	4.992555E-2
1.084000E-7	4.995467E-2
1.084500E-7	4.998551E-2
1.085000E-7	5.000264E-2
1.085500E-7	5.001805E-2
1.086000E-7	5.003518E-2
1.086500E-7	5.003861E-2
1.087000E-7	5.001463E-2
1.087500E-7	4.999921E-2
1.088000E-7	5.000778E-2
1.088500E-7	5.002491E-2
1.089000E-7	5.003518E-2
1.089500E-7	5.003690E-2
1.090000E-7	5.004889E-2
1.090500E-7	5.005231E-2
1.091000E-7	5.002319E-2
1.091500E-7	4.998551E-2
1.092000E-7	4.997694E-2
1.092500E-7	4.998208E-2
1.093000E-7	4.997523E-2
1.093500E-7	4.998893E-2
1.094000E-7	5.006088E-2
1.094500E-7	5.015509E-2
1.095000E-7	5.024074E-2
1.095500E-7	5.031268E-2
1.096000E-7	5.039148E-2
1.096500E-7	5.042916E-2
1.097000E-7	5.042402E-2
1.097500E-7	5.039490E-2
1.098000E-7	5.035036E-2
1.098500E-7	5.028699E-2
1.099000E-7	5.020476E-2
1.099500E-7	5.012768E-2
1.100000E-7	5.006602E-2
1.100500E-7	5.003347E-2
1.101000E-7	5.002662E-2
1.101500E-7	5.003347E-2
1.102000E-7	5.006088E-2
1.102500E-7	5.009856E-2
1.103000E-7	5.011740E-2
1.103500E-7	5.011055E-2
1.104000E-7	5.009000E-2
1.104500E-7	5.003176E-2
1.105000E-7	4.993412E-2
1.105500E-7	4.982620E-2
1.106000E-7	4.971315E-2
1.106500E-7	4.957611E-2
1.107000E-7	4.944422E-2
1.107500E-7	4.934487E-2
1.108000E-7	4.927806E-2
1.108500E-7	4.924380E-2
1.109000E-7	4.925065E-2
1.109500E-7	4.929690E-2
1.110000E-7	4.935514E-2
1.110500E-7	4.941681E-2
1.111000E-7	4.946306E-2
1.111500E-7	4.950931E-2
1.112000E-7	4.956241E-2
1.112500E-7	4.959667E-2
1.113000E-7	4.960181E-2
1.113500E-7	4.960866E-2
1.114000E-7	4.962065E-2
1.114500E-7	4.962921E-2
1.115000E-7	4.962408E-2
1.115500E-7	4.961722E-2
1.116000E-7	4.961037E-2
1.116500E-7	4.960866E-2
1.117000E-7	4.958982E-2
1.117500E-7	4.952644E-2
1.118000E-7	4.945278E-2
1.118500E-7	4.938769E-2
1.119000E-7	4.931061E-2
1.119500E-7	4.920954E-2
1.120000E-7	4.912389E-2
1.120500E-7	4.907251E-2
1.121000E-7	4.902968E-2
1.121500E-7	4.898857E-2
1.122000E-7	4.896973E-2
1.122500E-7	4.897829E-2
1.123000E-7	4.900741E-2
1.123500E-7	4.905880E-2
1.124000E-7	4.913417E-2
1.124500E-7	4.922838E-2
1.125000E-7	4.931232E-2
1.125500E-7	4.938940E-2
1.126000E-7	4.948019E-2
1.126500E-7	4.959153E-2
1.127000E-7	4.969945E-2
1.127500E-7	4.978338E-2
1.128000E-7	4.984162E-2
1.128500E-7	4.988273E-2
1.129000E-7	4.988616E-2
1.129500E-7	4.985532E-2
1.130000E-7	4.978167E-2
1.130500E-7	4.967375E-2
1.131000E-7	4.952644E-2
1.131500E-7	4.935172E-2
1.132000E-7	4.918899E-2
1.132500E-7	4.905538E-2
1.133000E-7	4.897487E-2
1.133500E-7	4.895260E-2
1.134000E-7	4.898001E-2
1.134500E-7	4.902968E-2
1.135000E-7	4.908278E-2
1.135500E-7	4.915815E-2
1.136000E-7	4.925408E-2
1.136500E-7	4.934486E-2
1.137000E-7	4.938598E-2
1.137500E-7	4.937398E-2
1.138000E-7	4.932431E-2
1.138500E-7	4.923352E-2
1.139000E-7	4.910334E-2
1.139500E-7	4.897658E-2
1.140000E-7	4.886695E-2
1.140500E-7	4.875561E-2
1.141000E-7	4.866654E-2
1.141500E-7	4.863399E-2
1.142000E-7	4.865969E-2
1.142500E-7	4.871279E-2
1.143000E-7	4.879158E-2
1.143500E-7	4.890464E-2
1.144000E-7	4.902626E-2
1.144500E-7	4.911190E-2
1.145000E-7	4.914445E-2
1.145500E-7	4.913589E-2
1.146000E-7	4.910163E-2
1.146500E-7	4.903996E-2
1.147000E-7	4.894917E-2
1.147500E-7	4.885496E-2
1.148000E-7	4.876932E-2
1.148500E-7	4.869395E-2
1.149000E-7	4.863571E-2
1.149500E-7	4.860487E-2
1.150000E-7	4.859631E-2
1.150500E-7	4.858260E-2
1.151000E-7	4.857404E-2
1.151500E-7	4.857918E-2
1.152000E-7	4.856376E-2
1.152500E-7	4.851237E-2
1.153000E-7	4.845756E-2
1.153500E-7	4.841987E-2
1.154000E-7	4.839418E-2
1.154500E-7	4.837534E-2
1.155000E-7	4.838562E-2
1.155500E-7	4.843872E-2
1.156000E-7	4.851409E-2
1.156500E-7	4.861686E-2
1.157000E-7	4.874705E-2
1.157500E-7	4.890121E-2
1.158000E-7	4.907251E-2
1.158500E-7	4.921982E-2
1.159000E-7	4.932945E-2
1.159500E-7	4.940482E-2
1.160000E-7	4.943908E-2
1.160500E-7	4.943394E-2
1.161000E-7	4.938940E-2
1.161500E-7	4.929519E-2
1.162000E-7	4.916843E-2
1.162500E-7	4.904339E-2
1.163000E-7	4.893204E-2
1.163500E-7	4.882927E-2
1.164000E-7	4.874705E-2
1.164500E-7	4.871279E-2
1.165000E-7	4.872649E-2
1.165500E-7	4.876931E-2
1.166000E-7	4.883098E-2
1.166500E-7	4.889779E-2
1.167000E-7	4.895774E-2
1.167500E-7	4.900399E-2
1.168000E-7	4.900913E-2
1.168500E-7	4.895260E-2
1.169000E-7	4.885668E-2
1.169500E-7	4.873677E-2
1.170000E-7	4.860487E-2
1.170500E-7	4.846612E-2
1.171000E-7	4.834964E-2
1.171500E-7	4.828284E-2
1.172000E-7	4.825886E-2
1.172500E-7	4.824687E-2
1.173000E-7	4.826742E-2
1.173500E-7	4.835478E-2
1.174000E-7	4.847983E-2
1.174500E-7	4.857747E-2
1.175000E-7	4.865797E-2
1.175500E-7	4.874362E-2
1.176000E-7	4.881385E-2
1.176500E-7	4.883269E-2
1.177000E-7	4.880015E-2
1.177500E-7	4.872307E-2
1.178000E-7	4.861858E-2
1.178500E-7	4.849524E-2
1.179000E-7	4.833765E-2
1.179500E-7	4.814752E-2
1.180000E-7	4.797793E-2
1.180500E-7	4.785974E-2
1.181000E-7	4.776382E-2
1.181500E-7	4.765933E-2
1.182000E-7	4.759081E-2
1.182500E-7	4.755997E-2
1.183000E-7	4.755655E-2
1.183500E-7	4.756854E-2
1.184000E-7	4.762164E-2
1.184500E-7	4.769872E-2
1.185000E-7	4.777409E-2
1.185500E-7	4.785289E-2
1.186000E-7	4.793168E-2
1.186500E-7	4.798821E-2
1.187000E-7	4.802247E-2
1.187500E-7	4.804131E-2
1.188000E-7	4.804645E-2
1.188500E-7	4.802932E-2
1.189000E-7	4.799335E-2
1.189500E-7	4.796252E-2
1.190000E-7	4.795567E-2
1.190500E-7	4.794881E-2
1.191000E-7	4.793854E-2
1.191500E-7	4.795567E-2
1.192000E-7	4.800534E-2
1.192500E-7	4.804988E-2
1.193000E-7	4.807557E-2
1.193500E-7	4.809441E-2
1.194000E-7	4.808585E-2
1.194500E-7	4.803617E-2
1.195000E-7	4.796080E-2
1.195500E-7	4.786145E-2
1.196000E-7	4.775868E-2
1.196500E-7	4.767646E-2
1.197000E-7	4.760451E-2
1.197500E-7	4.754285E-2
1.198000E-7	4.754456E-2
1.198500E-7	4.761479E-2
1.199000E-7	4.769016E-2
1.199500E-7	4.776382E-2
1.200000E-7	4.788201E-2
1.200500E-7	4.799849E-2
1.201000E-7	4.806529E-2
1.201500E-7	4.809099E-2
1.202000E-7	4.809441E-2
1.202500E-7	4.806701E-2
1.203000E-7	4.801562E-2
1.203500E-7	4.792826E-2
1.204000E-7	4.780664E-2
1.204500E-7	4.767474E-2
1.205000E-7	4.755826E-2
1.205500E-7	4.745891E-2
1.206000E-7	4.738012E-2
1.206500E-7	4.733387E-2
1.207000E-7	4.728248E-2
1.207500E-7	4.721739E-2
1.208000E-7	4.717114E-2
1.208500E-7	4.714715E-2
1.209000E-7	4.711975E-2
1.209500E-7	4.710262E-2
1.210000E-7	4.712317E-2
1.210500E-7	4.716086E-2
1.211000E-7	4.720197E-2
1.211500E-7	4.727049E-2
1.212000E-7	4.734928E-2
1.212500E-7	4.739896E-2
1.213000E-7	4.742123E-2
1.213500E-7	4.742979E-2
1.214000E-7	4.742636E-2
1.214500E-7	4.739724E-2
1.215000E-7	4.735099E-2
1.215500E-7	4.729618E-2
1.216000E-7	4.722252E-2
1.216500E-7	4.715914E-2
1.217000E-7	4.711975E-2
1.217500E-7	4.711118E-2
1.218000E-7	4.713174E-2
1.218500E-7	4.716942E-2
1.219000E-7	4.721053E-2
1.219500E-7	4.726706E-2
1.220000E-7	4.734072E-2
1.220500E-7	4.740410E-2
1.221000E-7	4.744521E-2
1.221500E-7	4.748118E-2
1.222000E-7	4.752572E-2
1.222500E-7	4.755141E-2
1.223000E-7	4.755484E-2
1.223500E-7	4.755998E-2
1.224000E-7	4.755826E-2
1.224500E-7	4.753942E-2
1.225000E-7	4.750687E-2
1.225500E-7	4.747433E-2
1.226000E-7	4.744349E-2
1.226500E-7	4.739553E-2
1.227000E-7	4.733558E-2
1.227500E-7	4.728419E-2
1.228000E-7	4.724479E-2
1.228500E-7	4.720368E-2
1.229000E-7	4.714544E-2
1.229500E-7	4.709577E-2
1.230000E-7	4.706322E-2
1.230500E-7	4.703924E-2
1.231000E-7	4.700155E-2
1.231500E-7	4.695359E-2
1.232000E-7	4.692105E-2
1.232500E-7	4.690734E-2
1.233000E-7	4.685938E-2
1.233500E-7	4.678915E-2
1.234000E-7	4.673433E-2
1.234500E-7	4.668980E-2
1.235000E-7	4.661614E-2
1.235500E-7	4.652878E-2
1.236000E-7	4.648424E-2
1.236500E-7	4.646369E-2
1.237000E-7	4.646198E-2
1.237500E-7	4.647910E-2
1.238000E-7	4.651165E-2
1.238500E-7	4.657160E-2
1.239000E-7	4.667781E-2
1.239500E-7	4.681142E-2
1.240000E-7	4.695873E-2
1.240500E-7	4.712146E-2
1.241000E-7	4.728590E-2
1.241500E-7	4.743150E-2
1.242000E-7	4.755655E-2
1.242500E-7	4.763192E-2
1.243000E-7	4.763363E-2
1.243500E-7	4.759595E-2
1.244000E-7	4.753086E-2
1.244500E-7	4.740924E-2
1.245000E-7	4.723794E-2
1.245500E-7	4.706836E-2
1.246000E-7	4.691077E-2
1.246500E-7	4.675832E-2
1.247000E-7	4.663156E-2
1.247500E-7	4.656475E-2
1.248000E-7	4.654591E-2
1.248500E-7	4.655961E-2
1.249000E-7	4.660072E-2
1.249500E-7	4.665725E-2
1.250000E-7	4.670864E-2
1.250500E-7	4.674632E-2
1.251000E-7	4.676517E-2
1.251500E-7	4.675318E-2
1.252000E-7	4.668808E-2
1.252500E-7	4.657846E-2
1.253000E-7	4.646540E-2
1.253500E-7	4.637462E-2
1.254000E-7	4.628383E-2
1.254500E-7	4.619647E-2
1.255000E-7	4.613309E-2
1.255500E-7	4.612966E-2
1.256000E-7	4.617591E-2
1.256500E-7	4.625471E-2
1.257000E-7	4.636091E-2
1.257500E-7	4.649110E-2
1.258000E-7	4.662471E-2
1.258500E-7	4.673091E-2
1.259000E-7	4.678572E-2
1.259500E-7	4.677716E-2
1.260000E-7	4.672748E-2
1.260500E-7	4.663327E-2
1.261000E-7	4.649281E-2
1.261500E-7	4.633351E-2
1.262000E-7	4.621702E-2
1.262500E-7	4.615878E-2
1.263000E-7	4.612795E-2
1.263500E-7	4.613823E-2
1.264000E-7	4.620503E-2
1.264500E-7	4.631638E-2
1.265000E-7	4.645341E-2
1.265500E-7	4.659901E-2
1.266000E-7	4.672577E-2
1.266500E-7	4.680456E-2
1.267000E-7	4.683711E-2
1.267500E-7	4.682512E-2
1.268000E-7	4.676003E-2
1.268500E-7	4.665896E-2
1.269000E-7	4.654077E-2
1.269500E-7	4.642429E-2
1.270000E-7	4.633693E-2
1.270500E-7	4.628040E-2
1.271000E-7	4.622902E-2
1.271500E-7	4.616735E-2
1.272000E-7	4.613652E-2
1.272500E-7	4.613823E-2
1.273000E-7	4.613138E-2
1.273500E-7	4.609712E-2
1.274000E-7	4.606115E-2
1.274500E-7	4.600462E-2
1.275000E-7	4.592582E-2
1.275500E-7	4.585731E-2
1.276000E-7	4.581106E-2
1.276500E-7	4.575795E-2
1.277000E-7	4.570828E-2
1.277500E-7	4.568430E-2
1.278000E-7	4.567916E-2
1.278500E-7	4.568259E-2
1.279000E-7	4.571171E-2
1.279500E-7	4.578365E-2
1.280000E-7	4.587957E-2
1.280500E-7	4.598578E-2
1.281000E-7	4.608513E-2
1.281500E-7	4.617249E-2
1.282000E-7	4.623758E-2
1.282500E-7	4.625814E-2
1.283000E-7	4.623758E-2
1.283500E-7	4.620161E-2
1.284000E-7	4.615707E-2
1.284500E-7	4.606629E-2
1.285000E-7	4.593781E-2
1.285500E-7	4.582476E-2
1.286000E-7	4.573226E-2
1.286500E-7	4.563805E-2
1.287000E-7	4.556439E-2
1.287500E-7	4.553185E-2
1.288000E-7	4.555411E-2
1.288500E-7	4.561407E-2
1.289000E-7	4.567916E-2
1.289500E-7	4.574768E-2
1.290000E-7	4.583846E-2
1.290500E-7	4.593439E-2
1.291000E-7	4.597892E-2
1.291500E-7	4.599092E-2
1.292000E-7	4.598578E-2
1.292500E-7	4.594638E-2
1.293000E-7	4.586587E-2
1.293500E-7	4.577680E-2
1.294000E-7	4.569286E-2
1.294500E-7	4.560722E-2
1.295000E-7	4.553185E-2
1.295500E-7	4.548902E-2
1.296000E-7	4.547532E-2
1.296500E-7	4.548388E-2
1.297000E-7	4.551986E-2
1.297500E-7	4.559522E-2
1.298000E-7	4.570999E-2
1.298500E-7	4.583161E-2
1.299000E-7	4.593096E-2
1.299500E-7	4.600633E-2
1.300000E-7	4.606971E-2
1.300500E-7	4.612281E-2
1.301000E-7	4.615193E-2
1.301500E-7	4.615193E-2
1.302000E-7	4.612624E-2
1.302500E-7	4.609369E-2
1.303000E-7	4.604916E-2
1.303500E-7	4.598578E-2
1.304000E-7	4.592069E-2
1.304500E-7	4.587272E-2
1.305000E-7	4.583332E-2
1.305500E-7	4.580420E-2
1.306000E-7	4.578879E-2
1.306500E-7	4.579221E-2
1.307000E-7	4.579564E-2
1.307500E-7	4.578536E-2
1.308000E-7	4.575624E-2
1.308500E-7	4.569800E-2
1.309000E-7	4.560208E-2
1.309500E-7	4.548560E-2
1.310000E-7	4.538282E-2
1.310500E-7	4.529717E-2
1.311000E-7	4.523037E-2
1.311500E-7	4.520810E-2
1.312000E-7	4.523551E-2
1.312500E-7	4.528004E-2
1.313000E-7	4.534342E-2
1.313500E-7	4.543592E-2
1.314000E-7	4.554212E-2
1.314500E-7	4.562948E-2
1.315000E-7	4.567916E-2
1.315500E-7	4.570828E-2
1.316000E-7	4.572198E-2
1.316500E-7	4.569458E-2
1.317000E-7	4.562092E-2
1.317500E-7	4.553185E-2
1.318000E-7	4.544277E-2
1.318500E-7	4.535199E-2
1.319000E-7	4.526120E-2
1.319500E-7	4.517213E-2
1.320000E-7	4.508477E-2
1.320500E-7	4.501454E-2
1.321000E-7	4.497514E-2
1.321500E-7	4.494088E-2
1.322000E-7	4.486722E-2
1.322500E-7	4.476616E-2
1.323000E-7	4.466681E-2
1.323500E-7	4.456232E-2
1.324000E-7	4.446125E-2
1.324500E-7	4.437903E-2
1.325000E-7	4.432251E-2
1.325500E-7	4.430024E-2
1.326000E-7	4.434135E-2
1.326500E-7	4.442700E-2
1.327000E-7	4.451949E-2
1.327500E-7	4.461885E-2
1.328000E-7	4.475417E-2
1.328500E-7	4.491005E-2
1.329000E-7	4.502824E-2
1.329500E-7	4.510018E-2
1.330000E-7	4.514815E-2
1.330500E-7	4.516185E-2
1.331000E-7	4.511731E-2
1.331500E-7	4.503509E-2
1.332000E-7	4.494944E-2
1.332500E-7	4.486894E-2
1.333000E-7	4.480213E-2
1.333500E-7	4.475759E-2
1.334000E-7	4.474389E-2
1.334500E-7	4.477472E-2
1.335000E-7	4.482954E-2
1.335500E-7	4.491005E-2
1.336000E-7	4.502481E-2
1.336500E-7	4.515842E-2
1.337000E-7	4.527662E-2
1.337500E-7	4.538967E-2
1.338000E-7	4.549416E-2
1.338500E-7	4.556268E-2
1.339000E-7	4.560208E-2
1.339500E-7	4.562435E-2
1.340000E-7	4.560893E-2
1.340500E-7	4.556953E-2
1.341000E-7	4.550273E-2
1.341500E-7	4.538453E-2
1.342000E-7	4.522694E-2
1.342500E-7	4.508819E-2
1.343000E-7	4.498028E-2
1.343500E-7	4.487750E-2
1.344000E-7	4.477815E-2
1.344500E-7	4.470449E-2
1.345000E-7	4.464283E-2
1.345500E-7	4.460514E-2
1.346000E-7	4.458973E-2
1.346500E-7	4.457431E-2
1.347000E-7	4.455547E-2
1.347500E-7	4.455204E-2
1.348000E-7	4.457602E-2
1.348500E-7	4.461885E-2
1.349000E-7	4.466681E-2
1.349500E-7	4.472162E-2
1.350000E-7	4.479357E-2
1.350500E-7	4.486037E-2
1.351000E-7	4.490148E-2
1.351500E-7	4.492546E-2
1.352000E-7	4.494944E-2
1.352500E-7	4.494602E-2
1.353000E-7	4.489806E-2
1.353500E-7	4.483125E-2
1.354000E-7	4.475417E-2
1.354500E-7	4.468223E-2
1.355000E-7	4.462741E-2
1.355500E-7	4.457602E-2
1.356000E-7	4.451950E-2
1.356500E-7	4.448866E-2
1.357000E-7	4.448695E-2
1.357500E-7	4.448524E-2
1.358000E-7	4.448524E-2
1.358500E-7	4.448181E-2
1.359000E-7	4.446125E-2
1.359500E-7	4.442528E-2
1.360000E-7	4.439788E-2
1.360500E-7	4.437389E-2
1.361000E-7	4.434991E-2
1.361500E-7	4.432936E-2
1.362000E-7	4.431565E-2
1.362500E-7	4.431223E-2
1.363000E-7	4.432079E-2
1.363500E-7	4.433621E-2
1.364000E-7	4.436533E-2
1.364500E-7	4.439959E-2
1.365000E-7	4.440130E-2
1.365500E-7	4.436704E-2
1.366000E-7	4.431908E-2
1.366500E-7	4.425227E-2
1.367000E-7	4.415978E-2
1.367500E-7	4.407755E-2
1.368000E-7	4.401246E-2
1.368500E-7	4.395251E-2
1.369000E-7	4.388228E-2
1.369500E-7	4.382918E-2
1.370000E-7	4.380520E-2
1.370500E-7	4.378293E-2
1.371000E-7	4.376066E-2
1.371500E-7	4.376066E-2
1.372000E-7	4.378635E-2
1.372500E-7	4.381033E-2
1.373000E-7	4.383774E-2
1.373500E-7	4.388399E-2
1.374000E-7	4.394737E-2
1.374500E-7	4.401760E-2
1.375000E-7	4.410496E-2
1.375500E-7	4.419575E-2
1.376000E-7	4.428140E-2
1.376500E-7	4.436876E-2
1.377000E-7	4.440815E-2
1.377500E-7	4.438417E-2
1.378000E-7	4.434477E-2
1.378500E-7	4.431051E-2
1.379000E-7	4.426940E-2
1.379500E-7	4.422829E-2
1.380000E-7	4.420260E-2
1.380500E-7	4.419575E-2
1.381000E-7	4.419917E-2
1.381500E-7	4.423001E-2
1.382000E-7	4.426255E-2
1.382500E-7	4.426427E-2
1.383000E-7	4.425913E-2
1.383500E-7	4.426255E-2
1.384000E-7	4.425056E-2
1.384500E-7	4.421973E-2
1.385000E-7	4.418376E-2
1.385500E-7	4.414950E-2
1.386000E-7	4.412209E-2
1.386500E-7	4.411353E-2
1.387000E-7	4.410667E-2
1.387500E-7	4.407242E-2
1.388000E-7	4.404330E-2
1.388500E-7	4.404672E-2
1.389000E-7	4.407070E-2
1.389500E-7	4.408441E-2
1.390000E-7	4.410496E-2
1.390500E-7	4.415292E-2
1.391000E-7	4.420260E-2
1.391500E-7	4.422487E-2
1.392000E-7	4.421973E-2
1.392500E-7	4.421802E-2
1.393000E-7	4.420945E-2
1.393500E-7	4.417519E-2
1.394000E-7	4.412209E-2
1.394500E-7	4.406042E-2
1.395000E-7	4.399705E-2
1.395500E-7	4.390969E-2
1.396000E-7	4.382233E-2
1.396500E-7	4.376751E-2
1.397000E-7	4.374182E-2
1.397500E-7	4.372983E-2
1.398000E-7	4.373497E-2
1.398500E-7	4.373668E-2
1.399000E-7	4.373154E-2
1.399500E-7	4.372640E-2
1.400000E-7	4.371784E-2
1.400500E-7	4.370927E-2
1.401000E-7	4.370927E-2
1.401500E-7	4.370756E-2
1.402000E-7	4.368700E-2
1.402500E-7	4.366645E-2
1.403000E-7	4.367330E-2
1.403500E-7	4.367159E-2
1.404000E-7	4.366816E-2
1.404500E-7	4.368529E-2
1.405000E-7	4.371098E-2
1.405500E-7	4.372469E-2
1.406000E-7	4.376409E-2
1.406500E-7	4.383603E-2
1.407000E-7	4.388570E-2
1.407500E-7	4.391311E-2
1.408000E-7	4.396279E-2
1.408500E-7	4.400390E-2
1.409000E-7	4.398506E-2
1.409500E-7	4.393367E-2
1.410000E-7	4.387029E-2
1.410500E-7	4.377265E-2
1.411000E-7	4.364932E-2
1.411500E-7	4.356367E-2
1.412000E-7	4.351399E-2
1.412500E-7	4.346432E-2
1.413000E-7	4.342492E-2
1.413500E-7	4.343349E-2
1.414000E-7	4.347288E-2
1.414500E-7	4.351228E-2
1.415000E-7	4.356024E-2
1.415500E-7	4.362362E-2
1.416000E-7	4.366816E-2
1.416500E-7	4.368015E-2
1.417000E-7	4.366131E-2
1.417500E-7	4.361677E-2
1.418000E-7	4.356367E-2
1.418500E-7	4.349344E-2
1.419000E-7	4.339066E-2
1.419500E-7	4.328789E-2
1.420000E-7	4.323136E-2
1.420500E-7	4.322965E-2
1.421000E-7	4.325363E-2
1.421500E-7	4.327761E-2
1.422000E-7	4.331701E-2
1.422500E-7	4.337182E-2
1.423000E-7	4.339409E-2
1.423500E-7	4.337696E-2
1.424000E-7	4.335640E-2
1.424500E-7	4.333585E-2
1.425000E-7	4.328275E-2
1.425500E-7	4.322279E-2
1.426000E-7	4.319025E-2
1.426500E-7	4.316627E-2
1.427000E-7	4.312516E-2
1.427500E-7	4.311317E-2
1.428000E-7	4.314914E-2
1.428500E-7	4.318168E-2
1.429000E-7	4.321937E-2
1.429500E-7	4.328789E-2
1.430000E-7	4.336326E-2
1.430500E-7	4.342150E-2
1.431000E-7	4.345918E-2
1.431500E-7	4.349001E-2
1.432000E-7	4.351228E-2
1.432500E-7	4.351742E-2
1.433000E-7	4.351399E-2
1.433500E-7	4.351228E-2
1.434000E-7	4.351057E-2
1.434500E-7	4.349001E-2
1.435000E-7	4.346089E-2
1.435500E-7	4.344034E-2
1.436000E-7	4.340608E-2
1.436500E-7	4.334784E-2
1.437000E-7	4.326904E-2
1.437500E-7	4.317997E-2
1.438000E-7	4.308918E-2
1.438500E-7	4.301382E-2
1.439000E-7	4.294187E-2
1.439500E-7	4.286993E-2
1.440000E-7	4.282025E-2
1.440500E-7	4.280826E-2
1.441000E-7	4.281340E-2
1.441500E-7	4.283738E-2
1.442000E-7	4.288877E-2
1.442500E-7	4.296757E-2
1.443000E-7	4.304807E-2
1.443500E-7	4.312173E-2
1.444000E-7	4.319539E-2
1.444500E-7	4.327418E-2
1.445000E-7	4.333242E-2
1.445500E-7	4.336326E-2
1.446000E-7	4.337182E-2
1.446500E-7	4.338724E-2
1.447000E-7	4.339751E-2
1.447500E-7	4.339923E-2
1.448000E-7	4.338381E-2
1.448500E-7	4.334955E-2
1.449000E-7	4.331015E-2
1.449500E-7	4.326733E-2
1.450000E-7	4.321252E-2
1.450500E-7	4.315770E-2
1.451000E-7	4.310803E-2
1.451500E-7	4.302923E-2
1.452000E-7	4.290761E-2
1.452500E-7	4.278599E-2
1.453000E-7	4.271062E-2
1.453500E-7	4.263354E-2
1.454000E-7	4.253933E-2
1.454500E-7	4.246225E-2
1.455000E-7	4.243141E-2
1.455500E-7	4.239544E-2
1.456000E-7	4.235090E-2
1.456500E-7	4.232350E-2
1.457000E-7	4.232178E-2
1.457500E-7	4.232692E-2
1.458000E-7	4.235262E-2
1.458500E-7	4.238859E-2
1.459000E-7	4.240401E-2
1.459500E-7	4.242285E-2
1.460000E-7	4.247595E-2
1.460500E-7	4.253590E-2
1.461000E-7	4.256674E-2
1.461500E-7	4.260785E-2
1.462000E-7	4.266609E-2
1.462500E-7	4.269863E-2
1.463000E-7	4.269692E-2
1.463500E-7	4.268493E-2
1.464000E-7	4.266266E-2
1.464500E-7	4.261298E-2
1.465000E-7	4.254789E-2
1.465500E-7	4.248451E-2
1.466000E-7	4.243826E-2
1.466500E-7	4.240229E-2
1.467000E-7	4.234405E-2
1.467500E-7	4.227896E-2
1.468000E-7	4.223100E-2
1.468500E-7	4.219674E-2
1.469000E-7	4.215220E-2
1.469500E-7	4.212308E-2
1.470000E-7	4.212480E-2
1.470500E-7	4.211623E-2
1.471000E-7	4.209910E-2
1.471500E-7	4.210081E-2
1.472000E-7	4.210767E-2
1.472500E-7	4.208882E-2
1.473000E-7	4.205970E-2
1.473500E-7	4.204257E-2
1.474000E-7	4.203915E-2
1.474500E-7	4.205628E-2
1.475000E-7	4.209396E-2
1.475500E-7	4.216248E-2
1.476000E-7	4.227553E-2
1.476500E-7	4.242799E-2
1.477000E-7	4.259414E-2
1.477500E-7	4.276030E-2
1.478000E-7	4.294187E-2
1.478500E-7	4.311659E-2
1.479000E-7	4.323821E-2
1.479500E-7	4.329816E-2
1.480000E-7	4.331187E-2
1.480500E-7	4.326733E-2
1.481000E-7	4.315599E-2
1.481500E-7	4.299668E-2
1.482000E-7	4.280655E-2
1.482500E-7	4.259928E-2
1.483000E-7	4.241086E-2
1.483500E-7	4.224641E-2
1.484000E-7	4.212308E-2
1.484500E-7	4.205114E-2
1.485000E-7	4.204086E-2
1.485500E-7	4.209054E-2
1.486000E-7	4.218989E-2
1.486500E-7	4.230123E-2
1.487000E-7	4.238002E-2
1.487500E-7	4.244340E-2
1.488000E-7	4.251021E-2
1.488500E-7	4.254789E-2
1.489000E-7	4.252734E-2
1.489500E-7	4.250164E-2
1.490000E-7	4.249650E-2
1.490500E-7	4.245711E-2
1.491000E-7	4.237488E-2
1.491500E-7	4.232692E-2
1.492000E-7	4.231664E-2
1.492500E-7	4.228752E-2
1.493000E-7	4.225327E-2
1.493500E-7	4.224128E-2
1.494000E-7	4.223956E-2
1.494500E-7	4.219674E-2
1.495000E-7	4.213165E-2
1.495500E-7	4.207683E-2
1.496000E-7	4.202202E-2
1.496500E-7	4.196378E-2
1.497000E-7	4.190896E-2
1.497500E-7	4.188327E-2
1.498000E-7	4.190040E-2
1.498500E-7	4.194836E-2
1.499000E-7	4.201688E-2
1.499500E-7	4.210081E-2
1.500000E-7	4.219160E-2
1.500500E-7	4.227725E-2
1.501000E-7	4.233549E-2
1.501500E-7	4.236289E-2
1.502000E-7	4.238688E-2
1.502500E-7	4.238516E-2
1.503000E-7	4.233377E-2
1.503500E-7	4.224813E-2
1.504000E-7	4.215049E-2
1.504500E-7	4.203401E-2
1.505000E-7	4.189526E-2
1.505500E-7	4.176850E-2
1.506000E-7	4.166573E-2
1.506500E-7	4.157665E-2
1.507000E-7	4.150300E-2
1.507500E-7	4.146017E-2
1.508000E-7	4.143790E-2
1.508500E-7	4.144647E-2
1.509000E-7	4.145846E-2
1.509500E-7	4.143962E-2
1.510000E-7	4.140022E-2
1.510500E-7	4.136425E-2
1.511000E-7	4.131800E-2
1.511500E-7	4.124777E-2
1.512000E-7	4.118267E-2
1.512500E-7	4.112615E-2
1.513000E-7	4.105763E-2
1.513500E-7	4.098397E-2
1.514000E-7	4.094458E-2
1.514500E-7	4.094629E-2
1.515000E-7	4.097198E-2
1.515500E-7	4.103022E-2
1.516000E-7	4.112615E-2
1.516500E-7	4.124948E-2
1.517000E-7	4.139337E-2
1.517500E-7	4.154582E-2
1.518000E-7	4.169827E-2
1.518500E-7	4.183359E-2
1.519000E-7	4.194836E-2
1.519500E-7	4.203743E-2
1.520000E-7	4.209568E-2
1.520500E-7	4.210767E-2
1.521000E-7	4.207169E-2
1.521500E-7	4.200146E-2
1.522000E-7	4.191239E-2
1.522500E-7	4.180276E-2
1.523000E-7	4.168628E-2
1.523500E-7	4.157837E-2
1.524000E-7	4.150471E-2
1.524500E-7	4.145161E-2
1.525000E-7	4.142763E-2
1.525500E-7	4.143619E-2
1.526000E-7	4.148587E-2
1.526500E-7	4.154582E-2
1.527000E-7	4.160577E-2
1.527500E-7	4.166573E-2
1.528000E-7	4.173767E-2
1.528500E-7	4.181475E-2
1.529000E-7	4.184730E-2
1.529500E-7	4.182503E-2
1.530000E-7	4.177022E-2
1.530500E-7	4.172054E-2
1.531000E-7	4.168114E-2
1.531500E-7	4.163832E-2
1.532000E-7	4.158693E-2
1.532500E-7	4.154582E-2
1.533000E-7	4.151499E-2
1.533500E-7	4.149957E-2
1.534000E-7	4.147730E-2
1.534500E-7	4.144476E-2
1.535000E-7	4.140193E-2
1.535500E-7	4.133513E-2
1.536000E-7	4.125119E-2
1.536500E-7	4.117068E-2
1.537000E-7	4.109874E-2
1.537500E-7	4.101652E-2
1.538000E-7	4.093944E-2
1.538500E-7	4.090175E-2
1.539000E-7	4.090518E-2
1.539500E-7	4.094971E-2
1.540000E-7	4.105420E-2
1.540500E-7	4.120323E-2
1.541000E-7	4.134883E-2
1.541500E-7	4.146874E-2
1.542000E-7	4.157151E-2
1.542500E-7	4.164688E-2
1.543000E-7	4.168628E-2
1.543500E-7	4.167772E-2
1.544000E-7	4.161776E-2
1.544500E-7	4.151670E-2
1.545000E-7	4.140022E-2
1.545500E-7	4.129230E-2
1.546000E-7	4.120323E-2
1.546500E-7	4.112615E-2
1.547000E-7	4.106448E-2
1.547500E-7	4.102851E-2
1.548000E-7	4.101994E-2
1.548500E-7	4.101823E-2
1.549000E-7	4.099939E-2
1.549500E-7	4.096513E-2
1.550000E-7	4.093258E-2
1.550500E-7	4.088633E-2
1.551000E-7	4.082124E-2
1.551500E-7	4.074245E-2
1.552000E-7	4.066708E-2
1.552500E-7	4.060884E-2
1.553000E-7	4.055745E-2
1.553500E-7	4.049578E-2
1.554000E-7	4.044953E-2
1.554500E-7	4.043412E-2
1.555000E-7	4.041014E-2
1.555500E-7	4.037930E-2
1.556000E-7	4.039129E-2
1.556500E-7	4.043754E-2
1.557000E-7	4.047523E-2
1.557500E-7	4.050606E-2
1.558000E-7	4.055574E-2
1.558500E-7	4.062425E-2
1.559000E-7	4.068935E-2
1.559500E-7	4.076129E-2
1.560000E-7	4.083152E-2
1.560500E-7	4.089833E-2
1.561000E-7	4.095314E-2
1.561500E-7	4.098397E-2
1.562000E-7	4.098226E-2
1.562500E-7	4.095314E-2
1.563000E-7	4.091545E-2
1.563500E-7	4.086064E-2
1.564000E-7	4.077671E-2
1.564500E-7	4.067222E-2
1.565000E-7	4.057972E-2
1.565500E-7	4.051634E-2
1.566000E-7	4.047523E-2
1.566500E-7	4.045467E-2
1.567000E-7	4.047694E-2
1.567500E-7	4.055060E-2
1.568000E-7	4.065166E-2
1.568500E-7	4.075615E-2
1.569000E-7	4.084008E-2
1.569500E-7	4.089490E-2
1.570000E-7	4.094115E-2
1.570500E-7	4.098740E-2
1.571000E-7	4.101138E-2
1.571500E-7	4.099596E-2
1.572000E-7	4.095485E-2
1.572500E-7	4.089147E-2
1.573000E-7	4.079897E-2
1.573500E-7	4.068935E-2
1.574000E-7	4.058828E-2
1.574500E-7	4.049921E-2
1.575000E-7	4.039814E-2
1.575500E-7	4.029023E-2
1.576000E-7	4.019944E-2
1.576500E-7	4.015148E-2
1.577000E-7	4.010866E-2
1.577500E-7	4.005213E-2
1.578000E-7	4.000931E-2
1.578500E-7	4.001444E-2
1.579000E-7	4.004356E-2
1.579500E-7	4.006412E-2
1.580000E-7	4.009667E-2
1.580500E-7	4.014463E-2
1.581000E-7	4.019431E-2
1.581500E-7	4.026796E-2
1.582000E-7	4.036217E-2
1.582500E-7	4.045125E-2
1.583000E-7	4.054032E-2
1.583500E-7	4.063453E-2
1.584000E-7	4.070990E-2
1.584500E-7	4.077328E-2
1.585000E-7	4.087263E-2
1.585500E-7	4.096170E-2
1.586000E-7	4.097027E-2
1.586500E-7	4.094457E-2
1.587000E-7	4.093430E-2
1.587500E-7	4.089833E-2
1.588000E-7	4.081097E-2
1.588500E-7	4.070648E-2
1.589000E-7	4.058657E-2
1.589500E-7	4.043240E-2
1.590000E-7	4.028680E-2
1.590500E-7	4.017032E-2
1.591000E-7	4.007611E-2
1.591500E-7	3.999903E-2
1.592000E-7	3.993908E-2
1.592500E-7	3.990996E-2
1.593000E-7	3.991338E-2
1.593500E-7	3.995449E-2
1.594000E-7	4.002986E-2
1.594500E-7	4.013264E-2
1.595000E-7	4.024227E-2
1.595500E-7	4.036046E-2
1.596000E-7	4.048722E-2
1.596500E-7	4.062768E-2
1.597000E-7	4.075615E-2
1.597500E-7	4.085036E-2
1.598000E-7	4.091203E-2
1.598500E-7	4.093772E-2
1.599000E-7	4.093944E-2
1.599500E-7	4.091032E-2
1.600000E-7	4.085208E-2
1.600500E-7	4.076814E-2
1.601000E-7	4.067050E-2
1.601500E-7	4.056944E-2
1.602000E-7	4.046152E-2
1.602500E-7	4.034504E-2
1.603000E-7	4.024227E-2
1.603500E-7	4.016176E-2
1.604000E-7	4.008125E-2
1.604500E-7	3.999732E-2
1.605000E-7	3.991338E-2
1.605500E-7	3.984829E-2
1.606000E-7	3.979176E-2
1.606500E-7	3.973695E-2
1.607000E-7	3.970440E-2
1.607500E-7	3.970269E-2
1.608000E-7	3.973695E-2
1.608500E-7	3.978491E-2
1.609000E-7	3.983630E-2
1.609500E-7	3.991681E-2
1.610000E-7	4.001102E-2
1.610500E-7	4.008810E-2
1.611000E-7	4.016176E-2
1.611500E-7	4.023542E-2
1.612000E-7	4.027310E-2
1.612500E-7	4.026625E-2
1.613000E-7	4.024912E-2
1.613500E-7	4.020801E-2
1.614000E-7	4.012921E-2
1.614500E-7	4.004699E-2
1.615000E-7	3.997505E-2
1.615500E-7	3.989454E-2
1.616000E-7	3.982602E-2
1.616500E-7	3.977635E-2
1.617000E-7	3.973352E-2
1.617500E-7	3.970440E-2
1.618000E-7	3.970440E-2
1.618500E-7	3.972496E-2
1.619000E-7	3.977463E-2
1.619500E-7	3.985171E-2
1.620000E-7	3.992537E-2
1.620500E-7	3.998190E-2
1.621000E-7	4.005213E-2
1.621500E-7	4.011208E-2
1.622000E-7	4.014806E-2
1.622500E-7	4.017375E-2
1.623000E-7	4.018403E-2
1.623500E-7	4.014977E-2
1.624000E-7	4.008296E-2
1.624500E-7	3.999732E-2
1.625000E-7	3.989625E-2
1.625500E-7	3.979519E-2
1.626000E-7	3.973695E-2
1.626500E-7	3.972496E-2
1.627000E-7	3.973866E-2
1.627500E-7	3.977806E-2
1.628000E-7	3.985685E-2
1.628500E-7	3.995792E-2
1.629000E-7	4.007440E-2
1.629500E-7	4.019430E-2
1.630000E-7	4.031250E-2
1.630500E-7	4.040328E-2
1.631000E-7	4.044953E-2
1.631500E-7	4.044611E-2
1.632000E-7	4.039301E-2
1.632500E-7	4.030393E-2
1.633000E-7	4.017889E-2
1.633500E-7	4.002986E-2
1.634000E-7	3.988255E-2
1.634500E-7	3.975236E-2
1.635000E-7	3.961875E-2
1.635500E-7	3.950570E-2
1.636000E-7	3.946630E-2
1.636500E-7	3.946630E-2
1.637000E-7	3.948001E-2
1.637500E-7	3.951598E-2
1.638000E-7	3.957593E-2
1.638500E-7	3.962903E-2
1.639000E-7	3.966843E-2
1.639500E-7	3.970783E-2
1.640000E-7	3.974037E-2
1.640500E-7	3.977292E-2
1.641000E-7	3.981060E-2
1.641500E-7	3.983801E-2
1.642000E-7	3.986371E-2
1.642500E-7	3.989111E-2
1.643000E-7	3.991681E-2
1.643500E-7	3.994250E-2
1.644000E-7	3.995963E-2
1.644500E-7	3.995449E-2
1.645000E-7	3.991852E-2
1.645500E-7	3.987056E-2
1.646000E-7	3.982945E-2
1.646500E-7	3.977292E-2
1.647000E-7	3.969584E-2
1.647500E-7	3.962561E-2
1.648000E-7	3.956565E-2
1.648500E-7	3.950570E-2
1.649000E-7	3.945945E-2
1.649500E-7	3.943547E-2
1.650000E-7	3.942177E-2
1.650500E-7	3.942005E-2
1.651000E-7	3.942348E-2
1.651500E-7	3.939265E-2
1.652000E-7	3.932413E-2
1.652500E-7	3.926417E-2
1.653000E-7	3.922820E-2
1.653500E-7	3.918880E-2
1.654000E-7	3.916140E-2
1.654500E-7	3.915968E-2
1.655000E-7	3.916996E-2
1.655500E-7	3.920422E-2
1.656000E-7	3.926075E-2
1.656500E-7	3.929843E-2
1.657000E-7	3.931042E-2
1.657500E-7	3.932927E-2
1.658000E-7	3.933954E-2
1.658500E-7	3.931214E-2
1.659000E-7	3.927274E-2
1.659500E-7	3.923163E-2
1.660000E-7	3.916825E-2
1.660500E-7	3.908260E-2
1.661000E-7	3.902265E-2
1.661500E-7	3.898839E-2
1.662000E-7	3.897297E-2
1.662500E-7	3.898154E-2
1.663000E-7	3.900723E-2
1.663500E-7	3.905691E-2
1.664000E-7	3.914598E-2
1.664500E-7	3.925047E-2
1.665000E-7	3.933612E-2
1.665500E-7	3.940635E-2
1.666000E-7	3.949885E-2
1.666500E-7	3.957764E-2
1.667000E-7	3.960676E-2
1.667500E-7	3.961190E-2
1.668000E-7	3.962218E-2
1.668500E-7	3.960505E-2
1.669000E-7	3.953825E-2
1.669500E-7	3.945945E-2
1.670000E-7	3.939093E-2
1.670500E-7	3.931214E-2
1.671000E-7	3.923848E-2
1.671500E-7	3.917339E-2
1.672000E-7	3.910658E-2
1.672500E-7	3.904834E-2
1.673000E-7	3.902436E-2
1.673500E-7	3.900552E-2
1.674000E-7	3.897469E-2
1.674500E-7	3.895070E-2
1.675000E-7	3.892501E-2
1.675500E-7	3.889760E-2
1.676000E-7	3.887876E-2
1.676500E-7	3.887191E-2
1.677000E-7	3.885821E-2
1.677500E-7	3.884964E-2
1.678000E-7	3.885307E-2
1.678500E-7	3.885649E-2
1.679000E-7	3.885992E-2
1.679500E-7	3.887705E-2
1.680000E-7	3.889760E-2
1.680500E-7	3.890617E-2
1.681000E-7	3.893015E-2
1.681500E-7	3.895242E-2
1.682000E-7	3.895756E-2
1.682500E-7	3.895242E-2
1.683000E-7	3.895242E-2
1.683500E-7	3.894385E-2
1.684000E-7	3.895756E-2
1.684500E-7	3.899182E-2
1.685000E-7	3.901922E-2
1.685500E-7	3.902607E-2
1.686000E-7	3.904149E-2
1.686500E-7	3.904320E-2
1.687000E-7	3.899182E-2
1.687500E-7	3.890274E-2
1.688000E-7	3.881024E-2
1.688500E-7	3.869205E-2
1.689000E-7	3.854302E-2
1.689500E-7	3.840599E-2
1.690000E-7	3.830492E-2
1.690500E-7	3.823641E-2
1.691000E-7	3.820729E-2
1.691500E-7	3.823983E-2
1.692000E-7	3.833918E-2
1.692500E-7	3.847622E-2
1.693000E-7	3.861325E-2
1.693500E-7	3.874686E-2
1.694000E-7	3.889418E-2
1.694500E-7	3.904149E-2
1.695000E-7	3.914084E-2
1.695500E-7	3.918880E-2
1.696000E-7	3.920936E-2
1.696500E-7	3.919566E-2
1.697000E-7	3.912200E-2
1.697500E-7	3.903121E-2
1.698000E-7	3.896098E-2
1.698500E-7	3.887534E-2
1.699000E-7	3.877256E-2
1.699500E-7	3.868691E-2
1.700000E-7	3.862353E-2
1.700500E-7	3.856015E-2
1.701000E-7	3.852932E-2
1.701500E-7	3.851733E-2
1.702000E-7	3.851048E-2
1.702500E-7	3.850363E-2
1.703000E-7	3.850191E-2
1.703500E-7	3.850191E-2
1.704000E-7	3.851219E-2
1.704500E-7	3.852247E-2
1.705000E-7	3.850363E-2
1.705500E-7	3.846080E-2
1.706000E-7	3.843682E-2
1.706500E-7	3.841113E-2
1.707000E-7	3.837173E-2
1.707500E-7	3.833747E-2
1.708000E-7	3.829807E-2
1.708500E-7	3.825525E-2
1.709000E-7	3.822442E-2
1.709500E-7	3.820215E-2
1.710000E-7	3.816446E-2
1.710500E-7	3.811993E-2
1.711000E-7	3.809423E-2
1.711500E-7	3.807368E-2
1.712000E-7	3.806169E-2
1.712500E-7	3.807196E-2
1.713000E-7	3.808909E-2
1.713500E-7	3.811993E-2
1.714000E-7	3.817817E-2
1.714500E-7	3.823983E-2
1.715000E-7	3.828951E-2
1.715500E-7	3.832377E-2
1.716000E-7	3.832719E-2
1.716500E-7	3.829465E-2
1.717000E-7	3.824155E-2
1.717500E-7	3.817303E-2
1.718000E-7	3.808909E-2
1.718500E-7	3.798974E-2
1.719000E-7	3.789382E-2
1.719500E-7	3.782701E-2
1.720000E-7	3.780303E-2
1.720500E-7	3.780988E-2
1.721000E-7	3.784928E-2
1.721500E-7	3.792122E-2
1.722000E-7	3.801886E-2
1.722500E-7	3.812335E-2
1.723000E-7	3.822613E-2
1.723500E-7	3.830664E-2
1.724000E-7	3.836659E-2
1.724500E-7	3.840085E-2
1.725000E-7	3.839914E-2
1.725500E-7	3.836316E-2
1.726000E-7	3.832891E-2
1.726500E-7	3.830492E-2
1.727000E-7	3.825354E-2
1.727500E-7	3.820557E-2
1.728000E-7	3.819358E-2
1.728500E-7	3.821242E-2
1.729000E-7	3.823298E-2
1.729500E-7	3.826210E-2
1.730000E-7	3.827238E-2
1.730500E-7	3.824840E-2
1.731000E-7	3.819187E-2
1.731500E-7	3.811650E-2
1.732000E-7	3.801715E-2
1.732500E-7	3.787669E-2
1.733000E-7	3.770197E-2
1.733500E-7	3.752896E-2
1.734000E-7	3.737479E-2
1.734500E-7	3.722577E-2
1.735000E-7	3.712470E-2
1.735500E-7	3.709901E-2
1.736000E-7	3.713669E-2
1.736500E-7	3.722577E-2
1.737000E-7	3.735595E-2
1.737500E-7	3.751697E-2
1.738000E-7	3.767627E-2
1.738500E-7	3.782872E-2
1.739000E-7	3.794863E-2
1.739500E-7	3.802229E-2
1.740000E-7	3.806511E-2
1.740500E-7	3.807882E-2
1.741000E-7	3.805483E-2
1.741500E-7	3.802571E-2
1.742000E-7	3.799831E-2
1.742500E-7	3.796576E-2
1.743000E-7	3.794007E-2
1.743500E-7	3.793150E-2
1.744000E-7	3.792122E-2
1.744500E-7	3.791951E-2
1.745000E-7	3.794349E-2
1.745500E-7	3.796576E-2
1.746000E-7	3.797604E-2
1.746500E-7	3.799659E-2
1.747000E-7	3.799488E-2
1.747500E-7	3.794863E-2
1.748000E-7	3.790067E-2
1.748500E-7	3.789896E-2
1.749000E-7	3.789724E-2
1.749500E-7	3.787497E-2
1.750000E-7	3.785785E-2
1.750500E-7	3.786641E-2
1.751000E-7	3.787840E-2
1.751500E-7	3.788183E-2
1.752000E-7	3.785956E-2
1.752500E-7	3.783215E-2
1.753000E-7	3.778248E-2
1.753500E-7	3.771910E-2
1.754000E-7	3.765400E-2
1.754500E-7	3.760433E-2
1.755000E-7	3.757007E-2
1.755500E-7	3.755637E-2
1.756000E-7	3.756836E-2
1.756500E-7	3.758206E-2
1.757000E-7	3.760604E-2
1.757500E-7	3.766257E-2
1.758000E-7	3.773451E-2
1.758500E-7	3.777905E-2
1.759000E-7	3.778590E-2
1.759500E-7	3.777734E-2
1.760000E-7	3.776192E-2
1.760500E-7	3.770711E-2
1.761000E-7	3.758891E-2
1.761500E-7	3.745530E-2
1.762000E-7	3.735424E-2
1.762500E-7	3.726859E-2
1.763000E-7	3.718980E-2
1.763500E-7	3.716068E-2
1.764000E-7	3.719836E-2
1.764500E-7	3.726345E-2
1.765000E-7	3.734225E-2
1.765500E-7	3.744845E-2
1.766000E-7	3.756322E-2
1.766500E-7	3.765572E-2
1.767000E-7	3.772937E-2
1.767500E-7	3.778933E-2
1.768000E-7	3.783729E-2
1.768500E-7	3.783900E-2
1.769000E-7	3.778933E-2
1.769500E-7	3.770539E-2
1.770000E-7	3.761632E-2
1.770500E-7	3.753581E-2
1.771000E-7	3.746215E-2
1.771500E-7	3.737822E-2
1.772000E-7	3.729429E-2
1.772500E-7	3.723947E-2
1.773000E-7	3.720350E-2
1.773500E-7	3.714868E-2
1.774000E-7	3.708702E-2
1.774500E-7	3.703906E-2
1.775000E-7	3.698767E-2
1.775500E-7	3.691915E-2
1.776000E-7	3.683693E-2
1.776500E-7	3.675299E-2
1.777000E-7	3.668276E-2
1.777500E-7	3.663137E-2
1.778000E-7	3.657485E-2
1.778500E-7	3.653374E-2
1.779000E-7	3.653716E-2
1.779500E-7	3.657142E-2
1.780000E-7	3.661596E-2
1.780500E-7	3.669304E-2
1.781000E-7	3.679239E-2
1.781500E-7	3.688660E-2
1.782000E-7	3.697225E-2
1.782500E-7	3.703392E-2
1.783000E-7	3.705619E-2
1.783500E-7	3.706475E-2
1.784000E-7	3.708188E-2
1.784500E-7	3.708017E-2
1.785000E-7	3.704591E-2
1.785500E-7	3.701850E-2
1.786000E-7	3.701679E-2
1.786500E-7	3.702878E-2
1.787000E-7	3.703563E-2
1.787500E-7	3.703906E-2
1.788000E-7	3.705276E-2
1.788500E-7	3.707332E-2
1.789000E-7	3.710244E-2
1.789500E-7	3.713327E-2
1.790000E-7	3.714355E-2
1.790500E-7	3.713841E-2
1.791000E-7	3.712128E-2
1.791500E-7	3.708188E-2
1.792000E-7	3.701508E-2
1.792500E-7	3.694313E-2
1.793000E-7	3.688489E-2
1.793500E-7	3.684378E-2
1.794000E-7	3.682836E-2
1.794500E-7	3.684721E-2
1.795000E-7	3.688832E-2
1.795500E-7	3.692600E-2
1.796000E-7	3.697225E-2
1.796500E-7	3.702535E-2
1.797000E-7	3.707503E-2
1.797500E-7	3.711100E-2
1.798000E-7	3.711443E-2
1.798500E-7	3.708188E-2
1.799000E-7	3.703563E-2
1.799500E-7	3.697225E-2
1.800000E-7	3.689346E-2
1.800500E-7	3.681295E-2
1.801000E-7	3.673415E-2
1.801500E-7	3.667420E-2
1.802000E-7	3.665022E-2
1.802500E-7	3.665364E-2
1.803000E-7	3.665707E-2
1.803500E-7	3.668962E-2
1.804000E-7	3.677184E-2
1.804500E-7	3.686091E-2
1.805000E-7	3.691744E-2
1.805500E-7	3.696026E-2
1.806000E-7	3.698938E-2
1.806500E-7	3.699109E-2
1.807000E-7	3.697225E-2
1.807500E-7	3.694656E-2
1.808000E-7	3.692429E-2
1.808500E-7	3.692258E-2
1.809000E-7	3.692943E-2
1.809500E-7	3.693285E-2
1.810000E-7	3.695170E-2
1.810500E-7	3.698938E-2
1.811000E-7	3.700309E-2
1.811500E-7	3.700137E-2
1.812000E-7	3.698767E-2
1.812500E-7	3.693285E-2
1.813000E-7	3.682494E-2
1.813500E-7	3.669304E-2
1.814000E-7	3.655087E-2
1.814500E-7	3.640698E-2
1.815000E-7	3.624768E-2
1.815500E-7	3.610036E-2
1.816000E-7	3.599758E-2
1.816500E-7	3.595990E-2
1.817000E-7	3.596504E-2
1.817500E-7	3.600786E-2
1.818000E-7	3.609522E-2
1.818500E-7	3.623055E-2
1.819000E-7	3.640013E-2
1.819500E-7	3.657485E-2
1.820000E-7	3.671188E-2
1.820500E-7	3.679582E-2
1.821000E-7	3.686776E-2
1.821500E-7	3.689174E-2
1.822000E-7	3.682665E-2
1.822500E-7	3.670503E-2
1.823000E-7	3.656971E-2
1.823500E-7	3.638642E-2
1.824000E-7	3.616545E-2
1.824500E-7	3.594620E-2
1.825000E-7	3.575092E-2
1.825500E-7	3.558134E-2
1.826000E-7	3.546486E-2
1.826500E-7	3.542375E-2
1.827000E-7	3.545116E-2
1.827500E-7	3.554194E-2
1.828000E-7	3.570981E-2
1.828500E-7	3.592393E-2
1.829000E-7	3.615175E-2
1.829500E-7	3.638300E-2
1.830000E-7	3.658513E-2
1.830500E-7	3.672730E-2
1.831000E-7	3.679239E-2
1.831500E-7	3.679753E-2
1.832000E-7	3.675642E-2
1.832500E-7	3.668619E-2
1.833000E-7	3.660226E-2
1.833500E-7	3.653374E-2
1.834000E-7	3.647378E-2
1.834500E-7	3.641897E-2
1.835000E-7	3.638814E-2
1.835500E-7	3.636587E-2
1.836000E-7	3.635730E-2
1.836500E-7	3.636587E-2
1.837000E-7	3.636416E-2
1.837500E-7	3.634874E-2
1.838000E-7	3.632305E-2
1.838500E-7	3.627680E-2
1.839000E-7	3.619115E-2
1.839500E-7	3.608837E-2
1.840000E-7	3.598046E-2
1.840500E-7	3.585370E-2
1.841000E-7	3.572009E-2
1.841500E-7	3.560875E-2
1.842000E-7	3.552310E-2
1.842500E-7	3.546143E-2
1.843000E-7	3.542032E-2
1.843500E-7	3.541690E-2
1.844000E-7	3.546315E-2
1.844500E-7	3.554708E-2
1.845000E-7	3.563958E-2
1.845500E-7	3.575435E-2
1.846000E-7	3.590509E-2
1.846500E-7	3.608152E-2
1.847000E-7	3.627508E-2
1.847500E-7	3.646693E-2
1.848000E-7	3.661596E-2
1.848500E-7	3.672216E-2
1.849000E-7	3.679753E-2
1.849500E-7	3.682151E-2
1.850000E-7	3.676327E-2
1.850500E-7	3.665022E-2
1.851000E-7	3.650633E-2
1.851500E-7	3.633504E-2
1.852000E-7	3.614832E-2
1.852500E-7	3.596846E-2
1.853000E-7	3.580231E-2
1.853500E-7	3.567898E-2
1.854000E-7	3.559504E-2
1.854500E-7	3.556421E-2
1.855000E-7	3.560189E-2
1.855500E-7	3.569611E-2
1.856000E-7	3.581601E-2
1.856500E-7	3.595990E-2
1.857000E-7	3.610721E-2
1.857500E-7	3.622198E-2
1.858000E-7	3.628536E-2
1.858500E-7	3.630592E-2
1.859000E-7	3.628022E-2
1.859500E-7	3.622541E-2
1.860000E-7	3.616888E-2
1.860500E-7	3.611920E-2
1.861000E-7	3.607638E-2
1.861500E-7	3.606096E-2
1.862000E-7	3.604212E-2
1.862500E-7	3.601814E-2
1.863000E-7	3.599930E-2
1.863500E-7	3.599245E-2
1.864000E-7	3.598731E-2
1.864500E-7	3.595305E-2
1.865000E-7	3.589481E-2
1.865500E-7	3.583999E-2
1.866000E-7	3.579717E-2
1.866500E-7	3.574407E-2
1.867000E-7	3.566699E-2
1.867500E-7	3.562245E-2
1.868000E-7	3.563787E-2
1.868500E-7	3.570296E-2
1.869000E-7	3.580060E-2
1.869500E-7	3.593421E-2
1.870000E-7	3.608495E-2
1.870500E-7	3.624082E-2
1.871000E-7	3.638300E-2
1.871500E-7	3.646522E-2
1.872000E-7	3.648920E-2
1.872500E-7	3.647721E-2
1.873000E-7	3.640184E-2
1.873500E-7	3.624425E-2
1.874000E-7	3.604897E-2
1.874500E-7	3.583999E-2
1.875000E-7	3.561217E-2
1.875500E-7	3.539120E-2
1.876000E-7	3.521306E-2
1.876500E-7	3.508630E-2
1.877000E-7	3.501093E-2
1.877500E-7	3.499722E-2
1.878000E-7	3.505204E-2
1.878500E-7	3.516509E-2
1.879000E-7	3.531241E-2
1.879500E-7	3.548028E-2
1.880000E-7	3.566699E-2
1.880500E-7	3.584685E-2
1.881000E-7	3.599073E-2
1.881500E-7	3.606953E-2
1.882000E-7	3.608666E-2
1.882500E-7	3.606953E-2
1.883000E-7	3.602842E-2
1.883500E-7	3.595134E-2
1.884000E-7	3.587425E-2
1.884500E-7	3.581087E-2
1.885000E-7	3.576462E-2
1.885500E-7	3.573722E-2
1.886000E-7	3.578004E-2
1.886500E-7	3.588967E-2
1.887000E-7	3.601643E-2
1.887500E-7	3.613120E-2
1.888000E-7	3.625624E-2
1.888500E-7	3.638300E-2
1.889000E-7	3.646008E-2
1.889500E-7	3.648578E-2
1.890000E-7	3.647036E-2
1.890500E-7	3.641212E-2
1.891000E-7	3.630934E-2
1.891500E-7	3.615518E-2
1.892000E-7	3.596333E-2
1.892500E-7	3.576805E-2
1.893000E-7	3.557277E-2
1.893500E-7	3.536722E-2
1.894000E-7	3.517537E-2
1.894500E-7	3.504005E-2
1.895000E-7	3.497153E-2
1.895500E-7	3.495611E-2
1.896000E-7	3.497838E-2
1.896500E-7	3.503833E-2
1.897000E-7	3.512741E-2
1.897500E-7	3.524389E-2
1.898000E-7	3.535694E-2
1.898500E-7	3.544259E-2
1.899000E-7	3.550768E-2
1.899500E-7	3.555222E-2
1.900000E-7	3.556250E-2
1.900500E-7	3.552995E-2
1.901000E-7	3.548028E-2
1.901500E-7	3.541004E-2
1.902000E-7	3.530898E-2
1.902500E-7	3.519079E-2
1.903000E-7	3.508458E-2
1.903500E-7	3.499037E-2
1.904000E-7	3.490986E-2
1.904500E-7	3.483792E-2
1.905000E-7	3.476255E-2
1.905500E-7	3.469575E-2
1.906000E-7	3.466663E-2
1.906500E-7	3.465635E-2
1.907000E-7	3.465121E-2
1.907500E-7	3.467519E-2
1.908000E-7	3.472829E-2
1.908500E-7	3.479852E-2
1.909000E-7	3.488074E-2
1.909500E-7	3.496982E-2
1.910000E-7	3.507602E-2
1.910500E-7	3.519764E-2
1.911000E-7	3.531241E-2
1.911500E-7	3.537236E-2
1.912000E-7	3.538778E-2
1.912500E-7	3.537407E-2
1.913000E-7	3.532440E-2
1.913500E-7	3.524389E-2
1.914000E-7	3.517366E-2
1.914500E-7	3.511713E-2
1.915000E-7	3.504861E-2
1.915500E-7	3.496468E-2
1.916000E-7	3.489273E-2
1.916500E-7	3.484820E-2
1.917000E-7	3.480709E-2
1.917500E-7	3.477283E-2
1.918000E-7	3.476940E-2
1.918500E-7	3.478139E-2
1.919000E-7	3.478996E-2
1.919500E-7	3.480537E-2
1.920000E-7	3.484991E-2
1.920500E-7	3.490301E-2
1.921000E-7	3.493556E-2
1.921500E-7	3.495611E-2
1.922000E-7	3.498523E-2
1.922500E-7	3.501264E-2
1.923000E-7	3.502806E-2
1.923500E-7	3.502806E-2
1.924000E-7	3.502806E-2
1.924500E-7	3.501607E-2
1.925000E-7	3.498523E-2
1.925500E-7	3.494584E-2
1.926000E-7	3.492699E-2
1.926500E-7	3.492014E-2
1.927000E-7	3.490644E-2
1.927500E-7	3.490130E-2
1.928000E-7	3.492357E-2
1.928500E-7	3.494584E-2
1.929000E-7	3.495440E-2
1.929500E-7	3.494926E-2
1.930000E-7	3.495098E-2
1.930500E-7	3.496639E-2
1.931000E-7	3.500579E-2
1.931500E-7	3.504861E-2
1.932000E-7	3.508972E-2
1.932500E-7	3.514796E-2
1.933000E-7	3.521306E-2
1.933500E-7	3.528329E-2
1.934000E-7	3.537065E-2
1.934500E-7	3.545458E-2
1.935000E-7	3.551282E-2
1.935500E-7	3.555393E-2
1.936000E-7	3.557963E-2
1.936500E-7	3.555907E-2
1.937000E-7	3.549055E-2
1.937500E-7	3.539977E-2
1.938000E-7	3.529699E-2
1.938500E-7	3.517194E-2
1.939000E-7	3.501607E-2
1.939500E-7	3.484306E-2
1.940000E-7	3.469575E-2
1.940500E-7	3.460496E-2
1.941000E-7	3.453815E-2
1.941500E-7	3.450047E-2
1.942000E-7	3.450732E-2
1.942500E-7	3.454158E-2
1.943000E-7	3.459297E-2
1.943500E-7	3.466663E-2
1.944000E-7	3.473172E-2
1.944500E-7	3.474885E-2
1.945000E-7	3.473514E-2
1.945500E-7	3.470088E-2
1.946000E-7	3.463065E-2
1.946500E-7	3.452788E-2
1.947000E-7	3.441825E-2
1.947500E-7	3.431547E-2
1.948000E-7	3.421098E-2
1.948500E-7	3.412533E-2
1.949000E-7	3.408080E-2
1.949500E-7	3.406367E-2
1.950000E-7	3.406709E-2
1.950500E-7	3.409450E-2
1.951000E-7	3.415103E-2
1.951500E-7	3.422982E-2
1.952000E-7	3.429492E-2
1.952500E-7	3.433774E-2
1.953000E-7	3.438056E-2
1.953500E-7	3.441825E-2
1.954000E-7	3.441311E-2
1.954500E-7	3.438741E-2
1.955000E-7	3.438570E-2
1.955500E-7	3.439427E-2
1.956000E-7	3.440112E-2
1.956500E-7	3.440283E-2
1.957000E-7	3.441482E-2
1.957500E-7	3.443709E-2
1.958000E-7	3.445251E-2
1.958500E-7	3.444394E-2
1.959000E-7	3.440626E-2
1.959500E-7	3.436343E-2
1.960000E-7	3.433260E-2
1.960500E-7	3.430862E-2
1.961000E-7	3.426580E-2
1.961500E-7	3.423154E-2
1.962000E-7	3.421269E-2
1.962500E-7	3.422297E-2
1.963000E-7	3.425552E-2
1.963500E-7	3.430005E-2
1.964000E-7	3.435487E-2
1.964500E-7	3.441654E-2
1.965000E-7	3.446621E-2
1.965500E-7	3.449019E-2
1.966000E-7	3.449362E-2
1.966500E-7	3.449190E-2
1.967000E-7	3.449533E-2
1.967500E-7	3.448505E-2
1.968000E-7	3.446792E-2
1.968500E-7	3.444052E-2
1.969000E-7	3.441140E-2
1.969500E-7	3.437200E-2
1.970000E-7	3.432061E-2
1.970500E-7	3.426066E-2
1.971000E-7	3.419043E-2
1.971500E-7	3.410992E-2
1.972000E-7	3.402770E-2
1.972500E-7	3.394719E-2
1.973000E-7	3.387011E-2
1.973500E-7	3.381529E-2
1.974000E-7	3.379131E-2
1.974500E-7	3.377418E-2
1.975000E-7	3.374677E-2
1.975500E-7	3.374677E-2
1.976000E-7	3.378617E-2
1.976500E-7	3.383756E-2
1.977000E-7	3.387696E-2
1.977500E-7	3.393348E-2
1.978000E-7	3.401228E-2
1.978500E-7	3.410821E-2
1.979000E-7	3.421441E-2
1.979500E-7	3.433603E-2
1.980000E-7	3.446792E-2
1.980500E-7	3.461181E-2
1.981000E-7	3.476426E-2
1.981500E-7	3.488931E-2
1.982000E-7	3.496639E-2
1.982500E-7	3.502463E-2
1.983000E-7	3.505204E-2
1.983500E-7	3.501093E-2
1.984000E-7	3.489445E-2
1.984500E-7	3.472829E-2
1.985000E-7	3.452445E-2
1.985500E-7	3.429149E-2
1.986000E-7	3.404825E-2
1.986500E-7	3.382386E-2
1.987000E-7	3.363543E-2
1.987500E-7	3.348469E-2
1.988000E-7	3.339048E-2
1.988500E-7	3.334766E-2
1.989000E-7	3.336136E-2
1.989500E-7	3.343330E-2
1.990000E-7	3.351895E-2
1.990500E-7	3.359775E-2
1.991000E-7	3.369881E-2
1.991500E-7	3.381529E-2
1.992000E-7	3.390265E-2
1.992500E-7	3.394376E-2
1.993000E-7	3.398316E-2
1.993500E-7	3.401399E-2
1.994000E-7	3.400885E-2
1.994500E-7	3.398830E-2
1.995000E-7	3.397288E-2
1.995500E-7	3.394890E-2
1.996000E-7	3.390608E-2
1.996500E-7	3.386325E-2
1.997000E-7	3.383756E-2
1.997500E-7	3.379131E-2
1.998000E-7	3.371937E-2
1.998500E-7	3.364742E-2
1.999000E-7	3.358062E-2
1.999500E-7	3.347613E-2
2.000000E-7	3.334594E-2
