Study Name	PremaTech_CVD_SiC_HeandSi
Sample Name	2025-10-11
Run Name	spot04
Operator	Keshav
Date	10/11/2025
Time	16:36
Sign	FIX
Grating Spacing	06.40um
Channel	3
Number Traces	10000
Files in Batch	1
Batch Number	94
dt	50.000001E-12
time stamp (ms)	6:16:54 PM
	
Time	Amplitude
0.000000E+0	3.151917E-4
5.000000E-11	2.894974E-4
1.000000E-10	2.295442E-4
1.500000E-10	2.312571E-4
2.000000E-10	2.809325E-4
2.500000E-10	2.740807E-4
3.000000E-10	2.757937E-4
3.500000E-10	3.288950E-4
4.000000E-10	3.460244E-4
4.500000E-10	3.357467E-4
5.000000E-10	3.717186E-4
5.500000E-10	4.008386E-4
6.000000E-10	3.991257E-4
6.500000E-10	4.368106E-4
7.000000E-10	4.899119E-4
7.500000E-10	5.001897E-4
8.000000E-10	5.293098E-4
8.500000E-10	5.858370E-4
9.000000E-10	6.115313E-4
9.500000E-10	6.166702E-4
1.000000E-9	6.218090E-4
1.050000E-9	5.978277E-4
1.100000E-9	5.532911E-4
1.150000E-9	5.190321E-4
1.200000E-9	4.676437E-4
1.250000E-9	4.025517E-4
1.300000E-9	3.700057E-4
1.350000E-9	3.580151E-4
1.400000E-9	3.494504E-4
1.450000E-9	3.819965E-4
1.500000E-9	4.402367E-4
1.550000E-9	4.899123E-4
1.600000E-9	5.567173E-4
1.650000E-9	6.337999E-4
1.700000E-9	6.920401E-4
1.750000E-9	7.400026E-4
1.800000E-9	7.931039E-4
1.850000E-9	7.965297E-4
1.900000E-9	7.519929E-4
1.950000E-9	7.040302E-4
2.000000E-9	6.440769E-4
2.050000E-9	5.361611E-4
2.100000E-9	4.179677E-4
2.150000E-9	3.066261E-4
2.200000E-9	1.969976E-4
2.250000E-9	1.250538E-4
2.300000E-9	9.935975E-5
2.350000E-9	8.736928E-5
2.400000E-9	9.422124E-5
2.450000E-9	1.610263E-4
2.500000E-9	2.655162E-4
2.550000E-9	3.460248E-4
2.600000E-9	4.299592E-4
2.650000E-9	5.310231E-4
2.700000E-9	6.132445E-4
2.750000E-9	6.594940E-4
2.800000E-9	6.920399E-4
2.850000E-9	7.074564E-4
2.900000E-9	7.108822E-4
2.950000E-9	7.006045E-4
3.000000E-9	6.714844E-4
3.050000E-9	6.286608E-4
3.100000E-9	5.687077E-4
3.150000E-9	4.762087E-4
3.200000E-9	3.717190E-4
3.250000E-9	2.877847E-4
3.300000E-9	2.124151E-4
3.350000E-9	1.284808E-4
3.400000E-9	6.681465E-5
3.450000E-9	3.255569E-5
3.500000E-9	2.056500E-5
3.550000E-9	3.255553E-5
3.600000E-9	7.537911E-5
3.650000E-9	1.301933E-4
3.700000E-9	1.867205E-4
3.750000E-9	2.552384E-4
3.800000E-9	3.237563E-4
3.850000E-9	3.734319E-4
3.900000E-9	3.888485E-4
3.950000E-9	3.751451E-4
4.000000E-9	3.443122E-4
4.050000E-9	3.049146E-4
4.100000E-9	2.740817E-4
4.150000E-9	2.535265E-4
4.200000E-9	2.432488E-4
4.250000E-9	2.518136E-4
4.300000E-9	2.877854E-4
4.350000E-9	3.357478E-4
4.400000E-9	3.819972E-4
4.450000E-9	4.470890E-4
4.500000E-9	5.361620E-4
4.550000E-9	6.166702E-4
4.600000E-9	6.800490E-4
4.650000E-9	7.314372E-4
4.700000E-9	7.759736E-4
4.750000E-9	8.033806E-4
4.800000E-9	8.119453E-4
4.850000E-9	8.187971E-4
4.900000E-9	8.205101E-4
4.950000E-9	8.170842E-4
5.000000E-9	7.948159E-4
5.050000E-9	7.365758E-4
5.100000E-9	6.663451E-4
5.150000E-9	5.824108E-4
5.200000E-9	4.556528E-4
5.250000E-9	2.877842E-4
5.300000E-9	1.216284E-4
5.350000E-9	-2.739782E-5
5.400000E-9	-1.747111E-4
5.450000E-9	-3.134597E-4
5.500000E-9	-4.093847E-4
5.550000E-9	-4.162364E-4
5.600000E-9	-3.460055E-4
5.650000E-9	-2.312381E-4
5.700000E-9	-7.707287E-5
5.750000E-9	1.301936E-4
5.800000E-9	3.511636E-4
5.850000E-9	5.293100E-4
5.900000E-9	6.697715E-4
5.950000E-9	7.742612E-4
6.000000E-9	8.050941E-4
6.050000E-9	7.537057E-4
6.100000E-9	6.560677E-4
6.150000E-9	5.293096E-4
6.200000E-9	3.888480E-4
6.250000E-9	2.792195E-4
6.300000E-9	1.884335E-4
6.350000E-9	1.079251E-4
6.400000E-9	8.394394E-5
6.450000E-9	1.164900E-4
6.500000E-9	1.558879E-4
6.550000E-9	1.901469E-4
6.600000E-9	2.569518E-4
6.650000E-9	3.408862E-4
6.700000E-9	4.042652E-4
6.750000E-9	4.727830E-4
6.800000E-9	5.584302E-4
6.850000E-9	6.303738E-4
6.900000E-9	6.800491E-4
6.950000E-9	7.331503E-4
7.000000E-9	7.879645E-4
7.050000E-9	8.239362E-4
7.100000E-9	8.290749E-4
7.150000E-9	7.879642E-4
7.200000E-9	7.108816E-4
7.250000E-9	6.098177E-4
7.300000E-9	4.727821E-4
7.350000E-9	3.220428E-4
7.400000E-9	1.867202E-4
7.450000E-9	8.223060E-5
7.500000E-9	9.286396E-9
7.550000E-9	-2.739777E-5
7.600000E-9	1.885185E-5
7.650000E-9	1.147769E-4
7.700000E-9	2.535256E-4
7.750000E-9	4.231074E-4
7.800000E-9	6.029668E-4
7.850000E-9	7.811133E-4
7.900000E-9	9.352785E-4
7.950000E-9	1.043194E-3
8.000000E-9	1.103147E-3
8.050000E-9	1.128842E-3
8.100000E-9	1.103147E-3
8.150000E-9	1.036342E-3
8.200000E-9	9.643987E-4
8.250000E-9	8.958808E-4
8.300000E-9	8.187982E-4
8.350000E-9	7.588450E-4
8.400000E-9	7.280119E-4
8.450000E-9	7.125954E-4
8.500000E-9	7.074565E-4
8.550000E-9	7.160212E-4
8.600000E-9	7.194471E-4
8.650000E-9	6.886141E-4
8.700000E-9	6.286610E-4
8.750000E-9	5.687078E-4
8.800000E-9	5.036158E-4
8.850000E-9	4.213944E-4
8.900000E-9	3.357471E-4
8.950000E-9	2.620903E-4
9.000000E-9	2.021371E-4
9.050000E-9	1.576004E-4
9.100000E-9	1.353320E-4
9.150000E-9	1.284802E-4
9.200000E-9	1.336190E-4
9.250000E-9	1.610262E-4
9.300000E-9	2.038499E-4
9.350000E-9	2.603773E-4
9.400000E-9	3.254695E-4
9.450000E-9	4.008393E-4
9.500000E-9	4.727832E-4
9.550000E-9	5.738473E-4
9.600000E-9	6.920407E-4
9.650000E-9	7.982435E-4
9.700000E-9	8.787520E-4
9.750000E-9	9.558345E-4
9.800000E-9	1.003797E-3
9.850000E-9	1.008936E-3
9.900000E-9	9.832412E-4
9.950000E-9	9.335656E-4
1.000000E-8	8.513441E-4
1.005000E-8	7.485672E-4
1.010000E-8	6.355127E-4
1.015000E-8	5.395876E-4
1.020000E-8	4.796345E-4
1.025000E-8	4.402367E-4
1.030000E-8	4.213944E-4
1.035000E-8	4.539404E-4
1.040000E-8	5.447266E-4
1.045000E-8	6.303739E-4
1.050000E-8	7.023176E-4
1.055000E-8	7.759743E-4
1.060000E-8	8.530568E-4
1.065000E-8	9.044451E-4
1.070000E-8	9.352781E-4
1.075000E-8	9.301392E-4
1.080000E-8	8.941673E-4
1.085000E-8	8.462047E-4
1.090000E-8	7.896774E-4
1.095000E-8	7.023171E-4
1.100000E-8	6.081050E-4
1.105000E-8	5.275965E-4
1.110000E-8	4.556527E-4
1.115000E-8	3.819961E-4
1.120000E-8	3.169041E-4
1.125000E-8	2.740805E-4
1.130000E-8	2.381086E-4
1.135000E-8	2.192663E-4
1.140000E-8	2.158405E-4
1.145000E-8	2.226924E-4
1.150000E-8	2.209795E-4
1.155000E-8	2.192667E-4
1.160000E-8	2.278315E-4
1.165000E-8	2.209798E-4
1.170000E-8	1.969987E-4
1.175000E-8	1.764434E-4
1.180000E-8	1.541750E-4
1.185000E-8	1.250549E-4
1.190000E-8	1.044995E-4
1.195000E-8	9.764764E-5
1.200000E-8	1.182029E-4
1.205000E-8	1.747300E-4
1.210000E-8	2.415348E-4
1.215000E-8	3.066267E-4
1.220000E-8	3.785704E-4
1.225000E-8	4.556529E-4
1.230000E-8	5.156059E-4
1.235000E-8	5.755590E-4
1.240000E-8	6.320861E-4
1.245000E-8	6.509285E-4
1.250000E-8	6.440766E-4
1.255000E-8	6.406506E-4
1.260000E-8	6.303729E-4
1.265000E-8	6.029657E-4
1.270000E-8	5.824104E-4
1.275000E-8	5.669939E-4
1.280000E-8	5.327350E-4
1.285000E-8	4.899113E-4
1.290000E-8	4.522265E-4
1.295000E-8	4.094029E-4
1.300000E-8	3.700052E-4
1.305000E-8	3.306075E-4
1.310000E-8	2.809321E-4
1.315000E-8	2.483863E-4
1.320000E-8	2.363957E-4
1.325000E-8	2.261182E-4
1.330000E-8	2.192665E-4
1.335000E-8	2.500996E-4
1.340000E-8	3.100528E-4
1.345000E-8	3.854225E-4
1.350000E-8	4.453757E-4
1.355000E-8	4.984770E-4
1.360000E-8	5.738466E-4
1.365000E-8	6.560680E-4
1.370000E-8	6.851880E-4
1.375000E-8	6.440771E-4
1.380000E-8	5.824109E-4
1.385000E-8	5.138930E-4
1.390000E-8	4.470880E-4
1.395000E-8	3.888477E-4
1.400000E-8	3.254687E-4
1.405000E-8	2.792192E-4
1.410000E-8	2.980616E-4
1.415000E-8	3.614407E-4
1.420000E-8	4.076903E-4
1.425000E-8	4.693563E-4
1.430000E-8	5.669943E-4
1.435000E-8	6.475028E-4
1.440000E-8	7.177336E-4
1.445000E-8	8.016680E-4
1.450000E-8	8.307881E-4
1.455000E-8	8.102329E-4
1.460000E-8	8.102329E-4
1.465000E-8	7.999552E-4
1.470000E-8	7.365763E-4
1.475000E-8	6.954657E-4
1.480000E-8	6.886139E-4
1.485000E-8	6.235220E-4
1.490000E-8	5.498654E-4
1.495000E-8	5.909760E-4
1.500000E-8	6.492161E-4
1.505000E-8	5.824112E-4
1.510000E-8	4.625050E-4
1.515000E-8	3.905611E-4
1.520000E-8	3.494504E-4
1.525000E-8	3.014879E-4
1.530000E-8	2.535254E-4
1.535000E-8	1.832946E-4
1.540000E-8	1.079250E-4
1.545000E-8	9.422136E-5
1.550000E-8	9.936019E-5
1.555000E-8	5.996247E-5
1.560000E-8	4.625891E-5
1.565000E-8	9.764730E-5
1.570000E-8	1.387581E-4
1.575000E-8	1.404712E-4
1.580000E-8	1.421842E-4
1.585000E-8	1.541750E-4
1.590000E-8	1.952859E-4
1.595000E-8	3.032017E-4
1.600000E-8	4.008397E-4
1.605000E-8	4.196822E-4
1.610000E-8	4.453765E-4
1.615000E-8	5.207461E-4
1.620000E-8	5.635697E-4
1.625000E-8	5.635695E-4
1.630000E-8	5.704210E-4
1.635000E-8	5.361619E-4
1.640000E-8	4.505145E-4
1.645000E-8	3.768576E-4
1.650000E-8	2.792195E-4
1.655000E-8	1.387580E-4
1.660000E-8	7.709193E-5
1.665000E-8	1.113509E-4
1.670000E-8	1.147768E-4
1.675000E-8	1.027863E-4
1.680000E-8	2.004243E-4
1.685000E-8	3.288953E-4
1.690000E-8	3.425989E-4
1.695000E-8	2.894976E-4
1.700000E-8	2.877846E-4
1.705000E-8	3.117658E-4
1.710000E-8	2.672291E-4
1.715000E-8	1.884335E-4
1.720000E-8	1.456098E-4
1.725000E-8	1.438967E-4
1.730000E-8	1.695908E-4
1.735000E-8	2.466733E-4
1.740000E-8	3.939866E-4
1.745000E-8	5.824107E-4
1.750000E-8	7.793995E-4
1.755000E-8	9.746754E-4
1.760000E-8	1.135692E-3
1.765000E-8	1.236756E-3
1.770000E-8	1.277867E-3
1.775000E-8	1.262450E-3
1.780000E-8	1.188794E-3
1.785000E-8	1.082591E-3
1.790000E-8	9.883793E-4
1.795000E-8	9.232874E-4
1.800000E-8	9.010191E-4
1.805000E-8	9.438427E-4
1.810000E-8	1.063749E-3
1.815000E-8	1.260737E-3
1.820000E-8	1.555364E-3
1.825000E-8	1.971610E-3
1.830000E-8	2.530030E-3
1.835000E-8	3.246041E-3
1.840000E-8	4.201865E-3
1.845000E-8	5.505416E-3
1.850000E-8	7.237204E-3
1.855000E-8	9.477738E-3
1.860000E-8	1.235720E-2
1.865000E-8	1.600578E-2
1.870000E-8	2.042004E-2
1.875000E-8	2.550920E-2
1.880000E-8	3.121160E-2
1.885000E-8	3.738163E-2
1.890000E-8	4.373666E-2
1.895000E-8	4.992725E-2
1.900000E-8	5.571530E-2
1.905000E-8	6.087127E-2
1.910000E-8	6.505943E-2
1.915000E-8	6.798686E-2
1.920000E-8	6.961416E-2
1.925000E-8	7.004583E-2
1.930000E-8	6.938464E-2
1.935000E-8	6.788410E-2
1.940000E-8	6.590565E-2
1.945000E-8	6.377132E-2
1.950000E-8	6.174148E-2
1.955000E-8	6.019983E-2
1.960000E-8	5.942557E-2
1.965000E-8	5.944613E-2
1.970000E-8	6.024093E-2
1.975000E-8	6.182369E-2
1.980000E-8	6.407792E-2
1.985000E-8	6.676039E-2
1.990000E-8	6.967068E-2
1.995000E-8	7.256042E-2
2.000000E-8	7.508530E-2
2.005000E-8	7.702950E-2
2.010000E-8	7.834161E-2
2.015000E-8	7.894286E-2
2.020000E-8	7.875787E-2
2.025000E-8	7.781575E-2
2.030000E-8	7.619360E-2
2.035000E-8	7.410209E-2
2.040000E-8	7.187013E-2
2.045000E-8	6.974094E-2
2.050000E-8	6.783443E-2
2.055000E-8	6.636815E-2
2.060000E-8	6.558875E-2
2.065000E-8	6.550310E-2
2.070000E-8	6.601870E-2
2.075000E-8	6.716294E-2
2.080000E-8	6.891014E-2
2.085000E-8	7.105475E-2
2.090000E-8	7.337579E-2
2.095000E-8	7.567627E-2
2.100000E-8	7.771639E-2
2.105000E-8	7.936596E-2
2.110000E-8	8.056673E-2
2.115000E-8	8.115770E-2
2.120000E-8	8.098812E-2
2.125000E-8	8.011281E-2
2.130000E-8	7.870135E-2
2.135000E-8	7.687535E-2
2.140000E-8	7.479412E-2
2.145000E-8	7.265808E-2
2.150000E-8	7.068820E-2
2.155000E-8	6.910886E-2
2.160000E-8	6.806053E-2
2.165000E-8	6.757406E-2
2.170000E-8	6.768025E-2
2.175000E-8	6.845450E-2
2.180000E-8	6.980259E-2
2.185000E-8	7.150525E-2
2.190000E-8	7.345116E-2
2.195000E-8	7.556835E-2
2.200000E-8	7.763245E-2
2.205000E-8	7.933512E-2
2.210000E-8	8.051877E-2
2.215000E-8	8.114057E-2
2.220000E-8	8.118169E-2
2.225000E-8	8.058730E-2
2.230000E-8	7.938310E-2
2.235000E-8	7.775752E-2
2.240000E-8	7.591610E-2
2.245000E-8	7.401473E-2
2.250000E-8	7.221957E-2
2.255000E-8	7.077384E-2
2.260000E-8	6.983001E-2
2.265000E-8	6.940519E-2
2.270000E-8	6.951482E-2
2.275000E-8	7.018115E-2
2.280000E-8	7.133567E-2
2.285000E-8	7.286533E-2
2.290000E-8	7.465536E-2
2.295000E-8	7.652075E-2
2.300000E-8	7.826111E-2
2.305000E-8	7.971197E-2
2.310000E-8	8.073974E-2
2.315000E-8	8.127418E-2
2.320000E-8	8.126048E-2
2.325000E-8	8.066952E-2
2.330000E-8	7.953213E-2
2.335000E-8	7.798363E-2
2.340000E-8	7.623128E-2
2.345000E-8	7.439158E-2
2.350000E-8	7.259813E-2
2.355000E-8	7.111300E-2
2.360000E-8	7.010579E-2
2.365000E-8	6.959190E-2
2.370000E-8	6.958676E-2
2.375000E-8	7.011949E-2
2.380000E-8	7.114211E-2
2.385000E-8	7.252103E-2
2.390000E-8	7.416203E-2
2.395000E-8	7.592979E-2
2.400000E-8	7.763931E-2
2.405000E-8	7.908503E-2
2.410000E-8	8.013165E-2
2.415000E-8	8.069521E-2
2.420000E-8	8.075688E-2
2.425000E-8	8.030466E-2
2.430000E-8	7.935569E-2
2.435000E-8	7.800075E-2
2.440000E-8	7.640429E-2
2.445000E-8	7.472218E-2
2.450000E-8	7.310687E-2
2.455000E-8	7.174337E-2
2.460000E-8	7.077898E-2
2.465000E-8	7.027366E-2
2.470000E-8	7.022398E-2
2.475000E-8	7.064707E-2
2.480000E-8	7.152067E-2
2.485000E-8	7.274200E-2
2.490000E-8	7.421685E-2
2.495000E-8	7.583558E-2
2.500000E-8	7.741834E-2
2.505000E-8	7.879384E-2
2.510000E-8	7.983359E-2
2.515000E-8	8.043827E-2
2.520000E-8	8.057530E-2
2.525000E-8	8.025670E-2
2.530000E-8	7.950300E-2
2.535000E-8	7.837246E-2
2.540000E-8	7.701752E-2
2.545000E-8	7.558550E-2
2.550000E-8	7.421686E-2
2.555000E-8	7.304349E-2
2.560000E-8	7.217845E-2
2.565000E-8	7.169711E-2
2.570000E-8	7.163031E-2
2.575000E-8	7.200715E-2
2.580000E-8	7.278825E-2
2.585000E-8	7.388111E-2
2.590000E-8	7.519151E-2
2.595000E-8	7.660127E-2
2.600000E-8	7.796648E-2
2.605000E-8	7.915013E-2
2.610000E-8	8.008369E-2
2.615000E-8	8.071748E-2
2.620000E-8	8.098812E-2
2.625000E-8	8.088192E-2
2.630000E-8	8.042114E-2
2.635000E-8	7.965375E-2
2.640000E-8	7.865339E-2
2.645000E-8	7.753141E-2
2.650000E-8	7.642313E-2
2.655000E-8	7.543990E-2
2.660000E-8	7.467250E-2
2.665000E-8	7.417403E-2
2.670000E-8	7.400274E-2
2.675000E-8	7.417574E-2
2.680000E-8	7.465365E-2
2.685000E-8	7.537823E-2
2.690000E-8	7.629979E-2
2.695000E-8	7.735839E-2
2.700000E-8	7.845810E-2
2.705000E-8	7.946702E-2
2.710000E-8	8.030294E-2
2.715000E-8	8.090076E-2
2.720000E-8	8.121766E-2
2.725000E-8	8.117655E-2
2.730000E-8	8.079114E-2
2.735000E-8	8.010596E-2
2.740000E-8	7.917755E-2
2.745000E-8	7.809154E-2
2.750000E-8	7.699868E-2
2.755000E-8	7.600003E-2
2.760000E-8	7.516926E-2
2.765000E-8	7.456972E-2
2.770000E-8	7.428709E-2
2.775000E-8	7.436588E-2
2.780000E-8	7.478041E-2
2.785000E-8	7.546045E-2
2.790000E-8	7.636660E-2
2.795000E-8	7.742006E-2
2.800000E-8	7.849407E-2
2.805000E-8	7.944818E-2
2.810000E-8	8.018304E-2
2.815000E-8	8.065239E-2
2.820000E-8	8.079114E-2
2.825000E-8	8.056503E-2
2.830000E-8	8.002545E-2
2.835000E-8	7.927004E-2
2.840000E-8	7.837760E-2
2.845000E-8	7.740807E-2
2.850000E-8	7.645568E-2
2.855000E-8	7.564203E-2
2.860000E-8	7.501509E-2
2.865000E-8	7.459713E-2
2.870000E-8	7.444125E-2
2.875000E-8	7.457657E-2
2.880000E-8	7.496198E-2
2.885000E-8	7.556665E-2
2.890000E-8	7.635974E-2
2.895000E-8	7.724705E-2
2.900000E-8	7.812579E-2
2.905000E-8	7.893601E-2
2.910000E-8	7.961948E-2
2.915000E-8	8.009739E-2
2.920000E-8	8.029438E-2
2.925000E-8	8.020017E-2
2.930000E-8	7.984559E-2
2.935000E-8	7.928375E-2
2.940000E-8	7.855746E-2
2.945000E-8	7.772497E-2
2.950000E-8	7.688563E-2
2.955000E-8	7.613536E-2
2.960000E-8	7.550499E-2
2.965000E-8	7.504421E-2
2.970000E-8	7.482838E-2
2.975000E-8	7.487120E-2
2.980000E-8	7.512300E-2
2.985000E-8	7.555295E-2
2.990000E-8	7.612678E-2
2.995000E-8	7.680682E-2
3.000000E-8	7.753311E-2
3.005000E-8	7.824056E-2
3.010000E-8	7.885208E-2
3.015000E-8	7.929059E-2
3.020000E-8	7.951499E-2
3.025000E-8	7.949786E-2
3.030000E-8	7.923236E-2
3.035000E-8	7.876301E-2
3.040000E-8	7.816862E-2
3.045000E-8	7.747316E-2
3.050000E-8	7.671947E-2
3.055000E-8	7.600003E-2
3.060000E-8	7.541249E-2
3.065000E-8	7.498083E-2
3.070000E-8	7.473588E-2
3.075000E-8	7.472560E-2
3.080000E-8	7.493971E-2
3.085000E-8	7.533198E-2
3.090000E-8	7.587327E-2
3.095000E-8	7.650534E-2
3.100000E-8	7.713057E-2
3.105000E-8	7.768556E-2
3.110000E-8	7.812750E-2
3.115000E-8	7.842556E-2
3.120000E-8	7.855917E-2
3.125000E-8	7.852320E-2
3.130000E-8	7.832278E-2
3.135000E-8	7.795964E-2
3.140000E-8	7.749372E-2
3.145000E-8	7.695928E-2
3.150000E-8	7.639230E-2
3.155000E-8	7.588355E-2
3.160000E-8	7.548615E-2
3.165000E-8	7.517268E-2
3.170000E-8	7.497055E-2
3.175000E-8	7.496884E-2
3.180000E-8	7.515726E-2
3.185000E-8	7.545702E-2
3.190000E-8	7.584929E-2
3.195000E-8	7.631692E-2
3.200000E-8	7.679655E-2
3.205000E-8	7.721108E-2
3.210000E-8	7.755538E-2
3.215000E-8	7.781575E-2
3.220000E-8	7.794936E-2
3.225000E-8	7.793566E-2
3.230000E-8	7.779862E-2
3.235000E-8	7.755367E-2
3.240000E-8	7.722650E-2
3.245000E-8	7.684280E-2
3.250000E-8	7.644368E-2
3.255000E-8	7.607540E-2
3.260000E-8	7.577564E-2
3.265000E-8	7.554439E-2
3.270000E-8	7.541763E-2
3.275000E-8	7.542277E-2
3.280000E-8	7.553582E-2
3.285000E-8	7.571225E-2
3.290000E-8	7.594350E-2
3.295000E-8	7.623127E-2
3.300000E-8	7.652933E-2
3.305000E-8	7.679483E-2
3.310000E-8	7.700553E-2
3.315000E-8	7.712886E-2
3.320000E-8	7.716140E-2
3.325000E-8	7.711858E-2
3.330000E-8	7.699182E-2
3.335000E-8	7.676400E-2
3.340000E-8	7.646938E-2
3.345000E-8	7.614392E-2
3.350000E-8	7.582702E-2
3.355000E-8	7.552897E-2
3.360000E-8	7.530457E-2
3.365000E-8	7.516411E-2
3.370000E-8	7.510244E-2
3.375000E-8	7.513156E-2
3.380000E-8	7.528744E-2
3.385000E-8	7.554781E-2
3.390000E-8	7.584929E-2
3.395000E-8	7.615762E-2
3.400000E-8	7.647280E-2
3.405000E-8	7.676743E-2
3.410000E-8	7.699696E-2
3.415000E-8	7.715113E-2
3.420000E-8	7.722650E-2
3.425000E-8	7.719395E-2
3.430000E-8	7.705006E-2
3.435000E-8	7.681368E-2
3.440000E-8	7.651905E-2
3.445000E-8	7.616961E-2
3.450000E-8	7.578591E-2
3.455000E-8	7.540906E-2
3.460000E-8	7.509388E-2
3.465000E-8	7.486263E-2
3.470000E-8	7.472217E-2
3.475000E-8	7.469990E-2
3.480000E-8	7.480268E-2
3.485000E-8	7.500309E-2
3.490000E-8	7.528059E-2
3.495000E-8	7.560776E-2
3.500000E-8	7.595035E-2
3.505000E-8	7.627581E-2
3.510000E-8	7.653618E-2
3.515000E-8	7.671946E-2
3.520000E-8	7.679483E-2
3.525000E-8	7.675201E-2
3.530000E-8	7.659956E-2
3.535000E-8	7.637174E-2
3.540000E-8	7.610281E-2
3.545000E-8	7.577392E-2
3.550000E-8	7.540564E-2
3.555000E-8	7.506819E-2
3.560000E-8	7.480268E-2
3.565000E-8	7.460912E-2
3.570000E-8	7.450463E-2
3.575000E-8	7.448750E-2
3.580000E-8	7.457143E-2
3.585000E-8	7.476157E-2
3.590000E-8	7.504078E-2
3.595000E-8	7.537480E-2
3.600000E-8	7.572767E-2
3.605000E-8	7.605998E-2
3.610000E-8	7.631350E-2
3.615000E-8	7.647451E-2
3.620000E-8	7.656359E-2
3.625000E-8	7.654988E-2
3.630000E-8	7.637345E-2
3.635000E-8	7.607882E-2
3.640000E-8	7.572082E-2
3.645000E-8	7.531485E-2
3.650000E-8	7.491231E-2
3.655000E-8	7.456287E-2
3.660000E-8	7.429051E-2
3.665000E-8	7.410551E-2
3.670000E-8	7.405755E-2
3.675000E-8	7.415518E-2
3.680000E-8	7.435731E-2
3.685000E-8	7.462111E-2
3.690000E-8	7.492944E-2
3.695000E-8	7.524462E-2
3.700000E-8	7.554438E-2
3.705000E-8	7.578591E-2
3.710000E-8	7.596405E-2
3.715000E-8	7.607026E-2
3.720000E-8	7.609253E-2
3.725000E-8	7.601716E-2
3.730000E-8	7.585443E-2
3.735000E-8	7.565401E-2
3.740000E-8	7.542962E-2
3.745000E-8	7.516925E-2
3.750000E-8	7.490374E-2
3.755000E-8	7.469134E-2
3.760000E-8	7.453032E-2
3.765000E-8	7.439671E-2
3.770000E-8	7.429736E-2
3.775000E-8	7.426481E-2
3.780000E-8	7.429051E-2
3.785000E-8	7.433847E-2
3.790000E-8	7.442754E-2
3.795000E-8	7.457486E-2
3.800000E-8	7.473587E-2
3.805000E-8	7.487633E-2
3.810000E-8	7.498254E-2
3.815000E-8	7.506647E-2
3.820000E-8	7.511786E-2
3.825000E-8	7.511615E-2
3.830000E-8	7.505619E-2
3.835000E-8	7.495342E-2
3.840000E-8	7.482666E-2
3.845000E-8	7.467763E-2
3.850000E-8	7.450634E-2
3.855000E-8	7.434875E-2
3.860000E-8	7.419972E-2
3.865000E-8	7.405241E-2
3.870000E-8	7.393764E-2
3.875000E-8	7.390681E-2
3.880000E-8	7.396334E-2
3.885000E-8	7.408667E-2
3.890000E-8	7.426310E-2
3.895000E-8	7.447551E-2
3.900000E-8	7.471189E-2
3.905000E-8	7.492944E-2
3.910000E-8	7.509730E-2
3.915000E-8	7.521721E-2
3.920000E-8	7.525490E-2
3.925000E-8	7.518809E-2
3.930000E-8	7.503564E-2
3.935000E-8	7.483351E-2
3.940000E-8	7.457657E-2
3.945000E-8	7.428023E-2
3.950000E-8	7.400445E-2
3.955000E-8	7.377662E-2
3.960000E-8	7.357792E-2
3.965000E-8	7.341691E-2
3.970000E-8	7.333811E-2
3.975000E-8	7.336723E-2
3.980000E-8	7.348028E-2
3.985000E-8	7.366186E-2
3.990000E-8	7.387769E-2
3.995000E-8	7.410380E-2
4.000000E-8	7.431277E-2
4.005000E-8	7.447037E-2
4.010000E-8	7.454231E-2
4.015000E-8	7.455773E-2
4.020000E-8	7.452004E-2
4.025000E-8	7.441213E-2
4.030000E-8	7.422542E-2
4.035000E-8	7.399417E-2
4.040000E-8	7.375778E-2
4.045000E-8	7.352482E-2
4.050000E-8	7.332269E-2
4.055000E-8	7.319080E-2
4.060000E-8	7.314112E-2
4.065000E-8	7.317709E-2
4.070000E-8	7.327130E-2
4.075000E-8	7.342547E-2
4.080000E-8	7.361047E-2
4.085000E-8	7.378690E-2
4.090000E-8	7.391195E-2
4.095000E-8	7.399931E-2
4.100000E-8	7.406268E-2
4.105000E-8	7.408153E-2
4.110000E-8	7.402843E-2
4.115000E-8	7.393250E-2
4.120000E-8	7.384514E-2
4.125000E-8	7.376121E-2
4.130000E-8	7.366186E-2
4.135000E-8	7.357107E-2
4.140000E-8	7.353681E-2
4.145000E-8	7.355394E-2
4.150000E-8	7.355908E-2
4.155000E-8	7.355565E-2
4.160000E-8	7.356079E-2
4.165000E-8	7.356936E-2
4.170000E-8	7.358306E-2
4.175000E-8	7.362931E-2
4.180000E-8	7.371667E-2
4.185000E-8	7.383315E-2
4.190000E-8	7.396847E-2
4.195000E-8	7.412606E-2
4.200000E-8	7.427509E-2
4.205000E-8	7.438301E-2
4.210000E-8	7.444638E-2
4.215000E-8	7.449949E-2
4.220000E-8	7.453032E-2
4.225000E-8	7.450976E-2
4.230000E-8	7.441898E-2
4.235000E-8	7.427852E-2
4.240000E-8	7.410893E-2
4.245000E-8	7.391709E-2
4.250000E-8	7.370125E-2
4.255000E-8	7.349741E-2
4.260000E-8	7.332954E-2
4.265000E-8	7.319251E-2
4.270000E-8	7.306746E-2
4.275000E-8	7.298524E-2
4.280000E-8	7.297668E-2
4.285000E-8	7.303492E-2
4.290000E-8	7.313769E-2
4.295000E-8	7.326103E-2
4.300000E-8	7.338778E-2
4.305000E-8	7.350769E-2
4.310000E-8	7.360704E-2
4.315000E-8	7.367898E-2
4.320000E-8	7.372523E-2
4.325000E-8	7.375607E-2
4.330000E-8	7.373723E-2
4.335000E-8	7.369269E-2
4.340000E-8	7.363102E-2
4.345000E-8	7.351283E-2
4.350000E-8	7.335010E-2
4.355000E-8	7.320621E-2
4.360000E-8	7.310686E-2
4.365000E-8	7.300237E-2
4.370000E-8	7.290473E-2
4.375000E-8	7.285506E-2
4.380000E-8	7.282080E-2
4.385000E-8	7.279682E-2
4.390000E-8	7.281737E-2
4.395000E-8	7.289446E-2
4.400000E-8	7.297154E-2
4.405000E-8	7.304006E-2
4.410000E-8	7.309658E-2
4.415000E-8	7.315482E-2
4.420000E-8	7.320792E-2
4.425000E-8	7.322848E-2
4.430000E-8	7.319422E-2
4.435000E-8	7.312570E-2
4.440000E-8	7.302978E-2
4.445000E-8	7.289446E-2
4.450000E-8	7.272316E-2
4.455000E-8	7.253302E-2
4.460000E-8	7.234460E-2
4.465000E-8	7.217159E-2
4.470000E-8	7.205511E-2
4.475000E-8	7.199516E-2
4.480000E-8	7.198831E-2
4.485000E-8	7.204997E-2
4.490000E-8	7.218530E-2
4.495000E-8	7.236687E-2
4.500000E-8	7.257413E-2
4.505000E-8	7.280367E-2
4.510000E-8	7.301265E-2
4.515000E-8	7.317538E-2
4.520000E-8	7.332783E-2
4.525000E-8	7.343403E-2
4.530000E-8	7.343917E-2
4.535000E-8	7.336380E-2
4.540000E-8	7.326959E-2
4.545000E-8	7.312913E-2
4.550000E-8	7.294071E-2
4.555000E-8	7.276599E-2
4.560000E-8	7.264265E-2
4.565000E-8	7.251761E-2
4.570000E-8	7.238742E-2
4.575000E-8	7.229492E-2
4.580000E-8	7.224182E-2
4.585000E-8	7.222983E-2
4.590000E-8	7.225210E-2
4.595000E-8	7.230863E-2
4.600000E-8	7.238571E-2
4.605000E-8	7.248506E-2
4.610000E-8	7.257927E-2
4.615000E-8	7.264265E-2
4.620000E-8	7.269918E-2
4.625000E-8	7.275057E-2
4.630000E-8	7.275742E-2
4.635000E-8	7.273515E-2
4.640000E-8	7.271460E-2
4.645000E-8	7.267862E-2
4.650000E-8	7.261867E-2
4.655000E-8	7.255701E-2
4.660000E-8	7.249705E-2
4.665000E-8	7.244052E-2
4.670000E-8	7.239085E-2
4.675000E-8	7.236002E-2
4.680000E-8	7.234803E-2
4.685000E-8	7.234460E-2
4.690000E-8	7.231377E-2
4.695000E-8	7.227951E-2
4.700000E-8	7.228122E-2
4.705000E-8	7.229150E-2
4.710000E-8	7.226409E-2
4.715000E-8	7.221442E-2
4.720000E-8	7.215618E-2
4.725000E-8	7.208423E-2
4.730000E-8	7.199858E-2
4.735000E-8	7.193007E-2
4.740000E-8	7.187697E-2
4.745000E-8	7.184785E-2
4.750000E-8	7.184613E-2
4.755000E-8	7.185641E-2
4.760000E-8	7.187868E-2
4.765000E-8	7.193349E-2
4.770000E-8	7.200030E-2
4.775000E-8	7.205340E-2
4.780000E-8	7.211164E-2
4.785000E-8	7.217502E-2
4.790000E-8	7.221099E-2
4.795000E-8	7.221099E-2
4.800000E-8	7.218872E-2
4.805000E-8	7.213219E-2
4.810000E-8	7.203798E-2
4.815000E-8	7.193007E-2
4.820000E-8	7.179646E-2
4.825000E-8	7.165086E-2
4.830000E-8	7.152924E-2
4.835000E-8	7.144702E-2
4.840000E-8	7.138021E-2
4.845000E-8	7.134253E-2
4.850000E-8	7.134595E-2
4.855000E-8	7.136137E-2
4.860000E-8	7.139220E-2
4.865000E-8	7.145558E-2
4.870000E-8	7.153609E-2
4.875000E-8	7.160289E-2
4.880000E-8	7.164229E-2
4.885000E-8	7.165428E-2
4.890000E-8	7.165086E-2
4.895000E-8	7.162859E-2
4.900000E-8	7.157035E-2
4.905000E-8	7.147100E-2
4.910000E-8	7.136479E-2
4.915000E-8	7.127572E-2
4.920000E-8	7.117123E-2
4.925000E-8	7.107531E-2
4.930000E-8	7.101535E-2
4.935000E-8	7.098795E-2
4.940000E-8	7.099822E-2
4.945000E-8	7.105475E-2
4.950000E-8	7.112327E-2
4.955000E-8	7.118665E-2
4.960000E-8	7.127743E-2
4.965000E-8	7.140077E-2
4.970000E-8	7.149498E-2
4.975000E-8	7.155664E-2
4.980000E-8	7.161488E-2
4.985000E-8	7.163201E-2
4.990000E-8	7.160632E-2
4.995000E-8	7.156007E-2
5.000000E-8	7.147956E-2
5.005000E-8	7.133225E-2
5.010000E-8	7.116609E-2
5.015000E-8	7.103077E-2
5.020000E-8	7.091943E-2
5.025000E-8	7.081665E-2
5.030000E-8	7.074813E-2
5.035000E-8	7.071901E-2
5.040000E-8	7.073786E-2
5.045000E-8	7.078411E-2
5.050000E-8	7.084577E-2
5.055000E-8	7.090572E-2
5.060000E-8	7.098281E-2
5.065000E-8	7.106845E-2
5.070000E-8	7.115239E-2
5.075000E-8	7.125345E-2
5.080000E-8	7.136993E-2
5.085000E-8	7.147956E-2
5.090000E-8	7.156007E-2
5.095000E-8	7.159262E-2
5.100000E-8	7.156692E-2
5.105000E-8	7.150183E-2
5.110000E-8	7.140762E-2
5.115000E-8	7.125859E-2
5.120000E-8	7.107531E-2
5.125000E-8	7.090401E-2
5.130000E-8	7.076526E-2
5.135000E-8	7.063165E-2
5.140000E-8	7.054601E-2
5.145000E-8	7.053402E-2
5.150000E-8	7.056142E-2
5.155000E-8	7.061795E-2
5.160000E-8	7.072244E-2
5.165000E-8	7.083378E-2
5.170000E-8	7.091600E-2
5.175000E-8	7.097938E-2
5.180000E-8	7.101878E-2
5.185000E-8	7.101707E-2
5.190000E-8	7.098281E-2
5.195000E-8	7.093313E-2
5.200000E-8	7.085947E-2
5.205000E-8	7.076526E-2
5.210000E-8	7.066077E-2
5.215000E-8	7.055457E-2
5.220000E-8	7.046207E-2
5.225000E-8	7.040212E-2
5.230000E-8	7.035758E-2
5.235000E-8	7.030619E-2
5.240000E-8	7.025309E-2
5.245000E-8	7.019314E-2
5.250000E-8	7.014175E-2
5.255000E-8	7.011434E-2
5.260000E-8	7.010578E-2
5.265000E-8	7.010578E-2
5.270000E-8	7.011263E-2
5.275000E-8	7.014346E-2
5.280000E-8	7.019999E-2
5.285000E-8	7.025138E-2
5.290000E-8	7.027879E-2
5.295000E-8	7.029592E-2
5.300000E-8	7.030448E-2
5.305000E-8	7.028221E-2
5.310000E-8	7.023768E-2
5.315000E-8	7.022226E-2
5.320000E-8	7.024110E-2
5.325000E-8	7.025652E-2
5.330000E-8	7.026680E-2
5.335000E-8	7.027022E-2
5.340000E-8	7.026680E-2
5.345000E-8	7.025138E-2
5.350000E-8	7.021712E-2
5.355000E-8	7.015203E-2
5.360000E-8	7.008694E-2
5.365000E-8	7.004411E-2
5.370000E-8	7.000814E-2
5.375000E-8	6.999786E-2
5.380000E-8	7.002698E-2
5.385000E-8	7.009550E-2
5.390000E-8	7.018457E-2
5.395000E-8	7.026680E-2
5.400000E-8	7.033874E-2
5.405000E-8	7.043466E-2
5.410000E-8	7.052545E-2
5.415000E-8	7.056656E-2
5.420000E-8	7.055971E-2
5.425000E-8	7.053059E-2
5.430000E-8	7.045179E-2
5.435000E-8	7.031818E-2
5.440000E-8	7.018457E-2
5.445000E-8	7.008522E-2
5.450000E-8	7.000300E-2
5.455000E-8	6.993962E-2
5.460000E-8	6.991735E-2
5.465000E-8	6.991735E-2
5.470000E-8	6.993448E-2
5.475000E-8	6.997902E-2
5.480000E-8	7.003383E-2
5.485000E-8	7.005782E-2
5.490000E-8	7.003212E-2
5.495000E-8	6.996360E-2
5.500000E-8	6.984884E-2
5.505000E-8	6.969810E-2
5.510000E-8	6.955078E-2
5.515000E-8	6.942916E-2
5.520000E-8	6.930069E-2
5.525000E-8	6.917907E-2
5.530000E-8	6.911570E-2
5.535000E-8	6.909343E-2
5.540000E-8	6.908315E-2
5.545000E-8	6.909857E-2
5.550000E-8	6.914824E-2
5.555000E-8	6.921847E-2
5.560000E-8	6.928870E-2
5.565000E-8	6.934523E-2
5.570000E-8	6.935893E-2
5.575000E-8	6.933667E-2
5.580000E-8	6.931611E-2
5.585000E-8	6.928185E-2
5.590000E-8	6.924588E-2
5.595000E-8	6.923560E-2
5.600000E-8	6.923731E-2
5.605000E-8	6.921505E-2
5.610000E-8	6.920991E-2
5.615000E-8	6.924245E-2
5.620000E-8	6.926130E-2
5.625000E-8	6.925616E-2
5.630000E-8	6.925444E-2
5.635000E-8	6.926643E-2
5.640000E-8	6.927500E-2
5.645000E-8	6.923731E-2
5.650000E-8	6.916366E-2
5.655000E-8	6.907458E-2
5.660000E-8	6.897866E-2
5.665000E-8	6.887760E-2
5.670000E-8	6.876797E-2
5.675000E-8	6.868232E-2
5.680000E-8	6.861380E-2
5.685000E-8	6.856584E-2
5.690000E-8	6.853329E-2
5.695000E-8	6.854015E-2
5.700000E-8	6.857612E-2
5.705000E-8	6.862065E-2
5.710000E-8	6.866862E-2
5.715000E-8	6.873028E-2
5.720000E-8	6.880394E-2
5.725000E-8	6.885190E-2
5.730000E-8	6.887246E-2
5.735000E-8	6.891014E-2
5.740000E-8	6.895125E-2
5.745000E-8	6.898894E-2
5.750000E-8	6.903005E-2
5.755000E-8	6.907972E-2
5.760000E-8	6.910884E-2
5.765000E-8	6.910370E-2
5.770000E-8	6.906602E-2
5.775000E-8	6.899921E-2
5.780000E-8	6.890843E-2
5.785000E-8	6.880223E-2
5.790000E-8	6.868575E-2
5.795000E-8	6.857783E-2
5.800000E-8	6.847505E-2
5.805000E-8	6.835857E-2
5.810000E-8	6.826436E-2
5.815000E-8	6.823524E-2
5.820000E-8	6.825922E-2
5.825000E-8	6.829519E-2
5.830000E-8	6.834830E-2
5.835000E-8	6.844079E-2
5.840000E-8	6.854015E-2
5.845000E-8	6.860866E-2
5.850000E-8	6.865663E-2
5.855000E-8	6.871144E-2
5.860000E-8	6.877996E-2
5.865000E-8	6.883649E-2
5.870000E-8	6.887246E-2
5.875000E-8	6.889986E-2
5.880000E-8	6.893070E-2
5.885000E-8	6.894269E-2
5.890000E-8	6.891357E-2
5.895000E-8	6.886047E-2
5.900000E-8	6.881593E-2
5.905000E-8	6.876454E-2
5.910000E-8	6.868917E-2
5.915000E-8	6.860010E-2
5.920000E-8	6.852473E-2
5.925000E-8	6.845621E-2
5.930000E-8	6.837399E-2
5.935000E-8	6.831404E-2
5.940000E-8	6.826607E-2
5.945000E-8	6.821126E-2
5.950000E-8	6.815131E-2
5.955000E-8	6.811533E-2
5.960000E-8	6.810848E-2
5.965000E-8	6.810848E-2
5.970000E-8	6.809307E-2
5.975000E-8	6.808107E-2
5.980000E-8	6.809649E-2
5.985000E-8	6.811533E-2
5.990000E-8	6.812390E-2
5.995000E-8	6.813246E-2
6.000000E-8	6.816158E-2
6.005000E-8	6.818899E-2
6.010000E-8	6.819070E-2
6.015000E-8	6.817015E-2
6.020000E-8	6.813589E-2
6.025000E-8	6.807080E-2
6.030000E-8	6.798344E-2
6.035000E-8	6.787381E-2
6.040000E-8	6.776247E-2
6.045000E-8	6.765455E-2
6.050000E-8	6.752779E-2
6.055000E-8	6.738219E-2
6.060000E-8	6.725886E-2
6.065000E-8	6.718520E-2
6.070000E-8	6.714238E-2
6.075000E-8	6.710470E-2
6.080000E-8	6.709271E-2
6.085000E-8	6.710983E-2
6.090000E-8	6.713896E-2
6.095000E-8	6.718178E-2
6.100000E-8	6.723659E-2
6.105000E-8	6.728969E-2
6.110000E-8	6.735821E-2
6.115000E-8	6.745928E-2
6.120000E-8	6.757576E-2
6.125000E-8	6.768025E-2
6.130000E-8	6.777960E-2
6.135000E-8	6.786696E-2
6.140000E-8	6.790807E-2
6.145000E-8	6.790293E-2
6.150000E-8	6.786867E-2
6.155000E-8	6.783270E-2
6.160000E-8	6.779844E-2
6.165000E-8	6.776075E-2
6.170000E-8	6.772136E-2
6.175000E-8	6.769566E-2
6.180000E-8	6.769052E-2
6.185000E-8	6.771622E-2
6.190000E-8	6.776589E-2
6.195000E-8	6.782242E-2
6.200000E-8	6.788409E-2
6.205000E-8	6.792177E-2
6.210000E-8	6.791835E-2
6.215000E-8	6.789094E-2
6.220000E-8	6.784983E-2
6.225000E-8	6.778302E-2
6.230000E-8	6.767853E-2
6.235000E-8	6.756034E-2
6.240000E-8	6.746955E-2
6.245000E-8	6.740789E-2
6.250000E-8	6.735821E-2
6.255000E-8	6.730854E-2
6.260000E-8	6.729141E-2
6.265000E-8	6.730682E-2
6.270000E-8	6.733766E-2
6.275000E-8	6.737020E-2
6.280000E-8	6.739761E-2
6.285000E-8	6.742502E-2
6.290000E-8	6.745071E-2
6.295000E-8	6.746099E-2
6.300000E-8	6.744900E-2
6.305000E-8	6.741988E-2
6.310000E-8	6.740275E-2
6.315000E-8	6.741474E-2
6.320000E-8	6.742673E-2
6.325000E-8	6.743016E-2
6.330000E-8	6.740960E-2
6.335000E-8	6.736849E-2
6.340000E-8	6.734622E-2
6.345000E-8	6.733252E-2
6.350000E-8	6.729312E-2
6.355000E-8	6.724173E-2
6.360000E-8	6.719719E-2
6.365000E-8	6.714238E-2
6.370000E-8	6.708414E-2
6.375000E-8	6.705845E-2
6.380000E-8	6.706016E-2
6.385000E-8	6.707044E-2
6.390000E-8	6.707044E-2
6.395000E-8	6.706359E-2
6.400000E-8	6.704988E-2
6.405000E-8	6.703447E-2
6.410000E-8	6.701048E-2
6.415000E-8	6.696423E-2
6.420000E-8	6.689400E-2
6.425000E-8	6.683919E-2
6.430000E-8	6.680664E-2
6.435000E-8	6.678780E-2
6.440000E-8	6.679294E-2
6.445000E-8	6.681863E-2
6.450000E-8	6.685803E-2
6.455000E-8	6.690085E-2
6.460000E-8	6.696595E-2
6.465000E-8	6.703446E-2
6.470000E-8	6.710983E-2
6.475000E-8	6.718349E-2
6.480000E-8	6.724858E-2
6.485000E-8	6.727256E-2
6.490000E-8	6.726914E-2
6.495000E-8	6.727770E-2
6.500000E-8	6.726229E-2
6.505000E-8	6.719206E-2
6.510000E-8	6.709784E-2
6.515000E-8	6.699849E-2
6.520000E-8	6.689229E-2
6.525000E-8	6.676382E-2
6.530000E-8	6.663364E-2
6.535000E-8	6.652572E-2
6.540000E-8	6.645035E-2
6.545000E-8	6.640753E-2
6.550000E-8	6.637841E-2
6.555000E-8	6.635443E-2
6.560000E-8	6.634415E-2
6.565000E-8	6.636128E-2
6.570000E-8	6.641952E-2
6.575000E-8	6.650516E-2
6.580000E-8	6.658225E-2
6.585000E-8	6.665248E-2
6.590000E-8	6.671757E-2
6.595000E-8	6.674840E-2
6.600000E-8	6.674669E-2
6.605000E-8	6.673813E-2
6.610000E-8	6.670215E-2
6.615000E-8	6.662336E-2
6.620000E-8	6.652915E-2
6.625000E-8	6.642123E-2
6.630000E-8	6.630989E-2
6.635000E-8	6.620540E-2
6.640000E-8	6.610947E-2
6.645000E-8	6.601184E-2
6.650000E-8	6.593133E-2
6.655000E-8	6.586966E-2
6.660000E-8	6.581827E-2
6.665000E-8	6.580114E-2
6.670000E-8	6.583711E-2
6.675000E-8	6.589536E-2
6.680000E-8	6.595188E-2
6.685000E-8	6.602040E-2
6.690000E-8	6.608721E-2
6.695000E-8	6.614887E-2
6.700000E-8	6.622424E-2
6.705000E-8	6.627734E-2
6.710000E-8	6.627563E-2
6.715000E-8	6.626535E-2
6.720000E-8	6.626878E-2
6.725000E-8	6.623109E-2
6.730000E-8	6.615915E-2
6.735000E-8	6.610434E-2
6.740000E-8	6.604610E-2
6.745000E-8	6.596045E-2
6.750000E-8	6.590221E-2
6.755000E-8	6.589707E-2
6.760000E-8	6.591077E-2
6.765000E-8	6.594846E-2
6.770000E-8	6.602725E-2
6.775000E-8	6.609577E-2
6.780000E-8	6.615058E-2
6.785000E-8	6.620540E-2
6.790000E-8	6.626021E-2
6.795000E-8	6.629105E-2
6.800000E-8	6.629790E-2
6.805000E-8	6.629447E-2
6.810000E-8	6.624651E-2
6.815000E-8	6.616600E-2
6.820000E-8	6.607522E-2
6.825000E-8	6.597586E-2
6.830000E-8	6.585596E-2
6.835000E-8	6.576346E-2
6.840000E-8	6.570693E-2
6.845000E-8	6.563328E-2
6.850000E-8	6.554078E-2
6.855000E-8	6.549281E-2
6.860000E-8	6.548425E-2
6.865000E-8	6.547568E-2
6.870000E-8	6.547226E-2
6.875000E-8	6.549110E-2
6.880000E-8	6.552536E-2
6.885000E-8	6.557161E-2
6.890000E-8	6.565212E-2
6.895000E-8	6.576175E-2
6.900000E-8	6.587823E-2
6.905000E-8	6.599128E-2
6.910000E-8	6.608721E-2
6.915000E-8	6.616429E-2
6.920000E-8	6.621910E-2
6.925000E-8	6.621054E-2
6.930000E-8	6.615572E-2
6.935000E-8	6.609920E-2
6.940000E-8	6.603410E-2
6.945000E-8	6.595702E-2
6.950000E-8	6.590735E-2
6.955000E-8	6.590392E-2
6.960000E-8	6.590735E-2
6.965000E-8	6.589193E-2
6.970000E-8	6.586795E-2
6.975000E-8	6.582341E-2
6.980000E-8	6.576860E-2
6.985000E-8	6.569837E-2
6.990000E-8	6.560758E-2
6.995000E-8	6.549966E-2
7.000000E-8	6.539689E-2
7.005000E-8	6.530781E-2
7.010000E-8	6.523758E-2
7.015000E-8	6.520161E-2
7.020000E-8	6.520332E-2
7.025000E-8	6.520504E-2
7.030000E-8	6.518791E-2
7.035000E-8	6.515708E-2
7.040000E-8	6.512282E-2
7.045000E-8	6.507828E-2
7.050000E-8	6.503032E-2
7.055000E-8	6.499606E-2
7.060000E-8	6.493439E-2
7.065000E-8	6.484361E-2
7.070000E-8	6.475453E-2
7.075000E-8	6.470657E-2
7.080000E-8	6.468430E-2
7.085000E-8	6.468602E-2
7.090000E-8	6.470657E-2
7.095000E-8	6.473398E-2
7.100000E-8	6.477166E-2
7.105000E-8	6.482305E-2
7.110000E-8	6.486416E-2
7.115000E-8	6.488129E-2
7.120000E-8	6.490185E-2
7.125000E-8	6.493097E-2
7.130000E-8	6.493611E-2
7.135000E-8	6.493611E-2
7.140000E-8	6.496523E-2
7.145000E-8	6.501319E-2
7.150000E-8	6.502860E-2
7.155000E-8	6.500291E-2
7.160000E-8	6.495152E-2
7.165000E-8	6.488472E-2
7.170000E-8	6.480250E-2
7.175000E-8	6.469287E-2
7.180000E-8	6.458666E-2
7.185000E-8	6.451643E-2
7.190000E-8	6.448560E-2
7.195000E-8	6.449245E-2
7.200000E-8	6.454727E-2
7.205000E-8	6.466717E-2
7.210000E-8	6.480592E-2
7.215000E-8	6.495495E-2
7.220000E-8	6.509884E-2
7.225000E-8	6.523244E-2
7.230000E-8	6.532666E-2
7.235000E-8	6.539175E-2
7.240000E-8	6.542943E-2
7.245000E-8	6.542087E-2
7.250000E-8	6.535749E-2
7.255000E-8	6.527184E-2
7.260000E-8	6.519990E-2
7.265000E-8	6.513309E-2
7.270000E-8	6.506286E-2
7.275000E-8	6.502175E-2
7.280000E-8	6.504402E-2
7.285000E-8	6.508856E-2
7.290000E-8	6.511083E-2
7.295000E-8	6.512796E-2
7.300000E-8	6.516393E-2
7.305000E-8	6.516907E-2
7.310000E-8	6.511939E-2
7.315000E-8	6.503888E-2
7.320000E-8	6.494810E-2
7.325000E-8	6.484532E-2
7.330000E-8	6.472027E-2
7.335000E-8	6.458152E-2
7.340000E-8	6.446333E-2
7.345000E-8	6.435713E-2
7.350000E-8	6.424407E-2
7.355000E-8	6.414301E-2
7.360000E-8	6.409505E-2
7.365000E-8	6.411560E-2
7.370000E-8	6.416357E-2
7.375000E-8	6.421324E-2
7.380000E-8	6.426463E-2
7.385000E-8	6.431259E-2
7.390000E-8	6.435370E-2
7.395000E-8	6.437597E-2
7.400000E-8	6.435542E-2
7.405000E-8	6.430060E-2
7.410000E-8	6.422695E-2
7.415000E-8	6.412759E-2
7.420000E-8	6.401625E-2
7.425000E-8	6.392204E-2
7.430000E-8	6.388093E-2
7.435000E-8	6.388778E-2
7.440000E-8	6.393746E-2
7.445000E-8	6.402996E-2
7.450000E-8	6.416357E-2
7.455000E-8	6.433315E-2
7.460000E-8	6.448560E-2
7.465000E-8	6.458666E-2
7.470000E-8	6.464490E-2
7.475000E-8	6.467060E-2
7.480000E-8	6.463977E-2
7.485000E-8	6.454555E-2
7.490000E-8	6.442051E-2
7.495000E-8	6.426120E-2
7.500000E-8	6.409505E-2
7.505000E-8	6.396144E-2
7.510000E-8	6.385352E-2
7.515000E-8	6.374218E-2
7.520000E-8	6.366852E-2
7.525000E-8	6.363255E-2
7.530000E-8	6.359829E-2
7.535000E-8	6.358116E-2
7.540000E-8	6.360686E-2
7.545000E-8	6.364968E-2
7.550000E-8	6.369422E-2
7.555000E-8	6.376445E-2
7.560000E-8	6.384325E-2
7.565000E-8	6.390320E-2
7.570000E-8	6.394260E-2
7.575000E-8	6.398028E-2
7.580000E-8	6.401968E-2
7.585000E-8	6.403510E-2
7.590000E-8	6.401112E-2
7.595000E-8	6.394945E-2
7.600000E-8	6.385695E-2
7.605000E-8	6.373362E-2
7.610000E-8	6.358802E-2
7.615000E-8	6.345441E-2
7.620000E-8	6.334478E-2
7.625000E-8	6.324029E-2
7.630000E-8	6.314265E-2
7.635000E-8	6.309640E-2
7.640000E-8	6.309811E-2
7.645000E-8	6.312381E-2
7.650000E-8	6.315807E-2
7.655000E-8	6.321117E-2
7.660000E-8	6.326598E-2
7.665000E-8	6.333279E-2
7.670000E-8	6.340473E-2
7.675000E-8	6.346468E-2
7.680000E-8	6.347839E-2
7.685000E-8	6.345955E-2
7.690000E-8	6.343556E-2
7.695000E-8	6.340816E-2
7.700000E-8	6.336876E-2
7.705000E-8	6.330709E-2
7.710000E-8	6.325571E-2
7.715000E-8	6.323515E-2
7.720000E-8	6.324371E-2
7.725000E-8	6.325057E-2
7.730000E-8	6.326256E-2
7.735000E-8	6.330367E-2
7.740000E-8	6.335163E-2
7.745000E-8	6.338075E-2
7.750000E-8	6.340644E-2
7.755000E-8	6.345269E-2
7.760000E-8	6.347154E-2
7.765000E-8	6.342871E-2
7.770000E-8	6.336019E-2
7.775000E-8	6.330538E-2
7.780000E-8	6.323858E-2
7.785000E-8	6.314950E-2
7.790000E-8	6.306899E-2
7.795000E-8	6.300904E-2
7.800000E-8	6.296108E-2
7.805000E-8	6.294052E-2
7.810000E-8	6.294566E-2
7.815000E-8	6.295765E-2
7.820000E-8	6.298848E-2
7.825000E-8	6.304159E-2
7.830000E-8	6.307071E-2
7.835000E-8	6.307413E-2
7.840000E-8	6.305872E-2
7.845000E-8	6.303645E-2
7.850000E-8	6.300048E-2
7.855000E-8	6.296279E-2
7.860000E-8	6.293881E-2
7.865000E-8	6.293538E-2
7.870000E-8	6.294052E-2
7.875000E-8	6.297307E-2
7.880000E-8	6.305186E-2
7.885000E-8	6.312381E-2
7.890000E-8	6.315293E-2
7.895000E-8	6.316149E-2
7.900000E-8	6.315293E-2
7.905000E-8	6.311353E-2
7.910000E-8	6.305358E-2
7.915000E-8	6.299191E-2
7.920000E-8	6.289085E-2
7.925000E-8	6.276409E-2
7.930000E-8	6.264932E-2
7.935000E-8	6.253798E-2
7.940000E-8	6.244034E-2
7.945000E-8	6.239067E-2
7.950000E-8	6.239409E-2
7.955000E-8	6.244206E-2
7.960000E-8	6.254997E-2
7.965000E-8	6.268872E-2
7.970000E-8	6.282747E-2
7.975000E-8	6.296108E-2
7.980000E-8	6.308784E-2
7.985000E-8	6.317006E-2
7.990000E-8	6.319575E-2
7.995000E-8	6.319233E-2
8.000000E-8	6.316834E-2
8.005000E-8	6.311696E-2
8.010000E-8	6.302617E-2
8.015000E-8	6.291140E-2
8.020000E-8	6.281719E-2
8.025000E-8	6.273497E-2
8.030000E-8	6.264418E-2
8.035000E-8	6.258937E-2
8.040000E-8	6.260479E-2
8.045000E-8	6.263219E-2
8.050000E-8	6.262534E-2
8.055000E-8	6.260992E-2
8.060000E-8	6.262020E-2
8.065000E-8	6.261164E-2
8.070000E-8	6.257224E-2
8.075000E-8	6.254141E-2
8.080000E-8	6.253455E-2
8.085000E-8	6.252256E-2
8.090000E-8	6.247460E-2
8.095000E-8	6.243863E-2
8.100000E-8	6.240951E-2
8.105000E-8	6.234784E-2
8.110000E-8	6.225192E-2
8.115000E-8	6.217997E-2
8.120000E-8	6.213030E-2
8.125000E-8	6.204636E-2
8.130000E-8	6.194701E-2
8.135000E-8	6.189905E-2
8.140000E-8	6.188877E-2
8.145000E-8	6.190248E-2
8.150000E-8	6.196928E-2
8.155000E-8	6.209090E-2
8.160000E-8	6.221423E-2
8.165000E-8	6.232215E-2
8.170000E-8	6.241979E-2
8.175000E-8	6.246775E-2
8.180000E-8	6.245405E-2
8.185000E-8	6.241122E-2
8.190000E-8	6.237011E-2
8.195000E-8	6.231358E-2
8.200000E-8	6.223479E-2
8.205000E-8	6.218683E-2
8.210000E-8	6.216798E-2
8.215000E-8	6.216970E-2
8.220000E-8	6.218169E-2
8.225000E-8	6.219882E-2
8.230000E-8	6.222280E-2
8.235000E-8	6.225363E-2
8.240000E-8	6.226391E-2
8.245000E-8	6.222965E-2
8.250000E-8	6.218511E-2
8.255000E-8	6.213715E-2
8.260000E-8	6.205835E-2
8.265000E-8	6.197442E-2
8.270000E-8	6.192303E-2
8.275000E-8	6.187507E-2
8.280000E-8	6.181854E-2
8.285000E-8	6.177572E-2
8.290000E-8	6.173975E-2
8.295000E-8	6.168151E-2
8.300000E-8	6.162498E-2
8.305000E-8	6.158387E-2
8.310000E-8	6.151878E-2
8.315000E-8	6.144683E-2
8.320000E-8	6.139202E-2
8.325000E-8	6.133378E-2
8.330000E-8	6.126184E-2
8.335000E-8	6.122586E-2
8.340000E-8	6.125670E-2
8.345000E-8	6.131665E-2
8.350000E-8	6.139202E-2
8.355000E-8	6.148794E-2
8.360000E-8	6.159243E-2
8.365000E-8	6.167637E-2
8.370000E-8	6.172604E-2
8.375000E-8	6.177058E-2
8.380000E-8	6.182197E-2
8.385000E-8	6.185109E-2
8.390000E-8	6.185280E-2
8.395000E-8	6.184081E-2
8.400000E-8	6.182026E-2
8.405000E-8	6.177572E-2
8.410000E-8	6.170891E-2
8.415000E-8	6.164896E-2
8.420000E-8	6.161128E-2
8.425000E-8	6.157530E-2
8.430000E-8	6.153248E-2
8.435000E-8	6.153077E-2
8.440000E-8	6.157702E-2
8.445000E-8	6.164382E-2
8.450000E-8	6.169521E-2
8.455000E-8	6.175174E-2
8.460000E-8	6.181169E-2
8.465000E-8	6.187164E-2
8.470000E-8	6.193160E-2
8.475000E-8	6.197956E-2
8.480000E-8	6.200868E-2
8.485000E-8	6.201724E-2
8.490000E-8	6.202410E-2
8.495000E-8	6.202067E-2
8.500000E-8	6.200012E-2
8.505000E-8	6.196243E-2
8.510000E-8	6.189734E-2
8.515000E-8	6.181340E-2
8.520000E-8	6.174489E-2
8.525000E-8	6.167466E-2
8.530000E-8	6.158901E-2
8.535000E-8	6.151021E-2
8.540000E-8	6.145711E-2
8.545000E-8	6.139544E-2
8.550000E-8	6.133035E-2
8.555000E-8	6.129096E-2
8.560000E-8	6.126526E-2
8.565000E-8	6.124471E-2
8.570000E-8	6.124128E-2
8.575000E-8	6.125327E-2
8.580000E-8	6.128239E-2
8.585000E-8	6.132008E-2
8.590000E-8	6.135433E-2
8.595000E-8	6.138174E-2
8.600000E-8	6.139887E-2
8.605000E-8	6.139031E-2
8.610000E-8	6.134920E-2
8.615000E-8	6.126526E-2
8.620000E-8	6.115049E-2
8.625000E-8	6.101517E-2
8.630000E-8	6.087300E-2
8.635000E-8	6.072226E-2
8.640000E-8	6.057152E-2
8.645000E-8	6.044818E-2
8.650000E-8	6.035740E-2
8.655000E-8	6.031629E-2
8.660000E-8	6.034541E-2
8.665000E-8	6.042078E-2
8.670000E-8	6.050471E-2
8.675000E-8	6.060064E-2
8.680000E-8	6.070513E-2
8.685000E-8	6.079591E-2
8.690000E-8	6.086614E-2
8.695000E-8	6.091753E-2
8.700000E-8	6.093124E-2
8.705000E-8	6.089869E-2
8.710000E-8	6.085587E-2
8.715000E-8	6.080105E-2
8.720000E-8	6.072226E-2
8.725000E-8	6.061263E-2
8.730000E-8	6.050643E-2
8.735000E-8	6.041735E-2
8.740000E-8	6.034883E-2
8.745000E-8	6.028717E-2
8.750000E-8	6.024606E-2
8.755000E-8	6.022036E-2
8.760000E-8	6.019296E-2
8.765000E-8	6.018097E-2
8.770000E-8	6.019981E-2
8.775000E-8	6.021694E-2
8.780000E-8	6.021522E-2
8.785000E-8	6.021522E-2
8.790000E-8	6.024434E-2
8.795000E-8	6.029402E-2
8.800000E-8	6.035397E-2
8.805000E-8	6.044990E-2
8.810000E-8	6.055610E-2
8.815000E-8	6.064346E-2
8.820000E-8	6.071883E-2
8.825000E-8	6.078564E-2
8.830000E-8	6.082846E-2
8.835000E-8	6.085758E-2
8.840000E-8	6.086272E-2
8.845000E-8	6.083017E-2
8.850000E-8	6.075480E-2
8.855000E-8	6.065888E-2
8.860000E-8	6.053726E-2
8.865000E-8	6.039337E-2
8.870000E-8	6.026661E-2
8.875000E-8	6.017583E-2
8.880000E-8	6.009703E-2
8.885000E-8	6.004050E-2
8.890000E-8	6.001138E-2
8.895000E-8	6.000625E-2
8.900000E-8	5.999597E-2
8.905000E-8	5.996514E-2
8.910000E-8	5.994115E-2
8.915000E-8	5.992060E-2
8.920000E-8	5.989148E-2
8.925000E-8	5.984180E-2
8.930000E-8	5.978356E-2
8.935000E-8	5.971676E-2
8.940000E-8	5.967565E-2
8.945000E-8	5.966023E-2
8.950000E-8	5.964310E-2
8.955000E-8	5.964653E-2
8.960000E-8	5.968592E-2
8.965000E-8	5.971847E-2
8.970000E-8	5.973903E-2
8.975000E-8	5.978870E-2
8.980000E-8	5.985893E-2
8.985000E-8	5.990004E-2
8.990000E-8	5.991375E-2
8.995000E-8	5.992745E-2
9.000000E-8	5.991546E-2
9.005000E-8	5.986407E-2
9.010000E-8	5.980069E-2
9.015000E-8	5.974074E-2
9.020000E-8	5.969449E-2
9.025000E-8	5.969106E-2
9.030000E-8	5.971504E-2
9.035000E-8	5.975615E-2
9.040000E-8	5.982639E-2
9.045000E-8	5.992574E-2
9.050000E-8	6.001995E-2
9.055000E-8	6.011073E-2
9.060000E-8	6.021694E-2
9.065000E-8	6.029573E-2
9.070000E-8	6.030087E-2
9.075000E-8	6.027175E-2
9.080000E-8	6.022722E-2
9.085000E-8	6.016212E-2
9.090000E-8	6.007819E-2
9.095000E-8	5.999597E-2
9.100000E-8	5.991717E-2
9.105000E-8	5.985379E-2
9.110000E-8	5.981440E-2
9.115000E-8	5.980069E-2
9.120000E-8	5.980583E-2
9.125000E-8	5.983324E-2
9.130000E-8	5.986407E-2
9.135000E-8	5.990861E-2
9.140000E-8	5.996856E-2
9.145000E-8	6.002509E-2
9.150000E-8	6.005250E-2
9.155000E-8	6.006962E-2
9.160000E-8	6.009703E-2
9.165000E-8	6.011416E-2
9.170000E-8	6.011245E-2
9.175000E-8	6.011930E-2
9.180000E-8	6.011759E-2
9.185000E-8	6.010217E-2
9.190000E-8	6.010046E-2
9.195000E-8	6.013472E-2
9.200000E-8	6.016897E-2
9.205000E-8	6.019124E-2
9.210000E-8	6.022722E-2
9.215000E-8	6.026319E-2
9.220000E-8	6.027346E-2
9.225000E-8	6.026661E-2
9.230000E-8	6.026319E-2
9.235000E-8	6.024606E-2
9.240000E-8	6.019810E-2
9.245000E-8	6.016384E-2
9.250000E-8	6.015356E-2
9.255000E-8	6.013814E-2
9.260000E-8	6.009532E-2
9.265000E-8	6.003708E-2
9.270000E-8	5.998569E-2
9.275000E-8	5.994115E-2
9.280000E-8	5.989490E-2
9.285000E-8	5.985551E-2
9.290000E-8	5.981611E-2
9.295000E-8	5.978014E-2
9.300000E-8	5.975102E-2
9.305000E-8	5.970991E-2
9.310000E-8	5.964995E-2
9.315000E-8	5.958143E-2
9.320000E-8	5.954032E-2
9.325000E-8	5.951292E-2
9.330000E-8	5.946667E-2
9.335000E-8	5.941014E-2
9.340000E-8	5.935019E-2
9.345000E-8	5.927482E-2
9.350000E-8	5.921144E-2
9.355000E-8	5.918574E-2
9.360000E-8	5.916690E-2
9.365000E-8	5.913778E-2
9.370000E-8	5.912408E-2
9.375000E-8	5.913093E-2
9.380000E-8	5.913093E-2
9.385000E-8	5.914292E-2
9.390000E-8	5.917718E-2
9.395000E-8	5.919773E-2
9.400000E-8	5.918574E-2
9.405000E-8	5.916348E-2
9.410000E-8	5.913778E-2
9.415000E-8	5.908125E-2
9.420000E-8	5.901616E-2
9.425000E-8	5.893565E-2
9.430000E-8	5.883459E-2
9.435000E-8	5.873524E-2
9.440000E-8	5.864788E-2
9.445000E-8	5.854682E-2
9.450000E-8	5.845089E-2
9.455000E-8	5.840807E-2
9.460000E-8	5.841834E-2
9.465000E-8	5.843890E-2
9.470000E-8	5.846459E-2
9.475000E-8	5.851941E-2
9.480000E-8	5.858964E-2
9.485000E-8	5.864959E-2
9.490000E-8	5.870612E-2
9.495000E-8	5.874552E-2
9.500000E-8	5.876607E-2
9.505000E-8	5.875751E-2
9.510000E-8	5.873866E-2
9.515000E-8	5.874209E-2
9.520000E-8	5.875066E-2
9.525000E-8	5.872839E-2
9.530000E-8	5.869413E-2
9.535000E-8	5.867186E-2
9.540000E-8	5.863931E-2
9.545000E-8	5.857422E-2
9.550000E-8	5.852112E-2
9.555000E-8	5.850742E-2
9.560000E-8	5.849543E-2
9.565000E-8	5.849029E-2
9.570000E-8	5.851941E-2
9.575000E-8	5.856052E-2
9.580000E-8	5.859478E-2
9.585000E-8	5.863931E-2
9.590000E-8	5.870098E-2
9.595000E-8	5.875751E-2
9.600000E-8	5.880718E-2
9.605000E-8	5.885514E-2
9.610000E-8	5.887741E-2
9.615000E-8	5.886542E-2
9.620000E-8	5.884315E-2
9.625000E-8	5.880376E-2
9.630000E-8	5.875579E-2
9.635000E-8	5.871982E-2
9.640000E-8	5.868899E-2
9.645000E-8	5.867357E-2
9.650000E-8	5.867871E-2
9.655000E-8	5.872667E-2
9.660000E-8	5.877978E-2
9.665000E-8	5.882431E-2
9.670000E-8	5.886028E-2
9.675000E-8	5.888940E-2
9.680000E-8	5.890653E-2
9.685000E-8	5.890653E-2
9.690000E-8	5.887570E-2
9.695000E-8	5.883802E-2
9.700000E-8	5.880204E-2
9.705000E-8	5.873524E-2
9.710000E-8	5.863760E-2
9.715000E-8	5.857080E-2
9.720000E-8	5.852969E-2
9.725000E-8	5.848344E-2
9.730000E-8	5.843890E-2
9.735000E-8	5.838580E-2
9.740000E-8	5.831043E-2
9.745000E-8	5.825904E-2
9.750000E-8	5.824020E-2
9.755000E-8	5.821108E-2
9.760000E-8	5.814599E-2
9.765000E-8	5.810659E-2
9.770000E-8	5.808261E-2
9.775000E-8	5.803636E-2
9.780000E-8	5.799182E-2
9.785000E-8	5.799353E-2
9.790000E-8	5.801923E-2
9.795000E-8	5.803464E-2
9.800000E-8	5.804492E-2
9.805000E-8	5.804149E-2
9.810000E-8	5.801751E-2
9.815000E-8	5.797812E-2
9.820000E-8	5.794043E-2
9.825000E-8	5.791816E-2
9.830000E-8	5.791474E-2
9.835000E-8	5.790446E-2
9.840000E-8	5.791131E-2
9.845000E-8	5.796613E-2
9.850000E-8	5.804321E-2
9.855000E-8	5.811344E-2
9.860000E-8	5.818024E-2
9.865000E-8	5.824705E-2
9.870000E-8	5.826760E-2
9.875000E-8	5.823848E-2
9.880000E-8	5.817853E-2
9.885000E-8	5.808261E-2
9.890000E-8	5.794386E-2
9.895000E-8	5.778455E-2
9.900000E-8	5.763210E-2
9.905000E-8	5.749164E-2
9.910000E-8	5.736146E-2
9.915000E-8	5.727410E-2
9.920000E-8	5.724326E-2
9.925000E-8	5.726896E-2
9.930000E-8	5.734090E-2
9.935000E-8	5.742484E-2
9.940000E-8	5.750877E-2
9.945000E-8	5.760983E-2
9.950000E-8	5.770918E-2
9.955000E-8	5.779141E-2
9.960000E-8	5.785307E-2
9.965000E-8	5.787191E-2
9.970000E-8	5.784451E-2
9.975000E-8	5.780511E-2
9.980000E-8	5.777085E-2
9.985000E-8	5.770918E-2
9.990000E-8	5.764752E-2
9.995000E-8	5.762354E-2
1.000000E-7	5.762182E-2
1.000500E-7	5.761840E-2
1.001000E-7	5.764409E-2
1.001500E-7	5.767150E-2
1.002000E-7	5.768006E-2
1.002500E-7	5.767664E-2
1.003000E-7	5.764923E-2
1.003500E-7	5.757900E-2
1.004000E-7	5.749335E-2
1.004500E-7	5.741284E-2
1.005000E-7	5.732548E-2
1.005500E-7	5.725525E-2
1.006000E-7	5.723641E-2
1.006500E-7	5.724326E-2
1.007000E-7	5.727238E-2
1.007500E-7	5.735974E-2
1.008000E-7	5.747451E-2
1.008500E-7	5.758071E-2
1.009000E-7	5.768863E-2
1.009500E-7	5.777941E-2
1.010000E-7	5.780511E-2
1.010500E-7	5.777599E-2
1.011000E-7	5.772117E-2
1.011500E-7	5.762354E-2
1.012000E-7	5.748821E-2
1.012500E-7	5.735460E-2
1.013000E-7	5.723299E-2
1.013500E-7	5.713877E-2
1.014000E-7	5.709938E-2
1.014500E-7	5.710623E-2
1.015000E-7	5.712507E-2
1.015500E-7	5.716789E-2
1.016000E-7	5.722442E-2
1.016500E-7	5.723984E-2
1.017000E-7	5.720900E-2
1.017500E-7	5.718502E-2
1.018000E-7	5.716960E-2
1.018500E-7	5.713706E-2
1.019000E-7	5.708224E-2
1.019500E-7	5.704113E-2
1.020000E-7	5.702743E-2
1.020500E-7	5.704627E-2
1.021000E-7	5.709424E-2
1.021500E-7	5.718331E-2
1.022000E-7	5.732034E-2
1.022500E-7	5.746766E-2
1.023000E-7	5.757729E-2
1.023500E-7	5.764580E-2
1.024000E-7	5.770404E-2
1.024500E-7	5.773659E-2
1.025000E-7	5.769719E-2
1.025500E-7	5.761497E-2
1.026000E-7	5.753104E-2
1.026500E-7	5.741456E-2
1.027000E-7	5.726039E-2
1.027500E-7	5.711479E-2
1.028000E-7	5.701201E-2
1.028500E-7	5.693151E-2
1.029000E-7	5.688183E-2
1.029500E-7	5.687155E-2
1.030000E-7	5.688526E-2
1.030500E-7	5.692465E-2
1.031000E-7	5.698461E-2
1.031500E-7	5.704456E-2
1.032000E-7	5.711308E-2
1.032500E-7	5.720215E-2
1.033000E-7	5.726210E-2
1.033500E-7	5.728780E-2
1.034000E-7	5.730150E-2
1.034500E-7	5.730835E-2
1.035000E-7	5.729294E-2
1.035500E-7	5.725697E-2
1.036000E-7	5.720215E-2
1.036500E-7	5.712164E-2
1.037000E-7	5.702229E-2
1.037500E-7	5.692123E-2
1.038000E-7	5.681845E-2
1.038500E-7	5.672424E-2
1.039000E-7	5.666086E-2
1.039500E-7	5.662831E-2
1.040000E-7	5.662489E-2
1.040500E-7	5.663345E-2
1.041000E-7	5.664887E-2
1.041500E-7	5.668484E-2
1.042000E-7	5.674822E-2
1.042500E-7	5.683729E-2
1.043000E-7	5.692637E-2
1.043500E-7	5.700859E-2
1.044000E-7	5.708567E-2
1.044500E-7	5.713706E-2
1.045000E-7	5.714391E-2
1.045500E-7	5.713877E-2
1.046000E-7	5.712507E-2
1.046500E-7	5.705998E-2
1.047000E-7	5.693664E-2
1.047500E-7	5.680475E-2
1.048000E-7	5.671225E-2
1.048500E-7	5.662318E-2
1.049000E-7	5.652896E-2
1.049500E-7	5.646045E-2
1.050000E-7	5.641933E-2
1.050500E-7	5.638850E-2
1.051000E-7	5.638508E-2
1.051500E-7	5.639878E-2
1.052000E-7	5.641248E-2
1.052500E-7	5.641248E-2
1.053000E-7	5.641762E-2
1.053500E-7	5.641248E-2
1.054000E-7	5.642447E-2
1.054500E-7	5.643646E-2
1.055000E-7	5.642961E-2
1.055500E-7	5.641762E-2
1.056000E-7	5.641591E-2
1.056500E-7	5.641591E-2
1.057000E-7	5.641591E-2
1.057500E-7	5.644160E-2
1.058000E-7	5.648100E-2
1.058500E-7	5.651183E-2
1.059000E-7	5.655637E-2
1.059500E-7	5.661461E-2
1.060000E-7	5.665401E-2
1.060500E-7	5.665058E-2
1.061000E-7	5.663174E-2
1.061500E-7	5.660262E-2
1.062000E-7	5.656151E-2
1.062500E-7	5.649642E-2
1.063000E-7	5.642619E-2
1.063500E-7	5.635253E-2
1.064000E-7	5.631142E-2
1.064500E-7	5.630285E-2
1.065000E-7	5.630628E-2
1.065500E-7	5.633369E-2
1.066000E-7	5.637994E-2
1.066500E-7	5.645531E-2
1.067000E-7	5.651697E-2
1.067500E-7	5.654609E-2
1.068000E-7	5.653753E-2
1.068500E-7	5.650498E-2
1.069000E-7	5.644674E-2
1.069500E-7	5.635596E-2
1.070000E-7	5.624804E-2
1.070500E-7	5.614698E-2
1.071000E-7	5.606647E-2
1.071500E-7	5.601679E-2
1.072000E-7	5.600480E-2
1.072500E-7	5.602878E-2
1.073000E-7	5.606476E-2
1.073500E-7	5.611957E-2
1.074000E-7	5.619151E-2
1.074500E-7	5.624290E-2
1.075000E-7	5.624804E-2
1.075500E-7	5.623091E-2
1.076000E-7	5.617952E-2
1.076500E-7	5.609730E-2
1.077000E-7	5.602193E-2
1.077500E-7	5.598767E-2
1.078000E-7	5.595684E-2
1.078500E-7	5.595855E-2
1.079000E-7	5.602364E-2
1.079500E-7	5.609216E-2
1.080000E-7	5.611957E-2
1.080500E-7	5.613327E-2
1.081000E-7	5.612642E-2
1.081500E-7	5.606647E-2
1.082000E-7	5.597568E-2
1.082500E-7	5.586434E-2
1.083000E-7	5.571703E-2
1.083500E-7	5.557143E-2
1.084000E-7	5.547036E-2
1.084500E-7	5.542240E-2
1.085000E-7	5.542069E-2
1.085500E-7	5.546865E-2
1.086000E-7	5.555944E-2
1.086500E-7	5.568962E-2
1.087000E-7	5.582494E-2
1.087500E-7	5.594999E-2
1.088000E-7	5.605277E-2
1.088500E-7	5.611272E-2
1.089000E-7	5.611443E-2
1.089500E-7	5.605277E-2
1.090000E-7	5.595513E-2
1.090500E-7	5.582152E-2
1.091000E-7	5.565707E-2
1.091500E-7	5.550976E-2
1.092000E-7	5.540013E-2
1.092500E-7	5.533333E-2
1.093000E-7	5.533504E-2
1.093500E-7	5.539328E-2
1.094000E-7	5.548407E-2
1.094500E-7	5.556286E-2
1.095000E-7	5.564680E-2
1.095500E-7	5.574272E-2
1.096000E-7	5.583522E-2
1.096500E-7	5.588490E-2
1.097000E-7	5.588832E-2
1.097500E-7	5.585920E-2
1.098000E-7	5.581809E-2
1.098500E-7	5.577184E-2
1.099000E-7	5.572730E-2
1.099500E-7	5.569647E-2
1.100000E-7	5.569647E-2
1.100500E-7	5.571874E-2
1.101000E-7	5.575642E-2
1.101500E-7	5.580267E-2
1.102000E-7	5.585920E-2
1.102500E-7	5.590716E-2
1.103000E-7	5.592429E-2
1.103500E-7	5.591059E-2
1.104000E-7	5.586948E-2
1.104500E-7	5.583693E-2
1.105000E-7	5.580439E-2
1.105500E-7	5.574101E-2
1.106000E-7	5.564680E-2
1.106500E-7	5.554916E-2
1.107000E-7	5.546351E-2
1.107500E-7	5.536416E-2
1.108000E-7	5.525453E-2
1.108500E-7	5.514490E-2
1.109000E-7	5.504726E-2
1.109500E-7	5.498560E-2
1.110000E-7	5.495134E-2
1.110500E-7	5.493078E-2
1.111000E-7	5.495648E-2
1.111500E-7	5.505412E-2
1.112000E-7	5.519115E-2
1.112500E-7	5.532647E-2
1.113000E-7	5.548064E-2
1.113500E-7	5.563652E-2
1.114000E-7	5.576156E-2
1.114500E-7	5.585064E-2
1.115000E-7	5.589346E-2
1.115500E-7	5.588318E-2
1.116000E-7	5.583008E-2
1.116500E-7	5.573244E-2
1.117000E-7	5.559027E-2
1.117500E-7	5.542754E-2
1.118000E-7	5.527166E-2
1.118500E-7	5.513462E-2
1.119000E-7	5.503527E-2
1.119500E-7	5.499074E-2
1.120000E-7	5.499074E-2
1.120500E-7	5.501643E-2
1.121000E-7	5.505412E-2
1.121500E-7	5.508838E-2
1.122000E-7	5.512606E-2
1.122500E-7	5.516375E-2
1.123000E-7	5.517916E-2
1.123500E-7	5.516203E-2
1.124000E-7	5.512606E-2
1.124500E-7	5.506611E-2
1.125000E-7	5.497532E-2
1.125500E-7	5.485713E-2
1.126000E-7	5.475093E-2
1.126500E-7	5.467556E-2
1.127000E-7	5.462417E-2
1.127500E-7	5.460019E-2
1.128000E-7	5.464130E-2
1.128500E-7	5.472181E-2
1.129000E-7	5.478176E-2
1.129500E-7	5.482458E-2
1.130000E-7	5.488454E-2
1.130500E-7	5.490680E-2
1.131000E-7	5.487254E-2
1.131500E-7	5.483829E-2
1.132000E-7	5.481088E-2
1.132500E-7	5.475606E-2
1.133000E-7	5.469269E-2
1.133500E-7	5.465157E-2
1.134000E-7	5.460532E-2
1.134500E-7	5.456764E-2
1.135000E-7	5.455736E-2
1.135500E-7	5.456421E-2
1.136000E-7	5.456079E-2
1.136500E-7	5.456935E-2
1.137000E-7	5.455908E-2
1.137500E-7	5.451968E-2
1.138000E-7	5.447857E-2
1.138500E-7	5.443746E-2
1.139000E-7	5.436037E-2
1.139500E-7	5.428158E-2
1.140000E-7	5.423533E-2
1.140500E-7	5.420278E-2
1.141000E-7	5.415996E-2
1.141500E-7	5.415311E-2
1.142000E-7	5.417538E-2
1.142500E-7	5.419936E-2
1.143000E-7	5.423875E-2
1.143500E-7	5.430385E-2
1.144000E-7	5.435866E-2
1.144500E-7	5.440662E-2
1.145000E-7	5.444431E-2
1.145500E-7	5.445287E-2
1.146000E-7	5.441690E-2
1.146500E-7	5.438949E-2
1.147000E-7	5.438435E-2
1.147500E-7	5.437408E-2
1.148000E-7	5.434153E-2
1.148500E-7	5.429871E-2
1.149000E-7	5.425588E-2
1.149500E-7	5.423361E-2
1.150000E-7	5.423190E-2
1.150500E-7	5.421991E-2
1.151000E-7	5.419593E-2
1.151500E-7	5.417538E-2
1.152000E-7	5.413769E-2
1.152500E-7	5.406917E-2
1.153000E-7	5.399038E-2
1.153500E-7	5.393214E-2
1.154000E-7	5.388760E-2
1.154500E-7	5.385677E-2
1.155000E-7	5.385505E-2
1.155500E-7	5.388246E-2
1.156000E-7	5.392015E-2
1.156500E-7	5.396639E-2
1.157000E-7	5.401607E-2
1.157500E-7	5.406061E-2
1.158000E-7	5.408459E-2
1.158500E-7	5.408973E-2
1.159000E-7	5.407602E-2
1.159500E-7	5.405889E-2
1.160000E-7	5.405033E-2
1.160500E-7	5.403320E-2
1.161000E-7	5.401607E-2
1.161500E-7	5.402635E-2
1.162000E-7	5.406232E-2
1.162500E-7	5.408801E-2
1.163000E-7	5.410172E-2
1.163500E-7	5.411200E-2
1.164000E-7	5.411200E-2
1.164500E-7	5.409658E-2
1.165000E-7	5.406917E-2
1.165500E-7	5.402635E-2
1.166000E-7	5.395612E-2
1.166500E-7	5.386533E-2
1.167000E-7	5.377283E-2
1.167500E-7	5.371288E-2
1.168000E-7	5.368205E-2
1.168500E-7	5.365293E-2
1.169000E-7	5.363751E-2
1.169500E-7	5.365807E-2
1.170000E-7	5.369575E-2
1.170500E-7	5.375056E-2
1.171000E-7	5.383621E-2
1.171500E-7	5.393556E-2
1.172000E-7	5.400922E-2
1.172500E-7	5.405718E-2
1.173000E-7	5.408116E-2
1.173500E-7	5.406232E-2
1.174000E-7	5.400065E-2
1.174500E-7	5.392871E-2
1.175000E-7	5.384478E-2
1.175500E-7	5.374542E-2
1.176000E-7	5.363751E-2
1.176500E-7	5.354844E-2
1.177000E-7	5.346450E-2
1.177500E-7	5.338913E-2
1.178000E-7	5.333603E-2
1.178500E-7	5.331034E-2
1.179000E-7	5.329150E-2
1.179500E-7	5.328464E-2
1.180000E-7	5.330862E-2
1.180500E-7	5.337029E-2
1.181000E-7	5.344223E-2
1.181500E-7	5.351075E-2
1.182000E-7	5.357756E-2
1.182500E-7	5.363580E-2
1.183000E-7	5.368376E-2
1.183500E-7	5.374029E-2
1.184000E-7	5.380538E-2
1.184500E-7	5.384135E-2
1.185000E-7	5.385848E-2
1.185500E-7	5.387732E-2
1.186000E-7	5.387732E-2
1.186500E-7	5.384135E-2
1.187000E-7	5.380024E-2
1.187500E-7	5.375056E-2
1.188000E-7	5.369404E-2
1.188500E-7	5.364094E-2
1.189000E-7	5.361010E-2
1.189500E-7	5.357756E-2
1.190000E-7	5.355015E-2
1.190500E-7	5.354330E-2
1.191000E-7	5.354501E-2
1.191500E-7	5.355015E-2
1.192000E-7	5.358270E-2
1.192500E-7	5.361353E-2
1.193000E-7	5.362723E-2
1.193500E-7	5.364436E-2
1.194000E-7	5.366149E-2
1.194500E-7	5.363751E-2
1.195000E-7	5.357756E-2
1.195500E-7	5.352959E-2
1.196000E-7	5.348163E-2
1.196500E-7	5.340626E-2
1.197000E-7	5.333089E-2
1.197500E-7	5.326923E-2
1.198000E-7	5.321955E-2
1.198500E-7	5.317844E-2
1.199000E-7	5.313562E-2
1.199500E-7	5.310478E-2
1.200000E-7	5.309451E-2
1.200500E-7	5.310136E-2
1.201000E-7	5.310821E-2
1.201500E-7	5.309622E-2
1.202000E-7	5.306539E-2
1.202500E-7	5.302599E-2
1.203000E-7	5.300201E-2
1.203500E-7	5.297974E-2
1.204000E-7	5.295918E-2
1.204500E-7	5.295404E-2
1.205000E-7	5.297289E-2
1.205500E-7	5.300372E-2
1.206000E-7	5.305340E-2
1.206500E-7	5.313904E-2
1.207000E-7	5.322812E-2
1.207500E-7	5.329321E-2
1.208000E-7	5.335659E-2
1.208500E-7	5.339256E-2
1.209000E-7	5.336858E-2
1.209500E-7	5.329663E-2
1.210000E-7	5.320585E-2
1.210500E-7	5.310136E-2
1.211000E-7	5.299858E-2
1.211500E-7	5.289923E-2
1.212000E-7	5.280502E-2
1.212500E-7	5.273993E-2
1.213000E-7	5.274335E-2
1.213500E-7	5.279817E-2
1.214000E-7	5.287696E-2
1.214500E-7	5.298145E-2
1.215000E-7	5.310992E-2
1.215500E-7	5.325381E-2
1.216000E-7	5.338399E-2
1.216500E-7	5.348163E-2
1.217000E-7	5.354844E-2
1.217500E-7	5.356728E-2
1.218000E-7	5.352446E-2
1.218500E-7	5.342682E-2
1.219000E-7	5.331719E-2
1.219500E-7	5.320756E-2
1.220000E-7	5.308423E-2
1.220500E-7	5.294377E-2
1.221000E-7	5.280159E-2
1.221500E-7	5.267997E-2
1.222000E-7	5.259261E-2
1.222500E-7	5.256178E-2
1.223000E-7	5.257206E-2
1.223500E-7	5.259775E-2
1.224000E-7	5.264743E-2
1.224500E-7	5.273479E-2
1.225000E-7	5.283414E-2
1.225500E-7	5.292835E-2
1.226000E-7	5.303969E-2
1.226500E-7	5.314761E-2
1.227000E-7	5.320756E-2
1.227500E-7	5.323325E-2
1.228000E-7	5.326580E-2
1.228500E-7	5.328293E-2
1.229000E-7	5.325552E-2
1.229500E-7	5.323668E-2
1.230000E-7	5.321441E-2
1.230500E-7	5.315617E-2
1.231000E-7	5.308080E-2
1.231500E-7	5.302599E-2
1.232000E-7	5.299173E-2
1.232500E-7	5.296775E-2
1.233000E-7	5.295404E-2
1.233500E-7	5.294205E-2
1.234000E-7	5.293520E-2
1.234500E-7	5.292150E-2
1.235000E-7	5.289923E-2
1.235500E-7	5.289238E-2
1.236000E-7	5.289409E-2
1.236500E-7	5.285812E-2
1.237000E-7	5.275534E-2
1.237500E-7	5.263544E-2
1.238000E-7	5.252923E-2
1.238500E-7	5.240933E-2
1.239000E-7	5.229113E-2
1.239500E-7	5.219178E-2
1.240000E-7	5.211641E-2
1.240500E-7	5.205989E-2
1.241000E-7	5.204790E-2
1.241500E-7	5.208215E-2
1.242000E-7	5.212840E-2
1.242500E-7	5.216095E-2
1.243000E-7	5.220035E-2
1.243500E-7	5.223632E-2
1.244000E-7	5.225174E-2
1.244500E-7	5.223803E-2
1.245000E-7	5.220377E-2
1.245500E-7	5.216266E-2
1.246000E-7	5.211470E-2
1.246500E-7	5.208901E-2
1.247000E-7	5.210956E-2
1.247500E-7	5.215581E-2
1.248000E-7	5.222262E-2
1.248500E-7	5.233910E-2
1.249000E-7	5.250011E-2
1.249500E-7	5.266798E-2
1.250000E-7	5.282043E-2
1.250500E-7	5.295404E-2
1.251000E-7	5.304826E-2
1.251500E-7	5.310136E-2
1.252000E-7	5.310992E-2
1.252500E-7	5.304312E-2
1.253000E-7	5.289580E-2
1.253500E-7	5.271081E-2
1.254000E-7	5.253609E-2
1.254500E-7	5.237678E-2
1.255000E-7	5.224660E-2
1.255500E-7	5.216438E-2
1.256000E-7	5.212669E-2
1.256500E-7	5.211470E-2
1.257000E-7	5.213354E-2
1.257500E-7	5.218836E-2
1.258000E-7	5.224660E-2
1.258500E-7	5.230141E-2
1.259000E-7	5.235109E-2
1.259500E-7	5.240761E-2
1.260000E-7	5.246072E-2
1.260500E-7	5.251210E-2
1.261000E-7	5.254465E-2
1.261500E-7	5.255835E-2
1.262000E-7	5.257548E-2
1.262500E-7	5.258576E-2
1.263000E-7	5.257548E-2
1.263500E-7	5.256007E-2
1.264000E-7	5.254294E-2
1.264500E-7	5.249497E-2
1.265000E-7	5.242817E-2
1.265500E-7	5.237164E-2
1.266000E-7	5.232197E-2
1.266500E-7	5.223974E-2
1.267000E-7	5.214725E-2
1.267500E-7	5.205646E-2
1.268000E-7	5.196396E-2
1.268500E-7	5.186804E-2
1.269000E-7	5.178068E-2
1.269500E-7	5.170017E-2
1.270000E-7	5.164193E-2
1.270500E-7	5.159910E-2
1.271000E-7	5.156142E-2
1.271500E-7	5.151174E-2
1.272000E-7	5.147063E-2
1.272500E-7	5.145864E-2
1.273000E-7	5.146035E-2
1.273500E-7	5.144494E-2
1.274000E-7	5.141239E-2
1.274500E-7	5.137813E-2
1.275000E-7	5.137128E-2
1.275500E-7	5.139184E-2
1.276000E-7	5.142096E-2
1.276500E-7	5.147063E-2
1.277000E-7	5.153230E-2
1.277500E-7	5.159739E-2
1.278000E-7	5.165563E-2
1.278500E-7	5.171045E-2
1.279000E-7	5.173271E-2
1.279500E-7	5.172244E-2
1.280000E-7	5.171558E-2
1.280500E-7	5.171387E-2
1.281000E-7	5.168646E-2
1.281500E-7	5.163850E-2
1.282000E-7	5.159396E-2
1.282500E-7	5.155285E-2
1.283000E-7	5.149633E-2
1.283500E-7	5.143123E-2
1.284000E-7	5.138670E-2
1.284500E-7	5.139526E-2
1.285000E-7	5.145008E-2
1.285500E-7	5.151003E-2
1.286000E-7	5.157341E-2
1.286500E-7	5.165563E-2
1.287000E-7	5.172929E-2
1.287500E-7	5.175669E-2
1.288000E-7	5.175669E-2
1.288500E-7	5.173614E-2
1.289000E-7	5.165906E-2
1.289500E-7	5.152887E-2
1.290000E-7	5.140725E-2
1.290500E-7	5.131818E-2
1.291000E-7	5.122397E-2
1.291500E-7	5.116401E-2
1.292000E-7	5.116230E-2
1.292500E-7	5.120855E-2
1.293000E-7	5.126337E-2
1.293500E-7	5.134559E-2
1.294000E-7	5.146035E-2
1.294500E-7	5.156827E-2
1.295000E-7	5.163508E-2
1.295500E-7	5.166077E-2
1.296000E-7	5.166420E-2
1.296500E-7	5.164707E-2
1.297000E-7	5.160767E-2
1.297500E-7	5.154600E-2
1.298000E-7	5.147406E-2
1.298500E-7	5.141410E-2
1.299000E-7	5.136957E-2
1.299500E-7	5.135073E-2
1.300000E-7	5.135415E-2
1.300500E-7	5.135586E-2
1.301000E-7	5.136100E-2
1.301500E-7	5.137813E-2
1.302000E-7	5.140897E-2
1.302500E-7	5.142952E-2
1.303000E-7	5.143123E-2
1.303500E-7	5.143123E-2
1.304000E-7	5.142610E-2
1.304500E-7	5.138670E-2
1.305000E-7	5.132503E-2
1.305500E-7	5.129077E-2
1.306000E-7	5.127878E-2
1.306500E-7	5.125309E-2
1.307000E-7	5.124624E-2
1.307500E-7	5.127536E-2
1.308000E-7	5.132503E-2
1.308500E-7	5.135415E-2
1.309000E-7	5.137471E-2
1.309500E-7	5.140383E-2
1.310000E-7	5.142610E-2
1.310500E-7	5.143124E-2
1.311000E-7	5.140040E-2
1.311500E-7	5.134901E-2
1.312000E-7	5.130448E-2
1.312500E-7	5.126337E-2
1.313000E-7	5.121540E-2
1.313500E-7	5.118800E-2
1.314000E-7	5.117258E-2
1.314500E-7	5.114860E-2
1.315000E-7	5.111605E-2
1.315500E-7	5.109892E-2
1.316000E-7	5.110920E-2
1.316500E-7	5.111605E-2
1.317000E-7	5.111091E-2
1.317500E-7	5.110064E-2
1.318000E-7	5.109721E-2
1.318500E-7	5.108693E-2
1.319000E-7	5.106638E-2
1.319500E-7	5.105781E-2
1.320000E-7	5.106124E-2
1.320500E-7	5.106124E-2
1.321000E-7	5.106980E-2
1.321500E-7	5.110064E-2
1.322000E-7	5.115202E-2
1.322500E-7	5.121369E-2
1.323000E-7	5.127707E-2
1.323500E-7	5.133188E-2
1.324000E-7	5.137985E-2
1.324500E-7	5.144151E-2
1.325000E-7	5.149975E-2
1.325500E-7	5.150489E-2
1.326000E-7	5.148434E-2
1.326500E-7	5.147063E-2
1.327000E-7	5.145350E-2
1.327500E-7	5.140897E-2
1.328000E-7	5.132332E-2
1.328500E-7	5.120170E-2
1.329000E-7	5.107323E-2
1.329500E-7	5.094133E-2
1.330000E-7	5.080430E-2
1.330500E-7	5.066726E-2
1.331000E-7	5.054050E-2
1.331500E-7	5.042402E-2
1.332000E-7	5.031268E-2
1.332500E-7	5.021162E-2
1.333000E-7	5.013796E-2
1.333500E-7	5.009000E-2
1.334000E-7	5.005574E-2
1.334500E-7	5.004032E-2
1.335000E-7	5.006430E-2
1.335500E-7	5.013625E-2
1.336000E-7	5.024074E-2
1.336500E-7	5.035722E-2
1.337000E-7	5.047370E-2
1.337500E-7	5.056791E-2
1.338000E-7	5.065184E-2
1.338500E-7	5.072721E-2
1.339000E-7	5.076661E-2
1.339500E-7	5.078031E-2
1.340000E-7	5.079402E-2
1.340500E-7	5.076661E-2
1.341000E-7	5.068096E-2
1.341500E-7	5.058675E-2
1.342000E-7	5.049939E-2
1.342500E-7	5.037606E-2
1.343000E-7	5.024759E-2
1.343500E-7	5.015338E-2
1.344000E-7	5.007972E-2
1.344500E-7	5.001805E-2
1.345000E-7	4.999236E-2
1.345500E-7	4.999407E-2
1.346000E-7	4.998893E-2
1.346500E-7	4.998722E-2
1.347000E-7	5.001805E-2
1.347500E-7	5.006944E-2
1.348000E-7	5.010199E-2
1.348500E-7	5.011055E-2
1.349000E-7	5.013453E-2
1.349500E-7	5.018592E-2
1.350000E-7	5.022189E-2
1.350500E-7	5.023731E-2
1.351000E-7	5.027671E-2
1.351500E-7	5.032981E-2
1.352000E-7	5.036407E-2
1.352500E-7	5.036750E-2
1.353000E-7	5.037777E-2
1.353500E-7	5.037777E-2
1.354000E-7	5.035379E-2
1.354500E-7	5.029898E-2
1.355000E-7	5.025273E-2
1.355500E-7	5.025615E-2
1.356000E-7	5.029212E-2
1.356500E-7	5.032981E-2
1.357000E-7	5.039833E-2
1.357500E-7	5.051138E-2
1.358000E-7	5.062444E-2
1.358500E-7	5.069981E-2
1.359000E-7	5.075805E-2
1.359500E-7	5.079402E-2
1.360000E-7	5.078031E-2
1.360500E-7	5.071694E-2
1.361000E-7	5.061416E-2
1.361500E-7	5.046685E-2
1.362000E-7	5.028013E-2
1.362500E-7	5.007801E-2
1.363000E-7	4.988444E-2
1.363500E-7	4.971315E-2
1.364000E-7	4.958810E-2
1.364500E-7	4.952815E-2
1.365000E-7	4.952986E-2
1.365500E-7	4.959324E-2
1.366000E-7	4.969945E-2
1.366500E-7	4.983477E-2
1.367000E-7	4.996838E-2
1.367500E-7	5.009685E-2
1.368000E-7	5.020476E-2
1.368500E-7	5.025958E-2
1.369000E-7	5.026472E-2
1.369500E-7	5.026129E-2
1.370000E-7	5.022532E-2
1.370500E-7	5.016194E-2
1.371000E-7	5.010370E-2
1.371500E-7	5.007629E-2
1.372000E-7	5.007116E-2
1.372500E-7	5.007972E-2
1.373000E-7	5.011227E-2
1.373500E-7	5.016023E-2
1.374000E-7	5.021333E-2
1.374500E-7	5.025101E-2
1.375000E-7	5.027500E-2
1.375500E-7	5.026301E-2
1.376000E-7	5.021162E-2
1.376500E-7	5.011569E-2
1.377000E-7	5.000092E-2
1.377500E-7	4.989130E-2
1.378000E-7	4.977481E-2
1.378500E-7	4.964463E-2
1.379000E-7	4.954014E-2
1.379500E-7	4.949218E-2
1.380000E-7	4.949218E-2
1.380500E-7	4.950246E-2
1.381000E-7	4.952644E-2
1.381500E-7	4.959667E-2
1.382000E-7	4.967375E-2
1.382500E-7	4.971144E-2
1.383000E-7	4.975769E-2
1.383500E-7	4.980394E-2
1.384000E-7	4.980565E-2
1.384500E-7	4.975597E-2
1.385000E-7	4.968745E-2
1.385500E-7	4.960181E-2
1.386000E-7	4.950760E-2
1.386500E-7	4.942537E-2
1.387000E-7	4.935172E-2
1.387500E-7	4.931917E-2
1.388000E-7	4.936371E-2
1.388500E-7	4.947162E-2
1.389000E-7	4.960181E-2
1.389500E-7	4.979366E-2
1.390000E-7	5.002833E-2
1.390500E-7	5.022018E-2
1.391000E-7	5.035722E-2
1.391500E-7	5.046513E-2
1.392000E-7	5.051823E-2
1.392500E-7	5.048055E-2
1.393000E-7	5.039661E-2
1.393500E-7	5.025787E-2
1.394000E-7	5.005745E-2
1.394500E-7	4.983819E-2
1.395000E-7	4.963435E-2
1.395500E-7	4.944764E-2
1.396000E-7	4.928662E-2
1.396500E-7	4.918385E-2
1.397000E-7	4.914445E-2
1.397500E-7	4.914445E-2
1.398000E-7	4.916158E-2
1.398500E-7	4.920269E-2
1.399000E-7	4.925922E-2
1.399500E-7	4.931917E-2
1.400000E-7	4.936199E-2
1.400500E-7	4.935857E-2
1.401000E-7	4.932431E-2
1.401500E-7	4.928149E-2
1.402000E-7	4.925579E-2
1.402500E-7	4.923352E-2
1.403000E-7	4.920098E-2
1.403500E-7	4.915815E-2
1.404000E-7	4.913075E-2
1.404500E-7	4.912903E-2
1.405000E-7	4.914788E-2
1.405500E-7	4.918727E-2
1.406000E-7	4.925237E-2
1.406500E-7	4.934658E-2
1.407000E-7	4.943051E-2
1.407500E-7	4.948533E-2
1.408000E-7	4.952986E-2
1.408500E-7	4.958639E-2
1.409000E-7	4.962408E-2
1.409500E-7	4.963264E-2
1.410000E-7	4.963093E-2
1.410500E-7	4.964120E-2
1.411000E-7	4.963264E-2
1.411500E-7	4.960523E-2
1.412000E-7	4.958125E-2
1.412500E-7	4.956584E-2
1.413000E-7	4.954699E-2
1.413500E-7	4.951787E-2
1.414000E-7	4.950074E-2
1.414500E-7	4.951445E-2
1.415000E-7	4.953500E-2
1.415500E-7	4.951102E-2
1.416000E-7	4.944079E-2
1.416500E-7	4.935000E-2
1.417000E-7	4.924551E-2
1.417500E-7	4.910848E-2
1.418000E-7	4.894917E-2
1.418500E-7	4.878644E-2
1.419000E-7	4.863399E-2
1.419500E-7	4.848497E-2
1.420000E-7	4.836163E-2
1.420500E-7	4.829825E-2
1.421000E-7	4.828969E-2
1.421500E-7	4.831538E-2
1.422000E-7	4.837534E-2
1.422500E-7	4.847983E-2
1.423000E-7	4.859631E-2
1.423500E-7	4.871793E-2
1.424000E-7	4.883441E-2
1.424500E-7	4.890978E-2
1.425000E-7	4.895945E-2
1.425500E-7	4.901427E-2
1.426000E-7	4.906908E-2
1.426500E-7	4.909649E-2
1.427000E-7	4.910848E-2
1.427500E-7	4.912903E-2
1.428000E-7	4.914274E-2
1.428500E-7	4.913246E-2
1.429000E-7	4.911362E-2
1.429500E-7	4.909306E-2
1.430000E-7	4.907079E-2
1.430500E-7	4.902112E-2
1.431000E-7	4.893718E-2
1.431500E-7	4.884469E-2
1.432000E-7	4.876589E-2
1.432500E-7	4.868881E-2
1.433000E-7	4.859460E-2
1.433500E-7	4.849696E-2
1.434000E-7	4.842330E-2
1.434500E-7	4.840446E-2
1.435000E-7	4.841987E-2
1.435500E-7	4.844214E-2
1.436000E-7	4.847469E-2
1.436500E-7	4.852950E-2
1.437000E-7	4.859973E-2
1.437500E-7	4.867168E-2
1.438000E-7	4.873163E-2
1.438500E-7	4.876418E-2
1.439000E-7	4.875219E-2
1.439500E-7	4.870422E-2
1.440000E-7	4.865797E-2
1.440500E-7	4.860145E-2
1.441000E-7	4.849353E-2
1.441500E-7	4.834450E-2
1.442000E-7	4.820404E-2
1.442500E-7	4.807557E-2
1.443000E-7	4.795395E-2
1.443500E-7	4.785631E-2
1.444000E-7	4.779465E-2
1.444500E-7	4.776895E-2
1.445000E-7	4.779979E-2
1.445500E-7	4.789571E-2
1.446000E-7	4.804303E-2
1.446500E-7	4.818863E-2
1.447000E-7	4.831710E-2
1.447500E-7	4.842159E-2
1.448000E-7	4.850038E-2
1.448500E-7	4.852779E-2
1.449000E-7	4.849696E-2
1.449500E-7	4.845071E-2
1.450000E-7	4.839589E-2
1.450500E-7	4.829312E-2
1.451000E-7	4.814923E-2
1.451500E-7	4.803104E-2
1.452000E-7	4.796080E-2
1.452500E-7	4.790085E-2
1.453000E-7	4.784775E-2
1.453500E-7	4.784946E-2
1.454000E-7	4.790770E-2
1.454500E-7	4.797965E-2
1.455000E-7	4.805330E-2
1.455500E-7	4.814580E-2
1.456000E-7	4.823145E-2
1.456500E-7	4.828455E-2
1.457000E-7	4.832395E-2
1.457500E-7	4.835478E-2
1.458000E-7	4.837020E-2
1.458500E-7	4.836335E-2
1.459000E-7	4.835478E-2
1.459500E-7	4.834793E-2
1.460000E-7	4.835136E-2
1.460500E-7	4.835650E-2
1.461000E-7	4.836849E-2
1.461500E-7	4.841131E-2
1.462000E-7	4.847811E-2
1.462500E-7	4.854321E-2
1.463000E-7	4.858432E-2
1.463500E-7	4.862200E-2
1.464000E-7	4.866654E-2
1.464500E-7	4.869395E-2
1.465000E-7	4.869395E-2
1.465500E-7	4.867853E-2
1.466000E-7	4.864427E-2
1.466500E-7	4.858432E-2
1.467000E-7	4.849696E-2
1.467500E-7	4.839247E-2
1.468000E-7	4.828284E-2
1.468500E-7	4.817492E-2
1.469000E-7	4.806187E-2
1.469500E-7	4.798479E-2
1.470000E-7	4.793511E-2
1.470500E-7	4.788201E-2
1.471000E-7	4.785460E-2
1.471500E-7	4.788886E-2
1.472000E-7	4.794539E-2
1.472500E-7	4.799164E-2
1.473000E-7	4.806530E-2
1.473500E-7	4.816293E-2
1.474000E-7	4.824173E-2
1.474500E-7	4.829483E-2
1.475000E-7	4.834108E-2
1.475500E-7	4.834793E-2
1.476000E-7	4.831881E-2
1.476500E-7	4.826913E-2
1.477000E-7	4.819376E-2
1.477500E-7	4.809441E-2
1.478000E-7	4.799678E-2
1.478500E-7	4.790942E-2
1.479000E-7	4.783405E-2
1.479500E-7	4.777581E-2
1.480000E-7	4.774155E-2
1.480500E-7	4.773298E-2
1.481000E-7	4.773812E-2
1.481500E-7	4.774326E-2
1.482000E-7	4.773812E-2
1.482500E-7	4.773984E-2
1.483000E-7	4.775011E-2
1.483500E-7	4.774326E-2
1.484000E-7	4.771757E-2
1.484500E-7	4.769530E-2
1.485000E-7	4.769187E-2
1.485500E-7	4.769701E-2
1.486000E-7	4.770558E-2
1.486500E-7	4.771414E-2
1.487000E-7	4.771757E-2
1.487500E-7	4.771585E-2
1.488000E-7	4.772271E-2
1.488500E-7	4.772442E-2
1.489000E-7	4.770558E-2
1.489500E-7	4.769187E-2
1.490000E-7	4.770044E-2
1.490500E-7	4.770558E-2
1.491000E-7	4.769872E-2
1.491500E-7	4.771585E-2
1.492000E-7	4.774840E-2
1.492500E-7	4.776382E-2
1.493000E-7	4.778951E-2
1.493500E-7	4.783062E-2
1.494000E-7	4.786145E-2
1.494500E-7	4.788372E-2
1.495000E-7	4.789914E-2
1.495500E-7	4.789743E-2
1.496000E-7	4.787516E-2
1.496500E-7	4.783233E-2
1.497000E-7	4.778437E-2
1.497500E-7	4.775354E-2
1.498000E-7	4.773298E-2
1.498500E-7	4.768502E-2
1.499000E-7	4.761479E-2
1.499500E-7	4.756683E-2
1.500000E-7	4.755826E-2
1.500500E-7	4.753599E-2
1.501000E-7	4.750174E-2
1.501500E-7	4.748803E-2
1.502000E-7	4.747261E-2
1.502500E-7	4.743664E-2
1.503000E-7	4.739553E-2
1.503500E-7	4.735442E-2
1.504000E-7	4.730132E-2
1.504500E-7	4.723794E-2
1.505000E-7	4.719340E-2
1.505500E-7	4.715915E-2
1.506000E-7	4.710262E-2
1.506500E-7	4.704438E-2
1.507000E-7	4.700498E-2
1.507500E-7	4.699128E-2
1.508000E-7	4.699984E-2
1.508500E-7	4.703581E-2
1.509000E-7	4.711290E-2
1.509500E-7	4.720882E-2
1.510000E-7	4.730303E-2
1.510500E-7	4.738868E-2
1.511000E-7	4.747604E-2
1.511500E-7	4.754456E-2
1.512000E-7	4.757025E-2
1.512500E-7	4.753599E-2
1.513000E-7	4.743664E-2
1.513500E-7	4.728248E-2
1.514000E-7	4.710776E-2
1.514500E-7	4.693989E-2
1.515000E-7	4.679086E-2
1.515500E-7	4.667438E-2
1.516000E-7	4.661614E-2
1.516500E-7	4.662299E-2
1.517000E-7	4.667267E-2
1.517500E-7	4.675146E-2
1.518000E-7	4.687308E-2
1.518500E-7	4.703410E-2
1.519000E-7	4.719169E-2
1.519500E-7	4.735785E-2
1.520000E-7	4.751373E-2
1.520500E-7	4.759423E-2
1.521000E-7	4.759595E-2
1.521500E-7	4.757710E-2
1.522000E-7	4.753428E-2
1.522500E-7	4.742465E-2
1.523000E-7	4.727563E-2
1.523500E-7	4.714202E-2
1.524000E-7	4.700327E-2
1.524500E-7	4.685938E-2
1.525000E-7	4.675318E-2
1.525500E-7	4.669322E-2
1.526000E-7	4.665383E-2
1.526500E-7	4.665211E-2
1.527000E-7	4.668466E-2
1.527500E-7	4.671892E-2
1.528000E-7	4.674975E-2
1.528500E-7	4.676517E-2
1.529000E-7	4.675832E-2
1.529500E-7	4.672406E-2
1.530000E-7	4.668466E-2
1.530500E-7	4.663156E-2
1.531000E-7	4.657332E-2
1.531500E-7	4.652022E-2
1.532000E-7	4.647225E-2
1.532500E-7	4.641744E-2
1.533000E-7	4.637290E-2
1.533500E-7	4.636434E-2
1.534000E-7	4.636948E-2
1.534500E-7	4.638489E-2
1.535000E-7	4.641915E-2
1.535500E-7	4.645512E-2
1.536000E-7	4.647225E-2
1.536500E-7	4.647054E-2
1.537000E-7	4.646712E-2
1.537500E-7	4.645512E-2
1.538000E-7	4.645512E-2
1.538500E-7	4.646026E-2
1.539000E-7	4.645341E-2
1.539500E-7	4.643628E-2
1.540000E-7	4.642429E-2
1.540500E-7	4.642258E-2
1.541000E-7	4.643114E-2
1.541500E-7	4.647225E-2
1.542000E-7	4.654077E-2
1.542500E-7	4.660586E-2
1.543000E-7	4.666239E-2
1.543500E-7	4.671721E-2
1.544000E-7	4.676346E-2
1.544500E-7	4.678572E-2
1.545000E-7	4.678572E-2
1.545500E-7	4.676859E-2
1.546000E-7	4.672063E-2
1.546500E-7	4.662985E-2
1.547000E-7	4.650309E-2
1.547500E-7	4.636263E-2
1.548000E-7	4.624101E-2
1.548500E-7	4.611596E-2
1.549000E-7	4.597550E-2
1.549500E-7	4.586587E-2
1.550000E-7	4.580763E-2
1.550500E-7	4.577508E-2
1.551000E-7	4.576309E-2
1.551500E-7	4.579221E-2
1.552000E-7	4.585045E-2
1.552500E-7	4.593096E-2
1.553000E-7	4.603031E-2
1.553500E-7	4.615022E-2
1.554000E-7	4.627869E-2
1.554500E-7	4.641059E-2
1.555000E-7	4.652536E-2
1.555500E-7	4.659216E-2
1.556000E-7	4.664697E-2
1.556500E-7	4.672406E-2
1.557000E-7	4.677031E-2
1.557500E-7	4.675489E-2
1.558000E-7	4.673947E-2
1.558500E-7	4.674633E-2
1.559000E-7	4.674119E-2
1.559500E-7	4.670522E-2
1.560000E-7	4.666239E-2
1.560500E-7	4.664698E-2
1.561000E-7	4.664698E-2
1.561500E-7	4.664869E-2
1.562000E-7	4.664526E-2
1.562500E-7	4.664869E-2
1.563000E-7	4.665897E-2
1.563500E-7	4.666582E-2
1.564000E-7	4.665383E-2
1.564500E-7	4.664184E-2
1.565000E-7	4.664012E-2
1.565500E-7	4.665897E-2
1.566000E-7	4.666410E-2
1.566500E-7	4.665897E-2
1.567000E-7	4.665725E-2
1.567500E-7	4.665725E-2
1.568000E-7	4.663156E-2
1.568500E-7	4.659216E-2
1.569000E-7	4.657332E-2
1.569500E-7	4.655448E-2
1.570000E-7	4.648767E-2
1.570500E-7	4.639346E-2
1.571000E-7	4.629411E-2
1.571500E-7	4.619304E-2
1.572000E-7	4.609027E-2
1.572500E-7	4.599777E-2
1.573000E-7	4.591383E-2
1.573500E-7	4.585731E-2
1.574000E-7	4.585902E-2
1.574500E-7	4.589499E-2
1.575000E-7	4.592925E-2
1.575500E-7	4.599092E-2
1.576000E-7	4.609541E-2
1.576500E-7	4.621874E-2
1.577000E-7	4.632494E-2
1.577500E-7	4.641230E-2
1.578000E-7	4.647568E-2
1.578500E-7	4.651679E-2
1.579000E-7	4.655105E-2
1.579500E-7	4.657503E-2
1.580000E-7	4.657674E-2
1.580500E-7	4.656475E-2
1.581000E-7	4.654934E-2
1.581500E-7	4.652193E-2
1.582000E-7	4.650651E-2
1.582500E-7	4.649795E-2
1.583000E-7	4.646540E-2
1.583500E-7	4.642258E-2
1.584000E-7	4.639003E-2
1.584500E-7	4.635406E-2
1.585000E-7	4.630781E-2
1.585500E-7	4.626156E-2
1.586000E-7	4.621189E-2
1.586500E-7	4.613138E-2
1.587000E-7	4.604744E-2
1.587500E-7	4.597893E-2
1.588000E-7	4.591212E-2
1.588500E-7	4.583332E-2
1.589000E-7	4.576823E-2
1.589500E-7	4.570657E-2
1.590000E-7	4.564833E-2
1.590500E-7	4.560208E-2
1.591000E-7	4.556097E-2
1.591500E-7	4.551643E-2
1.592000E-7	4.548902E-2
1.592500E-7	4.548902E-2
1.593000E-7	4.549074E-2
1.593500E-7	4.553013E-2
1.594000E-7	4.562777E-2
1.594500E-7	4.575967E-2
1.595000E-7	4.589842E-2
1.595500E-7	4.605087E-2
1.596000E-7	4.619990E-2
1.596500E-7	4.632151E-2
1.597000E-7	4.640887E-2
1.597500E-7	4.645684E-2
1.598000E-7	4.646540E-2
1.598500E-7	4.644827E-2
1.599000E-7	4.638661E-2
1.599500E-7	4.628040E-2
1.600000E-7	4.616906E-2
1.600500E-7	4.607142E-2
1.601000E-7	4.596522E-2
1.601500E-7	4.586245E-2
1.602000E-7	4.578708E-2
1.602500E-7	4.573911E-2
1.603000E-7	4.570657E-2
1.603500E-7	4.569629E-2
1.604000E-7	4.567059E-2
1.604500E-7	4.564319E-2
1.605000E-7	4.563805E-2
1.605500E-7	4.563462E-2
1.606000E-7	4.561064E-2
1.606500E-7	4.557981E-2
1.607000E-7	4.555925E-2
1.607500E-7	4.550615E-2
1.608000E-7	4.544277E-2
1.608500E-7	4.540680E-2
1.609000E-7	4.539652E-2
1.609500E-7	4.539138E-2
1.610000E-7	4.539138E-2
1.610500E-7	4.538453E-2
1.611000E-7	4.536740E-2
1.611500E-7	4.536740E-2
1.612000E-7	4.537425E-2
1.612500E-7	4.534685E-2
1.613000E-7	4.531430E-2
1.613500E-7	4.529888E-2
1.614000E-7	4.526805E-2
1.614500E-7	4.521324E-2
1.615000E-7	4.516185E-2
1.615500E-7	4.512074E-2
1.616000E-7	4.507620E-2
1.616500E-7	4.505565E-2
1.617000E-7	4.508305E-2
1.617500E-7	4.514643E-2
1.618000E-7	4.523208E-2
1.618500E-7	4.533314E-2
1.619000E-7	4.543421E-2
1.619500E-7	4.554212E-2
1.620000E-7	4.563805E-2
1.620500E-7	4.567402E-2
1.621000E-7	4.566888E-2
1.621500E-7	4.565004E-2
1.622000E-7	4.560036E-2
1.622500E-7	4.550615E-2
1.623000E-7	4.539310E-2
1.623500E-7	4.529032E-2
1.624000E-7	4.519611E-2
1.624500E-7	4.511731E-2
1.625000E-7	4.505565E-2
1.625500E-7	4.500255E-2
1.626000E-7	4.496315E-2
1.626500E-7	4.495630E-2
1.627000E-7	4.494773E-2
1.627500E-7	4.492546E-2
1.628000E-7	4.494944E-2
1.628500E-7	4.501625E-2
1.629000E-7	4.507792E-2
1.629500E-7	4.514129E-2
1.630000E-7	4.523208E-2
1.630500E-7	4.532287E-2
1.631000E-7	4.539310E-2
1.631500E-7	4.545476E-2
1.632000E-7	4.549416E-2
1.632500E-7	4.547875E-2
1.633000E-7	4.543592E-2
1.633500E-7	4.536569E-2
1.634000E-7	4.526805E-2
1.634500E-7	4.515671E-2
1.635000E-7	4.506079E-2
1.635500E-7	4.500083E-2
1.636000E-7	4.499227E-2
1.636500E-7	4.500597E-2
1.637000E-7	4.501454E-2
1.637500E-7	4.505565E-2
1.638000E-7	4.513102E-2
1.638500E-7	4.519611E-2
1.639000E-7	4.523037E-2
1.639500E-7	4.526291E-2
1.640000E-7	4.528176E-2
1.640500E-7	4.524407E-2
1.641000E-7	4.516356E-2
1.641500E-7	4.508134E-2
1.642000E-7	4.499398E-2
1.642500E-7	4.489120E-2
1.643000E-7	4.480042E-2
1.643500E-7	4.473190E-2
1.644000E-7	4.467195E-2
1.644500E-7	4.461884E-2
1.645000E-7	4.459144E-2
1.645500E-7	4.461713E-2
1.646000E-7	4.465824E-2
1.646500E-7	4.469593E-2
1.647000E-7	4.474046E-2
1.647500E-7	4.480898E-2
1.648000E-7	4.488264E-2
1.648500E-7	4.493574E-2
1.649000E-7	4.497857E-2
1.649500E-7	4.501454E-2
1.650000E-7	4.502310E-2
1.650500E-7	4.499569E-2
1.651000E-7	4.494945E-2
1.651500E-7	4.490148E-2
1.652000E-7	4.486037E-2
1.652500E-7	4.480898E-2
1.653000E-7	4.474732E-2
1.653500E-7	4.470107E-2
1.654000E-7	4.466510E-2
1.654500E-7	4.463084E-2
1.655000E-7	4.461371E-2
1.655500E-7	4.461713E-2
1.656000E-7	4.462227E-2
1.656500E-7	4.461028E-2
1.657000E-7	4.458116E-2
1.657500E-7	4.454690E-2
1.658000E-7	4.454005E-2
1.658500E-7	4.455547E-2
1.659000E-7	4.459487E-2
1.659500E-7	4.464968E-2
1.660000E-7	4.472676E-2
1.660500E-7	4.482611E-2
1.661000E-7	4.492375E-2
1.661500E-7	4.500769E-2
1.662000E-7	4.507278E-2
1.662500E-7	4.509847E-2
1.663000E-7	4.507106E-2
1.663500E-7	4.500597E-2
1.664000E-7	4.492546E-2
1.664500E-7	4.480898E-2
1.665000E-7	4.466167E-2
1.665500E-7	4.453320E-2
1.666000E-7	4.445098E-2
1.666500E-7	4.439959E-2
1.667000E-7	4.439274E-2
1.667500E-7	4.443727E-2
1.668000E-7	4.450237E-2
1.668500E-7	4.457774E-2
1.669000E-7	4.466338E-2
1.669500E-7	4.475246E-2
1.670000E-7	4.482097E-2
1.670500E-7	4.483982E-2
1.671000E-7	4.481412E-2
1.671500E-7	4.475074E-2
1.672000E-7	4.465996E-2
1.672500E-7	4.453834E-2
1.673000E-7	4.440644E-2
1.673500E-7	4.427968E-2
1.674000E-7	4.416320E-2
1.674500E-7	4.405357E-2
1.675000E-7	4.398506E-2
1.675500E-7	4.396450E-2
1.676000E-7	4.396621E-2
1.676500E-7	4.398506E-2
1.677000E-7	4.402617E-2
1.677500E-7	4.408783E-2
1.678000E-7	4.417005E-2
1.678500E-7	4.424028E-2
1.679000E-7	4.430195E-2
1.679500E-7	4.436704E-2
1.680000E-7	4.441500E-2
1.680500E-7	4.441329E-2
1.681000E-7	4.437903E-2
1.681500E-7	4.434991E-2
1.682000E-7	4.429339E-2
1.682500E-7	4.419746E-2
1.683000E-7	4.410667E-2
1.683500E-7	4.401589E-2
1.684000E-7	4.391996E-2
1.684500E-7	4.384802E-2
1.685000E-7	4.382575E-2
1.685500E-7	4.380862E-2
1.686000E-7	4.379663E-2
1.686500E-7	4.382233E-2
1.687000E-7	4.387371E-2
1.687500E-7	4.393709E-2
1.688000E-7	4.402959E-2
1.688500E-7	4.413922E-2
1.689000E-7	4.426940E-2
1.689500E-7	4.440815E-2
1.690000E-7	4.452806E-2
1.690500E-7	4.460514E-2
1.691000E-7	4.466681E-2
1.691500E-7	4.470963E-2
1.692000E-7	4.469593E-2
1.692500E-7	4.462398E-2
1.693000E-7	4.453491E-2
1.693500E-7	4.444241E-2
1.694000E-7	4.433450E-2
1.694500E-7	4.423343E-2
1.695000E-7	4.415121E-2
1.695500E-7	4.409297E-2
1.696000E-7	4.407584E-2
1.696500E-7	4.408269E-2
1.697000E-7	4.408269E-2
1.697500E-7	4.407927E-2
1.698000E-7	4.408441E-2
1.698500E-7	4.406899E-2
1.699000E-7	4.401075E-2
1.699500E-7	4.394566E-2
1.700000E-7	4.387371E-2
1.700500E-7	4.376580E-2
1.701000E-7	4.363390E-2
1.701500E-7	4.351742E-2
1.702000E-7	4.339752E-2
1.702500E-7	4.329474E-2
1.703000E-7	4.324335E-2
1.703500E-7	4.323992E-2
1.704000E-7	4.326391E-2
1.704500E-7	4.333242E-2
1.705000E-7	4.343177E-2
1.705500E-7	4.352941E-2
1.706000E-7	4.360136E-2
1.706500E-7	4.366473E-2
1.707000E-7	4.371955E-2
1.707500E-7	4.376922E-2
1.708000E-7	4.380177E-2
1.708500E-7	4.382233E-2
1.709000E-7	4.384459E-2
1.709500E-7	4.386686E-2
1.710000E-7	4.386858E-2
1.710500E-7	4.387543E-2
1.711000E-7	4.390626E-2
1.711500E-7	4.393709E-2
1.712000E-7	4.395080E-2
1.712500E-7	4.396793E-2
1.713000E-7	4.398677E-2
1.713500E-7	4.400047E-2
1.714000E-7	4.399705E-2
1.714500E-7	4.396621E-2
1.715000E-7	4.390797E-2
1.715500E-7	4.384117E-2
1.716000E-7	4.376922E-2
1.716500E-7	4.369557E-2
1.717000E-7	4.362876E-2
1.717500E-7	4.358080E-2
1.718000E-7	4.357224E-2
1.718500E-7	4.360307E-2
1.719000E-7	4.366987E-2
1.719500E-7	4.374182E-2
1.720000E-7	4.383089E-2
1.720500E-7	4.394737E-2
1.721000E-7	4.405700E-2
1.721500E-7	4.411695E-2
1.722000E-7	4.411353E-2
1.722500E-7	4.406385E-2
1.723000E-7	4.398677E-2
1.723500E-7	4.388057E-2
1.724000E-7	4.376580E-2
1.724500E-7	4.366645E-2
1.725000E-7	4.359964E-2
1.725500E-7	4.356710E-2
1.726000E-7	4.355511E-2
1.726500E-7	4.355511E-2
1.727000E-7	4.356710E-2
1.727500E-7	4.362020E-2
1.728000E-7	4.369557E-2
1.728500E-7	4.375723E-2
1.729000E-7	4.379149E-2
1.729500E-7	4.381547E-2
1.730000E-7	4.381547E-2
1.730500E-7	4.377265E-2
1.731000E-7	4.366987E-2
1.731500E-7	4.352256E-2
1.732000E-7	4.336668E-2
1.732500E-7	4.321937E-2
1.733000E-7	4.309946E-2
1.733500E-7	4.302752E-2
1.734000E-7	4.301724E-2
1.734500E-7	4.305150E-2
1.735000E-7	4.313372E-2
1.735500E-7	4.327418E-2
1.736000E-7	4.342663E-2
1.736500E-7	4.354825E-2
1.737000E-7	4.365446E-2
1.737500E-7	4.374696E-2
1.738000E-7	4.381376E-2
1.738500E-7	4.382575E-2
1.739000E-7	4.377265E-2
1.739500E-7	4.368358E-2
1.740000E-7	4.357566E-2
1.740500E-7	4.345918E-2
1.741000E-7	4.333414E-2
1.741500E-7	4.320395E-2
1.742000E-7	4.307719E-2
1.742500E-7	4.296243E-2
1.743000E-7	4.286308E-2
1.743500E-7	4.277743E-2
1.744000E-7	4.271405E-2
1.744500E-7	4.269692E-2
1.745000E-7	4.270206E-2
1.745500E-7	4.271576E-2
1.746000E-7	4.275002E-2
1.746500E-7	4.279798E-2
1.747000E-7	4.283738E-2
1.747500E-7	4.287849E-2
1.748000E-7	4.292988E-2
1.748500E-7	4.296243E-2
1.749000E-7	4.296928E-2
1.749500E-7	4.297442E-2
1.750000E-7	4.297099E-2
1.750500E-7	4.293844E-2
1.751000E-7	4.291104E-2
1.751500E-7	4.289905E-2
1.752000E-7	4.289733E-2
1.752500E-7	4.291960E-2
1.753000E-7	4.295900E-2
1.753500E-7	4.299497E-2
1.754000E-7	4.306006E-2
1.754500E-7	4.315256E-2
1.755000E-7	4.325020E-2
1.755500E-7	4.333242E-2
1.756000E-7	4.339580E-2
1.756500E-7	4.341636E-2
1.757000E-7	4.338039E-2
1.757500E-7	4.331529E-2
1.758000E-7	4.323478E-2
1.758500E-7	4.314742E-2
1.759000E-7	4.304807E-2
1.759500E-7	4.296071E-2
1.760000E-7	4.290590E-2
1.760500E-7	4.286479E-2
1.761000E-7	4.282025E-2
1.761500E-7	4.281169E-2
1.762000E-7	4.285280E-2
1.762500E-7	4.290247E-2
1.763000E-7	4.294701E-2
1.763500E-7	4.301553E-2
1.764000E-7	4.308233E-2
1.764500E-7	4.310974E-2
1.765000E-7	4.309775E-2
1.765500E-7	4.306006E-2
1.766000E-7	4.300182E-2
1.766500E-7	4.291618E-2
1.767000E-7	4.281683E-2
1.767500E-7	4.272433E-2
1.768000E-7	4.267123E-2
1.768500E-7	4.264039E-2
1.769000E-7	4.262840E-2
1.769500E-7	4.263525E-2
1.770000E-7	4.265923E-2
1.770500E-7	4.269178E-2
1.771000E-7	4.271405E-2
1.771500E-7	4.275002E-2
1.772000E-7	4.280312E-2
1.772500E-7	4.286308E-2
1.773000E-7	4.291446E-2
1.773500E-7	4.296071E-2
1.774000E-7	4.300868E-2
1.774500E-7	4.305321E-2
1.775000E-7	4.308405E-2
1.775500E-7	4.311488E-2
1.776000E-7	4.313372E-2
1.776500E-7	4.312173E-2
1.777000E-7	4.310460E-2
1.777500E-7	4.309775E-2
1.778000E-7	4.307548E-2
1.778500E-7	4.301895E-2
1.779000E-7	4.295044E-2
1.779500E-7	4.286308E-2
1.780000E-7	4.276372E-2
1.780500E-7	4.267465E-2
1.781000E-7	4.260442E-2
1.781500E-7	4.255475E-2
1.782000E-7	4.252391E-2
1.782500E-7	4.251706E-2
1.783000E-7	4.252563E-2
1.783500E-7	4.256331E-2
1.784000E-7	4.261299E-2
1.784500E-7	4.265410E-2
1.785000E-7	4.268836E-2
1.785500E-7	4.271405E-2
1.786000E-7	4.270035E-2
1.786500E-7	4.266951E-2
1.787000E-7	4.265752E-2
1.787500E-7	4.264724E-2
1.788000E-7	4.262326E-2
1.788500E-7	4.259414E-2
1.789000E-7	4.257701E-2
1.789500E-7	4.257701E-2
1.790000E-7	4.258215E-2
1.790500E-7	4.258215E-2
1.791000E-7	4.259243E-2
1.791500E-7	4.263525E-2
1.792000E-7	4.268835E-2
1.792500E-7	4.272604E-2
1.793000E-7	4.274660E-2
1.793500E-7	4.273632E-2
1.794000E-7	4.269521E-2
1.794500E-7	4.264896E-2
1.795000E-7	4.259072E-2
1.795500E-7	4.251706E-2
1.796000E-7	4.245539E-2
1.796500E-7	4.241428E-2
1.797000E-7	4.238516E-2
1.797500E-7	4.238516E-2
1.798000E-7	4.241942E-2
1.798500E-7	4.247938E-2
1.799000E-7	4.255475E-2
1.799500E-7	4.264039E-2
1.800000E-7	4.270548E-2
1.800500E-7	4.273974E-2
1.801000E-7	4.274317E-2
1.801500E-7	4.272775E-2
1.802000E-7	4.268150E-2
1.802500E-7	4.259243E-2
1.803000E-7	4.248451E-2
1.803500E-7	4.238688E-2
1.804000E-7	4.230294E-2
1.804500E-7	4.220873E-2
1.805000E-7	4.212137E-2
1.805500E-7	4.206998E-2
1.806000E-7	4.204600E-2
1.806500E-7	4.205457E-2
1.807000E-7	4.209396E-2
1.807500E-7	4.215734E-2
1.808000E-7	4.221730E-2
1.808500E-7	4.226012E-2
1.809000E-7	4.228581E-2
1.809500E-7	4.229780E-2
1.810000E-7	4.226697E-2
1.810500E-7	4.216933E-2
1.811000E-7	4.201517E-2
1.811500E-7	4.183531E-2
1.812000E-7	4.166401E-2
1.812500E-7	4.150642E-2
1.813000E-7	4.137966E-2
1.813500E-7	4.129573E-2
1.814000E-7	4.127003E-2
1.814500E-7	4.130258E-2
1.815000E-7	4.138480E-2
1.815500E-7	4.148244E-2
1.816000E-7	4.158179E-2
1.816500E-7	4.168628E-2
1.817000E-7	4.178906E-2
1.817500E-7	4.186614E-2
1.818000E-7	4.190383E-2
1.818500E-7	4.192267E-2
1.819000E-7	4.195007E-2
1.819500E-7	4.197234E-2
1.820000E-7	4.199119E-2
1.820500E-7	4.202373E-2
1.821000E-7	4.207169E-2
1.821500E-7	4.212480E-2
1.822000E-7	4.216591E-2
1.822500E-7	4.218132E-2
1.823000E-7	4.218817E-2
1.823500E-7	4.219845E-2
1.824000E-7	4.217276E-2
1.824500E-7	4.209567E-2
1.825000E-7	4.201688E-2
1.825500E-7	4.195007E-2
1.826000E-7	4.186957E-2
1.826500E-7	4.178906E-2
1.827000E-7	4.172739E-2
1.827500E-7	4.168457E-2
1.828000E-7	4.167258E-2
1.828500E-7	4.168971E-2
1.829000E-7	4.171369E-2
1.829500E-7	4.173424E-2
1.830000E-7	4.175651E-2
1.830500E-7	4.176679E-2
1.831000E-7	4.175823E-2
1.831500E-7	4.173596E-2
1.832000E-7	4.169998E-2
1.832500E-7	4.166059E-2
1.833000E-7	4.161434E-2
1.833500E-7	4.156637E-2
1.834000E-7	4.154582E-2
1.834500E-7	4.156466E-2
1.835000E-7	4.159036E-2
1.835500E-7	4.161605E-2
1.836000E-7	4.166401E-2
1.836500E-7	4.172911E-2
1.837000E-7	4.177878E-2
1.837500E-7	4.181989E-2
1.838000E-7	4.185415E-2
1.838500E-7	4.185586E-2
1.839000E-7	4.182846E-2
1.839500E-7	4.180276E-2
1.840000E-7	4.174281E-2
1.840500E-7	4.163318E-2
1.841000E-7	4.153383E-2
1.841500E-7	4.145846E-2
1.842000E-7	4.138823E-2
1.842500E-7	4.133513E-2
1.843000E-7	4.135054E-2
1.843500E-7	4.143448E-2
1.844000E-7	4.153897E-2
1.844500E-7	4.163832E-2
1.845000E-7	4.173938E-2
1.845500E-7	4.185244E-2
1.846000E-7	4.198262E-2
1.846500E-7	4.211281E-2
1.847000E-7	4.220702E-2
1.847500E-7	4.224128E-2
1.848000E-7	4.223785E-2
1.848500E-7	4.220873E-2
1.849000E-7	4.213507E-2
1.849500E-7	4.201688E-2
1.850000E-7	4.188841E-2
1.850500E-7	4.177364E-2
1.851000E-7	4.164688E-2
1.851500E-7	4.152184E-2
1.852000E-7	4.141564E-2
1.852500E-7	4.131628E-2
1.853000E-7	4.123235E-2
1.853500E-7	4.118781E-2
1.854000E-7	4.117411E-2
1.854500E-7	4.115869E-2
1.855000E-7	4.113642E-2
1.855500E-7	4.114670E-2
1.856000E-7	4.120152E-2
1.856500E-7	4.123406E-2
1.857000E-7	4.122379E-2
1.857500E-7	4.123235E-2
1.858000E-7	4.126318E-2
1.858500E-7	4.124434E-2
1.859000E-7	4.118096E-2
1.859500E-7	4.112615E-2
1.860000E-7	4.109874E-2
1.860500E-7	4.106791E-2
1.861000E-7	4.104050E-2
1.861500E-7	4.103707E-2
1.862000E-7	4.107476E-2
1.862500E-7	4.113643E-2
1.863000E-7	4.119295E-2
1.863500E-7	4.126490E-2
1.864000E-7	4.135226E-2
1.864500E-7	4.140536E-2
1.865000E-7	4.141735E-2
1.865500E-7	4.143105E-2
1.866000E-7	4.144989E-2
1.866500E-7	4.143277E-2
1.867000E-7	4.138480E-2
1.867500E-7	4.132656E-2
1.868000E-7	4.127346E-2
1.868500E-7	4.122721E-2
1.869000E-7	4.119295E-2
1.869500E-7	4.116726E-2
1.870000E-7	4.116041E-2
1.870500E-7	4.115698E-2
1.871000E-7	4.112101E-2
1.871500E-7	4.108504E-2
1.872000E-7	4.107305E-2
1.872500E-7	4.105078E-2
1.873000E-7	4.100967E-2
1.873500E-7	4.097198E-2
1.874000E-7	4.094286E-2
1.874500E-7	4.090175E-2
1.875000E-7	4.086064E-2
1.875500E-7	4.083837E-2
1.876000E-7	4.083666E-2
1.876500E-7	4.086064E-2
1.877000E-7	4.091374E-2
1.877500E-7	4.099768E-2
1.878000E-7	4.110388E-2
1.878500E-7	4.121180E-2
1.879000E-7	4.132485E-2
1.879500E-7	4.142934E-2
1.880000E-7	4.149443E-2
1.880500E-7	4.150985E-2
1.881000E-7	4.151156E-2
1.881500E-7	4.149614E-2
1.882000E-7	4.141564E-2
1.882500E-7	4.128888E-2
1.883000E-7	4.117068E-2
1.883500E-7	4.106448E-2
1.884000E-7	4.098226E-2
1.884500E-7	4.091203E-2
1.885000E-7	4.084694E-2
1.885500E-7	4.080411E-2
1.886000E-7	4.078356E-2
1.886500E-7	4.076129E-2
1.887000E-7	4.072018E-2
1.887500E-7	4.067564E-2
1.888000E-7	4.063967E-2
1.888500E-7	4.059856E-2
1.889000E-7	4.055231E-2
1.889500E-7	4.050777E-2
1.890000E-7	4.047180E-2
1.890500E-7	4.045125E-2
1.891000E-7	4.044611E-2
1.891500E-7	4.045981E-2
1.892000E-7	4.051291E-2
1.892500E-7	4.059342E-2
1.893000E-7	4.069106E-2
1.893500E-7	4.080240E-2
1.894000E-7	4.092059E-2
1.894500E-7	4.102508E-2
1.895000E-7	4.110731E-2
1.895500E-7	4.116041E-2
1.896000E-7	4.117925E-2
1.896500E-7	4.115527E-2
1.897000E-7	4.108504E-2
1.897500E-7	4.098911E-2
1.898000E-7	4.090004E-2
1.898500E-7	4.079897E-2
1.899000E-7	4.068592E-2
1.899500E-7	4.060027E-2
1.900000E-7	4.054032E-2
1.900500E-7	4.047352E-2
1.901000E-7	4.043754E-2
1.901500E-7	4.043926E-2
1.902000E-7	4.043926E-2
1.902500E-7	4.044097E-2
1.903000E-7	4.046324E-2
1.903500E-7	4.049750E-2
1.904000E-7	4.052490E-2
1.904500E-7	4.054375E-2
1.905000E-7	4.054546E-2
1.905500E-7	4.054546E-2
1.906000E-7	4.054375E-2
1.906500E-7	4.051634E-2
1.907000E-7	4.047523E-2
1.907500E-7	4.044953E-2
1.908000E-7	4.043412E-2
1.908500E-7	4.040328E-2
1.909000E-7	4.037588E-2
1.909500E-7	4.036389E-2
1.910000E-7	4.036389E-2
1.910500E-7	4.037416E-2
1.911000E-7	4.039815E-2
1.911500E-7	4.042727E-2
1.912000E-7	4.047694E-2
1.912500E-7	4.054375E-2
1.913000E-7	4.060884E-2
1.913500E-7	4.067564E-2
1.914000E-7	4.073388E-2
1.914500E-7	4.078698E-2
1.915000E-7	4.084865E-2
1.915500E-7	4.090860E-2
1.916000E-7	4.092059E-2
1.916500E-7	4.090346E-2
1.917000E-7	4.090346E-2
1.917500E-7	4.091203E-2
1.918000E-7	4.090004E-2
1.918500E-7	4.087434E-2
1.919000E-7	4.084694E-2
1.919500E-7	4.079897E-2
1.920000E-7	4.073388E-2
1.920500E-7	4.063796E-2
1.921000E-7	4.051120E-2
1.921500E-7	4.036217E-2
1.922000E-7	4.019944E-2
1.922500E-7	4.002130E-2
1.923000E-7	3.984486E-2
1.923500E-7	3.969926E-2
1.924000E-7	3.961019E-2
1.924500E-7	3.957422E-2
1.925000E-7	3.959649E-2
1.925500E-7	3.968727E-2
1.926000E-7	3.982945E-2
1.926500E-7	3.998190E-2
1.927000E-7	4.013435E-2
1.927500E-7	4.031250E-2
1.928000E-7	4.048379E-2
1.928500E-7	4.056601E-2
1.929000E-7	4.057458E-2
1.929500E-7	4.054546E-2
1.930000E-7	4.044611E-2
1.930500E-7	4.026967E-2
1.931000E-7	4.006926E-2
1.931500E-7	3.990310E-2
1.932000E-7	3.974894E-2
1.932500E-7	3.958621E-2
1.933000E-7	3.945945E-2
1.933500E-7	3.939778E-2
1.934000E-7	3.938579E-2
1.934500E-7	3.938922E-2
1.935000E-7	3.941663E-2
1.935500E-7	3.948686E-2
1.936000E-7	3.958450E-2
1.936500E-7	3.968899E-2
1.937000E-7	3.980033E-2
1.937500E-7	3.991167E-2
1.938000E-7	4.001445E-2
1.938500E-7	4.007954E-2
1.939000E-7	4.010352E-2
1.939500E-7	4.010694E-2
1.940000E-7	4.010523E-2
1.940500E-7	4.010009E-2
1.941000E-7	4.007440E-2
1.941500E-7	4.004185E-2
1.942000E-7	4.001273E-2
1.942500E-7	3.999046E-2
1.943000E-7	3.998190E-2
1.943500E-7	3.996820E-2
1.944000E-7	3.994593E-2
1.944500E-7	3.995278E-2
1.945000E-7	3.997847E-2
1.945500E-7	3.999218E-2
1.946000E-7	4.001616E-2
1.946500E-7	4.007269E-2
1.947000E-7	4.013093E-2
1.947500E-7	4.016005E-2
1.948000E-7	4.017375E-2
1.948500E-7	4.016690E-2
1.949000E-7	4.011722E-2
1.949500E-7	4.002986E-2
1.950000E-7	3.992195E-2
1.950500E-7	3.981232E-2
1.951000E-7	3.970612E-2
1.951500E-7	3.958450E-2
1.952000E-7	3.949028E-2
1.952500E-7	3.943718E-2
1.953000E-7	3.940464E-2
1.953500E-7	3.937380E-2
1.954000E-7	3.937552E-2
1.954500E-7	3.941320E-2
1.955000E-7	3.944575E-2
1.955500E-7	3.947487E-2
1.956000E-7	3.952626E-2
1.956500E-7	3.958278E-2
1.957000E-7	3.962218E-2
1.957500E-7	3.966500E-2
1.958000E-7	3.970954E-2
1.958500E-7	3.975236E-2
1.959000E-7	3.981232E-2
1.959500E-7	3.990139E-2
1.960000E-7	3.998361E-2
1.960500E-7	4.002986E-2
1.961000E-7	4.006755E-2
1.961500E-7	4.011037E-2
1.962000E-7	4.013435E-2
1.962500E-7	4.012065E-2
1.963000E-7	4.007097E-2
1.963500E-7	3.999903E-2
1.964000E-7	3.991338E-2
1.964500E-7	3.981403E-2
1.965000E-7	3.971125E-2
1.965500E-7	3.961533E-2
1.966000E-7	3.954510E-2
1.966500E-7	3.950227E-2
1.967000E-7	3.948172E-2
1.967500E-7	3.946973E-2
1.968000E-7	3.945945E-2
1.968500E-7	3.946801E-2
1.969000E-7	3.951255E-2
1.969500E-7	3.956051E-2
1.970000E-7	3.958107E-2
1.970500E-7	3.958792E-2
1.971000E-7	3.961362E-2
1.971500E-7	3.962903E-2
1.972000E-7	3.961362E-2
1.972500E-7	3.958107E-2
1.973000E-7	3.955538E-2
1.973500E-7	3.954339E-2
1.974000E-7	3.955024E-2
1.974500E-7	3.956908E-2
1.975000E-7	3.958792E-2
1.975500E-7	3.960505E-2
1.976000E-7	3.963931E-2
1.976500E-7	3.965473E-2
1.977000E-7	3.962389E-2
1.977500E-7	3.958107E-2
1.978000E-7	3.954339E-2
1.978500E-7	3.949028E-2
1.979000E-7	3.942348E-2
1.979500E-7	3.937380E-2
1.980000E-7	3.932927E-2
1.980500E-7	3.927274E-2
1.981000E-7	3.924362E-2
1.981500E-7	3.927274E-2
1.982000E-7	3.932070E-2
1.982500E-7	3.936010E-2
1.983000E-7	3.940464E-2
1.983500E-7	3.946630E-2
1.984000E-7	3.951940E-2
1.984500E-7	3.955709E-2
1.985000E-7	3.958621E-2
1.985500E-7	3.958621E-2
1.986000E-7	3.954681E-2
1.986500E-7	3.948343E-2
1.987000E-7	3.940977E-2
1.987500E-7	3.934297E-2
1.988000E-7	3.927445E-2
1.988500E-7	3.920765E-2
1.989000E-7	3.916482E-2
1.989500E-7	3.916482E-2
1.990000E-7	3.918024E-2
1.990500E-7	3.919737E-2
1.991000E-7	3.923677E-2
1.991500E-7	3.928816E-2
1.992000E-7	3.930186E-2
1.992500E-7	3.927959E-2
1.993000E-7	3.925218E-2
1.993500E-7	3.919223E-2
1.994000E-7	3.908774E-2
1.994500E-7	3.898496E-2
1.995000E-7	3.889760E-2
1.995500E-7	3.881881E-2
1.996000E-7	3.875543E-2
1.996500E-7	3.875372E-2
1.997000E-7	3.879140E-2
1.997500E-7	3.884279E-2
1.998000E-7	3.891302E-2
1.998500E-7	3.900209E-2
1.999000E-7	3.908945E-2
1.999500E-7	3.915455E-2
2.000000E-7	3.918880E-2
