Study Name	PremaTech_CVD_SiC_HeandSi
Sample Name	2025-10-11
Run Name	spot04
Operator	Keshav
Date	10/11/2025
Time	16:36
Sign	FIX
Grating Spacing	06.40um
Channel	3
Number Traces	10000
Files in Batch	1
Batch Number	120
dt	50.000001E-12
time stamp (ms)	6:44:51 PM
	
Time	Amplitude
0.000000E+0	4.539401E-4
5.000000E-11	3.837092E-4
1.000000E-10	2.757936E-4
1.500000E-10	1.987109E-4
2.000000E-10	1.850072E-4
2.500000E-10	1.695906E-4
3.000000E-10	1.661647E-4
3.500000E-10	2.124142E-4
4.000000E-10	2.586637E-4
4.500000E-10	3.014875E-4
5.000000E-10	3.854219E-4
5.500000E-10	4.762082E-4
6.000000E-10	5.515780E-4
6.500000E-10	6.132443E-4
7.000000E-10	6.749104E-4
7.500000E-10	7.434284E-4
8.000000E-10	8.325016E-4
8.500000E-10	8.993065E-4
9.000000E-10	9.112970E-4
9.500000E-10	9.250004E-4
1.000000E-9	9.421297E-4
1.050000E-9	9.078706E-4
1.100000E-9	8.462043E-4
1.150000E-9	7.759734E-4
1.200000E-9	6.646318E-4
1.250000E-9	5.395866E-4
1.300000E-9	4.470876E-4
1.350000E-9	3.734309E-4
1.400000E-9	3.066261E-4
1.450000E-9	2.843579E-4
1.500000E-9	2.997746E-4
1.550000E-9	3.323207E-4
1.600000E-9	4.076904E-4
1.650000E-9	5.207449E-4
1.700000E-9	6.200959E-4
1.750000E-9	7.108820E-4
1.800000E-9	8.068070E-4
1.850000E-9	8.821767E-4
1.900000E-9	9.267133E-4
1.950000E-9	9.352780E-4
2.000000E-9	8.856025E-4
2.050000E-9	7.982422E-4
2.100000E-9	7.125948E-4
2.150000E-9	6.012533E-4
2.200000E-9	4.607917E-4
2.250000E-9	3.323207E-4
2.300000E-9	2.312568E-4
2.350000E-9	1.404706E-4
2.400000E-9	9.422108E-5
2.450000E-9	1.027858E-4
2.500000E-9	1.387577E-4
2.550000E-9	2.158404E-4
2.600000E-9	3.220431E-4
2.650000E-9	4.299589E-4
2.700000E-9	5.464393E-4
2.750000E-9	6.577809E-4
2.800000E-9	7.177342E-4
2.850000E-9	7.177342E-4
2.900000E-9	6.886141E-4
2.950000E-9	6.200963E-4
3.000000E-9	5.036159E-4
3.050000E-9	3.768578E-4
3.100000E-9	2.518127E-4
3.150000E-9	1.319064E-4
3.200000E-9	5.996256E-5
3.250000E-9	6.338838E-5
3.300000E-9	9.250841E-5
3.350000E-9	1.524615E-4
3.400000E-9	2.723677E-4
3.450000E-9	4.213940E-4
3.500000E-9	5.447262E-4
3.550000E-9	6.560677E-4
3.600000E-9	7.365762E-4
3.650000E-9	7.691222E-4
3.700000E-9	7.468540E-4
3.750000E-9	6.869009E-4
3.800000E-9	6.081054E-4
3.850000E-9	5.241711E-4
3.900000E-9	4.368108E-4
3.950000E-9	3.563024E-4
4.000000E-9	3.014881E-4
4.050000E-9	2.912105E-4
4.100000E-9	3.083399E-4
4.150000E-9	3.494506E-4
4.200000E-9	4.094036E-4
4.250000E-9	4.676436E-4
4.300000E-9	5.258836E-4
4.350000E-9	5.687072E-4
4.400000E-9	5.944012E-4
4.450000E-9	5.926882E-4
4.500000E-9	5.567162E-4
4.550000E-9	4.830595E-4
4.600000E-9	3.888474E-4
4.650000E-9	3.032001E-4
4.700000E-9	2.261176E-4
4.750000E-9	1.695905E-4
4.800000E-9	1.764423E-4
4.850000E-9	2.466732E-4
4.900000E-9	3.323207E-4
4.950000E-9	4.316716E-4
5.000000E-9	5.601426E-4
5.050000E-9	6.903265E-4
5.100000E-9	7.965291E-4
5.150000E-9	8.684728E-4
5.200000E-9	8.993057E-4
5.250000E-9	8.856021E-4
5.300000E-9	8.307877E-4
5.350000E-9	7.434274E-4
5.400000E-9	6.423636E-4
5.450000E-9	5.532904E-4
5.500000E-9	4.796338E-4
5.550000E-9	4.162549E-4
5.600000E-9	3.751443E-4
5.650000E-9	3.597279E-4
5.700000E-9	3.614409E-4
5.750000E-9	3.888483E-4
5.800000E-9	4.145426E-4
5.850000E-9	4.145427E-4
5.900000E-9	3.939874E-4
5.950000E-9	3.837098E-4
6.000000E-9	3.545898E-4
6.050000E-9	2.997756E-4
6.100000E-9	2.569519E-4
6.150000E-9	2.346837E-4
6.200000E-9	2.021377E-4
6.250000E-9	1.661658E-4
6.300000E-9	1.558881E-4
6.350000E-9	1.713046E-4
6.400000E-9	2.107023E-4
6.450000E-9	2.672294E-4
6.500000E-9	3.477378E-4
6.550000E-9	4.385239E-4
6.600000E-9	5.395876E-4
6.650000E-9	6.320867E-4
6.700000E-9	7.057434E-4
6.750000E-9	7.605577E-4
6.800000E-9	7.862520E-4
6.850000E-9	7.674098E-4
6.900000E-9	7.006050E-4
6.950000E-9	6.166708E-4
7.000000E-9	5.241719E-4
7.050000E-9	4.419506E-4
7.100000E-9	3.768587E-4
7.150000E-9	3.425999E-4
7.200000E-9	3.494517E-4
7.250000E-9	3.717199E-4
7.300000E-9	3.991269E-4
7.350000E-9	4.556540E-4
7.400000E-9	5.447270E-4
7.450000E-9	6.355130E-4
7.500000E-9	7.040307E-4
7.550000E-9	7.537060E-4
7.600000E-9	7.674095E-4
7.650000E-9	7.348634E-4
7.700000E-9	6.800490E-4
7.750000E-9	6.337994E-4
7.800000E-9	5.909757E-4
7.850000E-9	5.378743E-4
7.900000E-9	4.916247E-4
7.950000E-9	4.693563E-4
8.000000E-9	4.573656E-4
8.050000E-9	4.573656E-4
8.100000E-9	4.659303E-4
8.150000E-9	4.590785E-4
8.200000E-9	4.299584E-4
8.250000E-9	4.145419E-4
8.300000E-9	4.162549E-4
8.350000E-9	4.145421E-4
8.400000E-9	4.059774E-4
8.450000E-9	4.025516E-4
8.500000E-9	4.042647E-4
8.550000E-9	4.025517E-4
8.600000E-9	4.042647E-4
8.650000E-9	4.059777E-4
8.700000E-9	4.094035E-4
8.750000E-9	4.265329E-4
8.800000E-9	4.488011E-4
8.850000E-9	4.573658E-4
8.900000E-9	4.470880E-4
8.950000E-9	4.333843E-4
9.000000E-9	4.282454E-4
9.050000E-9	4.299582E-4
9.100000E-9	4.402359E-4
9.150000E-9	4.488006E-4
9.200000E-9	4.556524E-4
9.250000E-9	4.453747E-4
9.300000E-9	4.213936E-4
9.350000E-9	3.802830E-4
9.400000E-9	3.254688E-4
9.450000E-9	2.620900E-4
9.500000E-9	2.038500E-4
9.550000E-9	1.319064E-4
9.600000E-9	5.824981E-5
9.650000E-9	2.227800E-5
9.700000E-9	5.311109E-5
9.750000E-9	1.027865E-4
9.800000E-9	1.558878E-4
9.850000E-9	2.535256E-4
9.900000E-9	3.957001E-4
9.950000E-9	5.378745E-4
1.000000E-8	6.560676E-4
1.005000E-8	7.434277E-4
1.010000E-8	7.811124E-4
1.015000E-8	7.811123E-4
1.020000E-8	7.691216E-4
1.025000E-8	7.280109E-4
1.030000E-8	6.560672E-4
1.035000E-8	5.909752E-4
1.040000E-8	5.464387E-4
1.045000E-8	5.121798E-4
1.050000E-8	5.053281E-4
1.055000E-8	5.498647E-4
1.060000E-8	6.132438E-4
1.065000E-8	6.800487E-4
1.070000E-8	7.382888E-4
1.075000E-8	7.896772E-4
1.080000E-8	8.239361E-4
1.085000E-8	8.359268E-4
1.090000E-8	8.205103E-4
1.095000E-8	7.537054E-4
1.100000E-8	6.731970E-4
1.105000E-8	6.166699E-4
1.110000E-8	5.892629E-4
1.115000E-8	5.755595E-4
1.120000E-8	6.012538E-4
1.125000E-8	6.577812E-4
1.130000E-8	7.280120E-4
1.135000E-8	8.050946E-4
1.140000E-8	8.804642E-4
1.145000E-8	9.284266E-4
1.150000E-8	9.506948E-4
1.155000E-8	9.506946E-4
1.160000E-8	9.164355E-4
1.165000E-8	8.599081E-4
1.170000E-8	7.931031E-4
1.175000E-8	7.177334E-4
1.180000E-8	6.457896E-4
1.185000E-8	6.183824E-4
1.190000E-8	6.372249E-4
1.195000E-8	6.749098E-4
1.200000E-8	7.125947E-4
1.205000E-8	7.622703E-4
1.210000E-8	7.965293E-4
1.215000E-8	8.068071E-4
1.220000E-8	7.896777E-4
1.225000E-8	7.468542E-4
1.230000E-8	6.526422E-4
1.235000E-8	5.275972E-4
1.240000E-8	3.974133E-4
1.245000E-8	2.586647E-4
1.250000E-8	1.250548E-4
1.255000E-8	3.255568E-5
1.260000E-8	3.435547E-6
1.265000E-8	1.885200E-5
1.270000E-8	8.394390E-5
1.275000E-8	2.072760E-4
1.280000E-8	3.751447E-4
1.285000E-8	5.498653E-4
1.290000E-8	7.228729E-4
1.295000E-8	8.804641E-4
1.300000E-8	9.952316E-4
1.305000E-8	1.056898E-3
1.310000E-8	1.075740E-3
1.315000E-8	1.056898E-3
1.320000E-8	9.781026E-4
1.325000E-8	8.719000E-4
1.330000E-8	7.913916E-4
1.335000E-8	7.348643E-4
1.340000E-8	6.714853E-4
1.345000E-8	6.406522E-4
1.350000E-8	6.680592E-4
1.355000E-8	7.108827E-4
1.360000E-8	7.708357E-4
1.365000E-8	8.616217E-4
1.370000E-8	9.558336E-4
1.375000E-8	9.986572E-4
1.380000E-8	9.849535E-4
1.385000E-8	9.541205E-4
1.390000E-8	8.873155E-4
1.395000E-8	7.537056E-4
1.400000E-8	5.652816E-4
1.405000E-8	3.956999E-4
1.410000E-8	3.049137E-4
1.415000E-8	2.535254E-4
1.420000E-8	2.141276E-4
1.425000E-8	2.381089E-4
1.430000E-8	3.151915E-4
1.435000E-8	3.854223E-4
1.440000E-8	4.933380E-4
1.445000E-8	6.372255E-4
1.450000E-8	7.211599E-4
1.455000E-8	7.280118E-4
1.460000E-8	7.400025E-4
1.465000E-8	7.314378E-4
1.470000E-8	6.423648E-4
1.475000E-8	5.224586E-4
1.480000E-8	3.991266E-4
1.485000E-8	2.278320E-4
1.490000E-8	8.908341E-5
1.495000E-8	8.394450E-5
1.500000E-8	1.233421E-4
1.505000E-8	1.250550E-4
1.510000E-8	1.576009E-4
1.515000E-8	2.638034E-4
1.520000E-8	4.248202E-4
1.525000E-8	6.440772E-4
1.530000E-8	8.753249E-4
1.535000E-8	1.039768E-3
1.540000E-8	1.161387E-3
1.545000E-8	1.283006E-3
1.550000E-8	1.327542E-3
1.555000E-8	1.253886E-3
1.560000E-8	1.151109E-3
1.565000E-8	1.050045E-3
1.570000E-8	8.993060E-4
1.575000E-8	7.228726E-4
1.580000E-8	5.447261E-4
1.585000E-8	3.665797E-4
1.590000E-8	2.792194E-4
1.595000E-8	3.151912E-4
1.600000E-8	3.545889E-4
1.605000E-8	3.271818E-4
1.610000E-8	3.494502E-4
1.615000E-8	4.659305E-4
1.620000E-8	5.738461E-4
1.625000E-8	6.355122E-4
1.630000E-8	6.988912E-4
1.635000E-8	7.365760E-4
1.640000E-8	7.417149E-4
1.645000E-8	7.280113E-4
1.650000E-8	6.577805E-4
1.655000E-8	5.413002E-4
1.660000E-8	4.864860E-4
1.665000E-8	4.916248E-4
1.670000E-8	4.470882E-4
1.675000E-8	4.042647E-4
1.680000E-8	4.693567E-4
1.685000E-8	5.584300E-4
1.690000E-8	5.532914E-4
1.695000E-8	5.395880E-4
1.700000E-8	6.046800E-4
1.705000E-8	6.663462E-4
1.710000E-8	6.406521E-4
1.715000E-8	5.567178E-4
1.720000E-8	4.556540E-4
1.725000E-8	3.340348E-4
1.730000E-8	1.884342E-4
1.735000E-8	2.913007E-5
1.740000E-8	-1.181834E-4
1.745000E-8	-2.346639E-4
1.750000E-8	-2.963301E-4
1.755000E-8	-2.946173E-4
1.760000E-8	-2.620715E-4
1.765000E-8	-2.004055E-4
1.770000E-8	-9.420299E-5
1.775000E-8	3.255497E-5
1.780000E-8	1.233411E-4
1.785000E-8	1.764423E-4
1.790000E-8	2.346825E-4
1.795000E-8	2.860708E-4
1.800000E-8	2.946354E-4
1.805000E-8	3.117647E-4
1.810000E-8	3.905601E-4
1.815000E-8	5.481510E-4
1.820000E-8	7.999539E-4
1.825000E-8	1.216200E-3
1.830000E-8	1.865406E-3
1.835000E-8	2.780119E-3
1.840000E-8	4.006588E-3
1.845000E-8	5.651016E-3
1.850000E-8	7.769930E-3
1.855000E-8	1.039930E-2
1.860000E-8	1.363677E-2
1.865000E-8	1.756798E-2
1.870000E-8	2.214840E-2
1.875000E-8	2.729923E-2
1.880000E-8	3.296223E-2
1.885000E-8	3.899865E-2
1.890000E-8	4.512415E-2
1.895000E-8	5.105095E-2
1.900000E-8	5.656321E-2
1.905000E-8	6.141085E-2
1.910000E-8	6.529068E-2
1.915000E-8	6.798172E-2
1.920000E-8	6.944458E-2
1.925000E-8	6.976319E-2
1.930000E-8	6.904547E-2
1.935000E-8	6.750040E-2
1.940000E-8	6.547227E-2
1.945000E-8	6.329170E-2
1.950000E-8	6.123274E-2
1.955000E-8	5.962257E-2
1.960000E-8	5.873526E-2
1.965000E-8	5.865132E-2
1.970000E-8	5.936390E-2
1.975000E-8	6.085073E-2
1.980000E-8	6.298849E-2
1.985000E-8	6.555790E-2
1.990000E-8	6.837569E-2
1.995000E-8	7.118664E-2
2.000000E-8	7.366184E-2
2.005000E-8	7.561289E-2
2.010000E-8	7.701922E-2
2.015000E-8	7.776949E-2
2.020000E-8	7.778491E-2
2.025000E-8	7.708090E-2
2.030000E-8	7.572253E-2
2.035000E-8	7.388283E-2
2.040000E-8	7.187869E-2
2.045000E-8	6.990024E-2
2.050000E-8	6.804512E-2
2.055000E-8	6.652402E-2
2.060000E-8	6.558704E-2
2.065000E-8	6.529584E-2
2.070000E-8	6.558875E-2
2.075000E-8	6.647776E-2
2.080000E-8	6.792349E-2
2.085000E-8	6.977004E-2
2.090000E-8	7.186497E-2
2.095000E-8	7.399587E-2
2.100000E-8	7.591951E-2
2.105000E-8	7.748514E-2
2.110000E-8	7.867906E-2
2.115000E-8	7.937281E-2
2.120000E-8	7.938480E-2
2.125000E-8	7.871847E-2
2.130000E-8	7.753140E-2
2.135000E-8	7.592466E-2
2.140000E-8	7.402672E-2
2.145000E-8	7.205341E-2
2.150000E-8	7.025482E-2
2.155000E-8	6.881766E-2
2.160000E-8	6.789266E-2
2.165000E-8	6.751239E-2
2.170000E-8	6.768711E-2
2.175000E-8	6.846135E-2
2.180000E-8	6.980944E-2
2.185000E-8	7.152409E-2
2.190000E-8	7.342546E-2
2.195000E-8	7.545701E-2
2.200000E-8	7.745431E-2
2.205000E-8	7.912786E-2
2.210000E-8	8.026354E-2
2.215000E-8	8.081511E-2
2.220000E-8	8.080655E-2
2.225000E-8	8.020360E-2
2.230000E-8	7.903708E-2
2.235000E-8	7.745261E-2
2.240000E-8	7.561462E-2
2.245000E-8	7.367900E-2
2.250000E-8	7.186156E-2
2.255000E-8	7.038500E-2
2.260000E-8	6.935895E-2
2.265000E-8	6.886562E-2
2.270000E-8	6.898038E-2
2.275000E-8	6.966727E-2
2.280000E-8	7.080123E-2
2.285000E-8	7.229149E-2
2.290000E-8	7.404555E-2
2.295000E-8	7.585270E-2
2.300000E-8	7.750056E-2
2.305000E-8	7.887948E-2
2.310000E-8	7.987128E-2
2.315000E-8	8.034576E-2
2.320000E-8	8.026183E-2
2.325000E-8	7.960920E-2
2.330000E-8	7.843070E-2
2.335000E-8	7.687192E-2
2.340000E-8	7.513157E-2
2.345000E-8	7.337238E-2
2.350000E-8	7.174679E-2
2.355000E-8	7.044495E-2
2.360000E-8	6.957478E-2
2.365000E-8	6.917737E-2
2.370000E-8	6.930241E-2
2.375000E-8	6.995676E-2
2.380000E-8	7.108045E-2
2.385000E-8	7.257756E-2
2.390000E-8	7.433161E-2
2.395000E-8	7.616104E-2
2.400000E-8	7.787398E-2
2.405000E-8	7.930258E-2
2.410000E-8	8.031664E-2
2.415000E-8	8.082882E-2
2.420000E-8	8.082539E-2
2.425000E-8	8.031323E-2
2.430000E-8	7.931801E-2
2.435000E-8	7.793224E-2
2.440000E-8	7.631522E-2
2.445000E-8	7.463311E-2
2.450000E-8	7.306405E-2
2.455000E-8	7.176050E-2
2.460000E-8	7.084236E-2
2.465000E-8	7.036273E-2
2.470000E-8	7.035074E-2
2.475000E-8	7.078411E-2
2.480000E-8	7.159775E-2
2.485000E-8	7.272316E-2
2.490000E-8	7.406610E-2
2.495000E-8	7.546558E-2
2.500000E-8	7.680168E-2
2.505000E-8	7.798532E-2
2.510000E-8	7.888291E-2
2.515000E-8	7.937110E-2
2.520000E-8	7.943619E-2
2.525000E-8	7.910560E-2
2.530000E-8	7.837931E-2
2.535000E-8	7.732414E-2
2.540000E-8	7.611823E-2
2.545000E-8	7.486949E-2
2.550000E-8	7.364131E-2
2.555000E-8	7.259127E-2
2.560000E-8	7.189239E-2
2.565000E-8	7.156693E-2
2.570000E-8	7.158577E-2
2.575000E-8	7.197461E-2
2.580000E-8	7.275571E-2
2.585000E-8	7.384514E-2
2.590000E-8	7.511957E-2
2.595000E-8	7.647108E-2
2.600000E-8	7.779861E-2
2.605000E-8	7.895485E-2
2.610000E-8	7.986271E-2
2.615000E-8	8.045882E-2
2.620000E-8	8.069692E-2
2.625000E-8	8.055475E-2
2.630000E-8	8.005800E-2
2.635000E-8	7.923750E-2
2.640000E-8	7.815149E-2
2.645000E-8	7.693530E-2
2.650000E-8	7.573967E-2
2.655000E-8	7.465195E-2
2.660000E-8	7.375265E-2
2.665000E-8	7.314627E-2
2.670000E-8	7.290645E-2
2.675000E-8	7.306061E-2
2.680000E-8	7.358820E-2
2.685000E-8	7.443611E-2
2.690000E-8	7.551355E-2
2.695000E-8	7.673488E-2
2.700000E-8	7.797162E-2
2.705000E-8	7.909018E-2
2.710000E-8	7.997406E-2
2.715000E-8	8.054447E-2
2.720000E-8	8.076715E-2
2.725000E-8	8.060100E-2
2.730000E-8	8.005115E-2
2.735000E-8	7.920153E-2
2.740000E-8	7.816520E-2
2.745000E-8	7.705692E-2
2.750000E-8	7.597091E-2
2.755000E-8	7.505277E-2
2.760000E-8	7.438130E-2
2.765000E-8	7.399760E-2
2.770000E-8	7.392051E-2
2.775000E-8	7.417060E-2
2.780000E-8	7.471532E-2
2.785000E-8	7.548272E-2
2.790000E-8	7.641456E-2
2.795000E-8	7.742348E-2
2.800000E-8	7.842384E-2
2.805000E-8	7.928717E-2
2.810000E-8	7.990554E-2
2.815000E-8	8.025669E-2
2.820000E-8	8.032521E-2
2.825000E-8	8.011110E-2
2.830000E-8	7.965888E-2
2.835000E-8	7.903366E-2
2.840000E-8	7.826797E-2
2.845000E-8	7.740636E-2
2.850000E-8	7.652933E-2
2.855000E-8	7.573967E-2
2.860000E-8	7.508532E-2
2.865000E-8	7.459542E-2
2.870000E-8	7.432820E-2
2.875000E-8	7.430935E-2
2.880000E-8	7.452176E-2
2.885000E-8	7.492944E-2
2.890000E-8	7.553068E-2
2.895000E-8	7.625868E-2
2.900000E-8	7.702437E-2
2.905000E-8	7.776093E-2
2.910000E-8	7.841014E-2
2.915000E-8	7.888634E-2
2.920000E-8	7.913472E-2
2.925000E-8	7.917069E-2
2.930000E-8	7.899254E-2
2.935000E-8	7.856774E-2
2.940000E-8	7.797163E-2
2.945000E-8	7.727960E-2
2.950000E-8	7.653618E-2
2.955000E-8	7.581161E-2
2.960000E-8	7.518638E-2
2.965000E-8	7.470676E-2
2.970000E-8	7.442755E-2
2.975000E-8	7.439843E-2
2.980000E-8	7.460740E-2
2.985000E-8	7.500138E-2
2.990000E-8	7.557522E-2
2.995000E-8	7.626553E-2
3.000000E-8	7.697812E-2
3.005000E-8	7.767015E-2
3.010000E-8	7.830565E-2
3.015000E-8	7.880412E-2
3.020000E-8	7.908675E-2
3.025000E-8	7.914671E-2
3.030000E-8	7.899426E-2
3.035000E-8	7.862940E-2
3.040000E-8	7.809839E-2
3.045000E-8	7.746803E-2
3.050000E-8	7.676572E-2
3.055000E-8	7.605656E-2
3.060000E-8	7.543305E-2
3.065000E-8	7.495342E-2
3.070000E-8	7.465023E-2
3.075000E-8	7.456458E-2
3.080000E-8	7.472388E-2
3.085000E-8	7.509730E-2
3.090000E-8	7.561461E-2
3.095000E-8	7.625525E-2
3.100000E-8	7.697469E-2
3.105000E-8	7.765987E-2
3.110000E-8	7.822000E-2
3.115000E-8	7.863625E-2
3.120000E-8	7.886921E-2
3.125000E-8	7.886407E-2
3.130000E-8	7.862940E-2
3.135000E-8	7.818575E-2
3.140000E-8	7.758793E-2
3.145000E-8	7.689419E-2
3.150000E-8	7.616619E-2
3.155000E-8	7.546902E-2
3.160000E-8	7.490375E-2
3.165000E-8	7.453375E-2
3.170000E-8	7.435218E-2
3.175000E-8	7.434532E-2
3.180000E-8	7.453375E-2
3.185000E-8	7.490888E-2
3.190000E-8	7.541762E-2
3.195000E-8	7.601030E-2
3.200000E-8	7.663724E-2
3.205000E-8	7.723163E-2
3.210000E-8	7.772496E-2
3.215000E-8	7.806413E-2
3.220000E-8	7.824741E-2
3.225000E-8	7.825940E-2
3.230000E-8	7.809153E-2
3.235000E-8	7.778320E-2
3.240000E-8	7.740464E-2
3.245000E-8	7.698840E-2
3.250000E-8	7.653618E-2
3.255000E-8	7.608225E-2
3.260000E-8	7.567457E-2
3.265000E-8	7.534397E-2
3.270000E-8	7.511272E-2
3.275000E-8	7.498768E-2
3.280000E-8	7.499795E-2
3.285000E-8	7.516240E-2
3.290000E-8	7.546730E-2
3.295000E-8	7.588012E-2
3.300000E-8	7.637173E-2
3.305000E-8	7.687191E-2
3.310000E-8	7.732242E-2
3.315000E-8	7.767871E-2
3.320000E-8	7.790996E-2
3.325000E-8	7.798362E-2
3.330000E-8	7.792195E-2
3.335000E-8	7.773353E-2
3.340000E-8	7.738066E-2
3.345000E-8	7.689590E-2
3.350000E-8	7.636317E-2
3.355000E-8	7.584073E-2
3.360000E-8	7.534055E-2
3.365000E-8	7.494143E-2
3.370000E-8	7.470333E-2
3.375000E-8	7.465194E-2
3.380000E-8	7.475814E-2
3.385000E-8	7.502194E-2
3.390000E-8	7.540735E-2
3.395000E-8	7.588012E-2
3.400000E-8	7.637174E-2
3.405000E-8	7.681710E-2
3.410000E-8	7.717853E-2
3.415000E-8	7.742006E-2
3.420000E-8	7.751598E-2
3.425000E-8	7.747145E-2
3.430000E-8	7.730187E-2
3.435000E-8	7.702266E-2
3.440000E-8	7.665609E-2
3.445000E-8	7.624498E-2
3.450000E-8	7.584073E-2
3.455000E-8	7.548957E-2
3.460000E-8	7.523777E-2
3.465000E-8	7.509559E-2
3.470000E-8	7.505448E-2
3.475000E-8	7.511272E-2
3.480000E-8	7.524633E-2
3.485000E-8	7.541934E-2
3.490000E-8	7.563517E-2
3.495000E-8	7.587669E-2
3.500000E-8	7.608567E-2
3.505000E-8	7.625012E-2
3.510000E-8	7.639572E-2
3.515000E-8	7.650021E-2
3.520000E-8	7.654132E-2
3.525000E-8	7.652933E-2
3.530000E-8	7.647451E-2
3.535000E-8	7.635975E-2
3.540000E-8	7.615419E-2
3.545000E-8	7.588355E-2
3.550000E-8	7.559063E-2
3.555000E-8	7.531999E-2
3.560000E-8	7.506305E-2
3.565000E-8	7.484379E-2
3.570000E-8	7.472046E-2
3.575000E-8	7.468106E-2
3.580000E-8	7.468448E-2
3.585000E-8	7.474444E-2
3.590000E-8	7.487633E-2
3.595000E-8	7.504592E-2
3.600000E-8	7.520864E-2
3.605000E-8	7.536281E-2
3.610000E-8	7.550841E-2
3.615000E-8	7.563517E-2
3.620000E-8	7.573452E-2
3.625000E-8	7.575679E-2
3.630000E-8	7.571568E-2
3.635000E-8	7.564545E-2
3.640000E-8	7.555637E-2
3.645000E-8	7.541763E-2
3.650000E-8	7.525490E-2
3.655000E-8	7.512300E-2
3.660000E-8	7.500652E-2
3.665000E-8	7.489175E-2
3.670000E-8	7.482152E-2
3.675000E-8	7.483694E-2
3.680000E-8	7.492430E-2
3.685000E-8	7.504763E-2
3.690000E-8	7.520693E-2
3.695000E-8	7.539707E-2
3.700000E-8	7.558378E-2
3.705000E-8	7.575165E-2
3.710000E-8	7.589725E-2
3.715000E-8	7.599489E-2
3.720000E-8	7.603257E-2
3.725000E-8	7.601202E-2
3.730000E-8	7.591095E-2
3.735000E-8	7.574309E-2
3.740000E-8	7.555638E-2
3.745000E-8	7.534226E-2
3.750000E-8	7.509559E-2
3.755000E-8	7.487120E-2
3.760000E-8	7.471532E-2
3.765000E-8	7.458856E-2
3.770000E-8	7.452004E-2
3.775000E-8	7.454916E-2
3.780000E-8	7.463652E-2
3.785000E-8	7.476842E-2
3.790000E-8	7.497226E-2
3.795000E-8	7.520008E-2
3.800000E-8	7.538508E-2
3.805000E-8	7.556323E-2
3.810000E-8	7.573452E-2
3.815000E-8	7.583901E-2
3.820000E-8	7.586642E-2
3.825000E-8	7.585785E-2
3.830000E-8	7.577906E-2
3.835000E-8	7.560091E-2
3.840000E-8	7.536795E-2
3.845000E-8	7.510930E-2
3.850000E-8	7.484036E-2
3.855000E-8	7.460398E-2
3.860000E-8	7.439500E-2
3.865000E-8	7.423055E-2
3.870000E-8	7.413634E-2
3.875000E-8	7.412264E-2
3.880000E-8	7.417403E-2
3.885000E-8	7.428879E-2
3.890000E-8	7.444638E-2
3.895000E-8	7.460569E-2
3.900000E-8	7.474786E-2
3.905000E-8	7.488147E-2
3.910000E-8	7.496883E-2
3.915000E-8	7.499110E-2
3.920000E-8	7.498082E-2
3.925000E-8	7.491231E-2
3.930000E-8	7.477870E-2
3.935000E-8	7.463824E-2
3.940000E-8	7.450634E-2
3.945000E-8	7.435731E-2
3.950000E-8	7.420486E-2
3.955000E-8	7.409694E-2
3.960000E-8	7.404042E-2
3.965000E-8	7.401301E-2
3.970000E-8	7.403356E-2
3.975000E-8	7.411921E-2
3.980000E-8	7.424083E-2
3.985000E-8	7.437958E-2
3.990000E-8	7.453032E-2
3.995000E-8	7.466564E-2
4.000000E-8	7.477870E-2
4.005000E-8	7.485749E-2
4.010000E-8	7.488490E-2
4.015000E-8	7.487462E-2
4.020000E-8	7.485235E-2
4.025000E-8	7.480782E-2
4.030000E-8	7.472731E-2
4.035000E-8	7.462796E-2
4.040000E-8	7.452175E-2
4.045000E-8	7.439157E-2
4.050000E-8	7.424768E-2
4.055000E-8	7.412606E-2
4.060000E-8	7.403528E-2
4.065000E-8	7.394449E-2
4.070000E-8	7.386570E-2
4.075000E-8	7.384000E-2
4.080000E-8	7.386570E-2
4.085000E-8	7.389482E-2
4.090000E-8	7.391537E-2
4.095000E-8	7.397532E-2
4.100000E-8	7.405583E-2
4.105000E-8	7.413463E-2
4.110000E-8	7.420143E-2
4.115000E-8	7.427166E-2
4.120000E-8	7.433847E-2
4.125000E-8	7.438814E-2
4.130000E-8	7.442583E-2
4.135000E-8	7.442412E-2
4.140000E-8	7.436588E-2
4.145000E-8	7.429051E-2
4.150000E-8	7.421000E-2
4.155000E-8	7.409352E-2
4.160000E-8	7.397533E-2
4.165000E-8	7.389996E-2
4.170000E-8	7.384685E-2
4.175000E-8	7.379033E-2
4.180000E-8	7.376292E-2
4.185000E-8	7.378690E-2
4.190000E-8	7.382972E-2
4.195000E-8	7.387083E-2
4.200000E-8	7.391537E-2
4.205000E-8	7.393250E-2
4.210000E-8	7.393079E-2
4.215000E-8	7.391537E-2
4.220000E-8	7.388625E-2
4.225000E-8	7.383486E-2
4.230000E-8	7.378861E-2
4.235000E-8	7.373894E-2
4.240000E-8	7.367042E-2
4.245000E-8	7.360533E-2
4.250000E-8	7.356936E-2
4.255000E-8	7.354366E-2
4.260000E-8	7.349741E-2
4.265000E-8	7.343403E-2
4.270000E-8	7.337065E-2
4.275000E-8	7.328329E-2
4.280000E-8	7.320107E-2
4.285000E-8	7.315311E-2
4.290000E-8	7.314112E-2
4.295000E-8	7.315482E-2
4.300000E-8	7.319765E-2
4.305000E-8	7.325246E-2
4.310000E-8	7.331070E-2
4.315000E-8	7.339806E-2
4.320000E-8	7.349570E-2
4.325000E-8	7.355908E-2
4.330000E-8	7.362760E-2
4.335000E-8	7.368241E-2
4.340000E-8	7.366014E-2
4.345000E-8	7.358306E-2
4.350000E-8	7.349913E-2
4.355000E-8	7.338607E-2
4.360000E-8	7.320621E-2
4.365000E-8	7.302293E-2
4.370000E-8	7.289617E-2
4.375000E-8	7.280710E-2
4.380000E-8	7.274200E-2
4.385000E-8	7.271460E-2
4.390000E-8	7.276085E-2
4.395000E-8	7.288075E-2
4.400000E-8	7.304177E-2
4.405000E-8	7.319936E-2
4.410000E-8	7.334839E-2
4.415000E-8	7.346658E-2
4.420000E-8	7.354195E-2
4.425000E-8	7.357278E-2
4.430000E-8	7.355394E-2
4.435000E-8	7.348028E-2
4.440000E-8	7.339121E-2
4.445000E-8	7.333468E-2
4.450000E-8	7.328158E-2
4.455000E-8	7.321135E-2
4.460000E-8	7.317709E-2
4.465000E-8	7.317881E-2
4.470000E-8	7.317881E-2
4.475000E-8	7.317880E-2
4.480000E-8	7.321135E-2
4.485000E-8	7.327987E-2
4.490000E-8	7.333297E-2
4.495000E-8	7.334325E-2
4.500000E-8	7.332954E-2
4.505000E-8	7.329700E-2
4.510000E-8	7.324561E-2
4.515000E-8	7.317880E-2
4.520000E-8	7.309144E-2
4.525000E-8	7.298524E-2
4.530000E-8	7.288932E-2
4.535000E-8	7.282936E-2
4.540000E-8	7.281052E-2
4.545000E-8	7.280538E-2
4.550000E-8	7.282936E-2
4.555000E-8	7.287219E-2
4.560000E-8	7.292186E-2
4.565000E-8	7.297154E-2
4.570000E-8	7.300237E-2
4.575000E-8	7.299038E-2
4.580000E-8	7.296811E-2
4.585000E-8	7.297154E-2
4.590000E-8	7.297668E-2
4.595000E-8	7.296469E-2
4.600000E-8	7.296811E-2
4.605000E-8	7.296469E-2
4.610000E-8	7.295783E-2
4.615000E-8	7.296469E-2
4.620000E-8	7.300237E-2
4.625000E-8	7.303663E-2
4.630000E-8	7.305890E-2
4.635000E-8	7.308802E-2
4.640000E-8	7.308288E-2
4.645000E-8	7.300922E-2
4.650000E-8	7.292700E-2
4.655000E-8	7.284821E-2
4.660000E-8	7.274200E-2
4.665000E-8	7.262038E-2
4.670000E-8	7.249876E-2
4.675000E-8	7.238742E-2
4.680000E-8	7.229492E-2
4.685000E-8	7.222812E-2
4.690000E-8	7.218701E-2
4.695000E-8	7.215104E-2
4.700000E-8	7.213219E-2
4.705000E-8	7.215446E-2
4.710000E-8	7.218016E-2
4.715000E-8	7.216645E-2
4.720000E-8	7.216817E-2
4.725000E-8	7.218701E-2
4.730000E-8	7.218187E-2
4.735000E-8	7.217502E-2
4.740000E-8	7.219557E-2
4.745000E-8	7.220756E-2
4.750000E-8	7.219043E-2
4.755000E-8	7.220928E-2
4.760000E-8	7.225553E-2
4.765000E-8	7.229835E-2
4.770000E-8	7.233261E-2
4.775000E-8	7.238571E-2
4.780000E-8	7.243539E-2
4.785000E-8	7.246451E-2
4.790000E-8	7.246964E-2
4.795000E-8	7.245937E-2
4.800000E-8	7.241997E-2
4.805000E-8	7.235316E-2
4.810000E-8	7.226238E-2
4.815000E-8	7.217673E-2
4.820000E-8	7.212877E-2
4.825000E-8	7.208252E-2
4.830000E-8	7.201743E-2
4.835000E-8	7.198831E-2
4.840000E-8	7.201229E-2
4.845000E-8	7.204826E-2
4.850000E-8	7.208766E-2
4.855000E-8	7.216303E-2
4.860000E-8	7.225039E-2
4.865000E-8	7.230863E-2
4.870000E-8	7.234117E-2
4.875000E-8	7.236002E-2
4.880000E-8	7.234803E-2
4.885000E-8	7.230178E-2
4.890000E-8	7.222127E-2
4.895000E-8	7.211678E-2
4.900000E-8	7.200201E-2
4.905000E-8	7.190266E-2
4.910000E-8	7.183414E-2
4.915000E-8	7.179132E-2
4.920000E-8	7.177761E-2
4.925000E-8	7.177248E-2
4.930000E-8	7.178104E-2
4.935000E-8	7.180502E-2
4.940000E-8	7.184271E-2
4.945000E-8	7.187183E-2
4.950000E-8	7.189410E-2
4.955000E-8	7.193007E-2
4.960000E-8	7.196433E-2
4.965000E-8	7.198488E-2
4.970000E-8	7.199345E-2
4.975000E-8	7.199345E-2
4.980000E-8	7.196604E-2
4.985000E-8	7.191294E-2
4.990000E-8	7.185812E-2
4.995000E-8	7.180160E-2
5.000000E-8	7.173479E-2
5.005000E-8	7.167141E-2
5.010000E-8	7.162002E-2
5.015000E-8	7.156521E-2
5.020000E-8	7.150012E-2
5.025000E-8	7.144873E-2
5.030000E-8	7.141618E-2
5.035000E-8	7.139734E-2
5.040000E-8	7.137678E-2
5.045000E-8	7.134766E-2
5.050000E-8	7.131683E-2
5.055000E-8	7.130141E-2
5.060000E-8	7.127915E-2
5.065000E-8	7.124146E-2
5.070000E-8	7.119179E-2
5.075000E-8	7.113697E-2
5.080000E-8	7.109586E-2
5.085000E-8	7.108044E-2
5.090000E-8	7.109244E-2
5.095000E-8	7.110956E-2
5.100000E-8	7.112327E-2
5.105000E-8	7.112669E-2
5.110000E-8	7.112327E-2
5.115000E-8	7.110443E-2
5.120000E-8	7.106160E-2
5.125000E-8	7.099480E-2
5.130000E-8	7.095711E-2
5.135000E-8	7.094684E-2
5.140000E-8	7.093142E-2
5.145000E-8	7.091429E-2
5.150000E-8	7.093998E-2
5.155000E-8	7.099308E-2
5.160000E-8	7.104790E-2
5.165000E-8	7.110614E-2
5.170000E-8	7.118665E-2
5.175000E-8	7.126544E-2
5.180000E-8	7.131854E-2
5.185000E-8	7.135452E-2
5.190000E-8	7.139391E-2
5.195000E-8	7.139563E-2
5.200000E-8	7.134766E-2
5.205000E-8	7.126202E-2
5.210000E-8	7.113526E-2
5.215000E-8	7.098281E-2
5.220000E-8	7.084577E-2
5.225000E-8	7.072929E-2
5.230000E-8	7.060425E-2
5.235000E-8	7.050661E-2
5.240000E-8	7.046550E-2
5.245000E-8	7.047406E-2
5.250000E-8	7.051517E-2
5.255000E-8	7.059911E-2
5.260000E-8	7.071559E-2
5.265000E-8	7.084748E-2
5.270000E-8	7.099137E-2
5.275000E-8	7.112841E-2
5.280000E-8	7.123632E-2
5.285000E-8	7.133567E-2
5.290000E-8	7.142303E-2
5.295000E-8	7.146243E-2
5.300000E-8	7.144873E-2
5.305000E-8	7.141447E-2
5.310000E-8	7.133225E-2
5.315000E-8	7.118836E-2
5.320000E-8	7.103248E-2
5.325000E-8	7.086804E-2
5.330000E-8	7.068133E-2
5.335000E-8	7.052031E-2
5.340000E-8	7.040040E-2
5.345000E-8	7.029078E-2
5.350000E-8	7.020170E-2
5.355000E-8	7.014860E-2
5.360000E-8	7.010920E-2
5.365000E-8	7.009721E-2
5.370000E-8	7.014175E-2
5.375000E-8	7.019143E-2
5.380000E-8	7.021883E-2
5.385000E-8	7.027707E-2
5.390000E-8	7.035758E-2
5.395000E-8	7.041753E-2
5.400000E-8	7.044494E-2
5.405000E-8	7.046378E-2
5.410000E-8	7.047406E-2
5.415000E-8	7.048091E-2
5.420000E-8	7.048263E-2
5.425000E-8	7.045522E-2
5.430000E-8	7.038328E-2
5.435000E-8	7.031990E-2
5.440000E-8	7.027707E-2
5.445000E-8	7.019999E-2
5.450000E-8	7.009893E-2
5.455000E-8	7.003041E-2
5.460000E-8	7.001328E-2
5.465000E-8	7.001842E-2
5.470000E-8	7.006295E-2
5.475000E-8	7.013832E-2
5.480000E-8	7.022740E-2
5.485000E-8	7.031647E-2
5.490000E-8	7.040554E-2
5.495000E-8	7.044152E-2
5.500000E-8	7.044837E-2
5.505000E-8	7.045522E-2
5.510000E-8	7.042439E-2
5.515000E-8	7.033874E-2
5.520000E-8	7.026508E-2
5.525000E-8	7.021369E-2
5.530000E-8	7.014860E-2
5.535000E-8	7.006124E-2
5.540000E-8	6.999615E-2
5.545000E-8	6.993277E-2
5.550000E-8	6.987110E-2
5.555000E-8	6.980944E-2
5.560000E-8	6.976490E-2
5.565000E-8	6.974263E-2
5.570000E-8	6.974435E-2
5.575000E-8	6.977861E-2
5.580000E-8	6.983171E-2
5.585000E-8	6.991050E-2
5.590000E-8	7.001499E-2
5.595000E-8	7.013147E-2
5.600000E-8	7.023596E-2
5.605000E-8	7.031133E-2
5.610000E-8	7.035929E-2
5.615000E-8	7.037814E-2
5.620000E-8	7.033531E-2
5.625000E-8	7.023939E-2
5.630000E-8	7.012633E-2
5.635000E-8	6.998930E-2
5.640000E-8	6.983513E-2
5.645000E-8	6.969125E-2
5.650000E-8	6.957305E-2
5.655000E-8	6.944458E-2
5.660000E-8	6.932810E-2
5.665000E-8	6.925616E-2
5.670000E-8	6.921333E-2
5.675000E-8	6.920648E-2
5.680000E-8	6.924074E-2
5.685000E-8	6.928528E-2
5.690000E-8	6.932639E-2
5.695000E-8	6.936750E-2
5.700000E-8	6.942403E-2
5.705000E-8	6.947370E-2
5.710000E-8	6.951481E-2
5.715000E-8	6.955078E-2
5.720000E-8	6.959532E-2
5.725000E-8	6.963814E-2
5.730000E-8	6.965699E-2
5.735000E-8	6.964328E-2
5.740000E-8	6.962958E-2
5.745000E-8	6.962787E-2
5.750000E-8	6.961588E-2
5.755000E-8	6.959189E-2
5.760000E-8	6.955250E-2
5.765000E-8	6.948912E-2
5.770000E-8	6.941717E-2
5.775000E-8	6.934180E-2
5.780000E-8	6.924759E-2
5.785000E-8	6.917222E-2
5.790000E-8	6.913625E-2
5.795000E-8	6.911570E-2
5.800000E-8	6.910713E-2
5.805000E-8	6.912597E-2
5.810000E-8	6.916708E-2
5.815000E-8	6.918935E-2
5.820000E-8	6.918421E-2
5.825000E-8	6.914824E-2
5.830000E-8	6.906773E-2
5.835000E-8	6.894269E-2
5.840000E-8	6.880394E-2
5.845000E-8	6.867889E-2
5.850000E-8	6.856070E-2
5.855000E-8	6.845621E-2
5.860000E-8	6.838941E-2
5.865000E-8	6.836714E-2
5.870000E-8	6.840825E-2
5.875000E-8	6.849561E-2
5.880000E-8	6.862065E-2
5.885000E-8	6.876112E-2
5.890000E-8	6.889644E-2
5.895000E-8	6.897866E-2
5.900000E-8	6.900949E-2
5.905000E-8	6.899750E-2
5.910000E-8	6.895125E-2
5.915000E-8	6.888445E-2
5.920000E-8	6.880736E-2
5.925000E-8	6.873199E-2
5.930000E-8	6.864977E-2
5.935000E-8	6.856926E-2
5.940000E-8	6.851102E-2
5.945000E-8	6.847848E-2
5.950000E-8	6.846820E-2
5.955000E-8	6.846649E-2
5.960000E-8	6.846820E-2
5.965000E-8	6.847677E-2
5.970000E-8	6.847848E-2
5.975000E-8	6.844765E-2
5.980000E-8	6.839797E-2
5.985000E-8	6.836029E-2
5.990000E-8	6.834316E-2
5.995000E-8	6.833802E-2
6.000000E-8	6.837399E-2
6.005000E-8	6.845107E-2
6.010000E-8	6.851788E-2
6.015000E-8	6.858297E-2
6.020000E-8	6.869088E-2
6.025000E-8	6.880394E-2
6.030000E-8	6.887588E-2
6.035000E-8	6.892042E-2
6.040000E-8	6.895297E-2
6.045000E-8	6.893412E-2
6.050000E-8	6.888273E-2
6.055000E-8	6.882621E-2
6.060000E-8	6.875084E-2
6.065000E-8	6.868403E-2
6.070000E-8	6.863607E-2
6.075000E-8	6.859496E-2
6.080000E-8	6.855385E-2
6.085000E-8	6.854186E-2
6.090000E-8	6.856413E-2
6.095000E-8	6.857783E-2
6.100000E-8	6.860524E-2
6.105000E-8	6.865834E-2
6.110000E-8	6.872172E-2
6.115000E-8	6.878338E-2
6.120000E-8	6.885875E-2
6.125000E-8	6.892556E-2
6.130000E-8	6.895639E-2
6.135000E-8	6.894611E-2
6.140000E-8	6.890329E-2
6.145000E-8	6.884676E-2
6.150000E-8	6.879366E-2
6.155000E-8	6.874056E-2
6.160000E-8	6.867376E-2
6.165000E-8	6.862408E-2
6.170000E-8	6.860181E-2
6.175000E-8	6.859839E-2
6.180000E-8	6.861038E-2
6.185000E-8	6.865663E-2
6.190000E-8	6.870116E-2
6.195000E-8	6.871144E-2
6.200000E-8	6.871144E-2
6.205000E-8	6.871658E-2
6.210000E-8	6.867204E-2
6.215000E-8	6.857098E-2
6.220000E-8	6.844765E-2
6.225000E-8	6.833288E-2
6.230000E-8	6.818899E-2
6.235000E-8	6.803654E-2
6.240000E-8	6.792006E-2
6.245000E-8	6.785325E-2
6.250000E-8	6.782585E-2
6.255000E-8	6.782927E-2
6.260000E-8	6.787552E-2
6.265000E-8	6.795089E-2
6.270000E-8	6.802969E-2
6.275000E-8	6.808279E-2
6.280000E-8	6.807765E-2
6.285000E-8	6.801770E-2
6.290000E-8	6.791492E-2
6.295000E-8	6.778302E-2
6.300000E-8	6.761858E-2
6.305000E-8	6.744215E-2
6.310000E-8	6.728284E-2
6.315000E-8	6.716636E-2
6.320000E-8	6.710127E-2
6.325000E-8	6.709613E-2
6.330000E-8	6.714409E-2
6.335000E-8	6.722289E-2
6.340000E-8	6.735650E-2
6.345000E-8	6.751238E-2
6.350000E-8	6.762543E-2
6.355000E-8	6.770937E-2
6.360000E-8	6.777274E-2
6.365000E-8	6.780186E-2
6.370000E-8	6.778131E-2
6.375000E-8	6.772478E-2
6.380000E-8	6.763742E-2
6.385000E-8	6.752951E-2
6.390000E-8	6.742844E-2
6.395000E-8	6.735650E-2
6.400000E-8	6.733252E-2
6.405000E-8	6.734965E-2
6.410000E-8	6.740960E-2
6.415000E-8	6.748154E-2
6.420000E-8	6.758261E-2
6.425000E-8	6.770080E-2
6.430000E-8	6.779673E-2
6.435000E-8	6.784640E-2
6.440000E-8	6.784640E-2
6.445000E-8	6.780700E-2
6.450000E-8	6.774534E-2
6.455000E-8	6.765969E-2
6.460000E-8	6.756377E-2
6.465000E-8	6.745928E-2
6.470000E-8	6.736335E-2
6.475000E-8	6.729997E-2
6.480000E-8	6.725715E-2
6.485000E-8	6.721432E-2
6.490000E-8	6.716465E-2
6.495000E-8	6.713039E-2
6.500000E-8	6.710470E-2
6.505000E-8	6.704988E-2
6.510000E-8	6.698308E-2
6.515000E-8	6.691970E-2
6.520000E-8	6.685118E-2
6.525000E-8	6.678266E-2
6.530000E-8	6.675525E-2
6.535000E-8	6.675525E-2
6.540000E-8	6.675012E-2
6.545000E-8	6.676553E-2
6.550000E-8	6.682377E-2
6.555000E-8	6.691798E-2
6.560000E-8	6.703446E-2
6.565000E-8	6.716465E-2
6.570000E-8	6.728798E-2
6.575000E-8	6.739418E-2
6.580000E-8	6.747983E-2
6.585000E-8	6.752608E-2
6.590000E-8	6.753807E-2
6.595000E-8	6.752265E-2
6.600000E-8	6.747983E-2
6.605000E-8	6.740617E-2
6.610000E-8	6.730682E-2
6.615000E-8	6.718007E-2
6.620000E-8	6.705159E-2
6.625000E-8	6.694025E-2
6.630000E-8	6.686146E-2
6.635000E-8	6.680664E-2
6.640000E-8	6.676725E-2
6.645000E-8	6.676382E-2
6.650000E-8	6.679637E-2
6.655000E-8	6.684433E-2
6.660000E-8	6.689572E-2
6.665000E-8	6.694368E-2
6.670000E-8	6.697280E-2
6.675000E-8	6.696595E-2
6.680000E-8	6.693169E-2
6.685000E-8	6.688201E-2
6.690000E-8	6.679979E-2
6.695000E-8	6.668331E-2
6.700000E-8	6.654456E-2
6.705000E-8	6.640924E-2
6.710000E-8	6.631160E-2
6.715000E-8	6.625165E-2
6.720000E-8	6.624308E-2
6.725000E-8	6.628077E-2
6.730000E-8	6.637669E-2
6.735000E-8	6.649146E-2
6.740000E-8	6.659766E-2
6.745000E-8	6.670729E-2
6.750000E-8	6.679636E-2
6.755000E-8	6.684775E-2
6.760000E-8	6.686146E-2
6.765000E-8	6.685118E-2
6.770000E-8	6.681349E-2
6.775000E-8	6.676553E-2
6.780000E-8	6.673299E-2
6.785000E-8	6.670215E-2
6.790000E-8	6.667817E-2
6.795000E-8	6.668331E-2
6.800000E-8	6.671586E-2
6.805000E-8	6.673984E-2
6.810000E-8	6.677752E-2
6.815000E-8	6.684262E-2
6.820000E-8	6.692141E-2
6.825000E-8	6.696937E-2
6.830000E-8	6.697623E-2
6.835000E-8	6.695396E-2
6.840000E-8	6.690086E-2
6.845000E-8	6.681178E-2
6.850000E-8	6.668502E-2
6.855000E-8	6.655141E-2
6.860000E-8	6.641609E-2
6.865000E-8	6.626535E-2
6.870000E-8	6.610605E-2
6.875000E-8	6.596559E-2
6.880000E-8	6.585253E-2
6.885000E-8	6.577887E-2
6.890000E-8	6.575147E-2
6.895000E-8	6.575318E-2
6.900000E-8	6.578230E-2
6.905000E-8	6.588165E-2
6.910000E-8	6.602040E-2
6.915000E-8	6.617628E-2
6.920000E-8	6.634586E-2
6.925000E-8	6.651202E-2
6.930000E-8	6.661822E-2
6.935000E-8	6.665590E-2
6.940000E-8	6.665077E-2
6.945000E-8	6.658225E-2
6.950000E-8	6.646063E-2
6.955000E-8	6.632188E-2
6.960000E-8	6.616600E-2
6.965000E-8	6.598957E-2
6.970000E-8	6.582684E-2
6.975000E-8	6.570008E-2
6.980000E-8	6.559559E-2
6.985000E-8	6.549967E-2
6.990000E-8	6.544142E-2
6.995000E-8	6.543286E-2
7.000000E-8	6.546369E-2
7.005000E-8	6.551679E-2
7.010000E-8	6.558189E-2
7.015000E-8	6.566582E-2
7.020000E-8	6.576517E-2
7.025000E-8	6.585767E-2
7.030000E-8	6.594674E-2
7.035000E-8	6.604267E-2
7.040000E-8	6.610262E-2
7.045000E-8	6.610262E-2
7.050000E-8	6.608207E-2
7.055000E-8	6.605637E-2
7.060000E-8	6.598785E-2
7.065000E-8	6.589536E-2
7.070000E-8	6.583540E-2
7.075000E-8	6.579258E-2
7.080000E-8	6.574119E-2
7.085000E-8	6.571892E-2
7.090000E-8	6.574633E-2
7.095000E-8	6.575318E-2
7.100000E-8	6.574290E-2
7.105000E-8	6.576175E-2
7.110000E-8	6.579087E-2
7.115000E-8	6.579258E-2
7.120000E-8	6.578744E-2
7.125000E-8	6.578915E-2
7.130000E-8	6.576517E-2
7.135000E-8	6.572406E-2
7.140000E-8	6.570864E-2
7.145000E-8	6.569323E-2
7.150000E-8	6.564355E-2
7.155000E-8	6.557161E-2
7.160000E-8	6.550823E-2
7.165000E-8	6.544314E-2
7.170000E-8	6.538661E-2
7.175000E-8	6.534207E-2
7.180000E-8	6.529069E-2
7.185000E-8	6.523587E-2
7.190000E-8	6.519647E-2
7.195000E-8	6.516222E-2
7.200000E-8	6.511425E-2
7.205000E-8	6.506458E-2
7.210000E-8	6.502175E-2
7.215000E-8	6.499606E-2
7.220000E-8	6.499092E-2
7.225000E-8	6.498921E-2
7.230000E-8	6.500291E-2
7.235000E-8	6.505601E-2
7.240000E-8	6.513138E-2
7.245000E-8	6.518448E-2
7.250000E-8	6.526157E-2
7.255000E-8	6.536948E-2
7.260000E-8	6.544999E-2
7.265000E-8	6.547397E-2
7.270000E-8	6.547226E-2
7.275000E-8	6.546198E-2
7.280000E-8	6.541059E-2
7.285000E-8	6.531295E-2
7.290000E-8	6.519305E-2
7.295000E-8	6.507828E-2
7.300000E-8	6.499092E-2
7.305000E-8	6.491041E-2
7.310000E-8	6.482990E-2
7.315000E-8	6.476824E-2
7.320000E-8	6.472713E-2
7.325000E-8	6.467745E-2
7.330000E-8	6.461236E-2
7.335000E-8	6.455926E-2
7.340000E-8	6.453185E-2
7.345000E-8	6.452500E-2
7.350000E-8	6.452328E-2
7.355000E-8	6.453528E-2
7.360000E-8	6.456440E-2
7.365000E-8	6.462606E-2
7.370000E-8	6.472884E-2
7.375000E-8	6.483504E-2
7.380000E-8	6.492411E-2
7.385000E-8	6.499777E-2
7.390000E-8	6.506115E-2
7.395000E-8	6.508171E-2
7.400000E-8	6.504745E-2
7.405000E-8	6.499092E-2
7.410000E-8	6.489842E-2
7.415000E-8	6.475111E-2
7.420000E-8	6.458495E-2
7.425000E-8	6.444620E-2
7.430000E-8	6.432116E-2
7.435000E-8	6.421838E-2
7.440000E-8	6.416185E-2
7.445000E-8	6.415843E-2
7.450000E-8	6.419783E-2
7.455000E-8	6.427662E-2
7.460000E-8	6.436227E-2
7.465000E-8	6.444620E-2
7.470000E-8	6.452329E-2
7.475000E-8	6.456268E-2
7.480000E-8	6.453870E-2
7.485000E-8	6.447018E-2
7.490000E-8	6.435542E-2
7.495000E-8	6.419783E-2
7.500000E-8	6.402996E-2
7.505000E-8	6.388093E-2
7.510000E-8	6.376102E-2
7.515000E-8	6.368394E-2
7.520000E-8	6.366167E-2
7.525000E-8	6.369251E-2
7.530000E-8	6.377987E-2
7.535000E-8	6.391176E-2
7.540000E-8	6.407107E-2
7.545000E-8	6.423722E-2
7.550000E-8	6.440338E-2
7.555000E-8	6.453699E-2
7.560000E-8	6.463463E-2
7.565000E-8	6.470657E-2
7.570000E-8	6.474083E-2
7.575000E-8	6.471514E-2
7.580000E-8	6.466717E-2
7.585000E-8	6.459180E-2
7.590000E-8	6.448903E-2
7.595000E-8	6.436398E-2
7.600000E-8	6.424408E-2
7.605000E-8	6.414301E-2
7.610000E-8	6.406250E-2
7.615000E-8	6.397172E-2
7.620000E-8	6.387579E-2
7.625000E-8	6.381241E-2
7.630000E-8	6.379014E-2
7.635000E-8	6.377473E-2
7.640000E-8	6.377130E-2
7.645000E-8	6.379871E-2
7.650000E-8	6.382954E-2
7.655000E-8	6.384153E-2
7.660000E-8	6.385524E-2
7.665000E-8	6.387237E-2
7.670000E-8	6.388778E-2
7.675000E-8	6.387922E-2
7.680000E-8	6.387408E-2
7.685000E-8	6.387408E-2
7.690000E-8	6.385524E-2
7.695000E-8	6.382098E-2
7.700000E-8	6.378329E-2
7.705000E-8	6.373362E-2
7.710000E-8	6.365996E-2
7.715000E-8	6.357603E-2
7.720000E-8	6.350579E-2
7.725000E-8	6.345441E-2
7.730000E-8	6.342357E-2
7.735000E-8	6.343042E-2
7.740000E-8	6.346811E-2
7.745000E-8	6.350579E-2
7.750000E-8	6.353663E-2
7.755000E-8	6.357603E-2
7.760000E-8	6.363940E-2
7.765000E-8	6.368052E-2
7.770000E-8	6.367538E-2
7.775000E-8	6.364112E-2
7.780000E-8	6.359658E-2
7.785000E-8	6.350751E-2
7.790000E-8	6.337047E-2
7.795000E-8	6.325570E-2
7.800000E-8	6.316492E-2
7.805000E-8	6.308612E-2
7.810000E-8	6.303987E-2
7.815000E-8	6.304501E-2
7.820000E-8	6.308441E-2
7.825000E-8	6.315635E-2
7.830000E-8	6.327969E-2
7.835000E-8	6.340644E-2
7.840000E-8	6.351093E-2
7.845000E-8	6.360857E-2
7.850000E-8	6.368052E-2
7.855000E-8	6.372334E-2
7.860000E-8	6.375246E-2
7.865000E-8	6.373533E-2
7.870000E-8	6.367024E-2
7.875000E-8	6.359487E-2
7.880000E-8	6.352121E-2
7.885000E-8	6.344584E-2
7.890000E-8	6.339959E-2
7.895000E-8	6.340473E-2
7.900000E-8	6.341843E-2
7.905000E-8	6.343899E-2
7.910000E-8	6.351093E-2
7.915000E-8	6.362399E-2
7.920000E-8	6.371820E-2
7.925000E-8	6.379186E-2
7.930000E-8	6.385524E-2
7.935000E-8	6.389635E-2
7.940000E-8	6.389977E-2
7.945000E-8	6.388093E-2
7.950000E-8	6.383297E-2
7.955000E-8	6.373533E-2
7.960000E-8	6.361714E-2
7.965000E-8	6.348867E-2
7.970000E-8	6.336705E-2
7.975000E-8	6.326084E-2
7.980000E-8	6.319404E-2
7.985000E-8	6.315978E-2
7.990000E-8	6.316321E-2
7.995000E-8	6.320432E-2
8.000000E-8	6.325913E-2
8.005000E-8	6.330881E-2
8.010000E-8	6.333107E-2
8.015000E-8	6.331737E-2
8.020000E-8	6.328311E-2
8.025000E-8	6.326770E-2
8.030000E-8	6.324885E-2
8.035000E-8	6.320603E-2
8.040000E-8	6.317348E-2
8.045000E-8	6.317691E-2
8.050000E-8	6.319918E-2
8.055000E-8	6.322830E-2
8.060000E-8	6.328825E-2
8.065000E-8	6.334820E-2
8.070000E-8	6.340816E-2
8.075000E-8	6.349723E-2
8.080000E-8	6.357774E-2
8.085000E-8	6.360343E-2
8.090000E-8	6.360001E-2
8.095000E-8	6.357945E-2
8.100000E-8	6.351779E-2
8.105000E-8	6.339274E-2
8.110000E-8	6.324714E-2
8.115000E-8	6.308098E-2
8.120000E-8	6.291483E-2
8.125000E-8	6.278636E-2
8.130000E-8	6.270756E-2
8.135000E-8	6.264247E-2
8.140000E-8	6.259108E-2
8.145000E-8	6.257909E-2
8.150000E-8	6.260136E-2
8.155000E-8	6.262020E-2
8.160000E-8	6.263733E-2
8.165000E-8	6.266988E-2
8.170000E-8	6.268701E-2
8.175000E-8	6.265446E-2
8.180000E-8	6.259965E-2
8.185000E-8	6.253969E-2
8.190000E-8	6.247460E-2
8.195000E-8	6.239581E-2
8.200000E-8	6.232215E-2
8.205000E-8	6.228446E-2
8.210000E-8	6.230845E-2
8.215000E-8	6.236497E-2
8.220000E-8	6.243178E-2
8.225000E-8	6.251742E-2
8.230000E-8	6.264247E-2
8.235000E-8	6.278122E-2
8.240000E-8	6.290112E-2
8.245000E-8	6.298506E-2
8.250000E-8	6.305186E-2
8.255000E-8	6.307756E-2
8.260000E-8	6.303473E-2
8.265000E-8	6.293196E-2
8.270000E-8	6.281890E-2
8.275000E-8	6.270756E-2
8.280000E-8	6.257738E-2
8.285000E-8	6.244206E-2
8.290000E-8	6.235983E-2
8.295000E-8	6.234099E-2
8.300000E-8	6.235812E-2
8.305000E-8	6.240266E-2
8.310000E-8	6.247289E-2
8.315000E-8	6.255682E-2
8.320000E-8	6.265789E-2
8.325000E-8	6.277951E-2
8.330000E-8	6.289256E-2
8.335000E-8	6.297821E-2
8.340000E-8	6.303816E-2
8.345000E-8	6.306557E-2
8.350000E-8	6.305700E-2
8.355000E-8	6.301418E-2
8.360000E-8	6.297307E-2
8.365000E-8	6.295080E-2
8.370000E-8	6.291997E-2
8.375000E-8	6.285830E-2
8.380000E-8	6.280177E-2
8.385000E-8	6.278122E-2
8.390000E-8	6.277265E-2
8.395000E-8	6.275381E-2
8.400000E-8	6.273668E-2
8.405000E-8	6.272983E-2
8.410000E-8	6.271784E-2
8.415000E-8	6.269900E-2
8.420000E-8	6.266302E-2
8.425000E-8	6.263904E-2
8.430000E-8	6.263390E-2
8.435000E-8	6.263733E-2
8.440000E-8	6.262877E-2
8.445000E-8	6.263562E-2
8.450000E-8	6.265446E-2
8.455000E-8	6.264418E-2
8.460000E-8	6.259965E-2
8.465000E-8	6.251400E-2
8.470000E-8	6.240266E-2
8.475000E-8	6.229474E-2
8.480000E-8	6.221081E-2
8.485000E-8	6.212687E-2
8.490000E-8	6.203951E-2
8.495000E-8	6.198812E-2
8.500000E-8	6.199669E-2
8.505000E-8	6.203780E-2
8.510000E-8	6.210118E-2
8.515000E-8	6.219539E-2
8.520000E-8	6.230159E-2
8.525000E-8	6.237525E-2
8.530000E-8	6.241122E-2
8.535000E-8	6.243178E-2
8.540000E-8	6.243520E-2
8.545000E-8	6.241122E-2
8.550000E-8	6.237696E-2
8.555000E-8	6.232044E-2
8.560000E-8	6.223821E-2
8.565000E-8	6.215257E-2
8.570000E-8	6.210289E-2
8.575000E-8	6.207377E-2
8.580000E-8	6.204294E-2
8.585000E-8	6.203095E-2
8.590000E-8	6.203609E-2
8.595000E-8	6.203437E-2
8.600000E-8	6.200183E-2
8.605000E-8	6.194701E-2
8.610000E-8	6.186479E-2
8.615000E-8	6.173290E-2
8.620000E-8	6.157702E-2
8.625000E-8	6.143656E-2
8.630000E-8	6.132693E-2
8.635000E-8	6.123100E-2
8.640000E-8	6.116420E-2
8.645000E-8	6.115906E-2
8.650000E-8	6.121901E-2
8.655000E-8	6.131836E-2
8.660000E-8	6.143484E-2
8.665000E-8	6.155817E-2
8.670000E-8	6.166952E-2
8.675000E-8	6.174831E-2
8.680000E-8	6.178428E-2
8.685000E-8	6.178428E-2
8.690000E-8	6.172604E-2
8.695000E-8	6.162669E-2
8.700000E-8	6.149993E-2
8.705000E-8	6.135947E-2
8.710000E-8	6.124471E-2
8.715000E-8	6.118647E-2
8.720000E-8	6.117961E-2
8.725000E-8	6.121387E-2
8.730000E-8	6.128239E-2
8.735000E-8	6.139887E-2
8.740000E-8	6.155132E-2
8.745000E-8	6.172433E-2
8.750000E-8	6.188706E-2
8.755000E-8	6.203609E-2
8.760000E-8	6.215599E-2
8.765000E-8	6.222965E-2
8.770000E-8	6.226562E-2
8.775000E-8	6.223479E-2
8.780000E-8	6.213715E-2
8.785000E-8	6.198299E-2
8.790000E-8	6.179799E-2
8.795000E-8	6.160271E-2
8.800000E-8	6.140401E-2
8.805000E-8	6.121045E-2
8.810000E-8	6.105799E-2
8.815000E-8	6.097235E-2
8.820000E-8	6.092610E-2
8.825000E-8	6.091925E-2
8.830000E-8	6.097235E-2
8.835000E-8	6.109054E-2
8.840000E-8	6.122072E-2
8.845000E-8	6.132521E-2
8.850000E-8	6.139202E-2
8.855000E-8	6.142628E-2
8.860000E-8	6.142628E-2
8.865000E-8	6.139544E-2
8.870000E-8	6.133720E-2
8.875000E-8	6.123614E-2
8.880000E-8	6.110082E-2
8.885000E-8	6.097235E-2
8.890000E-8	6.087471E-2
8.895000E-8	6.079591E-2
8.900000E-8	6.076679E-2
8.905000E-8	6.079763E-2
8.910000E-8	6.087300E-2
8.915000E-8	6.097406E-2
8.920000E-8	6.111795E-2
8.925000E-8	6.128924E-2
8.930000E-8	6.144341E-2
8.935000E-8	6.156160E-2
8.940000E-8	6.165239E-2
8.945000E-8	6.170720E-2
8.950000E-8	6.172090E-2
8.955000E-8	6.171234E-2
8.960000E-8	6.167637E-2
8.965000E-8	6.159243E-2
8.970000E-8	6.148623E-2
8.975000E-8	6.138517E-2
8.980000E-8	6.129096E-2
8.985000E-8	6.120702E-2
8.990000E-8	6.115221E-2
8.995000E-8	6.112309E-2
9.000000E-8	6.111795E-2
9.005000E-8	6.113508E-2
9.010000E-8	6.114707E-2
9.015000E-8	6.111795E-2
9.020000E-8	6.105457E-2
9.025000E-8	6.099119E-2
9.030000E-8	6.091925E-2
9.035000E-8	6.080105E-2
9.040000E-8	6.066744E-2
9.045000E-8	6.056638E-2
9.050000E-8	6.049444E-2
9.055000E-8	6.044476E-2
9.060000E-8	6.044476E-2
9.065000E-8	6.049101E-2
9.070000E-8	6.057494E-2
9.075000E-8	6.066744E-2
9.080000E-8	6.075138E-2
9.085000E-8	6.079763E-2
9.090000E-8	6.081647E-2
9.095000E-8	6.079249E-2
9.100000E-8	6.071712E-2
9.105000E-8	6.060064E-2
9.110000E-8	6.049443E-2
9.115000E-8	6.040194E-2
9.120000E-8	6.031800E-2
9.125000E-8	6.027689E-2
9.130000E-8	6.028546E-2
9.135000E-8	6.030772E-2
9.140000E-8	6.035055E-2
9.145000E-8	6.041907E-2
9.150000E-8	6.048758E-2
9.155000E-8	6.052355E-2
9.160000E-8	6.055781E-2
9.165000E-8	6.058693E-2
9.170000E-8	6.057666E-2
9.175000E-8	6.052184E-2
9.180000E-8	6.044305E-2
9.185000E-8	6.034541E-2
9.190000E-8	6.023235E-2
9.195000E-8	6.013300E-2
9.200000E-8	6.005935E-2
9.205000E-8	6.000967E-2
9.210000E-8	6.000625E-2
9.215000E-8	6.006277E-2
9.220000E-8	6.013129E-2
9.225000E-8	6.020152E-2
9.230000E-8	6.029916E-2
9.235000E-8	6.039680E-2
9.240000E-8	6.044133E-2
9.245000E-8	6.044819E-2
9.250000E-8	6.043791E-2
9.255000E-8	6.037795E-2
9.260000E-8	6.028203E-2
9.265000E-8	6.018439E-2
9.270000E-8	6.007990E-2
9.275000E-8	5.997541E-2
9.280000E-8	5.991717E-2
9.285000E-8	5.989662E-2
9.290000E-8	5.989148E-2
9.295000E-8	5.991888E-2
9.300000E-8	5.998055E-2
9.305000E-8	6.003708E-2
9.310000E-8	6.007476E-2
9.315000E-8	6.011416E-2
9.320000E-8	6.014157E-2
9.325000E-8	6.014157E-2
9.330000E-8	6.012273E-2
9.335000E-8	6.011073E-2
9.340000E-8	6.013300E-2
9.345000E-8	6.017925E-2
9.350000E-8	6.021694E-2
9.355000E-8	6.024948E-2
9.360000E-8	6.030601E-2
9.365000E-8	6.035911E-2
9.370000E-8	6.037624E-2
9.375000E-8	6.037453E-2
9.380000E-8	6.036425E-2
9.385000E-8	6.030601E-2
9.390000E-8	6.020837E-2
9.395000E-8	6.011073E-2
9.400000E-8	6.001138E-2
9.405000E-8	5.987777E-2
9.410000E-8	5.974588E-2
9.415000E-8	5.964310E-2
9.420000E-8	5.955060E-2
9.425000E-8	5.947866E-2
9.430000E-8	5.945639E-2
9.435000E-8	5.946667E-2
9.440000E-8	5.947866E-2
9.445000E-8	5.950435E-2
9.450000E-8	5.956259E-2
9.455000E-8	5.962083E-2
9.460000E-8	5.967907E-2
9.465000E-8	5.974245E-2
9.470000E-8	5.979898E-2
9.475000E-8	5.983838E-2
9.480000E-8	5.986236E-2
9.485000E-8	5.983666E-2
9.490000E-8	5.975102E-2
9.495000E-8	5.964310E-2
9.500000E-8	5.951977E-2
9.505000E-8	5.937588E-2
9.510000E-8	5.924570E-2
9.515000E-8	5.914463E-2
9.520000E-8	5.907098E-2
9.525000E-8	5.903843E-2
9.530000E-8	5.907440E-2
9.535000E-8	5.916176E-2
9.540000E-8	5.929366E-2
9.545000E-8	5.945982E-2
9.550000E-8	5.961569E-2
9.555000E-8	5.973389E-2
9.560000E-8	5.981611E-2
9.565000E-8	5.984352E-2
9.570000E-8	5.980069E-2
9.575000E-8	5.971676E-2
9.580000E-8	5.960028E-2
9.585000E-8	5.946324E-2
9.590000E-8	5.933306E-2
9.595000E-8	5.923542E-2
9.600000E-8	5.918060E-2
9.605000E-8	5.916347E-2
9.610000E-8	5.917547E-2
9.615000E-8	5.921315E-2
9.620000E-8	5.927310E-2
9.625000E-8	5.932792E-2
9.630000E-8	5.936389E-2
9.635000E-8	5.937074E-2
9.640000E-8	5.934505E-2
9.645000E-8	5.928167E-2
9.650000E-8	5.920801E-2
9.655000E-8	5.915148E-2
9.660000E-8	5.910352E-2
9.665000E-8	5.905385E-2
9.670000E-8	5.904528E-2
9.675000E-8	5.907612E-2
9.680000E-8	5.910524E-2
9.685000E-8	5.914463E-2
9.690000E-8	5.919602E-2
9.695000E-8	5.922685E-2
9.700000E-8	5.923713E-2
9.705000E-8	5.923885E-2
9.710000E-8	5.921144E-2
9.715000E-8	5.917718E-2
9.720000E-8	5.915834E-2
9.725000E-8	5.914463E-2
9.730000E-8	5.911037E-2
9.735000E-8	5.908297E-2
9.740000E-8	5.908639E-2
9.745000E-8	5.908811E-2
9.750000E-8	5.906926E-2
9.755000E-8	5.903329E-2
9.760000E-8	5.898190E-2
9.765000E-8	5.893223E-2
9.770000E-8	5.889968E-2
9.775000E-8	5.887227E-2
9.780000E-8	5.883288E-2
9.785000E-8	5.884315E-2
9.790000E-8	5.893223E-2
9.795000E-8	5.903500E-2
9.800000E-8	5.913093E-2
9.805000E-8	5.927139E-2
9.810000E-8	5.941870E-2
9.815000E-8	5.951805E-2
9.820000E-8	5.960542E-2
9.825000E-8	5.970477E-2
9.830000E-8	5.974588E-2
9.835000E-8	5.971504E-2
9.840000E-8	5.965166E-2
9.845000E-8	5.955231E-2
9.850000E-8	5.939986E-2
9.855000E-8	5.925084E-2
9.860000E-8	5.912065E-2
9.865000E-8	5.900760E-2
9.870000E-8	5.892880E-2
9.875000E-8	5.887570E-2
9.880000E-8	5.882945E-2
9.885000E-8	5.879862E-2
9.890000E-8	5.878491E-2
9.895000E-8	5.874038E-2
9.900000E-8	5.867357E-2
9.905000E-8	5.861705E-2
9.910000E-8	5.857251E-2
9.915000E-8	5.851427E-2
9.920000E-8	5.846459E-2
9.925000E-8	5.844746E-2
9.930000E-8	5.845946E-2
9.935000E-8	5.849543E-2
9.940000E-8	5.854682E-2
9.945000E-8	5.862732E-2
9.950000E-8	5.873353E-2
9.955000E-8	5.884829E-2
9.960000E-8	5.894764E-2
9.965000E-8	5.903329E-2
9.970000E-8	5.908639E-2
9.975000E-8	5.909838E-2
9.980000E-8	5.906755E-2
9.985000E-8	5.902644E-2
9.990000E-8	5.896649E-2
9.995000E-8	5.888426E-2
1.000000E-7	5.879519E-2
1.000500E-7	5.871468E-2
1.001000E-7	5.862218E-2
1.001500E-7	5.851256E-2
1.002000E-7	5.842177E-2
1.002500E-7	5.834983E-2
1.003000E-7	5.826760E-2
1.003500E-7	5.818710E-2
1.004000E-7	5.812543E-2
1.004500E-7	5.808946E-2
1.005000E-7	5.808432E-2
1.005500E-7	5.809802E-2
1.006000E-7	5.812372E-2
1.006500E-7	5.818538E-2
1.007000E-7	5.828302E-2
1.007500E-7	5.838066E-2
1.008000E-7	5.846631E-2
1.008500E-7	5.856052E-2
1.009000E-7	5.867015E-2
1.009500E-7	5.874552E-2
1.010000E-7	5.878491E-2
1.010500E-7	5.880547E-2
1.011000E-7	5.879348E-2
1.011500E-7	5.875408E-2
1.012000E-7	5.870783E-2
1.012500E-7	5.864617E-2
1.013000E-7	5.855880E-2
1.013500E-7	5.847830E-2
1.014000E-7	5.840807E-2
1.014500E-7	5.832242E-2
1.015000E-7	5.822478E-2
1.015500E-7	5.814085E-2
1.016000E-7	5.806890E-2
1.016500E-7	5.801066E-2
1.017000E-7	5.798497E-2
1.017500E-7	5.799525E-2
1.018000E-7	5.802608E-2
1.018500E-7	5.806034E-2
1.019000E-7	5.808946E-2
1.019500E-7	5.813913E-2
1.020000E-7	5.820936E-2
1.020500E-7	5.825048E-2
1.021000E-7	5.825219E-2
1.021500E-7	5.823848E-2
1.022000E-7	5.821964E-2
1.022500E-7	5.817339E-2
1.023000E-7	5.809288E-2
1.023500E-7	5.802437E-2
1.024000E-7	5.797469E-2
1.024500E-7	5.792844E-2
1.025000E-7	5.790617E-2
1.025500E-7	5.791645E-2
1.026000E-7	5.792159E-2
1.026500E-7	5.791816E-2
1.027000E-7	5.793529E-2
1.027500E-7	5.797298E-2
1.028000E-7	5.800038E-2
1.028500E-7	5.800895E-2
1.029000E-7	5.800381E-2
1.029500E-7	5.799867E-2
1.030000E-7	5.799696E-2
1.030500E-7	5.798325E-2
1.031000E-7	5.797469E-2
1.031500E-7	5.799182E-2
1.032000E-7	5.803293E-2
1.032500E-7	5.807747E-2
1.033000E-7	5.812886E-2
1.033500E-7	5.818710E-2
1.034000E-7	5.821793E-2
1.034500E-7	5.822135E-2
1.035000E-7	5.821108E-2
1.035500E-7	5.816483E-2
1.036000E-7	5.805862E-2
1.036500E-7	5.793358E-2
1.037000E-7	5.780340E-2
1.037500E-7	5.766465E-2
1.038000E-7	5.752932E-2
1.038500E-7	5.742997E-2
1.039000E-7	5.736659E-2
1.039500E-7	5.733062E-2
1.040000E-7	5.733234E-2
1.040500E-7	5.737345E-2
1.041000E-7	5.743854E-2
1.041500E-7	5.751219E-2
1.042000E-7	5.759099E-2
1.042500E-7	5.767492E-2
1.043000E-7	5.774687E-2
1.043500E-7	5.779654E-2
1.044000E-7	5.783423E-2
1.044500E-7	5.785478E-2
1.045000E-7	5.784279E-2
1.045500E-7	5.781367E-2
1.046000E-7	5.778455E-2
1.046500E-7	5.775715E-2
1.047000E-7	5.773488E-2
1.047500E-7	5.771261E-2
1.048000E-7	5.771090E-2
1.048500E-7	5.772974E-2
1.049000E-7	5.775201E-2
1.049500E-7	5.777085E-2
1.050000E-7	5.779141E-2
1.050500E-7	5.781025E-2
1.051000E-7	5.781881E-2
1.051500E-7	5.780853E-2
1.052000E-7	5.779654E-2
1.052500E-7	5.777428E-2
1.053000E-7	5.770918E-2
1.053500E-7	5.762182E-2
1.054000E-7	5.753446E-2
1.054500E-7	5.746594E-2
1.055000E-7	5.740599E-2
1.055500E-7	5.736488E-2
1.056000E-7	5.737687E-2
1.056500E-7	5.744025E-2
1.057000E-7	5.750363E-2
1.057500E-7	5.757215E-2
1.058000E-7	5.765608E-2
1.058500E-7	5.774687E-2
1.059000E-7	5.780340E-2
1.059500E-7	5.782909E-2
1.060000E-7	5.783937E-2
1.060500E-7	5.782738E-2
1.061000E-7	5.778455E-2
1.061500E-7	5.772117E-2
1.062000E-7	5.764923E-2
1.062500E-7	5.758757E-2
1.063000E-7	5.754474E-2
1.063500E-7	5.752419E-2
1.064000E-7	5.751562E-2
1.064500E-7	5.753275E-2
1.065000E-7	5.755159E-2
1.065500E-7	5.754474E-2
1.066000E-7	5.751048E-2
1.066500E-7	5.745053E-2
1.067000E-7	5.734947E-2
1.067500E-7	5.722271E-2
1.068000E-7	5.709937E-2
1.068500E-7	5.696919E-2
1.069000E-7	5.683215E-2
1.069500E-7	5.673280E-2
1.070000E-7	5.667114E-2
1.070500E-7	5.664030E-2
1.071000E-7	5.664030E-2
1.071500E-7	5.668141E-2
1.072000E-7	5.674308E-2
1.072500E-7	5.682530E-2
1.073000E-7	5.689725E-2
1.073500E-7	5.694692E-2
1.074000E-7	5.696405E-2
1.074500E-7	5.694692E-2
1.075000E-7	5.690752E-2
1.075500E-7	5.686813E-2
1.076000E-7	5.683215E-2
1.076500E-7	5.680132E-2
1.077000E-7	5.678248E-2
1.077500E-7	5.679104E-2
1.078000E-7	5.682702E-2
1.078500E-7	5.687327E-2
1.079000E-7	5.692465E-2
1.079500E-7	5.697090E-2
1.080000E-7	5.699146E-2
1.080500E-7	5.698803E-2
1.081000E-7	5.697090E-2
1.081500E-7	5.694350E-2
1.082000E-7	5.689725E-2
1.082500E-7	5.682188E-2
1.083000E-7	5.673966E-2
1.083500E-7	5.669169E-2
1.084000E-7	5.669512E-2
1.084500E-7	5.674822E-2
1.085000E-7	5.682530E-2
1.085500E-7	5.691266E-2
1.086000E-7	5.702572E-2
1.086500E-7	5.712849E-2
1.087000E-7	5.718160E-2
1.087500E-7	5.718331E-2
1.088000E-7	5.716961E-2
1.088500E-7	5.711993E-2
1.089000E-7	5.700345E-2
1.089500E-7	5.684757E-2
1.090000E-7	5.668827E-2
1.090500E-7	5.651697E-2
1.091000E-7	5.634054E-2
1.091500E-7	5.619665E-2
1.092000E-7	5.611272E-2
1.092500E-7	5.607332E-2
1.093000E-7	5.605790E-2
1.093500E-7	5.606476E-2
1.094000E-7	5.608874E-2
1.094500E-7	5.612813E-2
1.095000E-7	5.618295E-2
1.095500E-7	5.622749E-2
1.096000E-7	5.625489E-2
1.096500E-7	5.627031E-2
1.097000E-7	5.628230E-2
1.097500E-7	5.628573E-2
1.098000E-7	5.626517E-2
1.098500E-7	5.622235E-2
1.099000E-7	5.618123E-2
1.099500E-7	5.613670E-2
1.100000E-7	5.608531E-2
1.100500E-7	5.605105E-2
1.101000E-7	5.603563E-2
1.101500E-7	5.602536E-2
1.102000E-7	5.603735E-2
1.102500E-7	5.609045E-2
1.103000E-7	5.615897E-2
1.103500E-7	5.622063E-2
1.104000E-7	5.630628E-2
1.104500E-7	5.641591E-2
1.105000E-7	5.651526E-2
1.105500E-7	5.657693E-2
1.106000E-7	5.660776E-2
1.106500E-7	5.660605E-2
1.107000E-7	5.655637E-2
1.107500E-7	5.646901E-2
1.108000E-7	5.636281E-2
1.108500E-7	5.623948E-2
1.109000E-7	5.610244E-2
1.109500E-7	5.596027E-2
1.110000E-7	5.584721E-2
1.110500E-7	5.576670E-2
1.111000E-7	5.572388E-2
1.111500E-7	5.572045E-2
1.112000E-7	5.575642E-2
1.112500E-7	5.583351E-2
1.113000E-7	5.593800E-2
1.113500E-7	5.604934E-2
1.114000E-7	5.615897E-2
1.114500E-7	5.625832E-2
1.115000E-7	5.634568E-2
1.115500E-7	5.641077E-2
1.116000E-7	5.643989E-2
1.116500E-7	5.641933E-2
1.117000E-7	5.636623E-2
1.117500E-7	5.629258E-2
1.118000E-7	5.620350E-2
1.118500E-7	5.610415E-2
1.119000E-7	5.600994E-2
1.119500E-7	5.593286E-2
1.120000E-7	5.587804E-2
1.120500E-7	5.585064E-2
1.121000E-7	5.585578E-2
1.121500E-7	5.587291E-2
1.122000E-7	5.589003E-2
1.122500E-7	5.590545E-2
1.123000E-7	5.592772E-2
1.123500E-7	5.593286E-2
1.124000E-7	5.591059E-2
1.124500E-7	5.588147E-2
1.125000E-7	5.584550E-2
1.125500E-7	5.579411E-2
1.126000E-7	5.574101E-2
1.126500E-7	5.568962E-2
1.127000E-7	5.565022E-2
1.127500E-7	5.564337E-2
1.128000E-7	5.565536E-2
1.128500E-7	5.566564E-2
1.129000E-7	5.568619E-2
1.129500E-7	5.573073E-2
1.130000E-7	5.575471E-2
1.130500E-7	5.576328E-2
1.131000E-7	5.576670E-2
1.131500E-7	5.573587E-2
1.132000E-7	5.565193E-2
1.132500E-7	5.555430E-2
1.133000E-7	5.547379E-2
1.133500E-7	5.537958E-2
1.134000E-7	5.528194E-2
1.134500E-7	5.520314E-2
1.135000E-7	5.514490E-2
1.135500E-7	5.514319E-2
1.136000E-7	5.520657E-2
1.136500E-7	5.532476E-2
1.137000E-7	5.548407E-2
1.137500E-7	5.566564E-2
1.138000E-7	5.581295E-2
1.138500E-7	5.591230E-2
1.139000E-7	5.597397E-2
1.139500E-7	5.598082E-2
1.140000E-7	5.593800E-2
1.140500E-7	5.588318E-2
1.141000E-7	5.580953E-2
1.141500E-7	5.566735E-2
1.142000E-7	5.548578E-2
1.142500E-7	5.530935E-2
1.143000E-7	5.513634E-2
1.143500E-7	5.495305E-2
1.144000E-7	5.479032E-2
1.144500E-7	5.467213E-2
1.145000E-7	5.459162E-2
1.145500E-7	5.455565E-2
1.146000E-7	5.453852E-2
1.146500E-7	5.453338E-2
1.147000E-7	5.456421E-2
1.147500E-7	5.466356E-2
1.148000E-7	5.481944E-2
1.148500E-7	5.498046E-2
1.149000E-7	5.513291E-2
1.149500E-7	5.529564E-2
1.150000E-7	5.545666E-2
1.150500E-7	5.557999E-2
1.151000E-7	5.566050E-2
1.151500E-7	5.569133E-2
1.152000E-7	5.565879E-2
1.152500E-7	5.557485E-2
1.153000E-7	5.546180E-2
1.153500E-7	5.532305E-2
1.154000E-7	5.519458E-2
1.154500E-7	5.510379E-2
1.155000E-7	5.504555E-2
1.155500E-7	5.500958E-2
1.156000E-7	5.499588E-2
1.156500E-7	5.500273E-2
1.157000E-7	5.503185E-2
1.157500E-7	5.508838E-2
1.158000E-7	5.513463E-2
1.158500E-7	5.514148E-2
1.159000E-7	5.513120E-2
1.159500E-7	5.511407E-2
1.160000E-7	5.507296E-2
1.160500E-7	5.501301E-2
1.161000E-7	5.497190E-2
1.161500E-7	5.494620E-2
1.162000E-7	5.494278E-2
1.162500E-7	5.494963E-2
1.163000E-7	5.497703E-2
1.163500E-7	5.502842E-2
1.164000E-7	5.511064E-2
1.164500E-7	5.520143E-2
1.165000E-7	5.529222E-2
1.165500E-7	5.537272E-2
1.166000E-7	5.542754E-2
1.166500E-7	5.542240E-2
1.167000E-7	5.537958E-2
1.167500E-7	5.531791E-2
1.168000E-7	5.523226E-2
1.168500E-7	5.512606E-2
1.169000E-7	5.501472E-2
1.169500E-7	5.491879E-2
1.170000E-7	5.484514E-2
1.170500E-7	5.479375E-2
1.171000E-7	5.476120E-2
1.171500E-7	5.474236E-2
1.172000E-7	5.473893E-2
1.172500E-7	5.473551E-2
1.173000E-7	5.473893E-2
1.173500E-7	5.475949E-2
1.174000E-7	5.479717E-2
1.174500E-7	5.484000E-2
1.175000E-7	5.489139E-2
1.175500E-7	5.497532E-2
1.176000E-7	5.507638E-2
1.176500E-7	5.515518E-2
1.177000E-7	5.520999E-2
1.177500E-7	5.526995E-2
1.178000E-7	5.533333E-2
1.178500E-7	5.536587E-2
1.179000E-7	5.535902E-2
1.179500E-7	5.532305E-2
1.180000E-7	5.525796E-2
1.180500E-7	5.517745E-2
1.181000E-7	5.511064E-2
1.181500E-7	5.504384E-2
1.182000E-7	5.495819E-2
1.182500E-7	5.486569E-2
1.183000E-7	5.479546E-2
1.183500E-7	5.474065E-2
1.184000E-7	5.469954E-2
1.184500E-7	5.466870E-2
1.185000E-7	5.462417E-2
1.185500E-7	5.455736E-2
1.186000E-7	5.448371E-2
1.186500E-7	5.440320E-2
1.187000E-7	5.431412E-2
1.187500E-7	5.424903E-2
1.188000E-7	5.420278E-2
1.188500E-7	5.414112E-2
1.189000E-7	5.408973E-2
1.189500E-7	5.408973E-2
1.190000E-7	5.411371E-2
1.190500E-7	5.414968E-2
1.191000E-7	5.421649E-2
1.191500E-7	5.431241E-2
1.192000E-7	5.439634E-2
1.192500E-7	5.447171E-2
1.193000E-7	5.452310E-2
1.193500E-7	5.452995E-2
1.194000E-7	5.450083E-2
1.194500E-7	5.443917E-2
1.195000E-7	5.434324E-2
1.195500E-7	5.421991E-2
1.196000E-7	5.411200E-2
1.196500E-7	5.403663E-2
1.197000E-7	5.399209E-2
1.197500E-7	5.398010E-2
1.198000E-7	5.400751E-2
1.198500E-7	5.406746E-2
1.199000E-7	5.413769E-2
1.199500E-7	5.422505E-2
1.200000E-7	5.436037E-2
1.200500E-7	5.450597E-2
1.201000E-7	5.461903E-2
1.201500E-7	5.470125E-2
1.202000E-7	5.473893E-2
1.202500E-7	5.469611E-2
1.203000E-7	5.460361E-2
1.203500E-7	5.451111E-2
1.204000E-7	5.437065E-2
1.204500E-7	5.419079E-2
1.205000E-7	5.402806E-2
1.205500E-7	5.390302E-2
1.206000E-7	5.378311E-2
1.206500E-7	5.367691E-2
1.207000E-7	5.364094E-2
1.207500E-7	5.365806E-2
1.208000E-7	5.370260E-2
1.208500E-7	5.376598E-2
1.209000E-7	5.381566E-2
1.209500E-7	5.383621E-2
1.210000E-7	5.383964E-2
1.210500E-7	5.382765E-2
1.211000E-7	5.377797E-2
1.211500E-7	5.370603E-2
1.212000E-7	5.362723E-2
1.212500E-7	5.354672E-2
1.213000E-7	5.347649E-2
1.213500E-7	5.345080E-2
1.214000E-7	5.346964E-2
1.214500E-7	5.350733E-2
1.215000E-7	5.356043E-2
1.215500E-7	5.362894E-2
1.216000E-7	5.369232E-2
1.216500E-7	5.373515E-2
1.217000E-7	5.375399E-2
1.217500E-7	5.374371E-2
1.218000E-7	5.369918E-2
1.218500E-7	5.363922E-2
1.219000E-7	5.359469E-2
1.219500E-7	5.356728E-2
1.220000E-7	5.356214E-2
1.220500E-7	5.358098E-2
1.221000E-7	5.361010E-2
1.221500E-7	5.366492E-2
1.222000E-7	5.376598E-2
1.222500E-7	5.388760E-2
1.223000E-7	5.398353E-2
1.223500E-7	5.404862E-2
1.224000E-7	5.407774E-2
1.224500E-7	5.405547E-2
1.225000E-7	5.398695E-2
1.225500E-7	5.390473E-2
1.226000E-7	5.381052E-2
1.226500E-7	5.368719E-2
1.227000E-7	5.357584E-2
1.227500E-7	5.349534E-2
1.228000E-7	5.343538E-2
1.228500E-7	5.336344E-2
1.229000E-7	5.331548E-2
1.229500E-7	5.330862E-2
1.230000E-7	5.329663E-2
1.230500E-7	5.327094E-2
1.231000E-7	5.328122E-2
1.231500E-7	5.332233E-2
1.232000E-7	5.334117E-2
1.232500E-7	5.337714E-2
1.233000E-7	5.346621E-2
1.233500E-7	5.356214E-2
1.234000E-7	5.362723E-2
1.234500E-7	5.368033E-2
1.235000E-7	5.370774E-2
1.235500E-7	5.370089E-2
1.236000E-7	5.367691E-2
1.236500E-7	5.362723E-2
1.237000E-7	5.353645E-2
1.237500E-7	5.342510E-2
1.238000E-7	5.330862E-2
1.238500E-7	5.319043E-2
1.239000E-7	5.308937E-2
1.239500E-7	5.302256E-2
1.240000E-7	5.299002E-2
1.240500E-7	5.300715E-2
1.241000E-7	5.308423E-2
1.241500E-7	5.318529E-2
1.242000E-7	5.329663E-2
1.242500E-7	5.341825E-2
1.243000E-7	5.353302E-2
1.243500E-7	5.360325E-2
1.244000E-7	5.364265E-2
1.244500E-7	5.364608E-2
1.245000E-7	5.360496E-2
1.245500E-7	5.354844E-2
1.246000E-7	5.349020E-2
1.246500E-7	5.343196E-2
1.247000E-7	5.338742E-2
1.247500E-7	5.337029E-2
1.248000E-7	5.336515E-2
1.248500E-7	5.334631E-2
1.249000E-7	5.332233E-2
1.249500E-7	5.330520E-2
1.250000E-7	5.327437E-2
1.250500E-7	5.321784E-2
1.251000E-7	5.313733E-2
1.251500E-7	5.306025E-2
1.252000E-7	5.297974E-2
1.252500E-7	5.289409E-2
1.253000E-7	5.281701E-2
1.253500E-7	5.277247E-2
1.254000E-7	5.277247E-2
1.254500E-7	5.279988E-2
1.255000E-7	5.285127E-2
1.255500E-7	5.292664E-2
1.256000E-7	5.302256E-2
1.256500E-7	5.312876E-2
1.257000E-7	5.324182E-2
1.257500E-7	5.333774E-2
1.258000E-7	5.338571E-2
1.258500E-7	5.340797E-2
1.259000E-7	5.343024E-2
1.259500E-7	5.343024E-2
1.260000E-7	5.338571E-2
1.260500E-7	5.332061E-2
1.261000E-7	5.325210E-2
1.261500E-7	5.316816E-2
1.262000E-7	5.305168E-2
1.262500E-7	5.294034E-2
1.263000E-7	5.285641E-2
1.263500E-7	5.278618E-2
1.264000E-7	5.273821E-2
1.264500E-7	5.273479E-2
1.265000E-7	5.276391E-2
1.265500E-7	5.280844E-2
1.266000E-7	5.285469E-2
1.266500E-7	5.290266E-2
1.267000E-7	5.292321E-2
1.267500E-7	5.290266E-2
1.268000E-7	5.286668E-2
1.268500E-7	5.281701E-2
1.269000E-7	5.273307E-2
1.269500E-7	5.263201E-2
1.270000E-7	5.254294E-2
1.270500E-7	5.244016E-2
1.271000E-7	5.232539E-2
1.271500E-7	5.224317E-2
1.272000E-7	5.219863E-2
1.272500E-7	5.217465E-2
1.273000E-7	5.217979E-2
1.273500E-7	5.222262E-2
1.274000E-7	5.228942E-2
1.274500E-7	5.236993E-2
1.275000E-7	5.245729E-2
1.275500E-7	5.252581E-2
1.276000E-7	5.257891E-2
1.276500E-7	5.264743E-2
1.277000E-7	5.271766E-2
1.277500E-7	5.276562E-2
1.278000E-7	5.279817E-2
1.278500E-7	5.283756E-2
1.279000E-7	5.287011E-2
1.279500E-7	5.288895E-2
1.280000E-7	5.290779E-2
1.280500E-7	5.292321E-2
1.281000E-7	5.291122E-2
1.281500E-7	5.288381E-2
1.282000E-7	5.285641E-2
1.282500E-7	5.281187E-2
1.283000E-7	5.275191E-2
1.283500E-7	5.269025E-2
1.284000E-7	5.263201E-2
1.284500E-7	5.257034E-2
1.285000E-7	5.250696E-2
1.285500E-7	5.243331E-2
1.286000E-7	5.236993E-2
1.286500E-7	5.232882E-2
1.287000E-7	5.230141E-2
1.287500E-7	5.229627E-2
1.288000E-7	5.232368E-2
1.288500E-7	5.236308E-2
1.289000E-7	5.238363E-2
1.289500E-7	5.241104E-2
1.290000E-7	5.244873E-2
1.290500E-7	5.245900E-2
1.291000E-7	5.244701E-2
1.291500E-7	5.244872E-2
1.292000E-7	5.245729E-2
1.292500E-7	5.245558E-2
1.293000E-7	5.246414E-2
1.293500E-7	5.248470E-2
1.294000E-7	5.248812E-2
1.294500E-7	5.248812E-2
1.295000E-7	5.251039E-2
1.295500E-7	5.253437E-2
1.296000E-7	5.254636E-2
1.296500E-7	5.255150E-2
1.297000E-7	5.256520E-2
1.297500E-7	5.258576E-2
1.298000E-7	5.257720E-2
1.298500E-7	5.253951E-2
1.299000E-7	5.248812E-2
1.299500E-7	5.241789E-2
1.300000E-7	5.231511E-2
1.300500E-7	5.218322E-2
1.301000E-7	5.205475E-2
1.301500E-7	5.193141E-2
1.302000E-7	5.180294E-2
1.302500E-7	5.168818E-2
1.303000E-7	5.161452E-2
1.303500E-7	5.159396E-2
1.304000E-7	5.161794E-2
1.304500E-7	5.168646E-2
1.305000E-7	5.179267E-2
1.305500E-7	5.192114E-2
1.306000E-7	5.205646E-2
1.306500E-7	5.217465E-2
1.307000E-7	5.225345E-2
1.307500E-7	5.228428E-2
1.308000E-7	5.228428E-2
1.308500E-7	5.225859E-2
1.309000E-7	5.221748E-2
1.309500E-7	5.216609E-2
1.310000E-7	5.212840E-2
1.310500E-7	5.210785E-2
1.311000E-7	5.211127E-2
1.311500E-7	5.216438E-2
1.312000E-7	5.223803E-2
1.312500E-7	5.232368E-2
1.313000E-7	5.243331E-2
1.313500E-7	5.256178E-2
1.314000E-7	5.266113E-2
1.314500E-7	5.271937E-2
1.315000E-7	5.274164E-2
1.315500E-7	5.272793E-2
1.316000E-7	5.267483E-2
1.316500E-7	5.259604E-2
1.317000E-7	5.250011E-2
1.317500E-7	5.239220E-2
1.318000E-7	5.228257E-2
1.318500E-7	5.218322E-2
1.319000E-7	5.210785E-2
1.319500E-7	5.205817E-2
1.320000E-7	5.201878E-2
1.320500E-7	5.198452E-2
1.321000E-7	5.195540E-2
1.321500E-7	5.194683E-2
1.322000E-7	5.195026E-2
1.322500E-7	5.194512E-2
1.323000E-7	5.193655E-2
1.323500E-7	5.192799E-2
1.324000E-7	5.190743E-2
1.324500E-7	5.190058E-2
1.325000E-7	5.193313E-2
1.325500E-7	5.197595E-2
1.326000E-7	5.199479E-2
1.326500E-7	5.198794E-2
1.327000E-7	5.197766E-2
1.327500E-7	5.197424E-2
1.328000E-7	5.196396E-2
1.328500E-7	5.192799E-2
1.329000E-7	5.186975E-2
1.329500E-7	5.182350E-2
1.330000E-7	5.179438E-2
1.330500E-7	5.176697E-2
1.331000E-7	5.174470E-2
1.331500E-7	5.174642E-2
1.332000E-7	5.178410E-2
1.332500E-7	5.185090E-2
1.333000E-7	5.192456E-2
1.333500E-7	5.197766E-2
1.334000E-7	5.200336E-2
1.334500E-7	5.201192E-2
1.335000E-7	5.198109E-2
1.335500E-7	5.188517E-2
1.336000E-7	5.174128E-2
1.336500E-7	5.157512E-2
1.337000E-7	5.137985E-2
1.337500E-7	5.118800E-2
1.338000E-7	5.105096E-2
1.338500E-7	5.095504E-2
1.339000E-7	5.089337E-2
1.339500E-7	5.090022E-2
1.340000E-7	5.099615E-2
1.340500E-7	5.113832E-2
1.341000E-7	5.129591E-2
1.341500E-7	5.145693E-2
1.342000E-7	5.161623E-2
1.342500E-7	5.173785E-2
1.343000E-7	5.179952E-2
1.343500E-7	5.178753E-2
1.344000E-7	5.173614E-2
1.344500E-7	5.165734E-2
1.345000E-7	5.153915E-2
1.345500E-7	5.138841E-2
1.346000E-7	5.124281E-2
1.346500E-7	5.111948E-2
1.347000E-7	5.101499E-2
1.347500E-7	5.093448E-2
1.348000E-7	5.088652E-2
1.348500E-7	5.086768E-2
1.349000E-7	5.088480E-2
1.349500E-7	5.092763E-2
1.350000E-7	5.096189E-2
1.350500E-7	5.098587E-2
1.351000E-7	5.103554E-2
1.351500E-7	5.109378E-2
1.352000E-7	5.113318E-2
1.352500E-7	5.116059E-2
1.353000E-7	5.117601E-2
1.353500E-7	5.116230E-2
1.354000E-7	5.113147E-2
1.354500E-7	5.108008E-2
1.355000E-7	5.100128E-2
1.355500E-7	5.089851E-2
1.356000E-7	5.078888E-2
1.356500E-7	5.067582E-2
1.357000E-7	5.058504E-2
1.357500E-7	5.054907E-2
1.358000E-7	5.053879E-2
1.358500E-7	5.055249E-2
1.359000E-7	5.060731E-2
1.359500E-7	5.069809E-2
1.360000E-7	5.079402E-2
1.360500E-7	5.089508E-2
1.361000E-7	5.098587E-2
1.361500E-7	5.104411E-2
1.362000E-7	5.107323E-2
1.362500E-7	5.108179E-2
1.363000E-7	5.104582E-2
1.363500E-7	5.096874E-2
1.364000E-7	5.087281E-2
1.364500E-7	5.077689E-2
1.365000E-7	5.069638E-2
1.365500E-7	5.065356E-2
1.366000E-7	5.063985E-2
1.366500E-7	5.065184E-2
1.367000E-7	5.070837E-2
1.367500E-7	5.080772E-2
1.368000E-7	5.090879E-2
1.368500E-7	5.099786E-2
1.369000E-7	5.109036E-2
1.369500E-7	5.115888E-2
1.370000E-7	5.117429E-2
1.370500E-7	5.116401E-2
1.371000E-7	5.114689E-2
1.371500E-7	5.111434E-2
1.372000E-7	5.106466E-2
1.372500E-7	5.102527E-2
1.373000E-7	5.098929E-2
1.373500E-7	5.093105E-2
1.374000E-7	5.086596E-2
1.374500E-7	5.081800E-2
1.375000E-7	5.077518E-2
1.375500E-7	5.072036E-2
1.376000E-7	5.065184E-2
1.376500E-7	5.057819E-2
1.377000E-7	5.048398E-2
1.377500E-7	5.039319E-2
1.378000E-7	5.031953E-2
1.378500E-7	5.026301E-2
1.379000E-7	5.021847E-2
1.379500E-7	5.020134E-2
1.380000E-7	5.020305E-2
1.380500E-7	5.020819E-2
1.381000E-7	5.021676E-2
1.381500E-7	5.022703E-2
1.382000E-7	5.024930E-2
1.382500E-7	5.030240E-2
1.383000E-7	5.035722E-2
1.383500E-7	5.038291E-2
1.384000E-7	5.038291E-2
1.384500E-7	5.038634E-2
1.385000E-7	5.039148E-2
1.385500E-7	5.036749E-2
1.386000E-7	5.032296E-2
1.386500E-7	5.027157E-2
1.387000E-7	5.023388E-2
1.387500E-7	5.020819E-2
1.388000E-7	5.018763E-2
1.388500E-7	5.017222E-2
1.389000E-7	5.017393E-2
1.389500E-7	5.016708E-2
1.390000E-7	5.017051E-2
1.390500E-7	5.020134E-2
1.391000E-7	5.025273E-2
1.391500E-7	5.030412E-2
1.392000E-7	5.035893E-2
1.392500E-7	5.042402E-2
1.393000E-7	5.047712E-2
1.393500E-7	5.051652E-2
1.394000E-7	5.055763E-2
1.394500E-7	5.060731E-2
1.395000E-7	5.066726E-2
1.395500E-7	5.073578E-2
1.396000E-7	5.082314E-2
1.396500E-7	5.090193E-2
1.397000E-7	5.095161E-2
1.397500E-7	5.097559E-2
1.398000E-7	5.096874E-2
1.398500E-7	5.091564E-2
1.399000E-7	5.081115E-2
1.399500E-7	5.067069E-2
1.400000E-7	5.051138E-2
1.400500E-7	5.033666E-2
1.401000E-7	5.017393E-2
1.401500E-7	5.004375E-2
1.402000E-7	4.994440E-2
1.402500E-7	4.988616E-2
1.403000E-7	4.988273E-2
1.403500E-7	4.993755E-2
1.404000E-7	5.004204E-2
1.404500E-7	5.018250E-2
1.405000E-7	5.035722E-2
1.405500E-7	5.054564E-2
1.406000E-7	5.072721E-2
1.406500E-7	5.086425E-2
1.407000E-7	5.095161E-2
1.407500E-7	5.099101E-2
1.408000E-7	5.099272E-2
1.408500E-7	5.093277E-2
1.409000E-7	5.081286E-2
1.409500E-7	5.067069E-2
1.410000E-7	5.051823E-2
1.410500E-7	5.033837E-2
1.411000E-7	5.015680E-2
1.411500E-7	5.000778E-2
1.412000E-7	4.988616E-2
1.412500E-7	4.978681E-2
1.413000E-7	4.974056E-2
1.413500E-7	4.974056E-2
1.414000E-7	4.976283E-2
1.414500E-7	4.979195E-2
1.415000E-7	4.983477E-2
1.415500E-7	4.987759E-2
1.416000E-7	4.990157E-2
1.416500E-7	4.988444E-2
1.417000E-7	4.984847E-2
1.417500E-7	4.981079E-2
1.418000E-7	4.977653E-2
1.418500E-7	4.972343E-2
1.419000E-7	4.965148E-2
1.419500E-7	4.958810E-2
1.420000E-7	4.956926E-2
1.420500E-7	4.959496E-2
1.421000E-7	4.963435E-2
1.421500E-7	4.969259E-2
1.422000E-7	4.977310E-2
1.422500E-7	4.984676E-2
1.423000E-7	4.991356E-2
1.423500E-7	4.999236E-2
1.424000E-7	5.005916E-2
1.424500E-7	5.009685E-2
1.425000E-7	5.010713E-2
1.425500E-7	5.008143E-2
1.426000E-7	5.003347E-2
1.426500E-7	4.998722E-2
1.427000E-7	4.993583E-2
1.427500E-7	4.986731E-2
1.428000E-7	4.981079E-2
1.428500E-7	4.979194E-2
1.429000E-7	4.977139E-2
1.429500E-7	4.973370E-2
1.430000E-7	4.970287E-2
1.430500E-7	4.967889E-2
1.431000E-7	4.964463E-2
1.431500E-7	4.961037E-2
1.432000E-7	4.958982E-2
1.432500E-7	4.956584E-2
1.433000E-7	4.954699E-2
1.433500E-7	4.954871E-2
1.434000E-7	4.957440E-2
1.434500E-7	4.960523E-2
1.435000E-7	4.965491E-2
1.435500E-7	4.971144E-2
1.436000E-7	4.976282E-2
1.436500E-7	4.979880E-2
1.437000E-7	4.983305E-2
1.437500E-7	4.985704E-2
1.438000E-7	4.986217E-2
1.438500E-7	4.985361E-2
1.439000E-7	4.982963E-2
1.439500E-7	4.978852E-2
1.440000E-7	4.974056E-2
1.440500E-7	4.968574E-2
1.441000E-7	4.962065E-2
1.441500E-7	4.954699E-2
1.442000E-7	4.947505E-2
1.442500E-7	4.942537E-2
1.443000E-7	4.940139E-2
1.443500E-7	4.939283E-2
1.444000E-7	4.938598E-2
1.444500E-7	4.940824E-2
1.445000E-7	4.947505E-2
1.445500E-7	4.956926E-2
1.446000E-7	4.966519E-2
1.446500E-7	4.976282E-2
1.447000E-7	4.985190E-2
1.447500E-7	4.992898E-2
1.448000E-7	4.999236E-2
1.448500E-7	5.001977E-2
1.449000E-7	4.998722E-2
1.449500E-7	4.991356E-2
1.450000E-7	4.981250E-2
1.450500E-7	4.969773E-2
1.451000E-7	4.958810E-2
1.451500E-7	4.951787E-2
1.452000E-7	4.947847E-2
1.452500E-7	4.948875E-2
1.453000E-7	4.952815E-2
1.453500E-7	4.961037E-2
1.454000E-7	4.973542E-2
1.454500E-7	4.985190E-2
1.455000E-7	4.992727E-2
1.455500E-7	4.997009E-2
1.456000E-7	5.000606E-2
1.456500E-7	4.999236E-2
1.457000E-7	4.991699E-2
1.457500E-7	4.980565E-2
1.458000E-7	4.967033E-2
1.458500E-7	4.953672E-2
1.459000E-7	4.944250E-2
1.459500E-7	4.937056E-2
1.460000E-7	4.930033E-2
1.460500E-7	4.924038E-2
1.461000E-7	4.919927E-2
1.461500E-7	4.916672E-2
1.462000E-7	4.913589E-2
1.462500E-7	4.912732E-2
1.463000E-7	4.912732E-2
1.463500E-7	4.911533E-2
1.464000E-7	4.906052E-2
1.464500E-7	4.898172E-2
1.465000E-7	4.890806E-2
1.465500E-7	4.884126E-2
1.466000E-7	4.877103E-2
1.466500E-7	4.870765E-2
1.467000E-7	4.866996E-2
1.467500E-7	4.865455E-2
1.468000E-7	4.864256E-2
1.468500E-7	4.864770E-2
1.469000E-7	4.869395E-2
1.469500E-7	4.876760E-2
1.470000E-7	4.882242E-2
1.470500E-7	4.882927E-2
1.471000E-7	4.882756E-2
1.471500E-7	4.882242E-2
1.472000E-7	4.880015E-2
1.472500E-7	4.878473E-2
1.473000E-7	4.877617E-2
1.473500E-7	4.876589E-2
1.474000E-7	4.876932E-2
1.474500E-7	4.880871E-2
1.475000E-7	4.885496E-2
1.475500E-7	4.886524E-2
1.476000E-7	4.884126E-2
1.476500E-7	4.880700E-2
1.477000E-7	4.876760E-2
1.477500E-7	4.870594E-2
1.478000E-7	4.862714E-2
1.478500E-7	4.855348E-2
1.479000E-7	4.850210E-2
1.479500E-7	4.845413E-2
1.480000E-7	4.842330E-2
1.480500E-7	4.844043E-2
1.481000E-7	4.848668E-2
1.481500E-7	4.853635E-2
1.482000E-7	4.859802E-2
1.482500E-7	4.867339E-2
1.483000E-7	4.876418E-2
1.483500E-7	4.885496E-2
1.484000E-7	4.893205E-2
1.484500E-7	4.898857E-2
1.485000E-7	4.904167E-2
1.485500E-7	4.908278E-2
1.486000E-7	4.909135E-2
1.486500E-7	4.908964E-2
1.487000E-7	4.907251E-2
1.487500E-7	4.903482E-2
1.488000E-7	4.897658E-2
1.488500E-7	4.891320E-2
1.489000E-7	4.884982E-2
1.489500E-7	4.878987E-2
1.490000E-7	4.874191E-2
1.490500E-7	4.869223E-2
1.491000E-7	4.863913E-2
1.491500E-7	4.859973E-2
1.492000E-7	4.857233E-2
1.492500E-7	4.853978E-2
1.493000E-7	4.850895E-2
1.493500E-7	4.849867E-2
1.494000E-7	4.849010E-2
1.494500E-7	4.847298E-2
1.495000E-7	4.845927E-2
1.495500E-7	4.845413E-2
1.496000E-7	4.844899E-2
1.496500E-7	4.844043E-2
1.497000E-7	4.843015E-2
1.497500E-7	4.842330E-2
1.498000E-7	4.841645E-2
1.498500E-7	4.841645E-2
1.499000E-7	4.842673E-2
1.499500E-7	4.843529E-2
1.500000E-7	4.842673E-2
1.500500E-7	4.838219E-2
1.501000E-7	4.830511E-2
1.501500E-7	4.822631E-2
1.502000E-7	4.815779E-2
1.502500E-7	4.808585E-2
1.503000E-7	4.802932E-2
1.503500E-7	4.801562E-2
1.504000E-7	4.803103E-2
1.504500E-7	4.807386E-2
1.505000E-7	4.814238E-2
1.505500E-7	4.822974E-2
1.506000E-7	4.832052E-2
1.506500E-7	4.840617E-2
1.507000E-7	4.847811E-2
1.507500E-7	4.849867E-2
1.508000E-7	4.848668E-2
1.508500E-7	4.845413E-2
1.509000E-7	4.837876E-2
1.509500E-7	4.826914E-2
1.510000E-7	4.817321E-2
1.510500E-7	4.809270E-2
1.511000E-7	4.800020E-2
1.511500E-7	4.792141E-2
1.512000E-7	4.786317E-2
1.512500E-7	4.781007E-2
1.513000E-7	4.776382E-2
1.513500E-7	4.775354E-2
1.514000E-7	4.775354E-2
1.514500E-7	4.774840E-2
1.515000E-7	4.775011E-2
1.515500E-7	4.775525E-2
1.516000E-7	4.775525E-2
1.516500E-7	4.775868E-2
1.517000E-7	4.777067E-2
1.517500E-7	4.778608E-2
1.518000E-7	4.780493E-2
1.518500E-7	4.783405E-2
1.519000E-7	4.786659E-2
1.519500E-7	4.790085E-2
1.520000E-7	4.794881E-2
1.520500E-7	4.800020E-2
1.521000E-7	4.804131E-2
1.521500E-7	4.806529E-2
1.522000E-7	4.807215E-2
1.522500E-7	4.806358E-2
1.523000E-7	4.803617E-2
1.523500E-7	4.799335E-2
1.524000E-7	4.793682E-2
1.524500E-7	4.784946E-2
1.525000E-7	4.776039E-2
1.525500E-7	4.768159E-2
1.526000E-7	4.760965E-2
1.526500E-7	4.754285E-2
1.527000E-7	4.749831E-2
1.527500E-7	4.748289E-2
1.528000E-7	4.750002E-2
1.528500E-7	4.752914E-2
1.529000E-7	4.757539E-2
1.529500E-7	4.764048E-2
1.530000E-7	4.771071E-2
1.530500E-7	4.775011E-2
1.531000E-7	4.775525E-2
1.531500E-7	4.777409E-2
1.532000E-7	4.779979E-2
1.532500E-7	4.780321E-2
1.533000E-7	4.779294E-2
1.533500E-7	4.777923E-2
1.534000E-7	4.774840E-2
1.534500E-7	4.771414E-2
1.535000E-7	4.769872E-2
1.535500E-7	4.770044E-2
1.536000E-7	4.768502E-2
1.536500E-7	4.765761E-2
1.537000E-7	4.763020E-2
1.537500E-7	4.759937E-2
1.538000E-7	4.755997E-2
1.538500E-7	4.752572E-2
1.539000E-7	4.751201E-2
1.539500E-7	4.751715E-2
1.540000E-7	4.752229E-2
1.540500E-7	4.753942E-2
1.541000E-7	4.758053E-2
1.541500E-7	4.764905E-2
1.542000E-7	4.771414E-2
1.542500E-7	4.774669E-2
1.543000E-7	4.773470E-2
1.543500E-7	4.768845E-2
1.544000E-7	4.761308E-2
1.544500E-7	4.751886E-2
1.545000E-7	4.741266E-2
1.545500E-7	4.730132E-2
1.546000E-7	4.719340E-2
1.546500E-7	4.710262E-2
1.547000E-7	4.704095E-2
1.547500E-7	4.702553E-2
1.548000E-7	4.706322E-2
1.548500E-7	4.715743E-2
1.549000E-7	4.729275E-2
1.549500E-7	4.743836E-2
1.550000E-7	4.756854E-2
1.550500E-7	4.767303E-2
1.551000E-7	4.774840E-2
1.551500E-7	4.776553E-2
1.552000E-7	4.772784E-2
1.552500E-7	4.765590E-2
1.553000E-7	4.756683E-2
1.553500E-7	4.746062E-2
1.554000E-7	4.733900E-2
1.554500E-7	4.721739E-2
1.555000E-7	4.711118E-2
1.555500E-7	4.702554E-2
1.556000E-7	4.693646E-2
1.556500E-7	4.686623E-2
1.557000E-7	4.683711E-2
1.557500E-7	4.682855E-2
1.558000E-7	4.683026E-2
1.558500E-7	4.685253E-2
1.559000E-7	4.689021E-2
1.559500E-7	4.692276E-2
1.560000E-7	4.697072E-2
1.560500E-7	4.703067E-2
1.561000E-7	4.708035E-2
1.561500E-7	4.713003E-2
1.562000E-7	4.719854E-2
1.562500E-7	4.724651E-2
1.563000E-7	4.727905E-2
1.563500E-7	4.732701E-2
1.564000E-7	4.736299E-2
1.564500E-7	4.736299E-2
1.565000E-7	4.736299E-2
1.565500E-7	4.737498E-2
1.566000E-7	4.738012E-2
1.566500E-7	4.737840E-2
1.567000E-7	4.738697E-2
1.567500E-7	4.736984E-2
1.568000E-7	4.733387E-2
1.568500E-7	4.729961E-2
1.569000E-7	4.726363E-2
1.569500E-7	4.720539E-2
1.570000E-7	4.714544E-2
1.570500E-7	4.709405E-2
1.571000E-7	4.704952E-2
1.571500E-7	4.703924E-2
1.572000E-7	4.706322E-2
1.572500E-7	4.710433E-2
1.573000E-7	4.714202E-2
1.573500E-7	4.718141E-2
1.574000E-7	4.720882E-2
1.574500E-7	4.721567E-2
1.575000E-7	4.721396E-2
1.575500E-7	4.719341E-2
1.576000E-7	4.714030E-2
1.576500E-7	4.707521E-2
1.577000E-7	4.702211E-2
1.577500E-7	4.697072E-2
1.578000E-7	4.691933E-2
1.578500E-7	4.687651E-2
1.579000E-7	4.683882E-2
1.579500E-7	4.681313E-2
1.580000E-7	4.679600E-2
1.580500E-7	4.679600E-2
1.581000E-7	4.679258E-2
1.581500E-7	4.676859E-2
1.582000E-7	4.672920E-2
1.582500E-7	4.668295E-2
1.583000E-7	4.663327E-2
1.583500E-7	4.658531E-2
1.584000E-7	4.653906E-2
1.584500E-7	4.648082E-2
1.585000E-7	4.644656E-2
1.585500E-7	4.645170E-2
1.586000E-7	4.647911E-2
1.586500E-7	4.649795E-2
1.587000E-7	4.653392E-2
1.587500E-7	4.660415E-2
1.588000E-7	4.667096E-2
1.588500E-7	4.671549E-2
1.589000E-7	4.676174E-2
1.589500E-7	4.682169E-2
1.590000E-7	4.687137E-2
1.590500E-7	4.689193E-2
1.591000E-7	4.691762E-2
1.591500E-7	4.695188E-2
1.592000E-7	4.696387E-2
1.592500E-7	4.696387E-2
1.593000E-7	4.696044E-2
1.593500E-7	4.693475E-2
1.594000E-7	4.687994E-2
1.594500E-7	4.682855E-2
1.595000E-7	4.678915E-2
1.595500E-7	4.676003E-2
1.596000E-7	4.676859E-2
1.596500E-7	4.682855E-2
1.597000E-7	4.691762E-2
1.597500E-7	4.701183E-2
1.598000E-7	4.711118E-2
1.598500E-7	4.719854E-2
1.599000E-7	4.725336E-2
1.599500E-7	4.727905E-2
1.600000E-7	4.727734E-2
1.600500E-7	4.726021E-2
1.601000E-7	4.722938E-2
1.601500E-7	4.718141E-2
1.602000E-7	4.709405E-2
1.602500E-7	4.700155E-2
1.603000E-7	4.693818E-2
1.603500E-7	4.688336E-2
1.604000E-7	4.683540E-2
1.604500E-7	4.681656E-2
1.605000E-7	4.682341E-2
1.605500E-7	4.683369E-2
1.606000E-7	4.684225E-2
1.606500E-7	4.684396E-2
1.607000E-7	4.682855E-2
1.607500E-7	4.680457E-2
1.608000E-7	4.676859E-2
1.608500E-7	4.670350E-2
1.609000E-7	4.662985E-2
1.609500E-7	4.657503E-2
1.610000E-7	4.652707E-2
1.610500E-7	4.646712E-2
1.611000E-7	4.643971E-2
1.611500E-7	4.644656E-2
1.612000E-7	4.644827E-2
1.612500E-7	4.644827E-2
1.613000E-7	4.645855E-2
1.613500E-7	4.646883E-2
1.614000E-7	4.645684E-2
1.614500E-7	4.642258E-2
1.615000E-7	4.638318E-2
1.615500E-7	4.633179E-2
1.616000E-7	4.628726E-2
1.616500E-7	4.625128E-2
1.617000E-7	4.622730E-2
1.617500E-7	4.621360E-2
1.618000E-7	4.622559E-2
1.618500E-7	4.625300E-2
1.619000E-7	4.628554E-2
1.619500E-7	4.633179E-2
1.620000E-7	4.640031E-2
1.620500E-7	4.645855E-2
1.621000E-7	4.648938E-2
1.621500E-7	4.648596E-2
1.622000E-7	4.646198E-2
1.622500E-7	4.642429E-2
1.623000E-7	4.636434E-2
1.623500E-7	4.627184E-2
1.624000E-7	4.613823E-2
1.624500E-7	4.600633E-2
1.625000E-7	4.589842E-2
1.625500E-7	4.579050E-2
1.626000E-7	4.568259E-2
1.626500E-7	4.561749E-2
1.627000E-7	4.558837E-2
1.627500E-7	4.558152E-2
1.628000E-7	4.559865E-2
1.628500E-7	4.563805E-2
1.629000E-7	4.568430E-2
1.629500E-7	4.573740E-2
1.630000E-7	4.579393E-2
1.630500E-7	4.585217E-2
1.631000E-7	4.590013E-2
1.631500E-7	4.592068E-2
1.632000E-7	4.591212E-2
1.632500E-7	4.589499E-2
1.633000E-7	4.587101E-2
1.633500E-7	4.582476E-2
1.634000E-7	4.578022E-2
1.634500E-7	4.575967E-2
1.635000E-7	4.574596E-2
1.635500E-7	4.572198E-2
1.636000E-7	4.572712E-2
1.636500E-7	4.577851E-2
1.637000E-7	4.585731E-2
1.637500E-7	4.594638E-2
1.638000E-7	4.603374E-2
1.638500E-7	4.610054E-2
1.639000E-7	4.614851E-2
1.639500E-7	4.621874E-2
1.640000E-7	4.628383E-2
1.640500E-7	4.628383E-2
1.641000E-7	4.623073E-2
1.641500E-7	4.615878E-2
1.642000E-7	4.606115E-2
1.642500E-7	4.593439E-2
1.643000E-7	4.581277E-2
1.643500E-7	4.572370E-2
1.644000E-7	4.565860E-2
1.644500E-7	4.560208E-2
1.645000E-7	4.558323E-2
1.645500E-7	4.559865E-2
1.646000E-7	4.563634E-2
1.646500E-7	4.570828E-2
1.647000E-7	4.580763E-2
1.647500E-7	4.591897E-2
1.648000E-7	4.601147E-2
1.648500E-7	4.608855E-2
1.649000E-7	4.614679E-2
1.649500E-7	4.618105E-2
1.650000E-7	4.618105E-2
1.650500E-7	4.614508E-2
1.651000E-7	4.608342E-2
1.651500E-7	4.601147E-2
1.652000E-7	4.592754E-2
1.652500E-7	4.584532E-2
1.653000E-7	4.578536E-2
1.653500E-7	4.575796E-2
1.654000E-7	4.573740E-2
1.654500E-7	4.573397E-2
1.655000E-7	4.575796E-2
1.655500E-7	4.579221E-2
1.656000E-7	4.580763E-2
1.656500E-7	4.581962E-2
1.657000E-7	4.585045E-2
1.657500E-7	4.587444E-2
1.658000E-7	4.586930E-2
1.658500E-7	4.585217E-2
1.659000E-7	4.584532E-2
1.659500E-7	4.585388E-2
1.660000E-7	4.586587E-2
1.660500E-7	4.587615E-2
1.661000E-7	4.590184E-2
1.661500E-7	4.592925E-2
1.662000E-7	4.594981E-2
1.662500E-7	4.595152E-2
1.663000E-7	4.592582E-2
1.663500E-7	4.586758E-2
1.664000E-7	4.578365E-2
1.664500E-7	4.569115E-2
1.665000E-7	4.559009E-2
1.665500E-7	4.548046E-2
1.666000E-7	4.537426E-2
1.666500E-7	4.530916E-2
1.667000E-7	4.526805E-2
1.667500E-7	4.523893E-2
1.668000E-7	4.522180E-2
1.668500E-7	4.522009E-2
1.669000E-7	4.521666E-2
1.669500E-7	4.522866E-2
1.670000E-7	4.526291E-2
1.670500E-7	4.531773E-2
1.671000E-7	4.538282E-2
1.671500E-7	4.545648E-2
1.672000E-7	4.554212E-2
1.672500E-7	4.564148E-2
1.673000E-7	4.573397E-2
1.673500E-7	4.581791E-2
1.674000E-7	4.589670E-2
1.674500E-7	4.596180E-2
1.675000E-7	4.599948E-2
1.675500E-7	4.601661E-2
1.676000E-7	4.600633E-2
1.676500E-7	4.596351E-2
1.677000E-7	4.588129E-2
1.677500E-7	4.576138E-2
1.678000E-7	4.561235E-2
1.678500E-7	4.544449E-2
1.679000E-7	4.528861E-2
1.679500E-7	4.516527E-2
1.680000E-7	4.508477E-2
1.680500E-7	4.503852E-2
1.681000E-7	4.503680E-2
1.681500E-7	4.508648E-2
1.682000E-7	4.518754E-2
1.682500E-7	4.533828E-2
1.683000E-7	4.551643E-2
1.683500E-7	4.568944E-2
1.684000E-7	4.584703E-2
1.684500E-7	4.597550E-2
1.685000E-7	4.604744E-2
1.685500E-7	4.604916E-2
1.686000E-7	4.601147E-2
1.686500E-7	4.590698E-2
1.687000E-7	4.571856E-2
1.687500E-7	4.550615E-2
1.688000E-7	4.531430E-2
1.688500E-7	4.511731E-2
1.689000E-7	4.492889E-2
1.689500E-7	4.478843E-2
1.690000E-7	4.468908E-2
1.690500E-7	4.462570E-2
1.691000E-7	4.460000E-2
1.691500E-7	4.460857E-2
1.692000E-7	4.462398E-2
1.692500E-7	4.465139E-2
1.693000E-7	4.468736E-2
1.693500E-7	4.472334E-2
1.694000E-7	4.475074E-2
1.694500E-7	4.477301E-2
1.695000E-7	4.479185E-2
1.695500E-7	4.480556E-2
1.696000E-7	4.482954E-2
1.696500E-7	4.484495E-2
1.697000E-7	4.483296E-2
1.697500E-7	4.481755E-2
1.698000E-7	4.481755E-2
1.698500E-7	4.481583E-2
1.699000E-7	4.479014E-2
1.699500E-7	4.475246E-2
1.700000E-7	4.470621E-2
1.700500E-7	4.464968E-2
1.701000E-7	4.456746E-2
1.701500E-7	4.449209E-2
1.702000E-7	4.443213E-2
1.702500E-7	4.437732E-2
1.703000E-7	4.433792E-2
1.703500E-7	4.434306E-2
1.704000E-7	4.440987E-2
1.704500E-7	4.450237E-2
1.705000E-7	4.461028E-2
1.705500E-7	4.473533E-2
1.706000E-7	4.487236E-2
1.706500E-7	4.500426E-2
1.707000E-7	4.511560E-2
1.707500E-7	4.516870E-2
1.708000E-7	4.517384E-2
1.708500E-7	4.515842E-2
1.709000E-7	4.512417E-2
1.709500E-7	4.504366E-2
1.710000E-7	4.493745E-2
1.710500E-7	4.483982E-2
1.711000E-7	4.474218E-2
1.711500E-7	4.462227E-2
1.712000E-7	4.451778E-2
1.712500E-7	4.445269E-2
1.713000E-7	4.441501E-2
1.713500E-7	4.440815E-2
1.714000E-7	4.442186E-2
1.714500E-7	4.443727E-2
1.715000E-7	4.445783E-2
1.715500E-7	4.450922E-2
1.716000E-7	4.455889E-2
1.716500E-7	4.456061E-2
1.717000E-7	4.452806E-2
1.717500E-7	4.450065E-2
1.718000E-7	4.447667E-2
1.718500E-7	4.442357E-2
1.719000E-7	4.434820E-2
1.719500E-7	4.428311E-2
1.720000E-7	4.425056E-2
1.720500E-7	4.423686E-2
1.721000E-7	4.423515E-2
1.721500E-7	4.425913E-2
1.722000E-7	4.432079E-2
1.722500E-7	4.439274E-2
1.723000E-7	4.446639E-2
1.723500E-7	4.456575E-2
1.724000E-7	4.467023E-2
1.724500E-7	4.474218E-2
1.725000E-7	4.480042E-2
1.725500E-7	4.486380E-2
1.726000E-7	4.490491E-2
1.726500E-7	4.492032E-2
1.727000E-7	4.492375E-2
1.727500E-7	4.491005E-2
1.728000E-7	4.485523E-2
1.728500E-7	4.477130E-2
1.729000E-7	4.467195E-2
1.729500E-7	4.454519E-2
1.730000E-7	4.440130E-2
1.730500E-7	4.427626E-2
1.731000E-7	4.417691E-2
1.731500E-7	4.409982E-2
1.732000E-7	4.403987E-2
1.732500E-7	4.401418E-2
1.733000E-7	4.403302E-2
1.733500E-7	4.408269E-2
1.734000E-7	4.414265E-2
1.734500E-7	4.421630E-2
1.735000E-7	4.431223E-2
1.735500E-7	4.441500E-2
1.736000E-7	4.447496E-2
1.736500E-7	4.448352E-2
1.737000E-7	4.449037E-2
1.737500E-7	4.448695E-2
1.738000E-7	4.445440E-2
1.738500E-7	4.440473E-2
1.739000E-7	4.435677E-2
1.739500E-7	4.430195E-2
1.740000E-7	4.424542E-2
1.740500E-7	4.418890E-2
1.741000E-7	4.412209E-2
1.741500E-7	4.404844E-2
1.742000E-7	4.398677E-2
1.742500E-7	4.393367E-2
1.743000E-7	4.387714E-2
1.743500E-7	4.383603E-2
1.744000E-7	4.384117E-2
1.744500E-7	4.386344E-2
1.745000E-7	4.389256E-2
1.745500E-7	4.395593E-2
1.746000E-7	4.403816E-2
1.746500E-7	4.410667E-2
1.747000E-7	4.417177E-2
1.747500E-7	4.423343E-2
1.748000E-7	4.426084E-2
1.748500E-7	4.425227E-2
1.749000E-7	4.423001E-2
1.749500E-7	4.417691E-2
1.750000E-7	4.408783E-2
1.750500E-7	4.399191E-2
1.751000E-7	4.392510E-2
1.751500E-7	4.385830E-2
1.752000E-7	4.380348E-2
1.752500E-7	4.379492E-2
1.753000E-7	4.383432E-2
1.753500E-7	4.389941E-2
1.754000E-7	4.399191E-2
1.754500E-7	4.410496E-2
1.755000E-7	4.421116E-2
1.755500E-7	4.430024E-2
1.756000E-7	4.434991E-2
1.756500E-7	4.436362E-2
1.757000E-7	4.434820E-2
1.757500E-7	4.432251E-2
1.758000E-7	4.428825E-2
1.758500E-7	4.423172E-2
1.759000E-7	4.414436E-2
1.759500E-7	4.404501E-2
1.760000E-7	4.395594E-2
1.760500E-7	4.386858E-2
1.761000E-7	4.377094E-2
1.761500E-7	4.368700E-2
1.762000E-7	4.365274E-2
1.762500E-7	4.363219E-2
1.763000E-7	4.360821E-2
1.763500E-7	4.361848E-2
1.764000E-7	4.364760E-2
1.764500E-7	4.366816E-2
1.765000E-7	4.370071E-2
1.765500E-7	4.376922E-2
1.766000E-7	4.383089E-2
1.766500E-7	4.387885E-2
1.767000E-7	4.393538E-2
1.767500E-7	4.400561E-2
1.768000E-7	4.405700E-2
1.768500E-7	4.408269E-2
1.769000E-7	4.411181E-2
1.769500E-7	4.412894E-2
1.770000E-7	4.410839E-2
1.770500E-7	4.406899E-2
1.771000E-7	4.404158E-2
1.771500E-7	4.402617E-2
1.772000E-7	4.400732E-2
1.772500E-7	4.399876E-2
1.773000E-7	4.400732E-2
1.773500E-7	4.402959E-2
1.774000E-7	4.406728E-2
1.774500E-7	4.410154E-2
1.775000E-7	4.410839E-2
1.775500E-7	4.412038E-2
1.776000E-7	4.414265E-2
1.776500E-7	4.411866E-2
1.777000E-7	4.405015E-2
1.777500E-7	4.399533E-2
1.778000E-7	4.394394E-2
1.778500E-7	4.384117E-2
1.779000E-7	4.370756E-2
1.779500E-7	4.360307E-2
1.780000E-7	4.352770E-2
1.780500E-7	4.346261E-2
1.781000E-7	4.343006E-2
1.781500E-7	4.346261E-2
1.782000E-7	4.352599E-2
1.782500E-7	4.360307E-2
1.783000E-7	4.366645E-2
1.783500E-7	4.370242E-2
1.784000E-7	4.370756E-2
1.784500E-7	4.369043E-2
1.785000E-7	4.365617E-2
1.785500E-7	4.356538E-2
1.786000E-7	4.344034E-2
1.786500E-7	4.332043E-2
1.787000E-7	4.320738E-2
1.787500E-7	4.311830E-2
1.788000E-7	4.308062E-2
1.788500E-7	4.308576E-2
1.789000E-7	4.311145E-2
1.789500E-7	4.316798E-2
1.790000E-7	4.324677E-2
1.790500E-7	4.332043E-2
1.791000E-7	4.337696E-2
1.791500E-7	4.340437E-2
1.792000E-7	4.337525E-2
1.792500E-7	4.329474E-2
1.793000E-7	4.320738E-2
1.793500E-7	4.312173E-2
1.794000E-7	4.302409E-2
1.794500E-7	4.292988E-2
1.795000E-7	4.286650E-2
1.795500E-7	4.283567E-2
1.796000E-7	4.283738E-2
1.796500E-7	4.288021E-2
1.797000E-7	4.294530E-2
1.797500E-7	4.300868E-2
1.798000E-7	4.306520E-2
1.798500E-7	4.310974E-2
1.799000E-7	4.311317E-2
1.799500E-7	4.308747E-2
1.800000E-7	4.304293E-2
1.800500E-7	4.297613E-2
1.801000E-7	4.289733E-2
1.801500E-7	4.284081E-2
1.802000E-7	4.280655E-2
1.802500E-7	4.279970E-2
1.803000E-7	4.283567E-2
1.803500E-7	4.291446E-2
1.804000E-7	4.301381E-2
1.804500E-7	4.313029E-2
1.805000E-7	4.326562E-2
1.805500E-7	4.337353E-2
1.806000E-7	4.344719E-2
1.806500E-7	4.349686E-2
1.807000E-7	4.350714E-2
1.807500E-7	4.346089E-2
1.808000E-7	4.338724E-2
1.808500E-7	4.330330E-2
1.809000E-7	4.321937E-2
1.809500E-7	4.314571E-2
1.810000E-7	4.310117E-2
1.810500E-7	4.308747E-2
1.811000E-7	4.309775E-2
1.811500E-7	4.311659E-2
1.812000E-7	4.312687E-2
1.812500E-7	4.314571E-2
1.813000E-7	4.317826E-2
1.813500E-7	4.318340E-2
1.814000E-7	4.314914E-2
1.814500E-7	4.311659E-2
1.815000E-7	4.308062E-2
1.815500E-7	4.301381E-2
1.816000E-7	4.296243E-2
1.816500E-7	4.294187E-2
1.817000E-7	4.291789E-2
1.817500E-7	4.290932E-2
1.818000E-7	4.295215E-2
1.818500E-7	4.302409E-2
1.819000E-7	4.309090E-2
1.819500E-7	4.314742E-2
1.820000E-7	4.321252E-2
1.820500E-7	4.327761E-2
1.821000E-7	4.331529E-2
1.821500E-7	4.331701E-2
1.822000E-7	4.330844E-2
1.822500E-7	4.330502E-2
1.823000E-7	4.329303E-2
1.823500E-7	4.326048E-2
1.824000E-7	4.322622E-2
1.824500E-7	4.320567E-2
1.825000E-7	4.318854E-2
1.825500E-7	4.317826E-2
1.826000E-7	4.316455E-2
1.826500E-7	4.314229E-2
1.827000E-7	4.313715E-2
1.827500E-7	4.313029E-2
1.828000E-7	4.309946E-2
1.828500E-7	4.306006E-2
1.829000E-7	4.302923E-2
1.829500E-7	4.298469E-2
1.830000E-7	4.291618E-2
1.830500E-7	4.286479E-2
1.831000E-7	4.287335E-2
1.831500E-7	4.291789E-2
1.832000E-7	4.296757E-2
1.832500E-7	4.302409E-2
1.833000E-7	4.309261E-2
1.833500E-7	4.315085E-2
1.834000E-7	4.317141E-2
1.834500E-7	4.317826E-2
1.835000E-7	4.315770E-2
1.835500E-7	4.309261E-2
1.836000E-7	4.300182E-2
1.836500E-7	4.289905E-2
1.837000E-7	4.277400E-2
1.837500E-7	4.265923E-2
1.838000E-7	4.258044E-2
1.838500E-7	4.252562E-2
1.839000E-7	4.248280E-2
1.839500E-7	4.248109E-2
1.840000E-7	4.252049E-2
1.840500E-7	4.257188E-2
1.841000E-7	4.261299E-2
1.841500E-7	4.263354E-2
1.842000E-7	4.261299E-2
1.842500E-7	4.256845E-2
1.843000E-7	4.250678E-2
1.843500E-7	4.241086E-2
1.844000E-7	4.229438E-2
1.844500E-7	4.221216E-2
1.845000E-7	4.217447E-2
1.845500E-7	4.215905E-2
1.846000E-7	4.216933E-2
1.846500E-7	4.221216E-2
1.847000E-7	4.229438E-2
1.847500E-7	4.240229E-2
1.848000E-7	4.251021E-2
1.848500E-7	4.259757E-2
1.849000E-7	4.266437E-2
1.849500E-7	4.270377E-2
1.850000E-7	4.269349E-2
1.850500E-7	4.265238E-2
1.851000E-7	4.261641E-2
1.851500E-7	4.255646E-2
1.852000E-7	4.245711E-2
1.852500E-7	4.234063E-2
1.853000E-7	4.225155E-2
1.853500E-7	4.220530E-2
1.854000E-7	4.216419E-2
1.854500E-7	4.214192E-2
1.855000E-7	4.218475E-2
1.855500E-7	4.225841E-2
1.856000E-7	4.231322E-2
1.856500E-7	4.237317E-2
1.857000E-7	4.246053E-2
1.857500E-7	4.253248E-2
1.858000E-7	4.256845E-2
1.858500E-7	4.256160E-2
1.859000E-7	4.249651E-2
1.859500E-7	4.238859E-2
1.860000E-7	4.227553E-2
1.860500E-7	4.214878E-2
1.861000E-7	4.201859E-2
1.861500E-7	4.193466E-2
1.862000E-7	4.189697E-2
1.862500E-7	4.187299E-2
1.863000E-7	4.189355E-2
1.863500E-7	4.198091E-2
1.864000E-7	4.208882E-2
1.864500E-7	4.220530E-2
1.865000E-7	4.232350E-2
1.865500E-7	4.243655E-2
1.866000E-7	4.252220E-2
1.866500E-7	4.256674E-2
1.867000E-7	4.257530E-2
1.867500E-7	4.252905E-2
1.868000E-7	4.242970E-2
1.868500E-7	4.229095E-2
1.869000E-7	4.214535E-2
1.869500E-7	4.200660E-2
1.870000E-7	4.188327E-2
1.870500E-7	4.179591E-2
1.871000E-7	4.174966E-2
1.871500E-7	4.174110E-2
1.872000E-7	4.177707E-2
1.872500E-7	4.186271E-2
1.873000E-7	4.195521E-2
1.873500E-7	4.204771E-2
1.874000E-7	4.214021E-2
1.874500E-7	4.221216E-2
1.875000E-7	4.223614E-2
1.875500E-7	4.221901E-2
1.876000E-7	4.217276E-2
1.876500E-7	4.209568E-2
1.877000E-7	4.200146E-2
1.877500E-7	4.191753E-2
1.878000E-7	4.184387E-2
1.878500E-7	4.179077E-2
1.879000E-7	4.176850E-2
1.879500E-7	4.177535E-2
1.880000E-7	4.180790E-2
1.880500E-7	4.186957E-2
1.881000E-7	4.194494E-2
1.881500E-7	4.202202E-2
1.882000E-7	4.208369E-2
1.882500E-7	4.210081E-2
1.883000E-7	4.209054E-2
1.883500E-7	4.207512E-2
1.884000E-7	4.204600E-2
1.884500E-7	4.200660E-2
1.885000E-7	4.197406E-2
1.885500E-7	4.196035E-2
1.886000E-7	4.197063E-2
1.886500E-7	4.199461E-2
1.887000E-7	4.202544E-2
1.887500E-7	4.205285E-2
1.888000E-7	4.208197E-2
1.888500E-7	4.210253E-2
1.889000E-7	4.209739E-2
1.889500E-7	4.206655E-2
1.890000E-7	4.202544E-2
1.890500E-7	4.197919E-2
1.891000E-7	4.192267E-2
1.891500E-7	4.185415E-2
1.892000E-7	4.180447E-2
1.892500E-7	4.178392E-2
1.893000E-7	4.178049E-2
1.893500E-7	4.178049E-2
1.894000E-7	4.181818E-2
1.894500E-7	4.189183E-2
1.895000E-7	4.196207E-2
1.895500E-7	4.200318E-2
1.896000E-7	4.202887E-2
1.896500E-7	4.203058E-2
1.897000E-7	4.200318E-2
1.897500E-7	4.194665E-2
1.898000E-7	4.185929E-2
1.898500E-7	4.174110E-2
1.899000E-7	4.160577E-2
1.899500E-7	4.145846E-2
1.900000E-7	4.132828E-2
1.900500E-7	4.123578E-2
1.901000E-7	4.118096E-2
1.901500E-7	4.116897E-2
1.902000E-7	4.119295E-2
1.902500E-7	4.123578E-2
1.903000E-7	4.131115E-2
1.903500E-7	4.143790E-2
1.904000E-7	4.156809E-2
1.904500E-7	4.163832E-2
1.905000E-7	4.166401E-2
1.905500E-7	4.166744E-2
1.906000E-7	4.163661E-2
1.906500E-7	4.155096E-2
1.907000E-7	4.143105E-2
1.907500E-7	4.130772E-2
1.908000E-7	4.117411E-2
1.908500E-7	4.104221E-2
1.909000E-7	4.094800E-2
1.909500E-7	4.091203E-2
1.910000E-7	4.093430E-2
1.910500E-7	4.099939E-2
1.911000E-7	4.108332E-2
1.911500E-7	4.118781E-2
1.912000E-7	4.132656E-2
1.912500E-7	4.148415E-2
1.913000E-7	4.162462E-2
1.913500E-7	4.173596E-2
1.914000E-7	4.182503E-2
1.914500E-7	4.187984E-2
1.915000E-7	4.188327E-2
1.915500E-7	4.184901E-2
1.916000E-7	4.179591E-2
1.916500E-7	4.174110E-2
1.917000E-7	4.168799E-2
1.917500E-7	4.164860E-2
1.918000E-7	4.161948E-2
1.918500E-7	4.159207E-2
1.919000E-7	4.156466E-2
1.919500E-7	4.154411E-2
1.920000E-7	4.155610E-2
1.920500E-7	4.158522E-2
1.921000E-7	4.160920E-2
1.921500E-7	4.162461E-2
1.922000E-7	4.164860E-2
1.922500E-7	4.167086E-2
1.923000E-7	4.170341E-2
1.923500E-7	4.175822E-2
1.924000E-7	4.180619E-2
1.924500E-7	4.183017E-2
1.925000E-7	4.184901E-2
1.925500E-7	4.187471E-2
1.926000E-7	4.187299E-2
1.926500E-7	4.184216E-2
1.927000E-7	4.178221E-2
1.927500E-7	4.167943E-2
1.928000E-7	4.154753E-2
1.928500E-7	4.142077E-2
1.929000E-7	4.129230E-2
1.929500E-7	4.116554E-2
1.930000E-7	4.107133E-2
1.930500E-7	4.100967E-2
1.931000E-7	4.097369E-2
1.931500E-7	4.097027E-2
1.932000E-7	4.102337E-2
1.932500E-7	4.110045E-2
1.933000E-7	4.116554E-2
1.933500E-7	4.121865E-2
1.934000E-7	4.125976E-2
1.934500E-7	4.127860E-2
1.935000E-7	4.127860E-2
1.935500E-7	4.126318E-2
1.936000E-7	4.124605E-2
1.936500E-7	4.122550E-2
1.937000E-7	4.119809E-2
1.937500E-7	4.116897E-2
1.938000E-7	4.114670E-2
1.938500E-7	4.113643E-2
1.939000E-7	4.112272E-2
1.939500E-7	4.109018E-2
1.940000E-7	4.105592E-2
1.940500E-7	4.103022E-2
1.941000E-7	4.098055E-2
1.941500E-7	4.088805E-2
1.942000E-7	4.079555E-2
1.942500E-7	4.074073E-2
1.943000E-7	4.070990E-2
1.943500E-7	4.070134E-2
1.944000E-7	4.072361E-2
1.944500E-7	4.076643E-2
1.945000E-7	4.082638E-2
1.945500E-7	4.090347E-2
1.946000E-7	4.100282E-2
1.946500E-7	4.110388E-2
1.947000E-7	4.117240E-2
1.947500E-7	4.120837E-2
1.948000E-7	4.121008E-2
1.948500E-7	4.119124E-2
1.949000E-7	4.115527E-2
1.949500E-7	4.111073E-2
1.950000E-7	4.107133E-2
1.950500E-7	4.104393E-2
1.951000E-7	4.103193E-2
1.951500E-7	4.102508E-2
1.952000E-7	4.102508E-2
1.952500E-7	4.104050E-2
1.953000E-7	4.106962E-2
1.953500E-7	4.109018E-2
1.954000E-7	4.110559E-2
1.954500E-7	4.112957E-2
1.955000E-7	4.114156E-2
1.955500E-7	4.113129E-2
1.956000E-7	4.110559E-2
1.956500E-7	4.107647E-2
1.957000E-7	4.103365E-2
1.957500E-7	4.097712E-2
1.958000E-7	4.092231E-2
1.958500E-7	4.085893E-2
1.959000E-7	4.079897E-2
1.959500E-7	4.075272E-2
1.960000E-7	4.072360E-2
1.960500E-7	4.069962E-2
1.961000E-7	4.068249E-2
1.961500E-7	4.067564E-2
1.962000E-7	4.067907E-2
1.962500E-7	4.068935E-2
1.963000E-7	4.070476E-2
1.963500E-7	4.070648E-2
1.964000E-7	4.068763E-2
1.964500E-7	4.067393E-2
1.965000E-7	4.068935E-2
1.965500E-7	4.070990E-2
1.966000E-7	4.073388E-2
1.966500E-7	4.077671E-2
1.967000E-7	4.081610E-2
1.967500E-7	4.083495E-2
1.968000E-7	4.084865E-2
1.968500E-7	4.086235E-2
1.969000E-7	4.084351E-2
1.969500E-7	4.079726E-2
1.970000E-7	4.074073E-2
1.970500E-7	4.066365E-2
1.971000E-7	4.055745E-2
1.971500E-7	4.044782E-2
1.972000E-7	4.034162E-2
1.972500E-7	4.024569E-2
1.973000E-7	4.017546E-2
1.973500E-7	4.012579E-2
1.974000E-7	4.008982E-2
1.974500E-7	4.007440E-2
1.975000E-7	4.006583E-2
1.975500E-7	4.004357E-2
1.976000E-7	4.003157E-2
1.976500E-7	4.005384E-2
1.977000E-7	4.008639E-2
1.977500E-7	4.012236E-2
1.978000E-7	4.019259E-2
1.978500E-7	4.029537E-2
1.979000E-7	4.039643E-2
1.979500E-7	4.049921E-2
1.980000E-7	4.060884E-2
1.980500E-7	4.071333E-2
1.981000E-7	4.078184E-2
1.981500E-7	4.081096E-2
1.982000E-7	4.080583E-2
1.982500E-7	4.078356E-2
1.983000E-7	4.074759E-2
1.983500E-7	4.068421E-2
1.984000E-7	4.059513E-2
1.984500E-7	4.050263E-2
1.985000E-7	4.042898E-2
1.985500E-7	4.038444E-2
1.986000E-7	4.036903E-2
1.986500E-7	4.038444E-2
1.987000E-7	4.042727E-2
1.987500E-7	4.047009E-2
1.988000E-7	4.048893E-2
1.988500E-7	4.047180E-2
1.989000E-7	4.043069E-2
1.989500E-7	4.038273E-2
1.990000E-7	4.032963E-2
1.990500E-7	4.025940E-2
1.991000E-7	4.015833E-2
1.991500E-7	4.005898E-2
1.992000E-7	3.997847E-2
1.992500E-7	3.990653E-2
1.993000E-7	3.984658E-2
1.993500E-7	3.981917E-2
1.994000E-7	3.982260E-2
1.994500E-7	3.985514E-2
1.995000E-7	3.992709E-2
1.995500E-7	4.002815E-2
1.996000E-7	4.013949E-2
1.996500E-7	4.023542E-2
1.997000E-7	4.031592E-2
1.997500E-7	4.038615E-2
1.998000E-7	4.045296E-2
1.998500E-7	4.051463E-2
1.999000E-7	4.057800E-2
1.999500E-7	4.063967E-2
2.000000E-7	4.070648E-2
