Study Name	PremaTech_CVD_SiC_HeandSi
Sample Name	2025-10-11
Run Name	spot04
Operator	Keshav
Date	10/11/2025
Time	16:36
Sign	FIX
Grating Spacing	06.40um
Channel	3
Number Traces	10000
Files in Batch	1
Batch Number	155
dt	50.000001E-12
time stamp (ms)	7:22:33 PM
	
Time	Amplitude
0.000000E+0	1.781545E-4
5.000000E-11	2.912090E-4
1.000000E-10	3.306069E-4
1.500000E-10	3.580141E-4
2.000000E-10	4.042638E-4
2.500000E-10	4.008380E-4
3.000000E-10	3.580145E-4
3.500000E-10	3.083392E-4
4.000000E-10	2.278308E-4
4.500000E-10	1.627389E-4
5.000000E-10	1.490354E-4
5.500000E-10	1.267671E-4
6.000000E-10	1.113506E-4
6.500000E-10	1.610260E-4
7.000000E-10	2.432474E-4
7.500000E-10	3.032005E-4
8.000000E-10	3.819960E-4
8.500000E-10	4.676432E-4
9.000000E-10	5.036152E-4
9.500000E-10	5.344482E-4
1.000000E-9	5.550036E-4
1.050000E-9	5.207448E-4
1.100000E-9	4.659306E-4
1.150000E-9	4.505141E-4
1.200000E-9	4.265329E-4
1.250000E-9	3.905610E-4
1.300000E-9	3.922739E-4
1.350000E-9	4.042645E-4
1.400000E-9	4.128292E-4
1.450000E-9	4.642175E-4
1.500000E-9	5.293094E-4
1.550000E-9	5.498646E-4
1.600000E-9	5.584293E-4
1.650000E-9	5.652810E-4
1.700000E-9	5.310220E-4
1.750000E-9	4.779206E-4
1.800000E-9	4.231062E-4
1.850000E-9	3.545884E-4
1.900000E-9	2.843575E-4
1.950000E-9	2.415338E-4
2.000000E-9	2.021360E-4
2.050000E-9	1.798677E-4
2.100000E-9	1.935713E-4
2.150000E-9	1.935713E-4
2.200000E-9	1.918584E-4
2.250000E-9	2.483857E-4
2.300000E-9	3.117649E-4
2.350000E-9	3.340333E-4
2.400000E-9	3.665794E-4
2.450000E-9	4.179679E-4
2.500000E-9	4.196809E-4
2.550000E-9	3.922739E-4
2.600000E-9	3.837093E-4
2.650000E-9	3.580153E-4
2.700000E-9	3.014882E-4
2.750000E-9	2.672293E-4
2.800000E-9	2.638035E-4
2.850000E-9	2.723683E-4
2.900000E-9	3.340344E-4
2.950000E-9	4.094041E-4
3.000000E-9	4.676442E-4
3.050000E-9	5.447267E-4
3.100000E-9	6.475034E-4
3.150000E-9	7.297247E-4
3.200000E-9	7.708353E-4
3.250000E-9	7.845388E-4
3.300000E-9	7.554186E-4
3.350000E-9	6.749100E-4
3.400000E-9	5.704202E-4
3.450000E-9	4.436621E-4
3.500000E-9	2.980617E-4
3.550000E-9	1.815814E-4
3.600000E-9	1.182024E-4
3.650000E-9	9.422121E-5
3.700000E-9	1.096378E-4
3.750000E-9	1.593133E-4
3.800000E-9	2.278311E-4
3.850000E-9	2.980619E-4
3.900000E-9	3.700056E-4
3.950000E-9	4.436623E-4
4.000000E-9	4.899119E-4
4.050000E-9	4.899119E-4
4.100000E-9	4.625047E-4
4.150000E-9	4.196811E-4
4.200000E-9	3.665798E-4
4.250000E-9	3.340338E-4
4.300000E-9	3.306080E-4
4.350000E-9	3.528764E-4
4.400000E-9	3.991260E-4
4.450000E-9	4.830604E-4
4.500000E-9	5.875502E-4
4.550000E-9	6.817623E-4
4.600000E-9	7.537061E-4
4.650000E-9	8.119464E-4
4.700000E-9	8.496313E-4
4.750000E-9	8.547702E-4
4.800000E-9	8.119465E-4
4.850000E-9	7.382898E-4
4.900000E-9	6.646331E-4
4.950000E-9	6.029669E-4
5.000000E-9	5.430137E-4
5.050000E-9	4.967641E-4
5.100000E-9	5.036158E-4
5.150000E-9	5.395876E-4
5.200000E-9	5.567170E-4
5.250000E-9	5.464393E-4
5.300000E-9	5.515781E-4
5.350000E-9	5.567170E-4
5.400000E-9	5.207451E-4
5.450000E-9	4.642180E-4
5.500000E-9	4.196814E-4
5.550000E-9	3.922744E-4
5.600000E-9	3.837098E-4
5.650000E-9	3.922746E-4
5.700000E-9	4.196818E-4
5.750000E-9	4.710702E-4
5.800000E-9	5.567175E-4
5.850000E-9	6.372259E-4
5.900000E-9	6.800495E-4
5.950000E-9	7.211602E-4
6.000000E-9	7.468542E-4
6.050000E-9	6.988915E-4
6.100000E-9	5.978275E-4
6.150000E-9	5.070413E-4
6.200000E-9	4.213938E-4
6.250000E-9	3.117651E-4
6.300000E-9	2.055624E-4
6.350000E-9	1.438963E-4
6.400000E-9	1.216279E-4
6.450000E-9	1.319056E-4
6.500000E-9	1.781552E-4
6.550000E-9	2.740802E-4
6.600000E-9	4.111158E-4
6.650000E-9	5.344480E-4
6.700000E-9	6.166695E-4
6.750000E-9	6.903262E-4
6.800000E-9	7.417147E-4
6.850000E-9	7.280111E-4
6.900000E-9	6.800487E-4
6.950000E-9	6.166697E-4
7.000000E-9	5.190319E-4
7.050000E-9	4.076905E-4
7.100000E-9	3.186173E-4
7.150000E-9	2.466736E-4
7.200000E-9	1.884335E-4
7.250000E-9	1.678782E-4
7.300000E-9	1.781558E-4
7.350000E-9	1.798687E-4
7.400000E-9	2.004239E-4
7.450000E-9	2.466733E-4
7.500000E-9	2.740803E-4
7.550000E-9	2.860708E-4
7.600000E-9	3.186166E-4
7.650000E-9	3.443108E-4
7.700000E-9	3.443108E-4
7.750000E-9	3.425979E-4
7.800000E-9	3.323204E-4
7.850000E-9	2.775062E-4
7.900000E-9	1.832943E-4
7.950000E-9	9.422130E-5
8.000000E-9	5.148247E-6
8.050000E-9	-1.061931E-4
8.100000E-9	-2.072569E-4
8.150000E-9	-2.774876E-4
8.200000E-9	-3.117465E-4
8.250000E-9	-3.134595E-4
8.300000E-9	-2.723489E-4
8.350000E-9	-1.952665E-4
8.400000E-9	-8.049922E-5
8.450000E-9	5.996225E-5
8.500000E-9	1.850073E-4
8.550000E-9	2.843581E-4
8.600000E-9	3.682925E-4
8.650000E-9	4.145420E-4
8.700000E-9	4.008385E-4
8.750000E-9	3.391725E-4
8.800000E-9	2.655160E-4
8.850000E-9	1.798688E-4
8.900000E-9	8.565686E-5
8.950000E-9	1.722597E-6
9.000000E-9	-4.281392E-5
9.050000E-9	-4.452684E-5
9.100000E-9	-2.568447E-5
9.150000E-9	5.148477E-6
9.200000E-9	5.653674E-5
9.250000E-9	1.319062E-4
9.300000E-9	2.192663E-4
9.350000E-9	2.826452E-4
9.400000E-9	3.134781E-4
9.450000E-9	3.134780E-4
9.500000E-9	3.066262E-4
9.550000E-9	3.066262E-4
9.600000E-9	2.946357E-4
9.650000E-9	2.740804E-4
9.700000E-9	2.775064E-4
9.750000E-9	2.980619E-4
9.800000E-9	3.254692E-4
9.850000E-9	3.682930E-4
9.900000E-9	4.419498E-4
9.950000E-9	5.104677E-4
1.000000E-8	5.481526E-4
1.005000E-8	5.789857E-4
1.010000E-8	6.098187E-4
1.015000E-8	5.995410E-4
1.020000E-8	5.498656E-4
1.025000E-8	4.762089E-4
1.030000E-8	3.819968E-4
1.035000E-8	2.638034E-4
1.040000E-8	1.610266E-4
1.045000E-8	9.079580E-5
1.050000E-8	3.084264E-5
1.055000E-8	-1.369403E-5
1.060000E-8	-1.883292E-5
1.065000E-8	1.371304E-5
1.070000E-8	4.797193E-5
1.075000E-8	8.394372E-5
1.080000E-8	1.387579E-4
1.085000E-8	2.055627E-4
1.090000E-8	2.603770E-4
1.095000E-8	3.083394E-4
1.100000E-8	3.408853E-4
1.105000E-8	3.408852E-4
1.110000E-8	3.203297E-4
1.115000E-8	2.929225E-4
1.120000E-8	2.500989E-4
1.125000E-8	1.935717E-4
1.130000E-8	1.456092E-4
1.135000E-8	1.130633E-4
1.140000E-8	9.764691E-5
1.145000E-8	1.216283E-4
1.150000E-8	1.781557E-4
1.155000E-8	2.381089E-4
1.160000E-8	3.014880E-4
1.165000E-8	3.837095E-4
1.170000E-8	4.625050E-4
1.175000E-8	5.019027E-4
1.180000E-8	5.104674E-4
1.185000E-8	5.001896E-4
1.190000E-8	4.659306E-4
1.195000E-8	4.025515E-4
1.200000E-8	3.340336E-4
1.205000E-8	2.620899E-4
1.210000E-8	1.901463E-4
1.215000E-8	1.421839E-4
1.220000E-8	1.336194E-4
1.225000E-8	1.473232E-4
1.230000E-8	1.798694E-4
1.235000E-8	2.466744E-4
1.240000E-8	3.306089E-4
1.245000E-8	4.128303E-4
1.250000E-8	5.087552E-4
1.255000E-8	6.218095E-4
1.260000E-8	7.160214E-4
1.265000E-8	7.896779E-4
1.270000E-8	8.427790E-4
1.275000E-8	8.650471E-4
1.280000E-8	8.650470E-4
1.285000E-8	8.581951E-4
1.290000E-8	8.325009E-4
1.295000E-8	7.828255E-4
1.300000E-8	7.331502E-4
1.305000E-8	6.851878E-4
1.310000E-8	6.081054E-4
1.315000E-8	5.207452E-4
1.320000E-8	4.659310E-4
1.325000E-8	4.402369E-4
1.330000E-8	4.094039E-4
1.335000E-8	3.734320E-4
1.340000E-8	3.614413E-4
1.345000E-8	3.665802E-4
1.350000E-8	3.734319E-4
1.355000E-8	3.837096E-4
1.360000E-8	4.094038E-4
1.365000E-8	4.607923E-4
1.370000E-8	5.447267E-4
1.375000E-8	6.320871E-4
1.380000E-8	6.937532E-4
1.385000E-8	7.280121E-4
1.390000E-8	7.725487E-4
1.395000E-8	7.794004E-4
1.400000E-8	6.971789E-4
1.405000E-8	5.926891E-4
1.410000E-8	5.378746E-4
1.415000E-8	4.830602E-4
1.420000E-8	3.905610E-4
1.425000E-8	3.425984E-4
1.430000E-8	3.682926E-4
1.435000E-8	3.922738E-4
1.440000E-8	4.316716E-4
1.445000E-8	5.293096E-4
1.450000E-8	6.355124E-4
1.455000E-8	7.194468E-4
1.460000E-8	8.290755E-4
1.465000E-8	9.352782E-4
1.470000E-8	9.575465E-4
1.475000E-8	9.232876E-4
1.480000E-8	8.650474E-4
1.485000E-8	7.348634E-4
1.490000E-8	5.669946E-4
1.495000E-8	4.659306E-4
1.500000E-8	3.991256E-4
1.505000E-8	2.655159E-4
1.510000E-8	1.216284E-4
1.515000E-8	6.338831E-5
1.520000E-8	1.010733E-4
1.525000E-8	1.969984E-4
1.530000E-8	3.169047E-4
1.535000E-8	4.248205E-4
1.540000E-8	5.395880E-4
1.545000E-8	6.783366E-4
1.550000E-8	7.828264E-4
1.555000E-8	8.136595E-4
1.560000E-8	8.496313E-4
1.565000E-8	8.958808E-4
1.570000E-8	8.564831E-4
1.575000E-8	7.348639E-4
1.580000E-8	6.012540E-4
1.585000E-8	4.590795E-4
1.590000E-8	3.391734E-4
1.595000E-8	2.809332E-4
1.600000E-8	2.209801E-4
1.605000E-8	1.250552E-4
1.610000E-8	8.394456E-5
1.615000E-8	1.267682E-4
1.620000E-8	1.850083E-4
1.625000E-8	2.518132E-4
1.630000E-8	3.580157E-4
1.635000E-8	4.625053E-4
1.640000E-8	5.567174E-4
1.645000E-8	6.680588E-4
1.650000E-8	7.365765E-4
1.655000E-8	7.262989E-4
1.660000E-8	7.211600E-4
1.665000E-8	7.434283E-4
1.670000E-8	6.937528E-4
1.675000E-8	5.772725E-4
1.680000E-8	5.053286E-4
1.685000E-8	4.642178E-4
1.690000E-8	3.545892E-4
1.695000E-8	2.261181E-4
1.700000E-8	2.021366E-4
1.705000E-8	2.603766E-4
1.710000E-8	3.186167E-4
1.715000E-8	3.477367E-4
1.720000E-8	4.008380E-4
1.725000E-8	4.899113E-4
1.730000E-8	5.652810E-4
1.735000E-8	5.944011E-4
1.740000E-8	6.012531E-4
1.745000E-8	6.046793E-4
1.750000E-8	5.926888E-4
1.755000E-8	5.378748E-4
1.760000E-8	4.659312E-4
1.765000E-8	4.128300E-4
1.770000E-8	3.734322E-4
1.775000E-8	3.271827E-4
1.780000E-8	2.672295E-4
1.785000E-8	2.295447E-4
1.790000E-8	2.398222E-4
1.795000E-8	2.689422E-4
1.800000E-8	2.929232E-4
1.805000E-8	3.494502E-4
1.810000E-8	4.984762E-4
1.815000E-8	7.605567E-4
1.820000E-8	1.159673E-3
1.825000E-8	1.776333E-3
1.830000E-8	2.670491E-3
1.835000E-8	3.857562E-3
1.840000E-8	5.411203E-3
1.845000E-8	7.447896E-3
1.850000E-8	1.002245E-2
1.855000E-8	1.313488E-2
1.860000E-8	1.684512E-2
1.865000E-8	2.120114E-2
1.870000E-8	2.613100E-2
1.875000E-8	3.150622E-2
1.880000E-8	3.724973E-2
1.885000E-8	4.322963E-2
1.890000E-8	4.915300E-2
1.895000E-8	5.473721E-2
1.900000E-8	5.981096E-2
1.905000E-8	6.416527E-2
1.910000E-8	6.752093E-2
1.915000E-8	6.969638E-2
1.920000E-8	7.069332E-2
1.925000E-8	7.058198E-2
1.930000E-8	6.949084E-2
1.935000E-8	6.769739E-2
1.940000E-8	6.553565E-2
1.945000E-8	6.329341E-2
1.950000E-8	6.121389E-2
1.955000E-8	5.960544E-2
1.960000E-8	5.871299E-2
1.965000E-8	5.860164E-2
1.970000E-8	5.928168E-2
1.975000E-8	6.073083E-2
1.980000E-8	6.281034E-2
1.985000E-8	6.532151E-2
1.990000E-8	6.807421E-2
1.995000E-8	7.082178E-2
2.000000E-8	7.323874E-2
2.005000E-8	7.511785E-2
2.010000E-8	7.642311E-2
2.015000E-8	7.707575E-2
2.020000E-8	7.696955E-2
2.025000E-8	7.610966E-2
2.030000E-8	7.460398E-2
2.035000E-8	7.265636E-2
2.040000E-8	7.057171E-2
2.045000E-8	6.855900E-2
2.050000E-8	6.674499E-2
2.055000E-8	6.531640E-2
2.060000E-8	6.449075E-2
2.065000E-8	6.432631E-2
2.070000E-8	6.475454E-2
2.075000E-8	6.574805E-2
2.080000E-8	6.725372E-2
2.085000E-8	6.915509E-2
2.090000E-8	7.129113E-2
2.095000E-8	7.344944E-2
2.100000E-8	7.538678E-2
2.105000E-8	7.697468E-2
2.110000E-8	7.815833E-2
2.115000E-8	7.879212E-2
2.120000E-8	7.874587E-2
2.125000E-8	7.803329E-2
2.130000E-8	7.678456E-2
2.135000E-8	7.510245E-2
2.140000E-8	7.317710E-2
2.145000E-8	7.124147E-2
2.150000E-8	6.946858E-2
2.155000E-8	6.803313E-2
2.160000E-8	6.714411E-2
2.165000E-8	6.685804E-2
2.170000E-8	6.714239E-2
2.175000E-8	6.802626E-2
2.180000E-8	6.947541E-2
2.185000E-8	7.126030E-2
2.190000E-8	7.318222E-2
2.195000E-8	7.517951E-2
2.200000E-8	7.708431E-2
2.205000E-8	7.862596E-2
2.210000E-8	7.963831E-2
2.215000E-8	8.011452E-2
2.220000E-8	8.005114E-2
2.225000E-8	7.941050E-2
2.230000E-8	7.820459E-2
2.235000E-8	7.657044E-2
2.240000E-8	7.471533E-2
2.245000E-8	7.281225E-2
2.250000E-8	7.104449E-2
2.255000E-8	6.961760E-2
2.260000E-8	6.866863E-2
2.265000E-8	6.822840E-2
2.270000E-8	6.829520E-2
2.275000E-8	6.888788E-2
2.280000E-8	6.996360E-2
2.285000E-8	7.141618E-2
2.290000E-8	7.310857E-2
2.295000E-8	7.488489E-2
2.300000E-8	7.658927E-2
2.305000E-8	7.805555E-2
2.310000E-8	7.915526E-2
2.315000E-8	7.980790E-2
2.320000E-8	7.993637E-2
2.325000E-8	7.947731E-2
2.330000E-8	7.846325E-2
2.335000E-8	7.704150E-2
2.340000E-8	7.536282E-2
2.345000E-8	7.357622E-2
2.350000E-8	7.185128E-2
2.355000E-8	7.038329E-2
2.360000E-8	6.930584E-2
2.365000E-8	6.872344E-2
2.370000E-8	6.866177E-2
2.375000E-8	6.912940E-2
2.380000E-8	7.008694E-2
2.385000E-8	7.144701E-2
2.390000E-8	7.306917E-2
2.395000E-8	7.478725E-2
2.400000E-8	7.644881E-2
2.405000E-8	7.785171E-2
2.410000E-8	7.882295E-2
2.415000E-8	7.930943E-2
2.420000E-8	7.930943E-2
2.425000E-8	7.883153E-2
2.430000E-8	7.790996E-2
2.435000E-8	7.661841E-2
2.440000E-8	7.508875E-2
2.445000E-8	7.350085E-2
2.450000E-8	7.202258E-2
2.455000E-8	7.078754E-2
2.460000E-8	6.993621E-2
2.465000E-8	6.953538E-2
2.470000E-8	6.956449E-2
2.475000E-8	7.002527E-2
2.480000E-8	7.091429E-2
2.485000E-8	7.211164E-2
2.490000E-8	7.345972E-2
2.495000E-8	7.485748E-2
2.500000E-8	7.622955E-2
2.505000E-8	7.743718E-2
2.510000E-8	7.832106E-2
2.515000E-8	7.880925E-2
2.520000E-8	7.890004E-2
2.525000E-8	7.857630E-2
2.530000E-8	7.785858E-2
2.535000E-8	7.684109E-2
2.540000E-8	7.562147E-2
2.545000E-8	7.432135E-2
2.550000E-8	7.308118E-2
2.555000E-8	7.204484E-2
2.560000E-8	7.131855E-2
2.565000E-8	7.096055E-2
2.570000E-8	7.099309E-2
2.575000E-8	7.140762E-2
2.580000E-8	7.218358E-2
2.585000E-8	7.323190E-2
2.590000E-8	7.445666E-2
2.595000E-8	7.575678E-2
2.600000E-8	7.701922E-2
2.605000E-8	7.811380E-2
2.610000E-8	7.894115E-2
2.615000E-8	7.945846E-2
2.620000E-8	7.961434E-2
2.625000E-8	7.936597E-2
2.630000E-8	7.875102E-2
2.635000E-8	7.785173E-2
2.640000E-8	7.674345E-2
2.645000E-8	7.552897E-2
2.650000E-8	7.438987E-2
2.655000E-8	7.343233E-2
2.660000E-8	7.271289E-2
2.665000E-8	7.231377E-2
2.670000E-8	7.228979E-2
2.675000E-8	7.261696E-2
2.680000E-8	7.323362E-2
2.685000E-8	7.408666E-2
2.690000E-8	7.512985E-2
2.695000E-8	7.627067E-2
2.700000E-8	7.739265E-2
2.705000E-8	7.836903E-2
2.710000E-8	7.911587E-2
2.715000E-8	7.958351E-2
2.720000E-8	7.973425E-2
2.725000E-8	7.952356E-2
2.730000E-8	7.897370E-2
2.735000E-8	7.815149E-2
2.740000E-8	7.713572E-2
2.745000E-8	7.601545E-2
2.750000E-8	7.491231E-2
2.755000E-8	7.395649E-2
2.760000E-8	7.323191E-2
2.765000E-8	7.279682E-2
2.770000E-8	7.270775E-2
2.775000E-8	7.296469E-2
2.780000E-8	7.351797E-2
2.785000E-8	7.432305E-2
2.790000E-8	7.531656E-2
2.795000E-8	7.639400E-2
2.800000E-8	7.745089E-2
2.805000E-8	7.838958E-2
2.810000E-8	7.912101E-2
2.815000E-8	7.956124E-2
2.820000E-8	7.968629E-2
2.825000E-8	7.949101E-2
2.830000E-8	7.898741E-2
2.835000E-8	7.824742E-2
2.840000E-8	7.736182E-2
2.845000E-8	7.641457E-2
2.850000E-8	7.549814E-2
2.855000E-8	7.470847E-2
2.860000E-8	7.410551E-2
2.865000E-8	7.372181E-2
2.870000E-8	7.358306E-2
2.875000E-8	7.369954E-2
2.880000E-8	7.406611E-2
2.885000E-8	7.463138E-2
2.890000E-8	7.534225E-2
2.895000E-8	7.612849E-2
2.900000E-8	7.689589E-2
2.905000E-8	7.758792E-2
2.910000E-8	7.817033E-2
2.915000E-8	7.859171E-2
2.920000E-8	7.877671E-2
2.925000E-8	7.871847E-2
2.930000E-8	7.846838E-2
2.935000E-8	7.804015E-2
2.940000E-8	7.745261E-2
2.945000E-8	7.676058E-2
2.950000E-8	7.603943E-2
2.955000E-8	7.536282E-2
2.960000E-8	7.480611E-2
2.965000E-8	7.442583E-2
2.970000E-8	7.422542E-2
2.975000E-8	7.421685E-2
2.980000E-8	7.442069E-2
2.985000E-8	7.481124E-2
2.990000E-8	7.533198E-2
2.995000E-8	7.594350E-2
3.000000E-8	7.661668E-2
3.005000E-8	7.728645E-2
3.010000E-8	7.786885E-2
3.015000E-8	7.829537E-2
3.020000E-8	7.853690E-2
3.025000E-8	7.855060E-2
3.030000E-8	7.831936E-2
3.035000E-8	7.789283E-2
3.040000E-8	7.733441E-2
3.045000E-8	7.668521E-2
3.050000E-8	7.597434E-2
3.055000E-8	7.527203E-2
3.060000E-8	7.466907E-2
3.065000E-8	7.422884E-2
3.070000E-8	7.397533E-2
3.075000E-8	7.389824E-2
3.080000E-8	7.403357E-2
3.085000E-8	7.439157E-2
3.090000E-8	7.491230E-2
3.095000E-8	7.551012E-2
3.100000E-8	7.616961E-2
3.105000E-8	7.682738E-2
3.110000E-8	7.735839E-2
3.115000E-8	7.771811E-2
3.120000E-8	7.793223E-2
3.125000E-8	7.795792E-2
3.130000E-8	7.774209E-2
3.135000E-8	7.733441E-2
3.140000E-8	7.682053E-2
3.145000E-8	7.623128E-2
3.150000E-8	7.559749E-2
3.155000E-8	7.500310E-2
3.160000E-8	7.451833E-2
3.165000E-8	7.417403E-2
3.170000E-8	7.399417E-2
3.175000E-8	7.398732E-2
3.180000E-8	7.414662E-2
3.185000E-8	7.447722E-2
3.190000E-8	7.494999E-2
3.195000E-8	7.548100E-2
3.200000E-8	7.600516E-2
3.205000E-8	7.648821E-2
3.210000E-8	7.691131E-2
3.215000E-8	7.721964E-2
3.220000E-8	7.740978E-2
3.225000E-8	7.747659E-2
3.230000E-8	7.738751E-2
3.235000E-8	7.714941E-2
3.240000E-8	7.679141E-2
3.245000E-8	7.632206E-2
3.250000E-8	7.577563E-2
3.255000E-8	7.526518E-2
3.260000E-8	7.486949E-2
3.265000E-8	7.458685E-2
3.270000E-8	7.442241E-2
3.275000E-8	7.439842E-2
3.280000E-8	7.450976E-2
3.285000E-8	7.471018E-2
3.290000E-8	7.498425E-2
3.295000E-8	7.532855E-2
3.300000E-8	7.569855E-2
3.305000E-8	7.605313E-2
3.310000E-8	7.634775E-2
3.315000E-8	7.654645E-2
3.320000E-8	7.663039E-2
3.325000E-8	7.659784E-2
3.330000E-8	7.646252E-2
3.335000E-8	7.625183E-2
3.340000E-8	7.598119E-2
3.345000E-8	7.566087E-2
3.350000E-8	7.530800E-2
3.355000E-8	7.494314E-2
3.360000E-8	7.460740E-2
3.365000E-8	7.433676E-2
3.370000E-8	7.415005E-2
3.375000E-8	7.405241E-2
3.380000E-8	7.407639E-2
3.385000E-8	7.424768E-2
3.390000E-8	7.451662E-2
3.395000E-8	7.483008E-2
3.400000E-8	7.519665E-2
3.405000E-8	7.558721E-2
3.410000E-8	7.592979E-2
3.415000E-8	7.621072E-2
3.420000E-8	7.641798E-2
3.425000E-8	7.651220E-2
3.430000E-8	7.646081E-2
3.435000E-8	7.628438E-2
3.440000E-8	7.600174E-2
3.445000E-8	7.562832E-2
3.450000E-8	7.519666E-2
3.455000E-8	7.477870E-2
3.460000E-8	7.443097E-2
3.465000E-8	7.418430E-2
3.470000E-8	7.404213E-2
3.475000E-8	7.401986E-2
3.480000E-8	7.413977E-2
3.485000E-8	7.436245E-2
3.490000E-8	7.464680E-2
3.495000E-8	7.498082E-2
3.500000E-8	7.533026E-2
3.505000E-8	7.562489E-2
3.510000E-8	7.583901E-2
3.515000E-8	7.598118E-2
3.520000E-8	7.603942E-2
3.525000E-8	7.598804E-2
3.530000E-8	7.585443E-2
3.535000E-8	7.566772E-2
3.540000E-8	7.541934E-2
3.545000E-8	7.515383E-2
3.550000E-8	7.490374E-2
3.555000E-8	7.466222E-2
3.560000E-8	7.443268E-2
3.565000E-8	7.428194E-2
3.570000E-8	7.422028E-2
3.575000E-8	7.422028E-2
3.580000E-8	7.425967E-2
3.585000E-8	7.434189E-2
3.590000E-8	7.447379E-2
3.595000E-8	7.463995E-2
3.600000E-8	7.481295E-2
3.605000E-8	7.495513E-2
3.610000E-8	7.509730E-2
3.615000E-8	7.521892E-2
3.620000E-8	7.527545E-2
3.625000E-8	7.526346E-2
3.630000E-8	7.520008E-2
3.635000E-8	7.508189E-2
3.640000E-8	7.492430E-2
3.645000E-8	7.476157E-2
3.650000E-8	7.459884E-2
3.655000E-8	7.444981E-2
3.660000E-8	7.433847E-2
3.665000E-8	7.427166E-2
3.670000E-8	7.425625E-2
3.675000E-8	7.430250E-2
3.680000E-8	7.441726E-2
3.685000E-8	7.457485E-2
3.690000E-8	7.475129E-2
3.695000E-8	7.492772E-2
3.700000E-8	7.508531E-2
3.705000E-8	7.521892E-2
3.710000E-8	7.531999E-2
3.715000E-8	7.536795E-2
3.720000E-8	7.536110E-2
3.725000E-8	7.530457E-2
3.730000E-8	7.518466E-2
3.735000E-8	7.501680E-2
3.740000E-8	7.482323E-2
3.745000E-8	7.463481E-2
3.750000E-8	7.446351E-2
3.755000E-8	7.430421E-2
3.760000E-8	7.416889E-2
3.765000E-8	7.406954E-2
3.770000E-8	7.401644E-2
3.775000E-8	7.400273E-2
3.780000E-8	7.403185E-2
3.785000E-8	7.407981E-2
3.790000E-8	7.415004E-2
3.795000E-8	7.428194E-2
3.800000E-8	7.444124E-2
3.805000E-8	7.458171E-2
3.810000E-8	7.471703E-2
3.815000E-8	7.484207E-2
3.820000E-8	7.491744E-2
3.825000E-8	7.497055E-2
3.830000E-8	7.499967E-2
3.835000E-8	7.497397E-2
3.840000E-8	7.489518E-2
3.845000E-8	7.478555E-2
3.850000E-8	7.462967E-2
3.855000E-8	7.443953E-2
3.860000E-8	7.425625E-2
3.865000E-8	7.409352E-2
3.870000E-8	7.393935E-2
3.875000E-8	7.381602E-2
3.880000E-8	7.374408E-2
3.885000E-8	7.374408E-2
3.890000E-8	7.380060E-2
3.895000E-8	7.388625E-2
3.900000E-8	7.398046E-2
3.905000E-8	7.407296E-2
3.910000E-8	7.415518E-2
3.915000E-8	7.419629E-2
3.920000E-8	7.420657E-2
3.925000E-8	7.419801E-2
3.930000E-8	7.413805E-2
3.935000E-8	7.403870E-2
3.940000E-8	7.392565E-2
3.945000E-8	7.379204E-2
3.950000E-8	7.365329E-2
3.955000E-8	7.355737E-2
3.960000E-8	7.352653E-2
3.965000E-8	7.351968E-2
3.970000E-8	7.354366E-2
3.975000E-8	7.361047E-2
3.980000E-8	7.370468E-2
3.985000E-8	7.380746E-2
3.990000E-8	7.390338E-2
3.995000E-8	7.399931E-2
4.000000E-8	7.406954E-2
4.005000E-8	7.411407E-2
4.010000E-8	7.410893E-2
4.015000E-8	7.405755E-2
4.020000E-8	7.397704E-2
4.025000E-8	7.386398E-2
4.030000E-8	7.373209E-2
4.035000E-8	7.359334E-2
4.040000E-8	7.345630E-2
4.045000E-8	7.333468E-2
4.050000E-8	7.324732E-2
4.055000E-8	7.318223E-2
4.060000E-8	7.313084E-2
4.065000E-8	7.312913E-2
4.070000E-8	7.318394E-2
4.075000E-8	7.328501E-2
4.080000E-8	7.341519E-2
4.085000E-8	7.356764E-2
4.090000E-8	7.372695E-2
4.095000E-8	7.389310E-2
4.100000E-8	7.408324E-2
4.105000E-8	7.427509E-2
4.110000E-8	7.443268E-2
4.115000E-8	7.454745E-2
4.120000E-8	7.461425E-2
4.125000E-8	7.461768E-2
4.130000E-8	7.456115E-2
4.135000E-8	7.448578E-2
4.140000E-8	7.439328E-2
4.145000E-8	7.424426E-2
4.150000E-8	7.406440E-2
4.155000E-8	7.388283E-2
4.160000E-8	7.372695E-2
4.165000E-8	7.359848E-2
4.170000E-8	7.353167E-2
4.175000E-8	7.350598E-2
4.180000E-8	7.349056E-2
4.185000E-8	7.350255E-2
4.190000E-8	7.355223E-2
4.195000E-8	7.362074E-2
4.200000E-8	7.369440E-2
4.205000E-8	7.375778E-2
4.210000E-8	7.378347E-2
4.215000E-8	7.375949E-2
4.220000E-8	7.373037E-2
4.225000E-8	7.372010E-2
4.230000E-8	7.368584E-2
4.235000E-8	7.362246E-2
4.240000E-8	7.357107E-2
4.245000E-8	7.353681E-2
4.250000E-8	7.351797E-2
4.255000E-8	7.353852E-2
4.260000E-8	7.358477E-2
4.265000E-8	7.360875E-2
4.270000E-8	7.361732E-2
4.275000E-8	7.361389E-2
4.280000E-8	7.358649E-2
4.285000E-8	7.353681E-2
4.290000E-8	7.346315E-2
4.295000E-8	7.336038E-2
4.300000E-8	7.324390E-2
4.305000E-8	7.313941E-2
4.310000E-8	7.303834E-2
4.315000E-8	7.290644E-2
4.320000E-8	7.278311E-2
4.325000E-8	7.269746E-2
4.330000E-8	7.260154E-2
4.335000E-8	7.249191E-2
4.340000E-8	7.239599E-2
4.345000E-8	7.232918E-2
4.350000E-8	7.227094E-2
4.355000E-8	7.221270E-2
4.360000E-8	7.217844E-2
4.365000E-8	7.220585E-2
4.370000E-8	7.230863E-2
4.375000E-8	7.245937E-2
4.380000E-8	7.262724E-2
4.385000E-8	7.280367E-2
4.390000E-8	7.300408E-2
4.395000E-8	7.322677E-2
4.400000E-8	7.344602E-2
4.405000E-8	7.363273E-2
4.410000E-8	7.377491E-2
4.415000E-8	7.388625E-2
4.420000E-8	7.393079E-2
4.425000E-8	7.388625E-2
4.430000E-8	7.378347E-2
4.435000E-8	7.363616E-2
4.440000E-8	7.346144E-2
4.445000E-8	7.326788E-2
4.450000E-8	7.306232E-2
4.455000E-8	7.285163E-2
4.460000E-8	7.268547E-2
4.465000E-8	7.255700E-2
4.470000E-8	7.243538E-2
4.475000E-8	7.234802E-2
4.480000E-8	7.232233E-2
4.485000E-8	7.233775E-2
4.490000E-8	7.236687E-2
4.495000E-8	7.242853E-2
4.500000E-8	7.249876E-2
4.505000E-8	7.254330E-2
4.510000E-8	7.256214E-2
4.515000E-8	7.255015E-2
4.520000E-8	7.250219E-2
4.525000E-8	7.240626E-2
4.530000E-8	7.229664E-2
4.535000E-8	7.219729E-2
4.540000E-8	7.208594E-2
4.545000E-8	7.197632E-2
4.550000E-8	7.189752E-2
4.555000E-8	7.185641E-2
4.560000E-8	7.185298E-2
4.565000E-8	7.188553E-2
4.570000E-8	7.197632E-2
4.575000E-8	7.210307E-2
4.580000E-8	7.225039E-2
4.585000E-8	7.243025E-2
4.590000E-8	7.261867E-2
4.595000E-8	7.278825E-2
4.600000E-8	7.292186E-2
4.605000E-8	7.303663E-2
4.610000E-8	7.310686E-2
4.615000E-8	7.311714E-2
4.620000E-8	7.308117E-2
4.625000E-8	7.298695E-2
4.630000E-8	7.283279E-2
4.635000E-8	7.265978E-2
4.640000E-8	7.248677E-2
4.645000E-8	7.231034E-2
4.650000E-8	7.216474E-2
4.655000E-8	7.205340E-2
4.660000E-8	7.195919E-2
4.665000E-8	7.189067E-2
4.670000E-8	7.185984E-2
4.675000E-8	7.186669E-2
4.680000E-8	7.190266E-2
4.685000E-8	7.195919E-2
4.690000E-8	7.203113E-2
4.695000E-8	7.212363E-2
4.700000E-8	7.221955E-2
4.705000E-8	7.229321E-2
4.710000E-8	7.231548E-2
4.715000E-8	7.230863E-2
4.720000E-8	7.227608E-2
4.725000E-8	7.219386E-2
4.730000E-8	7.207909E-2
4.735000E-8	7.196604E-2
4.740000E-8	7.185470E-2
4.745000E-8	7.175877E-2
4.750000E-8	7.168169E-2
4.755000E-8	7.164229E-2
4.760000E-8	7.164572E-2
4.765000E-8	7.167998E-2
4.770000E-8	7.174849E-2
4.775000E-8	7.184099E-2
4.780000E-8	7.192321E-2
4.785000E-8	7.198488E-2
4.790000E-8	7.202257E-2
4.795000E-8	7.202770E-2
4.800000E-8	7.199687E-2
4.805000E-8	7.195233E-2
4.810000E-8	7.189581E-2
4.815000E-8	7.181530E-2
4.820000E-8	7.171081E-2
4.825000E-8	7.162174E-2
4.830000E-8	7.154637E-2
4.835000E-8	7.148984E-2
4.840000E-8	7.148127E-2
4.845000E-8	7.153266E-2
4.850000E-8	7.163544E-2
4.855000E-8	7.176562E-2
4.860000E-8	7.190266E-2
4.865000E-8	7.203627E-2
4.870000E-8	7.214932E-2
4.875000E-8	7.223326E-2
4.880000E-8	7.226923E-2
4.885000E-8	7.226238E-2
4.890000E-8	7.223154E-2
4.895000E-8	7.217159E-2
4.900000E-8	7.207053E-2
4.905000E-8	7.194548E-2
4.910000E-8	7.179474E-2
4.915000E-8	7.165086E-2
4.920000E-8	7.154637E-2
4.925000E-8	7.145901E-2
4.930000E-8	7.137678E-2
4.935000E-8	7.132368E-2
4.940000E-8	7.131169E-2
4.945000E-8	7.130141E-2
4.950000E-8	7.129114E-2
4.955000E-8	7.129628E-2
4.960000E-8	7.129285E-2
4.965000E-8	7.126716E-2
4.970000E-8	7.126030E-2
4.975000E-8	7.127058E-2
4.980000E-8	7.127229E-2
4.985000E-8	7.126887E-2
4.990000E-8	7.125859E-2
4.995000E-8	7.124146E-2
5.000000E-8	7.122262E-2
5.005000E-8	7.122947E-2
5.010000E-8	7.123461E-2
5.015000E-8	7.120892E-2
5.020000E-8	7.115239E-2
5.025000E-8	7.108044E-2
5.030000E-8	7.101193E-2
5.035000E-8	7.094512E-2
5.040000E-8	7.087660E-2
5.045000E-8	7.082179E-2
5.050000E-8	7.078068E-2
5.055000E-8	7.072929E-2
5.060000E-8	7.067790E-2
5.065000E-8	7.065050E-2
5.070000E-8	7.065392E-2
5.075000E-8	7.067790E-2
5.080000E-8	7.072758E-2
5.085000E-8	7.080123E-2
5.090000E-8	7.086633E-2
5.095000E-8	7.092457E-2
5.100000E-8	7.098623E-2
5.105000E-8	7.102049E-2
5.110000E-8	7.101021E-2
5.115000E-8	7.100507E-2
5.120000E-8	7.101193E-2
5.125000E-8	7.096396E-2
5.130000E-8	7.084234E-2
5.135000E-8	7.070702E-2
5.140000E-8	7.056827E-2
5.145000E-8	7.040554E-2
5.150000E-8	7.022911E-2
5.155000E-8	7.009036E-2
5.160000E-8	6.998758E-2
5.165000E-8	6.991907E-2
5.170000E-8	6.988652E-2
5.175000E-8	6.988138E-2
5.180000E-8	6.990022E-2
5.185000E-8	6.995161E-2
5.190000E-8	6.999958E-2
5.195000E-8	7.002356E-2
5.200000E-8	7.007323E-2
5.205000E-8	7.013832E-2
5.210000E-8	7.017601E-2
5.215000E-8	7.019999E-2
5.220000E-8	7.025994E-2
5.225000E-8	7.031476E-2
5.230000E-8	7.034388E-2
5.235000E-8	7.038156E-2
5.240000E-8	7.042610E-2
5.245000E-8	7.045522E-2
5.250000E-8	7.051003E-2
5.255000E-8	7.057684E-2
5.260000E-8	7.062823E-2
5.265000E-8	7.064878E-2
5.270000E-8	7.068304E-2
5.275000E-8	7.070873E-2
5.280000E-8	7.068818E-2
5.285000E-8	7.062994E-2
5.290000E-8	7.052888E-2
5.295000E-8	7.040212E-2
5.300000E-8	7.027022E-2
5.305000E-8	7.013661E-2
5.310000E-8	7.001328E-2
5.315000E-8	6.991735E-2
5.320000E-8	6.985226E-2
5.325000E-8	6.981115E-2
5.330000E-8	6.979916E-2
5.335000E-8	6.980087E-2
5.340000E-8	6.980430E-2
5.345000E-8	6.980430E-2
5.350000E-8	6.978032E-2
5.355000E-8	6.974092E-2
5.360000E-8	6.971180E-2
5.365000E-8	6.966555E-2
5.370000E-8	6.959361E-2
5.375000E-8	6.951995E-2
5.380000E-8	6.949254E-2
5.385000E-8	6.948226E-2
5.390000E-8	6.948398E-2
5.395000E-8	6.951824E-2
5.400000E-8	6.958162E-2
5.405000E-8	6.966726E-2
5.410000E-8	6.973921E-2
5.415000E-8	6.980772E-2
5.420000E-8	6.987967E-2
5.425000E-8	6.996703E-2
5.430000E-8	7.002184E-2
5.435000E-8	7.005610E-2
5.440000E-8	7.010920E-2
5.445000E-8	7.017258E-2
5.450000E-8	7.022226E-2
5.455000E-8	7.028393E-2
5.460000E-8	7.035416E-2
5.465000E-8	7.040212E-2
5.470000E-8	7.042781E-2
5.475000E-8	7.045179E-2
5.480000E-8	7.043124E-2
5.485000E-8	7.035244E-2
5.490000E-8	7.025309E-2
5.495000E-8	7.013661E-2
5.500000E-8	6.999444E-2
5.505000E-8	6.982828E-2
5.510000E-8	6.966212E-2
5.515000E-8	6.948912E-2
5.520000E-8	6.933153E-2
5.525000E-8	6.922875E-2
5.530000E-8	6.916708E-2
5.535000E-8	6.912597E-2
5.540000E-8	6.914481E-2
5.545000E-8	6.921333E-2
5.550000E-8	6.927842E-2
5.555000E-8	6.932467E-2
5.560000E-8	6.938291E-2
5.565000E-8	6.946342E-2
5.570000E-8	6.952509E-2
5.575000E-8	6.957476E-2
5.580000E-8	6.962101E-2
5.585000E-8	6.965527E-2
5.590000E-8	6.966384E-2
5.595000E-8	6.964157E-2
5.600000E-8	6.959703E-2
5.605000E-8	6.954051E-2
5.610000E-8	6.947884E-2
5.615000E-8	6.940176E-2
5.620000E-8	6.933838E-2
5.625000E-8	6.930241E-2
5.630000E-8	6.927842E-2
5.635000E-8	6.925958E-2
5.640000E-8	6.925273E-2
5.645000E-8	6.924417E-2
5.650000E-8	6.922704E-2
5.655000E-8	6.920477E-2
5.660000E-8	6.919106E-2
5.665000E-8	6.915680E-2
5.670000E-8	6.912255E-2
5.675000E-8	6.908144E-2
5.680000E-8	6.904375E-2
5.685000E-8	6.904204E-2
5.690000E-8	6.905917E-2
5.695000E-8	6.907630E-2
5.700000E-8	6.911569E-2
5.705000E-8	6.919449E-2
5.710000E-8	6.924759E-2
5.715000E-8	6.927842E-2
5.720000E-8	6.934866E-2
5.725000E-8	6.941032E-2
5.730000E-8	6.941203E-2
5.735000E-8	6.936407E-2
5.740000E-8	6.930412E-2
5.745000E-8	6.920306E-2
5.750000E-8	6.905746E-2
5.755000E-8	6.890158E-2
5.760000E-8	6.875084E-2
5.765000E-8	6.860352E-2
5.770000E-8	6.846478E-2
5.775000E-8	6.832945E-2
5.780000E-8	6.822496E-2
5.785000E-8	6.820269E-2
5.790000E-8	6.826093E-2
5.795000E-8	6.836885E-2
5.800000E-8	6.851616E-2
5.805000E-8	6.869602E-2
5.810000E-8	6.885533E-2
5.815000E-8	6.898380E-2
5.820000E-8	6.910713E-2
5.825000E-8	6.921162E-2
5.830000E-8	6.927671E-2
5.835000E-8	6.931611E-2
5.840000E-8	6.933153E-2
5.845000E-8	6.933153E-2
5.850000E-8	6.931097E-2
5.855000E-8	6.926643E-2
5.860000E-8	6.918593E-2
5.865000E-8	6.910028E-2
5.870000E-8	6.900264E-2
5.875000E-8	6.888273E-2
5.880000E-8	6.877653E-2
5.885000E-8	6.868746E-2
5.890000E-8	6.857783E-2
5.895000E-8	6.846649E-2
5.900000E-8	6.840825E-2
5.905000E-8	6.837056E-2
5.910000E-8	6.832431E-2
5.915000E-8	6.830204E-2
5.920000E-8	6.831746E-2
5.925000E-8	6.833802E-2
5.930000E-8	6.834144E-2
5.935000E-8	6.834144E-2
5.940000E-8	6.831232E-2
5.945000E-8	6.825922E-2
5.950000E-8	6.821640E-2
5.955000E-8	6.817700E-2
5.960000E-8	6.812732E-2
5.965000E-8	6.809649E-2
5.970000E-8	6.811362E-2
5.975000E-8	6.816501E-2
5.980000E-8	6.820783E-2
5.985000E-8	6.824723E-2
5.990000E-8	6.830033E-2
5.995000E-8	6.835515E-2
6.000000E-8	6.838940E-2
6.005000E-8	6.838769E-2
6.010000E-8	6.835001E-2
6.015000E-8	6.830890E-2
6.020000E-8	6.826265E-2
6.025000E-8	6.821297E-2
6.030000E-8	6.815987E-2
6.035000E-8	6.814445E-2
6.040000E-8	6.815131E-2
6.045000E-8	6.816844E-2
6.050000E-8	6.818385E-2
6.055000E-8	6.821126E-2
6.060000E-8	6.825237E-2
6.065000E-8	6.828320E-2
6.070000E-8	6.827635E-2
6.075000E-8	6.825580E-2
6.080000E-8	6.825066E-2
6.085000E-8	6.823867E-2
6.090000E-8	6.817871E-2
6.095000E-8	6.809820E-2
6.100000E-8	6.804853E-2
6.105000E-8	6.802455E-2
6.110000E-8	6.799200E-2
6.115000E-8	6.798515E-2
6.120000E-8	6.802797E-2
6.125000E-8	6.809649E-2
6.130000E-8	6.814103E-2
6.135000E-8	6.813760E-2
6.140000E-8	6.812390E-2
6.145000E-8	6.811362E-2
6.150000E-8	6.810506E-2
6.155000E-8	6.808621E-2
6.160000E-8	6.805709E-2
6.165000E-8	6.801770E-2
6.170000E-8	6.798344E-2
6.175000E-8	6.795774E-2
6.180000E-8	6.791834E-2
6.185000E-8	6.786867E-2
6.190000E-8	6.783098E-2
6.195000E-8	6.779673E-2
6.200000E-8	6.773677E-2
6.205000E-8	6.765455E-2
6.210000E-8	6.758432E-2
6.215000E-8	6.749867E-2
6.220000E-8	6.740446E-2
6.225000E-8	6.733937E-2
6.230000E-8	6.730168E-2
6.235000E-8	6.727770E-2
6.240000E-8	6.728969E-2
6.245000E-8	6.732567E-2
6.250000E-8	6.735307E-2
6.255000E-8	6.737877E-2
6.260000E-8	6.744043E-2
6.265000E-8	6.753807E-2
6.270000E-8	6.762372E-2
6.275000E-8	6.767339E-2
6.280000E-8	6.771622E-2
6.285000E-8	6.776247E-2
6.290000E-8	6.777617E-2
6.295000E-8	6.775048E-2
6.300000E-8	6.772992E-2
6.305000E-8	6.773335E-2
6.310000E-8	6.773677E-2
6.315000E-8	6.771964E-2
6.320000E-8	6.770594E-2
6.325000E-8	6.768710E-2
6.330000E-8	6.763742E-2
6.335000E-8	6.756377E-2
6.340000E-8	6.748326E-2
6.345000E-8	6.739247E-2
6.350000E-8	6.730340E-2
6.355000E-8	6.723659E-2
6.360000E-8	6.718178E-2
6.365000E-8	6.715780E-2
6.370000E-8	6.717835E-2
6.375000E-8	6.720918E-2
6.380000E-8	6.725030E-2
6.385000E-8	6.731710E-2
6.390000E-8	6.740960E-2
6.395000E-8	6.748840E-2
6.400000E-8	6.754321E-2
6.405000E-8	6.760316E-2
6.410000E-8	6.763228E-2
6.415000E-8	6.760659E-2
6.420000E-8	6.755520E-2
6.425000E-8	6.750039E-2
6.430000E-8	6.741303E-2
6.435000E-8	6.730854E-2
6.440000E-8	6.721946E-2
6.445000E-8	6.715951E-2
6.450000E-8	6.710983E-2
6.455000E-8	6.707215E-2
6.460000E-8	6.707386E-2
6.465000E-8	6.710127E-2
6.470000E-8	6.715266E-2
6.475000E-8	6.721775E-2
6.480000E-8	6.729141E-2
6.485000E-8	6.737191E-2
6.490000E-8	6.743529E-2
6.495000E-8	6.744557E-2
6.500000E-8	6.740275E-2
6.505000E-8	6.732395E-2
6.510000E-8	6.720062E-2
6.515000E-8	6.702761E-2
6.520000E-8	6.688201E-2
6.525000E-8	6.679465E-2
6.530000E-8	6.672613E-2
6.535000E-8	6.668160E-2
6.540000E-8	6.672785E-2
6.545000E-8	6.682206E-2
6.550000E-8	6.689743E-2
6.555000E-8	6.696937E-2
6.560000E-8	6.707044E-2
6.565000E-8	6.714752E-2
6.570000E-8	6.716294E-2
6.575000E-8	6.715094E-2
6.580000E-8	6.712696E-2
6.585000E-8	6.706872E-2
6.590000E-8	6.698308E-2
6.595000E-8	6.688373E-2
6.600000E-8	6.679294E-2
6.605000E-8	6.673299E-2
6.610000E-8	6.672442E-2
6.615000E-8	6.676382E-2
6.620000E-8	6.684775E-2
6.625000E-8	6.695396E-2
6.630000E-8	6.707900E-2
6.635000E-8	6.721604E-2
6.640000E-8	6.733423E-2
6.645000E-8	6.739932E-2
6.650000E-8	6.741474E-2
6.655000E-8	6.737534E-2
6.660000E-8	6.728798E-2
6.665000E-8	6.716636E-2
6.670000E-8	6.704303E-2
6.675000E-8	6.692484E-2
6.680000E-8	6.682377E-2
6.685000E-8	6.675525E-2
6.690000E-8	6.670900E-2
6.695000E-8	6.664563E-2
6.700000E-8	6.657197E-2
6.705000E-8	6.652572E-2
6.710000E-8	6.648632E-2
6.715000E-8	6.644350E-2
6.720000E-8	6.639725E-2
6.725000E-8	6.635271E-2
6.730000E-8	6.629961E-2
6.735000E-8	6.626364E-2
6.740000E-8	6.624993E-2
6.745000E-8	6.626706E-2
6.750000E-8	6.630304E-2
6.755000E-8	6.635785E-2
6.760000E-8	6.642466E-2
6.765000E-8	6.650003E-2
6.770000E-8	6.657539E-2
6.775000E-8	6.663877E-2
6.780000E-8	6.667132E-2
6.785000E-8	6.666961E-2
6.790000E-8	6.662336E-2
6.795000E-8	6.656854E-2
6.800000E-8	6.651030E-2
6.805000E-8	6.644692E-2
6.810000E-8	6.636128E-2
6.815000E-8	6.627220E-2
6.820000E-8	6.620540E-2
6.825000E-8	6.616771E-2
6.830000E-8	6.614031E-2
6.835000E-8	6.612831E-2
6.840000E-8	6.614031E-2
6.845000E-8	6.617456E-2
6.850000E-8	6.621054E-2
6.855000E-8	6.624137E-2
6.860000E-8	6.626706E-2
6.865000E-8	6.628419E-2
6.870000E-8	6.628248E-2
6.875000E-8	6.625336E-2
6.880000E-8	6.622081E-2
6.885000E-8	6.618656E-2
6.890000E-8	6.611804E-2
6.895000E-8	6.602725E-2
6.900000E-8	6.595188E-2
6.905000E-8	6.588165E-2
6.910000E-8	6.579943E-2
6.915000E-8	6.572920E-2
6.920000E-8	6.566582E-2
6.925000E-8	6.560244E-2
6.930000E-8	6.556304E-2
6.935000E-8	6.555448E-2
6.940000E-8	6.553906E-2
6.945000E-8	6.552878E-2
6.950000E-8	6.551851E-2
6.955000E-8	6.547568E-2
6.960000E-8	6.542258E-2
6.965000E-8	6.539517E-2
6.970000E-8	6.536263E-2
6.975000E-8	6.531980E-2
6.980000E-8	6.531809E-2
6.985000E-8	6.534892E-2
6.990000E-8	6.537804E-2
6.995000E-8	6.543457E-2
7.000000E-8	6.553906E-2
7.005000E-8	6.563841E-2
7.010000E-8	6.569837E-2
7.015000E-8	6.573605E-2
7.020000E-8	6.573091E-2
7.025000E-8	6.570864E-2
7.030000E-8	6.567781E-2
7.035000E-8	6.564013E-2
7.040000E-8	6.559045E-2
7.045000E-8	6.554249E-2
7.050000E-8	6.551679E-2
7.055000E-8	6.550652E-2
7.060000E-8	6.550309E-2
7.065000E-8	6.551337E-2
7.070000E-8	6.551337E-2
7.075000E-8	6.550652E-2
7.080000E-8	6.550652E-2
7.085000E-8	6.551337E-2
7.090000E-8	6.553050E-2
7.095000E-8	6.555448E-2
7.100000E-8	6.559559E-2
7.105000E-8	6.564698E-2
7.110000E-8	6.569837E-2
7.115000E-8	6.573776E-2
7.120000E-8	6.577545E-2
7.125000E-8	6.580799E-2
7.130000E-8	6.583198E-2
7.135000E-8	6.583369E-2
7.140000E-8	6.579600E-2
7.145000E-8	6.572920E-2
7.150000E-8	6.564184E-2
7.155000E-8	6.552022E-2
7.160000E-8	6.539004E-2
7.165000E-8	6.526842E-2
7.170000E-8	6.513652E-2
7.175000E-8	6.499948E-2
7.180000E-8	6.492069E-2
7.185000E-8	6.492240E-2
7.190000E-8	6.494810E-2
7.195000E-8	6.502346E-2
7.200000E-8	6.516221E-2
7.205000E-8	6.531467E-2
7.210000E-8	6.545855E-2
7.215000E-8	6.560415E-2
7.220000E-8	6.571378E-2
7.225000E-8	6.576003E-2
7.230000E-8	6.576517E-2
7.235000E-8	6.573776E-2
7.240000E-8	6.565554E-2
7.245000E-8	6.553050E-2
7.250000E-8	6.539346E-2
7.255000E-8	6.524444E-2
7.260000E-8	6.509712E-2
7.265000E-8	6.497893E-2
7.270000E-8	6.489157E-2
7.275000E-8	6.482305E-2
7.280000E-8	6.476995E-2
7.285000E-8	6.474083E-2
7.290000E-8	6.474083E-2
7.295000E-8	6.476652E-2
7.300000E-8	6.478365E-2
7.305000E-8	6.478023E-2
7.310000E-8	6.477680E-2
7.315000E-8	6.475967E-2
7.320000E-8	6.473226E-2
7.325000E-8	6.470314E-2
7.330000E-8	6.466375E-2
7.335000E-8	6.462264E-2
7.340000E-8	6.460551E-2
7.345000E-8	6.462264E-2
7.350000E-8	6.466032E-2
7.355000E-8	6.472199E-2
7.360000E-8	6.480250E-2
7.365000E-8	6.486759E-2
7.370000E-8	6.490870E-2
7.375000E-8	6.494124E-2
7.380000E-8	6.494124E-2
7.385000E-8	6.489499E-2
7.390000E-8	6.481106E-2
7.395000E-8	6.472370E-2
7.400000E-8	6.462777E-2
7.405000E-8	6.452842E-2
7.410000E-8	6.446162E-2
7.415000E-8	6.442736E-2
7.420000E-8	6.442907E-2
7.425000E-8	6.446676E-2
7.430000E-8	6.453528E-2
7.435000E-8	6.463120E-2
7.440000E-8	6.472027E-2
7.445000E-8	6.478708E-2
7.450000E-8	6.483504E-2
7.455000E-8	6.486587E-2
7.460000E-8	6.487444E-2
7.465000E-8	6.484189E-2
7.470000E-8	6.477851E-2
7.475000E-8	6.470486E-2
7.480000E-8	6.461750E-2
7.485000E-8	6.452842E-2
7.490000E-8	6.445477E-2
7.495000E-8	6.442222E-2
7.500000E-8	6.442907E-2
7.505000E-8	6.446162E-2
7.510000E-8	6.450444E-2
7.515000E-8	6.453356E-2
7.520000E-8	6.456953E-2
7.525000E-8	6.461236E-2
7.530000E-8	6.464319E-2
7.535000E-8	6.463291E-2
7.540000E-8	6.459865E-2
7.545000E-8	6.453699E-2
7.550000E-8	6.445305E-2
7.555000E-8	6.433657E-2
7.560000E-8	6.423722E-2
7.565000E-8	6.416699E-2
7.570000E-8	6.411560E-2
7.575000E-8	6.407792E-2
7.580000E-8	6.404709E-2
7.585000E-8	6.402653E-2
7.590000E-8	6.404366E-2
7.595000E-8	6.409162E-2
7.600000E-8	6.414472E-2
7.605000E-8	6.421667E-2
7.610000E-8	6.430917E-2
7.615000E-8	6.437940E-2
7.620000E-8	6.441366E-2
7.625000E-8	6.444449E-2
7.630000E-8	6.445991E-2
7.635000E-8	6.445305E-2
7.640000E-8	6.443421E-2
7.645000E-8	6.440680E-2
7.650000E-8	6.435713E-2
7.655000E-8	6.431773E-2
7.660000E-8	6.431431E-2
7.665000E-8	6.433657E-2
7.670000E-8	6.436227E-2
7.675000E-8	6.439824E-2
7.680000E-8	6.444278E-2
7.685000E-8	6.448389E-2
7.690000E-8	6.451472E-2
7.695000E-8	6.452500E-2
7.700000E-8	6.448731E-2
7.705000E-8	6.441023E-2
7.710000E-8	6.432287E-2
7.715000E-8	6.422352E-2
7.720000E-8	6.408306E-2
7.725000E-8	6.389635E-2
7.730000E-8	6.372505E-2
7.735000E-8	6.359487E-2
7.740000E-8	6.349209E-2
7.745000E-8	6.340644E-2
7.750000E-8	6.335334E-2
7.755000E-8	6.336191E-2
7.760000E-8	6.344070E-2
7.765000E-8	6.358116E-2
7.770000E-8	6.376445E-2
7.775000E-8	6.396486E-2
7.780000E-8	6.416871E-2
7.785000E-8	6.435542E-2
7.790000E-8	6.449930E-2
7.795000E-8	6.458495E-2
7.800000E-8	6.460722E-2
7.805000E-8	6.457810E-2
7.810000E-8	6.449588E-2
7.815000E-8	6.437083E-2
7.820000E-8	6.422009E-2
7.825000E-8	6.406422E-2
7.830000E-8	6.389806E-2
7.835000E-8	6.376959E-2
7.840000E-8	6.369422E-2
7.845000E-8	6.364283E-2
7.850000E-8	6.357774E-2
7.855000E-8	6.352292E-2
7.860000E-8	6.350408E-2
7.865000E-8	6.348867E-2
7.870000E-8	6.348010E-2
7.875000E-8	6.347839E-2
7.880000E-8	6.347839E-2
7.885000E-8	6.347496E-2
7.890000E-8	6.348524E-2
7.895000E-8	6.349038E-2
7.900000E-8	6.350066E-2
7.905000E-8	6.353491E-2
7.910000E-8	6.357431E-2
7.915000E-8	6.358973E-2
7.920000E-8	6.360001E-2
7.925000E-8	6.363255E-2
7.930000E-8	6.364797E-2
7.935000E-8	6.363940E-2
7.940000E-8	6.364454E-2
7.945000E-8	6.363769E-2
7.950000E-8	6.358288E-2
7.955000E-8	6.351436E-2
7.960000E-8	6.344584E-2
7.965000E-8	6.335334E-2
7.970000E-8	6.324200E-2
7.975000E-8	6.312552E-2
7.980000E-8	6.301418E-2
7.985000E-8	6.292168E-2
7.990000E-8	6.284802E-2
7.995000E-8	6.278293E-2
8.000000E-8	6.274011E-2
8.005000E-8	6.273497E-2
8.010000E-8	6.274525E-2
8.015000E-8	6.273839E-2
8.020000E-8	6.274525E-2
8.025000E-8	6.277951E-2
8.030000E-8	6.281890E-2
8.035000E-8	6.286344E-2
8.040000E-8	6.290969E-2
8.045000E-8	6.295080E-2
8.050000E-8	6.298335E-2
8.055000E-8	6.302446E-2
8.060000E-8	6.307756E-2
8.065000E-8	6.313751E-2
8.070000E-8	6.320260E-2
8.075000E-8	6.327626E-2
8.080000E-8	6.335163E-2
8.085000E-8	6.338246E-2
8.090000E-8	6.335848E-2
8.095000E-8	6.330709E-2
8.100000E-8	6.325057E-2
8.105000E-8	6.318376E-2
8.110000E-8	6.309811E-2
8.115000E-8	6.302788E-2
8.120000E-8	6.299362E-2
8.125000E-8	6.297478E-2
8.130000E-8	6.295080E-2
8.135000E-8	6.293710E-2
8.140000E-8	6.294909E-2
8.145000E-8	6.298335E-2
8.150000E-8	6.303302E-2
8.155000E-8	6.308612E-2
8.160000E-8	6.312723E-2
8.165000E-8	6.316321E-2
8.170000E-8	6.319746E-2
8.175000E-8	6.320432E-2
8.180000E-8	6.318376E-2
8.185000E-8	6.314436E-2
8.190000E-8	6.308784E-2
8.195000E-8	6.300904E-2
8.200000E-8	6.290284E-2
8.205000E-8	6.280177E-2
8.210000E-8	6.270242E-2
8.215000E-8	6.259793E-2
8.220000E-8	6.252256E-2
8.225000E-8	6.248145E-2
8.230000E-8	6.247631E-2
8.235000E-8	6.249687E-2
8.240000E-8	6.256025E-2
8.245000E-8	6.264761E-2
8.250000E-8	6.273840E-2
8.255000E-8	6.282576E-2
8.260000E-8	6.290455E-2
8.265000E-8	6.294566E-2
8.270000E-8	6.293881E-2
8.275000E-8	6.288913E-2
8.280000E-8	6.279321E-2
8.285000E-8	6.268872E-2
8.290000E-8	6.259451E-2
8.295000E-8	6.249344E-2
8.300000E-8	6.238039E-2
8.305000E-8	6.230502E-2
8.310000E-8	6.229474E-2
8.315000E-8	6.229474E-2
8.320000E-8	6.229132E-2
8.325000E-8	6.232386E-2
8.330000E-8	6.237868E-2
8.335000E-8	6.241465E-2
8.340000E-8	6.243006E-2
8.345000E-8	6.244377E-2
8.350000E-8	6.244377E-2
8.355000E-8	6.241807E-2
8.360000E-8	6.237868E-2
8.365000E-8	6.234956E-2
8.370000E-8	6.233071E-2
8.375000E-8	6.229645E-2
8.380000E-8	6.227076E-2
8.385000E-8	6.226905E-2
8.390000E-8	6.227590E-2
8.395000E-8	6.226733E-2
8.400000E-8	6.225020E-2
8.405000E-8	6.224507E-2
8.410000E-8	6.223821E-2
8.415000E-8	6.222451E-2
8.420000E-8	6.220738E-2
8.425000E-8	6.217997E-2
8.430000E-8	6.215771E-2
8.435000E-8	6.214229E-2
8.440000E-8	6.213030E-2
8.445000E-8	6.213201E-2
8.450000E-8	6.216113E-2
8.455000E-8	6.221081E-2
8.460000E-8	6.224335E-2
8.465000E-8	6.225363E-2
8.470000E-8	6.226733E-2
8.475000E-8	6.230502E-2
8.480000E-8	6.234442E-2
8.485000E-8	6.238210E-2
8.490000E-8	6.241122E-2
8.495000E-8	6.242493E-2
8.500000E-8	6.243178E-2
8.505000E-8	6.244719E-2
8.510000E-8	6.242664E-2
8.515000E-8	6.235298E-2
8.520000E-8	6.227076E-2
8.525000E-8	6.219368E-2
8.530000E-8	6.208234E-2
8.535000E-8	6.192475E-2
8.540000E-8	6.177572E-2
8.545000E-8	6.166266E-2
8.550000E-8	6.159415E-2
8.555000E-8	6.156845E-2
8.560000E-8	6.158044E-2
8.565000E-8	6.164553E-2
8.570000E-8	6.175859E-2
8.575000E-8	6.190076E-2
8.580000E-8	6.203266E-2
8.585000E-8	6.216113E-2
8.590000E-8	6.228275E-2
8.595000E-8	6.235983E-2
8.600000E-8	6.239067E-2
8.605000E-8	6.240951E-2
8.610000E-8	6.241294E-2
8.615000E-8	6.237696E-2
8.620000E-8	6.231187E-2
8.625000E-8	6.225363E-2
8.630000E-8	6.218340E-2
8.635000E-8	6.210118E-2
8.640000E-8	6.202752E-2
8.645000E-8	6.197613E-2
8.650000E-8	6.190933E-2
8.655000E-8	6.183225E-2
8.660000E-8	6.176373E-2
8.665000E-8	6.170377E-2
8.670000E-8	6.162840E-2
8.675000E-8	6.155646E-2
8.680000E-8	6.152220E-2
8.685000E-8	6.152049E-2
8.690000E-8	6.152734E-2
8.695000E-8	6.154790E-2
8.700000E-8	6.158387E-2
8.705000E-8	6.164896E-2
8.710000E-8	6.170891E-2
8.715000E-8	6.172776E-2
8.720000E-8	6.172604E-2
8.725000E-8	6.173461E-2
8.730000E-8	6.174489E-2
8.735000E-8	6.172604E-2
8.740000E-8	6.170206E-2
8.745000E-8	6.169864E-2
8.750000E-8	6.168665E-2
8.755000E-8	6.166266E-2
8.760000E-8	6.162841E-2
8.765000E-8	6.157359E-2
8.770000E-8	6.147938E-2
8.775000E-8	6.134919E-2
8.780000E-8	6.121558E-2
8.785000E-8	6.108026E-2
8.790000E-8	6.092610E-2
8.795000E-8	6.076851E-2
8.800000E-8	6.064689E-2
8.805000E-8	6.057152E-2
8.810000E-8	6.053040E-2
8.815000E-8	6.053383E-2
8.820000E-8	6.059207E-2
8.825000E-8	6.067429E-2
8.830000E-8	6.075309E-2
8.835000E-8	6.085073E-2
8.840000E-8	6.098434E-2
8.845000E-8	6.111795E-2
8.850000E-8	6.121558E-2
8.855000E-8	6.128068E-2
8.860000E-8	6.131151E-2
8.865000E-8	6.130637E-2
8.870000E-8	6.125841E-2
8.875000E-8	6.119332E-2
8.880000E-8	6.112480E-2
8.885000E-8	6.106827E-2
8.890000E-8	6.101860E-2
8.895000E-8	6.097920E-2
8.900000E-8	6.097577E-2
8.905000E-8	6.099119E-2
8.910000E-8	6.098948E-2
8.915000E-8	6.100318E-2
8.920000E-8	6.104429E-2
8.925000E-8	6.107684E-2
8.930000E-8	6.108369E-2
8.935000E-8	6.108540E-2
8.940000E-8	6.105628E-2
8.945000E-8	6.097577E-2
8.950000E-8	6.084901E-2
8.955000E-8	6.073253E-2
8.960000E-8	6.064175E-2
8.965000E-8	6.057323E-2
8.970000E-8	6.053726E-2
8.975000E-8	6.057152E-2
8.980000E-8	6.067087E-2
8.985000E-8	6.079934E-2
8.990000E-8	6.093466E-2
8.995000E-8	6.108026E-2
9.000000E-8	6.123100E-2
9.005000E-8	6.134063E-2
9.010000E-8	6.138859E-2
9.015000E-8	6.137489E-2
9.020000E-8	6.130295E-2
9.025000E-8	6.116762E-2
9.030000E-8	6.098434E-2
9.035000E-8	6.078564E-2
9.040000E-8	6.060406E-2
9.045000E-8	6.044133E-2
9.050000E-8	6.032485E-2
9.055000E-8	6.028717E-2
9.060000E-8	6.031286E-2
9.065000E-8	6.039337E-2
9.070000E-8	6.052698E-2
9.075000E-8	6.069999E-2
9.080000E-8	6.086957E-2
9.085000E-8	6.101517E-2
9.090000E-8	6.112822E-2
9.095000E-8	6.120873E-2
9.100000E-8	6.125327E-2
9.105000E-8	6.125670E-2
9.110000E-8	6.120702E-2
9.115000E-8	6.114193E-2
9.120000E-8	6.108026E-2
9.125000E-8	6.101174E-2
9.130000E-8	6.093466E-2
9.135000E-8	6.087299E-2
9.140000E-8	6.082675E-2
9.145000E-8	6.078735E-2
9.150000E-8	6.078221E-2
9.155000E-8	6.079591E-2
9.160000E-8	6.079249E-2
9.165000E-8	6.077878E-2
9.170000E-8	6.076165E-2
9.175000E-8	6.071540E-2
9.180000E-8	6.065716E-2
9.185000E-8	6.061948E-2
9.190000E-8	6.058693E-2
9.195000E-8	6.055439E-2
9.200000E-8	6.056980E-2
9.205000E-8	6.061263E-2
9.210000E-8	6.064860E-2
9.215000E-8	6.070170E-2
9.220000E-8	6.078050E-2
9.225000E-8	6.084388E-2
9.230000E-8	6.086614E-2
9.235000E-8	6.085587E-2
9.240000E-8	6.080619E-2
9.245000E-8	6.071369E-2
9.250000E-8	6.059892E-2
9.255000E-8	6.049786E-2
9.260000E-8	6.040365E-2
9.265000E-8	6.034541E-2
9.270000E-8	6.035226E-2
9.275000E-8	6.040536E-2
9.280000E-8	6.048416E-2
9.285000E-8	6.060749E-2
9.290000E-8	6.075480E-2
9.295000E-8	6.088841E-2
9.300000E-8	6.101346E-2
9.305000E-8	6.111110E-2
9.310000E-8	6.111795E-2
9.315000E-8	6.104600E-2
9.320000E-8	6.095522E-2
9.325000E-8	6.082161E-2
9.330000E-8	6.060235E-2
9.335000E-8	6.036425E-2
9.340000E-8	6.015356E-2
9.345000E-8	5.993944E-2
9.350000E-8	5.974245E-2
9.355000E-8	5.962768E-2
9.360000E-8	5.957630E-2
9.365000E-8	5.955060E-2
9.370000E-8	5.957116E-2
9.375000E-8	5.963967E-2
9.380000E-8	5.970819E-2
9.385000E-8	5.977328E-2
9.390000E-8	5.984865E-2
9.395000E-8	5.991717E-2
9.400000E-8	5.996856E-2
9.405000E-8	6.001138E-2
9.410000E-8	6.004222E-2
9.415000E-8	6.005935E-2
9.420000E-8	6.005078E-2
9.425000E-8	5.999768E-2
9.430000E-8	5.990176E-2
9.435000E-8	5.980926E-2
9.440000E-8	5.971676E-2
9.445000E-8	5.959685E-2
9.450000E-8	5.947523E-2
9.455000E-8	5.937074E-2
9.460000E-8	5.927996E-2
9.465000E-8	5.919773E-2
9.470000E-8	5.914977E-2
9.475000E-8	5.913607E-2
9.480000E-8	5.914463E-2
9.485000E-8	5.918574E-2
9.490000E-8	5.925083E-2
9.495000E-8	5.933306E-2
9.500000E-8	5.943412E-2
9.505000E-8	5.954204E-2
9.510000E-8	5.964139E-2
9.515000E-8	5.971504E-2
9.520000E-8	5.977328E-2
9.525000E-8	5.982639E-2
9.530000E-8	5.984865E-2
9.535000E-8	5.981440E-2
9.540000E-8	5.973560E-2
9.545000E-8	5.965680E-2
9.550000E-8	5.955231E-2
9.555000E-8	5.941357E-2
9.560000E-8	5.927482E-2
9.565000E-8	5.917033E-2
9.570000E-8	5.908982E-2
9.575000E-8	5.904186E-2
9.580000E-8	5.902130E-2
9.585000E-8	5.900246E-2
9.590000E-8	5.900760E-2
9.595000E-8	5.905727E-2
9.600000E-8	5.912750E-2
9.605000E-8	5.919431E-2
9.610000E-8	5.930051E-2
9.615000E-8	5.943412E-2
9.620000E-8	5.957630E-2
9.625000E-8	5.972704E-2
9.630000E-8	5.988634E-2
9.635000E-8	6.001824E-2
9.640000E-8	6.013643E-2
9.645000E-8	6.025291E-2
9.650000E-8	6.033342E-2
9.655000E-8	6.036082E-2
9.660000E-8	6.034370E-2
9.665000E-8	6.027175E-2
9.670000E-8	6.013129E-2
9.675000E-8	5.997199E-2
9.680000E-8	5.984180E-2
9.685000E-8	5.970991E-2
9.690000E-8	5.956602E-2
9.695000E-8	5.946838E-2
9.700000E-8	5.942213E-2
9.705000E-8	5.938273E-2
9.710000E-8	5.935533E-2
9.715000E-8	5.935875E-2
9.720000E-8	5.939301E-2
9.725000E-8	5.941870E-2
9.730000E-8	5.943241E-2
9.735000E-8	5.945981E-2
9.740000E-8	5.950093E-2
9.745000E-8	5.951634E-2
9.750000E-8	5.950778E-2
9.755000E-8	5.950949E-2
9.760000E-8	5.951463E-2
9.765000E-8	5.948037E-2
9.770000E-8	5.942042E-2
9.775000E-8	5.935875E-2
9.780000E-8	5.929880E-2
9.785000E-8	5.921315E-2
9.790000E-8	5.911894E-2
9.795000E-8	5.903158E-2
9.800000E-8	5.894936E-2
9.805000E-8	5.888598E-2
9.810000E-8	5.885514E-2
9.815000E-8	5.887227E-2
9.820000E-8	5.893051E-2
9.825000E-8	5.899903E-2
9.830000E-8	5.904186E-2
9.835000E-8	5.906926E-2
9.840000E-8	5.908125E-2
9.845000E-8	5.907440E-2
9.850000E-8	5.903843E-2
9.855000E-8	5.897848E-2
9.860000E-8	5.889283E-2
9.865000E-8	5.878491E-2
9.870000E-8	5.868728E-2
9.875000E-8	5.858964E-2
9.880000E-8	5.848857E-2
9.885000E-8	5.840635E-2
9.890000E-8	5.836353E-2
9.895000E-8	5.833612E-2
9.900000E-8	5.831899E-2
9.905000E-8	5.834297E-2
9.910000E-8	5.837895E-2
9.915000E-8	5.842348E-2
9.920000E-8	5.847830E-2
9.925000E-8	5.853996E-2
9.930000E-8	5.858621E-2
9.935000E-8	5.864445E-2
9.940000E-8	5.873010E-2
9.945000E-8	5.880376E-2
9.950000E-8	5.883973E-2
9.955000E-8	5.887056E-2
9.960000E-8	5.888427E-2
9.965000E-8	5.885514E-2
9.970000E-8	5.881061E-2
9.975000E-8	5.876607E-2
9.980000E-8	5.870441E-2
9.985000E-8	5.864445E-2
9.990000E-8	5.861019E-2
9.995000E-8	5.859992E-2
1.000000E-7	5.862390E-2
1.000500E-7	5.869241E-2
1.001000E-7	5.875237E-2
1.001500E-7	5.878320E-2
1.002000E-7	5.884829E-2
1.002500E-7	5.893051E-2
1.003000E-7	5.895449E-2
1.003500E-7	5.892024E-2
1.004000E-7	5.887741E-2
1.004500E-7	5.883801E-2
1.005000E-7	5.875922E-2
1.005500E-7	5.866329E-2
1.006000E-7	5.857080E-2
1.006500E-7	5.850570E-2
1.007000E-7	5.847316E-2
1.007500E-7	5.844746E-2
1.008000E-7	5.842691E-2
1.008500E-7	5.844232E-2
1.009000E-7	5.848343E-2
1.009500E-7	5.852455E-2
1.010000E-7	5.855709E-2
1.010500E-7	5.858279E-2
1.011000E-7	5.859306E-2
1.011500E-7	5.857422E-2
1.012000E-7	5.852283E-2
1.012500E-7	5.845089E-2
1.013000E-7	5.837209E-2
1.013500E-7	5.828816E-2
1.014000E-7	5.819395E-2
1.014500E-7	5.812714E-2
1.015000E-7	5.809802E-2
1.015500E-7	5.810316E-2
1.016000E-7	5.815112E-2
1.016500E-7	5.821621E-2
1.017000E-7	5.825904E-2
1.017500E-7	5.827617E-2
1.018000E-7	5.827959E-2
1.018500E-7	5.827445E-2
1.019000E-7	5.826418E-2
1.019500E-7	5.826760E-2
1.020000E-7	5.827103E-2
1.020500E-7	5.825904E-2
1.021000E-7	5.823848E-2
1.021500E-7	5.824362E-2
1.022000E-7	5.825219E-2
1.022500E-7	5.824705E-2
1.023000E-7	5.823848E-2
1.023500E-7	5.822649E-2
1.024000E-7	5.821279E-2
1.024500E-7	5.818710E-2
1.025000E-7	5.811001E-2
1.025500E-7	5.799011E-2
1.026000E-7	5.786335E-2
1.026500E-7	5.775715E-2
1.027000E-7	5.765779E-2
1.027500E-7	5.755502E-2
1.028000E-7	5.747280E-2
1.028500E-7	5.743340E-2
1.029000E-7	5.744025E-2
1.029500E-7	5.745224E-2
1.030000E-7	5.747965E-2
1.030500E-7	5.753617E-2
1.031000E-7	5.760983E-2
1.031500E-7	5.766122E-2
1.032000E-7	5.769548E-2
1.032500E-7	5.773488E-2
1.033000E-7	5.775715E-2
1.033500E-7	5.774344E-2
1.034000E-7	5.772974E-2
1.034500E-7	5.772803E-2
1.035000E-7	5.770405E-2
1.035500E-7	5.767321E-2
1.036000E-7	5.767150E-2
1.036500E-7	5.770062E-2
1.037000E-7	5.772803E-2
1.037500E-7	5.776400E-2
1.038000E-7	5.780168E-2
1.038500E-7	5.783937E-2
1.039000E-7	5.787020E-2
1.039500E-7	5.788733E-2
1.040000E-7	5.787876E-2
1.040500E-7	5.785992E-2
1.041000E-7	5.782738E-2
1.041500E-7	5.776914E-2
1.042000E-7	5.770576E-2
1.042500E-7	5.764752E-2
1.043000E-7	5.756358E-2
1.043500E-7	5.747451E-2
1.044000E-7	5.740085E-2
1.044500E-7	5.731863E-2
1.045000E-7	5.721928E-2
1.045500E-7	5.716618E-2
1.046000E-7	5.717646E-2
1.046500E-7	5.717303E-2
1.047000E-7	5.714734E-2
1.047500E-7	5.713535E-2
1.048000E-7	5.711993E-2
1.048500E-7	5.710280E-2
1.049000E-7	5.711308E-2
1.049500E-7	5.711479E-2
1.050000E-7	5.705826E-2
1.050500E-7	5.696576E-2
1.051000E-7	5.688354E-2
1.051500E-7	5.680303E-2
1.052000E-7	5.671910E-2
1.052500E-7	5.667456E-2
1.053000E-7	5.666257E-2
1.053500E-7	5.666429E-2
1.054000E-7	5.670540E-2
1.054500E-7	5.679276E-2
1.055000E-7	5.689725E-2
1.055500E-7	5.700859E-2
1.056000E-7	5.715933E-2
1.056500E-7	5.734433E-2
1.057000E-7	5.751733E-2
1.057500E-7	5.762696E-2
1.058000E-7	5.768520E-2
1.058500E-7	5.771261E-2
1.059000E-7	5.772117E-2
1.059500E-7	5.771432E-2
1.060000E-7	5.767835E-2
1.060500E-7	5.763039E-2
1.061000E-7	5.757386E-2
1.061500E-7	5.752247E-2
1.062000E-7	5.746766E-2
1.062500E-7	5.740256E-2
1.063000E-7	5.732034E-2
1.063500E-7	5.723298E-2
1.064000E-7	5.714734E-2
1.064500E-7	5.705141E-2
1.065000E-7	5.694007E-2
1.065500E-7	5.683558E-2
1.066000E-7	5.673109E-2
1.066500E-7	5.662317E-2
1.067000E-7	5.651697E-2
1.067500E-7	5.644332E-2
1.068000E-7	5.641591E-2
1.068500E-7	5.644332E-2
1.069000E-7	5.650156E-2
1.069500E-7	5.659063E-2
1.070000E-7	5.670540E-2
1.070500E-7	5.682188E-2
1.071000E-7	5.691951E-2
1.071500E-7	5.699146E-2
1.072000E-7	5.701887E-2
1.072500E-7	5.703600E-2
1.073000E-7	5.705826E-2
1.073500E-7	5.704113E-2
1.074000E-7	5.697604E-2
1.074500E-7	5.690067E-2
1.075000E-7	5.680475E-2
1.075500E-7	5.667970E-2
1.076000E-7	5.658206E-2
1.076500E-7	5.653924E-2
1.077000E-7	5.652554E-2
1.077500E-7	5.654438E-2
1.078000E-7	5.661461E-2
1.078500E-7	5.670197E-2
1.079000E-7	5.678933E-2
1.079500E-7	5.687840E-2
1.080000E-7	5.698289E-2
1.080500E-7	5.709423E-2
1.081000E-7	5.721243E-2
1.081500E-7	5.730493E-2
1.082000E-7	5.734261E-2
1.082500E-7	5.734433E-2
1.083000E-7	5.731007E-2
1.083500E-7	5.721243E-2
1.084000E-7	5.707368E-2
1.084500E-7	5.691951E-2
1.085000E-7	5.674993E-2
1.085500E-7	5.659234E-2
1.086000E-7	5.646387E-2
1.086500E-7	5.635082E-2
1.087000E-7	5.625832E-2
1.087500E-7	5.620350E-2
1.088000E-7	5.618637E-2
1.088500E-7	5.618809E-2
1.089000E-7	5.621721E-2
1.089500E-7	5.628744E-2
1.090000E-7	5.637137E-2
1.090500E-7	5.644503E-2
1.091000E-7	5.649128E-2
1.091500E-7	5.652896E-2
1.092000E-7	5.657693E-2
1.092500E-7	5.663174E-2
1.093000E-7	5.666429E-2
1.093500E-7	5.668484E-2
1.094000E-7	5.671225E-2
1.094500E-7	5.672424E-2
1.095000E-7	5.671567E-2
1.095500E-7	5.670026E-2
1.096000E-7	5.670711E-2
1.096500E-7	5.671910E-2
1.097000E-7	5.670882E-2
1.097500E-7	5.669169E-2
1.098000E-7	5.668655E-2
1.098500E-7	5.666942E-2
1.099000E-7	5.663345E-2
1.099500E-7	5.660091E-2
1.100000E-7	5.659406E-2
1.100500E-7	5.658378E-2
1.101000E-7	5.655123E-2
1.101500E-7	5.650670E-2
1.102000E-7	5.646901E-2
1.102500E-7	5.643133E-2
1.103000E-7	5.635596E-2
1.103500E-7	5.626174E-2
1.104000E-7	5.618809E-2
1.104500E-7	5.611786E-2
1.105000E-7	5.603050E-2
1.105500E-7	5.596883E-2
1.106000E-7	5.595341E-2
1.106500E-7	5.593971E-2
1.107000E-7	5.591915E-2
1.107500E-7	5.593114E-2
1.108000E-7	5.598082E-2
1.108500E-7	5.606133E-2
1.109000E-7	5.615725E-2
1.109500E-7	5.625147E-2
1.110000E-7	5.632684E-2
1.110500E-7	5.638679E-2
1.111000E-7	5.641077E-2
1.111500E-7	5.637822E-2
1.112000E-7	5.633197E-2
1.112500E-7	5.628573E-2
1.113000E-7	5.622406E-2
1.113500E-7	5.613327E-2
1.114000E-7	5.603564E-2
1.114500E-7	5.594485E-2
1.115000E-7	5.586434E-2
1.115500E-7	5.580610E-2
1.116000E-7	5.578212E-2
1.116500E-7	5.579925E-2
1.117000E-7	5.583351E-2
1.117500E-7	5.587976E-2
1.118000E-7	5.595855E-2
1.118500E-7	5.605448E-2
1.119000E-7	5.612813E-2
1.119500E-7	5.618637E-2
1.120000E-7	5.625489E-2
1.120500E-7	5.630799E-2
1.121000E-7	5.634910E-2
1.121500E-7	5.639878E-2
1.122000E-7	5.645188E-2
1.122500E-7	5.648100E-2
1.123000E-7	5.650327E-2
1.123500E-7	5.649470E-2
1.124000E-7	5.644332E-2
1.124500E-7	5.634910E-2
1.125000E-7	5.623091E-2
1.125500E-7	5.607503E-2
1.126000E-7	5.590716E-2
1.126500E-7	5.574101E-2
1.127000E-7	5.557656E-2
1.127500E-7	5.541555E-2
1.128000E-7	5.527680E-2
1.128500E-7	5.518430E-2
1.129000E-7	5.513634E-2
1.129500E-7	5.512263E-2
1.130000E-7	5.515689E-2
1.130500E-7	5.523398E-2
1.131000E-7	5.532648E-2
1.131500E-7	5.540013E-2
1.132000E-7	5.546008E-2
1.132500E-7	5.550120E-2
1.133000E-7	5.552004E-2
1.133500E-7	5.553203E-2
1.134000E-7	5.554744E-2
1.134500E-7	5.554744E-2
1.135000E-7	5.554916E-2
1.135500E-7	5.555087E-2
1.136000E-7	5.555944E-2
1.136500E-7	5.557143E-2
1.137000E-7	5.557314E-2
1.137500E-7	5.554231E-2
1.138000E-7	5.547893E-2
1.138500E-7	5.541212E-2
1.139000E-7	5.533846E-2
1.139500E-7	5.526310E-2
1.140000E-7	5.519972E-2
1.140500E-7	5.516032E-2
1.141000E-7	5.515004E-2
1.141500E-7	5.516717E-2
1.142000E-7	5.524597E-2
1.142500E-7	5.537958E-2
1.143000E-7	5.554402E-2
1.143500E-7	5.569990E-2
1.144000E-7	5.583351E-2
1.144500E-7	5.596026E-2
1.145000E-7	5.606475E-2
1.145500E-7	5.612299E-2
1.146000E-7	5.614184E-2
1.146500E-7	5.613327E-2
1.147000E-7	5.609730E-2
1.147500E-7	5.603392E-2
1.148000E-7	5.594656E-2
1.148500E-7	5.584892E-2
1.149000E-7	5.577698E-2
1.149500E-7	5.571531E-2
1.150000E-7	5.562967E-2
1.150500E-7	5.551319E-2
1.151000E-7	5.539328E-2
1.151500E-7	5.527680E-2
1.152000E-7	5.516888E-2
1.152500E-7	5.507467E-2
1.153000E-7	5.497703E-2
1.153500E-7	5.490338E-2
1.154000E-7	5.486055E-2
1.154500E-7	5.481944E-2
1.155000E-7	5.478176E-2
1.155500E-7	5.479889E-2
1.156000E-7	5.486740E-2
1.156500E-7	5.494620E-2
1.157000E-7	5.502157E-2
1.157500E-7	5.509009E-2
1.158000E-7	5.513805E-2
1.158500E-7	5.516203E-2
1.159000E-7	5.515518E-2
1.159500E-7	5.509865E-2
1.160000E-7	5.502671E-2
1.160500E-7	5.496847E-2
1.161000E-7	5.490166E-2
1.161500E-7	5.482115E-2
1.162000E-7	5.476634E-2
1.162500E-7	5.472523E-2
1.163000E-7	5.467042E-2
1.163500E-7	5.461903E-2
1.164000E-7	5.461046E-2
1.164500E-7	5.462417E-2
1.165000E-7	5.462417E-2
1.165500E-7	5.461560E-2
1.166000E-7	5.462588E-2
1.166500E-7	5.464301E-2
1.167000E-7	5.464301E-2
1.167500E-7	5.466014E-2
1.168000E-7	5.470810E-2
1.168500E-7	5.474921E-2
1.169000E-7	5.475606E-2
1.169500E-7	5.475949E-2
1.170000E-7	5.478690E-2
1.170500E-7	5.482801E-2
1.171000E-7	5.486569E-2
1.171500E-7	5.489310E-2
1.172000E-7	5.493078E-2
1.172500E-7	5.495648E-2
1.173000E-7	5.495819E-2
1.173500E-7	5.493078E-2
1.174000E-7	5.489310E-2
1.174500E-7	5.486741E-2
1.175000E-7	5.483315E-2
1.175500E-7	5.479717E-2
1.176000E-7	5.478347E-2
1.176500E-7	5.480060E-2
1.177000E-7	5.482116E-2
1.177500E-7	5.485370E-2
1.178000E-7	5.490852E-2
1.178500E-7	5.498560E-2
1.179000E-7	5.505583E-2
1.179500E-7	5.510379E-2
1.180000E-7	5.514833E-2
1.180500E-7	5.517231E-2
1.181000E-7	5.516032E-2
1.181500E-7	5.512949E-2
1.182000E-7	5.507981E-2
1.182500E-7	5.497532E-2
1.183000E-7	5.483143E-2
1.183500E-7	5.468241E-2
1.184000E-7	5.453852E-2
1.184500E-7	5.439635E-2
1.185000E-7	5.426616E-2
1.185500E-7	5.413255E-2
1.186000E-7	5.402806E-2
1.186500E-7	5.399380E-2
1.187000E-7	5.399894E-2
1.187500E-7	5.400751E-2
1.188000E-7	5.405204E-2
1.188500E-7	5.412227E-2
1.189000E-7	5.415653E-2
1.189500E-7	5.415825E-2
1.190000E-7	5.416681E-2
1.190500E-7	5.415825E-2
1.191000E-7	5.411200E-2
1.191500E-7	5.406917E-2
1.192000E-7	5.404519E-2
1.192500E-7	5.404005E-2
1.193000E-7	5.406061E-2
1.193500E-7	5.411028E-2
1.194000E-7	5.415311E-2
1.194500E-7	5.418223E-2
1.195000E-7	5.424389E-2
1.195500E-7	5.432954E-2
1.196000E-7	5.437921E-2
1.196500E-7	5.439634E-2
1.197000E-7	5.440662E-2
1.197500E-7	5.440662E-2
1.198000E-7	5.437750E-2
1.198500E-7	5.435181E-2
1.199000E-7	5.433639E-2
1.199500E-7	5.431584E-2
1.200000E-7	5.430898E-2
1.200500E-7	5.433125E-2
1.201000E-7	5.435181E-2
1.201500E-7	5.434496E-2
1.202000E-7	5.431926E-2
1.202500E-7	5.430042E-2
1.203000E-7	5.427644E-2
1.203500E-7	5.419936E-2
1.204000E-7	5.408116E-2
1.204500E-7	5.396811E-2
1.205000E-7	5.387218E-2
1.205500E-7	5.377455E-2
1.206000E-7	5.367177E-2
1.206500E-7	5.360496E-2
1.207000E-7	5.356214E-2
1.207500E-7	5.353816E-2
1.208000E-7	5.355871E-2
1.208500E-7	5.361353E-2
1.209000E-7	5.367519E-2
1.209500E-7	5.374371E-2
1.210000E-7	5.382593E-2
1.210500E-7	5.388589E-2
1.211000E-7	5.390644E-2
1.211500E-7	5.392357E-2
1.212000E-7	5.393727E-2
1.212500E-7	5.391329E-2
1.213000E-7	5.385163E-2
1.213500E-7	5.378996E-2
1.214000E-7	5.375228E-2
1.214500E-7	5.372829E-2
1.215000E-7	5.369917E-2
1.215500E-7	5.366834E-2
1.216000E-7	5.366663E-2
1.216500E-7	5.369404E-2
1.217000E-7	5.372829E-2
1.217500E-7	5.379681E-2
1.218000E-7	5.389274E-2
1.218500E-7	5.396982E-2
1.219000E-7	5.401950E-2
1.219500E-7	5.407260E-2
1.220000E-7	5.413769E-2
1.220500E-7	5.419593E-2
1.221000E-7	5.424389E-2
1.221500E-7	5.426787E-2
1.222000E-7	5.426959E-2
1.222500E-7	5.425760E-2
1.223000E-7	5.420621E-2
1.223500E-7	5.409829E-2
1.224000E-7	5.395098E-2
1.224500E-7	5.379681E-2
1.225000E-7	5.362552E-2
1.225500E-7	5.345080E-2
1.226000E-7	5.331205E-2
1.226500E-7	5.321099E-2
1.227000E-7	5.315275E-2
1.227500E-7	5.314932E-2
1.228000E-7	5.321441E-2
1.228500E-7	5.332747E-2
1.229000E-7	5.346964E-2
1.229500E-7	5.362209E-2
1.230000E-7	5.375056E-2
1.230500E-7	5.383964E-2
1.231000E-7	5.390473E-2
1.231500E-7	5.395440E-2
1.232000E-7	5.395954E-2
1.232500E-7	5.390644E-2
1.233000E-7	5.379681E-2
1.233500E-7	5.366320E-2
1.234000E-7	5.353987E-2
1.234500E-7	5.343367E-2
1.235000E-7	5.335316E-2
1.235500E-7	5.329663E-2
1.236000E-7	5.326751E-2
1.236500E-7	5.325552E-2
1.237000E-7	5.324867E-2
1.237500E-7	5.323668E-2
1.238000E-7	5.322640E-2
1.238500E-7	5.320756E-2
1.239000E-7	5.317159E-2
1.239500E-7	5.311335E-2
1.240000E-7	5.301742E-2
1.240500E-7	5.290951E-2
1.241000E-7	5.281701E-2
1.241500E-7	5.273821E-2
1.242000E-7	5.268854E-2
1.242500E-7	5.269539E-2
1.243000E-7	5.276048E-2
1.243500E-7	5.285469E-2
1.244000E-7	5.297974E-2
1.244500E-7	5.313219E-2
1.245000E-7	5.330348E-2
1.245500E-7	5.345422E-2
1.246000E-7	5.355700E-2
1.246500E-7	5.361695E-2
1.247000E-7	5.364779E-2
1.247500E-7	5.363922E-2
1.248000E-7	5.359297E-2
1.248500E-7	5.351075E-2
1.249000E-7	5.339427E-2
1.249500E-7	5.327437E-2
1.250000E-7	5.316645E-2
1.250500E-7	5.305168E-2
1.251000E-7	5.293520E-2
1.251500E-7	5.284955E-2
1.252000E-7	5.281187E-2
1.252500E-7	5.279988E-2
1.253000E-7	5.280844E-2
1.253500E-7	5.284784E-2
1.254000E-7	5.290779E-2
1.254500E-7	5.298659E-2
1.255000E-7	5.307224E-2
1.255500E-7	5.314761E-2
1.256000E-7	5.322298E-2
1.256500E-7	5.328807E-2
1.257000E-7	5.330862E-2
1.257500E-7	5.326237E-2
1.258000E-7	5.318700E-2
1.258500E-7	5.309964E-2
1.259000E-7	5.300714E-2
1.259500E-7	5.291122E-2
1.260000E-7	5.284099E-2
1.260500E-7	5.280502E-2
1.261000E-7	5.278789E-2
1.261500E-7	5.278275E-2
1.262000E-7	5.281358E-2
1.262500E-7	5.287696E-2
1.263000E-7	5.293691E-2
1.263500E-7	5.300201E-2
1.264000E-7	5.308423E-2
1.264500E-7	5.316474E-2
1.265000E-7	5.322126E-2
1.265500E-7	5.327608E-2
1.266000E-7	5.332404E-2
1.266500E-7	5.334631E-2
1.267000E-7	5.334631E-2
1.267500E-7	5.334117E-2
1.268000E-7	5.329663E-2
1.268500E-7	5.321099E-2
1.269000E-7	5.311677E-2
1.269500E-7	5.306539E-2
1.270000E-7	5.303113E-2
1.270500E-7	5.297974E-2
1.271000E-7	5.293006E-2
1.271500E-7	5.291636E-2
1.272000E-7	5.293349E-2
1.272500E-7	5.295062E-2
1.273000E-7	5.296775E-2
1.273500E-7	5.300886E-2
1.274000E-7	5.305682E-2
1.274500E-7	5.309451E-2
1.275000E-7	5.312020E-2
1.275500E-7	5.313048E-2
1.276000E-7	5.313219E-2
1.276500E-7	5.314247E-2
1.277000E-7	5.314761E-2
1.277500E-7	5.312705E-2
1.278000E-7	5.313562E-2
1.278500E-7	5.318529E-2
1.279000E-7	5.321955E-2
1.279500E-7	5.323154E-2
1.280000E-7	5.325895E-2
1.280500E-7	5.328978E-2
1.281000E-7	5.330691E-2
1.281500E-7	5.330862E-2
1.282000E-7	5.329492E-2
1.282500E-7	5.325038E-2
1.283000E-7	5.318529E-2
1.283500E-7	5.309793E-2
1.284000E-7	5.300886E-2
1.284500E-7	5.293349E-2
1.285000E-7	5.285469E-2
1.285500E-7	5.277761E-2
1.286000E-7	5.273479E-2
1.286500E-7	5.273136E-2
1.287000E-7	5.275363E-2
1.287500E-7	5.279988E-2
1.288000E-7	5.286840E-2
1.288500E-7	5.294719E-2
1.289000E-7	5.302599E-2
1.289500E-7	5.309451E-2
1.290000E-7	5.311677E-2
1.290500E-7	5.308594E-2
1.291000E-7	5.300029E-2
1.291500E-7	5.287011E-2
1.292000E-7	5.271594E-2
1.292500E-7	5.257720E-2
1.293000E-7	5.244359E-2
1.293500E-7	5.232882E-2
1.294000E-7	5.224317E-2
1.294500E-7	5.219350E-2
1.295000E-7	5.219350E-2
1.295500E-7	5.222947E-2
1.296000E-7	5.229627E-2
1.296500E-7	5.237336E-2
1.297000E-7	5.244530E-2
1.297500E-7	5.252409E-2
1.298000E-7	5.261488E-2
1.298500E-7	5.271423E-2
1.299000E-7	5.277761E-2
1.299500E-7	5.280673E-2
1.300000E-7	5.282557E-2
1.300500E-7	5.283756E-2
1.301000E-7	5.282557E-2
1.301500E-7	5.279645E-2
1.302000E-7	5.274506E-2
1.302500E-7	5.266113E-2
1.303000E-7	5.254465E-2
1.303500E-7	5.241960E-2
1.304000E-7	5.228600E-2
1.304500E-7	5.216438E-2
1.305000E-7	5.207188E-2
1.305500E-7	5.201192E-2
1.306000E-7	5.196567E-2
1.306500E-7	5.194341E-2
1.307000E-7	5.197253E-2
1.307500E-7	5.202734E-2
1.308000E-7	5.206845E-2
1.308500E-7	5.210956E-2
1.309000E-7	5.215410E-2
1.309500E-7	5.218493E-2
1.310000E-7	5.218493E-2
1.310500E-7	5.215410E-2
1.311000E-7	5.209586E-2
1.311500E-7	5.203248E-2
1.312000E-7	5.199308E-2
1.312500E-7	5.194340E-2
1.313000E-7	5.187317E-2
1.313500E-7	5.182864E-2
1.314000E-7	5.183378E-2
1.314500E-7	5.184577E-2
1.315000E-7	5.185433E-2
1.315500E-7	5.188516E-2
1.316000E-7	5.192456E-2
1.316500E-7	5.193313E-2
1.317000E-7	5.191771E-2
1.317500E-7	5.190572E-2
1.318000E-7	5.187831E-2
1.318500E-7	5.183549E-2
1.319000E-7	5.178410E-2
1.319500E-7	5.173785E-2
1.320000E-7	5.170017E-2
1.320500E-7	5.168818E-2
1.321000E-7	5.168818E-2
1.321500E-7	5.170359E-2
1.322000E-7	5.174299E-2
1.322500E-7	5.182179E-2
1.323000E-7	5.191257E-2
1.323500E-7	5.197253E-2
1.324000E-7	5.201877E-2
1.324500E-7	5.207701E-2
1.325000E-7	5.213526E-2
1.325500E-7	5.215067E-2
1.326000E-7	5.212669E-2
1.326500E-7	5.207702E-2
1.327000E-7	5.200678E-2
1.327500E-7	5.192970E-2
1.328000E-7	5.185605E-2
1.328500E-7	5.176868E-2
1.329000E-7	5.170359E-2
1.329500E-7	5.169332E-2
1.330000E-7	5.173956E-2
1.330500E-7	5.180294E-2
1.331000E-7	5.188345E-2
1.331500E-7	5.198452E-2
1.332000E-7	5.209072E-2
1.332500E-7	5.217465E-2
1.333000E-7	5.221234E-2
1.333500E-7	5.220720E-2
1.334000E-7	5.215924E-2
1.334500E-7	5.207359E-2
1.335000E-7	5.193827E-2
1.335500E-7	5.177211E-2
1.336000E-7	5.160424E-2
1.336500E-7	5.143295E-2
1.337000E-7	5.128906E-2
1.337500E-7	5.119656E-2
1.338000E-7	5.116401E-2
1.338500E-7	5.117087E-2
1.339000E-7	5.120170E-2
1.339500E-7	5.124452E-2
1.340000E-7	5.129249E-2
1.340500E-7	5.134387E-2
1.341000E-7	5.140040E-2
1.341500E-7	5.145008E-2
1.342000E-7	5.148948E-2
1.342500E-7	5.150660E-2
1.343000E-7	5.150832E-2
1.343500E-7	5.150832E-2
1.344000E-7	5.151346E-2
1.344500E-7	5.151688E-2
1.345000E-7	5.152545E-2
1.345500E-7	5.154943E-2
1.346000E-7	5.157855E-2
1.346500E-7	5.157855E-2
1.347000E-7	5.156484E-2
1.347500E-7	5.155799E-2
1.348000E-7	5.154429E-2
1.348500E-7	5.149290E-2
1.349000E-7	5.142610E-2
1.349500E-7	5.139012E-2
1.350000E-7	5.136614E-2
1.350500E-7	5.133360E-2
1.351000E-7	5.130448E-2
1.351500E-7	5.128221E-2
1.352000E-7	5.124452E-2
1.352500E-7	5.120341E-2
1.353000E-7	5.117087E-2
1.353500E-7	5.112804E-2
1.354000E-7	5.106638E-2
1.354500E-7	5.102698E-2
1.355000E-7	5.100471E-2
1.355500E-7	5.099272E-2
1.356000E-7	5.098929E-2
1.356500E-7	5.103554E-2
1.357000E-7	5.113147E-2
1.357500E-7	5.124795E-2
1.358000E-7	5.135758E-2
1.358500E-7	5.147920E-2
1.359000E-7	5.159568E-2
1.359500E-7	5.168304E-2
1.360000E-7	5.173614E-2
1.360500E-7	5.178239E-2
1.361000E-7	5.180637E-2
1.361500E-7	5.177725E-2
1.362000E-7	5.173956E-2
1.362500E-7	5.171216E-2
1.363000E-7	5.166591E-2
1.363500E-7	5.162822E-2
1.364000E-7	5.162822E-2
1.364500E-7	5.165392E-2
1.365000E-7	5.167790E-2
1.365500E-7	5.172586E-2
1.366000E-7	5.179267E-2
1.366500E-7	5.184405E-2
1.367000E-7	5.185947E-2
1.367500E-7	5.184063E-2
1.368000E-7	5.178581E-2
1.368500E-7	5.168989E-2
1.369000E-7	5.155799E-2
1.369500E-7	5.139697E-2
1.370000E-7	5.123938E-2
1.370500E-7	5.111434E-2
1.371000E-7	5.100985E-2
1.371500E-7	5.092934E-2
1.372000E-7	5.087966E-2
1.372500E-7	5.085911E-2
1.373000E-7	5.084027E-2
1.373500E-7	5.082142E-2
1.374000E-7	5.080601E-2
1.374500E-7	5.079059E-2
1.375000E-7	5.077517E-2
1.375500E-7	5.074777E-2
1.376000E-7	5.070323E-2
1.376500E-7	5.066383E-2
1.377000E-7	5.064842E-2
1.377500E-7	5.064328E-2
1.378000E-7	5.063300E-2
1.378500E-7	5.063300E-2
1.379000E-7	5.066212E-2
1.379500E-7	5.068439E-2
1.380000E-7	5.071694E-2
1.380500E-7	5.077175E-2
1.381000E-7	5.081971E-2
1.381500E-7	5.082999E-2
1.382000E-7	5.081457E-2
1.382500E-7	5.079573E-2
1.383000E-7	5.077689E-2
1.383500E-7	5.073920E-2
1.384000E-7	5.068439E-2
1.384500E-7	5.061930E-2
1.385000E-7	5.057305E-2
1.385500E-7	5.053708E-2
1.386000E-7	5.050110E-2
1.386500E-7	5.048911E-2
1.387000E-7	5.051481E-2
1.387500E-7	5.052851E-2
1.388000E-7	5.052509E-2
1.388500E-7	5.052851E-2
1.389000E-7	5.052851E-2
1.389500E-7	5.050967E-2
1.390000E-7	5.049768E-2
1.390500E-7	5.050110E-2
1.391000E-7	5.049254E-2
1.391500E-7	5.049083E-2
1.392000E-7	5.050796E-2
1.392500E-7	5.050796E-2
1.393000E-7	5.048911E-2
1.393500E-7	5.047712E-2
1.394000E-7	5.047027E-2
1.394500E-7	5.044115E-2
1.395000E-7	5.042060E-2
1.395500E-7	5.041203E-2
1.396000E-7	5.038976E-2
1.396500E-7	5.035379E-2
1.397000E-7	5.033324E-2
1.397500E-7	5.032638E-2
1.398000E-7	5.034009E-2
1.398500E-7	5.037263E-2
1.399000E-7	5.042745E-2
1.399500E-7	5.050967E-2
1.400000E-7	5.060902E-2
1.400500E-7	5.071008E-2
1.401000E-7	5.078545E-2
1.401500E-7	5.084027E-2
1.402000E-7	5.087967E-2
1.402500E-7	5.089508E-2
1.403000E-7	5.088480E-2
1.403500E-7	5.086254E-2
1.404000E-7	5.082828E-2
1.404500E-7	5.078203E-2
1.405000E-7	5.071351E-2
1.405500E-7	5.063814E-2
1.406000E-7	5.055249E-2
1.406500E-7	5.048397E-2
1.407000E-7	5.043944E-2
1.407500E-7	5.040004E-2
1.408000E-7	5.036235E-2
1.408500E-7	5.035550E-2
1.409000E-7	5.037606E-2
1.409500E-7	5.041032E-2
1.410000E-7	5.045657E-2
1.410500E-7	5.051481E-2
1.411000E-7	5.055763E-2
1.411500E-7	5.057990E-2
1.412000E-7	5.057476E-2
1.412500E-7	5.055421E-2
1.413000E-7	5.053879E-2
1.413500E-7	5.050453E-2
1.414000E-7	5.045143E-2
1.414500E-7	5.041888E-2
1.415000E-7	5.040175E-2
1.415500E-7	5.036921E-2
1.416000E-7	5.034523E-2
1.416500E-7	5.035037E-2
1.417000E-7	5.035722E-2
1.417500E-7	5.034180E-2
1.418000E-7	5.035722E-2
1.418500E-7	5.037606E-2
1.419000E-7	5.036236E-2
1.419500E-7	5.033324E-2
1.420000E-7	5.030583E-2
1.420500E-7	5.026472E-2
1.421000E-7	5.020819E-2
1.421500E-7	5.016537E-2
1.422000E-7	5.012426E-2
1.422500E-7	5.008657E-2
1.423000E-7	5.005231E-2
1.423500E-7	5.000606E-2
1.424000E-7	4.996495E-2
1.424500E-7	4.997352E-2
1.425000E-7	5.002491E-2
1.425500E-7	5.008486E-2
1.426000E-7	5.016365E-2
1.426500E-7	5.025101E-2
1.427000E-7	5.031097E-2
1.427500E-7	5.035379E-2
1.428000E-7	5.040175E-2
1.428500E-7	5.041032E-2
1.429000E-7	5.036064E-2
1.429500E-7	5.026986E-2
1.430000E-7	5.016194E-2
1.430500E-7	5.002662E-2
1.431000E-7	4.988102E-2
1.431500E-7	4.975255E-2
1.432000E-7	4.965320E-2
1.432500E-7	4.957611E-2
1.433000E-7	4.951959E-2
1.433500E-7	4.948533E-2
1.434000E-7	4.948019E-2
1.434500E-7	4.951102E-2
1.435000E-7	4.955556E-2
1.435500E-7	4.958639E-2
1.436000E-7	4.961722E-2
1.436500E-7	4.966690E-2
1.437000E-7	4.972000E-2
1.437500E-7	4.975597E-2
1.438000E-7	4.979366E-2
1.438500E-7	4.985019E-2
1.439000E-7	4.989301E-2
1.439500E-7	4.993583E-2
1.440000E-7	4.999750E-2
1.440500E-7	5.005231E-2
1.441000E-7	5.006602E-2
1.441500E-7	5.007458E-2
1.442000E-7	5.008828E-2
1.442500E-7	5.008828E-2
1.443000E-7	5.006602E-2
1.443500E-7	5.004032E-2
1.444000E-7	5.001805E-2
1.444500E-7	5.000092E-2
1.445000E-7	4.998722E-2
1.445500E-7	4.998379E-2
1.446000E-7	4.998208E-2
1.446500E-7	4.998722E-2
1.447000E-7	5.000264E-2
1.447500E-7	5.002833E-2
1.448000E-7	5.005060E-2
1.448500E-7	5.005060E-2
1.449000E-7	5.003861E-2
1.449500E-7	5.003004E-2
1.450000E-7	5.001805E-2
1.450500E-7	4.999236E-2
1.451000E-7	4.996324E-2
1.451500E-7	4.991356E-2
1.452000E-7	4.986046E-2
1.452500E-7	4.980907E-2
1.453000E-7	4.976111E-2
1.453500E-7	4.970801E-2
1.454000E-7	4.965491E-2
1.454500E-7	4.959324E-2
1.455000E-7	4.952644E-2
1.455500E-7	4.947676E-2
1.456000E-7	4.946135E-2
1.456500E-7	4.946306E-2
1.457000E-7	4.946135E-2
1.457500E-7	4.946648E-2
1.458000E-7	4.949560E-2
1.458500E-7	4.953672E-2
1.459000E-7	4.955556E-2
1.459500E-7	4.957783E-2
1.460000E-7	4.962236E-2
1.460500E-7	4.967204E-2
1.461000E-7	4.970630E-2
1.461500E-7	4.973199E-2
1.462000E-7	4.974741E-2
1.462500E-7	4.975426E-2
1.463000E-7	4.975083E-2
1.463500E-7	4.972856E-2
1.464000E-7	4.969259E-2
1.464500E-7	4.964463E-2
1.465000E-7	4.958982E-2
1.465500E-7	4.951445E-2
1.466000E-7	4.941852E-2
1.466500E-7	4.933459E-2
1.467000E-7	4.927977E-2
1.467500E-7	4.924038E-2
1.468000E-7	4.920440E-2
1.468500E-7	4.915815E-2
1.469000E-7	4.912390E-2
1.469500E-7	4.914445E-2
1.470000E-7	4.917871E-2
1.470500E-7	4.917186E-2
1.471000E-7	4.914788E-2
1.471500E-7	4.912218E-2
1.472000E-7	4.904853E-2
1.472500E-7	4.892177E-2
1.473000E-7	4.879672E-2
1.473500E-7	4.867339E-2
1.474000E-7	4.854149E-2
1.474500E-7	4.843015E-2
1.475000E-7	4.834964E-2
1.475500E-7	4.829825E-2
1.476000E-7	4.829483E-2
1.476500E-7	4.834450E-2
1.477000E-7	4.840446E-2
1.477500E-7	4.846784E-2
1.478000E-7	4.854663E-2
1.478500E-7	4.863228E-2
1.479000E-7	4.870765E-2
1.479500E-7	4.877617E-2
1.480000E-7	4.884126E-2
1.480500E-7	4.888066E-2
1.481000E-7	4.890464E-2
1.481500E-7	4.892691E-2
1.482000E-7	4.894917E-2
1.482500E-7	4.894917E-2
1.483000E-7	4.891492E-2
1.483500E-7	4.886695E-2
1.484000E-7	4.882070E-2
1.484500E-7	4.876760E-2
1.485000E-7	4.870251E-2
1.485500E-7	4.863571E-2
1.486000E-7	4.856034E-2
1.486500E-7	4.847298E-2
1.487000E-7	4.838733E-2
1.487500E-7	4.833937E-2
1.488000E-7	4.833423E-2
1.488500E-7	4.831367E-2
1.489000E-7	4.829483E-2
1.489500E-7	4.833594E-2
1.490000E-7	4.842159E-2
1.490500E-7	4.847983E-2
1.491000E-7	4.852608E-2
1.491500E-7	4.859973E-2
1.492000E-7	4.867339E-2
1.492500E-7	4.871108E-2
1.493000E-7	4.873506E-2
1.493500E-7	4.875561E-2
1.494000E-7	4.874533E-2
1.494500E-7	4.871793E-2
1.495000E-7	4.868367E-2
1.495500E-7	4.862543E-2
1.496000E-7	4.856205E-2
1.496500E-7	4.852094E-2
1.497000E-7	4.851066E-2
1.497500E-7	4.851237E-2
1.498000E-7	4.852265E-2
1.498500E-7	4.856547E-2
1.499000E-7	4.863742E-2
1.499500E-7	4.869395E-2
1.500000E-7	4.874362E-2
1.500500E-7	4.880015E-2
1.501000E-7	4.884297E-2
1.501500E-7	4.885325E-2
1.502000E-7	4.883269E-2
1.502500E-7	4.878987E-2
1.503000E-7	4.873848E-2
1.503500E-7	4.870251E-2
1.504000E-7	4.868024E-2
1.504500E-7	4.865112E-2
1.505000E-7	4.863913E-2
1.505500E-7	4.866482E-2
1.506000E-7	4.870765E-2
1.506500E-7	4.877274E-2
1.507000E-7	4.885496E-2
1.507500E-7	4.890806E-2
1.508000E-7	4.892691E-2
1.508500E-7	4.894404E-2
1.509000E-7	4.895603E-2
1.509500E-7	4.893204E-2
1.510000E-7	4.891663E-2
1.510500E-7	4.892177E-2
1.511000E-7	4.891320E-2
1.511500E-7	4.892348E-2
1.512000E-7	4.897658E-2
1.512500E-7	4.903996E-2
1.513000E-7	4.908278E-2
1.513500E-7	4.913417E-2
1.514000E-7	4.919241E-2
1.514500E-7	4.922325E-2
1.515000E-7	4.921126E-2
1.515500E-7	4.917700E-2
1.516000E-7	4.909820E-2
1.516500E-7	4.898515E-2
1.517000E-7	4.886695E-2
1.517500E-7	4.874191E-2
1.518000E-7	4.862029E-2
1.518500E-7	4.851580E-2
1.519000E-7	4.843872E-2
1.519500E-7	4.839075E-2
1.520000E-7	4.839418E-2
1.520500E-7	4.845242E-2
1.521000E-7	4.851066E-2
1.521500E-7	4.854834E-2
1.522000E-7	4.858260E-2
1.522500E-7	4.859973E-2
1.523000E-7	4.856890E-2
1.523500E-7	4.850209E-2
1.524000E-7	4.844728E-2
1.524500E-7	4.839932E-2
1.525000E-7	4.833594E-2
1.525500E-7	4.826742E-2
1.526000E-7	4.820747E-2
1.526500E-7	4.815094E-2
1.527000E-7	4.808756E-2
1.527500E-7	4.804131E-2
1.528000E-7	4.800363E-2
1.528500E-7	4.795738E-2
1.529000E-7	4.789571E-2
1.529500E-7	4.784775E-2
1.530000E-7	4.781349E-2
1.530500E-7	4.777923E-2
1.531000E-7	4.776724E-2
1.531500E-7	4.780493E-2
1.532000E-7	4.787002E-2
1.532500E-7	4.795567E-2
1.533000E-7	4.808071E-2
1.533500E-7	4.822289E-2
1.534000E-7	4.835650E-2
1.534500E-7	4.848497E-2
1.535000E-7	4.861001E-2
1.535500E-7	4.870251E-2
1.536000E-7	4.872992E-2
1.536500E-7	4.871107E-2
1.537000E-7	4.864941E-2
1.537500E-7	4.854149E-2
1.538000E-7	4.841474E-2
1.538500E-7	4.828113E-2
1.539000E-7	4.814580E-2
1.539500E-7	4.800705E-2
1.540000E-7	4.789400E-2
1.540500E-7	4.781349E-2
1.541000E-7	4.775696E-2
1.541500E-7	4.772956E-2
1.542000E-7	4.774840E-2
1.542500E-7	4.777067E-2
1.543000E-7	4.778437E-2
1.543500E-7	4.779807E-2
1.544000E-7	4.783747E-2
1.544500E-7	4.787858E-2
1.545000E-7	4.791969E-2
1.545500E-7	4.796766E-2
1.546000E-7	4.801562E-2
1.546500E-7	4.805159E-2
1.547000E-7	4.805159E-2
1.547500E-7	4.801562E-2
1.548000E-7	4.796594E-2
1.548500E-7	4.791969E-2
1.549000E-7	4.784775E-2
1.549500E-7	4.774840E-2
1.550000E-7	4.766275E-2
1.550500E-7	4.760622E-2
1.551000E-7	4.753942E-2
1.551500E-7	4.748803E-2
1.552000E-7	4.747947E-2
1.552500E-7	4.748289E-2
1.553000E-7	4.748632E-2
1.553500E-7	4.752058E-2
1.554000E-7	4.755997E-2
1.554500E-7	4.757196E-2
1.555000E-7	4.757710E-2
1.555500E-7	4.758224E-2
1.556000E-7	4.757025E-2
1.556500E-7	4.754970E-2
1.557000E-7	4.755141E-2
1.557500E-7	4.755655E-2
1.558000E-7	4.755483E-2
1.558500E-7	4.758224E-2
1.559000E-7	4.763706E-2
1.559500E-7	4.768331E-2
1.560000E-7	4.771243E-2
1.560500E-7	4.774497E-2
1.561000E-7	4.775868E-2
1.561500E-7	4.774669E-2
1.562000E-7	4.773127E-2
1.562500E-7	4.771585E-2
1.563000E-7	4.767988E-2
1.563500E-7	4.763192E-2
1.564000E-7	4.759252E-2
1.564500E-7	4.753599E-2
1.565000E-7	4.747433E-2
1.565500E-7	4.744178E-2
1.566000E-7	4.740924E-2
1.566500E-7	4.735100E-2
1.567000E-7	4.729618E-2
1.567500E-7	4.727563E-2
1.568000E-7	4.726192E-2
1.568500E-7	4.723794E-2
1.569000E-7	4.721396E-2
1.569500E-7	4.719512E-2
1.570000E-7	4.717456E-2
1.570500E-7	4.714887E-2
1.571000E-7	4.710091E-2
1.571500E-7	4.704267E-2
1.572000E-7	4.700327E-2
1.572500E-7	4.698614E-2
1.573000E-7	4.698100E-2
1.573500E-7	4.701012E-2
1.574000E-7	4.706322E-2
1.574500E-7	4.711975E-2
1.575000E-7	4.718484E-2
1.575500E-7	4.727049E-2
1.576000E-7	4.736127E-2
1.576500E-7	4.743664E-2
1.577000E-7	4.748632E-2
1.577500E-7	4.750173E-2
1.578000E-7	4.749660E-2
1.578500E-7	4.747433E-2
1.579000E-7	4.742465E-2
1.579500E-7	4.736127E-2
1.580000E-7	4.729104E-2
1.580500E-7	4.721567E-2
1.581000E-7	4.713688E-2
1.581500E-7	4.707179E-2
1.582000E-7	4.703924E-2
1.582500E-7	4.704952E-2
1.583000E-7	4.710604E-2
1.583500E-7	4.720368E-2
1.584000E-7	4.732873E-2
1.584500E-7	4.748118E-2
1.585000E-7	4.762507E-2
1.585500E-7	4.772613E-2
1.586000E-7	4.779294E-2
1.586500E-7	4.782034E-2
1.587000E-7	4.781178E-2
1.587500E-7	4.774840E-2
1.588000E-7	4.763877E-2
1.588500E-7	4.749146E-2
1.589000E-7	4.734243E-2
1.589500E-7	4.719169E-2
1.590000E-7	4.704952E-2
1.590500E-7	4.695702E-2
1.591000E-7	4.692105E-2
1.591500E-7	4.692276E-2
1.592000E-7	4.696387E-2
1.592500E-7	4.706665E-2
1.593000E-7	4.719683E-2
1.593500E-7	4.730646E-2
1.594000E-7	4.740752E-2
1.594500E-7	4.748632E-2
1.595000E-7	4.752743E-2
1.595500E-7	4.752743E-2
1.596000E-7	4.748803E-2
1.596500E-7	4.739725E-2
1.597000E-7	4.727049E-2
1.597500E-7	4.715743E-2
1.598000E-7	4.706493E-2
1.598500E-7	4.699128E-2
1.599000E-7	4.692790E-2
1.599500E-7	4.689878E-2
1.600000E-7	4.691591E-2
1.600500E-7	4.695873E-2
1.601000E-7	4.699299E-2
1.601500E-7	4.701868E-2
1.602000E-7	4.704780E-2
1.602500E-7	4.707350E-2
1.603000E-7	4.706322E-2
1.603500E-7	4.699813E-2
1.604000E-7	4.691762E-2
1.604500E-7	4.683882E-2
1.605000E-7	4.676859E-2
1.605500E-7	4.670008E-2
1.606000E-7	4.667781E-2
1.606500E-7	4.670693E-2
1.607000E-7	4.677031E-2
1.607500E-7	4.683711E-2
1.608000E-7	4.689706E-2
1.608500E-7	4.692961E-2
1.609000E-7	4.692961E-2
1.609500E-7	4.688850E-2
1.610000E-7	4.681656E-2
1.610500E-7	4.672234E-2
1.611000E-7	4.661443E-2
1.611500E-7	4.650823E-2
1.612000E-7	4.642600E-2
1.612500E-7	4.636434E-2
1.613000E-7	4.631466E-2
1.613500E-7	4.630610E-2
1.614000E-7	4.633693E-2
1.614500E-7	4.637633E-2
1.615000E-7	4.641230E-2
1.615500E-7	4.646026E-2
1.616000E-7	4.650994E-2
1.616500E-7	4.653735E-2
1.617000E-7	4.653906E-2
1.617500E-7	4.653049E-2
1.618000E-7	4.650823E-2
1.618500E-7	4.646883E-2
1.619000E-7	4.642087E-2
1.619500E-7	4.637804E-2
1.620000E-7	4.637119E-2
1.620500E-7	4.638147E-2
1.621000E-7	4.638661E-2
1.621500E-7	4.641230E-2
1.622000E-7	4.645512E-2
1.622500E-7	4.649110E-2
1.623000E-7	4.651336E-2
1.623500E-7	4.655619E-2
1.624000E-7	4.662471E-2
1.624500E-7	4.669322E-2
1.625000E-7	4.674290E-2
1.625500E-7	4.677373E-2
1.626000E-7	4.678230E-2
1.626500E-7	4.677716E-2
1.627000E-7	4.673947E-2
1.627500E-7	4.666410E-2
1.628000E-7	4.656818E-2
1.628500E-7	4.646369E-2
1.629000E-7	4.632665E-2
1.629500E-7	4.616221E-2
1.630000E-7	4.598749E-2
1.630500E-7	4.581791E-2
1.631000E-7	4.565689E-2
1.631500E-7	4.552671E-2
1.632000E-7	4.544277E-2
1.632500E-7	4.540166E-2
1.633000E-7	4.538796E-2
1.633500E-7	4.543250E-2
1.634000E-7	4.553013E-2
1.634500E-7	4.564319E-2
1.635000E-7	4.574596E-2
1.635500E-7	4.584703E-2
1.636000E-7	4.595323E-2
1.636500E-7	4.606115E-2
1.637000E-7	4.613994E-2
1.637500E-7	4.616392E-2
1.638000E-7	4.615878E-2
1.638500E-7	4.614337E-2
1.639000E-7	4.608341E-2
1.639500E-7	4.597207E-2
1.640000E-7	4.586073E-2
1.640500E-7	4.576652E-2
1.641000E-7	4.566203E-2
1.641500E-7	4.556782E-2
1.642000E-7	4.549073E-2
1.642500E-7	4.543249E-2
1.643000E-7	4.538282E-2
1.643500E-7	4.535884E-2
1.644000E-7	4.537768E-2
1.644500E-7	4.543249E-2
1.645000E-7	4.551129E-2
1.645500E-7	4.560036E-2
1.646000E-7	4.570485E-2
1.646500E-7	4.584018E-2
1.647000E-7	4.595837E-2
1.647500E-7	4.605087E-2
1.648000E-7	4.611939E-2
1.648500E-7	4.616392E-2
1.649000E-7	4.616221E-2
1.649500E-7	4.613994E-2
1.650000E-7	4.612453E-2
1.650500E-7	4.611082E-2
1.651000E-7	4.607828E-2
1.651500E-7	4.603374E-2
1.652000E-7	4.600976E-2
1.652500E-7	4.602860E-2
1.653000E-7	4.604573E-2
1.653500E-7	4.604059E-2
1.654000E-7	4.604059E-2
1.654500E-7	4.606800E-2
1.655000E-7	4.608170E-2
1.655500E-7	4.607999E-2
1.656000E-7	4.609369E-2
1.656500E-7	4.610226E-2
1.657000E-7	4.606800E-2
1.657500E-7	4.602346E-2
1.658000E-7	4.599605E-2
1.658500E-7	4.596522E-2
1.659000E-7	4.591726E-2
1.659500E-7	4.585902E-2
1.660000E-7	4.578365E-2
1.660500E-7	4.570314E-2
1.661000E-7	4.562777E-2
1.661500E-7	4.553698E-2
1.662000E-7	4.543249E-2
1.662500E-7	4.536226E-2
1.663000E-7	4.531773E-2
1.663500E-7	4.526805E-2
1.664000E-7	4.522523E-2
1.664500E-7	4.522865E-2
1.665000E-7	4.525092E-2
1.665500E-7	4.527319E-2
1.666000E-7	4.530916E-2
1.666500E-7	4.537083E-2
1.667000E-7	4.540509E-2
1.667500E-7	4.543421E-2
1.668000E-7	4.548217E-2
1.668500E-7	4.549587E-2
1.669000E-7	4.547875E-2
1.669500E-7	4.549245E-2
1.670000E-7	4.554041E-2
1.670500E-7	4.557467E-2
1.671000E-7	4.559865E-2
1.671500E-7	4.563805E-2
1.672000E-7	4.568944E-2
1.672500E-7	4.572541E-2
1.673000E-7	4.575796E-2
1.673500E-7	4.579050E-2
1.674000E-7	4.583504E-2
1.674500E-7	4.589842E-2
1.675000E-7	4.595152E-2
1.675500E-7	4.598749E-2
1.676000E-7	4.602860E-2
1.676500E-7	4.607828E-2
1.677000E-7	4.612966E-2
1.677500E-7	4.617420E-2
1.678000E-7	4.620846E-2
1.678500E-7	4.623929E-2
1.679000E-7	4.626327E-2
1.679500E-7	4.627526E-2
1.680000E-7	4.625642E-2
1.680500E-7	4.619647E-2
1.681000E-7	4.612110E-2
1.681500E-7	4.605601E-2
1.682000E-7	4.599777E-2
1.682500E-7	4.591383E-2
1.683000E-7	4.582476E-2
1.683500E-7	4.576652E-2
1.684000E-7	4.573911E-2
1.684500E-7	4.570657E-2
1.685000E-7	4.566546E-2
1.685500E-7	4.563462E-2
1.686000E-7	4.561921E-2
1.686500E-7	4.560379E-2
1.687000E-7	4.556953E-2
1.687500E-7	4.554384E-2
1.688000E-7	4.553013E-2
1.688500E-7	4.548902E-2
1.689000E-7	4.540851E-2
1.689500E-7	4.532115E-2
1.690000E-7	4.525264E-2
1.690500E-7	4.517041E-2
1.691000E-7	4.506764E-2
1.691500E-7	4.497685E-2
1.692000E-7	4.489806E-2
1.692500E-7	4.482954E-2
1.693000E-7	4.479528E-2
1.693500E-7	4.480556E-2
1.694000E-7	4.482440E-2
1.694500E-7	4.484838E-2
1.695000E-7	4.491005E-2
1.695500E-7	4.499398E-2
1.696000E-7	4.506250E-2
1.696500E-7	4.511217E-2
1.697000E-7	4.516014E-2
1.697500E-7	4.520467E-2
1.698000E-7	4.524578E-2
1.698500E-7	4.526634E-2
1.699000E-7	4.524236E-2
1.699500E-7	4.520467E-2
1.700000E-7	4.519611E-2
1.700500E-7	4.517384E-2
1.701000E-7	4.514129E-2
1.701500E-7	4.513444E-2
1.702000E-7	4.514129E-2
1.702500E-7	4.512245E-2
1.703000E-7	4.511217E-2
1.703500E-7	4.512759E-2
1.704000E-7	4.514301E-2
1.704500E-7	4.515671E-2
1.705000E-7	4.517727E-2
1.705500E-7	4.519097E-2
1.706000E-7	4.519268E-2
1.706500E-7	4.517898E-2
1.707000E-7	4.513958E-2
1.707500E-7	4.509333E-2
1.708000E-7	4.507620E-2
1.708500E-7	4.506250E-2
1.709000E-7	4.504023E-2
1.709500E-7	4.505393E-2
1.710000E-7	4.509162E-2
1.710500E-7	4.512074E-2
1.711000E-7	4.516870E-2
1.711500E-7	4.524578E-2
1.712000E-7	4.529375E-2
1.712500E-7	4.531430E-2
1.713000E-7	4.534856E-2
1.713500E-7	4.535370E-2
1.714000E-7	4.530231E-2
1.714500E-7	4.524578E-2
1.715000E-7	4.521324E-2
1.715500E-7	4.516014E-2
1.716000E-7	4.509162E-2
1.716500E-7	4.505222E-2
1.717000E-7	4.502995E-2
1.717500E-7	4.499741E-2
1.718000E-7	4.496657E-2
1.718500E-7	4.495458E-2
1.719000E-7	4.495287E-2
1.719500E-7	4.495972E-2
1.720000E-7	4.496829E-2
1.720500E-7	4.496829E-2
1.721000E-7	4.497171E-2
1.721500E-7	4.499912E-2
1.722000E-7	4.506250E-2
1.722500E-7	4.512930E-2
1.723000E-7	4.518069E-2
1.723500E-7	4.523551E-2
1.724000E-7	4.530745E-2
1.724500E-7	4.535884E-2
1.725000E-7	4.535027E-2
1.725500E-7	4.530231E-2
1.726000E-7	4.522865E-2
1.726500E-7	4.511217E-2
1.727000E-7	4.496315E-2
1.727500E-7	4.483296E-2
1.728000E-7	4.473190E-2
1.728500E-7	4.463426E-2
1.729000E-7	4.455547E-2
1.729500E-7	4.451778E-2
1.730000E-7	4.450579E-2
1.730500E-7	4.449209E-2
1.731000E-7	4.449037E-2
1.731500E-7	4.448695E-2
1.732000E-7	4.447838E-2
1.732500E-7	4.447667E-2
1.733000E-7	4.446811E-2
1.733500E-7	4.446125E-2
1.734000E-7	4.445440E-2
1.734500E-7	4.445098E-2
1.735000E-7	4.444755E-2
1.735500E-7	4.445269E-2
1.736000E-7	4.446811E-2
1.736500E-7	4.448524E-2
1.737000E-7	4.447496E-2
1.737500E-7	4.445440E-2
1.738000E-7	4.444926E-2
1.738500E-7	4.443556E-2
1.739000E-7	4.439959E-2
1.739500E-7	4.434649E-2
1.740000E-7	4.431223E-2
1.740500E-7	4.429338E-2
1.741000E-7	4.427112E-2
1.741500E-7	4.427968E-2
1.742000E-7	4.431908E-2
1.742500E-7	4.438246E-2
1.743000E-7	4.444584E-2
1.743500E-7	4.450922E-2
1.744000E-7	4.456917E-2
1.744500E-7	4.462398E-2
1.745000E-7	4.466852E-2
1.745500E-7	4.469079E-2
1.746000E-7	4.472505E-2
1.746500E-7	4.477130E-2
1.747000E-7	4.478843E-2
1.747500E-7	4.476102E-2
1.748000E-7	4.472676E-2
1.748500E-7	4.470792E-2
1.749000E-7	4.467366E-2
1.749500E-7	4.461713E-2
1.750000E-7	4.458630E-2
1.750500E-7	4.458630E-2
1.751000E-7	4.456061E-2
1.751500E-7	4.453149E-2
1.752000E-7	4.451950E-2
1.752500E-7	4.449551E-2
1.753000E-7	4.442700E-2
1.753500E-7	4.436704E-2
1.754000E-7	4.432251E-2
1.754500E-7	4.426084E-2
1.755000E-7	4.419403E-2
1.755500E-7	4.414779E-2
1.756000E-7	4.411866E-2
1.756500E-7	4.411866E-2
1.757000E-7	4.415635E-2
1.757500E-7	4.422829E-2
1.758000E-7	4.431565E-2
1.758500E-7	4.440644E-2
1.759000E-7	4.446811E-2
1.759500E-7	4.450922E-2
1.760000E-7	4.456403E-2
1.760500E-7	4.458972E-2
1.761000E-7	4.454005E-2
1.761500E-7	4.446125E-2
1.762000E-7	4.440301E-2
1.762500E-7	4.432593E-2
1.763000E-7	4.422315E-2
1.763500E-7	4.413922E-2
1.764000E-7	4.410325E-2
1.764500E-7	4.409811E-2
1.765000E-7	4.408954E-2
1.765500E-7	4.408098E-2
1.766000E-7	4.411353E-2
1.766500E-7	4.418204E-2
1.767000E-7	4.423857E-2
1.767500E-7	4.426427E-2
1.768000E-7	4.429167E-2
1.768500E-7	4.431394E-2
1.769000E-7	4.431565E-2
1.769500E-7	4.429510E-2
1.770000E-7	4.426084E-2
1.770500E-7	4.420774E-2
1.771000E-7	4.413580E-2
1.771500E-7	4.404672E-2
1.772000E-7	4.396964E-2
1.772500E-7	4.391654E-2
1.773000E-7	4.388228E-2
1.773500E-7	4.386858E-2
1.774000E-7	4.386515E-2
1.774500E-7	4.384802E-2
1.775000E-7	4.381376E-2
1.775500E-7	4.379663E-2
1.776000E-7	4.380006E-2
1.776500E-7	4.377265E-2
1.777000E-7	4.372983E-2
1.777500E-7	4.369899E-2
1.778000E-7	4.366987E-2
1.778500E-7	4.364247E-2
1.779000E-7	4.362705E-2
1.779500E-7	4.359964E-2
1.780000E-7	4.356367E-2
1.780500E-7	4.355682E-2
1.781000E-7	4.358080E-2
1.781500E-7	4.360307E-2
1.782000E-7	4.362705E-2
1.782500E-7	4.365788E-2
1.783000E-7	4.365788E-2
1.783500E-7	4.365103E-2
1.784000E-7	4.366816E-2
1.784500E-7	4.369385E-2
1.785000E-7	4.370413E-2
1.785500E-7	4.371441E-2
1.786000E-7	4.375381E-2
1.786500E-7	4.381376E-2
1.787000E-7	4.387543E-2
1.787500E-7	4.393881E-2
1.788000E-7	4.398334E-2
1.788500E-7	4.397649E-2
1.789000E-7	4.393195E-2
1.789500E-7	4.387543E-2
1.790000E-7	4.379321E-2
1.790500E-7	4.368700E-2
1.791000E-7	4.358080E-2
1.791500E-7	4.349515E-2
1.792000E-7	4.343177E-2
1.792500E-7	4.340094E-2
1.793000E-7	4.340951E-2
1.793500E-7	4.346603E-2
1.794000E-7	4.357224E-2
1.794500E-7	4.370585E-2
1.795000E-7	4.383603E-2
1.795500E-7	4.394052E-2
1.796000E-7	4.402445E-2
1.796500E-7	4.407584E-2
1.797000E-7	4.407584E-2
1.797500E-7	4.403302E-2
1.798000E-7	4.396450E-2
1.798500E-7	4.387200E-2
1.799000E-7	4.375381E-2
1.799500E-7	4.363390E-2
1.800000E-7	4.353455E-2
1.800500E-7	4.345404E-2
1.801000E-7	4.339066E-2
1.801500E-7	4.336668E-2
1.802000E-7	4.340437E-2
1.802500E-7	4.348488E-2
1.803000E-7	4.355168E-2
1.803500E-7	4.360992E-2
1.804000E-7	4.367159E-2
1.804500E-7	4.372983E-2
1.805000E-7	4.376409E-2
1.805500E-7	4.377265E-2
1.806000E-7	4.375209E-2
1.806500E-7	4.370756E-2
1.807000E-7	4.363219E-2
1.807500E-7	4.354654E-2
1.808000E-7	4.347460E-2
1.808500E-7	4.341978E-2
1.809000E-7	4.337353E-2
1.809500E-7	4.333756E-2
1.810000E-7	4.333071E-2
1.810500E-7	4.333585E-2
1.811000E-7	4.334784E-2
1.811500E-7	4.338552E-2
1.812000E-7	4.344548E-2
1.812500E-7	4.349687E-2
1.813000E-7	4.352427E-2
1.813500E-7	4.353626E-2
1.814000E-7	4.353626E-2
1.814500E-7	4.350886E-2
1.815000E-7	4.344890E-2
1.815500E-7	4.337696E-2
1.816000E-7	4.332900E-2
1.816500E-7	4.328617E-2
1.817000E-7	4.323479E-2
1.817500E-7	4.318854E-2
1.818000E-7	4.317997E-2
1.818500E-7	4.319196E-2
1.819000E-7	4.321252E-2
1.819500E-7	4.324335E-2
1.820000E-7	4.329474E-2
1.820500E-7	4.333414E-2
1.821000E-7	4.333071E-2
1.821500E-7	4.330502E-2
1.822000E-7	4.327418E-2
1.822500E-7	4.321765E-2
1.823000E-7	4.315428E-2
1.823500E-7	4.311145E-2
1.824000E-7	4.310460E-2
1.824500E-7	4.312687E-2
1.825000E-7	4.315770E-2
1.825500E-7	4.321080E-2
1.826000E-7	4.329302E-2
1.826500E-7	4.338038E-2
1.827000E-7	4.344890E-2
1.827500E-7	4.353112E-2
1.828000E-7	4.362020E-2
1.828500E-7	4.368529E-2
1.829000E-7	4.369899E-2
1.829500E-7	4.368186E-2
1.830000E-7	4.365960E-2
1.830500E-7	4.362191E-2
1.831000E-7	4.356538E-2
1.831500E-7	4.351057E-2
1.832000E-7	4.346089E-2
1.832500E-7	4.341293E-2
1.833000E-7	4.334099E-2
1.833500E-7	4.327418E-2
1.834000E-7	4.322622E-2
1.834500E-7	4.316455E-2
1.835000E-7	4.307719E-2
1.835500E-7	4.299840E-2
1.836000E-7	4.295215E-2
1.836500E-7	4.290590E-2
1.837000E-7	4.285965E-2
1.837500E-7	4.282368E-2
1.838000E-7	4.280655E-2
1.838500E-7	4.279627E-2
1.839000E-7	4.277743E-2
1.839500E-7	4.274317E-2
1.840000E-7	4.272090E-2
1.840500E-7	4.272261E-2
1.841000E-7	4.272604E-2
1.841500E-7	4.272947E-2
1.842000E-7	4.276544E-2
1.842500E-7	4.279798E-2
1.843000E-7	4.281169E-2
1.843500E-7	4.283395E-2
1.844000E-7	4.286993E-2
1.844500E-7	4.288020E-2
1.845000E-7	4.285451E-2
1.845500E-7	4.280655E-2
1.846000E-7	4.275687E-2
1.846500E-7	4.270377E-2
1.847000E-7	4.265752E-2
1.847500E-7	4.261470E-2
1.848000E-7	4.259414E-2
1.848500E-7	4.260099E-2
1.849000E-7	4.261470E-2
1.849500E-7	4.262669E-2
1.850000E-7	4.266437E-2
1.850500E-7	4.272090E-2
1.851000E-7	4.276544E-2
1.851500E-7	4.277400E-2
1.852000E-7	4.275173E-2
1.852500E-7	4.272090E-2
1.853000E-7	4.267465E-2
1.853500E-7	4.261812E-2
1.854000E-7	4.258729E-2
1.854500E-7	4.257873E-2
1.855000E-7	4.257701E-2
1.855500E-7	4.259243E-2
1.856000E-7	4.265410E-2
1.856500E-7	4.274488E-2
1.857000E-7	4.282539E-2
1.857500E-7	4.289733E-2
1.858000E-7	4.298127E-2
1.858500E-7	4.305150E-2
1.859000E-7	4.307891E-2
1.859500E-7	4.304122E-2
1.860000E-7	4.296757E-2
1.860500E-7	4.288534E-2
1.861000E-7	4.278942E-2
1.861500E-7	4.264896E-2
1.862000E-7	4.250678E-2
1.862500E-7	4.241771E-2
1.863000E-7	4.236975E-2
1.863500E-7	4.234405E-2
1.864000E-7	4.236803E-2
1.864500E-7	4.246396E-2
1.865000E-7	4.257187E-2
1.865500E-7	4.265923E-2
1.866000E-7	4.275002E-2
1.866500E-7	4.283738E-2
1.867000E-7	4.289562E-2
1.867500E-7	4.290590E-2
1.868000E-7	4.289905E-2
1.868500E-7	4.286993E-2
1.869000E-7	4.282196E-2
1.869500E-7	4.278085E-2
1.870000E-7	4.274660E-2
1.870500E-7	4.271405E-2
1.871000E-7	4.269863E-2
1.871500E-7	4.271405E-2
1.872000E-7	4.274488E-2
1.872500E-7	4.276201E-2
1.873000E-7	4.278085E-2
1.873500E-7	4.280312E-2
1.874000E-7	4.280484E-2
1.874500E-7	4.278599E-2
1.875000E-7	4.276201E-2
1.875500E-7	4.272261E-2
1.876000E-7	4.267123E-2
1.876500E-7	4.261299E-2
1.877000E-7	4.257016E-2
1.877500E-7	4.255646E-2
1.878000E-7	4.254104E-2
1.878500E-7	4.249993E-2
1.879000E-7	4.246739E-2
1.879500E-7	4.247252E-2
1.880000E-7	4.248451E-2
1.880500E-7	4.247424E-2
1.881000E-7	4.246396E-2
1.881500E-7	4.246738E-2
1.882000E-7	4.248109E-2
1.882500E-7	4.250678E-2
1.883000E-7	4.252049E-2
1.883500E-7	4.252049E-2
1.884000E-7	4.252049E-2
1.884500E-7	4.250678E-2
1.885000E-7	4.246053E-2
1.885500E-7	4.239715E-2
1.886000E-7	4.234919E-2
1.886500E-7	4.230294E-2
1.887000E-7	4.224641E-2
1.887500E-7	4.220016E-2
1.888000E-7	4.215734E-2
1.888500E-7	4.211623E-2
1.889000E-7	4.210424E-2
1.889500E-7	4.212308E-2
1.890000E-7	4.215905E-2
1.890500E-7	4.222243E-2
1.891000E-7	4.230979E-2
1.891500E-7	4.240572E-2
1.892000E-7	4.249822E-2
1.892500E-7	4.259414E-2
1.893000E-7	4.269007E-2
1.893500E-7	4.275173E-2
1.894000E-7	4.276886E-2
1.894500E-7	4.274146E-2
1.895000E-7	4.268835E-2
1.895500E-7	4.258729E-2
1.896000E-7	4.244512E-2
1.896500E-7	4.232178E-2
1.897000E-7	4.221387E-2
1.897500E-7	4.209739E-2
1.898000E-7	4.199804E-2
1.898500E-7	4.193466E-2
1.899000E-7	4.188670E-2
1.899500E-7	4.186100E-2
1.900000E-7	4.190211E-2
1.900500E-7	4.197234E-2
1.901000E-7	4.202031E-2
1.901500E-7	4.205970E-2
1.902000E-7	4.212137E-2
1.902500E-7	4.214364E-2
1.903000E-7	4.210767E-2
1.903500E-7	4.207683E-2
1.904000E-7	4.205456E-2
1.904500E-7	4.197919E-2
1.905000E-7	4.187642E-2
1.905500E-7	4.181818E-2
1.906000E-7	4.176508E-2
1.906500E-7	4.169313E-2
1.907000E-7	4.165031E-2
1.907500E-7	4.164003E-2
1.908000E-7	4.162633E-2
1.908500E-7	4.160235E-2
1.909000E-7	4.159378E-2
1.909500E-7	4.158008E-2
1.910000E-7	4.156123E-2
1.910500E-7	4.157151E-2
1.911000E-7	4.159378E-2
1.911500E-7	4.161948E-2
1.912000E-7	4.167772E-2
1.912500E-7	4.175822E-2
1.913000E-7	4.183531E-2
1.913500E-7	4.193980E-2
1.914000E-7	4.207341E-2
1.914500E-7	4.218989E-2
1.915000E-7	4.228239E-2
1.915500E-7	4.235433E-2
1.916000E-7	4.238516E-2
1.916500E-7	4.235947E-2
1.917000E-7	4.229780E-2
1.917500E-7	4.219845E-2
1.918000E-7	4.207169E-2
1.918500E-7	4.195693E-2
1.919000E-7	4.186957E-2
1.919500E-7	4.179934E-2
1.920000E-7	4.175994E-2
1.920500E-7	4.174795E-2
1.921000E-7	4.174281E-2
1.921500E-7	4.176165E-2
1.922000E-7	4.180619E-2
1.922500E-7	4.184387E-2
1.923000E-7	4.186271E-2
1.923500E-7	4.187471E-2
1.924000E-7	4.187471E-2
1.924500E-7	4.184901E-2
1.925000E-7	4.180790E-2
1.925500E-7	4.176336E-2
1.926000E-7	4.169485E-2
1.926500E-7	4.162119E-2
1.927000E-7	4.156466E-2
1.927500E-7	4.153212E-2
1.928000E-7	4.152526E-2
1.928500E-7	4.154239E-2
1.929000E-7	4.157494E-2
1.929500E-7	4.160920E-2
1.930000E-7	4.168971E-2
1.930500E-7	4.180447E-2
1.931000E-7	4.189012E-2
1.931500E-7	4.194322E-2
1.932000E-7	4.200660E-2
1.932500E-7	4.206142E-2
1.933000E-7	4.205970E-2
1.933500E-7	4.201688E-2
1.934000E-7	4.195864E-2
1.934500E-7	4.186957E-2
1.935000E-7	4.175994E-2
1.935500E-7	4.165374E-2
1.936000E-7	4.155781E-2
1.936500E-7	4.147901E-2
1.937000E-7	4.143448E-2
1.937500E-7	4.141392E-2
1.938000E-7	4.142763E-2
1.938500E-7	4.148587E-2
1.939000E-7	4.156980E-2
1.939500E-7	4.165716E-2
1.940000E-7	4.175480E-2
1.940500E-7	4.185586E-2
1.941000E-7	4.194151E-2
1.941500E-7	4.198605E-2
1.942000E-7	4.199461E-2
1.942500E-7	4.196378E-2
1.943000E-7	4.191239E-2
1.943500E-7	4.182674E-2
1.944000E-7	4.170512E-2
1.944500E-7	4.157323E-2
1.945000E-7	4.145332E-2
1.945500E-7	4.133170E-2
1.946000E-7	4.120494E-2
1.946500E-7	4.109360E-2
1.947000E-7	4.102680E-2
1.947500E-7	4.100967E-2
1.948000E-7	4.101652E-2
1.948500E-7	4.100967E-2
1.949000E-7	4.101994E-2
1.949500E-7	4.105592E-2
1.950000E-7	4.108161E-2
1.950500E-7	4.108161E-2
1.951000E-7	4.106277E-2
1.951500E-7	4.102851E-2
1.952000E-7	4.098397E-2
1.952500E-7	4.094115E-2
1.953000E-7	4.088805E-2
1.953500E-7	4.082981E-2
1.954000E-7	4.079726E-2
1.954500E-7	4.081439E-2
1.955000E-7	4.084180E-2
1.955500E-7	4.089319E-2
1.956000E-7	4.097369E-2
1.956500E-7	4.106448E-2
1.957000E-7	4.116041E-2
1.957500E-7	4.128031E-2
1.958000E-7	4.140536E-2
1.958500E-7	4.148758E-2
1.959000E-7	4.151499E-2
1.959500E-7	4.150985E-2
1.960000E-7	4.148073E-2
1.960500E-7	4.142077E-2
1.961000E-7	4.134027E-2
1.961500E-7	4.126318E-2
1.962000E-7	4.119809E-2
1.962500E-7	4.114156E-2
1.963000E-7	4.110388E-2
1.963500E-7	4.109531E-2
1.964000E-7	4.112101E-2
1.964500E-7	4.116212E-2
1.965000E-7	4.121522E-2
1.965500E-7	4.129230E-2
1.966000E-7	4.137795E-2
1.966500E-7	4.142077E-2
1.967000E-7	4.142077E-2
1.967500E-7	4.141735E-2
1.968000E-7	4.140364E-2
1.968500E-7	4.135397E-2
1.969000E-7	4.130772E-2
1.969500E-7	4.129230E-2
1.970000E-7	4.126832E-2
1.970500E-7	4.122207E-2
1.971000E-7	4.117925E-2
1.971500E-7	4.116726E-2
1.972000E-7	4.115527E-2
1.972500E-7	4.112786E-2
1.973000E-7	4.108161E-2
1.973500E-7	4.102337E-2
1.974000E-7	4.095143E-2
1.974500E-7	4.086749E-2
1.975000E-7	4.076985E-2
1.975500E-7	4.068592E-2
1.976000E-7	4.061398E-2
1.976500E-7	4.056087E-2
1.977000E-7	4.053518E-2
1.977500E-7	4.053861E-2
1.978000E-7	4.056944E-2
1.978500E-7	4.062597E-2
1.979000E-7	4.069791E-2
1.979500E-7	4.077671E-2
1.980000E-7	4.086235E-2
1.980500E-7	4.094286E-2
1.981000E-7	4.099425E-2
1.981500E-7	4.103707E-2
1.982000E-7	4.111073E-2
1.982500E-7	4.119467E-2
1.983000E-7	4.127175E-2
1.983500E-7	4.134540E-2
1.984000E-7	4.140193E-2
1.984500E-7	4.141906E-2
1.985000E-7	4.138823E-2
1.985500E-7	4.132314E-2
1.986000E-7	4.123235E-2
1.986500E-7	4.112443E-2
1.987000E-7	4.099939E-2
1.987500E-7	4.086749E-2
1.988000E-7	4.074416E-2
1.988500E-7	4.066536E-2
1.989000E-7	4.065337E-2
1.989500E-7	4.067907E-2
1.990000E-7	4.071847E-2
1.990500E-7	4.078527E-2
1.991000E-7	4.086407E-2
1.991500E-7	4.092745E-2
1.992000E-7	4.097027E-2
1.992500E-7	4.096513E-2
1.993000E-7	4.088291E-2
1.993500E-7	4.074416E-2
1.994000E-7	4.059685E-2
1.994500E-7	4.041699E-2
1.995000E-7	4.022514E-2
1.995500E-7	4.007954E-2
1.996000E-7	3.999218E-2
1.996500E-7	3.995107E-2
1.997000E-7	3.995620E-2
1.997500E-7	4.001958E-2
1.998000E-7	4.013435E-2
1.998500E-7	4.027824E-2
1.999000E-7	4.043240E-2
1.999500E-7	4.058143E-2
2.000000E-7	4.074073E-2
