Study Name	Tungsten_Calibration
Sample Name	20251029
Run Name	spot00
Operator	Keshav
Date	10/29/2025
Time	16:39
Sign	FIX
Grating Spacing	06.40um
Channel	3
Number Traces	10000
Files in Batch	1
Batch Number	2
dt	50.000001E-12
time stamp (ms)	4:40:48 PM
	
Time	Amplitude
0.000000E+0	-3.323026E-4
5.000000E-11	-3.460061E-4
1.000000E-10	-3.888297E-4
1.500000E-10	-4.590605E-4
2.000000E-10	-5.327173E-4
2.500000E-10	-6.046610E-4
3.000000E-10	-6.766048E-4
3.500000E-10	-7.160027E-4
4.000000E-10	-7.160028E-4
4.500000E-10	-7.125770E-4
5.000000E-10	-6.937348E-4
5.500000E-10	-6.337818E-4
6.000000E-10	-5.584123E-4
6.500000E-10	-5.121628E-4
7.000000E-10	-4.642003E-4
7.500000E-10	-4.145248E-4
8.000000E-10	-3.819788E-4
8.500000E-10	-3.699880E-4
9.000000E-10	-3.614231E-4
9.500000E-10	-3.460064E-4
1.000000E-9	-3.168862E-4
1.050000E-9	-2.843400E-4
1.100000E-9	-2.329514E-4
1.150000E-9	-1.404522E-4
1.200000E-9	-3.938828E-5
1.250000E-9	3.255549E-5
1.300000E-9	8.223091E-5
1.350000E-9	1.182027E-4
1.400000E-9	1.130638E-4
1.450000E-9	5.311050E-5
1.500000E-9	-4.966641E-5
1.550000E-9	-1.695728E-4
1.600000E-9	-2.946180E-4
1.650000E-9	-4.110984E-4
1.700000E-9	-5.361435E-4
1.750000E-9	-6.543368E-4
1.800000E-9	-7.245676E-4
1.850000E-9	-7.382712E-4
1.900000E-9	-7.160028E-4
1.950000E-9	-6.611884E-4
2.000000E-9	-5.618374E-4
2.050000E-9	-4.196628E-4
2.100000E-9	-2.603586E-4
2.150000E-9	-9.762855E-5
2.200000E-9	5.139789E-5
2.250000E-9	1.918595E-4
2.300000E-9	3.032011E-4
2.350000E-9	3.751448E-4
2.400000E-9	3.939871E-4
2.450000E-9	3.580151E-4
2.500000E-9	2.655158E-4
2.550000E-9	1.319058E-4
2.600000E-9	-1.883366E-5
2.650000E-9	-1.849896E-4
2.700000E-9	-3.425808E-4
2.750000E-9	-4.727647E-4
2.800000E-9	-5.635509E-4
2.850000E-9	-6.235039E-4
2.900000E-9	-6.509109E-4
2.950000E-9	-6.457719E-4
3.000000E-9	-6.097999E-4
3.050000E-9	-5.498466E-4
3.100000E-9	-5.035968E-4
3.150000E-9	-4.830414E-4
3.200000E-9	-4.624859E-4
3.250000E-9	-4.419306E-4
3.300000E-9	-4.282270E-4
3.350000E-9	-4.162365E-4
3.400000E-9	-4.145237E-4
3.450000E-9	-4.196626E-4
3.500000E-9	-4.230886E-4
3.550000E-9	-4.179498E-4
3.600000E-9	-4.093851E-4
3.650000E-9	-3.939686E-4
3.700000E-9	-3.734132E-4
3.750000E-9	-3.871167E-4
3.800000E-9	-4.042460E-4
3.850000E-9	-4.008200E-4
3.900000E-9	-4.042459E-4
3.950000E-9	-4.350789E-4
4.000000E-9	-4.436436E-4
4.050000E-9	-4.110977E-4
4.100000E-9	-3.802647E-4
4.150000E-9	-3.562836E-4
4.200000E-9	-3.271635E-4
4.250000E-9	-3.014694E-4
4.300000E-9	-2.894788E-4
4.350000E-9	-2.860530E-4
4.400000E-9	-3.083213E-4
4.450000E-9	-3.494320E-4
4.500000E-9	-3.956816E-4
4.550000E-9	-4.402181E-4
4.600000E-9	-4.847547E-4
4.650000E-9	-5.173007E-4
4.700000E-9	-5.327173E-4
4.750000E-9	-5.310044E-4
4.800000E-9	-4.984585E-4
4.850000E-9	-4.350796E-4
4.900000E-9	-3.682747E-4
4.950000E-9	-2.963310E-4
5.000000E-9	-2.141095E-4
5.050000E-9	-1.473045E-4
5.100000E-9	-1.113325E-4
5.150000E-9	-9.077704E-5
5.200000E-9	-7.536041E-5
5.250000E-9	-7.707325E-5
5.300000E-9	-9.077677E-5
5.350000E-9	-9.420266E-5
5.400000E-9	-1.010545E-4
5.450000E-9	-1.130452E-4
5.500000E-9	-1.010547E-4
5.550000E-9	-6.508293E-5
5.600000E-9	-3.596297E-5
5.650000E-9	-2.054659E-5
5.700000E-9	-5.130198E-6
5.750000E-9	8.573302E-6
5.800000E-9	1.713802E-5
5.850000E-9	2.570279E-5
5.900000E-9	1.199929E-5
5.950000E-9	-2.397249E-5
6.000000E-9	-7.022193E-5
6.050000E-9	-1.284620E-4
6.100000E-9	-1.969797E-4
6.150000E-9	-2.689234E-4
6.200000E-9	-3.357283E-4
6.250000E-9	-3.939684E-4
6.300000E-9	-4.487827E-4
6.350000E-9	-5.053100E-4
6.400000E-9	-5.618373E-4
6.450000E-9	-6.029481E-4
6.500000E-9	-6.406330E-4
6.550000E-9	-7.005862E-4
6.600000E-9	-7.673913E-4
6.650000E-9	-8.187798E-4
6.700000E-9	-8.530388E-4
6.750000E-9	-8.838719E-4
6.800000E-9	-9.010014E-4
6.850000E-9	-9.044273E-4
6.900000E-9	-8.924367E-4
6.950000E-9	-8.496130E-4
7.000000E-9	-7.896598E-4
7.050000E-9	-7.416971E-4
7.100000E-9	-6.868827E-4
7.150000E-9	-6.063741E-4
7.200000E-9	-5.138748E-4
7.250000E-9	-4.282274E-4
7.300000E-9	-3.323022E-4
7.350000E-9	-2.415159E-4
7.400000E-9	-1.815627E-4
7.450000E-9	-1.318873E-4
7.500000E-9	-6.679539E-5
7.550000E-9	-6.842328E-6
7.600000E-9	1.713883E-5
7.650000E-9	1.028698E-5
7.700000E-9	-1.540726E-5
7.750000E-9	-6.850865E-5
7.800000E-9	-1.592949E-4
7.850000E-9	-2.637846E-4
7.900000E-9	-3.802650E-4
7.950000E-9	-4.967454E-4
8.000000E-9	-5.995222E-4
8.050000E-9	-6.663271E-4
8.100000E-9	-7.125767E-4
8.150000E-9	-7.485486E-4
8.200000E-9	-7.588263E-4
8.250000E-9	-7.382709E-4
8.300000E-9	-6.834567E-4
8.350000E-9	-5.995222E-4
8.400000E-9	-4.847547E-4
8.450000E-9	-3.768390E-4
8.500000E-9	-2.792009E-4
8.550000E-9	-1.867017E-4
8.600000E-9	-1.061931E-4
8.650000E-9	-5.309165E-5
8.700000E-9	-1.883271E-5
8.750000E-9	1.200027E-5
8.800000E-9	2.227785E-5
8.850000E-9	3.435312E-6
8.900000E-9	-2.739790E-5
8.950000E-9	-5.309227E-5
9.000000E-9	-6.337011E-5
9.050000E-9	-7.193499E-5
9.100000E-9	-8.906456E-5
9.150000E-9	-1.010552E-4
9.200000E-9	-1.079070E-4
9.250000E-9	-1.353141E-4
9.300000E-9	-1.952671E-4
9.350000E-9	-2.637849E-4
9.400000E-9	-3.460062E-4
9.450000E-9	-4.385053E-4
9.500000E-9	-5.258656E-4
9.550000E-9	-5.823928E-4
9.600000E-9	-6.132259E-4
9.650000E-9	-6.149389E-4
9.700000E-9	-5.721153E-4
9.750000E-9	-5.035975E-4
9.800000E-9	-4.110984E-4
9.850000E-9	-2.877663E-4
9.900000E-9	-1.610082E-4
9.950000E-9	-7.193494E-5
1.000000E-8	-1.369464E-5
1.005000E-8	2.399032E-5
1.010000E-8	8.573943E-6
1.015000E-8	-5.651789E-5
1.020000E-8	-1.130450E-4
1.025000E-8	-1.815628E-4
1.030000E-8	-2.843396E-4
1.035000E-8	-3.648481E-4
1.040000E-8	-3.836905E-4
1.045000E-8	-3.991071E-4
1.050000E-8	-4.162367E-4
1.055000E-8	-3.939685E-4
1.060000E-8	-3.631356E-4
1.065000E-8	-3.734133E-4
1.070000E-8	-3.836911E-4
1.075000E-8	-3.648487E-4
1.080000E-8	-3.597099E-4
1.085000E-8	-3.751264E-4
1.090000E-8	-3.699876E-4
1.095000E-8	-3.391545E-4
1.100000E-8	-3.014696E-4
1.105000E-8	-2.586458E-4
1.110000E-8	-2.123962E-4
1.115000E-8	-1.353134E-4
1.120000E-8	-4.624009E-5
1.125000E-8	-5.129278E-6
1.130000E-8	-3.416268E-6
1.135000E-8	3.435553E-6
1.140000E-8	-5.129168E-6
1.145000E-8	-7.193412E-5
1.150000E-8	-1.661463E-4
1.155000E-8	-2.552196E-4
1.160000E-8	-3.562836E-4
1.165000E-8	-4.607735E-4
1.170000E-8	-5.395691E-4
1.175000E-8	-6.063741E-4
1.180000E-8	-6.680402E-4
1.185000E-8	-6.971603E-4
1.190000E-8	-6.954474E-4
1.195000E-8	-6.783179E-4
1.200000E-8	-6.457718E-4
1.205000E-8	-5.806798E-4
1.210000E-8	-5.087359E-4
1.215000E-8	-4.402180E-4
1.220000E-8	-3.631353E-4
1.225000E-8	-2.740621E-4
1.230000E-8	-2.021183E-4
1.235000E-8	-1.455911E-4
1.240000E-8	-9.248978E-5
1.245000E-8	-3.596259E-5
1.250000E-8	8.573983E-6
1.255000E-8	3.426816E-5
1.260000E-8	5.139758E-5
1.265000E-8	3.940686E-5
1.270000E-8	1.199962E-5
1.275000E-8	-2.225939E-5
1.280000E-8	-5.480547E-5
1.285000E-8	-9.249039E-5
1.290000E-8	-1.233235E-4
1.295000E-8	-1.387400E-4
1.300000E-8	-1.490176E-4
1.305000E-8	-1.678600E-4
1.310000E-8	-1.867024E-4
1.315000E-8	-1.901282E-4
1.320000E-8	-1.918410E-4
1.325000E-8	-1.986928E-4
1.330000E-8	-2.072574E-4
1.335000E-8	-2.089704E-4
1.340000E-8	-2.055445E-4
1.345000E-8	-2.055445E-4
1.350000E-8	-2.141092E-4
1.355000E-8	-2.380905E-4
1.360000E-8	-2.569329E-4
1.365000E-8	-2.706365E-4
1.370000E-8	-2.774882E-4
1.375000E-8	-2.980435E-4
1.380000E-8	-3.220247E-4
1.385000E-8	-3.374411E-4
1.390000E-8	-3.254504E-4
1.395000E-8	-3.203115E-4
1.400000E-8	-3.305892E-4
1.405000E-8	-3.340151E-4
1.410000E-8	-2.929045E-4
1.415000E-8	-2.278127E-4
1.420000E-8	-1.747116E-4
1.425000E-8	-1.233234E-4
1.430000E-8	-5.651863E-5
1.435000E-8	-3.596342E-5
1.440000E-8	-5.651887E-5
1.445000E-8	-4.966714E-5
1.450000E-8	-5.480596E-5
1.455000E-8	-1.438791E-4
1.460000E-8	-2.380910E-4
1.465000E-8	-2.963310E-4
1.470000E-8	-4.025335E-4
1.475000E-8	-5.584115E-4
1.480000E-8	-6.697528E-4
1.485000E-8	-7.759554E-4
1.490000E-8	-8.924357E-4
1.495000E-8	-9.078522E-4
1.500000E-8	-8.393344E-4
1.505000E-8	-8.307697E-4
1.510000E-8	-8.598898E-4
1.515000E-8	-8.170662E-4
1.520000E-8	-7.091506E-4
1.525000E-8	-5.772537E-4
1.530000E-8	-4.230885E-4
1.535000E-8	-2.826269E-4
1.540000E-8	-1.798501E-4
1.545000E-8	-8.221216E-5
1.550000E-8	-1.703678E-6
1.555000E-8	3.598117E-5
1.560000E-8	4.968474E-5
1.565000E-8	5.653652E-5
1.570000E-8	3.598119E-5
1.575000E-8	-1.198131E-5
1.580000E-8	-8.735101E-5
1.585000E-8	-2.021185E-4
1.590000E-8	-2.706363E-4
1.595000E-8	-2.415163E-4
1.600000E-8	-1.832763E-4
1.605000E-8	-1.798505E-4
1.610000E-8	-1.764246E-4
1.615000E-8	-1.096198E-4
1.620000E-8	-2.054670E-5
1.625000E-8	4.283222E-5
1.630000E-8	8.736874E-5
1.635000E-8	1.130629E-4
1.640000E-8	1.250537E-4
1.645000E-8	1.216279E-4
1.650000E-8	7.880431E-5
1.655000E-8	-1.198165E-5
1.660000E-8	-7.536049E-5
1.665000E-8	-7.364745E-5
1.670000E-8	-8.906383E-5
1.675000E-8	-1.438780E-4
1.680000E-8	-1.336003E-4
1.685000E-8	-7.536018E-5
1.690000E-8	-1.079062E-4
1.695000E-8	-2.038312E-4
1.700000E-8	-2.329514E-4
1.705000E-8	-2.175350E-4
1.710000E-8	-2.672106E-4
1.715000E-8	-3.528579E-4
1.720000E-8	-4.076722E-4
1.725000E-8	-4.522088E-4
1.730000E-8	-4.710511E-4
1.735000E-8	-4.590604E-4
1.740000E-8	-4.436438E-4
1.745000E-8	-4.128105E-4
1.750000E-8	-3.374408E-4
1.755000E-8	-2.535063E-4
1.760000E-8	-1.935531E-4
1.765000E-8	-1.353130E-4
1.770000E-8	-6.336932E-5
1.775000E-8	9.622454E-9
1.780000E-8	3.426846E-5
1.785000E-8	6.681429E-5
1.790000E-8	1.456097E-4
1.795000E-8	3.049135E-4
1.800000E-8	5.395869E-4
1.805000E-8	8.941664E-4
1.810000E-8	1.447448E-3
1.815000E-8	2.266235E-3
1.820000E-8	3.434464E-3
1.825000E-8	5.041206E-3
1.830000E-8	7.149842E-3
1.835000E-8	9.787777E-3
1.840000E-8	1.299441E-2
1.845000E-8	1.676289E-2
1.850000E-8	2.100928E-2
1.855000E-8	2.562910E-2
1.860000E-8	3.050928E-2
1.865000E-8	3.547682E-2
1.870000E-8	4.035187E-2
1.875000E-8	4.499909E-2
1.880000E-8	4.934484E-2
1.885000E-8	5.329660E-2
1.890000E-8	5.676018E-2
1.895000E-8	5.973729E-2
1.900000E-8	6.236495E-2
1.905000E-8	6.473567E-2
1.910000E-8	6.682547E-2
1.915000E-8	6.869943E-2
1.920000E-8	7.051516E-2
1.925000E-8	7.233945E-2
1.930000E-8	7.414832E-2
1.935000E-8	7.597432E-2
1.940000E-8	7.780888E-2
1.945000E-8	7.954239E-2
1.950000E-8	8.113885E-2
1.955000E-8	8.259999E-2
1.960000E-8	8.385044E-2
1.965000E-8	8.481826E-2
1.970000E-8	8.553427E-2
1.975000E-8	8.598306E-2
1.980000E-8	8.606186E-2
1.985000E-8	8.577409E-2
1.990000E-8	8.514715E-2
1.995000E-8	8.411253E-2
2.000000E-8	8.261713E-2
2.005000E-8	8.077915E-2
2.010000E-8	7.868250E-2
2.015000E-8	7.626554E-2
2.020000E-8	7.344431E-2
2.025000E-8	7.028564E-2
2.030000E-8	6.692998E-2
2.035000E-8	6.348182E-2
2.040000E-8	5.997713E-2
2.045000E-8	5.646045E-2
2.050000E-8	5.301743E-2
2.055000E-8	4.976455E-2
2.060000E-8	4.677374E-2
2.065000E-8	4.405529E-2
2.070000E-8	4.162462E-2
2.075000E-8	3.956395E-2
2.080000E-8	3.791952E-2
2.085000E-8	3.666050E-2
2.090000E-8	3.572523E-2
2.095000E-8	3.507431E-2
2.100000E-8	3.475398E-2
2.105000E-8	3.484477E-2
2.110000E-8	3.530212E-2
2.115000E-8	3.596503E-2
2.120000E-8	3.679238E-2
2.125000E-8	3.784071E-2
2.130000E-8	3.910828E-2
2.135000E-8	4.051119E-2
2.140000E-8	4.198432E-2
2.145000E-8	4.350370E-2
2.150000E-8	4.508647E-2
2.155000E-8	4.674460E-2
2.160000E-8	4.839759E-2
2.165000E-8	4.999406E-2
2.170000E-8	5.160594E-2
2.175000E-8	5.325551E-2
2.180000E-8	5.485369E-2
2.185000E-8	5.638335E-2
2.190000E-8	5.792671E-2
2.195000E-8	5.947179E-2
2.200000E-8	6.091067E-2
2.205000E-8	6.219538E-2
2.210000E-8	6.336361E-2
2.215000E-8	6.441364E-2
2.220000E-8	6.530266E-2
2.225000E-8	6.595872E-2
2.230000E-8	6.633900E-2
2.235000E-8	6.645719E-2
2.240000E-8	6.632187E-2
2.245000E-8	6.589363E-2
2.250000E-8	6.516049E-2
2.255000E-8	6.417213E-2
2.260000E-8	6.294052E-2
2.265000E-8	6.143655E-2
2.270000E-8	5.968078E-2
2.275000E-8	5.773488E-2
2.280000E-8	5.562282E-2
2.285000E-8	5.336858E-2
2.290000E-8	5.101157E-2
2.295000E-8	4.858261E-2
2.300000E-8	4.611597E-2
2.305000E-8	4.367159E-2
2.310000E-8	4.130944E-2
2.315000E-8	3.906034E-2
2.320000E-8	3.693457E-2
2.325000E-8	3.494413E-2
2.330000E-8	3.315753E-2
2.335000E-8	3.164499E-2
2.340000E-8	3.040139E-2
2.345000E-8	2.940103E-2
2.350000E-8	2.869016E-2
2.355000E-8	2.833900E-2
2.360000E-8	2.833557E-2
2.365000E-8	2.860279E-2
2.370000E-8	2.914065E-2
2.375000E-8	3.000569E-2
2.380000E-8	3.116022E-2
2.385000E-8	3.254085E-2
2.390000E-8	3.412018E-2
2.395000E-8	3.589651E-2
2.400000E-8	3.779274E-2
2.405000E-8	3.973693E-2
2.410000E-8	4.171710E-2
2.415000E-8	4.374523E-2
2.420000E-8	4.577678E-2
2.425000E-8	4.775010E-2
2.430000E-8	4.963605E-2
2.435000E-8	5.144664E-2
2.440000E-8	5.315958E-2
2.445000E-8	5.475605E-2
2.450000E-8	5.623090E-2
2.455000E-8	5.759440E-2
2.460000E-8	5.883115E-2
2.465000E-8	5.989832E-2
2.470000E-8	6.079076E-2
2.475000E-8	6.150677E-2
2.480000E-8	6.202580E-2
2.485000E-8	6.231871E-2
2.490000E-8	6.237182E-2
2.495000E-8	6.216455E-2
2.500000E-8	6.170891E-2
2.505000E-8	6.099804E-2
2.510000E-8	6.002680E-2
2.515000E-8	5.882431E-2
2.520000E-8	5.742997E-2
2.525000E-8	5.583865E-2
2.530000E-8	5.408630E-2
2.535000E-8	5.222091E-2
2.540000E-8	5.024074E-2
2.545000E-8	4.812868E-2
2.550000E-8	4.594467E-2
2.555000E-8	4.378122E-2
2.560000E-8	4.164518E-2
2.565000E-8	3.955538E-2
2.570000E-8	3.757864E-2
2.575000E-8	3.576120E-2
2.580000E-8	3.412020E-2
2.585000E-8	3.268989E-2
2.590000E-8	3.150282E-2
2.595000E-8	3.055727E-2
2.600000E-8	2.986181E-2
2.605000E-8	2.940959E-2
2.610000E-8	2.919376E-2
2.615000E-8	2.921945E-2
2.620000E-8	2.951408E-2
2.625000E-8	3.005537E-2
2.630000E-8	3.082619E-2
2.635000E-8	3.185053E-2
2.640000E-8	3.315237E-2
2.645000E-8	3.470944E-2
2.650000E-8	3.649433E-2
2.655000E-8	3.848648E-2
2.660000E-8	4.062938E-2
2.665000E-8	4.287163E-2
2.670000E-8	4.517554E-2
2.675000E-8	4.750343E-2
2.680000E-8	4.977480E-2
2.685000E-8	5.192455E-2
2.690000E-8	5.393383E-2
2.695000E-8	5.577011E-2
2.700000E-8	5.739741E-2
2.705000E-8	5.882258E-2
2.710000E-8	6.002679E-2
2.715000E-8	6.096548E-2
2.720000E-8	6.164895E-2
2.725000E-8	6.210973E-2
2.730000E-8	6.234783E-2
2.735000E-8	6.236154E-2
2.740000E-8	6.217654E-2
2.745000E-8	6.179113E-2
2.750000E-8	6.117276E-2
2.755000E-8	6.029915E-2
2.760000E-8	5.919431E-2
2.765000E-8	5.786163E-2
2.770000E-8	5.633026E-2
2.775000E-8	5.463102E-2
2.780000E-8	5.277419E-2
2.785000E-8	5.076148E-2
2.790000E-8	4.864085E-2
2.795000E-8	4.644143E-2
2.800000E-8	4.419918E-2
2.805000E-8	4.196036E-2
2.810000E-8	3.977122E-2
2.815000E-8	3.763688E-2
2.820000E-8	3.558820E-2
2.825000E-8	3.368340E-2
2.830000E-8	3.195333E-2
2.835000E-8	3.038084E-2
2.840000E-8	2.898821E-2
2.845000E-8	2.784568E-2
2.850000E-8	2.697550E-2
2.855000E-8	2.635199E-2
2.860000E-8	2.600768E-2
2.865000E-8	2.595287E-2
2.870000E-8	2.615157E-2
2.875000E-8	2.657809E-2
2.880000E-8	2.724956E-2
2.885000E-8	2.816941E-2
2.890000E-8	2.930681E-2
2.895000E-8	3.063434E-2
2.900000E-8	3.213831E-2
2.905000E-8	3.379986E-2
2.910000E-8	3.556420E-2
2.915000E-8	3.739020E-2
2.920000E-8	3.927786E-2
2.925000E-8	4.119808E-2
2.930000E-8	4.310116E-2
2.935000E-8	4.495286E-2
2.940000E-8	4.675145E-2
2.945000E-8	4.847296E-2
2.950000E-8	5.005744E-2
2.955000E-8	5.148432E-2
2.960000E-8	5.274334E-2
2.965000E-8	5.379338E-2
2.970000E-8	5.462758E-2
2.975000E-8	5.523739E-2
2.980000E-8	5.560396E-2
2.985000E-8	5.569818E-2
2.990000E-8	5.550461E-2
2.995000E-8	5.503184E-2
3.000000E-8	5.429356E-2
3.005000E-8	5.330691E-2
3.010000E-8	5.207701E-2
3.015000E-8	5.063643E-2
3.020000E-8	4.901941E-2
3.025000E-8	4.723452E-2
3.030000E-8	4.529889E-2
3.035000E-8	4.323822E-2
3.040000E-8	4.107134E-2
3.045000E-8	3.881881E-2
3.050000E-8	3.652004E-2
3.055000E-8	3.419043E-2
3.060000E-8	3.184712E-2
3.065000E-8	2.954664E-2
3.070000E-8	2.732323E-2
3.075000E-8	2.522145E-2
3.080000E-8	2.329267E-2
3.085000E-8	2.156773E-2
3.090000E-8	2.007061E-2
3.095000E-8	1.885442E-2
3.100000E-8	1.794998E-2
3.105000E-8	1.733161E-2
3.110000E-8	1.697189E-2
3.115000E-8	1.691365E-2
3.120000E-8	1.715346E-2
3.125000E-8	1.762452E-2
3.130000E-8	1.830798E-2
3.135000E-8	1.923297E-2
3.140000E-8	2.037722E-2
3.145000E-8	2.168933E-2
3.150000E-8	2.317103E-2
3.155000E-8	2.483944E-2
3.160000E-8	2.663290E-2
3.165000E-8	2.848802E-2
3.170000E-8	3.040138E-2
3.175000E-8	3.233872E-2
3.180000E-8	3.423152E-2
3.185000E-8	3.604553E-2
3.190000E-8	3.777047E-2
3.195000E-8	3.934467E-2
3.200000E-8	4.071845E-2
3.205000E-8	4.189525E-2
3.210000E-8	4.286820E-2
3.215000E-8	4.360648E-2
3.220000E-8	4.411180E-2
3.225000E-8	4.440472E-2
3.230000E-8	4.448523E-2
3.235000E-8	4.434305E-2
3.240000E-8	4.399875E-2
3.245000E-8	4.345404E-2
3.250000E-8	4.270719E-2
3.255000E-8	4.175137E-2
3.260000E-8	4.059513E-2
3.265000E-8	3.924533E-2
3.270000E-8	3.771396E-2
3.275000E-8	3.600615E-2
3.280000E-8	3.413733E-2
3.285000E-8	3.211263E-2
3.290000E-8	2.995431E-2
3.295000E-8	2.771721E-2
3.300000E-8	2.544584E-2
3.305000E-8	2.314707E-2
3.310000E-8	2.086028E-2
3.315000E-8	1.866428E-2
3.320000E-8	1.659676E-2
3.325000E-8	1.469025E-2
3.330000E-8	1.299786E-2
3.335000E-8	1.157269E-2
3.340000E-8	1.040103E-2
3.345000E-8	9.476037E-3
3.350000E-8	8.821691E-3
3.355000E-8	8.422573E-3
3.360000E-8	8.266694E-3
3.365000E-8	8.319794E-3
3.370000E-8	8.540763E-3
3.375000E-8	8.926175E-3
3.380000E-8	9.505150E-3
3.385000E-8	1.024343E-2
3.390000E-8	1.109134E-2
3.395000E-8	1.205915E-2
3.400000E-8	1.318455E-2
3.405000E-8	1.445213E-2
3.410000E-8	1.586017E-2
3.415000E-8	1.742752E-2
3.420000E-8	1.910963E-2
3.425000E-8	2.084999E-2
3.430000E-8	2.262802E-2
3.435000E-8	2.440264E-2
3.440000E-8	2.610873E-2
3.445000E-8	2.770348E-2
3.450000E-8	2.916463E-2
3.455000E-8	3.045790E-2
3.460000E-8	3.155248E-2
3.465000E-8	3.240724E-2
3.470000E-8	3.300506E-2
3.475000E-8	3.338362E-2
3.480000E-8	3.356348E-2
3.485000E-8	3.351380E-2
3.490000E-8	3.322946E-2
3.495000E-8	3.274469E-2
3.500000E-8	3.204581E-2
3.505000E-8	3.110027E-2
3.510000E-8	2.991491E-2
3.515000E-8	2.850173E-2
3.520000E-8	2.686758E-2
3.525000E-8	2.503301E-2
3.530000E-8	2.303572E-2
3.535000E-8	2.088940E-2
3.540000E-8	1.863687E-2
3.545000E-8	1.635009E-2
3.550000E-8	1.410784E-2
3.555000E-8	1.194611E-2
3.560000E-8	9.916265E-3
3.565000E-8	8.040589E-3
3.570000E-8	6.331068E-3
3.575000E-8	4.820249E-3
3.580000E-8	3.513271E-3
3.585000E-8	2.381013E-3
3.590000E-8	1.414910E-3
3.595000E-8	6.372320E-4
3.600000E-8	2.742232E-5
3.605000E-8	-4.436389E-4
3.610000E-8	-7.434055E-4
3.615000E-8	-8.496092E-4
3.620000E-8	-7.588241E-4
3.625000E-8	-4.504949E-4
3.630000E-8	1.044987E-4
3.635000E-8	8.890270E-4
3.640000E-8	1.899664E-3
3.645000E-8	3.134698E-3
3.650000E-8	4.551303E-3
3.655000E-8	6.103232E-3
3.660000E-8	7.764789E-3
3.665000E-8	9.488012E-3
3.670000E-8	1.122494E-2
3.675000E-8	1.294131E-2
3.680000E-8	1.459259E-2
3.685000E-8	1.614623E-2
3.690000E-8	1.760566E-2
3.695000E-8	1.896060E-2
3.700000E-8	2.017680E-2
3.705000E-8	2.125081E-2
3.710000E-8	2.217067E-2
3.715000E-8	2.291409E-2
3.720000E-8	2.348792E-2
3.725000E-8	2.393500E-2
3.730000E-8	2.421079E-2
3.735000E-8	2.426560E-2
3.740000E-8	2.413542E-2
3.745000E-8	2.382709E-2
3.750000E-8	2.328752E-2
3.755000E-8	2.250470E-2
3.760000E-8	2.152490E-2
3.765000E-8	2.032926E-2
3.770000E-8	1.892293E-2
3.775000E-8	1.735216E-2
3.780000E-8	1.564778E-2
3.785000E-8	1.383377E-2
3.790000E-8	1.194096E-2
3.795000E-8	9.998484E-3
3.800000E-8	8.056003E-3
3.805000E-8	6.164911E-3
3.810000E-8	4.366317E-3
3.815000E-8	2.679065E-3
3.820000E-8	1.135700E-3
3.825000E-8	-2.363698E-4
3.830000E-8	-1.430294E-3
3.835000E-8	-2.446071E-3
3.840000E-8	-3.285416E-3
3.845000E-8	-3.948326E-3
3.850000E-8	-4.421100E-3
3.855000E-8	-4.691747E-3
3.860000E-8	-4.785960E-3
3.865000E-8	-4.712304E-3
3.870000E-8	-4.451937E-3
3.875000E-8	-3.980878E-3
3.880000E-8	-3.335099E-3
3.885000E-8	-2.524876E-3
3.890000E-8	-1.529655E-3
3.895000E-8	-3.631396E-4
3.900000E-8	9.438376E-4
3.905000E-8	2.370721E-3
3.910000E-8	3.893530E-3
3.915000E-8	5.474579E-3
3.920000E-8	7.076183E-3
3.925000E-8	8.667510E-3
3.930000E-8	1.024513E-2
3.935000E-8	1.177651E-2
3.940000E-8	1.322395E-2
3.945000E-8	1.456347E-2
3.950000E-8	1.580193E-2
3.955000E-8	1.691535E-2
3.960000E-8	1.788659E-2
3.965000E-8	1.870880E-2
3.970000E-8	1.938542E-2
3.975000E-8	1.986847E-2
3.980000E-8	2.015282E-2
3.985000E-8	2.026245E-2
3.990000E-8	2.017852E-2
3.995000E-8	1.988389E-2
4.000000E-8	1.940598E-2
4.005000E-8	1.874478E-2
4.010000E-8	1.789859E-2
4.015000E-8	1.688966E-2
4.020000E-8	1.573514E-2
4.025000E-8	1.443159E-2
4.030000E-8	1.301841E-2
4.035000E-8	1.153157E-2
4.040000E-8	9.965937E-3
4.045000E-8	8.331787E-3
4.050000E-8	6.666803E-3
4.055000E-8	5.008671E-3
4.060000E-8	3.374520E-3
4.065000E-8	1.807174E-3
4.070000E-8	3.426052E-4
4.075000E-8	-1.000345E-3
4.080000E-8	-2.177139E-3
4.085000E-8	-3.167223E-3
4.090000E-8	-3.979160E-3
4.095000E-8	-4.599247E-3
4.100000E-8	-4.977809E-3
4.105000E-8	-5.111419E-3
4.110000E-8	-5.034337E-3
4.115000E-8	-4.737998E-3
4.120000E-8	-4.232680E-3
4.125000E-8	-3.540651E-3
4.130000E-8	-2.675614E-3
4.135000E-8	-1.642708E-3
4.140000E-8	-4.761924E-4
4.145000E-8	7.879612E-4
4.150000E-8	2.118920E-3
4.155000E-8	3.496128E-3
4.160000E-8	4.909308E-3
4.165000E-8	6.344756E-3
4.170000E-8	7.775066E-3
4.175000E-8	9.191672E-3
4.180000E-8	1.060657E-2
4.185000E-8	1.199748E-2
4.190000E-8	1.334214E-2
4.195000E-8	1.465083E-2
4.200000E-8	1.590813E-2
4.205000E-8	1.706095E-2
4.210000E-8	1.807844E-2
4.215000E-8	1.896403E-2
4.220000E-8	1.968347E-2
4.225000E-8	2.019050E-2
4.230000E-8	2.048342E-2
4.235000E-8	2.058448E-2
4.240000E-8	2.049027E-2
4.245000E-8	2.020592E-2
4.250000E-8	1.974685E-2
4.255000E-8	1.913876E-2
4.260000E-8	1.838849E-2
4.265000E-8	1.750461E-2
4.270000E-8	1.649226E-2
4.275000E-8	1.537371E-2
4.280000E-8	1.417807E-2
4.285000E-8	1.288308E-2
4.290000E-8	1.148018E-2
4.295000E-8	1.002075E-2
4.300000E-8	8.561322E-3
4.305000E-8	7.103605E-3
4.310000E-8	5.678433E-3
4.315000E-8	4.328631E-3
4.320000E-8	3.067903E-3
4.325000E-8	1.925367E-3
4.330000E-8	9.507004E-4
4.335000E-8	1.764481E-4
4.340000E-8	-4.213707E-4
4.345000E-8	-8.478949E-4
4.350000E-8	-1.116828E-3
4.355000E-8	-1.214467E-3
4.360000E-8	-1.132246E-3
4.365000E-8	-8.684531E-4
4.370000E-8	-4.470691E-4
4.375000E-8	1.473226E-4
4.380000E-8	9.215738E-4
4.385000E-8	1.839712E-3
4.390000E-8	2.870905E-3
4.395000E-8	4.011727E-3
4.400000E-8	5.265603E-3
4.405000E-8	6.606840E-3
4.410000E-8	7.990900E-3
4.415000E-8	9.410932E-3
4.420000E-8	1.086351E-2
4.425000E-8	1.231609E-2
4.430000E-8	1.371728E-2
4.435000E-8	1.506365E-2
4.440000E-8	1.636035E-2
4.445000E-8	1.758169E-2
4.450000E-8	1.868654E-2
4.455000E-8	1.968347E-2
4.460000E-8	2.057249E-2
4.465000E-8	2.131077E-2
4.470000E-8	2.186577E-2
4.475000E-8	2.226831E-2
4.480000E-8	2.250470E-2
4.485000E-8	2.255095E-2
4.490000E-8	2.242419E-2
4.495000E-8	2.213128E-2
4.500000E-8	2.166364E-2
4.505000E-8	2.101786E-2
4.510000E-8	2.023847E-2
4.515000E-8	1.932205E-2
4.520000E-8	1.827201E-2
4.525000E-8	1.712605E-2
4.530000E-8	1.591157E-2
4.535000E-8	1.464057E-2
4.540000E-8	1.333702E-2
4.545000E-8	1.205059E-2
4.550000E-8	1.080186E-2
4.555000E-8	9.602794E-3
4.560000E-8	8.470536E-3
4.565000E-8	7.411935E-3
4.570000E-8	6.444120E-3
4.575000E-8	5.580795E-3
4.580000E-8	4.797978E-3
4.585000E-8	4.107660E-3
4.590000E-8	3.542388E-3
4.595000E-8	3.097021E-3
4.600000E-8	2.757857E-3
4.605000E-8	2.548877E-3
4.610000E-8	2.509479E-3
4.615000E-8	2.632810E-3
4.620000E-8	2.918872E-3
4.625000E-8	3.388218E-3
4.630000E-8	4.028860E-3
4.635000E-8	4.828805E-3
4.640000E-8	5.782915E-3
4.645000E-8	6.856932E-3
4.650000E-8	7.997754E-3
4.655000E-8	9.200241E-3
4.660000E-8	1.044384E-2
4.665000E-8	1.168230E-2
4.670000E-8	1.287280E-2
4.675000E-8	1.404103E-2
4.680000E-8	1.517157E-2
4.685000E-8	1.624045E-2
4.690000E-8	1.724424E-2
4.695000E-8	1.818293E-2
4.700000E-8	1.904454E-2
4.705000E-8	1.980509E-2
4.710000E-8	2.046115E-2
4.715000E-8	2.102300E-2
4.720000E-8	2.148378E-2
4.725000E-8	2.182294E-2
4.730000E-8	2.202679E-2
4.735000E-8	2.209530E-2
4.740000E-8	2.203021E-2
4.745000E-8	2.181096E-2
4.750000E-8	2.144610E-2
4.755000E-8	2.095620E-2
4.760000E-8	2.034125E-2
4.765000E-8	1.957385E-2
4.770000E-8	1.868312E-2
4.775000E-8	1.770845E-2
4.780000E-8	1.666013E-2
4.785000E-8	1.554329E-2
4.790000E-8	1.438876E-2
4.795000E-8	1.321711E-2
4.800000E-8	1.204374E-2
4.805000E-8	1.089093E-2
4.810000E-8	9.782653E-3
4.815000E-8	8.736043E-3
4.820000E-8	7.773367E-3
4.825000E-8	6.894626E-3
4.830000E-8	6.111809E-3
4.835000E-8	5.460889E-3
4.840000E-8	4.950430E-3
4.845000E-8	4.556452E-3
4.850000E-8	4.266964E-3
4.855000E-8	4.104233E-3
4.860000E-8	4.068260E-3
4.865000E-8	4.164185E-3
4.870000E-8	4.383441E-3
4.875000E-8	4.708900E-3
4.880000E-8	5.130284E-3
4.885000E-8	5.661297E-3
4.890000E-8	6.303652E-3
4.895000E-8	7.040218E-3
4.900000E-8	7.867571E-3
4.905000E-8	8.778858E-3
4.910000E-8	9.770654E-3
4.915000E-8	1.082069E-2
4.920000E-8	1.190670E-2
4.925000E-8	1.297044E-2
4.930000E-8	1.399649E-2
4.935000E-8	1.500028E-2
4.940000E-8	1.596295E-2
4.945000E-8	1.685026E-2
4.950000E-8	1.765021E-2
4.955000E-8	1.836450E-2
4.960000E-8	1.896746E-2
4.965000E-8	1.945223E-2
4.970000E-8	1.982394E-2
4.975000E-8	2.007403E-2
4.980000E-8	2.019051E-2
4.985000E-8	2.019051E-2
4.990000E-8	2.008431E-2
4.995000E-8	1.984792E-2
5.000000E-8	1.946936E-2
5.005000E-8	1.898460E-2
5.010000E-8	1.837136E-2
5.015000E-8	1.761424E-2
5.020000E-8	1.674064E-2
5.025000E-8	1.578481E-2
5.030000E-8	1.472793E-2
5.035000E-8	1.358882E-2
5.040000E-8	1.242059E-2
5.045000E-8	1.123523E-2
5.050000E-8	1.005672E-2
5.055000E-8	8.907336E-3
5.060000E-8	7.797347E-3
5.065000E-8	6.742172E-3
5.070000E-8	5.800052E-3
5.075000E-8	4.958995E-3
5.080000E-8	4.201872E-3
5.085000E-8	3.552666E-3
5.090000E-8	3.035355E-3
5.095000E-8	2.631100E-3
5.100000E-8	2.336473E-3
5.105000E-8	2.148048E-3
5.110000E-8	2.053835E-3
5.115000E-8	2.081242E-3
5.120000E-8	2.247397E-3
5.125000E-8	2.514616E-3
5.130000E-8	2.876047E-3
5.135000E-8	3.352246E-3
5.140000E-8	3.932934E-3
5.145000E-8	4.588992E-3
5.150000E-8	5.327272E-3
5.155000E-8	6.134069E-3
5.160000E-8	6.963135E-3
5.165000E-8	7.807617E-3
5.170000E-8	8.665803E-3
5.175000E-8	9.520563E-3
5.180000E-8	1.035648E-2
5.185000E-8	1.116328E-2
5.190000E-8	1.192211E-2
5.195000E-8	1.262785E-2
5.200000E-8	1.327877E-2
5.205000E-8	1.382862E-2
5.210000E-8	1.427056E-2
5.215000E-8	1.463028E-2
5.220000E-8	1.488551E-2
5.225000E-8	1.501056E-2
5.230000E-8	1.501398E-2
5.235000E-8	1.491121E-2
5.240000E-8	1.467140E-2
5.245000E-8	1.428598E-2
5.250000E-8	1.378752E-2
5.255000E-8	1.318627E-2
5.260000E-8	1.249767E-2
5.265000E-8	1.174055E-2
5.270000E-8	1.091319E-2
5.275000E-8	1.003103E-2
5.280000E-8	9.136868E-3
5.285000E-8	8.249562E-3
5.290000E-8	7.338275E-3
5.295000E-8	6.414998E-3
5.300000E-8	5.505424E-3
5.305000E-8	4.626682E-3
5.310000E-8	3.766784E-3
5.315000E-8	2.924014E-3
5.320000E-8	2.110365E-3
5.325000E-8	1.327548E-3
5.330000E-8	5.841294E-4
5.335000E-8	-8.391998E-5
5.340000E-8	-6.748868E-4
5.345000E-8	-1.183632E-3
5.350000E-8	-1.584462E-3
5.355000E-8	-1.872238E-3
5.360000E-8	-2.033255E-3
5.365000E-8	-2.064089E-3
5.370000E-8	-1.966451E-3
5.375000E-8	-1.748907E-3
5.380000E-8	-1.399467E-3
5.385000E-8	-9.198424E-4
5.390000E-8	-3.391540E-4
5.395000E-8	3.271816E-4
5.400000E-8	1.067174E-3
5.405000E-8	1.839712E-3
5.410000E-8	2.617390E-3
5.415000E-8	3.391641E-3
5.420000E-8	4.152189E-3
5.425000E-8	4.876765E-3
5.430000E-8	5.555092E-3
5.435000E-8	6.178604E-3
5.440000E-8	6.743876E-3
5.445000E-8	7.247483E-3
5.450000E-8	7.689423E-3
5.455000E-8	8.069697E-3
5.460000E-8	8.400296E-3
5.465000E-8	8.672655E-3
5.470000E-8	8.885060E-3
5.475000E-8	9.047791E-3
5.480000E-8	9.153994E-3
5.485000E-8	9.145429E-3
5.490000E-8	9.027236E-3
5.495000E-8	8.826822E-3
5.500000E-8	8.533909E-3
5.505000E-8	8.103959E-3
5.510000E-8	7.557530E-3
5.515000E-8	6.932305E-3
5.520000E-8	6.223146E-3
5.525000E-8	5.419775E-3
5.530000E-8	4.542747E-3
5.535000E-8	3.610904E-3
5.540000E-8	2.639664E-3
5.545000E-8	1.661572E-3
5.550000E-8	6.834795E-4
5.555000E-8	-2.740574E-4
5.560000E-8	-1.175067E-3
5.565000E-8	-1.997282E-3
5.570000E-8	-2.750978E-3
5.575000E-8	-3.434444E-3
5.580000E-8	-4.016846E-3
5.585000E-8	-4.491333E-3
5.590000E-8	-4.873320E-3
5.595000E-8	-5.167947E-3
5.600000E-8	-5.358084E-3
5.605000E-8	-5.457436E-3
5.610000E-8	-5.483130E-3
5.615000E-8	-5.450584E-3
5.620000E-8	-5.351234E-3
5.625000E-8	-5.174800E-3
5.630000E-8	-4.914433E-3
5.635000E-8	-4.573557E-3
5.640000E-8	-4.148747E-3
5.645000E-8	-3.633150E-3
5.650000E-8	-3.038758E-3
5.655000E-8	-2.391265E-3
5.660000E-8	-1.690670E-3
5.665000E-8	-9.575292E-4
5.670000E-8	-2.106849E-4
5.675000E-8	5.190300E-4
5.680000E-8	1.226477E-3
5.685000E-8	1.891100E-3
5.690000E-8	2.509473E-3
5.695000E-8	3.085023E-3
5.700000E-8	3.602333E-3
5.705000E-8	4.040847E-3
5.710000E-8	4.402279E-3
5.715000E-8	4.688341E-3
5.720000E-8	4.904173E-3
5.725000E-8	5.036070E-3
5.730000E-8	5.078894E-3
5.735000E-8	5.048061E-3
5.740000E-8	4.931581E-3
5.745000E-8	4.722602E-3
5.750000E-8	4.450244E-3
5.755000E-8	4.124785E-3
5.760000E-8	3.723956E-3
5.765000E-8	3.242618E-3
5.770000E-8	2.715031E-3
5.775000E-8	2.129204E-3
5.780000E-8	1.464581E-3
5.785000E-8	7.571344E-4
5.790000E-8	2.913244E-5
5.795000E-8	-7.194249E-4
5.800000E-8	-1.476547E-3
5.805000E-8	-2.218253E-3
5.810000E-8	-2.937690E-3
5.815000E-8	-3.609165E-3
5.820000E-8	-4.215548E-3
5.825000E-8	-4.756839E-3
5.830000E-8	-5.229613E-3
5.835000E-8	-5.632155E-3
5.840000E-8	-5.979884E-3
5.845000E-8	-6.272798E-3
5.850000E-8	-6.490343E-3
5.855000E-8	-6.627379E-3
5.860000E-8	-6.692472E-3
5.865000E-8	-6.678768E-3
5.870000E-8	-6.575992E-3
5.875000E-8	-6.358448E-3
5.880000E-8	-6.027850E-3
5.885000E-8	-5.601326E-3
5.890000E-8	-5.097720E-3
5.895000E-8	-4.520458E-3
5.900000E-8	-3.879816E-3
5.905000E-8	-3.206628E-3
5.910000E-8	-2.512885E-3
5.915000E-8	-1.814003E-3
5.920000E-8	-1.115121E-3
5.925000E-8	-4.470723E-4
5.930000E-8	1.884305E-4
5.935000E-8	8.016651E-4
5.940000E-8	1.382354E-3
5.945000E-8	1.896238E-3
5.950000E-8	2.346742E-3
5.955000E-8	2.766414E-3
5.960000E-8	3.136411E-3
5.965000E-8	3.398492E-3
5.970000E-8	3.564648E-3
5.975000E-8	3.655434E-3
5.980000E-8	3.669138E-3
5.985000E-8	3.597195E-3
5.990000E-8	3.437891E-3
5.995000E-8	3.206644E-3
6.000000E-8	2.927434E-3
6.005000E-8	2.617391E-3
6.010000E-8	2.259386E-3
6.015000E-8	1.853418E-3
6.020000E-8	1.444024E-3
6.025000E-8	1.020927E-3
6.030000E-8	5.498668E-4
6.035000E-8	3.598323E-5
6.040000E-8	-4.779005E-4
6.045000E-8	-1.003775E-3
6.050000E-8	-1.555343E-3
6.055000E-8	-2.118903E-3
6.060000E-8	-2.672184E-3
6.065000E-8	-3.168939E-3
6.070000E-8	-3.595463E-3
6.075000E-8	-3.963746E-3
6.080000E-8	-4.263512E-3
6.085000E-8	-4.475917E-3
6.090000E-8	-4.595824E-3
6.095000E-8	-4.647212E-3
6.100000E-8	-4.636935E-3
6.105000E-8	-4.570130E-3
6.110000E-8	-4.445085E-3
6.115000E-8	-4.270365E-3
6.120000E-8	-4.078515E-3
6.125000E-8	-3.847267E-3
6.130000E-8	-3.533799E-3
6.135000E-8	-3.163802E-3
6.140000E-8	-2.766399E-3
6.145000E-8	-2.333024E-3
6.150000E-8	-1.861964E-3
6.155000E-8	-1.365210E-3
6.160000E-8	-8.359104E-4
6.165000E-8	-2.860550E-4
6.170000E-8	2.518098E-4
6.175000E-8	7.828229E-4
6.180000E-8	1.327540E-3
6.185000E-8	1.858553E-3
6.190000E-8	2.370724E-3
6.195000E-8	2.879469E-3
6.200000E-8	3.388214E-3
6.205000E-8	3.862701E-3
6.210000E-8	4.296076E-3
6.215000E-8	4.676351E-3
6.220000E-8	4.994959E-3
6.225000E-8	5.236485E-3
6.230000E-8	5.370095E-3
6.235000E-8	5.387225E-3
6.240000E-8	5.308429E-3
6.245000E-8	5.138848E-3
6.250000E-8	4.856212E-3
6.255000E-8	4.472513E-3
6.260000E-8	4.040851E-3
6.265000E-8	3.605762E-3
6.270000E-8	3.160397E-3
6.275000E-8	2.691050E-3
6.280000E-8	2.231981E-3
6.285000E-8	1.810596E-3
6.290000E-8	1.399489E-3
6.295000E-8	9.900952E-4
6.300000E-8	6.132471E-4
6.305000E-8	2.672319E-4
6.310000E-8	-9.591276E-5
6.315000E-8	-4.607704E-4
6.320000E-8	-7.913692E-4
6.325000E-8	-1.099700E-3
6.330000E-8	-1.394327E-3
6.335000E-8	-1.640991E-3
6.340000E-8	-1.829415E-3
6.345000E-8	-1.981868E-3
6.350000E-8	-2.077793E-3
6.355000E-8	-2.086358E-3
6.360000E-8	-2.014414E-3
6.365000E-8	-1.863675E-3
6.370000E-8	-1.605021E-3
6.375000E-8	-1.250441E-3
6.380000E-8	-8.324826E-4
6.385000E-8	-3.854040E-4
6.390000E-8	8.565586E-5
6.395000E-8	5.789840E-4
6.400000E-8	1.084303E-3
6.405000E-8	1.563928E-3
6.410000E-8	2.002442E-3
6.415000E-8	2.432391E-3
6.420000E-8	2.865767E-3
6.425000E-8	3.264883E-3
6.430000E-8	3.621176E-3
6.435000E-8	3.962052E-3
6.440000E-8	4.332049E-3
6.445000E-8	4.726027E-3
6.450000E-8	5.128569E-3
6.455000E-8	5.544815E-3
6.460000E-8	5.988468E-3
6.465000E-8	6.420131E-3
6.470000E-8	6.796979E-3
6.475000E-8	7.125865E-3
6.480000E-8	7.374242E-3
6.485000E-8	7.495862E-3
6.490000E-8	7.494149E-3
6.495000E-8	7.362252E-3
6.500000E-8	7.105311E-3
6.505000E-8	6.742167E-3
6.510000E-8	6.310505E-3
6.515000E-8	5.810325E-3
6.520000E-8	5.284450E-3
6.525000E-8	4.773993E-3
6.530000E-8	4.294368E-3
6.535000E-8	3.833585E-3
6.540000E-8	3.405349E-3
6.545000E-8	3.021649E-3
6.550000E-8	2.679059E-3
6.555000E-8	2.369016E-3
6.560000E-8	2.076102E-3
6.565000E-8	1.798605E-3
6.570000E-8	1.539950E-3
6.575000E-8	1.310415E-3
6.580000E-8	1.103149E-3
6.585000E-8	9.284287E-4
6.590000E-8	8.068096E-4
6.595000E-8	7.400049E-4
6.600000E-8	7.228755E-4
6.605000E-8	7.537085E-4
6.610000E-8	8.307910E-4
6.615000E-8	9.695394E-4
6.620000E-8	1.176806E-3
6.625000E-8	1.437173E-3
6.630000E-8	1.735225E-3
6.635000E-8	2.074388E-3
6.640000E-8	2.459801E-3
6.645000E-8	2.872620E-3
6.650000E-8	3.314560E-3
6.655000E-8	3.783907E-3
6.660000E-8	4.256680E-3
6.665000E-8	4.708898E-3
6.670000E-8	5.118292E-3
6.675000E-8	5.517409E-3
6.680000E-8	5.901109E-3
6.685000E-8	6.226569E-3
6.690000E-8	6.492075E-3
6.695000E-8	6.730175E-3
6.700000E-8	6.939155E-3
6.705000E-8	7.096746E-3
6.710000E-8	7.199523E-3
6.715000E-8	7.280031E-3
6.720000E-8	7.345123E-3
6.725000E-8	7.387947E-3
6.730000E-8	7.384521E-3
6.735000E-8	7.345123E-3
6.740000E-8	7.304013E-3
6.745000E-8	7.245773E-3
6.750000E-8	7.146422E-3
6.755000E-8	7.011100E-3
6.760000E-8	6.851796E-3
6.765000E-8	6.637678E-3
6.770000E-8	6.348190E-3
6.775000E-8	6.015879E-3
6.780000E-8	5.644170E-3
6.785000E-8	5.224498E-3
6.790000E-8	4.773993E-3
6.795000E-8	4.306359E-3
6.800000E-8	3.830160E-3
6.805000E-8	3.381368E-3
6.810000E-8	2.994242E-3
6.815000E-8	2.665356E-3
6.820000E-8	2.384433E-3
6.825000E-8	2.182305E-3
6.830000E-8	2.065825E-3
6.835000E-8	2.011011E-3
6.840000E-8	2.011011E-3
6.845000E-8	2.058973E-3
6.850000E-8	2.124065E-3
6.855000E-8	2.184018E-3
6.860000E-8	2.262814E-3
6.865000E-8	2.360451E-3
6.870000E-8	2.440960E-3
6.875000E-8	2.495774E-3
6.880000E-8	2.562578E-3
6.885000E-8	2.653364E-3
6.890000E-8	2.761280E-3
6.895000E-8	2.893176E-3
6.900000E-8	3.078174E-3
6.905000E-8	3.304283E-3
6.910000E-8	3.578354E-3
6.915000E-8	3.903814E-3
6.920000E-8	4.256681E-3
6.925000E-8	4.607835E-3
6.930000E-8	4.960702E-3
6.935000E-8	5.315282E-3
6.940000E-8	5.659584E-3
6.945000E-8	5.959350E-3
6.950000E-8	6.200875E-3
6.955000E-8	6.396151E-3
6.960000E-8	6.550317E-3
6.965000E-8	6.654806E-3
6.970000E-8	6.702769E-3
6.975000E-8	6.714759E-3
6.980000E-8	6.689065E-3
6.985000E-8	6.605131E-3
6.990000E-8	6.464669E-3
6.995000E-8	6.300227E-3
7.000000E-8	6.096386E-3
7.005000E-8	5.818889E-3
7.010000E-8	5.501994E-3
7.015000E-8	5.179961E-3
7.020000E-8	4.839085E-3
7.025000E-8	4.469089E-3
7.030000E-8	4.090528E-3
7.035000E-8	3.715393E-3
7.040000E-8	3.362527E-3
7.045000E-8	3.040493E-3
7.050000E-8	2.749292E-3
7.055000E-8	2.473507E-3
7.060000E-8	2.216565E-3
7.065000E-8	1.985317E-3
7.070000E-8	1.740365E-3
7.075000E-8	1.486849E-3
7.080000E-8	1.265878E-3
7.085000E-8	1.065464E-3
7.090000E-8	8.496322E-4
7.095000E-8	6.355139E-4
7.100000E-8	4.607934E-4
7.105000E-8	3.203319E-4
7.110000E-8	1.884351E-4
7.115000E-8	1.147785E-4
7.120000E-8	1.045009E-4
7.125000E-8	1.319080E-4
7.130000E-8	2.021388E-4
7.135000E-8	3.785721E-4
7.140000E-8	6.389398E-4
7.145000E-8	9.215757E-4
7.150000E-8	1.223054E-3
7.155000E-8	1.551939E-3
7.160000E-8	1.894528E-3
7.165000E-8	2.231979E-3
7.170000E-8	2.535170E-3
7.175000E-8	2.788686E-3
7.180000E-8	3.001091E-3
7.185000E-8	3.177525E-3
7.190000E-8	3.292292E-3
7.195000E-8	3.367662E-3
7.200000E-8	3.432754E-3
7.205000E-8	3.472152E-3
7.210000E-8	3.482429E-3
7.215000E-8	3.504698E-3
7.220000E-8	3.533818E-3
7.225000E-8	3.545809E-3
7.230000E-8	3.547522E-3
7.235000E-8	3.545809E-3
7.240000E-8	3.506411E-3
7.245000E-8	3.386505E-3
7.250000E-8	3.210071E-3
7.255000E-8	2.989101E-3
7.260000E-8	2.706465E-3
7.265000E-8	2.365589E-3
7.270000E-8	2.002444E-3
7.275000E-8	1.630735E-3
7.280000E-8	1.229906E-3
7.285000E-8	8.136596E-4
7.290000E-8	4.111173E-4
7.295000E-8	2.399141E-5
7.300000E-8	-3.408661E-4
7.305000E-8	-6.714647E-4
7.310000E-8	-9.592397E-4
7.315000E-8	-1.217895E-3
7.320000E-8	-1.445716E-3
7.325000E-8	-1.630714E-3
7.330000E-8	-1.778028E-3
7.335000E-8	-1.885943E-3
7.340000E-8	-1.961313E-3
7.345000E-8	-2.012701E-3
7.350000E-8	-2.046960E-3
7.355000E-8	-2.052099E-3
7.360000E-8	-2.043534E-3
7.365000E-8	-2.022979E-3
7.370000E-8	-1.981868E-3
7.375000E-8	-1.954461E-3
7.380000E-8	-1.939045E-3
7.385000E-8	-1.896221E-3
7.390000E-8	-1.802009E-3
7.395000E-8	-1.664974E-3
7.400000E-8	-1.485115E-3
7.405000E-8	-1.264145E-3
7.410000E-8	-1.012342E-3
7.415000E-8	-7.468352E-4
7.420000E-8	-4.813286E-4
7.425000E-8	-2.415163E-4
7.430000E-8	-1.540747E-5
7.435000E-8	1.918590E-4
7.440000E-8	3.528760E-4
7.445000E-8	4.710693E-4
7.450000E-8	5.858368E-4
7.455000E-8	6.834749E-4
7.460000E-8	7.605576E-4
7.465000E-8	8.325015E-4
7.470000E-8	9.010194E-4
7.475000E-8	9.387044E-4
7.480000E-8	9.335657E-4
7.485000E-8	8.907421E-4
7.490000E-8	8.050949E-4
7.495000E-8	6.766240E-4
7.500000E-8	5.053294E-4
7.505000E-8	2.980630E-4
7.510000E-8	6.167651E-5
7.515000E-8	-1.832747E-4
7.520000E-8	-4.299389E-4
7.525000E-8	-6.748902E-4
7.530000E-8	-9.009990E-4
7.535000E-8	-1.104840E-3
7.540000E-8	-1.300116E-3
7.545000E-8	-1.502243E-3
7.550000E-8	-1.714649E-3
7.555000E-8	-1.932193E-3
7.560000E-8	-2.158302E-3
7.565000E-8	-2.410105E-3
7.570000E-8	-2.682464E-3
7.575000E-8	-2.963387E-3
7.580000E-8	-3.240885E-3
7.585000E-8	-3.502965E-3
7.590000E-8	-3.723935E-3
7.595000E-8	-3.895230E-3
7.600000E-8	-4.016849E-3
7.605000E-8	-4.069950E-3
7.610000E-8	-4.045969E-3
7.615000E-8	-3.958609E-3
7.620000E-8	-3.826712E-3
7.625000E-8	-3.660556E-3
7.630000E-8	-3.490975E-3
7.635000E-8	-3.317967E-3
7.640000E-8	-3.120979E-3
7.645000E-8	-2.913712E-3
7.650000E-8	-2.732140E-3
7.655000E-8	-2.567697E-3
7.660000E-8	-2.401542E-3
7.665000E-8	-2.243951E-3
7.670000E-8	-2.113767E-3
7.675000E-8	-1.968167E-3
7.680000E-8	-1.800298E-3
7.685000E-8	-1.615300E-3
7.690000E-8	-1.426876E-3
7.695000E-8	-1.229887E-3
7.700000E-8	-1.036324E-3
7.705000E-8	-8.564643E-4
7.710000E-8	-7.005862E-4
7.715000E-8	-5.772541E-4
7.720000E-8	-4.881810E-4
7.725000E-8	-4.385056E-4
7.730000E-8	-4.573480E-4
7.735000E-8	-5.327176E-4
7.740000E-8	-6.440591E-4
7.745000E-8	-7.913724E-4
7.750000E-8	-9.935000E-4
7.755000E-8	-1.226461E-3
7.760000E-8	-1.464560E-3
7.765000E-8	-1.685530E-3
7.770000E-8	-1.891084E-3
7.775000E-8	-2.081221E-3
7.780000E-8	-2.266219E-3
7.785000E-8	-2.452930E-3
7.790000E-8	-2.634502E-3
7.795000E-8	-2.786954E-3
7.800000E-8	-2.920564E-3
7.805000E-8	-3.081581E-3
7.810000E-8	-3.261440E-3
7.815000E-8	-3.420744E-3
7.820000E-8	-3.566344E-3
7.825000E-8	-3.730787E-3
7.830000E-8	-3.896943E-3
7.835000E-8	-4.037405E-3
7.840000E-8	-4.164163E-3
7.845000E-8	-4.277217E-3
7.850000E-8	-4.364578E-3
7.855000E-8	-4.429670E-3
7.860000E-8	-4.470781E-3
7.865000E-8	-4.460503E-3
7.870000E-8	-4.398837E-3
7.875000E-8	-4.302912E-3
7.880000E-8	-4.153886E-3
7.885000E-8	-3.927777E-3
7.890000E-8	-3.663983E-3
7.895000E-8	-3.393338E-3
7.900000E-8	-3.095285E-3
7.905000E-8	-2.786955E-3
7.910000E-8	-2.499180E-3
7.915000E-8	-2.235386E-3
7.920000E-8	-1.997287E-3
7.925000E-8	-1.808863E-3
7.930000E-8	-1.671827E-3
7.935000E-8	-1.562199E-3
7.940000E-8	-1.490255E-3
7.945000E-8	-1.464561E-3
7.950000E-8	-1.454283E-3
7.955000E-8	-1.438867E-3
7.960000E-8	-1.428589E-3
7.965000E-8	-1.426876E-3
7.970000E-8	-1.423450E-3
7.975000E-8	-1.409747E-3
7.980000E-8	-1.384052E-3
7.985000E-8	-1.365210E-3
7.990000E-8	-1.370349E-3
7.995000E-8	-1.384052E-3
8.000000E-8	-1.402894E-3
8.005000E-8	-1.444005E-3
8.010000E-8	-1.526226E-3
8.015000E-8	-1.615299E-3
8.020000E-8	-1.700947E-3
8.025000E-8	-1.817427E-3
8.030000E-8	-1.971592E-3
8.035000E-8	-2.130896E-3
8.040000E-8	-2.274783E-3
8.045000E-8	-2.413532E-3
8.050000E-8	-2.542003E-3
8.055000E-8	-2.658484E-3
8.060000E-8	-2.742418E-3
8.065000E-8	-2.790380E-3
8.070000E-8	-2.807510E-3
8.075000E-8	-2.797232E-3
8.080000E-8	-2.754409E-3
8.085000E-8	-2.668761E-3
8.090000E-8	-2.564271E-3
8.095000E-8	-2.461495E-3
8.100000E-8	-2.357005E-3
8.105000E-8	-2.252515E-3
8.110000E-8	-2.168581E-3
8.115000E-8	-2.106915E-3
8.120000E-8	-2.053813E-3
8.125000E-8	-1.998999E-3
8.130000E-8	-1.952750E-3
8.135000E-8	-1.928769E-3
8.140000E-8	-1.911639E-3
8.145000E-8	-1.873955E-3
8.150000E-8	-1.800298E-3
8.155000E-8	-1.690670E-3
8.160000E-8	-1.558773E-3
8.165000E-8	-1.384053E-3
8.170000E-8	-1.157944E-3
8.175000E-8	-9.010018E-4
8.180000E-8	-6.389210E-4
8.185000E-8	-3.734143E-4
8.190000E-8	-1.198982E-4
8.195000E-8	1.216273E-4
8.200000E-8	3.494492E-4
8.205000E-8	5.412993E-4
8.210000E-8	6.697703E-4
8.215000E-8	7.622695E-4
8.220000E-8	8.256486E-4
8.225000E-8	8.290745E-4
8.230000E-8	7.742603E-4
8.235000E-8	7.245849E-4
8.240000E-8	6.749095E-4
8.245000E-8	5.926881E-4
8.250000E-8	5.019020E-4
8.255000E-8	4.402360E-4
8.260000E-8	4.059772E-4
8.265000E-8	3.819961E-4
8.270000E-8	3.631538E-4
8.275000E-8	3.528763E-4
8.280000E-8	3.254694E-4
8.285000E-8	2.672294E-4
8.290000E-8	1.952858E-4
8.295000E-8	1.130645E-4
8.300000E-8	-1.026749E-5
8.305000E-8	-1.644325E-4
8.310000E-8	-3.288753E-4
8.315000E-8	-4.881793E-4
8.320000E-8	-6.543351E-4
8.325000E-8	-8.102133E-4
8.330000E-8	-9.215549E-4
8.335000E-8	-9.917859E-4
8.340000E-8	-1.010629E-3
8.345000E-8	-9.729439E-4
8.350000E-8	-8.753061E-4
8.355000E-8	-7.177153E-4
8.360000E-8	-5.258654E-4
8.365000E-8	-3.134602E-4
8.370000E-8	-8.735143E-5
8.375000E-8	1.336186E-4
8.380000E-8	3.134780E-4
8.385000E-8	4.539396E-4
8.390000E-8	5.772717E-4
8.395000E-8	6.800486E-4
8.400000E-8	7.400017E-4
8.405000E-8	7.793995E-4
8.410000E-8	8.393526E-4
8.415000E-8	9.010186E-4
8.420000E-8	9.695364E-4
8.425000E-8	1.079165E-3
8.430000E-8	1.233330E-3
8.435000E-8	1.409763E-3
8.440000E-8	1.596474E-3
8.445000E-8	1.783186E-3
8.450000E-8	1.968184E-3
8.455000E-8	2.146330E-3
8.460000E-8	2.307347E-3
8.465000E-8	2.435819E-3
8.470000E-8	2.530031E-3
8.475000E-8	2.584845E-3
8.480000E-8	2.586558E-3
8.485000E-8	2.531744E-3
8.490000E-8	2.427254E-3
8.495000E-8	2.279941E-3
8.500000E-8	2.093230E-3
8.505000E-8	1.870547E-3
8.510000E-8	1.635873E-3
8.515000E-8	1.428607E-3
8.520000E-8	1.259025E-3
8.525000E-8	1.121989E-3
8.530000E-8	1.020925E-3
8.535000E-8	9.918054E-4
8.540000E-8	1.031203E-3
8.545000E-8	1.098008E-3
8.550000E-8	1.166526E-3
8.555000E-8	1.248748E-3
8.560000E-8	1.337821E-3
8.565000E-8	1.392635E-3
8.570000E-8	1.380645E-3
8.575000E-8	1.348099E-3
8.580000E-8	1.301849E-3
8.585000E-8	1.219627E-3
8.590000E-8	1.109999E-3
8.595000E-8	1.024351E-3
8.600000E-8	9.746754E-4
8.605000E-8	9.575458E-4
8.610000E-8	9.815269E-4
8.615000E-8	1.041480E-3
8.620000E-8	1.121988E-3
8.625000E-8	1.202497E-3
8.630000E-8	1.301848E-3
8.635000E-8	1.401199E-3
8.640000E-8	1.473143E-3
8.645000E-8	1.527957E-3
8.650000E-8	1.594762E-3
8.655000E-8	1.661567E-3
8.660000E-8	1.712956E-3
8.665000E-8	1.759205E-3
8.670000E-8	1.834575E-3
8.675000E-8	1.923648E-3
8.680000E-8	2.017860E-3
8.685000E-8	2.124063E-3
8.690000E-8	2.254247E-3
8.695000E-8	2.392995E-3
8.700000E-8	2.530031E-3
8.705000E-8	2.643086E-3
8.710000E-8	2.727020E-3
8.715000E-8	2.773270E-3
8.720000E-8	2.792112E-3
8.725000E-8	2.800677E-3
8.730000E-8	2.795538E-3
8.735000E-8	2.768131E-3
8.740000E-8	2.720168E-3
8.745000E-8	2.653363E-3
8.750000E-8	2.583132E-3
8.755000E-8	2.542022E-3
8.760000E-8	2.516327E-3
8.765000E-8	2.476930E-3
8.770000E-8	2.427254E-3
8.775000E-8	2.377579E-3
8.780000E-8	2.317626E-3
8.785000E-8	2.240544E-3
8.790000E-8	2.156609E-3
8.795000E-8	2.057259E-3
8.800000E-8	1.940779E-3
8.805000E-8	1.836289E-3
8.810000E-8	1.743790E-3
8.815000E-8	1.656429E-3
8.820000E-8	1.586199E-3
8.825000E-8	1.534810E-3
8.830000E-8	1.481709E-3
8.835000E-8	1.433746E-3
8.840000E-8	1.414903E-3
8.845000E-8	1.413190E-3
8.850000E-8	1.402913E-3
8.855000E-8	1.399487E-3
8.860000E-8	1.401200E-3
8.865000E-8	1.399487E-3
8.870000E-8	1.420043E-3
8.875000E-8	1.464579E-3
8.880000E-8	1.503977E-3
8.885000E-8	1.553653E-3
8.890000E-8	1.634161E-3
8.895000E-8	1.716383E-3
8.900000E-8	1.781475E-3
8.905000E-8	1.853418E-3
8.910000E-8	1.916797E-3
8.915000E-8	1.940778E-3
8.920000E-8	1.949343E-3
8.925000E-8	1.973324E-3
8.930000E-8	1.966472E-3
8.935000E-8	1.937352E-3
8.940000E-8	1.928787E-3
8.945000E-8	1.937352E-3
8.950000E-8	1.925361E-3
8.955000E-8	1.930500E-3
8.960000E-8	1.985314E-3
8.965000E-8	2.024712E-3
8.970000E-8	2.026425E-3
8.975000E-8	2.021286E-3
8.980000E-8	2.011008E-3
8.985000E-8	1.978462E-3
8.990000E-8	1.928787E-3
8.995000E-8	1.860269E-3
9.000000E-8	1.762631E-3
9.005000E-8	1.661568E-3
9.010000E-8	1.591337E-3
9.015000E-8	1.521106E-3
9.020000E-8	1.437172E-3
9.025000E-8	1.358376E-3
9.030000E-8	1.293284E-3
9.035000E-8	1.228192E-3
9.040000E-8	1.173378E-3
9.045000E-8	1.111712E-3
9.050000E-8	1.019213E-3
9.055000E-8	9.130108E-4
9.060000E-8	8.170860E-4
9.065000E-8	7.108834E-4
9.070000E-8	5.926903E-4
9.075000E-8	4.950524E-4
9.080000E-8	4.196828E-4
9.085000E-8	3.306096E-4
9.090000E-8	2.518141E-4
9.095000E-8	1.952868E-4
9.100000E-8	1.490372E-4
9.105000E-8	9.250990E-5
9.110000E-8	3.255664E-5
9.115000E-8	-1.540601E-5
9.120000E-8	-4.623921E-5
9.125000E-8	-5.822999E-5
9.130000E-8	-6.508193E-5
9.135000E-8	-5.823032E-5
9.140000E-8	-2.911040E-5
9.145000E-8	4.112029E-5
9.150000E-8	1.250546E-4
9.155000E-8	1.918595E-4
9.160000E-8	2.346831E-4
9.165000E-8	2.689421E-4
9.170000E-8	2.826458E-4
9.175000E-8	2.706553E-4
9.180000E-8	2.483871E-4
9.185000E-8	2.209800E-4
9.190000E-8	1.969989E-4
9.195000E-8	1.798694E-4
9.200000E-8	1.867212E-4
9.205000E-8	2.055636E-4
9.210000E-8	2.466742E-4
9.215000E-8	3.306085E-4
9.220000E-8	4.265335E-4
9.225000E-8	4.967642E-4
9.230000E-8	5.635690E-4
9.235000E-8	6.235221E-4
9.240000E-8	6.355127E-4
9.245000E-8	6.029668E-4
9.250000E-8	5.755597E-4
9.255000E-8	5.344490E-4
9.260000E-8	4.607924E-4
9.265000E-8	3.991264E-4
9.270000E-8	3.477381E-4
9.275000E-8	2.775074E-4
9.280000E-8	2.038507E-4
9.285000E-8	1.456106E-4
9.290000E-8	6.338927E-5
9.295000E-8	-4.281333E-5
9.300000E-8	-1.610066E-4
9.305000E-8	-3.014681E-4
9.310000E-8	-4.710498E-4
9.315000E-8	-6.423445E-4
9.320000E-8	-8.153521E-4
9.325000E-8	-1.007202E-3
9.330000E-8	-1.190487E-3
9.335000E-8	-1.336088E-3
9.340000E-8	-1.440578E-3
9.345000E-8	-1.500531E-3
9.350000E-8	-1.503957E-3
9.355000E-8	-1.452569E-3
9.360000E-8	-1.360070E-3
9.365000E-8	-1.241876E-3
9.370000E-8	-1.111693E-3
9.375000E-8	-9.866473E-4
9.380000E-8	-8.804446E-4
9.385000E-8	-8.119266E-4
9.390000E-8	-7.999358E-4
9.395000E-8	-8.410464E-4
9.400000E-8	-9.078512E-4
9.405000E-8	-1.010628E-3
9.410000E-8	-1.139099E-3
9.415000E-8	-1.262431E-3
9.420000E-8	-1.372060E-3
9.425000E-8	-1.437152E-3
9.430000E-8	-1.433726E-3
9.435000E-8	-1.370348E-3
9.440000E-8	-1.282988E-3
9.445000E-8	-1.166507E-3
9.450000E-8	-1.024333E-3
9.455000E-8	-8.907231E-4
9.460000E-8	-7.999369E-4
9.465000E-8	-7.434095E-4
9.470000E-8	-7.160021E-4
9.475000E-8	-7.399832E-4
9.480000E-8	-8.376209E-4
9.485000E-8	-1.003777E-3
9.490000E-8	-1.202478E-3
9.495000E-8	-1.390902E-3
9.500000E-8	-1.581039E-3
9.505000E-8	-1.784880E-3
9.510000E-8	-1.956175E-3
9.515000E-8	-2.081220E-3
9.520000E-8	-2.187423E-3
9.525000E-8	-2.285060E-3
9.530000E-8	-2.338162E-3
9.535000E-8	-2.353578E-3
9.540000E-8	-2.355291E-3
9.545000E-8	-2.334736E-3
9.550000E-8	-2.286773E-3
9.555000E-8	-2.219968E-3
9.560000E-8	-2.161728E-3
9.565000E-8	-2.113766E-3
9.570000E-8	-2.077794E-3
9.575000E-8	-2.064090E-3
9.580000E-8	-2.069229E-3
9.585000E-8	-2.101775E-3
9.590000E-8	-2.170293E-3
9.595000E-8	-2.257654E-3
9.600000E-8	-2.357005E-3
9.605000E-8	-2.470059E-3
9.610000E-8	-2.600243E-3
9.615000E-8	-2.708159E-3
9.620000E-8	-2.781816E-3
9.625000E-8	-2.828066E-3
9.630000E-8	-2.836630E-3
9.635000E-8	-2.804084E-3
9.640000E-8	-2.749270E-3
9.645000E-8	-2.673901E-3
9.650000E-8	-2.581401E-3
9.655000E-8	-2.499180E-3
9.660000E-8	-2.440940E-3
9.665000E-8	-2.408394E-3
9.670000E-8	-2.398116E-3
9.675000E-8	-2.422097E-3
9.680000E-8	-2.449504E-3
9.685000E-8	-2.480337E-3
9.690000E-8	-2.536864E-3
9.695000E-8	-2.595105E-3
9.700000E-8	-2.612234E-3
9.705000E-8	-2.607095E-3
9.710000E-8	-2.601956E-3
9.715000E-8	-2.589966E-3
9.720000E-8	-2.565984E-3
9.725000E-8	-2.524874E-3
9.730000E-8	-2.464920E-3
9.735000E-8	-2.406680E-3
9.740000E-8	-2.367282E-3
9.745000E-8	-2.322746E-3
9.750000E-8	-2.262792E-3
9.755000E-8	-2.209691E-3
9.760000E-8	-2.166867E-3
9.765000E-8	-2.132608E-3
9.770000E-8	-2.103488E-3
9.775000E-8	-2.079507E-3
9.780000E-8	-2.072656E-3
9.785000E-8	-2.101776E-3
9.790000E-8	-2.168581E-3
9.795000E-8	-2.242238E-3
9.800000E-8	-2.327885E-3
9.805000E-8	-2.428949E-3
9.810000E-8	-2.516309E-3
9.815000E-8	-2.565985E-3
9.820000E-8	-2.603669E-3
9.825000E-8	-2.613947E-3
9.830000E-8	-2.581401E-3
9.835000E-8	-2.528300E-3
9.840000E-8	-2.494041E-3
9.845000E-8	-2.454643E-3
9.850000E-8	-2.415245E-3
9.855000E-8	-2.398115E-3
9.860000E-8	-2.406680E-3
9.865000E-8	-2.440939E-3
9.870000E-8	-2.500892E-3
9.875000E-8	-2.562558E-3
9.880000E-8	-2.608808E-3
9.885000E-8	-2.655058E-3
9.890000E-8	-2.689317E-3
9.895000E-8	-2.670474E-3
9.900000E-8	-2.612234E-3
9.905000E-8	-2.543716E-3
9.910000E-8	-2.463207E-3
9.915000E-8	-2.360431E-3
9.920000E-8	-2.267931E-3
9.925000E-8	-2.194275E-3
9.930000E-8	-2.112053E-3
9.935000E-8	-2.021267E-3
9.940000E-8	-1.940759E-3
9.945000E-8	-1.872241E-3
9.950000E-8	-1.793445E-3
9.955000E-8	-1.690669E-3
9.960000E-8	-1.575902E-3
9.965000E-8	-1.485116E-3
9.970000E-8	-1.416598E-3
9.975000E-8	-1.336090E-3
9.980000E-8	-1.257294E-3
9.985000E-8	-1.211044E-3
9.990000E-8	-1.199054E-3
9.995000E-8	-1.193915E-3
1.000000E-7	-1.236738E-3
1.000500E-7	-1.337802E-3
1.001000E-7	-1.450857E-3
1.001500E-7	-1.546782E-3
1.002000E-7	-1.656410E-3
1.002500E-7	-1.769465E-3
1.003000E-7	-1.853399E-3
1.003500E-7	-1.899649E-3
1.004000E-7	-1.932195E-3
1.004500E-7	-1.949324E-3
1.005000E-7	-1.949324E-3
1.005500E-7	-1.930482E-3
1.006000E-7	-1.887658E-3
1.006500E-7	-1.829418E-3
1.007000E-7	-1.762613E-3
1.007500E-7	-1.671827E-3
1.008000E-7	-1.581040E-3
1.008500E-7	-1.510809E-3
1.009000E-7	-1.426875E-3
1.009500E-7	-1.315533E-3
1.010000E-7	-1.216182E-3
1.010500E-7	-1.132248E-3
1.011000E-7	-1.053452E-3
1.011500E-7	-9.780826E-4
1.012000E-7	-9.129907E-4
1.012500E-7	-8.341953E-4
1.013000E-7	-7.673906E-4
1.013500E-7	-7.365578E-4
1.014000E-7	-7.245673E-4
1.014500E-7	-7.125769E-4
1.015000E-7	-7.108641E-4
1.015500E-7	-7.194289E-4
1.016000E-7	-7.245678E-4
1.016500E-7	-7.365584E-4
1.017000E-7	-7.605396E-4
1.017500E-7	-7.776689E-4
1.018000E-7	-7.759559E-4
1.018500E-7	-7.673910E-4
1.019000E-7	-7.468355E-4
1.019500E-7	-7.194283E-4
1.020000E-7	-6.937342E-4
1.020500E-7	-6.766048E-4
1.021000E-7	-6.611884E-4
1.021500E-7	-6.629015E-4
1.022000E-7	-6.920218E-4
1.022500E-7	-7.554010E-4
1.023000E-7	-8.393355E-4
1.023500E-7	-9.301218E-4
1.024000E-7	-1.019195E-3
1.024500E-7	-1.108268E-3
1.025000E-7	-1.181925E-3
1.025500E-7	-1.229887E-3
1.026000E-7	-1.238452E-3
1.026500E-7	-1.216183E-3
1.027000E-7	-1.152804E-3
1.027500E-7	-1.046601E-3
1.028000E-7	-9.129914E-4
1.028500E-7	-7.708167E-4
1.029000E-7	-6.286421E-4
1.029500E-7	-4.761898E-4
1.030000E-7	-3.425800E-4
1.030500E-7	-2.586457E-4
1.031000E-7	-2.380904E-4
1.031500E-7	-2.500810E-4
1.032000E-7	-3.014694E-4
1.032500E-7	-4.059591E-4
1.033000E-7	-5.447077E-4
1.033500E-7	-6.817433E-4
1.034000E-7	-8.170660E-4
1.034500E-7	-9.421110E-4
1.035000E-7	-1.022619E-3
1.035500E-7	-1.020907E-3
1.036000E-7	-9.541016E-4
1.036500E-7	-8.359084E-4
1.037000E-7	-6.474843E-4
1.037500E-7	-3.973943E-4
1.038000E-7	-1.233229E-4
1.038500E-7	1.404707E-4
1.039000E-7	3.991255E-4
1.039500E-7	6.183826E-4
1.040000E-7	7.571312E-4
1.040500E-7	8.119454E-4
1.041000E-7	8.205101E-4
1.041500E-7	7.776865E-4
1.042000E-7	6.680580E-4
1.042500E-7	5.087541E-4
1.043000E-7	3.511631E-4
1.043500E-7	2.124145E-4
1.044000E-7	9.593433E-5
1.044500E-7	6.861223E-6
1.045000E-7	-2.568466E-5
1.045500E-7	8.574363E-6
1.046000E-7	1.062124E-4
1.046500E-7	2.415351E-4
1.047000E-7	3.854226E-4
1.047500E-7	5.293100E-4
1.048000E-7	6.749104E-4
1.048500E-7	7.948165E-4
1.049000E-7	8.718990E-4
1.049500E-7	9.095837E-4
1.050000E-7	9.112966E-4
1.050500E-7	8.650470E-4
1.051000E-7	7.999551E-4
1.051500E-7	7.125949E-4
1.052000E-7	5.875498E-4
1.052500E-7	4.607918E-4
1.053000E-7	3.700058E-4
1.053500E-7	2.946362E-4
1.054000E-7	2.107018E-4
1.054500E-7	1.610264E-4
1.055000E-7	1.456098E-4
1.055500E-7	1.250544E-4
1.056000E-7	1.010730E-4
1.056500E-7	9.764703E-5
1.057000E-7	9.764696E-5
1.057500E-7	7.880449E-5
1.058000E-7	5.653616E-5
1.058500E-7	5.824909E-5
1.059000E-7	7.709150E-5
1.059500E-7	8.051743E-5
1.060000E-7	7.537865E-5
1.060500E-7	9.935992E-5
1.061000E-7	1.404706E-4
1.061500E-7	1.627389E-4
1.062000E-7	1.901461E-4
1.062500E-7	2.415345E-4
1.063000E-7	2.689416E-4
1.063500E-7	2.655158E-4
1.064000E-7	2.757934E-4
1.064500E-7	2.894970E-4
1.065000E-7	2.706546E-4
1.065500E-7	2.415346E-4
1.066000E-7	2.278310E-4
1.066500E-7	2.124145E-4
1.067000E-7	2.072757E-4
1.067500E-7	2.500994E-4
1.068000E-7	3.237561E-4
1.068500E-7	3.974127E-4
1.069000E-7	4.830600E-4
1.069500E-7	6.046791E-4
1.070000E-7	7.331501E-4
1.070500E-7	8.205103E-4
1.071000E-7	8.753246E-4
1.071500E-7	9.130095E-4
1.072000E-7	9.301391E-4
1.072500E-7	9.215745E-4
1.073000E-7	8.993063E-4
1.073500E-7	8.718993E-4
1.074000E-7	8.444923E-4
1.074500E-7	8.222241E-4
1.075000E-7	8.376407E-4
1.075500E-7	8.770385E-4
1.076000E-7	9.318528E-4
1.076500E-7	9.832411E-4
1.077000E-7	1.036342E-3
1.077500E-7	1.074027E-3
1.078000E-7	1.065462E-3
1.078500E-7	9.918052E-4
1.079000E-7	8.718988E-4
1.079500E-7	7.091689E-4
1.080000E-7	5.173189E-4
1.080500E-7	3.288948E-4
1.081000E-7	1.627390E-4
1.081500E-7	5.139758E-5
1.082000E-7	1.542583E-5
1.082500E-7	4.968486E-5
1.083000E-7	1.387581E-4
1.083500E-7	2.860716E-4
1.084000E-7	4.710698E-4
1.084500E-7	6.457902E-4
1.085000E-7	8.050941E-4
1.085500E-7	9.387038E-4
1.086000E-7	9.763885E-4
1.086500E-7	9.095835E-4
1.087000E-7	7.845384E-4
1.087500E-7	6.081049E-4
1.088000E-7	3.956996E-4
1.088500E-7	2.055627E-4
1.089000E-7	6.681418E-5
1.089500E-7	-4.281423E-5
1.090000E-7	-1.061931E-4
1.090500E-7	-1.027671E-4
1.091000E-7	-3.082322E-5
1.091500E-7	7.880537E-5
1.092000E-7	2.038505E-4
1.092500E-7	3.288956E-4
1.093000E-7	4.659313E-4
1.093500E-7	5.806986E-4
1.094000E-7	6.320870E-4
1.094500E-7	6.475036E-4
1.095000E-7	6.577814E-4
1.095500E-7	6.338002E-4
1.096000E-7	5.584307E-4
1.096500E-7	4.796353E-4
1.097000E-7	4.299599E-4
1.097500E-7	3.888493E-4
1.098000E-7	3.494515E-4
1.098500E-7	3.134796E-4
1.099000E-7	2.946372E-4
1.099500E-7	2.740817E-4
1.100000E-7	2.278319E-4
1.100500E-7	1.576009E-4
1.101000E-7	8.736996E-5
1.101500E-7	1.371310E-5
1.102000E-7	-5.137898E-5
1.102500E-7	-1.044804E-4
1.103000E-7	-1.712852E-4
1.103500E-7	-2.466548E-4
1.104000E-7	-2.860526E-4
1.104500E-7	-2.911913E-4
1.105000E-7	-3.083207E-4
1.105500E-7	-3.271631E-4
1.106000E-7	-3.185985E-4
1.106500E-7	-3.134597E-4
1.107000E-7	-3.288764E-4
1.107500E-7	-3.391542E-4
1.108000E-7	-3.460061E-4
1.108500E-7	-3.614227E-4
1.109000E-7	-3.785523E-4
1.109500E-7	-3.854040E-4
1.110000E-7	-3.991075E-4
1.110500E-7	-4.145238E-4
1.111000E-7	-4.367919E-4
1.111500E-7	-4.693376E-4
1.112000E-7	-5.121610E-4
1.112500E-7	-5.447068E-4
1.113000E-7	-5.566973E-4
1.113500E-7	-5.755397E-4
1.114000E-7	-6.046599E-4
1.114500E-7	-6.166506E-4
1.115000E-7	-6.029472E-4
1.115500E-7	-5.858179E-4
1.116000E-7	-5.738274E-4
1.116500E-7	-5.669757E-4
1.117000E-7	-5.618369E-4
1.117500E-7	-5.618369E-4
1.118000E-7	-5.532720E-4
1.118500E-7	-5.515589E-4
1.119000E-7	-5.566976E-4
1.119500E-7	-5.618364E-4
1.120000E-7	-5.772528E-4
1.120500E-7	-5.909563E-4
1.121000E-7	-5.738269E-4
1.121500E-7	-5.481329E-4
1.122000E-7	-5.515590E-4
1.122500E-7	-5.806793E-4
1.123000E-7	-6.115126E-4
1.123500E-7	-6.731788E-4
1.124000E-7	-7.656781E-4
1.124500E-7	-8.701679E-4
1.125000E-7	-9.797965E-4
1.125500E-7	-1.089425E-3
1.126000E-7	-1.173359E-3
1.126500E-7	-1.236738E-3
1.127000E-7	-1.265858E-3
1.127500E-7	-1.252154E-3
1.128000E-7	-1.231599E-3
1.128500E-7	-1.204192E-3
1.129000E-7	-1.139100E-3
1.129500E-7	-1.072295E-3
1.130000E-7	-1.065443E-3
1.130500E-7	-1.082572E-3
1.131000E-7	-1.094563E-3
1.131500E-7	-1.156229E-3
1.132000E-7	-1.270997E-3
1.132500E-7	-1.385764E-3
1.133000E-7	-1.488541E-3
1.133500E-7	-1.577614E-3
1.134000E-7	-1.639280E-3
1.134500E-7	-1.670113E-3
1.135000E-7	-1.673539E-3
1.135500E-7	-1.634141E-3
1.136000E-7	-1.570762E-3
1.136500E-7	-1.509096E-3
1.137000E-7	-1.444004E-3
1.137500E-7	-1.375486E-3
1.138000E-7	-1.325811E-3
1.138500E-7	-1.310394E-3
1.139000E-7	-1.315533E-3
1.139500E-7	-1.336088E-3
1.140000E-7	-1.353218E-3
1.140500E-7	-1.373773E-3
1.141000E-7	-1.392616E-3
1.141500E-7	-1.406319E-3
1.142000E-7	-1.411458E-3
1.142500E-7	-1.408032E-3
1.143000E-7	-1.385764E-3
1.143500E-7	-1.336088E-3
1.144000E-7	-1.274422E-3
1.144500E-7	-1.211043E-3
1.145000E-7	-1.176784E-3
1.145500E-7	-1.161368E-3
1.146000E-7	-1.154516E-3
1.146500E-7	-1.163081E-3
1.147000E-7	-1.209331E-3
1.147500E-7	-1.277849E-3
1.148000E-7	-1.346367E-3
1.148500E-7	-1.435440E-3
1.149000E-7	-1.531365E-3
1.149500E-7	-1.603309E-3
1.150000E-7	-1.652985E-3
1.150500E-7	-1.709512E-3
1.151000E-7	-1.764326E-3
1.151500E-7	-1.793446E-3
1.152000E-7	-1.807150E-3
1.152500E-7	-1.831131E-3
1.153000E-7	-1.875667E-3
1.153500E-7	-1.928769E-3
1.154000E-7	-1.981870E-3
1.154500E-7	-2.050388E-3
1.155000E-7	-2.134322E-3
1.155500E-7	-2.204553E-3
1.156000E-7	-2.259368E-3
1.156500E-7	-2.302191E-3
1.157000E-7	-2.322747E-3
1.157500E-7	-2.326173E-3
1.158000E-7	-2.319321E-3
1.158500E-7	-2.290201E-3
1.159000E-7	-2.237100E-3
1.159500E-7	-2.190850E-3
1.160000E-7	-2.139461E-3
1.160500E-7	-2.062379E-3
1.161000E-7	-2.005851E-3
1.161500E-7	-1.987009E-3
1.162000E-7	-1.966453E-3
1.162500E-7	-1.952750E-3
1.163000E-7	-1.961315E-3
1.163500E-7	-1.985296E-3
1.164000E-7	-2.009277E-3
1.164500E-7	-2.065804E-3
1.165000E-7	-2.166868E-3
1.165500E-7	-2.278209E-3
1.166000E-7	-2.379273E-3
1.166500E-7	-2.492327E-3
1.167000E-7	-2.608808E-3
1.167500E-7	-2.704733E-3
1.168000E-7	-2.773250E-3
1.168500E-7	-2.821213E-3
1.169000E-7	-2.838342E-3
1.169500E-7	-2.819500E-3
1.170000E-7	-2.781815E-3
1.170500E-7	-2.725288E-3
1.171000E-7	-2.617372E-3
1.171500E-7	-2.485475E-3
1.172000E-7	-2.362143E-3
1.172500E-7	-2.240524E-3
1.173000E-7	-2.124044E-3
1.173500E-7	-2.045249E-3
1.174000E-7	-2.014416E-3
1.174500E-7	-2.022980E-3
1.175000E-7	-2.067517E-3
1.175500E-7	-2.139461E-3
1.176000E-7	-2.230247E-3
1.176500E-7	-2.333023E-3
1.177000E-7	-2.425522E-3
1.177500E-7	-2.475198E-3
1.178000E-7	-2.500892E-3
1.178500E-7	-2.504318E-3
1.179000E-7	-2.442652E-3
1.179500E-7	-2.327884E-3
1.180000E-7	-2.202839E-3
1.180500E-7	-2.072655E-3
1.181000E-7	-1.933907E-3
1.181500E-7	-1.805436E-3
1.182000E-7	-1.699234E-3
1.182500E-7	-1.618725E-3
1.183000E-7	-1.569050E-3
1.183500E-7	-1.557059E-3
1.184000E-7	-1.582753E-3
1.184500E-7	-1.627290E-3
1.185000E-7	-1.678678E-3
1.185500E-7	-1.740344E-3
1.186000E-7	-1.814001E-3
1.186500E-7	-1.885944E-3
1.187000E-7	-1.930481E-3
1.187500E-7	-1.964740E-3
1.188000E-7	-2.004138E-3
1.188500E-7	-2.031545E-3
1.189000E-7	-2.022981E-3
1.189500E-7	-1.993861E-3
1.190000E-7	-1.987009E-3
1.190500E-7	-1.980157E-3
1.191000E-7	-1.937334E-3
1.191500E-7	-1.880806E-3
1.192000E-7	-1.851686E-3
1.192500E-7	-1.829417E-3
1.193000E-7	-1.774603E-3
1.193500E-7	-1.700946E-3
1.194000E-7	-1.658122E-3
1.194500E-7	-1.625576E-3
1.195000E-7	-1.565623E-3
1.195500E-7	-1.476550E-3
1.196000E-7	-1.375486E-3
1.196500E-7	-1.277848E-3
1.197000E-7	-1.180211E-3
1.197500E-7	-1.087712E-3
1.198000E-7	-1.015768E-3
1.198500E-7	-9.917872E-4
1.199000E-7	-1.012343E-3
1.199500E-7	-1.075722E-3
1.200000E-7	-1.183637E-3
1.200500E-7	-1.341229E-3
1.201000E-7	-1.539930E-3
1.201500E-7	-1.747197E-3
1.202000E-7	-1.930482E-3
1.202500E-7	-2.067518E-3
1.203000E-7	-2.154878E-3
1.203500E-7	-2.168582E-3
1.204000E-7	-2.100064E-3
1.204500E-7	-1.971593E-3
1.205000E-7	-1.793446E-3
1.205500E-7	-1.563911E-3
1.206000E-7	-1.329238E-3
1.206500E-7	-1.145952E-3
1.207000E-7	-1.005491E-3
1.207500E-7	-9.078526E-4
1.208000E-7	-8.924360E-4
1.208500E-7	-9.592408E-4
1.209000E-7	-1.060305E-3
1.209500E-7	-1.176785E-3
1.210000E-7	-1.308682E-3
1.210500E-7	-1.442292E-3
1.211000E-7	-1.539930E-3
1.211500E-7	-1.582754E-3
1.212000E-7	-1.579328E-3
1.212500E-7	-1.553634E-3
1.213000E-7	-1.509097E-3
1.213500E-7	-1.442292E-3
1.214000E-7	-1.363497E-3
1.214500E-7	-1.291553E-3
1.215000E-7	-1.229887E-3
1.215500E-7	-1.185350E-3
1.216000E-7	-1.140814E-3
1.216500E-7	-1.103129E-3
1.217000E-7	-1.096277E-3
1.217500E-7	-1.097990E-3
1.218000E-7	-1.089425E-3
1.218500E-7	-1.077435E-3
1.219000E-7	-1.077435E-3
1.219500E-7	-1.097990E-3
1.220000E-7	-1.135675E-3
1.220500E-7	-1.200767E-3
1.221000E-7	-1.282988E-3
1.221500E-7	-1.365209E-3
1.222000E-7	-1.449144E-3
1.222500E-7	-1.543356E-3
1.223000E-7	-1.618725E-3
1.223500E-7	-1.649558E-3
1.224000E-7	-1.649559E-3
1.224500E-7	-1.632429E-3
1.225000E-7	-1.584467E-3
1.225500E-7	-1.497107E-3
1.226000E-7	-1.401182E-3
1.226500E-7	-1.306970E-3
1.227000E-7	-1.202480E-3
1.227500E-7	-1.115120E-3
1.228000E-7	-1.075722E-3
1.228500E-7	-1.063731E-3
1.229000E-7	-1.053454E-3
1.229500E-7	-1.051741E-3
1.230000E-7	-1.062018E-3
1.230500E-7	-1.067157E-3
1.231000E-7	-1.068870E-3
1.231500E-7	-1.048315E-3
1.232000E-7	-1.002065E-3
1.232500E-7	-9.455377E-4
1.233000E-7	-8.821586E-4
1.233500E-7	-8.016501E-4
1.234000E-7	-7.314193E-4
1.234500E-7	-6.971604E-4
1.235000E-7	-6.646144E-4
1.235500E-7	-6.200778E-4
1.236000E-7	-5.960966E-4
1.236500E-7	-6.132262E-4
1.237000E-7	-6.406334E-4
1.237500E-7	-6.577629E-4
1.238000E-7	-6.783184E-4
1.238500E-7	-6.971608E-4
1.239000E-7	-7.091515E-4
1.239500E-7	-7.211421E-4
1.240000E-7	-7.502622E-4
1.240500E-7	-7.776692E-4
1.241000E-7	-7.999374E-4
1.241500E-7	-8.256314E-4
1.242000E-7	-8.461865E-4
1.242500E-7	-8.530381E-4
1.243000E-7	-8.359085E-4
1.243500E-7	-7.965106E-4
1.244000E-7	-7.160021E-4
1.244500E-7	-6.063735E-4
1.245000E-7	-4.881802E-4
1.245500E-7	-3.408669E-4
1.246000E-7	-1.764242E-4
1.246500E-7	-3.767561E-5
1.247000E-7	7.537879E-5
1.247500E-7	1.764426E-4
1.248000E-7	2.089885E-4
1.248500E-7	1.935721E-4
1.249000E-7	1.781557E-4
1.249500E-7	1.336192E-4
1.250000E-7	3.255550E-5
1.250500E-7	-7.364698E-5
1.251000E-7	-1.764236E-4
1.251500E-7	-3.117463E-4
1.252000E-7	-4.504949E-4
1.252500E-7	-5.515587E-4
1.253000E-7	-6.543356E-4
1.253500E-7	-7.673901E-4
1.254000E-7	-8.513246E-4
1.254500E-7	-9.164168E-4
1.255000E-7	-9.746571E-4
1.255500E-7	-1.005490E-3
1.256000E-7	-9.900740E-4
1.256500E-7	-9.575281E-4
1.257000E-7	-9.095657E-4
1.257500E-7	-8.239184E-4
1.258000E-7	-7.057251E-4
1.258500E-7	-5.841059E-4
1.259000E-7	-4.744773E-4
1.259500E-7	-3.734135E-4
1.260000E-7	-2.637849E-4
1.260500E-7	-1.764247E-4
1.261000E-7	-1.284621E-4
1.261500E-7	-1.061938E-4
1.262000E-7	-9.077724E-5
1.262500E-7	-7.878655E-5
1.263000E-7	-7.536058E-5
1.263500E-7	-7.193462E-5
1.264000E-7	-4.452742E-5
1.264500E-7	1.028691E-5
1.265000E-7	8.565656E-5
1.265500E-7	1.661650E-4
1.266000E-7	2.569511E-4
1.266500E-7	3.443113E-4
1.267000E-7	4.042644E-4
1.267500E-7	4.659304E-4
1.268000E-7	5.207446E-4
1.268500E-7	5.258834E-4
1.269000E-7	4.710691E-4
1.269500E-7	3.991253E-4
1.270000E-7	3.237557E-4
1.270500E-7	2.226919E-4
1.271000E-7	1.044987E-4
1.271500E-7	-1.703858E-6
1.272000E-7	-1.010546E-4
1.272500E-7	-1.832760E-4
1.273000E-7	-2.483679E-4
1.273500E-7	-2.929044E-4
1.274000E-7	-3.185985E-4
1.274500E-7	-3.203113E-4
1.275000E-7	-3.066076E-4
1.275500E-7	-2.860521E-4
1.276000E-7	-2.552189E-4
1.276500E-7	-2.123951E-4
1.277000E-7	-1.610066E-4
1.277500E-7	-1.233217E-4
1.278000E-7	-9.420156E-5
1.278500E-7	-5.480384E-5
1.279000E-7	-2.739681E-5
1.279500E-7	-5.137823E-5
1.280000E-7	-9.934098E-5
1.280500E-7	-1.404520E-4
1.281000E-7	-1.918407E-4
1.281500E-7	-2.740623E-4
1.282000E-7	-3.597099E-4
1.282500E-7	-4.282279E-4
1.283000E-7	-4.933200E-4
1.283500E-7	-5.618379E-4
1.284000E-7	-6.029486E-4
1.284500E-7	-6.303556E-4
1.285000E-7	-6.526238E-4
1.285500E-7	-6.577625E-4
1.286000E-7	-6.303552E-4
1.286500E-7	-5.926702E-4
1.287000E-7	-5.549853E-4
1.287500E-7	-5.241522E-4
1.288000E-7	-4.813284E-4
1.288500E-7	-4.385047E-4
1.289000E-7	-4.110976E-4
1.289500E-7	-3.871163E-4
1.290000E-7	-3.682740E-4
1.290500E-7	-3.665611E-4
1.291000E-7	-3.991071E-4
1.291500E-7	-4.539215E-4
1.292000E-7	-5.258653E-4
1.292500E-7	-6.080868E-4
1.293000E-7	-7.022989E-4
1.293500E-7	-7.793814E-4
1.294000E-7	-8.341957E-4
1.294500E-7	-8.890099E-4
1.295000E-7	-9.284076E-4
1.295500E-7	-9.010005E-4
1.296000E-7	-8.359084E-4
1.296500E-7	-7.708164E-4
1.297000E-7	-6.766043E-4
1.297500E-7	-5.635499E-4
1.298000E-7	-4.813284E-4
1.298500E-7	-4.282271E-4
1.299000E-7	-3.716998E-4
1.299500E-7	-3.494315E-4
1.300000E-7	-3.905422E-4
1.300500E-7	-4.659118E-4
1.301000E-7	-5.549850E-4
1.301500E-7	-6.577618E-4
1.302000E-7	-7.553998E-4
1.302500E-7	-8.547507E-4
1.303000E-7	-9.609535E-4
1.303500E-7	-1.038036E-3
1.304000E-7	-1.062017E-3
1.304500E-7	-1.067156E-3
1.305000E-7	-1.055166E-3
1.305500E-7	-1.002064E-3
1.306000E-7	-9.438243E-4
1.306500E-7	-8.975748E-4
1.307000E-7	-8.410476E-4
1.307500E-7	-7.828074E-4
1.308000E-7	-7.605392E-4
1.308500E-7	-7.742428E-4
1.309000E-7	-7.828075E-4
1.309500E-7	-7.725299E-4
1.310000E-7	-7.656781E-4
1.310500E-7	-7.434098E-4
1.311000E-7	-7.074380E-4
1.311500E-7	-6.491978E-4
1.312000E-7	-5.635505E-4
1.312500E-7	-4.573478E-4
1.313000E-7	-3.460063E-4
1.313500E-7	-2.569330E-4
1.314000E-7	-2.089704E-4
1.314500E-7	-2.123963E-4
1.315000E-7	-2.603587E-4
1.315500E-7	-3.494318E-4
1.316000E-7	-4.933192E-4
1.316500E-7	-6.903078E-4
1.317000E-7	-9.095649E-4
1.317500E-7	-1.111692E-3
1.318000E-7	-1.306968E-3
1.318500E-7	-1.503957E-3
1.319000E-7	-1.663261E-3
1.319500E-7	-1.745482E-3
1.320000E-7	-1.767751E-3
1.320500E-7	-1.767751E-3
1.321000E-7	-1.745482E-3
1.321500E-7	-1.676965E-3
1.322000E-7	-1.565623E-3
1.322500E-7	-1.449143E-3
1.323000E-7	-1.346366E-3
1.323500E-7	-1.267570E-3
1.324000E-7	-1.221321E-3
1.324500E-7	-1.202479E-3
1.325000E-7	-1.202479E-3
1.325500E-7	-1.226460E-3
1.326000E-7	-1.272709E-3
1.326500E-7	-1.325811E-3
1.327000E-7	-1.372060E-3
1.327500E-7	-1.392616E-3
1.328000E-7	-1.370347E-3
1.328500E-7	-1.330950E-3
1.329000E-7	-1.301830E-3
1.329500E-7	-1.257293E-3
1.330000E-7	-1.204192E-3
1.330500E-7	-1.161368E-3
1.331000E-7	-1.137387E-3
1.331500E-7	-1.118545E-3
1.332000E-7	-1.113406E-3
1.332500E-7	-1.108267E-3
1.333000E-7	-1.111693E-3
1.333500E-7	-1.132249E-3
1.334000E-7	-1.163082E-3
1.334500E-7	-1.171647E-3
1.335000E-7	-1.176786E-3
1.335500E-7	-1.204193E-3
1.336000E-7	-1.219610E-3
1.336500E-7	-1.226461E-3
1.337000E-7	-1.265859E-3
1.337500E-7	-1.336090E-3
1.338000E-7	-1.420024E-3
1.338500E-7	-1.527939E-3
1.339000E-7	-1.651271E-3
1.339500E-7	-1.779742E-3
1.340000E-7	-1.909926E-3
1.340500E-7	-2.034971E-3
1.341000E-7	-2.122331E-3
1.341500E-7	-2.175432E-3
1.342000E-7	-2.216543E-3
1.342500E-7	-2.218256E-3
1.343000E-7	-2.183997E-3
1.343500E-7	-2.136035E-3
1.344000E-7	-2.088073E-3
1.344500E-7	-2.026406E-3
1.345000E-7	-1.954463E-3
1.345500E-7	-1.882519E-3
1.346000E-7	-1.824279E-3
1.346500E-7	-1.778029E-3
1.347000E-7	-1.757474E-3
1.347500E-7	-1.771177E-3
1.348000E-7	-1.807149E-3
1.348500E-7	-1.846547E-3
1.349000E-7	-1.891084E-3
1.349500E-7	-1.957889E-3
1.350000E-7	-2.046963E-3
1.350500E-7	-2.124045E-3
1.351000E-7	-2.199415E-3
1.351500E-7	-2.279923E-3
1.352000E-7	-2.358719E-3
1.352500E-7	-2.406681E-3
1.353000E-7	-2.439227E-3
1.353500E-7	-2.476912E-3
1.354000E-7	-2.502606E-3
1.354500E-7	-2.494041E-3
1.355000E-7	-2.466634E-3
1.355500E-7	-2.427236E-3
1.356000E-7	-2.377561E-3
1.356500E-7	-2.334737E-3
1.357000E-7	-2.302191E-3
1.357500E-7	-2.242238E-3
1.358000E-7	-2.168581E-3
1.358500E-7	-2.112054E-3
1.359000E-7	-2.055527E-3
1.359500E-7	-1.976731E-3
1.360000E-7	-1.903074E-3
1.360500E-7	-1.858538E-3
1.361000E-7	-1.824279E-3
1.361500E-7	-1.784881E-3
1.362000E-7	-1.778029E-3
1.362500E-7	-1.798584E-3
1.363000E-7	-1.810575E-3
1.363500E-7	-1.824278E-3
1.364000E-7	-1.861963E-3
1.364500E-7	-1.904787E-3
1.365000E-7	-1.913351E-3
1.365500E-7	-1.906500E-3
1.366000E-7	-1.901361E-3
1.366500E-7	-1.877379E-3
1.367000E-7	-1.839695E-3
1.367500E-7	-1.807149E-3
1.368000E-7	-1.793445E-3
1.368500E-7	-1.786593E-3
1.369000E-7	-1.790019E-3
1.369500E-7	-1.802010E-3
1.370000E-7	-1.824279E-3
1.370500E-7	-1.877380E-3
1.371000E-7	-1.947611E-3
1.371500E-7	-1.990435E-3
1.372000E-7	-1.993861E-3
1.372500E-7	-2.016129E-3
1.373000E-7	-2.029833E-3
1.373500E-7	-1.985296E-3
1.374000E-7	-1.925343E-3
1.374500E-7	-1.896223E-3
1.375000E-7	-1.879093E-3
1.375500E-7	-1.856825E-3
1.376000E-7	-1.861964E-3
1.376500E-7	-1.882519E-3
1.377000E-7	-1.915065E-3
1.377500E-7	-1.969879E-3
1.378000E-7	-2.055526E-3
1.378500E-7	-2.142887E-3
1.379000E-7	-2.216543E-3
1.379500E-7	-2.279922E-3
1.380000E-7	-2.343301E-3
1.380500E-7	-2.396403E-3
1.381000E-7	-2.394690E-3
1.381500E-7	-2.345014E-3
1.382000E-7	-2.279923E-3
1.382500E-7	-2.194275E-3
1.383000E-7	-2.062378E-3
1.383500E-7	-1.920204E-3
1.384000E-7	-1.808862E-3
1.384500E-7	-1.714650E-3
1.385000E-7	-1.629003E-3
1.385500E-7	-1.584466E-3
1.386000E-7	-1.591318E-3
1.386500E-7	-1.629003E-3
1.387000E-7	-1.676965E-3
1.387500E-7	-1.735205E-3
1.388000E-7	-1.805436E-3
1.388500E-7	-1.851686E-3
1.389000E-7	-1.849973E-3
1.389500E-7	-1.795159E-3
1.390000E-7	-1.692382E-3
1.390500E-7	-1.539930E-3
1.391000E-7	-1.351506E-3
1.391500E-7	-1.156230E-3
1.392000E-7	-9.917869E-4
1.392500E-7	-8.701677E-4
1.393000E-7	-8.067887E-4
1.393500E-7	-8.239181E-4
1.394000E-7	-9.112783E-4
1.394500E-7	-1.048314E-3
1.395000E-7	-1.238451E-3
1.395500E-7	-1.455995E-3
1.396000E-7	-1.675252E-3
1.396500E-7	-1.865389E-3
1.397000E-7	-1.997286E-3
1.397500E-7	-2.074369E-3
1.398000E-7	-2.096637E-3
1.398500E-7	-2.055526E-3
1.399000E-7	-1.961314E-3
1.399500E-7	-1.844834E-3
1.400000E-7	-1.735205E-3
1.400500E-7	-1.634141E-3
1.401000E-7	-1.545068E-3
1.401500E-7	-1.488541E-3
1.402000E-7	-1.466272E-3
1.402500E-7	-1.447430E-3
1.403000E-7	-1.426874E-3
1.403500E-7	-1.409745E-3
1.404000E-7	-1.377199E-3
1.404500E-7	-1.313820E-3
1.405000E-7	-1.248728E-3
1.405500E-7	-1.190488E-3
1.406000E-7	-1.118544E-3
1.406500E-7	-1.046600E-3
1.407000E-7	-1.008915E-3
1.407500E-7	-9.866468E-4
1.408000E-7	-9.729432E-4
1.408500E-7	-9.866468E-4
1.409000E-7	-1.019193E-3
1.409500E-7	-1.046600E-3
1.410000E-7	-1.080859E-3
1.410500E-7	-1.118544E-3
1.411000E-7	-1.135674E-3
1.411500E-7	-1.144239E-3
1.412000E-7	-1.154516E-3
1.412500E-7	-1.166507E-3
1.413000E-7	-1.193914E-3
1.413500E-7	-1.259006E-3
1.414000E-7	-1.334376E-3
1.414500E-7	-1.414884E-3
1.415000E-7	-1.524513E-3
1.415500E-7	-1.659836E-3
1.416000E-7	-1.783168E-3
1.416500E-7	-1.891083E-3
1.417000E-7	-1.971592E-3
1.417500E-7	-2.016129E-3
1.418000E-7	-2.026407E-3
1.418500E-7	-1.992148E-3
1.419000E-7	-1.913352E-3
1.419500E-7	-1.814002E-3
1.420000E-7	-1.690669E-3
1.420500E-7	-1.555347E-3
1.421000E-7	-1.450857E-3
1.421500E-7	-1.380626E-3
1.422000E-7	-1.325812E-3
1.422500E-7	-1.305256E-3
1.423000E-7	-1.329237E-3
1.423500E-7	-1.375487E-3
1.424000E-7	-1.418311E-3
1.424500E-7	-1.471412E-3
1.425000E-7	-1.526227E-3
1.425500E-7	-1.560486E-3
1.426000E-7	-1.574190E-3
1.426500E-7	-1.579329E-3
1.427000E-7	-1.560486E-3
1.427500E-7	-1.502246E-3
1.428000E-7	-1.432016E-3
1.428500E-7	-1.368636E-3
1.429000E-7	-1.301831E-3
1.429500E-7	-1.216184E-3
1.430000E-7	-1.140814E-3
1.430500E-7	-1.091138E-3
1.431000E-7	-1.036324E-3
1.431500E-7	-9.712318E-4
1.432000E-7	-9.215561E-4
1.432500E-7	-8.924358E-4
1.433000E-7	-8.564638E-4
1.433500E-7	-7.896589E-4
1.434000E-7	-7.194280E-4
1.434500E-7	-6.577620E-4
1.435000E-7	-5.841053E-4
1.435500E-7	-4.984581E-4
1.436000E-7	-4.385050E-4
1.436500E-7	-4.162368E-4
1.437000E-7	-4.230886E-4
1.437500E-7	-4.659123E-4
1.438000E-7	-5.395690E-4
1.438500E-7	-6.303552E-4
1.439000E-7	-7.382707E-4
1.439500E-7	-8.616029E-4
1.440000E-7	-9.763702E-4
1.440500E-7	-1.053453E-3
1.441000E-7	-1.097989E-3
1.441500E-7	-1.103128E-3
1.442000E-7	-1.050027E-3
1.442500E-7	-9.609536E-4
1.443000E-7	-8.530380E-4
1.443500E-7	-7.297059E-4
1.444000E-7	-6.166515E-4
1.444500E-7	-5.275783E-4
1.445000E-7	-4.624862E-4
1.445500E-7	-4.265143E-4
1.446000E-7	-4.470695E-4
1.446500E-7	-5.138744E-4
1.447000E-7	-5.995216E-4
1.447500E-7	-7.211408E-4
1.448000E-7	-8.496119E-4
1.448500E-7	-9.592405E-4
1.449000E-7	-1.055166E-3
1.449500E-7	-1.132248E-3
1.450000E-7	-1.173359E-3
1.450500E-7	-1.190489E-3
1.451000E-7	-1.195628E-3
1.451500E-7	-1.168221E-3
1.452000E-7	-1.104842E-3
1.452500E-7	-1.029472E-3
1.453000E-7	-9.335474E-4
1.453500E-7	-8.324835E-4
1.454000E-7	-7.399843E-4
1.454500E-7	-6.526239E-4
1.455000E-7	-5.601247E-4
1.455500E-7	-4.813291E-4
1.456000E-7	-4.248017E-4
1.456500E-7	-4.059593E-4
1.457000E-7	-4.299405E-4
1.457500E-7	-4.624865E-4
1.458000E-7	-5.087360E-4
1.458500E-7	-5.926704E-4
1.459000E-7	-7.074377E-4
1.459500E-7	-8.273439E-4
1.460000E-7	-9.660925E-4
1.460500E-7	-1.127109E-3
1.461000E-7	-1.274423E-3
1.461500E-7	-1.406320E-3
1.462000E-7	-1.531365E-3
1.462500E-7	-1.610160E-3
1.463000E-7	-1.630716E-3
1.463500E-7	-1.622151E-3
1.464000E-7	-1.587892E-3
1.464500E-7	-1.497106E-3
1.465000E-7	-1.361784E-3
1.465500E-7	-1.200767E-3
1.466000E-7	-1.017482E-3
1.466500E-7	-8.324835E-4
1.467000E-7	-6.748924E-4
1.467500E-7	-5.686897E-4
1.468000E-7	-5.361437E-4
1.468500E-7	-5.841061E-4
1.469000E-7	-6.834568E-4
1.469500E-7	-8.256313E-4
1.470000E-7	-1.027759E-3
1.470500E-7	-1.265858E-3
1.471000E-7	-1.466273E-3
1.471500E-7	-1.613586E-3
1.472000E-7	-1.726641E-3
1.472500E-7	-1.790020E-3
1.473000E-7	-1.790020E-3
1.473500E-7	-1.745484E-3
1.474000E-7	-1.659836E-3
1.474500E-7	-1.534792E-3
1.475000E-7	-1.397756E-3
1.475500E-7	-1.274424E-3
1.476000E-7	-1.154518E-3
1.476500E-7	-1.043176E-3
1.477000E-7	-9.780844E-4
1.477500E-7	-9.575290E-4
1.478000E-7	-9.318348E-4
1.478500E-7	-9.061406E-4
1.479000E-7	-9.010016E-4
1.479500E-7	-8.992886E-4
1.480000E-7	-8.941496E-4
1.480500E-7	-8.821589E-4
1.481000E-7	-8.718811E-4
1.481500E-7	-8.530385E-4
1.482000E-7	-8.444736E-4
1.482500E-7	-8.393346E-4
1.483000E-7	-8.273438E-4
1.483500E-7	-8.136402E-4
1.484000E-7	-8.033624E-4
1.484500E-7	-8.067882E-4
1.485000E-7	-8.204918E-4
1.485500E-7	-8.273436E-4
1.486000E-7	-8.410472E-4
1.486500E-7	-8.907227E-4
1.487000E-7	-9.626666E-4
1.487500E-7	-1.036323E-3
1.488000E-7	-1.125397E-3
1.488500E-7	-1.236738E-3
1.489000E-7	-1.341228E-3
1.489500E-7	-1.425163E-3
1.490000E-7	-1.497107E-3
1.490500E-7	-1.551921E-3
1.491000E-7	-1.582754E-3
1.491500E-7	-1.587893E-3
1.492000E-7	-1.569051E-3
1.492500E-7	-1.541643E-3
1.493000E-7	-1.510810E-3
1.493500E-7	-1.440580E-3
1.494000E-7	-1.341228E-3
1.494500E-7	-1.267572E-3
1.495000E-7	-1.209331E-3
1.495500E-7	-1.125397E-3
1.496000E-7	-1.050027E-3
1.496500E-7	-1.012342E-3
1.497000E-7	-9.712312E-4
1.497500E-7	-9.112779E-4
1.498000E-7	-8.581765E-4
1.498500E-7	-8.273435E-4
1.499000E-7	-7.930846E-4
1.499500E-7	-7.553999E-4
1.500000E-7	-7.314188E-4
1.500500E-7	-7.416966E-4
1.501000E-7	-7.725299E-4
1.501500E-7	-8.204925E-4
1.502000E-7	-8.770199E-4
1.502500E-7	-9.489637E-4
1.503000E-7	-1.029472E-3
1.503500E-7	-1.097990E-3
1.504000E-7	-1.161369E-3
1.504500E-7	-1.224748E-3
1.505000E-7	-1.282988E-3
1.505500E-7	-1.330950E-3
1.506000E-7	-1.361783E-3
1.506500E-7	-1.370348E-3
1.507000E-7	-1.358357E-3
1.507500E-7	-1.332663E-3
1.508000E-7	-1.284701E-3
1.508500E-7	-1.216183E-3
1.509000E-7	-1.135675E-3
1.509500E-7	-1.051740E-3
1.510000E-7	-9.678060E-4
1.510500E-7	-8.975752E-4
1.511000E-7	-8.564644E-4
1.511500E-7	-8.204924E-4
1.512000E-7	-7.947981E-4
1.512500E-7	-8.153533E-4
1.513000E-7	-8.821581E-4
1.513500E-7	-9.592405E-4
1.514000E-7	-1.036323E-3
1.514500E-7	-1.147664E-3
1.515000E-7	-1.265858E-3
1.515500E-7	-1.356644E-3
1.516000E-7	-1.432014E-3
1.516500E-7	-1.498819E-3
1.517000E-7	-1.546781E-3
1.517500E-7	-1.569050E-3
1.518000E-7	-1.570763E-3
1.518500E-7	-1.560485E-3
1.519000E-7	-1.548495E-3
1.519500E-7	-1.546782E-3
1.520000E-7	-1.569050E-3
1.520500E-7	-1.606735E-3
1.521000E-7	-1.647846E-3
1.521500E-7	-1.699234E-3
1.522000E-7	-1.779743E-3
1.522500E-7	-1.875668E-3
1.523000E-7	-1.951037E-3
1.523500E-7	-2.000713E-3
1.524000E-7	-2.041823E-3
1.524500E-7	-2.060666E-3
1.525000E-7	-2.046962E-3
1.525500E-7	-2.012703E-3
1.526000E-7	-1.956176E-3
1.526500E-7	-1.894510E-3
1.527000E-7	-1.839695E-3
1.527500E-7	-1.805436E-3
1.528000E-7	-1.781455E-3
1.528500E-7	-1.779742E-3
1.529000E-7	-1.791732E-3
1.529500E-7	-1.791732E-3
1.530000E-7	-1.802010E-3
1.530500E-7	-1.824279E-3
1.531000E-7	-1.814001E-3
1.531500E-7	-1.760900E-3
1.532000E-7	-1.699234E-3
1.532500E-7	-1.644419E-3
1.533000E-7	-1.593031E-3
1.533500E-7	-1.558772E-3
1.534000E-7	-1.543356E-3
1.534500E-7	-1.548495E-3
1.535000E-7	-1.577615E-3
1.535500E-7	-1.634142E-3
1.536000E-7	-1.704373E-3
1.536500E-7	-1.786594E-3
1.537000E-7	-1.870528E-3
1.537500E-7	-1.951037E-3
1.538000E-7	-2.026406E-3
1.538500E-7	-2.084646E-3
1.539000E-7	-2.124044E-3
1.539500E-7	-2.139461E-3
1.540000E-7	-2.132609E-3
1.540500E-7	-2.101776E-3
1.541000E-7	-2.040110E-3
1.541500E-7	-1.959601E-3
1.542000E-7	-1.879093E-3
1.542500E-7	-1.814001E-3
1.543000E-7	-1.769465E-3
1.543500E-7	-1.738632E-3
1.544000E-7	-1.719790E-3
1.544500E-7	-1.719790E-3
1.545000E-7	-1.769465E-3
1.545500E-7	-1.843122E-3
1.546000E-7	-1.899649E-3
1.546500E-7	-1.947612E-3
1.547000E-7	-2.019555E-3
1.547500E-7	-2.070943E-3
1.548000E-7	-2.086360E-3
1.548500E-7	-2.089785E-3
1.549000E-7	-2.100063E-3
1.549500E-7	-2.094924E-3
1.550000E-7	-2.093211E-3
1.550500E-7	-2.113766E-3
1.551000E-7	-2.125757E-3
1.551500E-7	-2.137748E-3
1.552000E-7	-2.185710E-3
1.552500E-7	-2.264506E-3
1.553000E-7	-2.339875E-3
1.553500E-7	-2.398116E-3
1.554000E-7	-2.442652E-3
1.554500E-7	-2.483763E-3
1.555000E-7	-2.507744E-3
1.555500E-7	-2.502605E-3
1.556000E-7	-2.475198E-3
1.556500E-7	-2.447791E-3
1.557000E-7	-2.404967E-3
1.557500E-7	-2.326172E-3
1.558000E-7	-2.230247E-3
1.558500E-7	-2.139461E-3
1.559000E-7	-2.053813E-3
1.559500E-7	-1.964740E-3
1.560000E-7	-1.884232E-3
1.560500E-7	-1.831130E-3
1.561000E-7	-1.817427E-3
1.561500E-7	-1.839695E-3
1.562000E-7	-1.885944E-3
1.562500E-7	-1.961314E-3
1.563000E-7	-2.069230E-3
1.563500E-7	-2.189136E-3
1.564000E-7	-2.310755E-3
1.564500E-7	-2.420384E-3
1.565000E-7	-2.499180E-3
1.565500E-7	-2.524874E-3
1.566000E-7	-2.499180E-3
1.566500E-7	-2.425523E-3
1.567000E-7	-2.303904E-3
1.567500E-7	-2.166869E-3
1.568000E-7	-2.034972E-3
1.568500E-7	-1.891084E-3
1.569000E-7	-1.764326E-3
1.569500E-7	-1.682105E-3
1.570000E-7	-1.629003E-3
1.570500E-7	-1.601596E-3
1.571000E-7	-1.613587E-3
1.571500E-7	-1.649558E-3
1.572000E-7	-1.683817E-3
1.572500E-7	-1.719789E-3
1.573000E-7	-1.757474E-3
1.573500E-7	-1.772891E-3
1.574000E-7	-1.776317E-3
1.574500E-7	-1.781456E-3
1.575000E-7	-1.766039E-3
1.575500E-7	-1.735206E-3
1.576000E-7	-1.730067E-3
1.576500E-7	-1.759187E-3
1.577000E-7	-1.781455E-3
1.577500E-7	-1.781455E-3
1.578000E-7	-1.778029E-3
1.578500E-7	-1.786594E-3
1.579000E-7	-1.786594E-3
1.579500E-7	-1.784881E-3
1.580000E-7	-1.781455E-3
1.580500E-7	-1.771178E-3
1.581000E-7	-1.771178E-3
1.581500E-7	-1.805437E-3
1.582000E-7	-1.855113E-3
1.582500E-7	-1.911640E-3
1.583000E-7	-1.987010E-3
1.583500E-7	-2.069231E-3
1.584000E-7	-2.134323E-3
1.584500E-7	-2.195989E-3
1.585000E-7	-2.252517E-3
1.585500E-7	-2.288488E-3
1.586000E-7	-2.293627E-3
1.586500E-7	-2.279923E-3
1.587000E-7	-2.240525E-3
1.587500E-7	-2.156591E-3
1.588000E-7	-2.058953E-3
1.588500E-7	-1.959602E-3
1.589000E-7	-1.863677E-3
1.589500E-7	-1.776316E-3
1.590000E-7	-1.704372E-3
1.590500E-7	-1.639280E-3
1.591000E-7	-1.594744E-3
1.591500E-7	-1.574188E-3
1.592000E-7	-1.582753E-3
1.592500E-7	-1.625577E-3
1.593000E-7	-1.707798E-3
1.593500E-7	-1.808862E-3
1.594000E-7	-1.901361E-3
1.594500E-7	-1.983583E-3
1.595000E-7	-2.040110E-3
1.595500E-7	-2.062379E-3
1.596000E-7	-2.070944E-3
1.596500E-7	-2.069231E-3
1.597000E-7	-2.036685E-3
1.597500E-7	-1.983584E-3
1.598000E-7	-1.939047E-3
1.598500E-7	-1.896223E-3
1.599000E-7	-1.841409E-3
1.599500E-7	-1.781456E-3
1.600000E-7	-1.719789E-3
1.600500E-7	-1.664975E-3
1.601000E-7	-1.608447E-3
1.601500E-7	-1.567337E-3
1.602000E-7	-1.536503E-3
1.602500E-7	-1.514235E-3
1.603000E-7	-1.497106E-3
1.603500E-7	-1.510809E-3
1.604000E-7	-1.560485E-3
1.604500E-7	-1.622151E-3
1.605000E-7	-1.690669E-3
1.605500E-7	-1.772891E-3
1.606000E-7	-1.855113E-3
1.606500E-7	-1.899649E-3
1.607000E-7	-1.903075E-3
1.607500E-7	-1.865390E-3
1.608000E-7	-1.791734E-3
1.608500E-7	-1.692383E-3
1.609000E-7	-1.572476E-3
1.609500E-7	-1.452570E-3
1.610000E-7	-1.356645E-3
1.610500E-7	-1.301830E-3
1.611000E-7	-1.286414E-3
1.611500E-7	-1.318960E-3
1.612000E-7	-1.390903E-3
1.612500E-7	-1.502245E-3
1.613000E-7	-1.637568E-3
1.613500E-7	-1.779742E-3
1.614000E-7	-1.913352E-3
1.614500E-7	-2.014416E-3
1.615000E-7	-2.070943E-3
1.615500E-7	-2.093212E-3
1.616000E-7	-2.074369E-3
1.616500E-7	-2.016129E-3
1.617000E-7	-1.918491E-3
1.617500E-7	-1.807150E-3
1.618000E-7	-1.695808E-3
1.618500E-7	-1.594744E-3
1.619000E-7	-1.490255E-3
1.619500E-7	-1.396043E-3
1.620000E-7	-1.324099E-3
1.620500E-7	-1.274424E-3
1.621000E-7	-1.233313E-3
1.621500E-7	-1.202480E-3
1.622000E-7	-1.171647E-3
1.622500E-7	-1.125397E-3
1.623000E-7	-1.084286E-3
1.623500E-7	-1.063731E-3
1.624000E-7	-1.048314E-3
1.624500E-7	-1.017481E-3
1.625000E-7	-9.832220E-4
1.625500E-7	-9.626666E-4
1.626000E-7	-9.523890E-4
1.626500E-7	-9.472502E-4
1.627000E-7	-9.438244E-4
1.627500E-7	-9.660928E-4
1.628000E-7	-1.015768E-3
1.628500E-7	-1.077434E-3
1.629000E-7	-1.137388E-3
1.629500E-7	-1.195628E-3
1.630000E-7	-1.241877E-3
1.630500E-7	-1.272710E-3
1.631000E-7	-1.279562E-3
1.631500E-7	-1.250442E-3
1.632000E-7	-1.200767E-3
1.632500E-7	-1.140813E-3
1.633000E-7	-1.068870E-3
1.633500E-7	-1.005491E-3
1.634000E-7	-9.626671E-4
1.634500E-7	-9.541024E-4
1.635000E-7	-9.729448E-4
1.635500E-7	-1.019194E-3
1.636000E-7	-1.094564E-3
1.636500E-7	-1.197341E-3
1.637000E-7	-1.318960E-3
1.637500E-7	-1.425162E-3
1.638000E-7	-1.495393E-3
1.638500E-7	-1.529652E-3
1.639000E-7	-1.529652E-3
1.639500E-7	-1.485116E-3
1.640000E-7	-1.384052E-3
1.640500E-7	-1.257294E-3
1.641000E-7	-1.144240E-3
1.641500E-7	-1.029472E-3
1.642000E-7	-8.924365E-4
1.642500E-7	-7.673915E-4
1.643000E-7	-6.971606E-4
1.643500E-7	-6.543369E-4
1.644000E-7	-6.269298E-4
1.644500E-7	-6.423463E-4
1.645000E-7	-7.091513E-4
1.645500E-7	-7.930857E-4
1.646000E-7	-8.907238E-4
1.646500E-7	-9.986396E-4
1.647000E-7	-1.108268E-3
1.647500E-7	-1.216184E-3
1.648000E-7	-1.327526E-3
1.648500E-7	-1.406321E-3
1.649000E-7	-1.445719E-3
1.649500E-7	-1.471413E-3
1.650000E-7	-1.486829E-3
1.650500E-7	-1.474838E-3
1.651000E-7	-1.447431E-3
1.651500E-7	-1.414885E-3
1.652000E-7	-1.349792E-3
1.652500E-7	-1.274423E-3
1.653000E-7	-1.226460E-3
1.653500E-7	-1.193914E-3
1.654000E-7	-1.161368E-3
1.654500E-7	-1.133961E-3
1.655000E-7	-1.108267E-3
1.655500E-7	-1.091137E-3
1.656000E-7	-1.085999E-3
1.656500E-7	-1.108267E-3
1.657000E-7	-1.152804E-3
1.657500E-7	-1.197341E-3
1.658000E-7	-1.229887E-3
1.658500E-7	-1.255581E-3
1.659000E-7	-1.253868E-3
1.659500E-7	-1.235026E-3
1.660000E-7	-1.211045E-3
1.660500E-7	-1.157943E-3
1.661000E-7	-1.072296E-3
1.661500E-7	-9.883615E-4
1.662000E-7	-9.335471E-4
1.662500E-7	-8.770198E-4
1.663000E-7	-8.359090E-4
1.663500E-7	-8.273442E-4
1.664000E-7	-8.513254E-4
1.664500E-7	-8.924361E-4
1.665000E-7	-9.541021E-4
1.665500E-7	-1.024333E-3
1.666000E-7	-1.087712E-3
1.666500E-7	-1.147665E-3
1.667000E-7	-1.193915E-3
1.667500E-7	-1.197340E-3
1.668000E-7	-1.166507E-3
1.668500E-7	-1.118545E-3
1.669000E-7	-1.058591E-3
1.669500E-7	-1.005490E-3
1.670000E-7	-9.712307E-4
1.670500E-7	-9.352587E-4
1.671000E-7	-9.266938E-4
1.671500E-7	-9.575268E-4
1.672000E-7	-9.969245E-4
1.672500E-7	-1.015767E-3
1.673000E-7	-1.034609E-3
1.673500E-7	-1.051739E-3
1.674000E-7	-1.029470E-3
1.674500E-7	-9.797951E-4
1.675000E-7	-9.232680E-4
1.675500E-7	-8.513244E-4
1.676000E-7	-7.708160E-4
1.676500E-7	-7.297055E-4
1.677000E-7	-7.177150E-4
1.677500E-7	-7.262799E-4
1.678000E-7	-7.588261E-4
1.678500E-7	-8.359089E-4
1.679000E-7	-9.369730E-4
1.679500E-7	-1.048315E-3
1.680000E-7	-1.163082E-3
1.680500E-7	-1.259007E-3
1.681000E-7	-1.318960E-3
1.681500E-7	-1.344655E-3
1.682000E-7	-1.339516E-3
1.682500E-7	-1.288127E-3
1.683000E-7	-1.202480E-3
1.683500E-7	-1.132249E-3
1.684000E-7	-1.056879E-3
1.684500E-7	-9.626669E-4
1.685000E-7	-8.872971E-4
1.685500E-7	-8.376216E-4
1.686000E-7	-7.982238E-4
1.686500E-7	-7.776684E-4
1.687000E-7	-7.896589E-4
1.687500E-7	-8.085014E-4
1.688000E-7	-8.324827E-4
1.688500E-7	-8.941488E-4
1.689000E-7	-9.797961E-4
1.689500E-7	-1.062018E-3
1.690000E-7	-1.154517E-3
1.690500E-7	-1.274423E-3
1.691000E-7	-1.404607E-3
1.691500E-7	-1.521087E-3
1.692000E-7	-1.617012E-3
1.692500E-7	-1.678678E-3
1.693000E-7	-1.709511E-3
1.693500E-7	-1.721502E-3
1.694000E-7	-1.699234E-3
1.694500E-7	-1.642707E-3
1.695000E-7	-1.553634E-3
1.695500E-7	-1.435440E-3
1.696000E-7	-1.303544E-3
1.696500E-7	-1.185350E-3
1.697000E-7	-1.082574E-3
1.697500E-7	-1.012343E-3
1.698000E-7	-9.780838E-4
1.698500E-7	-9.643801E-4
1.699000E-7	-9.660929E-4
1.699500E-7	-1.007203E-3
1.700000E-7	-1.072295E-3
1.700500E-7	-1.132248E-3
1.701000E-7	-1.221321E-3
1.701500E-7	-1.327524E-3
1.702000E-7	-1.425162E-3
1.702500E-7	-1.510809E-3
1.703000E-7	-1.605021E-3
1.703500E-7	-1.692381E-3
1.704000E-7	-1.747196E-3
1.704500E-7	-1.767751E-3
1.705000E-7	-1.752335E-3
1.705500E-7	-1.697521E-3
1.706000E-7	-1.603309E-3
1.706500E-7	-1.479977E-3
1.707000E-7	-1.330950E-3
1.707500E-7	-1.164795E-3
1.708000E-7	-9.986388E-4
1.708500E-7	-8.684549E-4
1.709000E-7	-7.639651E-4
1.709500E-7	-6.748918E-4
1.710000E-7	-6.440586E-4
1.710500E-7	-7.005857E-4
1.711000E-7	-7.982235E-4
1.711500E-7	-8.992871E-4
1.712000E-7	-1.048313E-3
1.712500E-7	-1.250441E-3
1.713000E-7	-1.444004E-3
1.713500E-7	-1.582752E-3
1.714000E-7	-1.685529E-3
1.714500E-7	-1.767751E-3
1.715000E-7	-1.815713E-3
1.715500E-7	-1.814000E-3
1.716000E-7	-1.783167E-3
1.716500E-7	-1.752334E-3
1.717000E-7	-1.736918E-3
1.717500E-7	-1.726640E-3
1.718000E-7	-1.733492E-3
1.718500E-7	-1.769464E-3
1.719000E-7	-1.824279E-3
1.719500E-7	-1.897935E-3
1.720000E-7	-1.981870E-3
1.720500E-7	-2.050388E-3
1.721000E-7	-2.091499E-3
1.721500E-7	-2.091499E-3
1.722000E-7	-2.062379E-3
1.722500E-7	-1.993861E-3
1.723000E-7	-1.882520E-3
1.723500E-7	-1.743771E-3
1.724000E-7	-1.606735E-3
1.724500E-7	-1.474838E-3
1.725000E-7	-1.368635E-3
1.725500E-7	-1.301830E-3
1.726000E-7	-1.277849E-3
1.726500E-7	-1.288127E-3
1.727000E-7	-1.334376E-3
1.727500E-7	-1.406320E-3
1.728000E-7	-1.474837E-3
1.728500E-7	-1.521087E-3
1.729000E-7	-1.555346E-3
1.729500E-7	-1.582753E-3
1.730000E-7	-1.584466E-3
1.730500E-7	-1.570762E-3
1.731000E-7	-1.562198E-3
1.731500E-7	-1.551920E-3
1.732000E-7	-1.543356E-3
1.732500E-7	-1.555346E-3
1.733000E-7	-1.591318E-3
1.733500E-7	-1.649559E-3
1.734000E-7	-1.723215E-3
1.734500E-7	-1.807150E-3
1.735000E-7	-1.894510E-3
1.735500E-7	-1.957889E-3
1.736000E-7	-2.002425E-3
1.736500E-7	-2.041823E-3
1.737000E-7	-2.046962E-3
1.737500E-7	-2.033258E-3
1.738000E-7	-2.038397E-3
1.738500E-7	-2.052100E-3
1.739000E-7	-2.045249E-3
1.739500E-7	-2.041823E-3
1.740000E-7	-2.081221E-3
1.740500E-7	-2.125758E-3
1.741000E-7	-2.154878E-3
1.741500E-7	-2.182286E-3
1.742000E-7	-2.197702E-3
1.742500E-7	-2.189137E-3
1.743000E-7	-2.172008E-3
1.743500E-7	-2.137749E-3
1.744000E-7	-2.060666E-3
1.744500E-7	-1.966454E-3
1.745000E-7	-1.877380E-3
1.745500E-7	-1.788307E-3
1.746000E-7	-1.704372E-3
1.746500E-7	-1.639280E-3
1.747000E-7	-1.599882E-3
1.747500E-7	-1.605021E-3
1.748000E-7	-1.634141E-3
1.748500E-7	-1.671826E-3
1.749000E-7	-1.728353E-3
1.749500E-7	-1.802010E-3
1.750000E-7	-1.855111E-3
1.750500E-7	-1.891083E-3
1.751000E-7	-1.930481E-3
1.751500E-7	-1.968166E-3
1.752000E-7	-1.983583E-3
1.752500E-7	-1.966453E-3
1.753000E-7	-1.937333E-3
1.753500E-7	-1.918491E-3
1.754000E-7	-1.901362E-3
1.754500E-7	-1.872241E-3
1.755000E-7	-1.836270E-3
1.755500E-7	-1.803724E-3
1.756000E-7	-1.772890E-3
1.756500E-7	-1.752335E-3
1.757000E-7	-1.743770E-3
1.757500E-7	-1.723215E-3
1.758000E-7	-1.694095E-3
1.758500E-7	-1.683817E-3
1.759000E-7	-1.680391E-3
1.759500E-7	-1.663262E-3
1.760000E-7	-1.658123E-3
1.760500E-7	-1.673540E-3
1.761000E-7	-1.671827E-3
1.761500E-7	-1.644420E-3
1.762000E-7	-1.637568E-3
1.762500E-7	-1.634142E-3
1.763000E-7	-1.611874E-3
1.763500E-7	-1.582754E-3
1.764000E-7	-1.565624E-3
1.764500E-7	-1.562198E-3
1.765000E-7	-1.572476E-3
1.765500E-7	-1.593031E-3
1.766000E-7	-1.639281E-3
1.766500E-7	-1.718076E-3
1.767000E-7	-1.814002E-3
1.767500E-7	-1.920204E-3
1.768000E-7	-2.040111E-3
1.768500E-7	-2.153165E-3
1.769000E-7	-2.242238E-3
1.769500E-7	-2.291914E-3
1.770000E-7	-2.300478E-3
1.770500E-7	-2.269645E-3
1.771000E-7	-2.218257E-3
1.771500E-7	-2.129184E-3
1.772000E-7	-2.002425E-3
1.772500E-7	-1.880806E-3
1.773000E-7	-1.793446E-3
1.773500E-7	-1.716363E-3
1.774000E-7	-1.642706E-3
1.774500E-7	-1.605022E-3
1.775000E-7	-1.615299E-3
1.775500E-7	-1.658123E-3
1.776000E-7	-1.709511E-3
1.776500E-7	-1.760900E-3
1.777000E-7	-1.807149E-3
1.777500E-7	-1.841408E-3
1.778000E-7	-1.846547E-3
1.778500E-7	-1.832844E-3
1.779000E-7	-1.824279E-3
1.779500E-7	-1.802011E-3
1.780000E-7	-1.752335E-3
1.780500E-7	-1.716364E-3
1.781000E-7	-1.700947E-3
1.781500E-7	-1.690669E-3
1.782000E-7	-1.683818E-3
1.782500E-7	-1.709512E-3
1.783000E-7	-1.762613E-3
1.783500E-7	-1.827705E-3
1.784000E-7	-1.897936E-3
1.784500E-7	-1.973305E-3
1.785000E-7	-2.058953E-3
1.785500E-7	-2.142887E-3
1.786000E-7	-2.207979E-3
1.786500E-7	-2.242238E-3
1.787000E-7	-2.230248E-3
1.787500E-7	-2.178859E-3
1.788000E-7	-2.118906E-3
1.788500E-7	-2.045249E-3
1.789000E-7	-1.932195E-3
1.789500E-7	-1.814001E-3
1.790000E-7	-1.723215E-3
1.790500E-7	-1.637567E-3
1.791000E-7	-1.570762E-3
1.791500E-7	-1.551920E-3
1.792000E-7	-1.579327E-3
1.792500E-7	-1.642706E-3
1.793000E-7	-1.740344E-3
1.793500E-7	-1.863677E-3
1.794000E-7	-1.992148E-3
1.794500E-7	-2.125758E-3
1.795000E-7	-2.259368E-3
1.795500E-7	-2.368996E-3
1.796000E-7	-2.435801E-3
1.796500E-7	-2.466634E-3
1.797000E-7	-2.459782E-3
1.797500E-7	-2.406681E-3
1.798000E-7	-2.324459E-3
1.798500E-7	-2.216543E-3
1.799000E-7	-2.081220E-3
1.799500E-7	-1.944185E-3
1.800000E-7	-1.805436E-3
1.800500E-7	-1.664974E-3
1.801000E-7	-1.551920E-3
1.801500E-7	-1.481690E-3
1.802000E-7	-1.435440E-3
1.802500E-7	-1.425163E-3
1.803000E-7	-1.444005E-3
1.803500E-7	-1.490255E-3
1.804000E-7	-1.565625E-3
1.804500E-7	-1.671828E-3
1.805000E-7	-1.776317E-3
1.805500E-7	-1.855113E-3
1.806000E-7	-1.918492E-3
1.806500E-7	-1.976732E-3
1.807000E-7	-2.005852E-3
1.807500E-7	-1.985296E-3
1.808000E-7	-1.918491E-3
1.808500E-7	-1.825992E-3
1.809000E-7	-1.714650E-3
1.809500E-7	-1.589605E-3
1.810000E-7	-1.464560E-3
1.810500E-7	-1.358357E-3
1.811000E-7	-1.270997E-3
1.811500E-7	-1.197340E-3
1.812000E-7	-1.142526E-3
1.812500E-7	-1.118545E-3
1.813000E-7	-1.118545E-3
1.813500E-7	-1.147665E-3
1.814000E-7	-1.202479E-3
1.814500E-7	-1.267571E-3
1.815000E-7	-1.334376E-3
1.815500E-7	-1.406320E-3
1.816000E-7	-1.471412E-3
1.816500E-7	-1.510810E-3
1.817000E-7	-1.524513E-3
1.817500E-7	-1.524513E-3
1.818000E-7	-1.515948E-3
1.818500E-7	-1.490254E-3
1.819000E-7	-1.461134E-3
1.819500E-7	-1.428588E-3
1.820000E-7	-1.382338E-3
1.820500E-7	-1.327524E-3
1.821000E-7	-1.296691E-3
1.821500E-7	-1.296690E-3
1.822000E-7	-1.315533E-3
1.822500E-7	-1.349792E-3
1.823000E-7	-1.389190E-3
1.823500E-7	-1.440578E-3
1.824000E-7	-1.515948E-3
1.824500E-7	-1.596457E-3
1.825000E-7	-1.639281E-3
1.825500E-7	-1.666688E-3
1.826000E-7	-1.704373E-3
1.826500E-7	-1.731780E-3
1.827000E-7	-1.740345E-3
1.827500E-7	-1.748909E-3
1.828000E-7	-1.745483E-3
1.828500E-7	-1.709512E-3
1.829000E-7	-1.673540E-3
1.829500E-7	-1.646132E-3
1.830000E-7	-1.594744E-3
1.830500E-7	-1.536504E-3
1.831000E-7	-1.491967E-3
1.831500E-7	-1.450856E-3
1.832000E-7	-1.387477E-3
1.832500E-7	-1.317246E-3
1.833000E-7	-1.262432E-3
1.833500E-7	-1.214470E-3
1.834000E-7	-1.168220E-3
1.834500E-7	-1.106554E-3
1.835000E-7	-1.046601E-3
1.835500E-7	-1.003777E-3
1.836000E-7	-9.643797E-4
1.836500E-7	-9.335467E-4
1.837000E-7	-9.284079E-4
1.837500E-7	-9.575280E-4
1.838000E-7	-1.014055E-3
1.838500E-7	-1.108267E-3
1.839000E-7	-1.221322E-3
1.839500E-7	-1.342941E-3
1.840000E-7	-1.471412E-3
1.840500E-7	-1.587892E-3
1.841000E-7	-1.654697E-3
1.841500E-7	-1.676965E-3
1.842000E-7	-1.687243E-3
1.842500E-7	-1.658123E-3
1.843000E-7	-1.575901E-3
1.843500E-7	-1.467986E-3
1.844000E-7	-1.363496E-3
1.844500E-7	-1.264145E-3
1.845000E-7	-1.181924E-3
1.845500E-7	-1.121971E-3
1.846000E-7	-1.082573E-3
1.846500E-7	-1.075721E-3
1.847000E-7	-1.118545E-3
1.847500E-7	-1.178498E-3
1.848000E-7	-1.219609E-3
1.848500E-7	-1.265859E-3
1.849000E-7	-1.322386E-3
1.849500E-7	-1.342941E-3
1.850000E-7	-1.303543E-3
1.850500E-7	-1.245303E-3
1.851000E-7	-1.178498E-3
1.851500E-7	-1.075721E-3
1.852000E-7	-9.472502E-4
1.852500E-7	-8.239180E-4
1.853000E-7	-7.245671E-4
1.853500E-7	-6.594752E-4
1.854000E-7	-6.526235E-4
1.854500E-7	-6.868825E-4
1.855000E-7	-7.656781E-4
1.855500E-7	-8.992879E-4
1.856000E-7	-1.070583E-3
1.856500E-7	-1.241877E-3
1.857000E-7	-1.389190E-3
1.857500E-7	-1.517661E-3
1.858000E-7	-1.618725E-3
1.858500E-7	-1.688956E-3
1.859000E-7	-1.709511E-3
1.859500E-7	-1.676965E-3
1.860000E-7	-1.608448E-3
1.860500E-7	-1.515949E-3
1.861000E-7	-1.404607E-3
1.861500E-7	-1.293266E-3
1.862000E-7	-1.200767E-3
1.862500E-7	-1.125397E-3
1.863000E-7	-1.060305E-3
1.863500E-7	-1.020907E-3
1.864000E-7	-9.986387E-4
1.864500E-7	-9.849350E-4
1.865000E-7	-9.780832E-4
1.865500E-7	-9.900737E-4
1.866000E-7	-1.029471E-3
1.866500E-7	-1.096276E-3
1.867000E-7	-1.168220E-3
1.867500E-7	-1.236738E-3
1.868000E-7	-1.320673E-3
1.868500E-7	-1.418311E-3
1.869000E-7	-1.524513E-3
1.869500E-7	-1.594744E-3
1.870000E-7	-1.625578E-3
1.870500E-7	-1.652985E-3
1.871000E-7	-1.673540E-3
1.871500E-7	-1.654698E-3
1.872000E-7	-1.608448E-3
1.872500E-7	-1.574189E-3
1.873000E-7	-1.541643E-3
1.873500E-7	-1.488542E-3
1.874000E-7	-1.449144E-3
1.874500E-7	-1.449144E-3
1.875000E-7	-1.442292E-3
1.875500E-7	-1.423450E-3
1.876000E-7	-1.432014E-3
1.876500E-7	-1.462847E-3
1.877000E-7	-1.469699E-3
1.877500E-7	-1.471412E-3
1.878000E-7	-1.481689E-3
1.878500E-7	-1.486828E-3
1.879000E-7	-1.473124E-3
1.879500E-7	-1.461133E-3
1.880000E-7	-1.462846E-3
1.880500E-7	-1.473124E-3
1.881000E-7	-1.495392E-3
1.881500E-7	-1.526226E-3
1.882000E-7	-1.567336E-3
1.882500E-7	-1.622151E-3
1.883000E-7	-1.659836E-3
1.883500E-7	-1.664975E-3
1.884000E-7	-1.678679E-3
1.884500E-7	-1.702660E-3
1.885000E-7	-1.706086E-3
1.885500E-7	-1.697521E-3
1.886000E-7	-1.704373E-3
1.886500E-7	-1.712938E-3
1.887000E-7	-1.707799E-3
1.887500E-7	-1.702660E-3
1.888000E-7	-1.707799E-3
1.888500E-7	-1.730067E-3
1.889000E-7	-1.772890E-3
1.889500E-7	-1.796872E-3
1.890000E-7	-1.790020E-3
1.890500E-7	-1.781455E-3
1.891000E-7	-1.802010E-3
1.891500E-7	-1.810575E-3
1.892000E-7	-1.793446E-3
1.892500E-7	-1.771177E-3
1.893000E-7	-1.767751E-3
1.893500E-7	-1.752335E-3
1.894000E-7	-1.716363E-3
1.894500E-7	-1.676965E-3
1.895000E-7	-1.640993E-3
1.895500E-7	-1.591317E-3
1.896000E-7	-1.517661E-3
1.896500E-7	-1.437152E-3
1.897000E-7	-1.354931E-3
1.897500E-7	-1.262432E-3
1.898000E-7	-1.171646E-3
1.898500E-7	-1.109980E-3
1.899000E-7	-1.085999E-3
1.899500E-7	-1.084286E-3
1.900000E-7	-1.094564E-3
1.900500E-7	-1.139100E-3
1.901000E-7	-1.211044E-3
1.901500E-7	-1.274423E-3
1.902000E-7	-1.332664E-3
1.902500E-7	-1.392617E-3
1.903000E-7	-1.430301E-3
1.903500E-7	-1.432014E-3
1.904000E-7	-1.411459E-3
1.904500E-7	-1.366922E-3
1.905000E-7	-1.310395E-3
1.905500E-7	-1.270997E-3
1.906000E-7	-1.255580E-3
1.906500E-7	-1.257293E-3
1.907000E-7	-1.276135E-3
1.907500E-7	-1.327524E-3
1.908000E-7	-1.420023E-3
1.908500E-7	-1.524513E-3
1.909000E-7	-1.632429E-3
1.909500E-7	-1.733493E-3
1.910000E-7	-1.812288E-3
1.910500E-7	-1.858538E-3
1.911000E-7	-1.863677E-3
1.911500E-7	-1.827705E-3
1.912000E-7	-1.754048E-3
1.912500E-7	-1.652985E-3
1.913000E-7	-1.534791E-3
1.913500E-7	-1.402894E-3
1.914000E-7	-1.289840E-3
1.914500E-7	-1.226461E-3
1.915000E-7	-1.197341E-3
1.915500E-7	-1.188776E-3
1.916000E-7	-1.217896E-3
1.916500E-7	-1.291553E-3
1.917000E-7	-1.372061E-3
1.917500E-7	-1.435440E-3
1.918000E-7	-1.473125E-3
1.918500E-7	-1.485115E-3
1.919000E-7	-1.444004E-3
1.919500E-7	-1.351505E-3
1.920000E-7	-1.253867E-3
1.920500E-7	-1.154516E-3
1.921000E-7	-1.055165E-3
1.921500E-7	-9.797952E-4
1.922000E-7	-9.643786E-4
1.922500E-7	-1.005489E-3
1.923000E-7	-1.091137E-3
1.923500E-7	-1.229885E-3
1.924000E-7	-1.420023E-3
1.924500E-7	-1.640993E-3
1.925000E-7	-1.849972E-3
1.925500E-7	-2.026406E-3
1.926000E-7	-2.172007E-3
1.926500E-7	-2.269645E-3
1.927000E-7	-2.300478E-3
1.927500E-7	-2.279922E-3
1.928000E-7	-2.218256E-3
1.928500E-7	-2.110341E-3
1.929000E-7	-1.985296E-3
1.929500E-7	-1.880806E-3
1.930000E-7	-1.800298E-3
1.930500E-7	-1.752335E-3
1.931000E-7	-1.755761E-3
1.931500E-7	-1.800298E-3
1.932000E-7	-1.880807E-3
1.932500E-7	-1.985296E-3
1.933000E-7	-2.082934E-3
1.933500E-7	-2.142887E-3
1.934000E-7	-2.182285E-3
1.934500E-7	-2.187424E-3
1.935000E-7	-2.125758E-3
1.935500E-7	-2.019555E-3
1.936000E-7	-1.920204E-3
1.936500E-7	-1.827705E-3
1.937000E-7	-1.735205E-3
1.937500E-7	-1.682104E-3
1.938000E-7	-1.666687E-3
1.938500E-7	-1.675252E-3
1.939000E-7	-1.726640E-3
1.939500E-7	-1.812288E-3
1.940000E-7	-1.879093E-3
1.940500E-7	-1.913352E-3
1.941000E-7	-1.949324E-3
1.941500E-7	-1.940759E-3
1.942000E-7	-1.844834E-3
1.942500E-7	-1.694095E-3
1.943000E-7	-1.557059E-3
1.943500E-7	-1.421737E-3
1.944000E-7	-1.270997E-3
1.944500E-7	-1.144239E-3
1.945000E-7	-1.053453E-3
1.945500E-7	-1.000352E-3
1.946000E-7	-1.000352E-3
1.946500E-7	-1.048314E-3
1.947000E-7	-1.111693E-3
1.947500E-7	-1.204192E-3
1.948000E-7	-1.327525E-3
1.948500E-7	-1.444005E-3
1.949000E-7	-1.515949E-3
1.949500E-7	-1.562198E-3
1.950000E-7	-1.594744E-3
1.950500E-7	-1.587892E-3
1.951000E-7	-1.553633E-3
1.951500E-7	-1.534791E-3
1.952000E-7	-1.529652E-3
1.952500E-7	-1.529652E-3
1.953000E-7	-1.550208E-3
1.953500E-7	-1.589605E-3
1.954000E-7	-1.651271E-3
1.954500E-7	-1.735206E-3
1.955000E-7	-1.819140E-3
1.955500E-7	-1.894510E-3
1.956000E-7	-1.973305E-3
1.956500E-7	-2.043536E-3
1.957000E-7	-2.084647E-3
1.957500E-7	-2.113767E-3
1.958000E-7	-2.144600E-3
1.958500E-7	-2.168581E-3
1.959000E-7	-2.197701E-3
1.959500E-7	-2.238812E-3
1.960000E-7	-2.291913E-3
1.960500E-7	-2.345015E-3
1.961000E-7	-2.410107E-3
1.961500E-7	-2.466634E-3
1.962000E-7	-2.492328E-3
1.962500E-7	-2.487189E-3
1.963000E-7	-2.459782E-3
1.963500E-7	-2.396403E-3
1.964000E-7	-2.295339E-3
1.964500E-7	-2.177146E-3
1.965000E-7	-2.050388E-3
1.965500E-7	-1.921917E-3
1.966000E-7	-1.802011E-3
1.966500E-7	-1.714651E-3
1.967000E-7	-1.663262E-3
1.967500E-7	-1.635855E-3
1.968000E-7	-1.635856E-3
1.968500E-7	-1.658124E-3
1.969000E-7	-1.676966E-3
1.969500E-7	-1.683818E-3
1.970000E-7	-1.694096E-3
1.970500E-7	-1.711225E-3
1.971000E-7	-1.709512E-3
1.971500E-7	-1.676966E-3
1.972000E-7	-1.644419E-3
1.972500E-7	-1.629003E-3
1.973000E-7	-1.627289E-3
1.973500E-7	-1.622150E-3
1.974000E-7	-1.646131E-3
1.974500E-7	-1.707797E-3
1.975000E-7	-1.766038E-3
1.975500E-7	-1.819139E-3
1.976000E-7	-1.867102E-3
1.976500E-7	-1.911638E-3
1.977000E-7	-1.935620E-3
1.977500E-7	-1.932194E-3
1.978000E-7	-1.882519E-3
1.978500E-7	-1.802011E-3
1.979000E-7	-1.704373E-3
1.979500E-7	-1.589605E-3
1.980000E-7	-1.473125E-3
1.980500E-7	-1.377200E-3
1.981000E-7	-1.298404E-3
1.981500E-7	-1.248728E-3
1.982000E-7	-1.265858E-3
1.982500E-7	-1.351505E-3
1.983000E-7	-1.478263E-3
1.983500E-7	-1.629002E-3
1.984000E-7	-1.800297E-3
1.984500E-7	-1.981869E-3
1.985000E-7	-2.170293E-3
1.985500E-7	-2.341588E-3
1.986000E-7	-2.451217E-3
1.986500E-7	-2.485476E-3
1.987000E-7	-2.492328E-3
1.987500E-7	-2.482051E-3
1.988000E-7	-2.446079E-3
1.988500E-7	-2.374135E-3
1.989000E-7	-2.295340E-3
1.989500E-7	-2.237099E-3
1.990000E-7	-2.209692E-3
1.990500E-7	-2.204553E-3
1.991000E-7	-2.209692E-3
1.991500E-7	-2.225108E-3
1.992000E-7	-2.247377E-3
1.992500E-7	-2.269645E-3
1.993000E-7	-2.266219E-3
1.993500E-7	-2.237099E-3
1.994000E-7	-2.178859E-3
1.994500E-7	-2.101776E-3
1.995000E-7	-2.009277E-3
1.995500E-7	-1.921917E-3
1.996000E-7	-1.846548E-3
1.996500E-7	-1.767752E-3
1.997000E-7	-1.690669E-3
1.997500E-7	-1.627290E-3
1.998000E-7	-1.586180E-3
1.998500E-7	-1.560485E-3
1.999000E-7	-1.539930E-3
1.999500E-7	-1.507384E-3
2.000000E-7	-1.462847E-3
