Study Name	PremaTech_CVD_SiC_HeandSi
Sample Name	2025-10-15
Run Name	spot04
Operator	Keshav
Date	10/15/2025
Time	18:34
Sign	FIX
Grating Spacing	06.40um
Channel	3
Number Traces	10000
Files in Batch	1
Batch Number	146
dt	50.000001E-12
time stamp (ms)	9:13:56 PM
	
Time	Amplitude
0.000000E+0	-1.832608E-4
5.000000E-11	-8.390968E-5
1.000000E-10	-1.539168E-5
1.500000E-10	3.770978E-5
2.000000E-10	8.224648E-5
2.500000E-10	1.045148E-4
3.000000E-10	7.710763E-5
3.500000E-10	5.163725E-6
4.000000E-10	-1.061780E-4
4.500000E-10	-2.295104E-4
5.000000E-10	-3.442781E-4
5.500000E-10	-4.367774E-4
6.000000E-10	-5.138601E-4
6.500000E-10	-5.601098E-4
7.000000E-10	-5.618227E-4
7.500000E-10	-5.035824E-4
8.000000E-10	-3.973795E-4
8.500000E-10	-2.620565E-4
9.000000E-10	-1.318723E-4
9.500000E-10	-3.423413E-5
1.000000E-9	2.058028E-5
1.050000E-9	3.257093E-5
1.100000E-9	1.737825E-6
1.150000E-9	-5.650248E-5
1.200000E-9	-1.335852E-4
1.250000E-9	-2.432140E-4
1.300000E-9	-3.682594E-4
1.350000E-9	-4.813141E-4
1.400000E-9	-5.772393E-4
1.450000E-9	-6.697386E-4
1.500000E-9	-7.245530E-4
1.550000E-9	-7.348307E-4
1.600000E-9	-7.296918E-4
1.650000E-9	-7.108494E-4
1.700000E-9	-6.474702E-4
1.750000E-9	-5.652486E-4
1.800000E-9	-4.950177E-4
1.850000E-9	-4.145090E-4
1.900000E-9	-2.997414E-4
1.950000E-9	-1.661313E-4
2.000000E-9	-5.136363E-5
2.050000E-9	4.456158E-5
2.100000E-9	1.267832E-4
2.150000E-9	1.850235E-4
2.200000E-9	1.987271E-4
2.250000E-9	1.713199E-4
2.300000E-9	1.216443E-4
2.350000E-9	6.169108E-5
2.400000E-9	-1.367873E-5
2.450000E-9	-9.076148E-5
2.500000E-9	-1.541406E-4
2.550000E-9	-2.055291E-4
2.600000E-9	-2.534917E-4
2.650000E-9	-2.894637E-4
2.700000E-9	-3.014543E-4
2.750000E-9	-2.774730E-4
2.800000E-9	-2.209457E-4
2.850000E-9	-1.507147E-4
2.900000E-9	-7.534493E-5
2.950000E-9	6.876675E-6
3.000000E-9	7.882058E-5
3.050000E-9	1.319220E-4
3.100000E-9	1.850235E-4
3.150000E-9	2.278472E-4
3.200000E-9	2.364120E-4
3.250000E-9	2.124307E-4
3.300000E-9	1.747458E-4
3.350000E-9	1.199314E-4
3.400000E-9	6.340403E-5
3.450000E-9	1.372848E-5
3.500000E-9	-4.451183E-5
3.550000E-9	-1.027521E-4
3.600000E-9	-1.318723E-4
3.650000E-9	-1.404370E-4
3.700000E-9	-1.455759E-4
3.750000E-9	-1.524277E-4
3.800000E-9	-1.490018E-4
3.850000E-9	-1.472888E-4
3.900000E-9	-1.438629E-4
3.950000E-9	-1.472888E-4
4.000000E-9	-1.627054E-4
4.050000E-9	-1.986773E-4
4.100000E-9	-2.363622E-4
4.150000E-9	-2.586306E-4
4.200000E-9	-2.671953E-4
4.250000E-9	-2.808989E-4
4.300000E-9	-3.014543E-4
4.350000E-9	-3.117320E-4
4.400000E-9	-3.305745E-4
4.450000E-9	-3.528428E-4
4.500000E-9	-3.545558E-4
4.550000E-9	-3.408522E-4
4.600000E-9	-3.288615E-4
4.650000E-9	-3.083061E-4
4.700000E-9	-2.808989E-4
4.750000E-9	-2.791860E-4
4.800000E-9	-2.980284E-4
4.850000E-9	-3.117320E-4
4.900000E-9	-3.220097E-4
4.950000E-9	-3.477040E-4
5.000000E-9	-3.699723E-4
5.050000E-9	-3.716853E-4
5.100000E-9	-3.614076E-4
5.150000E-9	-3.579817E-4
5.200000E-9	-3.648335E-4
5.250000E-9	-3.631205E-4
5.300000E-9	-3.459910E-4
5.350000E-9	-3.271486E-4
5.400000E-9	-3.185838E-4
5.450000E-9	-3.185838E-4
5.500000E-9	-3.134450E-4
5.550000E-9	-2.894637E-4
5.600000E-9	-2.500658E-4
5.650000E-9	-1.866867E-4
5.700000E-9	-9.590033E-5
5.750000E-9	2.571913E-5
5.800000E-9	1.559033E-4
5.850000E-9	2.740969E-4
5.900000E-9	3.734480E-4
5.950000E-9	4.334012E-4
6.000000E-9	4.385401E-4
6.050000E-9	3.888645E-4
6.100000E-9	2.912264E-4
6.150000E-9	1.387738E-4
6.200000E-9	-6.164133E-5
6.250000E-9	-2.706212E-4
6.300000E-9	-4.573328E-4
6.350000E-9	-6.354796E-4
6.400000E-9	-7.879321E-4
6.450000E-9	-8.787185E-4
6.500000E-9	-9.078387E-4
6.550000E-9	-9.044128E-4
6.600000E-9	-8.633020E-4
6.650000E-9	-7.639508E-4
6.700000E-9	-6.354796E-4
6.750000E-9	-5.172860E-4
6.800000E-9	-4.110831E-4
6.850000E-9	-3.185838E-4
6.900000E-9	-2.620565E-4
6.950000E-9	-2.346493E-4
7.000000E-9	-2.140939E-4
7.050000E-9	-1.986773E-4
7.100000E-9	-1.986773E-4
7.150000E-9	-2.140939E-4
7.200000E-9	-2.363622E-4
7.250000E-9	-2.706212E-4
7.300000E-9	-3.134450E-4
7.350000E-9	-3.408522E-4
7.400000E-9	-3.562687E-4
7.450000E-9	-3.699723E-4
7.500000E-9	-3.768241E-4
7.550000E-9	-3.716853E-4
7.600000E-9	-3.545558E-4
7.650000E-9	-3.134450E-4
7.700000E-9	-2.517788E-4
7.750000E-9	-1.918255E-4
7.800000E-9	-1.370111E-4
7.850000E-9	-9.076148E-5
7.900000E-9	-6.506723E-5
7.950000E-9	-6.164133E-5
8.000000E-9	-4.793773E-5
8.050000E-9	-2.395643E-5
8.100000E-9	-1.367873E-5
8.150000E-9	5.163725E-6
8.200000E-9	4.627453E-5
8.250000E-9	9.595008E-5
8.300000E-9	1.353479E-4
8.350000E-9	1.747458E-4
8.400000E-9	2.055789E-4
8.450000E-9	2.124307E-4
8.500000E-9	1.901623E-4
8.550000E-9	1.182184E-4
8.600000E-9	-1.881758E-5
8.650000E-9	-1.918255E-4
8.700000E-9	-3.665464E-4
8.750000E-9	-5.309896E-4
8.800000E-9	-6.543220E-4
8.850000E-9	-7.142753E-4
8.900000E-9	-6.954328E-4
8.950000E-9	-6.063594E-4
9.000000E-9	-4.470551E-4
9.050000E-9	-2.380752E-4
9.100000E-9	-5.113975E-6
9.150000E-9	2.192825E-4
9.200000E-9	4.111329E-4
9.250000E-9	5.618725E-4
9.300000E-9	6.492329E-4
9.350000E-9	6.492329E-4
9.400000E-9	5.670113E-4
9.450000E-9	4.351142E-4
9.500000E-9	2.775228E-4
9.550000E-9	9.595008E-5
9.600000E-9	-8.390968E-5
9.650000E-9	-2.517788E-4
9.700000E-9	-3.699723E-4
9.750000E-9	-4.162220E-4
9.800000E-9	-4.127961E-4
9.850000E-9	-3.785371E-4
9.900000E-9	-3.014543E-4
9.950000E-9	-1.952514E-4
1.000000E-8	-9.076148E-5
1.005000E-8	-1.688075E-6
1.010000E-8	5.997813E-5
1.015000E-8	6.854288E-5
1.020000E-8	4.456158E-5
1.025000E-8	3.085798E-5
1.030000E-8	2.571913E-5
1.035000E-8	1.715438E-5
1.040000E-8	2.914503E-5
1.045000E-8	7.539468E-5
1.050000E-8	1.284961E-4
1.055000E-8	1.661810E-4
1.060000E-8	2.124307E-4
1.065000E-8	2.723839E-4
1.070000E-8	3.152077E-4
1.075000E-8	3.134947E-4
1.080000E-8	2.706710E-4
1.085000E-8	1.935882E-4
1.090000E-8	6.854288E-5
1.095000E-8	-8.904853E-5
1.100000E-8	-2.346493E-4
1.105000E-8	-3.494169E-4
1.110000E-8	-4.299256E-4
1.115000E-8	-4.658975E-4
1.120000E-8	-4.487680E-4
1.125000E-8	-3.990925E-4
1.130000E-8	-3.374263E-4
1.135000E-8	-2.671953E-4
1.140000E-8	-1.883996E-4
1.145000E-8	-1.233075E-4
1.150000E-8	-8.562263E-5
1.155000E-8	-6.849313E-5
1.160000E-8	-7.363198E-5
1.165000E-8	-1.164557E-4
1.170000E-8	-1.781219E-4
1.175000E-8	-2.226586E-4
1.180000E-8	-2.534917E-4
1.185000E-8	-2.860378E-4
1.190000E-8	-3.117320E-4
1.195000E-8	-3.271486E-4
1.200000E-8	-3.408522E-4
1.205000E-8	-3.596946E-4
1.210000E-8	-3.853889E-4
1.215000E-8	-4.213608E-4
1.220000E-8	-4.641846E-4
1.225000E-8	-4.950177E-4
1.230000E-8	-5.207119E-4
1.235000E-8	-5.292767E-4
1.240000E-8	-4.898788E-4
1.245000E-8	-4.059443E-4
1.250000E-8	-2.980284E-4
1.255000E-8	-1.695572E-4
1.260000E-8	-2.909528E-5
1.265000E-8	1.010889E-4
1.270000E-8	2.038659E-4
1.275000E-8	2.740969E-4
1.280000E-8	3.015041E-4
1.285000E-8	2.929393E-4
1.290000E-8	2.706710E-4
1.295000E-8	2.244213E-4
1.300000E-8	1.404868E-4
1.305000E-8	5.826518E-5
1.310000E-8	1.372848E-5
1.315000E-8	5.163725E-6
1.320000E-8	2.229323E-5
1.325000E-8	7.196878E-5
1.330000E-8	1.353479E-4
1.335000E-8	1.884494E-4
1.340000E-8	2.329861E-4
1.345000E-8	2.689580E-4
1.350000E-8	2.758098E-4
1.355000E-8	2.535415E-4
1.360000E-8	2.124307E-4
1.365000E-8	1.421997E-4
1.370000E-8	2.571913E-5
1.375000E-8	-1.164557E-4
1.380000E-8	-2.534917E-4
1.385000E-8	-3.768241E-4
1.390000E-8	-4.933047E-4
1.395000E-8	-5.960817E-4
1.400000E-8	-6.645997E-4
1.405000E-8	-6.783033E-4
1.410000E-8	-6.543220E-4
1.415000E-8	-6.097853E-4
1.420000E-8	-5.481191E-4
1.425000E-8	-4.693234E-4
1.430000E-8	-4.196479E-4
1.435000E-8	-3.871018E-4
1.440000E-8	-3.391392E-4
1.445000E-8	-2.997414E-4
1.450000E-8	-2.808989E-4
1.455000E-8	-2.209457E-4
1.460000E-8	-1.198816E-4
1.465000E-8	-6.335428E-5
1.470000E-8	-5.136363E-5
1.475000E-8	-3.252118E-5
1.480000E-8	-1.196578E-5
1.485000E-8	6.876675E-6
1.490000E-8	5.655223E-5
1.495000E-8	8.567238E-5
1.500000E-8	1.030257E-5
1.505000E-8	-1.215946E-4
1.510000E-8	-2.243716E-4
1.515000E-8	-3.151579E-4
1.520000E-8	-4.145090E-4
1.525000E-8	-5.121472E-4
1.530000E-8	-5.960817E-4
1.535000E-8	-6.508961E-4
1.540000E-8	-6.474702E-4
1.545000E-8	-5.995076E-4
1.550000E-8	-5.258508E-4
1.555000E-8	-4.059443E-4
1.560000E-8	-2.277975E-4
1.565000E-8	-3.080823E-5
1.570000E-8	1.473386E-4
1.575000E-8	2.895134E-4
1.580000E-8	3.888645E-4
1.585000E-8	4.710861E-4
1.590000E-8	5.430300E-4
1.595000E-8	5.396041E-4
1.600000E-8	4.265494E-4
1.605000E-8	2.792357E-4
1.610000E-8	1.576163E-4
1.615000E-8	3.257093E-5
1.620000E-8	-1.147428E-4
1.625000E-8	-2.466399E-4
1.630000E-8	-3.288615E-4
1.635000E-8	-3.494169E-4
1.640000E-8	-3.065932E-4
1.645000E-8	-2.449270E-4
1.650000E-8	-1.798349E-4
1.655000E-8	-8.562263E-5
1.660000E-8	1.372848E-5
1.665000E-8	4.627453E-5
1.670000E-8	5.312633E-5
1.675000E-8	9.252418E-5
1.680000E-8	9.766303E-5
1.685000E-8	1.715438E-5
1.690000E-8	-5.992838E-5
1.695000E-8	-8.733558E-5
1.700000E-8	-1.301593E-4
1.705000E-8	-2.003903E-4
1.710000E-8	-2.466399E-4
1.715000E-8	-2.671953E-4
1.720000E-8	-2.723342E-4
1.725000E-8	-2.603435E-4
1.730000E-8	-2.483529E-4
1.735000E-8	-2.517788E-4
1.740000E-8	-2.483529E-4
1.745000E-8	-2.552047E-4
1.750000E-8	-2.946025E-4
1.755000E-8	-3.442781E-4
1.760000E-8	-3.768241E-4
1.765000E-8	-4.367774E-4
1.770000E-8	-5.224249E-4
1.775000E-8	-5.721004E-4
1.780000E-8	-5.652486E-4
1.785000E-8	-5.309896E-4
1.790000E-8	-4.539069E-4
1.795000E-8	-3.014543E-4
1.800000E-8	-4.451183E-5
1.805000E-8	3.631703E-4
1.810000E-8	9.918230E-4
1.815000E-8	1.896261E-3
1.820000E-8	3.117594E-3
1.825000E-8	4.705499E-3
1.830000E-8	6.683956E-3
1.835000E-8	9.080373E-3
1.840000E-8	1.191359E-2
1.845000E-8	1.515963E-2
1.850000E-8	1.872771E-2
1.855000E-8	2.257842E-2
1.860000E-8	2.670663E-2
1.865000E-8	3.101984E-2
1.870000E-8	3.536045E-2
1.875000E-8	3.964454E-2
1.880000E-8	4.382071E-2
1.885000E-8	4.776735E-2
1.890000E-8	5.132343E-2
1.895000E-8	5.441188E-2
1.900000E-8	5.692649E-2
1.905000E-8	5.872509E-2
1.910000E-8	5.979740E-2
1.915000E-8	6.024448E-2
1.920000E-8	6.016054E-2
1.925000E-8	5.960897E-2
1.930000E-8	5.874565E-2
1.935000E-8	5.773158E-2
1.940000E-8	5.668154E-2
1.945000E-8	5.569317E-2
1.950000E-8	5.486239E-2
1.955000E-8	5.422346E-2
1.960000E-8	5.377809E-2
1.965000E-8	5.354342E-2
1.970000E-8	5.352458E-2
1.975000E-8	5.367874E-2
1.980000E-8	5.399392E-2
1.985000E-8	5.444272E-2
1.990000E-8	5.490693E-2
1.995000E-8	5.531290E-2
2.000000E-8	5.570687E-2
2.005000E-8	5.608372E-2
2.010000E-8	5.632525E-2
2.015000E-8	5.635951E-2
2.020000E-8	5.619506E-2
2.025000E-8	5.583534E-2
2.030000E-8	5.537456E-2
2.035000E-8	5.487952E-2
2.040000E-8	5.439818E-2
2.045000E-8	5.396994E-2
2.050000E-8	5.366846E-2
2.055000E-8	5.352458E-2
2.060000E-8	5.350059E-2
2.065000E-8	5.359652E-2
2.070000E-8	5.381235E-2
2.075000E-8	5.413439E-2
2.080000E-8	5.450610E-2
2.085000E-8	5.488466E-2
2.090000E-8	5.524438E-2
2.095000E-8	5.560238E-2
2.100000E-8	5.599294E-2
2.105000E-8	5.635266E-2
2.110000E-8	5.657191E-2
2.115000E-8	5.662159E-2
2.120000E-8	5.656506E-2
2.125000E-8	5.640404E-2
2.130000E-8	5.611627E-2
2.135000E-8	5.570345E-2
2.140000E-8	5.526322E-2
2.145000E-8	5.486068E-2
2.150000E-8	5.456605E-2
2.155000E-8	5.439475E-2
2.160000E-8	5.431596E-2
2.165000E-8	5.430911E-2
2.170000E-8	5.437420E-2
2.175000E-8	5.449068E-2
2.180000E-8	5.460716E-2
2.185000E-8	5.476133E-2
2.190000E-8	5.499771E-2
2.195000E-8	5.527864E-2
2.200000E-8	5.552359E-2
2.205000E-8	5.572914E-2
2.210000E-8	5.588159E-2
2.215000E-8	5.595011E-2
2.220000E-8	5.590729E-2
2.225000E-8	5.575312E-2
2.230000E-8	5.551331E-2
2.235000E-8	5.523410E-2
2.240000E-8	5.494461E-2
2.245000E-8	5.466711E-2
2.250000E-8	5.441531E-2
2.255000E-8	5.423202E-2
2.260000E-8	5.413267E-2
2.265000E-8	5.409670E-2
2.270000E-8	5.411897E-2
2.275000E-8	5.418235E-2
2.280000E-8	5.428855E-2
2.285000E-8	5.443073E-2
2.290000E-8	5.458489E-2
2.295000E-8	5.473392E-2
2.300000E-8	5.490521E-2
2.305000E-8	5.509706E-2
2.310000E-8	5.524438E-2
2.315000E-8	5.533002E-2
2.320000E-8	5.533516E-2
2.325000E-8	5.529405E-2
2.330000E-8	5.519813E-2
2.335000E-8	5.507993E-2
2.340000E-8	5.493605E-2
2.345000E-8	5.476818E-2
2.350000E-8	5.461230E-2
2.355000E-8	5.453864E-2
2.360000E-8	5.449410E-2
2.365000E-8	5.443586E-2
2.370000E-8	5.439133E-2
2.375000E-8	5.440332E-2
2.380000E-8	5.445471E-2
2.385000E-8	5.449582E-2
2.390000E-8	5.453693E-2
2.395000E-8	5.459174E-2
2.400000E-8	5.467739E-2
2.405000E-8	5.481614E-2
2.410000E-8	5.498058E-2
2.415000E-8	5.513132E-2
2.420000E-8	5.521697E-2
2.425000E-8	5.521526E-2
2.430000E-8	5.514503E-2
2.435000E-8	5.504054E-2
2.440000E-8	5.489665E-2
2.445000E-8	5.472364E-2
2.450000E-8	5.456947E-2
2.455000E-8	5.443244E-2
2.460000E-8	5.429883E-2
2.465000E-8	5.418749E-2
2.470000E-8	5.411897E-2
2.475000E-8	5.410869E-2
2.480000E-8	5.413096E-2
2.485000E-8	5.416864E-2
2.490000E-8	5.422688E-2
2.495000E-8	5.433137E-2
2.500000E-8	5.447526E-2
2.505000E-8	5.461230E-2
2.510000E-8	5.470480E-2
2.515000E-8	5.481100E-2
2.520000E-8	5.495318E-2
2.525000E-8	5.507993E-2
2.530000E-8	5.511077E-2
2.535000E-8	5.506280E-2
2.540000E-8	5.498058E-2
2.545000E-8	5.487952E-2
2.550000E-8	5.475961E-2
2.555000E-8	5.463114E-2
2.560000E-8	5.449068E-2
2.565000E-8	5.436392E-2
2.570000E-8	5.426457E-2
2.575000E-8	5.420462E-2
2.580000E-8	5.418235E-2
2.585000E-8	5.422688E-2
2.590000E-8	5.437591E-2
2.595000E-8	5.458489E-2
2.600000E-8	5.480757E-2
2.605000E-8	5.505424E-2
2.610000E-8	5.536086E-2
2.615000E-8	5.566405E-2
2.620000E-8	5.589701E-2
2.625000E-8	5.603233E-2
2.630000E-8	5.604946E-2
2.635000E-8	5.594840E-2
2.640000E-8	5.574285E-2
2.645000E-8	5.549618E-2
2.650000E-8	5.523753E-2
2.655000E-8	5.499943E-2
2.660000E-8	5.479216E-2
2.665000E-8	5.462258E-2
2.670000E-8	5.449410E-2
2.675000E-8	5.443244E-2
2.680000E-8	5.447698E-2
2.685000E-8	5.461744E-2
2.690000E-8	5.479558E-2
2.695000E-8	5.504225E-2
2.700000E-8	5.535743E-2
2.705000E-8	5.567604E-2
2.710000E-8	5.594840E-2
2.715000E-8	5.620192E-2
2.720000E-8	5.642974E-2
2.725000E-8	5.656677E-2
2.730000E-8	5.655992E-2
2.735000E-8	5.642974E-2
2.740000E-8	5.623446E-2
2.745000E-8	5.597923E-2
2.750000E-8	5.568803E-2
2.755000E-8	5.539683E-2
2.760000E-8	5.517415E-2
2.765000E-8	5.501998E-2
2.770000E-8	5.491378E-2
2.775000E-8	5.482642E-2
2.780000E-8	5.480072E-2
2.785000E-8	5.482984E-2
2.790000E-8	5.488466E-2
2.795000E-8	5.494118E-2
2.800000E-8	5.501142E-2
2.805000E-8	5.511762E-2
2.810000E-8	5.523410E-2
2.815000E-8	5.534373E-2
2.820000E-8	5.547734E-2
2.825000E-8	5.560067E-2
2.830000E-8	5.565206E-2
2.835000E-8	5.562979E-2
2.840000E-8	5.554414E-2
2.845000E-8	5.537285E-2
2.850000E-8	5.512447E-2
2.855000E-8	5.485725E-2
2.860000E-8	5.464313E-2
2.865000E-8	5.445985E-2
2.870000E-8	5.431082E-2
2.875000E-8	5.419776E-2
2.880000E-8	5.414295E-2
2.885000E-8	5.414980E-2
2.890000E-8	5.418064E-2
2.895000E-8	5.424401E-2
2.900000E-8	5.438448E-2
2.905000E-8	5.458147E-2
2.910000E-8	5.480929E-2
2.915000E-8	5.504739E-2
2.920000E-8	5.528206E-2
2.925000E-8	5.548419E-2
2.930000E-8	5.560752E-2
2.935000E-8	5.564178E-2
2.940000E-8	5.557155E-2
2.945000E-8	5.542081E-2
2.950000E-8	5.523067E-2
2.955000E-8	5.497373E-2
2.960000E-8	5.468253E-2
2.965000E-8	5.445128E-2
2.970000E-8	5.430568E-2
2.975000E-8	5.420462E-2
2.980000E-8	5.413439E-2
2.985000E-8	5.413439E-2
2.990000E-8	5.420633E-2
2.995000E-8	5.430225E-2
3.000000E-8	5.442730E-2
3.005000E-8	5.456434E-2
3.010000E-8	5.470480E-2
3.015000E-8	5.480929E-2
3.020000E-8	5.485382E-2
3.025000E-8	5.482299E-2
3.030000E-8	5.476475E-2
3.035000E-8	5.469966E-2
3.040000E-8	5.459517E-2
3.045000E-8	5.443415E-2
3.050000E-8	5.425943E-2
3.055000E-8	5.413439E-2
3.060000E-8	5.408128E-2
3.065000E-8	5.403675E-2
3.070000E-8	5.400763E-2
3.075000E-8	5.402133E-2
3.080000E-8	5.404702E-2
3.085000E-8	5.408642E-2
3.090000E-8	5.416351E-2
3.095000E-8	5.428684E-2
3.100000E-8	5.440674E-2
3.105000E-8	5.449068E-2
3.110000E-8	5.453008E-2
3.115000E-8	5.454721E-2
3.120000E-8	5.454378E-2
3.125000E-8	5.451637E-2
3.130000E-8	5.444614E-2
3.135000E-8	5.434679E-2
3.140000E-8	5.422688E-2
3.145000E-8	5.408814E-2
3.150000E-8	5.392712E-2
3.155000E-8	5.375411E-2
3.160000E-8	5.361022E-2
3.165000E-8	5.355198E-2
3.170000E-8	5.355883E-2
3.175000E-8	5.358795E-2
3.180000E-8	5.364106E-2
3.185000E-8	5.373869E-2
3.190000E-8	5.386717E-2
3.195000E-8	5.399906E-2
3.200000E-8	5.412068E-2
3.205000E-8	5.422003E-2
3.210000E-8	5.429369E-2
3.215000E-8	5.435022E-2
3.220000E-8	5.437420E-2
3.225000E-8	5.437249E-2
3.230000E-8	5.436735E-2
3.235000E-8	5.435707E-2
3.240000E-8	5.430397E-2
3.245000E-8	5.422346E-2
3.250000E-8	5.415494E-2
3.255000E-8	5.410184E-2
3.260000E-8	5.405388E-2
3.265000E-8	5.403161E-2
3.270000E-8	5.405559E-2
3.275000E-8	5.407101E-2
3.280000E-8	5.408985E-2
3.285000E-8	5.412753E-2
3.290000E-8	5.415837E-2
3.295000E-8	5.414295E-2
3.300000E-8	5.409327E-2
3.305000E-8	5.400591E-2
3.310000E-8	5.390999E-2
3.315000E-8	5.383805E-2
3.320000E-8	5.377980E-2
3.325000E-8	5.373527E-2
3.330000E-8	5.369416E-2
3.335000E-8	5.364962E-2
3.340000E-8	5.357082E-2
3.345000E-8	5.346120E-2
3.350000E-8	5.334985E-2
3.355000E-8	5.326421E-2
3.360000E-8	5.319911E-2
3.365000E-8	5.314773E-2
3.370000E-8	5.313402E-2
3.375000E-8	5.319569E-2
3.380000E-8	5.331560E-2
3.385000E-8	5.344407E-2
3.390000E-8	5.356569E-2
3.395000E-8	5.369587E-2
3.400000E-8	5.380550E-2
3.405000E-8	5.387916E-2
3.410000E-8	5.390999E-2
3.415000E-8	5.390314E-2
3.420000E-8	5.388258E-2
3.425000E-8	5.382605E-2
3.430000E-8	5.372842E-2
3.435000E-8	5.360680E-2
3.440000E-8	5.348175E-2
3.445000E-8	5.335671E-2
3.450000E-8	5.322995E-2
3.455000E-8	5.315115E-2
3.460000E-8	5.311518E-2
3.465000E-8	5.309120E-2
3.470000E-8	5.308949E-2
3.475000E-8	5.314259E-2
3.480000E-8	5.323166E-2
3.485000E-8	5.329161E-2
3.490000E-8	5.331731E-2
3.495000E-8	5.333444E-2
3.500000E-8	5.334985E-2
3.505000E-8	5.332245E-2
3.510000E-8	5.322481E-2
3.515000E-8	5.313574E-2
3.520000E-8	5.307236E-2
3.525000E-8	5.300555E-2
3.530000E-8	5.295074E-2
3.535000E-8	5.289078E-2
3.540000E-8	5.280342E-2
3.545000E-8	5.269208E-2
3.550000E-8	5.261500E-2
3.555000E-8	5.257731E-2
3.560000E-8	5.256018E-2
3.565000E-8	5.255847E-2
3.570000E-8	5.260301E-2
3.575000E-8	5.271435E-2
3.580000E-8	5.288222E-2
3.585000E-8	5.307236E-2
3.590000E-8	5.323851E-2
3.595000E-8	5.335671E-2
3.600000E-8	5.344235E-2
3.605000E-8	5.347490E-2
3.610000E-8	5.346120E-2
3.615000E-8	5.345092E-2
3.620000E-8	5.345777E-2
3.625000E-8	5.343550E-2
3.630000E-8	5.336870E-2
3.635000E-8	5.325907E-2
3.640000E-8	5.314430E-2
3.645000E-8	5.303467E-2
3.650000E-8	5.292847E-2
3.655000E-8	5.284453E-2
3.660000E-8	5.279143E-2
3.665000E-8	5.274861E-2
3.670000E-8	5.273833E-2
3.675000E-8	5.276231E-2
3.680000E-8	5.280685E-2
3.685000E-8	5.287194E-2
3.690000E-8	5.297301E-2
3.695000E-8	5.309291E-2
3.700000E-8	5.318541E-2
3.705000E-8	5.323680E-2
3.710000E-8	5.326421E-2
3.715000E-8	5.327448E-2
3.720000E-8	5.327277E-2
3.725000E-8	5.324708E-2
3.730000E-8	5.321967E-2
3.735000E-8	5.323337E-2
3.740000E-8	5.325564E-2
3.745000E-8	5.321453E-2
3.750000E-8	5.315286E-2
3.755000E-8	5.312546E-2
3.760000E-8	5.311347E-2
3.765000E-8	5.306550E-2
3.770000E-8	5.300213E-2
3.775000E-8	5.297643E-2
3.780000E-8	5.295416E-2
3.785000E-8	5.291648E-2
3.790000E-8	5.290791E-2
3.795000E-8	5.296101E-2
3.800000E-8	5.301412E-2
3.805000E-8	5.304838E-2
3.810000E-8	5.309976E-2
3.815000E-8	5.315115E-2
3.820000E-8	5.317685E-2
3.825000E-8	5.316999E-2
3.830000E-8	5.314601E-2
3.835000E-8	5.308777E-2
3.840000E-8	5.300898E-2
3.845000E-8	5.292676E-2
3.850000E-8	5.282569E-2
3.855000E-8	5.269551E-2
3.860000E-8	5.258245E-2
3.865000E-8	5.249509E-2
3.870000E-8	5.242144E-2
3.875000E-8	5.238546E-2
3.880000E-8	5.238204E-2
3.885000E-8	5.240431E-2
3.890000E-8	5.245912E-2
3.895000E-8	5.252935E-2
3.900000E-8	5.260986E-2
3.905000E-8	5.267153E-2
3.910000E-8	5.273319E-2
3.915000E-8	5.277944E-2
3.920000E-8	5.279143E-2
3.925000E-8	5.275375E-2
3.930000E-8	5.266810E-2
3.935000E-8	5.253278E-2
3.940000E-8	5.238032E-2
3.945000E-8	5.224329E-2
3.950000E-8	5.213880E-2
3.955000E-8	5.206685E-2
3.960000E-8	5.206685E-2
3.965000E-8	5.215250E-2
3.970000E-8	5.227070E-2
3.975000E-8	5.238032E-2
3.980000E-8	5.248310E-2
3.985000E-8	5.255676E-2
3.990000E-8	5.258417E-2
3.995000E-8	5.256875E-2
4.000000E-8	5.250708E-2
4.005000E-8	5.239745E-2
4.010000E-8	5.225185E-2
4.015000E-8	5.214908E-2
4.020000E-8	5.211139E-2
4.025000E-8	5.212167E-2
4.030000E-8	5.215250E-2
4.035000E-8	5.220732E-2
4.040000E-8	5.228269E-2
4.045000E-8	5.237347E-2
4.050000E-8	5.244713E-2
4.055000E-8	5.248481E-2
4.060000E-8	5.248653E-2
4.065000E-8	5.247454E-2
4.070000E-8	5.244028E-2
4.075000E-8	5.241630E-2
4.080000E-8	5.241458E-2
4.085000E-8	5.240431E-2
4.090000E-8	5.239232E-2
4.095000E-8	5.241801E-2
4.100000E-8	5.247796E-2
4.105000E-8	5.253620E-2
4.110000E-8	5.255847E-2
4.115000E-8	5.255676E-2
4.120000E-8	5.251565E-2
4.125000E-8	5.241972E-2
4.130000E-8	5.229125E-2
4.135000E-8	5.216621E-2
4.140000E-8	5.205144E-2
4.145000E-8	5.191612E-2
4.150000E-8	5.177394E-2
4.155000E-8	5.165061E-2
4.160000E-8	5.155640E-2
4.165000E-8	5.148616E-2
4.170000E-8	5.146047E-2
4.175000E-8	5.147246E-2
4.180000E-8	5.148788E-2
4.185000E-8	5.151357E-2
4.190000E-8	5.155811E-2
4.195000E-8	5.161121E-2
4.200000E-8	5.166602E-2
4.205000E-8	5.171399E-2
4.210000E-8	5.175167E-2
4.215000E-8	5.175510E-2
4.220000E-8	5.173968E-2
4.225000E-8	5.171227E-2
4.230000E-8	5.166431E-2
4.235000E-8	5.160093E-2
4.240000E-8	5.156325E-2
4.245000E-8	5.153755E-2
4.250000E-8	5.149130E-2
4.255000E-8	5.143649E-2
4.260000E-8	5.140908E-2
4.265000E-8	5.140394E-2
4.270000E-8	5.139024E-2
4.275000E-8	5.139195E-2
4.280000E-8	5.141593E-2
4.285000E-8	5.143649E-2
4.290000E-8	5.145362E-2
4.295000E-8	5.147760E-2
4.300000E-8	5.149644E-2
4.305000E-8	5.148959E-2
4.310000E-8	5.149302E-2
4.315000E-8	5.151186E-2
4.320000E-8	5.152385E-2
4.325000E-8	5.149644E-2
4.330000E-8	5.147075E-2
4.335000E-8	5.144163E-2
4.340000E-8	5.140394E-2
4.345000E-8	5.136112E-2
4.350000E-8	5.131487E-2
4.355000E-8	5.127718E-2
4.360000E-8	5.126348E-2
4.365000E-8	5.127376E-2
4.370000E-8	5.130973E-2
4.375000E-8	5.137654E-2
4.380000E-8	5.144334E-2
4.385000E-8	5.147417E-2
4.390000E-8	5.147417E-2
4.395000E-8	5.145533E-2
4.400000E-8	5.140908E-2
4.405000E-8	5.133371E-2
4.410000E-8	5.124464E-2
4.415000E-8	5.116242E-2
4.420000E-8	5.107848E-2
4.425000E-8	5.100825E-2
4.430000E-8	5.094145E-2
4.435000E-8	5.092089E-2
4.440000E-8	5.092946E-2
4.445000E-8	5.096371E-2
4.450000E-8	5.100483E-2
4.455000E-8	5.106307E-2
4.460000E-8	5.112645E-2
4.465000E-8	5.118469E-2
4.470000E-8	5.121038E-2
4.475000E-8	5.120867E-2
4.480000E-8	5.120181E-2
4.485000E-8	5.118469E-2
4.490000E-8	5.117098E-2
4.495000E-8	5.117612E-2
4.500000E-8	5.119668E-2
4.505000E-8	5.119668E-2
4.510000E-8	5.119154E-2
4.515000E-8	5.120695E-2
4.520000E-8	5.118640E-2
4.525000E-8	5.112645E-2
4.530000E-8	5.105621E-2
4.535000E-8	5.097913E-2
4.540000E-8	5.090890E-2
4.545000E-8	5.084723E-2
4.550000E-8	5.080955E-2
4.555000E-8	5.077015E-2
4.560000E-8	5.076844E-2
4.565000E-8	5.080441E-2
4.570000E-8	5.083353E-2
4.575000E-8	5.084210E-2
4.580000E-8	5.086608E-2
4.585000E-8	5.088663E-2
4.590000E-8	5.087293E-2
4.595000E-8	5.083867E-2
4.600000E-8	5.081983E-2
4.605000E-8	5.081298E-2
4.610000E-8	5.080098E-2
4.615000E-8	5.080441E-2
4.620000E-8	5.082839E-2
4.625000E-8	5.084895E-2
4.630000E-8	5.085409E-2
4.635000E-8	5.085922E-2
4.640000E-8	5.084038E-2
4.645000E-8	5.078386E-2
4.650000E-8	5.071020E-2
4.655000E-8	5.063312E-2
4.660000E-8	5.052349E-2
4.665000E-8	5.042756E-2
4.670000E-8	5.038302E-2
4.675000E-8	5.034363E-2
4.680000E-8	5.032650E-2
4.685000E-8	5.036076E-2
4.690000E-8	5.043441E-2
4.695000E-8	5.053205E-2
4.700000E-8	5.063483E-2
4.705000E-8	5.071020E-2
4.710000E-8	5.075816E-2
4.715000E-8	5.078899E-2
4.720000E-8	5.078728E-2
4.725000E-8	5.074103E-2
4.730000E-8	5.068279E-2
4.735000E-8	5.062455E-2
4.740000E-8	5.053034E-2
4.745000E-8	5.040872E-2
4.750000E-8	5.029738E-2
4.755000E-8	5.018946E-2
4.760000E-8	5.009868E-2
4.765000E-8	5.004900E-2
4.770000E-8	5.001817E-2
4.775000E-8	5.000618E-2
4.780000E-8	5.001131E-2
4.785000E-8	5.005756E-2
4.790000E-8	5.013636E-2
4.795000E-8	5.023742E-2
4.800000E-8	5.033506E-2
4.805000E-8	5.039673E-2
4.810000E-8	5.042242E-2
4.815000E-8	5.042242E-2
4.820000E-8	5.042585E-2
4.825000E-8	5.046353E-2
4.830000E-8	5.052177E-2
4.835000E-8	5.056288E-2
4.840000E-8	5.057145E-2
4.845000E-8	5.055432E-2
4.850000E-8	5.053890E-2
4.855000E-8	5.053719E-2
4.860000E-8	5.053376E-2
4.865000E-8	5.049608E-2
4.870000E-8	5.043955E-2
4.875000E-8	5.041900E-2
4.880000E-8	5.041728E-2
4.885000E-8	5.041900E-2
4.890000E-8	5.041557E-2
4.895000E-8	5.036932E-2
4.900000E-8	5.028710E-2
4.905000E-8	5.019117E-2
4.910000E-8	5.011067E-2
4.915000E-8	5.001474E-2
4.920000E-8	4.991539E-2
4.925000E-8	4.984345E-2
4.930000E-8	4.980747E-2
4.935000E-8	4.975266E-2
4.940000E-8	4.967729E-2
4.945000E-8	4.959335E-2
4.950000E-8	4.954025E-2
4.955000E-8	4.955567E-2
4.960000E-8	4.963618E-2
4.965000E-8	4.972868E-2
4.970000E-8	4.978349E-2
4.975000E-8	4.979206E-2
4.980000E-8	4.975266E-2
4.985000E-8	4.967386E-2
4.990000E-8	4.956081E-2
4.995000E-8	4.944947E-2
5.000000E-8	4.936382E-2
5.005000E-8	4.931072E-2
5.010000E-8	4.927988E-2
5.015000E-8	4.927988E-2
5.020000E-8	4.932100E-2
5.025000E-8	4.941350E-2
5.030000E-8	4.950942E-2
5.035000E-8	4.960192E-2
5.040000E-8	4.970470E-2
5.045000E-8	4.979034E-2
5.050000E-8	4.982974E-2
5.055000E-8	4.985544E-2
5.060000E-8	4.988113E-2
5.065000E-8	4.988456E-2
5.070000E-8	4.986400E-2
5.075000E-8	4.983488E-2
5.080000E-8	4.981261E-2
5.085000E-8	4.978349E-2
5.090000E-8	4.975437E-2
5.095000E-8	4.972011E-2
5.100000E-8	4.971840E-2
5.105000E-8	4.974067E-2
5.110000E-8	4.974752E-2
5.115000E-8	4.974238E-2
5.120000E-8	4.975266E-2
5.125000E-8	4.979034E-2
5.130000E-8	4.980576E-2
5.135000E-8	4.980062E-2
5.140000E-8	4.980062E-2
5.145000E-8	4.977664E-2
5.150000E-8	4.971497E-2
5.155000E-8	4.962933E-2
5.160000E-8	4.952826E-2
5.165000E-8	4.942720E-2
5.170000E-8	4.935012E-2
5.175000E-8	4.931757E-2
5.180000E-8	4.928331E-2
5.185000E-8	4.925248E-2
5.190000E-8	4.924734E-2
5.195000E-8	4.925933E-2
5.200000E-8	4.927817E-2
5.205000E-8	4.930558E-2
5.210000E-8	4.935183E-2
5.215000E-8	4.938609E-2
5.220000E-8	4.941178E-2
5.225000E-8	4.943748E-2
5.230000E-8	4.948373E-2
5.235000E-8	4.953340E-2
5.240000E-8	4.957451E-2
5.245000E-8	4.955910E-2
5.250000E-8	4.947687E-2
5.255000E-8	4.937924E-2
5.260000E-8	4.929873E-2
5.265000E-8	4.920623E-2
5.270000E-8	4.913600E-2
5.275000E-8	4.910174E-2
5.280000E-8	4.907091E-2
5.285000E-8	4.904521E-2
5.290000E-8	4.903151E-2
5.295000E-8	4.904692E-2
5.300000E-8	4.911202E-2
5.305000E-8	4.922850E-2
5.310000E-8	4.935868E-2
5.315000E-8	4.947859E-2
5.320000E-8	4.957965E-2
5.325000E-8	4.965331E-2
5.330000E-8	4.967729E-2
5.335000E-8	4.967044E-2
5.340000E-8	4.964817E-2
5.345000E-8	4.959849E-2
5.350000E-8	4.953169E-2
5.355000E-8	4.947002E-2
5.360000E-8	4.939979E-2
5.365000E-8	4.931414E-2
5.370000E-8	4.923877E-2
5.375000E-8	4.915484E-2
5.380000E-8	4.906577E-2
5.385000E-8	4.899382E-2
5.390000E-8	4.894243E-2
5.395000E-8	4.889276E-2
5.400000E-8	4.884480E-2
5.405000E-8	4.882595E-2
5.410000E-8	4.881225E-2
5.415000E-8	4.878998E-2
5.420000E-8	4.877970E-2
5.425000E-8	4.877114E-2
5.430000E-8	4.874716E-2
5.435000E-8	4.874202E-2
5.440000E-8	4.875744E-2
5.445000E-8	4.876257E-2
5.450000E-8	4.875058E-2
5.455000E-8	4.872146E-2
5.460000E-8	4.865466E-2
5.465000E-8	4.857244E-2
5.470000E-8	4.855359E-2
5.475000E-8	4.857072E-2
5.480000E-8	4.859299E-2
5.485000E-8	4.866494E-2
5.490000E-8	4.876943E-2
5.495000E-8	4.887734E-2
5.500000E-8	4.899554E-2
5.505000E-8	4.912401E-2
5.510000E-8	4.920965E-2
5.515000E-8	4.924563E-2
5.520000E-8	4.929188E-2
5.525000E-8	4.932785E-2
5.530000E-8	4.932785E-2
5.535000E-8	4.928674E-2
5.540000E-8	4.921822E-2
5.545000E-8	4.911373E-2
5.550000E-8	4.897498E-2
5.555000E-8	4.884137E-2
5.560000E-8	4.874544E-2
5.565000E-8	4.868720E-2
5.570000E-8	4.865295E-2
5.575000E-8	4.861355E-2
5.580000E-8	4.859128E-2
5.585000E-8	4.859299E-2
5.590000E-8	4.859470E-2
5.595000E-8	4.858443E-2
5.600000E-8	4.860498E-2
5.605000E-8	4.863582E-2
5.610000E-8	4.864267E-2
5.615000E-8	4.861183E-2
5.620000E-8	4.856216E-2
5.625000E-8	4.849193E-2
5.630000E-8	4.839943E-2
5.635000E-8	4.831207E-2
5.640000E-8	4.824869E-2
5.645000E-8	4.818702E-2
5.650000E-8	4.814249E-2
5.655000E-8	4.811165E-2
5.660000E-8	4.809281E-2
5.665000E-8	4.807911E-2
5.670000E-8	4.808082E-2
5.675000E-8	4.807739E-2
5.680000E-8	4.808938E-2
5.685000E-8	4.813735E-2
5.690000E-8	4.818702E-2
5.695000E-8	4.820073E-2
5.700000E-8	4.821100E-2
5.705000E-8	4.822642E-2
5.710000E-8	4.821443E-2
5.715000E-8	4.819387E-2
5.720000E-8	4.818017E-2
5.725000E-8	4.815619E-2
5.730000E-8	4.811508E-2
5.735000E-8	4.809966E-2
5.740000E-8	4.810309E-2
5.745000E-8	4.811165E-2
5.750000E-8	4.810309E-2
5.755000E-8	4.809110E-2
5.760000E-8	4.807397E-2
5.765000E-8	4.807568E-2
5.770000E-8	4.808767E-2
5.775000E-8	4.809452E-2
5.780000E-8	4.810651E-2
5.785000E-8	4.809452E-2
5.790000E-8	4.805513E-2
5.795000E-8	4.800031E-2
5.800000E-8	4.794721E-2
5.805000E-8	4.792494E-2
5.810000E-8	4.792665E-2
5.815000E-8	4.794036E-2
5.820000E-8	4.793693E-2
5.825000E-8	4.793351E-2
5.830000E-8	4.794892E-2
5.835000E-8	4.795920E-2
5.840000E-8	4.796434E-2
5.845000E-8	4.796434E-2
5.850000E-8	4.796091E-2
5.855000E-8	4.793351E-2
5.860000E-8	4.790952E-2
5.865000E-8	4.788383E-2
5.870000E-8	4.781703E-2
5.875000E-8	4.772110E-2
5.880000E-8	4.763203E-2
5.885000E-8	4.756180E-2
5.890000E-8	4.754124E-2
5.895000E-8	4.758578E-2
5.900000E-8	4.766286E-2
5.905000E-8	4.772967E-2
5.910000E-8	4.781531E-2
5.915000E-8	4.791295E-2
5.920000E-8	4.797976E-2
5.925000E-8	4.798318E-2
5.930000E-8	4.793693E-2
5.935000E-8	4.783929E-2
5.940000E-8	4.769712E-2
5.945000E-8	4.753781E-2
5.950000E-8	4.736995E-2
5.955000E-8	4.720208E-2
5.960000E-8	4.706847E-2
5.965000E-8	4.696740E-2
5.970000E-8	4.688175E-2
5.975000E-8	4.684236E-2
5.980000E-8	4.687662E-2
5.985000E-8	4.698796E-2
5.990000E-8	4.713527E-2
5.995000E-8	4.730657E-2
6.000000E-8	4.749670E-2
6.005000E-8	4.769883E-2
6.010000E-8	4.785985E-2
6.015000E-8	4.799175E-2
6.020000E-8	4.809966E-2
6.025000E-8	4.816818E-2
6.030000E-8	4.819730E-2
6.035000E-8	4.816818E-2
6.040000E-8	4.811679E-2
6.045000E-8	4.804999E-2
6.050000E-8	4.797633E-2
6.055000E-8	4.788040E-2
6.060000E-8	4.777763E-2
6.065000E-8	4.769198E-2
6.070000E-8	4.760291E-2
6.075000E-8	4.749157E-2
6.080000E-8	4.738708E-2
6.085000E-8	4.729800E-2
6.090000E-8	4.721064E-2
6.095000E-8	4.713698E-2
6.100000E-8	4.706847E-2
6.105000E-8	4.699824E-2
6.110000E-8	4.696740E-2
6.115000E-8	4.701536E-2
6.120000E-8	4.708217E-2
6.125000E-8	4.711814E-2
6.130000E-8	4.713870E-2
6.135000E-8	4.716782E-2
6.140000E-8	4.718666E-2
6.145000E-8	4.721235E-2
6.150000E-8	4.724833E-2
6.155000E-8	4.723976E-2
6.160000E-8	4.718837E-2
6.165000E-8	4.713013E-2
6.170000E-8	4.706675E-2
6.175000E-8	4.701023E-2
6.180000E-8	4.695541E-2
6.185000E-8	4.689203E-2
6.190000E-8	4.683722E-2
6.195000E-8	4.679953E-2
6.200000E-8	4.679611E-2
6.205000E-8	4.680467E-2
6.210000E-8	4.683551E-2
6.215000E-8	4.689717E-2
6.220000E-8	4.696226E-2
6.225000E-8	4.701365E-2
6.230000E-8	4.704791E-2
6.235000E-8	4.708217E-2
6.240000E-8	4.711985E-2
6.245000E-8	4.713698E-2
6.250000E-8	4.713013E-2
6.255000E-8	4.712157E-2
6.260000E-8	4.709416E-2
6.265000E-8	4.704962E-2
6.270000E-8	4.700509E-2
6.275000E-8	4.697425E-2
6.280000E-8	4.695712E-2
6.285000E-8	4.695199E-2
6.290000E-8	4.695541E-2
6.295000E-8	4.694342E-2
6.300000E-8	4.691087E-2
6.305000E-8	4.687319E-2
6.310000E-8	4.683037E-2
6.315000E-8	4.678583E-2
6.320000E-8	4.676356E-2
6.325000E-8	4.676699E-2
6.330000E-8	4.679439E-2
6.335000E-8	4.681838E-2
6.340000E-8	4.683208E-2
6.345000E-8	4.683208E-2
6.350000E-8	4.685777E-2
6.355000E-8	4.689203E-2
6.360000E-8	4.691087E-2
6.365000E-8	4.692629E-2
6.370000E-8	4.699481E-2
6.375000E-8	4.709587E-2
6.380000E-8	4.717810E-2
6.385000E-8	4.723291E-2
6.390000E-8	4.724319E-2
6.395000E-8	4.718323E-2
6.400000E-8	4.705476E-2
6.405000E-8	4.689717E-2
6.410000E-8	4.670361E-2
6.415000E-8	4.648949E-2
6.420000E-8	4.632505E-2
6.425000E-8	4.625139E-2
6.430000E-8	4.620685E-2
6.435000E-8	4.616403E-2
6.440000E-8	4.617431E-2
6.445000E-8	4.624625E-2
6.450000E-8	4.633704E-2
6.455000E-8	4.641926E-2
6.460000E-8	4.650148E-2
6.465000E-8	4.659055E-2
6.470000E-8	4.666764E-2
6.475000E-8	4.672245E-2
6.480000E-8	4.674986E-2
6.485000E-8	4.673102E-2
6.490000E-8	4.668477E-2
6.495000E-8	4.661282E-2
6.500000E-8	4.650833E-2
6.505000E-8	4.639356E-2
6.510000E-8	4.626509E-2
6.515000E-8	4.614005E-2
6.520000E-8	4.603727E-2
6.525000E-8	4.594648E-2
6.530000E-8	4.587454E-2
6.535000E-8	4.583686E-2
6.540000E-8	4.580431E-2
6.545000E-8	4.576491E-2
6.550000E-8	4.573065E-2
6.555000E-8	4.573750E-2
6.560000E-8	4.576491E-2
6.565000E-8	4.578204E-2
6.570000E-8	4.582658E-2
6.575000E-8	4.588482E-2
6.580000E-8	4.592079E-2
6.585000E-8	4.595847E-2
6.590000E-8	4.600644E-2
6.595000E-8	4.601500E-2
6.600000E-8	4.600130E-2
6.605000E-8	4.603556E-2
6.610000E-8	4.608695E-2
6.615000E-8	4.613491E-2
6.620000E-8	4.620514E-2
6.625000E-8	4.628051E-2
6.630000E-8	4.633704E-2
6.635000E-8	4.637472E-2
6.640000E-8	4.640384E-2
6.645000E-8	4.640898E-2
6.650000E-8	4.637301E-2
6.655000E-8	4.631991E-2
6.660000E-8	4.628222E-2
6.665000E-8	4.627537E-2
6.670000E-8	4.629079E-2
6.675000E-8	4.630278E-2
6.680000E-8	4.633875E-2
6.685000E-8	4.639699E-2
6.690000E-8	4.643981E-2
6.695000E-8	4.644495E-2
6.700000E-8	4.642954E-2
6.705000E-8	4.639870E-2
6.710000E-8	4.635074E-2
6.715000E-8	4.626681E-2
6.720000E-8	4.614347E-2
6.725000E-8	4.601672E-2
6.730000E-8	4.592422E-2
6.735000E-8	4.586769E-2
6.740000E-8	4.584028E-2
6.745000E-8	4.585570E-2
6.750000E-8	4.589167E-2
6.755000E-8	4.593621E-2
6.760000E-8	4.598931E-2
6.765000E-8	4.605269E-2
6.770000E-8	4.609551E-2
6.775000E-8	4.613491E-2
6.780000E-8	4.617945E-2
6.785000E-8	4.623426E-2
6.790000E-8	4.627537E-2
6.795000E-8	4.631648E-2
6.800000E-8	4.634389E-2
6.805000E-8	4.632162E-2
6.810000E-8	4.625995E-2
6.815000E-8	4.620000E-2
6.820000E-8	4.613833E-2
6.825000E-8	4.604755E-2
6.830000E-8	4.593278E-2
6.835000E-8	4.585227E-2
6.840000E-8	4.581630E-2
6.845000E-8	4.579232E-2
6.850000E-8	4.575463E-2
6.855000E-8	4.570667E-2
6.860000E-8	4.565357E-2
6.865000E-8	4.562616E-2
6.870000E-8	4.560561E-2
6.875000E-8	4.559362E-2
6.880000E-8	4.558676E-2
6.885000E-8	4.556450E-2
6.890000E-8	4.549769E-2
6.895000E-8	4.541033E-2
6.900000E-8	4.534181E-2
6.905000E-8	4.528529E-2
6.910000E-8	4.527843E-2
6.915000E-8	4.535552E-2
6.920000E-8	4.546343E-2
6.925000E-8	4.555764E-2
6.930000E-8	4.565357E-2
6.935000E-8	4.576149E-2
6.940000E-8	4.586598E-2
6.945000E-8	4.595334E-2
6.950000E-8	4.603042E-2
6.955000E-8	4.609037E-2
6.960000E-8	4.611778E-2
6.965000E-8	4.608866E-2
6.970000E-8	4.600986E-2
6.975000E-8	4.589681E-2
6.980000E-8	4.576320E-2
6.985000E-8	4.563130E-2
6.990000E-8	4.551825E-2
6.995000E-8	4.543431E-2
7.000000E-8	4.537265E-2
7.005000E-8	4.534695E-2
7.010000E-8	4.537950E-2
7.015000E-8	4.544459E-2
7.020000E-8	4.550283E-2
7.025000E-8	4.553538E-2
7.030000E-8	4.555593E-2
7.035000E-8	4.555251E-2
7.040000E-8	4.548570E-2
7.045000E-8	4.537093E-2
7.050000E-8	4.527501E-2
7.055000E-8	4.519792E-2
7.060000E-8	4.513112E-2
7.065000E-8	4.510371E-2
7.070000E-8	4.513968E-2
7.075000E-8	4.519792E-2
7.080000E-8	4.528357E-2
7.085000E-8	4.539663E-2
7.090000E-8	4.550968E-2
7.095000E-8	4.559533E-2
7.100000E-8	4.565014E-2
7.105000E-8	4.565186E-2
7.110000E-8	4.558848E-2
7.115000E-8	4.548227E-2
7.120000E-8	4.535380E-2
7.125000E-8	4.517566E-2
7.130000E-8	4.498552E-2
7.135000E-8	4.481422E-2
7.140000E-8	4.469774E-2
7.145000E-8	4.464122E-2
7.150000E-8	4.465149E-2
7.155000E-8	4.471145E-2
7.160000E-8	4.477140E-2
7.165000E-8	4.484506E-2
7.170000E-8	4.491186E-2
7.175000E-8	4.494783E-2
7.180000E-8	4.496154E-2
7.185000E-8	4.495811E-2
7.190000E-8	4.494270E-2
7.195000E-8	4.492557E-2
7.200000E-8	4.491186E-2
7.205000E-8	4.490330E-2
7.210000E-8	4.489816E-2
7.215000E-8	4.490844E-2
7.220000E-8	4.493927E-2
7.225000E-8	4.499408E-2
7.230000E-8	4.504719E-2
7.235000E-8	4.510543E-2
7.240000E-8	4.516367E-2
7.245000E-8	4.520820E-2
7.250000E-8	4.523218E-2
7.255000E-8	4.526130E-2
7.260000E-8	4.529385E-2
7.265000E-8	4.532982E-2
7.270000E-8	4.534524E-2
7.275000E-8	4.534695E-2
7.280000E-8	4.536237E-2
7.285000E-8	4.538121E-2
7.290000E-8	4.536408E-2
7.295000E-8	4.530927E-2
7.300000E-8	4.524246E-2
7.305000E-8	4.517223E-2
7.310000E-8	4.507288E-2
7.315000E-8	4.498209E-2
7.320000E-8	4.488959E-2
7.325000E-8	4.476112E-2
7.330000E-8	4.461895E-2
7.335000E-8	4.452816E-2
7.340000E-8	4.448534E-2
7.345000E-8	4.446307E-2
7.350000E-8	4.446136E-2
7.355000E-8	4.447849E-2
7.360000E-8	4.449390E-2
7.365000E-8	4.451274E-2
7.370000E-8	4.455557E-2
7.375000E-8	4.460524E-2
7.380000E-8	4.465492E-2
7.385000E-8	4.470460E-2
7.390000E-8	4.473372E-2
7.395000E-8	4.472686E-2
7.400000E-8	4.469946E-2
7.405000E-8	4.467548E-2
7.410000E-8	4.464122E-2
7.415000E-8	4.459497E-2
7.420000E-8	4.458469E-2
7.425000E-8	4.461210E-2
7.430000E-8	4.463950E-2
7.435000E-8	4.465492E-2
7.440000E-8	4.469946E-2
7.445000E-8	4.475941E-2
7.450000E-8	4.480737E-2
7.455000E-8	4.481936E-2
7.460000E-8	4.480566E-2
7.465000E-8	4.477825E-2
7.470000E-8	4.472686E-2
7.475000E-8	4.465663E-2
7.480000E-8	4.457441E-2
7.485000E-8	4.449904E-2
7.490000E-8	4.442196E-2
7.495000E-8	4.433974E-2
7.500000E-8	4.426951E-2
7.505000E-8	4.419928E-2
7.510000E-8	4.415645E-2
7.515000E-8	4.413418E-2
7.520000E-8	4.411705E-2
7.525000E-8	4.406909E-2
7.530000E-8	4.403141E-2
7.535000E-8	4.403312E-2
7.540000E-8	4.404511E-2
7.545000E-8	4.404168E-2
7.550000E-8	4.405539E-2
7.555000E-8	4.407252E-2
7.560000E-8	4.409136E-2
7.565000E-8	4.411020E-2
7.570000E-8	4.415303E-2
7.575000E-8	4.421983E-2
7.580000E-8	4.430205E-2
7.585000E-8	4.436201E-2
7.590000E-8	4.438599E-2
7.595000E-8	4.437228E-2
7.600000E-8	4.431576E-2
7.605000E-8	4.423867E-2
7.610000E-8	4.414960E-2
7.615000E-8	4.407423E-2
7.620000E-8	4.402455E-2
7.625000E-8	4.400742E-2
7.630000E-8	4.401770E-2
7.635000E-8	4.405710E-2
7.640000E-8	4.414789E-2
7.645000E-8	4.425066E-2
7.650000E-8	4.432603E-2
7.655000E-8	4.436886E-2
7.660000E-8	4.438427E-2
7.665000E-8	4.435687E-2
7.670000E-8	4.428492E-2
7.675000E-8	4.418728E-2
7.680000E-8	4.406566E-2
7.685000E-8	4.392178E-2
7.690000E-8	4.379331E-2
7.695000E-8	4.369224E-2
7.700000E-8	4.361345E-2
7.705000E-8	4.359974E-2
7.710000E-8	4.364428E-2
7.715000E-8	4.370423E-2
7.720000E-8	4.376076E-2
7.725000E-8	4.385497E-2
7.730000E-8	4.395090E-2
7.735000E-8	4.402284E-2
7.740000E-8	4.405710E-2
7.745000E-8	4.405025E-2
7.750000E-8	4.398858E-2
7.755000E-8	4.387039E-2
7.760000E-8	4.372650E-2
7.765000E-8	4.358261E-2
7.770000E-8	4.345585E-2
7.775000E-8	4.334794E-2
7.780000E-8	4.325544E-2
7.785000E-8	4.319035E-2
7.790000E-8	4.317664E-2
7.795000E-8	4.321433E-2
7.800000E-8	4.326229E-2
7.805000E-8	4.333252E-2
7.810000E-8	4.343873E-2
7.815000E-8	4.358604E-2
7.820000E-8	4.374192E-2
7.825000E-8	4.388923E-2
7.830000E-8	4.401942E-2
7.835000E-8	4.411877E-2
7.840000E-8	4.415131E-2
7.845000E-8	4.411020E-2
7.850000E-8	4.401770E-2
7.855000E-8	4.390293E-2
7.860000E-8	4.376761E-2
7.865000E-8	4.362544E-2
7.870000E-8	4.349697E-2
7.875000E-8	4.338734E-2
7.880000E-8	4.326914E-2
7.885000E-8	4.315609E-2
7.890000E-8	4.307729E-2
7.895000E-8	4.302590E-2
7.900000E-8	4.300021E-2
7.905000E-8	4.302077E-2
7.910000E-8	4.309956E-2
7.915000E-8	4.318863E-2
7.920000E-8	4.328799E-2
7.925000E-8	4.342331E-2
7.930000E-8	4.355863E-2
7.935000E-8	4.363571E-2
7.940000E-8	4.365970E-2
7.945000E-8	4.366483E-2
7.950000E-8	4.364428E-2
7.955000E-8	4.362201E-2
7.960000E-8	4.360146E-2
7.965000E-8	4.358946E-2
7.970000E-8	4.357576E-2
7.975000E-8	4.356206E-2
7.980000E-8	4.354835E-2
7.985000E-8	4.353294E-2
7.990000E-8	4.353294E-2
7.995000E-8	4.353294E-2
8.000000E-8	4.354835E-2
8.005000E-8	4.358433E-2
8.010000E-8	4.361858E-2
8.015000E-8	4.363400E-2
8.020000E-8	4.363743E-2
8.025000E-8	4.363058E-2
8.030000E-8	4.359460E-2
8.035000E-8	4.351752E-2
8.040000E-8	4.341817E-2
8.045000E-8	4.333937E-2
8.050000E-8	4.331711E-2
8.055000E-8	4.331711E-2
8.060000E-8	4.330169E-2
8.065000E-8	4.326229E-2
8.070000E-8	4.321262E-2
8.075000E-8	4.314752E-2
8.080000E-8	4.308414E-2
8.085000E-8	4.305674E-2
8.090000E-8	4.305331E-2
8.095000E-8	4.304817E-2
8.100000E-8	4.304817E-2
8.105000E-8	4.304475E-2
8.110000E-8	4.303447E-2
8.115000E-8	4.299850E-2
8.120000E-8	4.296081E-2
8.125000E-8	4.295739E-2
8.130000E-8	4.298822E-2
8.135000E-8	4.301734E-2
8.140000E-8	4.300364E-2
8.145000E-8	4.297280E-2
8.150000E-8	4.294882E-2
8.155000E-8	4.290600E-2
8.160000E-8	4.282035E-2
8.165000E-8	4.272443E-2
8.170000E-8	4.266447E-2
8.175000E-8	4.261994E-2
8.180000E-8	4.258396E-2
8.185000E-8	4.255827E-2
8.190000E-8	4.257540E-2
8.195000E-8	4.261480E-2
8.200000E-8	4.265419E-2
8.205000E-8	4.269702E-2
8.210000E-8	4.279123E-2
8.215000E-8	4.290942E-2
8.220000E-8	4.303276E-2
8.225000E-8	4.312868E-2
8.230000E-8	4.318863E-2
8.235000E-8	4.322289E-2
8.240000E-8	4.324002E-2
8.245000E-8	4.322632E-2
8.250000E-8	4.316808E-2
8.255000E-8	4.308243E-2
8.260000E-8	4.300364E-2
8.265000E-8	4.292827E-2
8.270000E-8	4.284091E-2
8.275000E-8	4.275868E-2
8.280000E-8	4.269017E-2
8.285000E-8	4.261994E-2
8.290000E-8	4.257026E-2
8.295000E-8	4.258054E-2
8.300000E-8	4.262507E-2
8.305000E-8	4.266447E-2
8.310000E-8	4.268331E-2
8.315000E-8	4.268503E-2
8.320000E-8	4.268331E-2
8.325000E-8	4.266961E-2
8.330000E-8	4.266105E-2
8.335000E-8	4.267132E-2
8.340000E-8	4.269530E-2
8.345000E-8	4.272614E-2
8.350000E-8	4.275012E-2
8.355000E-8	4.277067E-2
8.360000E-8	4.278438E-2
8.365000E-8	4.279466E-2
8.370000E-8	4.279637E-2
8.375000E-8	4.277067E-2
8.380000E-8	4.272443E-2
8.385000E-8	4.265762E-2
8.390000E-8	4.257540E-2
8.395000E-8	4.249146E-2
8.400000E-8	4.241096E-2
8.405000E-8	4.234415E-2
8.410000E-8	4.230818E-2
8.415000E-8	4.230818E-2
8.420000E-8	4.233387E-2
8.425000E-8	4.236984E-2
8.430000E-8	4.240924E-2
8.435000E-8	4.242466E-2
8.440000E-8	4.244350E-2
8.445000E-8	4.247091E-2
8.450000E-8	4.246234E-2
8.455000E-8	4.239211E-2
8.460000E-8	4.232359E-2
8.465000E-8	4.227392E-2
8.470000E-8	4.221225E-2
8.475000E-8	4.212489E-2
8.480000E-8	4.206323E-2
8.485000E-8	4.203753E-2
8.490000E-8	4.202554E-2
8.495000E-8	4.202725E-2
8.500000E-8	4.203239E-2
8.505000E-8	4.205637E-2
8.510000E-8	4.207179E-2
8.515000E-8	4.203582E-2
8.520000E-8	4.194675E-2
8.525000E-8	4.185253E-2
8.530000E-8	4.175147E-2
8.535000E-8	4.161615E-2
8.540000E-8	4.148596E-2
8.545000E-8	4.139518E-2
8.550000E-8	4.133351E-2
8.555000E-8	4.129582E-2
8.560000E-8	4.130096E-2
8.565000E-8	4.135407E-2
8.570000E-8	4.143629E-2
8.575000E-8	4.153906E-2
8.580000E-8	4.163328E-2
8.585000E-8	4.171550E-2
8.590000E-8	4.179943E-2
8.595000E-8	4.189193E-2
8.600000E-8	4.197929E-2
8.605000E-8	4.207350E-2
8.610000E-8	4.217457E-2
8.615000E-8	4.226878E-2
8.620000E-8	4.234758E-2
8.625000E-8	4.243494E-2
8.630000E-8	4.249660E-2
8.635000E-8	4.250859E-2
8.640000E-8	4.248290E-2
8.645000E-8	4.246577E-2
8.650000E-8	4.247262E-2
8.655000E-8	4.247776E-2
8.660000E-8	4.246748E-2
8.665000E-8	4.244693E-2
8.670000E-8	4.243151E-2
8.675000E-8	4.243494E-2
8.680000E-8	4.244693E-2
8.685000E-8	4.246406E-2
8.690000E-8	4.247262E-2
8.695000E-8	4.248119E-2
8.700000E-8	4.249146E-2
8.705000E-8	4.249832E-2
8.710000E-8	4.247091E-2
8.715000E-8	4.243322E-2
8.720000E-8	4.240410E-2
8.725000E-8	4.237670E-2
8.730000E-8	4.232017E-2
8.735000E-8	4.224309E-2
8.740000E-8	4.217971E-2
8.745000E-8	4.214887E-2
8.750000E-8	4.212147E-2
8.755000E-8	4.209063E-2
8.760000E-8	4.206151E-2
8.765000E-8	4.202725E-2
8.770000E-8	4.198614E-2
8.775000E-8	4.193989E-2
8.780000E-8	4.190050E-2
8.785000E-8	4.187480E-2
8.790000E-8	4.184568E-2
8.795000E-8	4.178744E-2
8.800000E-8	4.171207E-2
8.805000E-8	4.165041E-2
8.810000E-8	4.158874E-2
8.815000E-8	4.153050E-2
8.820000E-8	4.150994E-2
8.825000E-8	4.152879E-2
8.830000E-8	4.159045E-2
8.835000E-8	4.170179E-2
8.840000E-8	4.182855E-2
8.845000E-8	4.191591E-2
8.850000E-8	4.196388E-2
8.855000E-8	4.197758E-2
8.860000E-8	4.191763E-2
8.865000E-8	4.178573E-2
8.870000E-8	4.166582E-2
8.875000E-8	4.155105E-2
8.880000E-8	4.143286E-2
8.885000E-8	4.132837E-2
8.890000E-8	4.125985E-2
8.895000E-8	4.118962E-2
8.900000E-8	4.112624E-2
8.905000E-8	4.110055E-2
8.910000E-8	4.111768E-2
8.915000E-8	4.115708E-2
8.920000E-8	4.121189E-2
8.925000E-8	4.126157E-2
8.930000E-8	4.130268E-2
8.935000E-8	4.134207E-2
8.940000E-8	4.137462E-2
8.945000E-8	4.138147E-2
8.950000E-8	4.134550E-2
8.955000E-8	4.128041E-2
8.960000E-8	4.123587E-2
8.965000E-8	4.121360E-2
8.970000E-8	4.118962E-2
8.975000E-8	4.117249E-2
8.980000E-8	4.118962E-2
8.985000E-8	4.124444E-2
8.990000E-8	4.129240E-2
8.995000E-8	4.134207E-2
9.000000E-8	4.138147E-2
9.005000E-8	4.141744E-2
9.010000E-8	4.144828E-2
9.015000E-8	4.145170E-2
9.020000E-8	4.145684E-2
9.025000E-8	4.146883E-2
9.030000E-8	4.147055E-2
9.035000E-8	4.143971E-2
9.040000E-8	4.140203E-2
9.045000E-8	4.138490E-2
9.050000E-8	4.138661E-2
9.055000E-8	4.138147E-2
9.060000E-8	4.139346E-2
9.065000E-8	4.143115E-2
9.070000E-8	4.147911E-2
9.075000E-8	4.151166E-2
9.080000E-8	4.152193E-2
9.085000E-8	4.151508E-2
9.090000E-8	4.149110E-2
9.095000E-8	4.146883E-2
9.100000E-8	4.146541E-2
9.105000E-8	4.147055E-2
9.110000E-8	4.144828E-2
9.115000E-8	4.142087E-2
9.120000E-8	4.139175E-2
9.125000E-8	4.132837E-2
9.130000E-8	4.123930E-2
9.135000E-8	4.115708E-2
9.140000E-8	4.106458E-2
9.145000E-8	4.095495E-2
9.150000E-8	4.088300E-2
9.155000E-8	4.086759E-2
9.160000E-8	4.084018E-2
9.165000E-8	4.075625E-2
9.170000E-8	4.066546E-2
9.175000E-8	4.061750E-2
9.180000E-8	4.062264E-2
9.185000E-8	4.065861E-2
9.190000E-8	4.071171E-2
9.195000E-8	4.080592E-2
9.200000E-8	4.093611E-2
9.205000E-8	4.108171E-2
9.210000E-8	4.121360E-2
9.215000E-8	4.133522E-2
9.220000E-8	4.143629E-2
9.225000E-8	4.151337E-2
9.230000E-8	4.154249E-2
9.235000E-8	4.151166E-2
9.240000E-8	4.141744E-2
9.245000E-8	4.127698E-2
9.250000E-8	4.111254E-2
9.255000E-8	4.093611E-2
9.260000E-8	4.077680E-2
9.265000E-8	4.066546E-2
9.270000E-8	4.058152E-2
9.275000E-8	4.050958E-2
9.280000E-8	4.044791E-2
9.285000E-8	4.040852E-2
9.290000E-8	4.038796E-2
9.295000E-8	4.040338E-2
9.300000E-8	4.044620E-2
9.305000E-8	4.053185E-2
9.310000E-8	4.061236E-2
9.315000E-8	4.068601E-2
9.320000E-8	4.074939E-2
9.325000E-8	4.079907E-2
9.330000E-8	4.082476E-2
9.335000E-8	4.081277E-2
9.340000E-8	4.075967E-2
9.345000E-8	4.068601E-2
9.350000E-8	4.060379E-2
9.355000E-8	4.050444E-2
9.360000E-8	4.037940E-2
9.365000E-8	4.026463E-2
9.370000E-8	4.018412E-2
9.375000E-8	4.012074E-2
9.380000E-8	4.005222E-2
9.385000E-8	4.001283E-2
9.390000E-8	4.004880E-2
9.395000E-8	4.014986E-2
9.400000E-8	4.026292E-2
9.405000E-8	4.038967E-2
9.410000E-8	4.052842E-2
9.415000E-8	4.065518E-2
9.420000E-8	4.076481E-2
9.425000E-8	4.086416E-2
9.430000E-8	4.091555E-2
9.435000E-8	4.091555E-2
9.440000E-8	4.086930E-2
9.445000E-8	4.081106E-2
9.450000E-8	4.075111E-2
9.455000E-8	4.068601E-2
9.460000E-8	4.060722E-2
9.465000E-8	4.051129E-2
9.470000E-8	4.042222E-2
9.475000E-8	4.033315E-2
9.480000E-8	4.024750E-2
9.485000E-8	4.018755E-2
9.490000E-8	4.015329E-2
9.495000E-8	4.010532E-2
9.500000E-8	4.005394E-2
9.505000E-8	4.003338E-2
9.510000E-8	4.004880E-2
9.515000E-8	4.008306E-2
9.520000E-8	4.013102E-2
9.525000E-8	4.019782E-2
9.530000E-8	4.027833E-2
9.535000E-8	4.034856E-2
9.540000E-8	4.042393E-2
9.545000E-8	4.049245E-2
9.550000E-8	4.051815E-2
9.555000E-8	4.047018E-2
9.560000E-8	4.036912E-2
9.565000E-8	4.023208E-2
9.570000E-8	4.009505E-2
9.575000E-8	3.997685E-2
9.580000E-8	3.988264E-2
9.585000E-8	3.981070E-2
9.590000E-8	3.977986E-2
9.595000E-8	3.978672E-2
9.600000E-8	3.981241E-2
9.605000E-8	3.986380E-2
9.610000E-8	3.996144E-2
9.615000E-8	4.010190E-2
9.620000E-8	4.021495E-2
9.625000E-8	4.026977E-2
9.630000E-8	4.029717E-2
9.635000E-8	4.031088E-2
9.640000E-8	4.026805E-2
9.645000E-8	4.019268E-2
9.650000E-8	4.011903E-2
9.655000E-8	4.006079E-2
9.660000E-8	3.999056E-2
9.665000E-8	3.992375E-2
9.670000E-8	3.989121E-2
9.675000E-8	3.988949E-2
9.680000E-8	3.990662E-2
9.685000E-8	3.994773E-2
9.690000E-8	4.000255E-2
9.695000E-8	4.005051E-2
9.700000E-8	4.010532E-2
9.705000E-8	4.017727E-2
9.710000E-8	4.026292E-2
9.715000E-8	4.035199E-2
9.720000E-8	4.043592E-2
9.725000E-8	4.052500E-2
9.730000E-8	4.060037E-2
9.735000E-8	4.062606E-2
9.740000E-8	4.060037E-2
9.745000E-8	4.056953E-2
9.750000E-8	4.054213E-2
9.755000E-8	4.048731E-2
9.760000E-8	4.040852E-2
9.765000E-8	4.031773E-2
9.770000E-8	4.020125E-2
9.775000E-8	4.006593E-2
9.780000E-8	3.994602E-2
9.785000E-8	3.983982E-2
9.790000E-8	3.973190E-2
9.795000E-8	3.964968E-2
9.800000E-8	3.960686E-2
9.805000E-8	3.958801E-2
9.810000E-8	3.956575E-2
9.815000E-8	3.956917E-2
9.820000E-8	3.961542E-2
9.825000E-8	3.967880E-2
9.830000E-8	3.973533E-2
9.835000E-8	3.978672E-2
9.840000E-8	3.982097E-2
9.845000E-8	3.983639E-2
9.850000E-8	3.985181E-2
9.855000E-8	3.987750E-2
9.860000E-8	3.990491E-2
9.865000E-8	3.992204E-2
9.870000E-8	3.993232E-2
9.875000E-8	3.995287E-2
9.880000E-8	3.996144E-2
9.885000E-8	3.995287E-2
9.890000E-8	3.993403E-2
9.895000E-8	3.992204E-2
9.900000E-8	3.991519E-2
9.905000E-8	3.990491E-2
9.910000E-8	3.989634E-2
9.915000E-8	3.991519E-2
9.920000E-8	3.995972E-2
9.925000E-8	4.001625E-2
9.930000E-8	4.007278E-2
9.935000E-8	4.013616E-2
9.940000E-8	4.017384E-2
9.945000E-8	4.016356E-2
9.950000E-8	4.012417E-2
9.955000E-8	4.006593E-2
9.960000E-8	3.997514E-2
9.965000E-8	3.986380E-2
9.970000E-8	3.977986E-2
9.975000E-8	3.968736E-2
9.980000E-8	3.955547E-2
9.985000E-8	3.941843E-2
9.990000E-8	3.932251E-2
9.995000E-8	3.927626E-2
1.000000E-7	3.928140E-2
1.000500E-7	3.933964E-2
1.001000E-7	3.942186E-2
1.001500E-7	3.949894E-2
1.002000E-7	3.958801E-2
1.002500E-7	3.967024E-2
1.003000E-7	3.972162E-2
1.003500E-7	3.975074E-2
1.004000E-7	3.977986E-2
1.004500E-7	3.979357E-2
1.005000E-7	3.976616E-2
1.005500E-7	3.971306E-2
1.006000E-7	3.967366E-2
1.006500E-7	3.965653E-2
1.007000E-7	3.964111E-2
1.007500E-7	3.960000E-2
1.008000E-7	3.955033E-2
1.008500E-7	3.952292E-2
1.009000E-7	3.951264E-2
1.009500E-7	3.949380E-2
1.010000E-7	3.945612E-2
1.010500E-7	3.940987E-2
1.011000E-7	3.935505E-2
1.011500E-7	3.929510E-2
1.012000E-7	3.923343E-2
1.012500E-7	3.915292E-2
1.013000E-7	3.906728E-2
1.013500E-7	3.900218E-2
1.014000E-7	3.896793E-2
1.014500E-7	3.895251E-2
1.015000E-7	3.893881E-2
1.015500E-7	3.894223E-2
1.016000E-7	3.897478E-2
1.016500E-7	3.903302E-2
1.017000E-7	3.909982E-2
1.017500E-7	3.915978E-2
1.018000E-7	3.921973E-2
1.018500E-7	3.927283E-2
1.019000E-7	3.932079E-2
1.019500E-7	3.933621E-2
1.020000E-7	3.930366E-2
1.020500E-7	3.923172E-2
1.021000E-7	3.914265E-2
1.021500E-7	3.906042E-2
1.022000E-7	3.897992E-2
1.022500E-7	3.892339E-2
1.023000E-7	3.891311E-2
1.023500E-7	3.892681E-2
1.024000E-7	3.894737E-2
1.024500E-7	3.898677E-2
1.025000E-7	3.905529E-2
1.025500E-7	3.913751E-2
1.026000E-7	3.920260E-2
1.026500E-7	3.925399E-2
1.027000E-7	3.929510E-2
1.027500E-7	3.933792E-2
1.028000E-7	3.934649E-2
1.028500E-7	3.929510E-2
1.029000E-7	3.919746E-2
1.029500E-7	3.909811E-2
1.030000E-7	3.899019E-2
1.030500E-7	3.887371E-2
1.031000E-7	3.876580E-2
1.031500E-7	3.869899E-2
1.032000E-7	3.865959E-2
1.032500E-7	3.864589E-2
1.033000E-7	3.868186E-2
1.033500E-7	3.875723E-2
1.034000E-7	3.884973E-2
1.034500E-7	3.894566E-2
1.035000E-7	3.902445E-2
1.035500E-7	3.906385E-2
1.036000E-7	3.907927E-2
1.036500E-7	3.909640E-2
1.037000E-7	3.910667E-2
1.037500E-7	3.909640E-2
1.038000E-7	3.906728E-2
1.038500E-7	3.901246E-2
1.039000E-7	3.896279E-2
1.039500E-7	3.895936E-2
1.040000E-7	3.899362E-2
1.040500E-7	3.903816E-2
1.041000E-7	3.911695E-2
1.041500E-7	3.922658E-2
1.042000E-7	3.933792E-2
1.042500E-7	3.944755E-2
1.043000E-7	3.955375E-2
1.043500E-7	3.962227E-2
1.044000E-7	3.965311E-2
1.044500E-7	3.963084E-2
1.045000E-7	3.953663E-2
1.045500E-7	3.940473E-2
1.046000E-7	3.926598E-2
1.046500E-7	3.908955E-2
1.047000E-7	3.884973E-2
1.047500E-7	3.866131E-2
1.048000E-7	3.856710E-2
1.048500E-7	3.850885E-2
1.049000E-7	3.847117E-2
1.049500E-7	3.845918E-2
1.050000E-7	3.845404E-2
1.050500E-7	3.843006E-2
1.051000E-7	3.841807E-2
1.051500E-7	3.841122E-2
1.052000E-7	3.840950E-2
1.052500E-7	3.841978E-2
1.053000E-7	3.842321E-2
1.053500E-7	3.840608E-2
1.054000E-7	3.839580E-2
1.054500E-7	3.838895E-2
1.055000E-7	3.837353E-2
1.055500E-7	3.835812E-2
1.056000E-7	3.838038E-2
1.056500E-7	3.841293E-2
1.057000E-7	3.842149E-2
1.057500E-7	3.843520E-2
1.058000E-7	3.844719E-2
1.058500E-7	3.843349E-2
1.059000E-7	3.840094E-2
1.059500E-7	3.836839E-2
1.060000E-7	3.833242E-2
1.060500E-7	3.828960E-2
1.061000E-7	3.824849E-2
1.061500E-7	3.822964E-2
1.062000E-7	3.823650E-2
1.062500E-7	3.827589E-2
1.063000E-7	3.831015E-2
1.063500E-7	3.834270E-2
1.064000E-7	3.839409E-2
1.064500E-7	3.846432E-2
1.065000E-7	3.851228E-2
1.065500E-7	3.853284E-2
1.066000E-7	3.850200E-2
1.066500E-7	3.841464E-2
1.067000E-7	3.831015E-2
1.067500E-7	3.823821E-2
1.068000E-7	3.817483E-2
1.068500E-7	3.810289E-2
1.069000E-7	3.807548E-2
1.069500E-7	3.808233E-2
1.070000E-7	3.808233E-2
1.070500E-7	3.809946E-2
1.071000E-7	3.817483E-2
1.071500E-7	3.827761E-2
1.072000E-7	3.838895E-2
1.072500E-7	3.851571E-2
1.073000E-7	3.865788E-2
1.073500E-7	3.877094E-2
1.074000E-7	3.887200E-2
1.074500E-7	3.893709E-2
1.075000E-7	3.892339E-2
1.075500E-7	3.886857E-2
1.076000E-7	3.880520E-2
1.076500E-7	3.869899E-2
1.077000E-7	3.855853E-2
1.077500E-7	3.842835E-2
1.078000E-7	3.832214E-2
1.078500E-7	3.821251E-2
1.079000E-7	3.811830E-2
1.079500E-7	3.805150E-2
1.080000E-7	3.800353E-2
1.080500E-7	3.797955E-2
1.081000E-7	3.795557E-2
1.081500E-7	3.792131E-2
1.082000E-7	3.787335E-2
1.082500E-7	3.781511E-2
1.083000E-7	3.772946E-2
1.083500E-7	3.762326E-2
1.084000E-7	3.750164E-2
1.084500E-7	3.740400E-2
1.085000E-7	3.733548E-2
1.085500E-7	3.728067E-2
1.086000E-7	3.723613E-2
1.086500E-7	3.722586E-2
1.087000E-7	3.727039E-2
1.087500E-7	3.734747E-2
1.088000E-7	3.744511E-2
1.088500E-7	3.755817E-2
1.089000E-7	3.767294E-2
1.089500E-7	3.777057E-2
1.090000E-7	3.783053E-2
1.090500E-7	3.784080E-2
1.091000E-7	3.781682E-2
1.091500E-7	3.778599E-2
1.092000E-7	3.774317E-2
1.092500E-7	3.769006E-2
1.093000E-7	3.763868E-2
1.093500E-7	3.758729E-2
1.094000E-7	3.752733E-2
1.094500E-7	3.748280E-2
1.095000E-7	3.747937E-2
1.095500E-7	3.749993E-2
1.096000E-7	3.749993E-2
1.096500E-7	3.747423E-2
1.097000E-7	3.745025E-2
1.097500E-7	3.742970E-2
1.098000E-7	3.738859E-2
1.098500E-7	3.733891E-2
1.099000E-7	3.728752E-2
1.099500E-7	3.724641E-2
1.100000E-7	3.722586E-2
1.100500E-7	3.721558E-2
1.101000E-7	3.721386E-2
1.101500E-7	3.721900E-2
1.102000E-7	3.724298E-2
1.102500E-7	3.729266E-2
1.103000E-7	3.736118E-2
1.103500E-7	3.743655E-2
1.104000E-7	3.751363E-2
1.104500E-7	3.759414E-2
1.105000E-7	3.764553E-2
1.105500E-7	3.767294E-2
1.106000E-7	3.770206E-2
1.106500E-7	3.775173E-2
1.107000E-7	3.778770E-2
1.107500E-7	3.780312E-2
1.108000E-7	3.781168E-2
1.108500E-7	3.781511E-2
1.109000E-7	3.781682E-2
1.109500E-7	3.780312E-2
1.110000E-7	3.778599E-2
1.110500E-7	3.778085E-2
1.111000E-7	3.777229E-2
1.111500E-7	3.776030E-2
1.112000E-7	3.772604E-2
1.112500E-7	3.768835E-2
1.113000E-7	3.766437E-2
1.113500E-7	3.763182E-2
1.114000E-7	3.757187E-2
1.114500E-7	3.751192E-2
1.115000E-7	3.747595E-2
1.115500E-7	3.744683E-2
1.116000E-7	3.740229E-2
1.116500E-7	3.736460E-2
1.117000E-7	3.733891E-2
1.117500E-7	3.731150E-2
1.118000E-7	3.726868E-2
1.118500E-7	3.722757E-2
1.119000E-7	3.721729E-2
1.119500E-7	3.722757E-2
1.120000E-7	3.723956E-2
1.120500E-7	3.725155E-2
1.121000E-7	3.726697E-2
1.121500E-7	3.726697E-2
1.122000E-7	3.724641E-2
1.122500E-7	3.722414E-2
1.123000E-7	3.721386E-2
1.123500E-7	3.719674E-2
1.124000E-7	3.716762E-2
1.124500E-7	3.714877E-2
1.125000E-7	3.713164E-2
1.125500E-7	3.708539E-2
1.126000E-7	3.701859E-2
1.126500E-7	3.696206E-2
1.127000E-7	3.693465E-2
1.127500E-7	3.690553E-2
1.128000E-7	3.687299E-2
1.128500E-7	3.685072E-2
1.129000E-7	3.686271E-2
1.129500E-7	3.689183E-2
1.130000E-7	3.692266E-2
1.130500E-7	3.697234E-2
1.131000E-7	3.704771E-2
1.131500E-7	3.714363E-2
1.132000E-7	3.724298E-2
1.132500E-7	3.736974E-2
1.133000E-7	3.750164E-2
1.133500E-7	3.760613E-2
1.134000E-7	3.767465E-2
1.134500E-7	3.769692E-2
1.135000E-7	3.765923E-2
1.135500E-7	3.755645E-2
1.136000E-7	3.743484E-2
1.136500E-7	3.732349E-2
1.137000E-7	3.721729E-2
1.137500E-7	3.711280E-2
1.138000E-7	3.702030E-2
1.138500E-7	3.694664E-2
1.139000E-7	3.689868E-2
1.139500E-7	3.688840E-2
1.140000E-7	3.692266E-2
1.140500E-7	3.697919E-2
1.141000E-7	3.703400E-2
1.141500E-7	3.708711E-2
1.142000E-7	3.712993E-2
1.142500E-7	3.716762E-2
1.143000E-7	3.716590E-2
1.143500E-7	3.709738E-2
1.144000E-7	3.698433E-2
1.144500E-7	3.686956E-2
1.145000E-7	3.675479E-2
1.145500E-7	3.664859E-2
1.146000E-7	3.657322E-2
1.146500E-7	3.655095E-2
1.147000E-7	3.656466E-2
1.147500E-7	3.660919E-2
1.148000E-7	3.667942E-2
1.148500E-7	3.676165E-2
1.149000E-7	3.685072E-2
1.149500E-7	3.694836E-2
1.150000E-7	3.702887E-2
1.150500E-7	3.705970E-2
1.151000E-7	3.705627E-2
1.151500E-7	3.704086E-2
1.152000E-7	3.703400E-2
1.152500E-7	3.704257E-2
1.153000E-7	3.707169E-2
1.153500E-7	3.711623E-2
1.154000E-7	3.717275E-2
1.154500E-7	3.722243E-2
1.155000E-7	3.723785E-2
1.155500E-7	3.720530E-2
1.156000E-7	3.713849E-2
1.156500E-7	3.704942E-2
1.157000E-7	3.695521E-2
1.157500E-7	3.687470E-2
1.158000E-7	3.680276E-2
1.158500E-7	3.672396E-2
1.159000E-7	3.665887E-2
1.159500E-7	3.664517E-2
1.160000E-7	3.664517E-2
1.160500E-7	3.665544E-2
1.161000E-7	3.670512E-2
1.161500E-7	3.679933E-2
1.162000E-7	3.688840E-2
1.162500E-7	3.696035E-2
1.163000E-7	3.701516E-2
1.163500E-7	3.704600E-2
1.164000E-7	3.704428E-2
1.164500E-7	3.703572E-2
1.165000E-7	3.700317E-2
1.165500E-7	3.692609E-2
1.166000E-7	3.684215E-2
1.166500E-7	3.679248E-2
1.167000E-7	3.674623E-2
1.167500E-7	3.668799E-2
1.168000E-7	3.664174E-2
1.168500E-7	3.662975E-2
1.169000E-7	3.663317E-2
1.169500E-7	3.666572E-2
1.170000E-7	3.671368E-2
1.170500E-7	3.675137E-2
1.171000E-7	3.678391E-2
1.171500E-7	3.683188E-2
1.172000E-7	3.686785E-2
1.172500E-7	3.687813E-2
1.173000E-7	3.689183E-2
1.173500E-7	3.690725E-2
1.174000E-7	3.688498E-2
1.174500E-7	3.684729E-2
1.175000E-7	3.682674E-2
1.175500E-7	3.681132E-2
1.176000E-7	3.676165E-2
1.176500E-7	3.671540E-2
1.177000E-7	3.672054E-2
1.177500E-7	3.674794E-2
1.178000E-7	3.675479E-2
1.178500E-7	3.674452E-2
1.179000E-7	3.674966E-2
1.179500E-7	3.677706E-2
1.180000E-7	3.680104E-2
1.180500E-7	3.683016E-2
1.181000E-7	3.684044E-2
1.181500E-7	3.682160E-2
1.182000E-7	3.679077E-2
1.182500E-7	3.675651E-2
1.183000E-7	3.670169E-2
1.183500E-7	3.662290E-2
1.184000E-7	3.653725E-2
1.184500E-7	3.645674E-2
1.185000E-7	3.637795E-2
1.185500E-7	3.632313E-2
1.186000E-7	3.628202E-2
1.186500E-7	3.623748E-2
1.187000E-7	3.619123E-2
1.187500E-7	3.619295E-2
1.188000E-7	3.623577E-2
1.188500E-7	3.630943E-2
1.189000E-7	3.639336E-2
1.189500E-7	3.648415E-2
1.190000E-7	3.657493E-2
1.190500E-7	3.665544E-2
1.191000E-7	3.671711E-2
1.191500E-7	3.674280E-2
1.192000E-7	3.672567E-2
1.192500E-7	3.666401E-2
1.193000E-7	3.657493E-2
1.193500E-7	3.647901E-2
1.194000E-7	3.639165E-2
1.194500E-7	3.631628E-2
1.195000E-7	3.624262E-2
1.195500E-7	3.617410E-2
1.196000E-7	3.611929E-2
1.196500E-7	3.611072E-2
1.197000E-7	3.612957E-2
1.197500E-7	3.614327E-2
1.198000E-7	3.612957E-2
1.198500E-7	3.611758E-2
1.199000E-7	3.612443E-2
1.199500E-7	3.611415E-2
1.200000E-7	3.608674E-2
1.200500E-7	3.608332E-2
1.201000E-7	3.608846E-2
1.201500E-7	3.607304E-2
1.202000E-7	3.604049E-2
1.202500E-7	3.601309E-2
1.203000E-7	3.597711E-2
1.203500E-7	3.589661E-2
1.204000E-7	3.581096E-2
1.204500E-7	3.575272E-2
1.205000E-7	3.570476E-2
1.205500E-7	3.565508E-2
1.206000E-7	3.562939E-2
1.206500E-7	3.565337E-2
1.207000E-7	3.570989E-2
1.207500E-7	3.577156E-2
1.208000E-7	3.584522E-2
1.208500E-7	3.593258E-2
1.209000E-7	3.601137E-2
1.209500E-7	3.608503E-2
1.210000E-7	3.616897E-2
1.210500E-7	3.625290E-2
1.211000E-7	3.633683E-2
1.211500E-7	3.642762E-2
1.212000E-7	3.651841E-2
1.212500E-7	3.657836E-2
1.213000E-7	3.660919E-2
1.213500E-7	3.662118E-2
1.214000E-7	3.658007E-2
1.214500E-7	3.648415E-2
1.215000E-7	3.637109E-2
1.215500E-7	3.622378E-2
1.216000E-7	3.603193E-2
1.216500E-7	3.583323E-2
1.217000E-7	3.566022E-2
1.217500E-7	3.551462E-2
1.218000E-7	3.541355E-2
1.218500E-7	3.537930E-2
1.219000E-7	3.538101E-2
1.219500E-7	3.544096E-2
1.220000E-7	3.556943E-2
1.220500E-7	3.571675E-2
1.221000E-7	3.582809E-2
1.221500E-7	3.591202E-2
1.222000E-7	3.596170E-2
1.222500E-7	3.592059E-2
1.223000E-7	3.580925E-2
1.223500E-7	3.568934E-2
1.224000E-7	3.556943E-2
1.224500E-7	3.541355E-2
1.225000E-7	3.523883E-2
1.225500E-7	3.511036E-2
1.226000E-7	3.504184E-2
1.226500E-7	3.498532E-2
1.227000E-7	3.494592E-2
1.227500E-7	3.497504E-2
1.228000E-7	3.506925E-2
1.228500E-7	3.516860E-2
1.229000E-7	3.525082E-2
1.229500E-7	3.531934E-2
1.230000E-7	3.536902E-2
1.230500E-7	3.539814E-2
1.231000E-7	3.540499E-2
1.231500E-7	3.540499E-2
1.232000E-7	3.539985E-2
1.232500E-7	3.538786E-2
1.233000E-7	3.537416E-2
1.233500E-7	3.534846E-2
1.234000E-7	3.532619E-2
1.234500E-7	3.530050E-2
1.235000E-7	3.525596E-2
1.235500E-7	3.518402E-2
1.236000E-7	3.512578E-2
1.236500E-7	3.508981E-2
1.237000E-7	3.505212E-2
1.237500E-7	3.501786E-2
1.238000E-7	3.502300E-2
1.238500E-7	3.505212E-2
1.239000E-7	3.510008E-2
1.239500E-7	3.518744E-2
1.240000E-7	3.531078E-2
1.240500E-7	3.542041E-2
1.241000E-7	3.551804E-2
1.241500E-7	3.560883E-2
1.242000E-7	3.567392E-2
1.242500E-7	3.569790E-2
1.243000E-7	3.569277E-2
1.243500E-7	3.567050E-2
1.244000E-7	3.562596E-2
1.244500E-7	3.556087E-2
1.245000E-7	3.547351E-2
1.245500E-7	3.537416E-2
1.246000E-7	3.529365E-2
1.246500E-7	3.524226E-2
1.247000E-7	3.521656E-2
1.247500E-7	3.523027E-2
1.248000E-7	3.529365E-2
1.248500E-7	3.537244E-2
1.249000E-7	3.543240E-2
1.249500E-7	3.545295E-2
1.250000E-7	3.545638E-2
1.250500E-7	3.545124E-2
1.251000E-7	3.540842E-2
1.251500E-7	3.532791E-2
1.252000E-7	3.526624E-2
1.252500E-7	3.525254E-2
1.253000E-7	3.525596E-2
1.253500E-7	3.525596E-2
1.254000E-7	3.528851E-2
1.254500E-7	3.535531E-2
1.255000E-7	3.538957E-2
1.255500E-7	3.539814E-2
1.256000E-7	3.540670E-2
1.256500E-7	3.541013E-2
1.257000E-7	3.538101E-2
1.257500E-7	3.534846E-2
1.258000E-7	3.530393E-2
1.258500E-7	3.521314E-2
1.259000E-7	3.510180E-2
1.259500E-7	3.502814E-2
1.260000E-7	3.499217E-2
1.260500E-7	3.496819E-2
1.261000E-7	3.494934E-2
1.261500E-7	3.493735E-2
1.262000E-7	3.492536E-2
1.262500E-7	3.490481E-2
1.263000E-7	3.487740E-2
1.263500E-7	3.482944E-2
1.264000E-7	3.477120E-2
1.264500E-7	3.472495E-2
1.265000E-7	3.466842E-2
1.265500E-7	3.460675E-2
1.266000E-7	3.458106E-2
1.266500E-7	3.460333E-2
1.267000E-7	3.464273E-2
1.267500E-7	3.471124E-2
1.268000E-7	3.480203E-2
1.268500E-7	3.488597E-2
1.269000E-7	3.494763E-2
1.269500E-7	3.499559E-2
1.270000E-7	3.503157E-2
1.270500E-7	3.506925E-2
1.271000E-7	3.512578E-2
1.271500E-7	3.518059E-2
1.272000E-7	3.523198E-2
1.272500E-7	3.527309E-2
1.273000E-7	3.528166E-2
1.273500E-7	3.527823E-2
1.274000E-7	3.526453E-2
1.274500E-7	3.523541E-2
1.275000E-7	3.518231E-2
1.275500E-7	3.513777E-2
1.276000E-7	3.508809E-2
1.276500E-7	3.503157E-2
1.277000E-7	3.499902E-2
1.277500E-7	3.500930E-2
1.278000E-7	3.500930E-2
1.278500E-7	3.499902E-2
1.279000E-7	3.501615E-2
1.279500E-7	3.504013E-2
1.280000E-7	3.501272E-2
1.280500E-7	3.493735E-2
1.281000E-7	3.484143E-2
1.281500E-7	3.474550E-2
1.282000E-7	3.466157E-2
1.282500E-7	3.461018E-2
1.283000E-7	3.461018E-2
1.283500E-7	3.465472E-2
1.284000E-7	3.475236E-2
1.284500E-7	3.487740E-2
1.285000E-7	3.499559E-2
1.285500E-7	3.509495E-2
1.286000E-7	3.519430E-2
1.286500E-7	3.525425E-2
1.287000E-7	3.523712E-2
1.287500E-7	3.515490E-2
1.288000E-7	3.504184E-2
1.288500E-7	3.490310E-2
1.289000E-7	3.473180E-2
1.289500E-7	3.456564E-2
1.290000E-7	3.442861E-2
1.290500E-7	3.432754E-2
1.291000E-7	3.426588E-2
1.291500E-7	3.424532E-2
1.292000E-7	3.426416E-2
1.292500E-7	3.431384E-2
1.293000E-7	3.438236E-2
1.293500E-7	3.445430E-2
1.294000E-7	3.451768E-2
1.294500E-7	3.456393E-2
1.295000E-7	3.462731E-2
1.295500E-7	3.470953E-2
1.296000E-7	3.476606E-2
1.296500E-7	3.478148E-2
1.297000E-7	3.477805E-2
1.297500E-7	3.478148E-2
1.298000E-7	3.476777E-2
1.298500E-7	3.475578E-2
1.299000E-7	3.476435E-2
1.299500E-7	3.478490E-2
1.300000E-7	3.481402E-2
1.300500E-7	3.484314E-2
1.301000E-7	3.485513E-2
1.301500E-7	3.483458E-2
1.302000E-7	3.479347E-2
1.302500E-7	3.474208E-2
1.303000E-7	3.466671E-2
1.303500E-7	3.457421E-2
1.304000E-7	3.447143E-2
1.304500E-7	3.435838E-2
1.305000E-7	3.422648E-2
1.305500E-7	3.407917E-2
1.306000E-7	3.393014E-2
1.306500E-7	3.381537E-2
1.307000E-7	3.377426E-2
1.307500E-7	3.380167E-2
1.308000E-7	3.389245E-2
1.308500E-7	3.404319E-2
1.309000E-7	3.424361E-2
1.309500E-7	3.445773E-2
1.310000E-7	3.465643E-2
1.310500E-7	3.482259E-2
1.311000E-7	3.492536E-2
1.311500E-7	3.493735E-2
1.312000E-7	3.487740E-2
1.312500E-7	3.477291E-2
1.313000E-7	3.462217E-2
1.313500E-7	3.443375E-2
1.314000E-7	3.425560E-2
1.314500E-7	3.409972E-2
1.315000E-7	3.396269E-2
1.315500E-7	3.387190E-2
1.316000E-7	3.384449E-2
1.316500E-7	3.383250E-2
1.317000E-7	3.382736E-2
1.317500E-7	3.385134E-2
1.318000E-7	3.389759E-2
1.318500E-7	3.393528E-2
1.319000E-7	3.397125E-2
1.319500E-7	3.402435E-2
1.320000E-7	3.407745E-2
1.320500E-7	3.411685E-2
1.321000E-7	3.416310E-2
1.321500E-7	3.420935E-2
1.322000E-7	3.424704E-2
1.322500E-7	3.428129E-2
1.323000E-7	3.429328E-2
1.323500E-7	3.425560E-2
1.324000E-7	3.419393E-2
1.324500E-7	3.411343E-2
1.325000E-7	3.398667E-2
1.325500E-7	3.383935E-2
1.326000E-7	3.371602E-2
1.326500E-7	3.360639E-2
1.327000E-7	3.351389E-2
1.327500E-7	3.349162E-2
1.328000E-7	3.351047E-2
1.328500E-7	3.354473E-2
1.329000E-7	3.360639E-2
1.329500E-7	3.371088E-2
1.330000E-7	3.382222E-2
1.330500E-7	3.390616E-2
1.331000E-7	3.397810E-2
1.331500E-7	3.403806E-2
1.332000E-7	3.406204E-2
1.332500E-7	3.407060E-2
1.333000E-7	3.406546E-2
1.333500E-7	3.402435E-2
1.334000E-7	3.394727E-2
1.334500E-7	3.387361E-2
1.335000E-7	3.381023E-2
1.335500E-7	3.375542E-2
1.336000E-7	3.373144E-2
1.336500E-7	3.376570E-2
1.337000E-7	3.384620E-2
1.337500E-7	3.393357E-2
1.338000E-7	3.403634E-2
1.338500E-7	3.415282E-2
1.339000E-7	3.422305E-2
1.339500E-7	3.422991E-2
1.340000E-7	3.420421E-2
1.340500E-7	3.418708E-2
1.341000E-7	3.415796E-2
1.341500E-7	3.411343E-2
1.342000E-7	3.406204E-2
1.342500E-7	3.400551E-2
1.343000E-7	3.393185E-2
1.343500E-7	3.384278E-2
1.344000E-7	3.375884E-2
1.344500E-7	3.370232E-2
1.345000E-7	3.365949E-2
1.345500E-7	3.361153E-2
1.346000E-7	3.356699E-2
1.346500E-7	3.351218E-2
1.347000E-7	3.343681E-2
1.347500E-7	3.336829E-2
1.348000E-7	3.331348E-2
1.348500E-7	3.327922E-2
1.349000E-7	3.325695E-2
1.349500E-7	3.323982E-2
1.350000E-7	3.324839E-2
1.350500E-7	3.328607E-2
1.351000E-7	3.331176E-2
1.351500E-7	3.330149E-2
1.352000E-7	3.329806E-2
1.352500E-7	3.332889E-2
1.353000E-7	3.335116E-2
1.353500E-7	3.336658E-2
1.354000E-7	3.340940E-2
1.354500E-7	3.346936E-2
1.355000E-7	3.350875E-2
1.355500E-7	3.354473E-2
1.356000E-7	3.362181E-2
1.356500E-7	3.372972E-2
1.357000E-7	3.382394E-2
1.357500E-7	3.389417E-2
1.358000E-7	3.393357E-2
1.358500E-7	3.394727E-2
1.359000E-7	3.391986E-2
1.359500E-7	3.383593E-2
1.360000E-7	3.369204E-2
1.360500E-7	3.352417E-2
1.361000E-7	3.336487E-2
1.361500E-7	3.324839E-2
1.362000E-7	3.316445E-2
1.362500E-7	3.311306E-2
1.363000E-7	3.311306E-2
1.363500E-7	3.318672E-2
1.364000E-7	3.329292E-2
1.364500E-7	3.340255E-2
1.365000E-7	3.351389E-2
1.365500E-7	3.363037E-2
1.366000E-7	3.371431E-2
1.366500E-7	3.374171E-2
1.367000E-7	3.372459E-2
1.367500E-7	3.369889E-2
1.368000E-7	3.366463E-2
1.368500E-7	3.361667E-2
1.369000E-7	3.355329E-2
1.369500E-7	3.348820E-2
1.370000E-7	3.343510E-2
1.370500E-7	3.339741E-2
1.371000E-7	3.339741E-2
1.371500E-7	3.343167E-2
1.372000E-7	3.348991E-2
1.372500E-7	3.355500E-2
1.373000E-7	3.359783E-2
1.373500E-7	3.362010E-2
1.374000E-7	3.360468E-2
1.374500E-7	3.354301E-2
1.375000E-7	3.344024E-2
1.375500E-7	3.334945E-2
1.376000E-7	3.327751E-2
1.376500E-7	3.322098E-2
1.377000E-7	3.317473E-2
1.377500E-7	3.313704E-2
1.378000E-7	3.310792E-2
1.378500E-7	3.311306E-2
1.379000E-7	3.316616E-2
1.379500E-7	3.324153E-2
1.380000E-7	3.333403E-2
1.380500E-7	3.346079E-2
1.381000E-7	3.359098E-2
1.381500E-7	3.367834E-2
1.382000E-7	3.373829E-2
1.382500E-7	3.378454E-2
1.383000E-7	3.381195E-2
1.383500E-7	3.381366E-2
1.384000E-7	3.378625E-2
1.384500E-7	3.374171E-2
1.385000E-7	3.368690E-2
1.385500E-7	3.359954E-2
1.386000E-7	3.345051E-2
1.386500E-7	3.326551E-2
1.387000E-7	3.308394E-2
1.387500E-7	3.289038E-2
1.388000E-7	3.270195E-2
1.388500E-7	3.255464E-2
1.389000E-7	3.245700E-2
1.389500E-7	3.241589E-2
1.390000E-7	3.245358E-2
1.390500E-7	3.253409E-2
1.391000E-7	3.264029E-2
1.391500E-7	3.279103E-2
1.392000E-7	3.297089E-2
1.392500E-7	3.314732E-2
1.393000E-7	3.329121E-2
1.393500E-7	3.339741E-2
1.394000E-7	3.344024E-2
1.394500E-7	3.341283E-2
1.395000E-7	3.333403E-2
1.395500E-7	3.320214E-2
1.396000E-7	3.304454E-2
1.396500E-7	3.290922E-2
1.397000E-7	3.281672E-2
1.397500E-7	3.275334E-2
1.398000E-7	3.272251E-2
1.398500E-7	3.272936E-2
1.399000E-7	3.276876E-2
1.399500E-7	3.282357E-2
1.400000E-7	3.288181E-2
1.400500E-7	3.291950E-2
1.401000E-7	3.291779E-2
1.401500E-7	3.288353E-2
1.402000E-7	3.280644E-2
1.402500E-7	3.268482E-2
1.403000E-7	3.255464E-2
1.403500E-7	3.242446E-2
1.404000E-7	3.229770E-2
1.404500E-7	3.218636E-2
1.405000E-7	3.211955E-2
1.405500E-7	3.206302E-2
1.406000E-7	3.200821E-2
1.406500E-7	3.197909E-2
1.407000E-7	3.197052E-2
1.407500E-7	3.197052E-2
1.408000E-7	3.199622E-2
1.408500E-7	3.204247E-2
1.409000E-7	3.205789E-2
1.409500E-7	3.205617E-2
1.410000E-7	3.209386E-2
1.410500E-7	3.216751E-2
1.411000E-7	3.223946E-2
1.411500E-7	3.232511E-2
1.412000E-7	3.243302E-2
1.412500E-7	3.254436E-2
1.413000E-7	3.264543E-2
1.413500E-7	3.273621E-2
1.414000E-7	3.280302E-2
1.414500E-7	3.283043E-2
1.415000E-7	3.284242E-2
1.415500E-7	3.283728E-2
1.416000E-7	3.280473E-2
1.416500E-7	3.273793E-2
1.417000E-7	3.265057E-2
1.417500E-7	3.254436E-2
1.418000E-7	3.245015E-2
1.418500E-7	3.239876E-2
1.419000E-7	3.238335E-2
1.419500E-7	3.237992E-2
1.420000E-7	3.238506E-2
1.420500E-7	3.242103E-2
1.421000E-7	3.246899E-2
1.421500E-7	3.248784E-2
1.422000E-7	3.247413E-2
1.422500E-7	3.245015E-2
1.423000E-7	3.242103E-2
1.423500E-7	3.238848E-2
1.424000E-7	3.236279E-2
1.424500E-7	3.234566E-2
1.425000E-7	3.232168E-2
1.425500E-7	3.228913E-2
1.426000E-7	3.228913E-2
1.426500E-7	3.233881E-2
1.427000E-7	3.241589E-2
1.427500E-7	3.250154E-2
1.428000E-7	3.260260E-2
1.428500E-7	3.271566E-2
1.429000E-7	3.281501E-2
1.429500E-7	3.287325E-2
1.430000E-7	3.288867E-2
1.430500E-7	3.287668E-2
1.431000E-7	3.284927E-2
1.431500E-7	3.279959E-2
1.432000E-7	3.271394E-2
1.432500E-7	3.262316E-2
1.433000E-7	3.254779E-2
1.433500E-7	3.249811E-2
1.434000E-7	3.248441E-2
1.434500E-7	3.251182E-2
1.435000E-7	3.255293E-2
1.435500E-7	3.256149E-2
1.436000E-7	3.255121E-2
1.436500E-7	3.254608E-2
1.437000E-7	3.252552E-2
1.437500E-7	3.248270E-2
1.438000E-7	3.243645E-2
1.438500E-7	3.241247E-2
1.439000E-7	3.239362E-2
1.439500E-7	3.237821E-2
1.440000E-7	3.235251E-2
1.440500E-7	3.229599E-2
1.441000E-7	3.222747E-2
1.441500E-7	3.215210E-2
1.442000E-7	3.207501E-2
1.442500E-7	3.199279E-2
1.443000E-7	3.191914E-2
1.443500E-7	3.185404E-2
1.444000E-7	3.180608E-2
1.444500E-7	3.180608E-2
1.445000E-7	3.183349E-2
1.445500E-7	3.186432E-2
1.446000E-7	3.188488E-2
1.446500E-7	3.191228E-2
1.447000E-7	3.195853E-2
1.447500E-7	3.199793E-2
1.448000E-7	3.201164E-2
1.448500E-7	3.199793E-2
1.449000E-7	3.197566E-2
1.449500E-7	3.194997E-2
1.450000E-7	3.192770E-2
1.450500E-7	3.190715E-2
1.451000E-7	3.190372E-2
1.451500E-7	3.192256E-2
1.452000E-7	3.195511E-2
1.452500E-7	3.199964E-2
1.453000E-7	3.203562E-2
1.453500E-7	3.205960E-2
1.454000E-7	3.207673E-2
1.454500E-7	3.208187E-2
1.455000E-7	3.205789E-2
1.455500E-7	3.199622E-2
1.456000E-7	3.191400E-2
1.456500E-7	3.182664E-2
1.457000E-7	3.172557E-2
1.457500E-7	3.160909E-2
1.458000E-7	3.149432E-2
1.458500E-7	3.141039E-2
1.459000E-7	3.133845E-2
1.459500E-7	3.126479E-2
1.460000E-7	3.118599E-2
1.460500E-7	3.113461E-2
1.461000E-7	3.112947E-2
1.461500E-7	3.116886E-2
1.462000E-7	3.124423E-2
1.462500E-7	3.135044E-2
1.463000E-7	3.147206E-2
1.463500E-7	3.159196E-2
1.464000E-7	3.170330E-2
1.464500E-7	3.180608E-2
1.465000E-7	3.187803E-2
1.465500E-7	3.190543E-2
1.466000E-7	3.189002E-2
1.466500E-7	3.186775E-2
1.467000E-7	3.184548E-2
1.467500E-7	3.180608E-2
1.468000E-7	3.175641E-2
1.468500E-7	3.171358E-2
1.469000E-7	3.166733E-2
1.469500E-7	3.160909E-2
1.470000E-7	3.154571E-2
1.470500E-7	3.149090E-2
1.471000E-7	3.144122E-2
1.471500E-7	3.141553E-2
1.472000E-7	3.142923E-2
1.472500E-7	3.144465E-2
1.473000E-7	3.143608E-2
1.473500E-7	3.143266E-2
1.474000E-7	3.144122E-2
1.474500E-7	3.143608E-2
1.475000E-7	3.140183E-2
1.475500E-7	3.135215E-2
1.476000E-7	3.129391E-2
1.476500E-7	3.122882E-2
1.477000E-7	3.116715E-2
1.477500E-7	3.113118E-2
1.478000E-7	3.112947E-2
1.478500E-7	3.114660E-2
1.479000E-7	3.116030E-2
1.479500E-7	3.117743E-2
1.480000E-7	3.118771E-2
1.480500E-7	3.117743E-2
1.481000E-7	3.115687E-2
1.481500E-7	3.116201E-2
1.482000E-7	3.117058E-2
1.482500E-7	3.117743E-2
1.483000E-7	3.118085E-2
1.483500E-7	3.118771E-2
1.484000E-7	3.119970E-2
1.484500E-7	3.121511E-2
1.485000E-7	3.124595E-2
1.485500E-7	3.129562E-2
1.486000E-7	3.135729E-2
1.486500E-7	3.143437E-2
1.487000E-7	3.150974E-2
1.487500E-7	3.157312E-2
1.488000E-7	3.160738E-2
1.488500E-7	3.162451E-2
1.489000E-7	3.163307E-2
1.489500E-7	3.164849E-2
1.490000E-7	3.167247E-2
1.490500E-7	3.171187E-2
1.491000E-7	3.174784E-2
1.491500E-7	3.177182E-2
1.492000E-7	3.177354E-2
1.492500E-7	3.177867E-2
1.493000E-7	3.178553E-2
1.493500E-7	3.178039E-2
1.494000E-7	3.176326E-2
1.494500E-7	3.174442E-2
1.495000E-7	3.173071E-2
1.495500E-7	3.169645E-2
1.496000E-7	3.164335E-2
1.496500E-7	3.156798E-2
1.497000E-7	3.147548E-2
1.497500E-7	3.136071E-2
1.498000E-7	3.124252E-2
1.498500E-7	3.115345E-2
1.499000E-7	3.111234E-2
1.499500E-7	3.111576E-2
1.500000E-7	3.115345E-2
1.500500E-7	3.120997E-2
1.501000E-7	3.129048E-2
1.501500E-7	3.137099E-2
1.502000E-7	3.143780E-2
1.502500E-7	3.148405E-2
1.503000E-7	3.151317E-2
1.503500E-7	3.153372E-2
1.504000E-7	3.153030E-2
1.504500E-7	3.150118E-2
1.505000E-7	3.147206E-2
1.505500E-7	3.145664E-2
1.506000E-7	3.142752E-2
1.506500E-7	3.137613E-2
1.507000E-7	3.131960E-2
1.507500E-7	3.125794E-2
1.508000E-7	3.118085E-2
1.508500E-7	3.111234E-2
1.509000E-7	3.108150E-2
1.509500E-7	3.107465E-2
1.510000E-7	3.107979E-2
1.510500E-7	3.109521E-2
1.511000E-7	3.110377E-2
1.511500E-7	3.109178E-2
1.512000E-7	3.109349E-2
1.512500E-7	3.110720E-2
1.513000E-7	3.109692E-2
1.513500E-7	3.107294E-2
1.514000E-7	3.107636E-2
1.514500E-7	3.108322E-2
1.515000E-7	3.106780E-2
1.515500E-7	3.108150E-2
1.516000E-7	3.112261E-2
1.516500E-7	3.116030E-2
1.517000E-7	3.119113E-2
1.517500E-7	3.123738E-2
1.518000E-7	3.129562E-2
1.518500E-7	3.134016E-2
1.519000E-7	3.134187E-2
1.519500E-7	3.128534E-2
1.520000E-7	3.119285E-2
1.520500E-7	3.109863E-2
1.521000E-7	3.099243E-2
1.521500E-7	3.085882E-2
1.522000E-7	3.072178E-2
1.522500E-7	3.062072E-2
1.523000E-7	3.055563E-2
1.523500E-7	3.053679E-2
1.524000E-7	3.057447E-2
1.524500E-7	3.066012E-2
1.525000E-7	3.076632E-2
1.525500E-7	3.088451E-2
1.526000E-7	3.098729E-2
1.526500E-7	3.106095E-2
1.527000E-7	3.110206E-2
1.527500E-7	3.109349E-2
1.528000E-7	3.102155E-2
1.528500E-7	3.088794E-2
1.529000E-7	3.072350E-2
1.529500E-7	3.055391E-2
1.530000E-7	3.041003E-2
1.530500E-7	3.029526E-2
1.531000E-7	3.020619E-2
1.531500E-7	3.015994E-2
1.532000E-7	3.016508E-2
1.532500E-7	3.019933E-2
1.533000E-7	3.024558E-2
1.533500E-7	3.029869E-2
1.534000E-7	3.035350E-2
1.534500E-7	3.040660E-2
1.535000E-7	3.045799E-2
1.535500E-7	3.046313E-2
1.536000E-7	3.041003E-2
1.536500E-7	3.033980E-2
1.537000E-7	3.027299E-2
1.537500E-7	3.022332E-2
1.538000E-7	3.020447E-2
1.538500E-7	3.021989E-2
1.539000E-7	3.022332E-2
1.539500E-7	3.020447E-2
1.540000E-7	3.019933E-2
1.540500E-7	3.020276E-2
1.541000E-7	3.018734E-2
1.541500E-7	3.014795E-2
1.542000E-7	3.011883E-2
1.542500E-7	3.011026E-2
1.543000E-7	3.013082E-2
1.543500E-7	3.018220E-2
1.544000E-7	3.024558E-2
1.544500E-7	3.029183E-2
1.545000E-7	3.035007E-2
1.545500E-7	3.044257E-2
1.546000E-7	3.053165E-2
1.546500E-7	3.059331E-2
1.547000E-7	3.066868E-2
1.547500E-7	3.075947E-2
1.548000E-7	3.080401E-2
1.548500E-7	3.079544E-2
1.549000E-7	3.075604E-2
1.549500E-7	3.068924E-2
1.550000E-7	3.058132E-2
1.550500E-7	3.048197E-2
1.551000E-7	3.041003E-2
1.551500E-7	3.034494E-2
1.552000E-7	3.029355E-2
1.552500E-7	3.027128E-2
1.553000E-7	3.027299E-2
1.553500E-7	3.028156E-2
1.554000E-7	3.030725E-2
1.554500E-7	3.035179E-2
1.555000E-7	3.038433E-2
1.555500E-7	3.040660E-2
1.556000E-7	3.043401E-2
1.556500E-7	3.044600E-2
1.557000E-7	3.043743E-2
1.557500E-7	3.042887E-2
1.558000E-7	3.043401E-2
1.558500E-7	3.041859E-2
1.559000E-7	3.039118E-2
1.559500E-7	3.037234E-2
1.560000E-7	3.035521E-2
1.560500E-7	3.031239E-2
1.561000E-7	3.026614E-2
1.561500E-7	3.021475E-2
1.562000E-7	3.014109E-2
1.562500E-7	3.005887E-2
1.563000E-7	3.001434E-2
1.563500E-7	3.001776E-2
1.564000E-7	3.005545E-2
1.564500E-7	3.013082E-2
1.565000E-7	3.023359E-2
1.565500E-7	3.034151E-2
1.566000E-7	3.043230E-2
1.566500E-7	3.050424E-2
1.567000E-7	3.056419E-2
1.567500E-7	3.060016E-2
1.568000E-7	3.059845E-2
1.568500E-7	3.056077E-2
1.569000E-7	3.050253E-2
1.569500E-7	3.044942E-2
1.570000E-7	3.039290E-2
1.570500E-7	3.033637E-2
1.571000E-7	3.029355E-2
1.571500E-7	3.028669E-2
1.572000E-7	3.031581E-2
1.572500E-7	3.035350E-2
1.573000E-7	3.040146E-2
1.573500E-7	3.044257E-2
1.574000E-7	3.048197E-2
1.574500E-7	3.051280E-2
1.575000E-7	3.053507E-2
1.575500E-7	3.054021E-2
1.576000E-7	3.053850E-2
1.576500E-7	3.052993E-2
1.577000E-7	3.049910E-2
1.577500E-7	3.046827E-2
1.578000E-7	3.044429E-2
1.578500E-7	3.040489E-2
1.579000E-7	3.031581E-2
1.579500E-7	3.020447E-2
1.580000E-7	3.011197E-2
1.580500E-7	3.003660E-2
1.581000E-7	2.996809E-2
1.581500E-7	2.989957E-2
1.582000E-7	2.986873E-2
1.582500E-7	2.985332E-2
1.583000E-7	2.982249E-2
1.583500E-7	2.978823E-2
1.584000E-7	2.978137E-2
1.584500E-7	2.979165E-2
1.585000E-7	2.979850E-2
1.585500E-7	2.982249E-2
1.586000E-7	2.986017E-2
1.586500E-7	2.987216E-2
1.587000E-7	2.987559E-2
1.587500E-7	2.987216E-2
1.588000E-7	2.985503E-2
1.588500E-7	2.981906E-2
1.589000E-7	2.977110E-2
1.589500E-7	2.970429E-2
1.590000E-7	2.963235E-2
1.590500E-7	2.956040E-2
1.591000E-7	2.948846E-2
1.591500E-7	2.941480E-2
1.592000E-7	2.938911E-2
1.592500E-7	2.943022E-2
1.593000E-7	2.949702E-2
1.593500E-7	2.958267E-2
1.594000E-7	2.969744E-2
1.594500E-7	2.984304E-2
1.595000E-7	2.998179E-2
1.595500E-7	3.010683E-2
1.596000E-7	3.022332E-2
1.596500E-7	3.031239E-2
1.597000E-7	3.038262E-2
1.597500E-7	3.042544E-2
1.598000E-7	3.043058E-2
1.598500E-7	3.039290E-2
1.599000E-7	3.034665E-2
1.599500E-7	3.028669E-2
1.600000E-7	3.020447E-2
1.600500E-7	3.009656E-2
1.601000E-7	2.999378E-2
1.601500E-7	2.989443E-2
1.602000E-7	2.981906E-2
1.602500E-7	2.978137E-2
1.603000E-7	2.976767E-2
1.603500E-7	2.976938E-2
1.604000E-7	2.978309E-2
1.604500E-7	2.981392E-2
1.605000E-7	2.984475E-2
1.605500E-7	2.987387E-2
1.606000E-7	2.991841E-2
1.606500E-7	2.994924E-2
1.607000E-7	2.994753E-2
1.607500E-7	2.993554E-2
1.608000E-7	2.990985E-2
1.608500E-7	2.986017E-2
1.609000E-7	2.980364E-2
1.609500E-7	2.974369E-2
1.610000E-7	2.967517E-2
1.610500E-7	2.962721E-2
1.611000E-7	2.960494E-2
1.611500E-7	2.959124E-2
1.612000E-7	2.957925E-2
1.612500E-7	2.959466E-2
1.613000E-7	2.961522E-2
1.613500E-7	2.960665E-2
1.614000E-7	2.957239E-2
1.614500E-7	2.953300E-2
1.615000E-7	2.950388E-2
1.615500E-7	2.948161E-2
1.616000E-7	2.943536E-2
1.616500E-7	2.939082E-2
1.617000E-7	2.938397E-2
1.617500E-7	2.942508E-2
1.618000E-7	2.947304E-2
1.618500E-7	2.952786E-2
1.619000E-7	2.959295E-2
1.619500E-7	2.967688E-2
1.620000E-7	2.976767E-2
1.620500E-7	2.985674E-2
1.621000E-7	2.993554E-2
1.621500E-7	3.001262E-2
1.622000E-7	3.005887E-2
1.622500E-7	3.004174E-2
1.623000E-7	2.998522E-2
1.623500E-7	2.992012E-2
1.624000E-7	2.982077E-2
1.624500E-7	2.967003E-2
1.625000E-7	2.950559E-2
1.625500E-7	2.935485E-2
1.626000E-7	2.920582E-2
1.626500E-7	2.907393E-2
1.627000E-7	2.897286E-2
1.627500E-7	2.890263E-2
1.628000E-7	2.887694E-2
1.628500E-7	2.889064E-2
1.629000E-7	2.893175E-2
1.629500E-7	2.900198E-2
1.630000E-7	2.909962E-2
1.630500E-7	2.921268E-2
1.631000E-7	2.932744E-2
1.631500E-7	2.946105E-2
1.632000E-7	2.957411E-2
1.632500E-7	2.964776E-2
1.633000E-7	2.970258E-2
1.633500E-7	2.975397E-2
1.634000E-7	2.977624E-2
1.634500E-7	2.977966E-2
1.635000E-7	2.979850E-2
1.635500E-7	2.982934E-2
1.636000E-7	2.987045E-2
1.636500E-7	2.991498E-2
1.637000E-7	2.996809E-2
1.637500E-7	3.001434E-2
1.638000E-7	3.003832E-2
1.638500E-7	3.002461E-2
1.639000E-7	2.996809E-2
1.639500E-7	2.990471E-2
1.640000E-7	2.984133E-2
1.640500E-7	2.976596E-2
1.641000E-7	2.970600E-2
1.641500E-7	2.965462E-2
1.642000E-7	2.956554E-2
1.642500E-7	2.944221E-2
1.643000E-7	2.935142E-2
1.643500E-7	2.926406E-2
1.644000E-7	2.914416E-2
1.644500E-7	2.902768E-2
1.645000E-7	2.894545E-2
1.645500E-7	2.888721E-2
1.646000E-7	2.883069E-2
1.646500E-7	2.878444E-2
1.647000E-7	2.873819E-2
1.647500E-7	2.870222E-2
1.648000E-7	2.869365E-2
1.648500E-7	2.869023E-2
1.649000E-7	2.869708E-2
1.649500E-7	2.873305E-2
1.650000E-7	2.878444E-2
1.650500E-7	2.882212E-2
1.651000E-7	2.887180E-2
1.651500E-7	2.893860E-2
1.652000E-7	2.898828E-2
1.652500E-7	2.902596E-2
1.653000E-7	2.908249E-2
1.653500E-7	2.912018E-2
1.654000E-7	2.910476E-2
1.654500E-7	2.907906E-2
1.655000E-7	2.903624E-2
1.655500E-7	2.894717E-2
1.656000E-7	2.884782E-2
1.656500E-7	2.877245E-2
1.657000E-7	2.870907E-2
1.657500E-7	2.864398E-2
1.658000E-7	2.860629E-2
1.658500E-7	2.859259E-2
1.659000E-7	2.859773E-2
1.659500E-7	2.864569E-2
1.660000E-7	2.873476E-2
1.660500E-7	2.884610E-2
1.661000E-7	2.894888E-2
1.661500E-7	2.904652E-2
1.662000E-7	2.911846E-2
1.662500E-7	2.916300E-2
1.663000E-7	2.918013E-2
1.663500E-7	2.918184E-2
1.664000E-7	2.917670E-2
1.664500E-7	2.914758E-2
1.665000E-7	2.909106E-2
1.665500E-7	2.904138E-2
1.666000E-7	2.901911E-2
1.666500E-7	2.901397E-2
1.667000E-7	2.899513E-2
1.667500E-7	2.897629E-2
1.668000E-7	2.897458E-2
1.668500E-7	2.899513E-2
1.669000E-7	2.904652E-2
1.669500E-7	2.909448E-2
1.670000E-7	2.912360E-2
1.670500E-7	2.914244E-2
1.671000E-7	2.916814E-2
1.671500E-7	2.917670E-2
1.672000E-7	2.914930E-2
1.672500E-7	2.908592E-2
1.673000E-7	2.899684E-2
1.673500E-7	2.887180E-2
1.674000E-7	2.872106E-2
1.674500E-7	2.857374E-2
1.675000E-7	2.843842E-2
1.675500E-7	2.831166E-2
1.676000E-7	2.821231E-2
1.676500E-7	2.815065E-2
1.677000E-7	2.812153E-2
1.677500E-7	2.813180E-2
1.678000E-7	2.820375E-2
1.678500E-7	2.833564E-2
1.679000E-7	2.846754E-2
1.679500E-7	2.857374E-2
1.680000E-7	2.865939E-2
1.680500E-7	2.872962E-2
1.681000E-7	2.876217E-2
1.681500E-7	2.873305E-2
1.682000E-7	2.866967E-2
1.682500E-7	2.858574E-2
1.683000E-7	2.848296E-2
1.683500E-7	2.838189E-2
1.684000E-7	2.833736E-2
1.684500E-7	2.835277E-2
1.685000E-7	2.839560E-2
1.685500E-7	2.844699E-2
1.686000E-7	2.851208E-2
1.686500E-7	2.857374E-2
1.687000E-7	2.860629E-2
1.687500E-7	2.861828E-2
1.688000E-7	2.862513E-2
1.688500E-7	2.862171E-2
1.689000E-7	2.859601E-2
1.689500E-7	2.855319E-2
1.690000E-7	2.848125E-2
1.690500E-7	2.838189E-2
1.691000E-7	2.827398E-2
1.691500E-7	2.820375E-2
1.692000E-7	2.816949E-2
1.692500E-7	2.816606E-2
1.693000E-7	2.818491E-2
1.693500E-7	2.822088E-2
1.694000E-7	2.826884E-2
1.694500E-7	2.832708E-2
1.695000E-7	2.836648E-2
1.695500E-7	2.837676E-2
1.696000E-7	2.836648E-2
1.696500E-7	2.832537E-2
1.697000E-7	2.824315E-2
1.697500E-7	2.815921E-2
1.698000E-7	2.810782E-2
1.698500E-7	2.806842E-2
1.699000E-7	2.805815E-2
1.699500E-7	2.810440E-2
1.700000E-7	2.817805E-2
1.700500E-7	2.825171E-2
1.701000E-7	2.832879E-2
1.701500E-7	2.841273E-2
1.702000E-7	2.849837E-2
1.702500E-7	2.857374E-2
1.703000E-7	2.863541E-2
1.703500E-7	2.867138E-2
1.704000E-7	2.868509E-2
1.704500E-7	2.867995E-2
1.705000E-7	2.866282E-2
1.705500E-7	2.865254E-2
1.706000E-7	2.867652E-2
1.706500E-7	2.871592E-2
1.707000E-7	2.875532E-2
1.707500E-7	2.880328E-2
1.708000E-7	2.889235E-2
1.708500E-7	2.899342E-2
1.709000E-7	2.904652E-2
1.709500E-7	2.903967E-2
1.710000E-7	2.898485E-2
1.710500E-7	2.889235E-2
1.711000E-7	2.874504E-2
1.711500E-7	2.857374E-2
1.712000E-7	2.842129E-2
1.712500E-7	2.828939E-2
1.713000E-7	2.816778E-2
1.713500E-7	2.806500E-2
1.714000E-7	2.800162E-2
1.714500E-7	2.798278E-2
1.715000E-7	2.799991E-2
1.715500E-7	2.803930E-2
1.716000E-7	2.809583E-2
1.716500E-7	2.816606E-2
1.717000E-7	2.825342E-2
1.717500E-7	2.835620E-2
1.718000E-7	2.845555E-2
1.718500E-7	2.853092E-2
1.719000E-7	2.856518E-2
1.719500E-7	2.856518E-2
1.720000E-7	2.852750E-2
1.720500E-7	2.845726E-2
1.721000E-7	2.835449E-2
1.721500E-7	2.822602E-2
1.722000E-7	2.808727E-2
1.722500E-7	2.797935E-2
1.723000E-7	2.790741E-2
1.723500E-7	2.786116E-2
1.724000E-7	2.785431E-2
1.724500E-7	2.788171E-2
1.725000E-7	2.793139E-2
1.725500E-7	2.800505E-2
1.726000E-7	2.809926E-2
1.726500E-7	2.817463E-2
1.727000E-7	2.823287E-2
1.727500E-7	2.828254E-2
1.728000E-7	2.831338E-2
1.728500E-7	2.828939E-2
1.729000E-7	2.823458E-2
1.729500E-7	2.818491E-2
1.730000E-7	2.814037E-2
1.730500E-7	2.808042E-2
1.731000E-7	2.800847E-2
1.731500E-7	2.794167E-2
1.732000E-7	2.788171E-2
1.732500E-7	2.783375E-2
1.733000E-7	2.779093E-2
1.733500E-7	2.776181E-2
1.734000E-7	2.774296E-2
1.734500E-7	2.773611E-2
1.735000E-7	2.772926E-2
1.735500E-7	2.770870E-2
1.736000E-7	2.767445E-2
1.736500E-7	2.762991E-2
1.737000E-7	2.757681E-2
1.737500E-7	2.752028E-2
1.738000E-7	2.750315E-2
1.738500E-7	2.754769E-2
1.739000E-7	2.763676E-2
1.739500E-7	2.774982E-2
1.740000E-7	2.787829E-2
1.740500E-7	2.799991E-2
1.741000E-7	2.807870E-2
1.741500E-7	2.812153E-2
1.742000E-7	2.811981E-2
1.742500E-7	2.806671E-2
1.743000E-7	2.795537E-2
1.743500E-7	2.780463E-2
1.744000E-7	2.763847E-2
1.744500E-7	2.746547E-2
1.745000E-7	2.729588E-2
1.745500E-7	2.716570E-2
1.746000E-7	2.710232E-2
1.746500E-7	2.709204E-2
1.747000E-7	2.711602E-2
1.747500E-7	2.717426E-2
1.748000E-7	2.725477E-2
1.748500E-7	2.735241E-2
1.749000E-7	2.746718E-2
1.749500E-7	2.758023E-2
1.750000E-7	2.763847E-2
1.750500E-7	2.766246E-2
1.751000E-7	2.768815E-2
1.751500E-7	2.770185E-2
1.752000E-7	2.768815E-2
1.752500E-7	2.767616E-2
1.753000E-7	2.767958E-2
1.753500E-7	2.768815E-2
1.754000E-7	2.768644E-2
1.754500E-7	2.768301E-2
1.755000E-7	2.769329E-2
1.755500E-7	2.772070E-2
1.756000E-7	2.774982E-2
1.756500E-7	2.776866E-2
1.757000E-7	2.776866E-2
1.757500E-7	2.776352E-2
1.758000E-7	2.774296E-2
1.758500E-7	2.771042E-2
1.759000E-7	2.768301E-2
1.759500E-7	2.765732E-2
1.760000E-7	2.763676E-2
1.760500E-7	2.762134E-2
1.761000E-7	2.761449E-2
1.761500E-7	2.761963E-2
1.762000E-7	2.762991E-2
1.762500E-7	2.763847E-2
1.763000E-7	2.764704E-2
1.763500E-7	2.767616E-2
1.764000E-7	2.773440E-2
1.764500E-7	2.780120E-2
1.765000E-7	2.785944E-2
1.765500E-7	2.790569E-2
1.766000E-7	2.794338E-2
1.766500E-7	2.795708E-2
1.767000E-7	2.795366E-2
1.767500E-7	2.793995E-2
1.768000E-7	2.791940E-2
1.768500E-7	2.787657E-2
1.769000E-7	2.780806E-2
1.769500E-7	2.772583E-2
1.770000E-7	2.766417E-2
1.770500E-7	2.760764E-2
1.771000E-7	2.753398E-2
1.771500E-7	2.744491E-2
1.772000E-7	2.736783E-2
1.772500E-7	2.729588E-2
1.773000E-7	2.722565E-2
1.773500E-7	2.719311E-2
1.774000E-7	2.718797E-2
1.774500E-7	2.718112E-2
1.775000E-7	2.718112E-2
1.775500E-7	2.719653E-2
1.776000E-7	2.720510E-2
1.776500E-7	2.718797E-2
1.777000E-7	2.716913E-2
1.777500E-7	2.714514E-2
1.778000E-7	2.710232E-2
1.778500E-7	2.704579E-2
1.779000E-7	2.698070E-2
1.779500E-7	2.691903E-2
1.780000E-7	2.689163E-2
1.780500E-7	2.690876E-2
1.781000E-7	2.693616E-2
1.781500E-7	2.696871E-2
1.782000E-7	2.703723E-2
1.782500E-7	2.712459E-2
1.783000E-7	2.718968E-2
1.783500E-7	2.725477E-2
1.784000E-7	2.734727E-2
1.784500E-7	2.742778E-2
1.785000E-7	2.747574E-2
1.785500E-7	2.751514E-2
1.786000E-7	2.754255E-2
1.786500E-7	2.752542E-2
1.787000E-7	2.747917E-2
1.787500E-7	2.743463E-2
1.788000E-7	2.739352E-2
1.788500E-7	2.736611E-2
1.789000E-7	2.736269E-2
1.789500E-7	2.737639E-2
1.790000E-7	2.740380E-2
1.790500E-7	2.745690E-2
1.791000E-7	2.752542E-2
1.791500E-7	2.759222E-2
1.792000E-7	2.765218E-2
1.792500E-7	2.769158E-2
1.793000E-7	2.770185E-2
1.793500E-7	2.767273E-2
1.794000E-7	2.759908E-2
1.794500E-7	2.748945E-2
1.795000E-7	2.736440E-2
1.795500E-7	2.723250E-2
1.796000E-7	2.708690E-2
1.796500E-7	2.694130E-2
1.797000E-7	2.682311E-2
1.797500E-7	2.674774E-2
1.798000E-7	2.672718E-2
1.798500E-7	2.675288E-2
1.799000E-7	2.679742E-2
1.799500E-7	2.684367E-2
1.800000E-7	2.690876E-2
1.800500E-7	2.699269E-2
1.801000E-7	2.706464E-2
1.801500E-7	2.713658E-2
1.802000E-7	2.722051E-2
1.802500E-7	2.727019E-2
1.803000E-7	2.725820E-2
1.803500E-7	2.722051E-2
1.804000E-7	2.718283E-2
1.804500E-7	2.711260E-2
1.805000E-7	2.702524E-2
1.805500E-7	2.694816E-2
1.806000E-7	2.686079E-2
1.806500E-7	2.675459E-2
1.807000E-7	2.666381E-2
1.807500E-7	2.660043E-2
1.808000E-7	2.653876E-2
1.808500E-7	2.648908E-2
1.809000E-7	2.647195E-2
1.809500E-7	2.647709E-2
1.810000E-7	2.649936E-2
1.810500E-7	2.655418E-2
1.811000E-7	2.661756E-2
1.811500E-7	2.669293E-2
1.812000E-7	2.680427E-2
1.812500E-7	2.693445E-2
1.813000E-7	2.704408E-2
1.813500E-7	2.713315E-2
1.814000E-7	2.721366E-2
1.814500E-7	2.724621E-2
1.815000E-7	2.725649E-2
1.815500E-7	2.725820E-2
1.816000E-7	2.725306E-2
1.816500E-7	2.721538E-2
1.817000E-7	2.716227E-2
1.817500E-7	2.709718E-2
1.818000E-7	2.702695E-2
1.818500E-7	2.698070E-2
1.819000E-7	2.697042E-2
1.819500E-7	2.698413E-2
1.820000E-7	2.702181E-2
1.820500E-7	2.707834E-2
1.821000E-7	2.711431E-2
1.821500E-7	2.713144E-2
1.822000E-7	2.716056E-2
1.822500E-7	2.718626E-2
1.823000E-7	2.718626E-2
1.823500E-7	2.716056E-2
1.824000E-7	2.711089E-2
1.824500E-7	2.704579E-2
1.825000E-7	2.698413E-2
1.825500E-7	2.693103E-2
1.826000E-7	2.687621E-2
1.826500E-7	2.683853E-2
1.827000E-7	2.684880E-2
1.827500E-7	2.687621E-2
1.828000E-7	2.688649E-2
1.828500E-7	2.689505E-2
1.829000E-7	2.691390E-2
1.829500E-7	2.692417E-2
1.830000E-7	2.693445E-2
1.830500E-7	2.694302E-2
1.831000E-7	2.692931E-2
1.831500E-7	2.690019E-2
1.832000E-7	2.688820E-2
1.832500E-7	2.687279E-2
1.833000E-7	2.683339E-2
1.833500E-7	2.681797E-2
1.834000E-7	2.682654E-2
1.834500E-7	2.678885E-2
1.835000E-7	2.670663E-2
1.835500E-7	2.665010E-2
1.836000E-7	2.661242E-2
1.836500E-7	2.656959E-2
1.837000E-7	2.653191E-2
1.837500E-7	2.649765E-2
1.838000E-7	2.645483E-2
1.838500E-7	2.640515E-2
1.839000E-7	2.635205E-2
1.839500E-7	2.629723E-2
1.840000E-7	2.625098E-2
1.840500E-7	2.622186E-2
1.841000E-7	2.617904E-2
1.841500E-7	2.611909E-2
1.842000E-7	2.605400E-2
1.842500E-7	2.600261E-2
1.843000E-7	2.596492E-2
1.843500E-7	2.593923E-2
1.844000E-7	2.591525E-2
1.844500E-7	2.590326E-2
1.845000E-7	2.591696E-2
1.845500E-7	2.593923E-2
1.846000E-7	2.594265E-2
1.846500E-7	2.594951E-2
1.847000E-7	2.597006E-2
1.847500E-7	2.599575E-2
1.848000E-7	2.603344E-2
1.848500E-7	2.609511E-2
1.849000E-7	2.616876E-2
1.849500E-7	2.625098E-2
1.850000E-7	2.632978E-2
1.850500E-7	2.638288E-2
1.851000E-7	2.638459E-2
1.851500E-7	2.636575E-2
1.852000E-7	2.635547E-2
1.852500E-7	2.633321E-2
1.853000E-7	2.629038E-2
1.853500E-7	2.623899E-2
1.854000E-7	2.620987E-2
1.854500E-7	2.620473E-2
1.855000E-7	2.622015E-2
1.855500E-7	2.626126E-2
1.856000E-7	2.631779E-2
1.856500E-7	2.639830E-2
1.857000E-7	2.649594E-2
1.857500E-7	2.657473E-2
1.858000E-7	2.661756E-2
1.858500E-7	2.665010E-2
1.859000E-7	2.667751E-2
1.859500E-7	2.667237E-2
1.860000E-7	2.665181E-2
1.860500E-7	2.663640E-2
1.861000E-7	2.660728E-2
1.861500E-7	2.655589E-2
1.862000E-7	2.650450E-2
1.862500E-7	2.644112E-2
1.863000E-7	2.636404E-2
1.863500E-7	2.628867E-2
1.864000E-7	2.622700E-2
1.864500E-7	2.614649E-2
1.865000E-7	2.607284E-2
1.865500E-7	2.602830E-2
1.866000E-7	2.599233E-2
1.866500E-7	2.592724E-2
1.867000E-7	2.586214E-2
1.867500E-7	2.582103E-2
1.868000E-7	2.579020E-2
1.868500E-7	2.577478E-2
1.869000E-7	2.578677E-2
1.869500E-7	2.580904E-2
1.870000E-7	2.583131E-2
1.870500E-7	2.587242E-2
1.871000E-7	2.593238E-2
1.871500E-7	2.598205E-2
1.872000E-7	2.601117E-2
1.872500E-7	2.602316E-2
1.873000E-7	2.600946E-2
1.873500E-7	2.597520E-2
1.874000E-7	2.592210E-2
1.874500E-7	2.586043E-2
1.875000E-7	2.580562E-2
1.875500E-7	2.575937E-2
1.876000E-7	2.573367E-2
1.876500E-7	2.575937E-2
1.877000E-7	2.580219E-2
1.877500E-7	2.582789E-2
1.878000E-7	2.584159E-2
1.878500E-7	2.588099E-2
1.879000E-7	2.592724E-2
1.879500E-7	2.594779E-2
1.880000E-7	2.596835E-2
1.880500E-7	2.599747E-2
1.881000E-7	2.599747E-2
1.881500E-7	2.597349E-2
1.882000E-7	2.596663E-2
1.882500E-7	2.596492E-2
1.883000E-7	2.594779E-2
1.883500E-7	2.593409E-2
1.884000E-7	2.591525E-2
1.884500E-7	2.585529E-2
1.885000E-7	2.578164E-2
1.885500E-7	2.571141E-2
1.886000E-7	2.563946E-2
1.886500E-7	2.557780E-2
1.887000E-7	2.554696E-2
1.887500E-7	2.554525E-2
1.888000E-7	2.556923E-2
1.888500E-7	2.564117E-2
1.889000E-7	2.574053E-2
1.889500E-7	2.583988E-2
1.890000E-7	2.596150E-2
1.890500E-7	2.611224E-2
1.891000E-7	2.624071E-2
1.891500E-7	2.632978E-2
1.892000E-7	2.639316E-2
1.892500E-7	2.639316E-2
1.893000E-7	2.631779E-2
1.893500E-7	2.619960E-2
1.894000E-7	2.606427E-2
1.894500E-7	2.589812E-2
1.895000E-7	2.573367E-2
1.895500E-7	2.561377E-2
1.896000E-7	2.552983E-2
1.896500E-7	2.546988E-2
1.897000E-7	2.544761E-2
1.897500E-7	2.547502E-2
1.898000E-7	2.551270E-2
1.898500E-7	2.554696E-2
1.899000E-7	2.556409E-2
1.899500E-7	2.555895E-2
1.900000E-7	2.553155E-2
1.900500E-7	2.551955E-2
1.901000E-7	2.552983E-2
1.901500E-7	2.552127E-2
1.902000E-7	2.548701E-2
1.902500E-7	2.546817E-2
1.903000E-7	2.548872E-2
1.903500E-7	2.553840E-2
1.904000E-7	2.560863E-2
1.904500E-7	2.568914E-2
1.905000E-7	2.576108E-2
1.905500E-7	2.580048E-2
1.906000E-7	2.578677E-2
1.906500E-7	2.573025E-2
1.907000E-7	2.564974E-2
1.907500E-7	2.556923E-2
1.908000E-7	2.550071E-2
1.908500E-7	2.544590E-2
1.909000E-7	2.539451E-2
1.909500E-7	2.536710E-2
1.910000E-7	2.536539E-2
1.910500E-7	2.539794E-2
1.911000E-7	2.546131E-2
1.911500E-7	2.556238E-2
1.912000E-7	2.567372E-2
1.912500E-7	2.577307E-2
1.913000E-7	2.583645E-2
1.913500E-7	2.585529E-2
1.914000E-7	2.581932E-2
1.914500E-7	2.573367E-2
1.915000E-7	2.560863E-2
1.915500E-7	2.548358E-2
1.916000E-7	2.538594E-2
1.916500E-7	2.532428E-2
1.917000E-7	2.530886E-2
1.917500E-7	2.535169E-2
1.918000E-7	2.543391E-2
1.918500E-7	2.553155E-2
1.919000E-7	2.566858E-2
1.919500E-7	2.581418E-2
1.920000E-7	2.591525E-2
1.920500E-7	2.597520E-2
1.921000E-7	2.601802E-2
1.921500E-7	2.600603E-2
1.922000E-7	2.590839E-2
1.922500E-7	2.578506E-2
1.923000E-7	2.566858E-2
1.923500E-7	2.554354E-2
1.924000E-7	2.542877E-2
1.924500E-7	2.534655E-2
1.925000E-7	2.529687E-2
1.925500E-7	2.527118E-2
1.926000E-7	2.528659E-2
1.926500E-7	2.531914E-2
1.927000E-7	2.536710E-2
1.927500E-7	2.544590E-2
1.928000E-7	2.554867E-2
1.928500E-7	2.564460E-2
1.929000E-7	2.573196E-2
1.929500E-7	2.581247E-2
1.930000E-7	2.587756E-2
1.930500E-7	2.592552E-2
1.931000E-7	2.598890E-2
1.931500E-7	2.606085E-2
1.932000E-7	2.609682E-2
1.932500E-7	2.608483E-2
1.933000E-7	2.604886E-2
1.933500E-7	2.598890E-2
1.934000E-7	2.587927E-2
1.934500E-7	2.573710E-2
1.935000E-7	2.560006E-2
1.935500E-7	2.546303E-2
1.936000E-7	2.530372E-2
1.936500E-7	2.514956E-2
1.937000E-7	2.503822E-2
1.937500E-7	2.496113E-2
1.938000E-7	2.491831E-2
1.938500E-7	2.490803E-2
1.939000E-7	2.492002E-2
1.939500E-7	2.493886E-2
1.940000E-7	2.496970E-2
1.940500E-7	2.502280E-2
1.941000E-7	2.510673E-2
1.941500E-7	2.520266E-2
1.942000E-7	2.527289E-2
1.942500E-7	2.530544E-2
1.943000E-7	2.532599E-2
1.943500E-7	2.533113E-2
1.944000E-7	2.530030E-2
1.944500E-7	2.524548E-2
1.945000E-7	2.518210E-2
1.945500E-7	2.509988E-2
1.946000E-7	2.501252E-2
1.946500E-7	2.494229E-2
1.947000E-7	2.488919E-2
1.947500E-7	2.486007E-2
1.948000E-7	2.485664E-2
1.948500E-7	2.489604E-2
1.949000E-7	2.497312E-2
1.949500E-7	2.506905E-2
1.950000E-7	2.515812E-2
1.950500E-7	2.525747E-2
1.951000E-7	2.536025E-2
1.951500E-7	2.543562E-2
1.952000E-7	2.546817E-2
1.952500E-7	2.547502E-2
1.953000E-7	2.547159E-2
1.953500E-7	2.545446E-2
1.954000E-7	2.543048E-2
1.954500E-7	2.538081E-2
1.955000E-7	2.529516E-2
1.955500E-7	2.518896E-2
1.956000E-7	2.509303E-2
1.956500E-7	2.499539E-2
1.957000E-7	2.490118E-2
1.957500E-7	2.483951E-2
1.958000E-7	2.483095E-2
1.958500E-7	2.487206E-2
1.959000E-7	2.494572E-2
1.959500E-7	2.503308E-2
1.960000E-7	2.511872E-2
1.960500E-7	2.519923E-2
1.961000E-7	2.526604E-2
1.961500E-7	2.530201E-2
1.962000E-7	2.531057E-2
1.962500E-7	2.529173E-2
1.963000E-7	2.524548E-2
1.963500E-7	2.516326E-2
1.964000E-7	2.504849E-2
1.964500E-7	2.493201E-2
1.965000E-7	2.484123E-2
1.965500E-7	2.476414E-2
1.966000E-7	2.470762E-2
1.966500E-7	2.468877E-2
1.967000E-7	2.469734E-2
1.967500E-7	2.472132E-2
1.968000E-7	2.474530E-2
1.968500E-7	2.476586E-2
1.969000E-7	2.480183E-2
1.969500E-7	2.485493E-2
1.970000E-7	2.491146E-2
1.970500E-7	2.497826E-2
1.971000E-7	2.506391E-2
1.971500E-7	2.511701E-2
1.972000E-7	2.511872E-2
1.972500E-7	2.510673E-2
1.973000E-7	2.510673E-2
1.973500E-7	2.510159E-2
1.974000E-7	2.508447E-2
1.974500E-7	2.507419E-2
1.975000E-7	2.508104E-2
1.975500E-7	2.509303E-2
1.976000E-7	2.509303E-2
1.976500E-7	2.506391E-2
1.977000E-7	2.501081E-2
1.977500E-7	2.496113E-2
1.978000E-7	2.490803E-2
1.978500E-7	2.482067E-2
1.979000E-7	2.472475E-2
1.979500E-7	2.465280E-2
1.980000E-7	2.458942E-2
1.980500E-7	2.453803E-2
1.981000E-7	2.451405E-2
1.981500E-7	2.449521E-2
1.982000E-7	2.447123E-2
1.982500E-7	2.447123E-2
1.983000E-7	2.450549E-2
1.983500E-7	2.452604E-2
1.984000E-7	2.452090E-2
1.984500E-7	2.455345E-2
1.985000E-7	2.462539E-2
1.985500E-7	2.468192E-2
1.986000E-7	2.471447E-2
1.986500E-7	2.474873E-2
1.987000E-7	2.478299E-2
1.987500E-7	2.479669E-2
1.988000E-7	2.480354E-2
1.988500E-7	2.482238E-2
1.989000E-7	2.484637E-2
1.989500E-7	2.486521E-2
1.990000E-7	2.489604E-2
1.990500E-7	2.494743E-2
1.991000E-7	2.500738E-2
1.991500E-7	2.505535E-2
1.992000E-7	2.512044E-2
1.992500E-7	2.521636E-2
1.993000E-7	2.530715E-2
1.993500E-7	2.536882E-2
1.994000E-7	2.540136E-2
1.994500E-7	2.539794E-2
1.995000E-7	2.534826E-2
1.995500E-7	2.526946E-2
1.996000E-7	2.518553E-2
1.996500E-7	2.508447E-2
1.997000E-7	2.498169E-2
1.997500E-7	2.491488E-2
1.998000E-7	2.486692E-2
1.998500E-7	2.481725E-2
1.999000E-7	2.476757E-2
1.999500E-7	2.471789E-2
2.000000E-7	2.467336E-2
