 1 6:35:28 PM 1.7043239e-05 1.6260409e-07 1.0150681e+09 13598.171 1.3447629e-08 NaN
 2 6:36:31 PM 1.7824349e-05 3.446478e-07 1.0160947e+09 15068.584 3.895501e-06 1.0180097e-06
 3 6:37:36 PM 1.7355858e-05 1.3075066e-07 1.0131884e+09 17942.665 2.2567007e-14 NaN
 4 6:38:40 PM 1.7082357e-05 1.3632572e-07 1.0138626e+09 15722.63 2.2448608e-14 NaN
 5 6:39:44 PM 1.7897997e-05 3.6323502e-07 1.0107825e+09 15150.174 9.8451375e-07 1.0206158e-06
 6 6:40:48 PM 1.7744567e-05 1.4308319e-07 1.0103541e+09 17317.544 2.2635145e-14 NaN
 7 6:41:54 PM 1.6884812e-05 3.2564475e-07 1.0091236e+09 16748.353 1.3977103e-06 8.9332223e-07
 8 6:42:58 PM 1.6924317e-05 3.084401e-07 1.0134006e+09 15699.025 4.9077213e-06 8.6890952e-07
 9 6:44:04 PM 1.7902379e-05 3.1837032e-07 1.0124005e+09 16745.669 5.4242702e-06 7.9181524e-07
 10 6:45:08 PM 1.6834489e-05 3.1824263e-07 1.0100589e+09 17993.502 1.3040841e-06 8.9471181e-07
 11 6:46:14 PM 1.4288418e-05 2.9290671e-07 1.0124829e+09 15921.591 5.4537107e-06 6.6575081e-07
 12 6:47:18 PM 1.1573153e-05 2.9921531e-07 1.0070528e+09 16680.026 7.0451602e-06 6.3739252e-07
 13 6:48:24 PM 7.9094488e-06 2.8165974e-07 1.0043102e+09 16951.015 1.2650083e-06 6.1097775e-07
 14 6:49:29 PM 7.9192901e-06 2.7120706e-07 1.0071633e+09 16307.64 8.9281173e-06 5.3013528e-07
 15 6:50:34 PM 6.7248878e-06 2.7398914e-07 1.0020175e+09 16544.407 6.3675719e-06 5.4723833e-07
 16 6:51:40 PM 6.3950908e-06 2.6474088e-07 1.002161e+09 14312.431 7.0137113e-06 5.1633897e-07
 17 6:52:47 PM 6.153666e-06 2.6562843e-07 1.002176e+09 16437.352 7.9348764e-06 5.0634765e-07
 18 6:53:52 PM 5.4108011e-06 3.1032495e-07 9.9912589e+08 17113.695 5.5940361e-06 6.0565682e-07
 19 6:54:58 PM 5.829595e-06 2.6138161e-07 1.0025739e+09 15051.796 8.915684e-06 5.0880964e-07
 20 6:56:04 PM 5.3526445e-06 2.7890555e-07 9.9885122e+08 16132.673 8.960875e-06 5.4481123e-07
 21 6:57:08 PM 5.4769491e-06 2.818468e-07 1.0005277e+09 15969.471 1.1202599e-05 5.5374157e-07
 22 6:58:13 PM 4.8146636e-06 2.9511544e-07 1.0014249e+09 14895.67 9.8913835e-06 5.9318383e-07
 23 6:59:18 PM 4.8771057e-06 2.4347304e-07 1.0006253e+09 15649.852 1.0434947e-05 4.8796087e-07
 24 7:00:25 PM 4.5508977e-06 2.9264376e-07 1.00062e+09 15824.744 8.97359e-06 5.8532366e-07
 25 7:01:30 PM 4.3225185e-06 3.0072671e-07 9.9794831e+08 16270.54 1.0756308e-05 6.2204567e-07
 26 7:02:35 PM 4.2096983e-06 2.8548582e-07 9.9987614e+08 16474.904 1.0050289e-05 5.8190545e-07
 27 7:03:41 PM 4.3719772e-06 2.7807809e-07 9.9954406e+08 16797.651 1.2021897e-05 5.865936e-07
 28 7:04:46 PM 4.0291587e-06 3.0100473e-07 9.9660665e+08 16826.359 9.0350993e-06 6.223302e-07
 29 7:05:53 PM 4.1387609e-06 2.9013013e-07 1.0009398e+09 17708.09 1.05411e-05 6.0904598e-07
 30 7:06:58 PM 4.1390689e-06 2.8087242e-07 9.9942209e+08 16514.067 1.1328079e-05 5.9505697e-07
 31 7:08:02 PM 3.9210453e-06 2.9638297e-07 9.9898775e+08 16106.753 1.1260638e-05 6.384964e-07
 32 7:09:09 PM 3.8546946e-06 2.854802e-07 9.9894258e+08 16987.394 1.0748514e-05 6.1512992e-07
 33 7:10:13 PM 3.6226162e-06 3.3373637e-07 9.9869335e+08 15083.385 9.1946501e-06 6.9846454e-07
 34 7:11:18 PM 3.6498692e-06 3.1862666e-07 1.0010387e+09 17209.339 1.0337639e-05 6.9172224e-07
 35 7:12:22 PM 3.676288e-06 2.6152349e-07 9.9945494e+08 15772.114 1.2888206e-05 5.987924e-07
 36 7:13:27 PM 3.3943863e-06 2.6715469e-07 9.9961647e+08 16271.524 1.0825331e-05 6.011173e-07
 37 7:14:34 PM 3.4156279e-06 3.2572238e-07 9.992808e+08 16657.021 9.3836424e-06 7.0977104e-07
 38 7:15:38 PM 3.3523583e-06 2.9366014e-07 9.9876512e+08 17248.206 1.0438804e-05 6.6610985e-07
 39 7:16:43 PM 3.506451e-06 2.8612092e-07 1.0012506e+09 16859.305 1.2780688e-05 6.7600256e-07
 40 7:17:48 PM 3.3298847e-06 2.8165892e-07 1.0006009e+09 16071.635 1.2410913e-05 6.7190201e-07
 41 7:18:53 PM 3.0830232e-06 2.7952599e-07 9.9989555e+08 16143.181 1.1475364e-05 6.7230998e-07
 42 7:19:59 PM 3.1641264e-06 2.8931471e-07 9.9850038e+08 14922.806 1.1475307e-05 6.8704759e-07
 43 7:21:04 PM 3.2508607e-06 2.8490868e-07 1.0005544e+09 15226.857 1.1508705e-05 6.7195773e-07
 44 7:22:09 PM 3.0659556e-06 3.1744101e-07 9.9991087e+08 17073.743 1.1519608e-05 7.8073908e-07
 45 7:23:14 PM 3.3972681e-06 3.1024542e-07 9.9946551e+08 17163.443 1.1694128e-05 7.2104198e-07
 46 7:24:20 PM 3.1480352e-06 3.2292195e-07 9.9931436e+08 15516.767 1.1128804e-05 7.6984834e-07
 47 7:25:25 PM 3.2198764e-06 3.2268275e-07 9.9950275e+08 17938.889 1.19563e-05 7.8217624e-07
 48 7:26:29 PM 3.2891875e-06 3.1326184e-07 1.0002059e+09 17205.52 1.4139597e-05 7.8905219e-07
 49 7:27:35 PM 3.1140668e-06 3.0032747e-07 9.9824163e+08 16529.462 1.2569998e-05 7.5560879e-07
 50 7:28:41 PM 3.079283e-06 2.9004135e-07 9.9889155e+08 16559.342 1.2576277e-05 7.2905818e-07
 51 7:29:45 PM 2.9115521e-06 3.1960324e-07 1.0033841e+09 16393.912 1.0850234e-05 7.7716448e-07
 52 7:30:51 PM 3.2781465e-06 6.1187842e-07 9.9833874e+08 16621.944 1.422949e-05 1.5554994e-06
 53 7:31:55 PM 2.8667241e-06 2.8985772e-07 1.0013112e+09 15176.154 1.10662e-05 7.220215e-07
 54 7:33:02 PM 3.031023e-06 2.8182184e-07 1.0003065e+09 15661.267 1.4427808e-05 7.573002e-07
 56 7:35:15 PM 3.0082551e-06 2.8503259e-07 1.0010291e+09 16280.727 1.2762926e-05 7.307393e-07
 57 7:36:20 PM 2.862744e-06 2.8037665e-07 1.0020389e+09 16150.401 1.4149972e-05 7.7815779e-07
 58 7:37:26 PM 2.8147267e-06 3.0265295e-07 1.0011679e+09 16017.17 1.2587801e-05 8.0207246e-07
 59 7:38:31 PM 2.8892341e-06 3.1645041e-07 1.0014425e+09 17783.107 1.2638863e-05 8.2355411e-07
 60 7:39:36 PM 2.8783831e-06 2.8647474e-07 1.0019427e+09 15310.776 1.388898e-05 7.8500023e-07
 61 7:40:42 PM 2.6761201e-06 3.0983585e-07 1.0012328e+09 16474.617 1.3154081e-05 8.6658967e-07
 62 7:41:48 PM 2.7661141e-06 2.7321248e-07 1.001615e+09 16926.902 1.4259275e-05 7.7612809e-07
 63 7:42:54 PM 2.7604498e-06 2.7719747e-07 9.9973514e+08 16058.853 1.3472165e-05 7.6297666e-07
 64 7:44:00 PM 2.7519512e-06 2.9053097e-07 1.0011334e+09 16639.616 1.3551212e-05 8.0999349e-07
 65 7:45:04 PM 2.6858255e-06 3.0462442e-07 9.9950017e+08 16293.302 1.3438647e-05 8.5609953e-07
 66 7:46:11 PM 3.0059177e-06 5.5607395e-07 9.9857748e+08 15449.672 1.5882918e-05 1.5741968e-06
 67 7:47:18 PM 2.767223e-06 3.0439724e-07 1.0022916e+09 14195.465 1.4771745e-05 8.7755828e-07
 68 7:48:23 PM 2.6662989e-06 2.9843366e-07 1.0039311e+09 15440.954 1.3500977e-05 8.4486552e-07
 69 7:49:29 PM 2.9080392e-06 5.7463746e-07 1.0040679e+09 15285.39 1.5845519e-05 1.6635509e-06
 70 7:50:34 PM 2.7949046e-06 3.2252182e-07 1.0016224e+09 15961.263 1.510759e-05 9.3412412e-07
 71 7:51:41 PM 2.7092131e-06 2.8502903e-07 9.9895209e+08 15610.872 1.4892923e-05 8.4087551e-07
 72 7:52:46 PM 2.6825775e-06 3.1216849e-07 1.0014121e+09 17345.561 1.3157617e-05 8.6838244e-07
 73 7:53:52 PM 2.7089987e-06 3.0443658e-07 9.9879169e+08 16259.961 1.4324216e-05 8.7983008e-07
 74 7:54:58 PM 2.7073061e-06 2.7767028e-07 9.9851013e+08 17565.485 1.4451085e-05 8.0658133e-07
 75 7:56:04 PM 2.6703257e-06 2.8859635e-07 9.9974859e+08 15817.207 1.4378896e-05 8.4717912e-07
 76 7:57:09 PM 2.5513652e-06 3.2296367e-07 1.001016e+09 17049.722 1.3539051e-05 9.4405584e-07
 77 7:58:15 PM 2.7818359e-06 5.030403e-07 9.9946655e+08 16082.243 1.5678671e-05 1.5013238e-06
 78 7:59:21 PM 2.7564283e-06 4.8723666e-07 1.0006546e+09 16049.211 1.5278961e-05 1.4387779e-06
 79 8:00:27 PM 2.5017587e-06 3.0858999e-07 9.9943308e+08 17554.753 1.394456e-05 9.332461e-07
 80 8:01:33 PM 2.5573912e-06 3.1999899e-07 1.0006985e+09 16201.819 1.3729823e-05 9.4451067e-07
 81 8:02:37 PM 2.6781342e-06 2.889593e-07 9.9917795e+08 16574.195 1.4017944e-05 8.3218453e-07
 82 8:03:43 PM 2.611907e-06 2.9586349e-07 1.0002448e+09 16580.797 1.4686389e-05 8.897819e-07
 83 8:04:49 PM 2.6336005e-06 2.9446795e-07 1.002428e+09 16865.782 1.4578433e-05 8.7665079e-07
 84 8:05:55 PM 2.4632921e-06 2.9754554e-07 1.0012714e+09 15951.517 1.3746008e-05 8.9961147e-07
 85 8:07:01 PM 2.4255045e-06 2.8982442e-07 9.9861289e+08 17319.495 1.4218069e-05 9.0103661e-07
 86 8:08:06 PM 2.4775627e-06 2.9270093e-07 9.9869735e+08 17379.938 1.406775e-05 8.9312399e-07
 87 8:09:11 PM 2.5044628e-06 2.9652993e-07 9.9841324e+08 15950.352 1.4645842e-05 9.185837e-07
 88 8:10:17 PM 2.7291067e-06 5.4442204e-07 1.0015958e+09 17046.589 1.5380491e-05 1.6256743e-06
 89 8:11:23 PM 2.5495721e-06 3.2846931e-07 9.9962533e+08 17147.666 1.3896517e-05 9.7481479e-07
 90 8:12:28 PM 2.695451e-06 6.0571032e-07 9.9914242e+08 16287.449 1.5380265e-05 1.8252735e-06
 91 8:13:33 PM 2.4278375e-06 3.113294e-07 9.9867563e+08 15825.547 1.3755612e-05 9.5183731e-07
 92 8:14:38 PM 2.4834484e-06 3.1006556e-07 1.0006981e+09 16879.001 1.5044765e-05 9.7883051e-07
 93 8:15:45 PM 2.4867352e-06 3.02202e-07 9.9767803e+08 17000.566 1.5143269e-05 9.5972816e-07
 94 8:16:51 PM 2.3387374e-06 3.0407945e-07 9.9898458e+08 16518.302 1.4639967e-05 9.8947788e-07
 95 8:17:57 PM 2.5259447e-06 3.0193591e-07 1.00033e+09 16078.927 1.4729215e-05 9.3240296e-07
 96 8:19:03 PM 2.7002696e-06 6.051457e-07 9.997225e+08 15877.14 1.5887422e-05 1.8540298e-06
 97 8:20:08 PM 2.5327883e-06 3.041727e-07 9.977571e+08 17522.673 1.4859586e-05 9.4212234e-07
 98 8:21:14 PM 2.723977e-06 4.2855499e-07 1.0026538e+09 17058.646 1.5771641e-05 1.2988757e-06
 99 8:22:20 PM 2.5945632e-06 3.144133e-07 9.9839779e+08 17065.166 1.5495862e-05 9.7945071e-07
 100 8:23:26 PM 2.6135657e-06 3.064162e-07 9.9977938e+08 16790.633 1.5110736e-05 9.3579411e-07
 101 8:24:32 PM 2.5470318e-06 2.8355623e-07 9.9910331e+08 17260.73 1.3845705e-05 8.4038558e-07
 102 8:25:39 PM 2.577439e-06 2.7230594e-07 1.0010508e+09 16110.983 1.4754137e-05 8.2899122e-07
 103 8:26:43 PM 2.3918291e-06 3.0080129e-07 9.9905941e+08 16189.391 1.5065641e-05 9.7871226e-07
 104 8:27:49 PM 2.5761111e-06 3.2372671e-07 9.9956388e+08 16942.86 1.3988144e-05 9.5711334e-07
 105 8:28:55 PM 2.5418296e-06 3.0093843e-07 9.9881822e+08 17629.207 1.5606732e-05 9.5623177e-07
 106 8:30:00 PM 2.4557863e-06 2.9517399e-07 9.9893614e+08 16715.363 1.4994933e-05 9.4381367e-07
 107 8:31:07 PM 2.5495388e-06 2.9705117e-07 9.9781289e+08 17753.568 1.6046921e-05 9.5722453e-07
 108 8:32:11 PM 2.3517384e-06 3.097845e-07 1.0004492e+09 17000.897 1.4656655e-05 1.0072681e-06
 109 8:33:17 PM 2.5028692e-06 2.9234064e-07 9.9897509e+08 16489.469 1.547443e-05 9.3558836e-07
 110 8:34:22 PM 2.6372165e-06 5.6259214e-07 9.9553881e+08 16580.151 1.5717355e-05 1.7578365e-06
 111 8:35:27 PM 2.6006149e-06 5.4740024e-07 9.9888491e+08 17332.99 1.6222593e-05 1.7472545e-06
 112 8:36:32 PM 2.4015552e-06 3.2106837e-07 1.0005926e+09 17709.14 1.3653311e-05 9.8517089e-07
 113 8:37:38 PM 2.4524381e-06 2.8888678e-07 9.997747e+08 16554.651 1.5075337e-05 9.2486794e-07
 114 8:38:44 PM 2.5364993e-06 2.9449939e-07 1.0016756e+09 15959.892 1.597237e-05 9.5008985e-07
 115 8:39:51 PM 2.5023224e-06 3.1918542e-07 9.9655484e+08 17182.499 1.5143178e-05 1.0087583e-06
 116 8:40:57 PM 2.6084681e-06 5.7265915e-07 9.9765215e+08 17140.439 1.6228374e-05 1.8239208e-06
 117 8:42:03 PM 2.6955242e-06 6.484203e-07 9.9888751e+08 16354.092 1.7419584e-05 2.0954929e-06
 118 8:43:08 PM 2.6079198e-06 5.7976981e-07 9.9946396e+08 16897.401 1.7016489e-05 1.8985992e-06
 119 8:44:13 PM 2.5256182e-06 5.95742e-07 9.9924414e+08 16266.858 1.5341556e-05 1.8832698e-06
 120 8:45:20 PM 2.4401995e-06 2.9515377e-07 1.0001328e+09 17997.497 1.5448347e-05 9.6526889e-07
 121 8:46:26 PM 2.2967674e-06 1.0570639e-08 9.9707841e+08 17301.039 1.5345105e-05 1.2466627e-07
 122 8:47:32 PM 2.3211415e-06 2.9638576e-07 9.9831877e+08 16629.907 1.3697315e-05 9.3455077e-07
 123 8:48:39 PM 2.3861102e-06 3.0160064e-07 9.968757e+08 17299.602 1.4600579e-05 9.6760067e-07
 124 8:49:45 PM 2.4638313e-06 3.042061e-07 9.9882407e+08 16256.749 1.5752908e-05 9.9602236e-07
 125 8:50:52 PM 2.4300513e-06 2.7380977e-07 9.9984338e+08 17318.033 1.4670585e-05 8.6869322e-07
 126 8:51:58 PM 2.3416686e-06 3.0656953e-07 1.0003895e+09 17549.213 1.4198276e-05 9.8124018e-07
 128 8:54:10 PM 2.4901059e-06 2.9038656e-07 9.9841863e+08 16677.476 1.4615346e-05 9.0234006e-07
 129 8:55:15 PM 2.4325936e-06 3.2163453e-07 9.9955299e+08 17985.691 1.4948614e-05 1.0310201e-06
 130 8:56:22 PM 2.3912948e-06 3.1397637e-07 9.9899948e+08 17873.275 1.4949465e-05 1.0199891e-06
 131 8:57:28 PM 2.4030639e-06 3.2011746e-07 9.961662e+08 16213.717 1.5131026e-05 1.0435521e-06
 132 8:58:34 PM 2.4702395e-06 3.2154633e-07 9.9795562e+08 17415.266 1.4877587e-05 1.0157942e-06
 133 8:59:40 PM 2.3953432e-06 3.0400945e-07 9.98819e+08 17488.433 1.4868649e-05 9.8310809e-07
 134 9:00:46 PM 2.5801729e-06 6.4181543e-07 1.0003141e+09 16916.559 1.5837296e-05 2.0324945e-06
 135 9:01:53 PM 2.468993e-06 3.4639814e-07 9.9854833e+08 16699.56 1.471179e-05 1.0875583e-06
 136 9:02:59 PM 2.6245767e-06 6.2856192e-07 1.0016901e+09 17256.636 1.7099853e-05 2.0533555e-06
 137 9:04:05 PM 2.333042e-06 3.034847e-07 9.9991386e+08 17407.992 1.4662165e-05 9.9330859e-07
 138 9:05:10 PM 2.4737253e-06 3.3396495e-07 9.9709029e+08 17946.345 1.5101552e-05 1.0631719e-06
 139 9:06:16 PM 2.4193551e-06 3.1266679e-07 9.9812205e+08 18388.619 1.5455804e-05 1.026935e-06
 140 9:07:20 PM 2.3621468e-06 2.9353582e-07 1.0007689e+09 15593.7 1.5614626e-05 9.9147709e-07
 141 9:08:27 PM 2.3491372e-06 2.9441851e-07 1.0010951e+09 17326.219 1.504882e-05 9.737018e-07
 142 9:09:34 PM 2.5686559e-06 6.4223544e-07 1.0013575e+09 16787.489 1.6713062e-05 2.1064041e-06
 143 9:10:40 PM 2.2655871e-06 1.096257e-08 9.9839545e+08 16635.742 1.5474365e-05 1.3070906e-07
 144 9:11:46 PM 2.4063232e-06 3.2342486e-07 1.0018084e+09 17689.514 1.4889823e-05 1.0430955e-06
 145 9:12:51 PM 2.4643326e-06 2.9014316e-07 9.9854831e+08 17614.117 1.6260673e-05 9.7092717e-07
 146 9:13:56 PM 2.3857616e-06 2.9356406e-07 9.9966425e+08 17922.575 1.5207455e-05 9.6536936e-07
 147 9:15:02 PM 2.453724e-06 6.0894416e-07 9.9714795e+08 18158.407 1.6113485e-05 2.0412417e-06
 148 9:16:08 PM 2.3968131e-06 3.1375294e-07 9.9996585e+08 17188.433 1.5512255e-05 1.0405004e-06
 149 9:17:15 PM 2.3136905e-06 2.9574516e-07 1.0008977e+09 17316.349 1.6427808e-05 1.0460959e-06
 150 9:18:21 PM 2.5122581e-06 5.7742596e-07 1.0036541e+09 17078.736 1.673966e-05 1.9300232e-06
 151 9:19:27 PM 2.4902592e-06 3.8928661e-07 9.983264e+08 17690.542 1.5974177e-05 1.2707211e-06
 152 9:20:33 PM 2.3536926e-06 3.1677411e-07 9.9910412e+08 17352.273 1.521742e-05 1.0562174e-06
 153 9:21:39 PM 2.3965164e-06 3.0769054e-07 1.0007102e+09 17921.624 1.6367271e-05 1.0573954e-06
 154 9:22:44 PM 2.4016195e-06 2.9562761e-07 1.0009023e+09 17483.464 1.5812854e-05 9.9022623e-07
 155 9:23:50 PM 2.3251949e-06 3.1088094e-07 9.9604789e+08 17925.868 1.4990651e-05 1.0342412e-06
 156 9:24:56 PM 2.1907994e-06 3.0700989e-07 1.0022344e+09 17113.561 1.4100295e-05 1.0331499e-06
 157 9:26:02 PM 2.1596774e-06 3.2621193e-07 9.9929266e+08 16815.626 1.4810877e-05 1.1427258e-06
 158 9:27:09 PM 2.2588302e-06 2.810142e-07 9.9970588e+08 17319.922 1.4418097e-05 9.3095348e-07
 159 9:28:14 PM 2.3663454e-06 3.0945264e-07 9.9920175e+08 16890.211 1.5362026e-05 1.0303709e-06
 160 9:29:21 PM 2.301661e-06 3.2425279e-07 9.9969783e+08 16854.847 1.4887228e-05 1.08282e-06
 161 9:30:28 PM 2.3363642e-06 3.0396296e-07 9.9973343e+08 17243.084 1.5751746e-05 1.0387958e-06
 162 9:31:35 PM 2.4587477e-06 6.5419154e-07 9.9824741e+08 17360.839 1.6594644e-05 2.2140787e-06
 163 9:32:41 PM 2.4184737e-06 3.1951784e-07 1.0015611e+09 18193.184 1.604602e-05 1.0739422e-06
 164 9:33:46 PM 2.3608911e-06 3.0915225e-07 1.0019803e+09 17927.679 1.612287e-05 1.0627074e-06
 165 9:34:52 PM 2.4206028e-06 3.802446e-07 9.9804697e+08 17388.578 1.6092988e-05 1.2757048e-06
 166 9:35:58 PM 2.3206774e-06 3.049628e-07 1.0002531e+09 16284.199 1.5716732e-05 1.0491541e-06
 167 9:37:04 PM 2.2712105e-06 3.1563812e-07 9.9829e+08 17062.972 1.5527498e-05 1.0939411e-06
 168 9:38:09 PM 2.363415e-06 3.1109356e-07 1.0011228e+09 16539.505 1.5583921e-05 1.046151e-06
 169 9:39:17 PM 2.3291496e-06 3.076021e-07 9.992751e+08 17238.261 1.5514703e-05 1.0410569e-06
 170 9:40:22 PM 2.3266814e-06 3.0020885e-07 9.9808239e+08 16795.414 1.6370678e-05 1.0545904e-06
 171 9:41:28 PM 2.2777197e-06 3.1192183e-07 9.9933673e+08 16931.691 1.508222e-05 1.0587746e-06
 172 9:42:34 PM 2.301003e-06 3.0283814e-07 9.9995867e+08 16786.908 1.6828292e-05 1.0929e-06
 173 9:43:40 PM 2.2501545e-06 3.1335979e-07 9.9842931e+08 16460.207 1.694721e-05 1.1580706e-06
 174 9:44:47 PM 2.3313681e-06 3.2823381e-07 1.0003972e+09 18255.629 1.624625e-05 1.1455849e-06
 175 9:45:53 PM 2.2149881e-06 2.9630842e-07 1.0001383e+09 16721.43 1.5177083e-05 1.0329042e-06
 176 9:46:59 PM 2.2031018e-06 3.326045e-07 1.0000264e+09 16452.796 1.5272102e-05 1.1692167e-06
 177 9:48:04 PM 2.5293792e-06 6.7376372e-07 9.981412e+08 16931.935 1.7652404e-05 2.3129658e-06