Study Name	PremaTech_CVD_SiC_HeandSi
Sample Name	2025-10-15
Run Name	spot04
Operator	Keshav
Date	10/15/2025
Time	18:34
Sign	FIX
Grating Spacing	06.40um
Channel	3
Number Traces	10000
Files in Batch	1
Batch Number	6
dt	50.000001E-12
time stamp (ms)	6:40:48 PM
	
Time	Amplitude
0.000000E+0	-3.237227E-4
5.000000E-11	-4.127961E-4
1.000000E-10	-5.052954E-4
1.500000E-10	-5.960817E-4
2.000000E-10	-6.851551E-4
2.500000E-10	-7.810803E-4
3.000000E-10	-8.393207E-4
3.500000E-10	-8.307559E-4
4.000000E-10	-7.793674E-4
4.500000E-10	-6.885810E-4
5.000000E-10	-5.361285E-4
5.500000E-10	-3.511299E-4
6.000000E-10	-1.678442E-4
6.500000E-10	2.229323E-5
7.000000E-10	2.090048E-4
7.500000E-10	3.357631E-4
8.000000E-10	4.111329E-4
8.500000E-10	4.659473E-4
9.000000E-10	4.659473E-4
9.500000E-10	3.871516E-4
1.000000E-9	2.706710E-4
1.050000E-9	1.524774E-4
1.100000E-9	1.372848E-5
1.150000E-9	-1.301593E-4
1.200000E-9	-2.346493E-4
1.250000E-9	-2.928896E-4
1.300000E-9	-3.254356E-4
1.350000E-9	-3.305745E-4
1.400000E-9	-3.031673E-4
1.450000E-9	-2.500658E-4
1.500000E-9	-2.021032E-4
1.550000E-9	-1.815478E-4
1.600000E-9	-2.003903E-4
1.650000E-9	-2.449270E-4
1.700000E-9	-3.185838E-4
1.750000E-9	-4.076572E-4
1.800000E-9	-4.796011E-4
1.850000E-9	-5.344155E-4
1.900000E-9	-5.806652E-4
1.950000E-9	-5.960817E-4
2.000000E-9	-5.652486E-4
2.050000E-9	-4.933047E-4
2.100000E-9	-3.939536E-4
2.150000E-9	-2.894637E-4
2.200000E-9	-1.901126E-4
2.250000E-9	-1.044651E-4
2.300000E-9	-4.108593E-5
2.350000E-9	-2.909528E-5
2.400000E-9	-7.534493E-5
2.450000E-9	-1.609924E-4
2.500000E-9	-2.689083E-4
2.550000E-9	-3.922407E-4
2.600000E-9	-5.052954E-4
2.650000E-9	-5.858040E-4
2.700000E-9	-6.457573E-4
2.750000E-9	-6.800163E-4
2.800000E-9	-6.457573E-4
2.850000E-9	-5.275637E-4
2.900000E-9	-3.768241E-4
2.950000E-9	-2.346493E-4
3.000000E-9	-1.164557E-4
3.050000E-9	-2.566938E-5
3.100000E-9	2.058028E-5
3.150000E-9	1.715438E-5
3.200000E-9	-2.566938E-5
3.250000E-9	-8.390968E-5
3.300000E-9	-1.387241E-4
3.350000E-9	-1.866867E-4
3.400000E-9	-2.260845E-4
3.450000E-9	-2.466399E-4
3.500000E-9	-2.432140E-4
3.550000E-9	-2.089550E-4
3.600000E-9	-1.404370E-4
3.650000E-9	-3.252118E-5
3.700000E-9	9.252418E-5
3.750000E-9	1.953012E-4
3.800000E-9	2.518285E-4
3.850000E-9	2.740969E-4
3.900000E-9	2.740969E-4
3.950000E-9	2.295602E-4
4.000000E-9	1.439127E-4
4.050000E-9	4.456158E-5
4.100000E-9	-5.992838E-5
4.150000E-9	-1.849737E-4
4.200000E-9	-3.185838E-4
4.250000E-9	-4.196479E-4
4.300000E-9	-4.521939E-4
4.350000E-9	-4.350644E-4
4.400000E-9	-3.819630E-4
4.450000E-9	-3.048802E-4
4.500000E-9	-2.346493E-4
4.550000E-9	-2.140939E-4
4.600000E-9	-2.363622E-4
4.650000E-9	-2.740471E-4
4.700000E-9	-3.357133E-4
4.750000E-9	-4.436292E-4
4.800000E-9	-5.721004E-4
4.850000E-9	-6.971458E-4
4.900000E-9	-7.999228E-4
4.950000E-9	-8.598761E-4
5.000000E-9	-8.650149E-4
5.050000E-9	-8.256171E-4
5.100000E-9	-7.416825E-4
5.150000E-9	-6.097853E-4
5.200000E-9	-4.624716E-4
5.250000E-9	-3.408522E-4
5.300000E-9	-2.569176E-4
5.350000E-9	-2.055291E-4
5.400000E-9	-2.123809E-4
5.450000E-9	-2.911766E-4
5.500000E-9	-4.230738E-4
5.550000E-9	-6.012206E-4
5.600000E-9	-7.982098E-4
5.650000E-9	-9.712178E-4
5.700000E-9	-1.094550E-3
5.750000E-9	-1.145939E-3
5.800000E-9	-1.113393E-3
5.850000E-9	-1.010616E-3
5.900000E-9	-8.444595E-4
5.950000E-9	-6.371925E-4
6.000000E-9	-4.179349E-4
6.050000E-9	-1.901126E-4
6.100000E-9	1.544143E-5
6.150000E-9	1.456256E-4
6.200000E-9	1.987271E-4
6.250000E-9	1.901623E-4
6.300000E-9	1.182184E-4
6.350000E-9	-3.080823E-5
6.400000E-9	-1.969644E-4
6.450000E-9	-3.254356E-4
6.500000E-9	-4.247867E-4
6.550000E-9	-4.881659E-4
6.600000E-9	-4.915918E-4
6.650000E-9	-4.470551E-4
6.700000E-9	-3.871018E-4
6.750000E-9	-3.048802E-4
6.800000E-9	-2.089550E-4
6.850000E-9	-1.284464E-4
6.900000E-9	-6.849313E-5
6.950000E-9	-3.252118E-5
7.000000E-9	-1.881758E-5
7.050000E-9	-3.423413E-5
7.100000E-9	-6.678018E-5
7.150000E-9	-9.418738E-5
7.200000E-9	-1.078910E-4
7.250000E-9	-9.076148E-5
7.300000E-9	-5.136363E-5
7.350000E-9	1.715438E-5
7.400000E-9	9.937598E-5
7.450000E-9	1.884494E-4
7.500000E-9	2.638192E-4
7.550000E-9	3.220595E-4
7.600000E-9	3.511796E-4
7.650000E-9	3.563185E-4
7.700000E-9	3.409019E-4
7.750000E-9	3.049300E-4
7.800000E-9	2.484026E-4
7.850000E-9	1.747458E-4
7.900000E-9	8.738533E-5
7.950000E-9	1.737825E-6
8.000000E-9	-8.219673E-5
8.050000E-9	-1.695572E-4
8.100000E-9	-2.380752E-4
8.150000E-9	-2.706212E-4
8.200000E-9	-2.980284E-4
8.250000E-9	-3.511299E-4
8.300000E-9	-4.110831E-4
8.350000E-9	-4.384903E-4
8.400000E-9	-4.367774E-4
8.450000E-9	-4.299256E-4
8.500000E-9	-4.282126E-4
8.550000E-9	-4.196479E-4
8.600000E-9	-4.042313E-4
8.650000E-9	-4.042313E-4
8.700000E-9	-4.350644E-4
8.750000E-9	-4.864529E-4
8.800000E-9	-5.446932E-4
8.850000E-9	-6.269148E-4
8.900000E-9	-7.091364E-4
8.950000E-9	-7.810803E-4
9.000000E-9	-8.444595E-4
9.050000E-9	-8.872833E-4
9.100000E-9	-8.804315E-4
9.150000E-9	-8.376077E-4
9.200000E-9	-7.708026E-4
9.250000E-9	-6.817292E-4
9.300000E-9	-5.977947E-4
9.350000E-9	-5.292767E-4
9.400000E-9	-4.607587E-4
9.450000E-9	-3.871018E-4
9.500000E-9	-3.305745E-4
9.550000E-9	-2.946025E-4
9.600000E-9	-2.706212E-4
9.650000E-9	-2.603435E-4
9.700000E-9	-2.603435E-4
9.750000E-9	-2.791860E-4
9.800000E-9	-3.065932E-4
9.850000E-9	-3.168709E-4
9.900000E-9	-2.928896E-4
9.950000E-9	-2.517788E-4
1.000000E-8	-1.849737E-4
1.005000E-8	-1.113169E-4
1.010000E-8	-5.478953E-5
1.015000E-8	-3.252118E-5
1.020000E-8	-2.738233E-5
1.025000E-8	-2.224348E-5
1.030000E-8	-3.252118E-5
1.035000E-8	-7.877083E-5
1.040000E-8	-1.592795E-4
1.045000E-8	-2.449270E-4
1.050000E-8	-3.271486E-4
1.055000E-8	-4.145090E-4
1.060000E-8	-4.933047E-4
1.065000E-8	-5.292767E-4
1.070000E-8	-5.412673E-4
1.075000E-8	-5.549709E-4
1.080000E-8	-5.412673E-4
1.085000E-8	-4.744623E-4
1.090000E-8	-3.785371E-4
1.095000E-8	-2.671953E-4
1.100000E-8	-1.404370E-4
1.105000E-8	-2.566938E-5
1.110000E-8	5.141338E-5
1.115000E-8	7.196878E-5
1.120000E-8	4.284863E-5
1.125000E-8	-2.053053E-5
1.130000E-8	-1.078910E-4
1.135000E-8	-2.260845E-4
1.140000E-8	-3.596946E-4
1.145000E-8	-5.001565E-4
1.150000E-8	-6.389055E-4
1.155000E-8	-7.502472E-4
1.160000E-8	-8.084875E-4
1.165000E-8	-8.153394E-4
1.170000E-8	-7.708026E-4
1.175000E-8	-6.783033E-4
1.180000E-8	-5.789522E-4
1.185000E-8	-4.727493E-4
1.190000E-8	-3.579817E-4
1.195000E-8	-2.671953E-4
1.200000E-8	-2.260845E-4
1.205000E-8	-2.209457E-4
1.210000E-8	-2.586306E-4
1.215000E-8	-3.562687E-4
1.220000E-8	-4.556198E-4
1.225000E-8	-5.241378E-4
1.230000E-8	-5.875170E-4
1.235000E-8	-6.628868E-4
1.240000E-8	-6.954328E-4
1.245000E-8	-6.697386E-4
1.250000E-8	-6.149242E-4
1.255000E-8	-5.412673E-4
1.260000E-8	-4.521939E-4
1.265000E-8	-3.408522E-4
1.270000E-8	-2.277975E-4
1.275000E-8	-1.455759E-4
1.280000E-8	-1.233075E-4
1.285000E-8	-1.609924E-4
1.290000E-8	-2.432140E-4
1.295000E-8	-3.665464E-4
1.300000E-8	-5.001565E-4
1.305000E-8	-6.149242E-4
1.310000E-8	-6.885810E-4
1.315000E-8	-7.296918E-4
1.320000E-8	-7.365436E-4
1.325000E-8	-6.902940E-4
1.330000E-8	-5.977947E-4
1.335000E-8	-4.933047E-4
1.340000E-8	-4.008054E-4
1.345000E-8	-3.288615E-4
1.350000E-8	-2.963155E-4
1.355000E-8	-3.065932E-4
1.360000E-8	-3.271486E-4
1.365000E-8	-3.340004E-4
1.370000E-8	-3.425651E-4
1.375000E-8	-3.562687E-4
1.380000E-8	-3.528428E-4
1.385000E-8	-3.220097E-4
1.390000E-8	-2.826119E-4
1.395000E-8	-2.363622E-4
1.400000E-8	-1.627054E-4
1.405000E-8	-4.965068E-5
1.410000E-8	6.511698E-5
1.415000E-8	1.541904E-4
1.420000E-8	2.107177E-4
1.425000E-8	2.381249E-4
1.430000E-8	2.432638E-4
1.435000E-8	2.415508E-4
1.440000E-8	2.381249E-4
1.445000E-8	2.209954E-4
1.450000E-8	1.987271E-4
1.455000E-8	1.953012E-4
1.460000E-8	1.730328E-4
1.465000E-8	9.766303E-5
1.470000E-8	-8.539876E-6
1.475000E-8	-1.078910E-4
1.480000E-8	-2.055291E-4
1.485000E-8	-2.791860E-4
1.490000E-8	-2.757601E-4
1.495000E-8	-2.432140E-4
1.500000E-8	-2.586306E-4
1.505000E-8	-2.997414E-4
1.510000E-8	-3.048802E-4
1.515000E-8	-2.928896E-4
1.520000E-8	-3.065932E-4
1.525000E-8	-3.494169E-4
1.530000E-8	-4.179349E-4
1.535000E-8	-5.189990E-4
1.540000E-8	-6.337666E-4
1.545000E-8	-7.451084E-4
1.550000E-8	-8.650149E-4
1.555000E-8	-9.609401E-4
1.560000E-8	-1.012329E-3
1.565000E-8	-1.050014E-3
1.570000E-8	-1.108254E-3
1.575000E-8	-1.166494E-3
1.580000E-8	-1.190475E-3
1.585000E-8	-1.152791E-3
1.590000E-8	-1.063717E-3
1.595000E-8	-9.883473E-4
1.600000E-8	-9.729308E-4
1.605000E-8	-9.540883E-4
1.610000E-8	-8.787185E-4
1.615000E-8	-7.862192E-4
1.620000E-8	-7.177012E-4
1.625000E-8	-6.320537E-4
1.630000E-8	-5.258508E-4
1.635000E-8	-4.230738E-4
1.640000E-8	-3.254356E-4
1.645000E-8	-2.415011E-4
1.650000E-8	-2.003903E-4
1.655000E-8	-1.712701E-4
1.660000E-8	-1.524277E-4
1.665000E-8	-1.798349E-4
1.670000E-8	-2.517788E-4
1.675000E-8	-3.031673E-4
1.680000E-8	-3.494169E-4
1.685000E-8	-4.145090E-4
1.690000E-8	-4.436292E-4
1.695000E-8	-3.956666E-4
1.700000E-8	-3.271486E-4
1.705000E-8	-2.963155E-4
1.710000E-8	-2.843248E-4
1.715000E-8	-2.637694E-4
1.720000E-8	-2.380752E-4
1.725000E-8	-2.192327E-4
1.730000E-8	-2.123809E-4
1.735000E-8	-2.209457E-4
1.740000E-8	-2.192327E-4
1.745000E-8	-2.072421E-4
1.750000E-8	-2.038162E-4
1.755000E-8	-1.883996E-4
1.760000E-8	-1.558536E-4
1.765000E-8	-1.387241E-4
1.770000E-8	-1.352982E-4
1.775000E-8	-9.247443E-5
1.780000E-8	2.487468E-8
1.785000E-8	1.147925E-4
1.790000E-8	2.535415E-4
1.795000E-8	4.745120E-4
1.800000E-8	7.982596E-4
1.805000E-8	1.241914E-3
1.810000E-8	1.877418E-3
1.815000E-8	2.745884E-3
1.820000E-8	3.862727E-3
1.825000E-8	5.241652E-3
1.830000E-8	6.879232E-3
1.835000E-8	8.741209E-3
1.840000E-8	1.083957E-2
1.845000E-8	1.316747E-2
1.850000E-8	1.566838E-2
1.855000E-8	1.837998E-2
1.860000E-8	2.137250E-2
1.865000E-8	2.464081E-2
1.870000E-8	2.806842E-2
1.875000E-8	3.162451E-2
1.880000E-8	3.523712E-2
1.885000E-8	3.871955E-2
1.890000E-8	4.190563E-2
1.895000E-8	4.468575E-2
1.900000E-8	4.694513E-2
1.905000E-8	4.862896E-2
1.910000E-8	4.977150E-2
1.915000E-8	5.048580E-2
1.920000E-8	5.083353E-2
1.925000E-8	5.079413E-2
1.930000E-8	5.038474E-2
1.935000E-8	4.968414E-2
1.940000E-8	4.874031E-2
1.945000E-8	4.758920E-2
1.950000E-8	4.631648E-2
1.955000E-8	4.505575E-2
1.960000E-8	4.388238E-2
1.965000E-8	4.287859E-2
1.970000E-8	4.211804E-2
1.975000E-8	4.160244E-2
1.980000E-8	4.127870E-2
1.985000E-8	4.110569E-2
1.990000E-8	4.103888E-2
1.995000E-8	4.098064E-2
2.000000E-8	4.091041E-2
2.005000E-8	4.086416E-2
2.010000E-8	4.080935E-2
2.015000E-8	4.061064E-2
2.020000E-8	4.024065E-2
2.025000E-8	3.977644E-2
2.030000E-8	3.930195E-2
2.035000E-8	3.882232E-2
2.040000E-8	3.836668E-2
2.045000E-8	3.794701E-2
2.050000E-8	3.754275E-2
2.055000E-8	3.718303E-2
2.060000E-8	3.692609E-2
2.065000E-8	3.675822E-2
2.070000E-8	3.668456E-2
2.075000E-8	3.673595E-2
2.080000E-8	3.689183E-2
2.085000E-8	3.702544E-2
2.090000E-8	3.709738E-2
2.095000E-8	3.717104E-2
2.100000E-8	3.727039E-2
2.105000E-8	3.734747E-2
2.110000E-8	3.737488E-2
2.115000E-8	3.730465E-2
2.120000E-8	3.712650E-2
2.125000E-8	3.692952E-2
2.130000E-8	3.671711E-2
2.135000E-8	3.642077E-2
2.140000E-8	3.607475E-2
2.145000E-8	3.579383E-2
2.150000E-8	3.556258E-2
2.155000E-8	3.531078E-2
2.160000E-8	3.506069E-2
2.165000E-8	3.487397E-2
2.170000E-8	3.476606E-2
2.175000E-8	3.471296E-2
2.180000E-8	3.470953E-2
2.185000E-8	3.472666E-2
2.190000E-8	3.475064E-2
2.195000E-8	3.475578E-2
2.200000E-8	3.474722E-2
2.205000E-8	3.474379E-2
2.210000E-8	3.473523E-2
2.215000E-8	3.467870E-2
2.220000E-8	3.457592E-2
2.225000E-8	3.441148E-2
2.230000E-8	3.419051E-2
2.235000E-8	3.393870E-2
2.240000E-8	3.370232E-2
2.245000E-8	3.345908E-2
2.250000E-8	3.320727E-2
2.255000E-8	3.300515E-2
2.260000E-8	3.287668E-2
2.265000E-8	3.276876E-2
2.270000E-8	3.269339E-2
2.275000E-8	3.271394E-2
2.280000E-8	3.278418E-2
2.285000E-8	3.284242E-2
2.290000E-8	3.292292E-2
2.295000E-8	3.303427E-2
2.300000E-8	3.313704E-2
2.305000E-8	3.324496E-2
2.310000E-8	3.333403E-2
2.315000E-8	3.335973E-2
2.320000E-8	3.330491E-2
2.325000E-8	3.322440E-2
2.330000E-8	3.311649E-2
2.335000E-8	3.297089E-2
2.340000E-8	3.279617E-2
2.345000E-8	3.260946E-2
2.350000E-8	3.240733E-2
2.355000E-8	3.222747E-2
2.360000E-8	3.205960E-2
2.365000E-8	3.185918E-2
2.370000E-8	3.163821E-2
2.375000E-8	3.145493E-2
2.380000E-8	3.131618E-2
2.385000E-8	3.121340E-2
2.390000E-8	3.117914E-2
2.395000E-8	3.119970E-2
2.400000E-8	3.125622E-2
2.405000E-8	3.134187E-2
2.410000E-8	3.144122E-2
2.415000E-8	3.154571E-2
2.420000E-8	3.166219E-2
2.425000E-8	3.175641E-2
2.430000E-8	3.177867E-2
2.435000E-8	3.172215E-2
2.440000E-8	3.161937E-2
2.445000E-8	3.145321E-2
2.450000E-8	3.121511E-2
2.455000E-8	3.094618E-2
2.460000E-8	3.068239E-2
2.465000E-8	3.042030E-2
2.470000E-8	3.017364E-2
2.475000E-8	2.998008E-2
2.480000E-8	2.985161E-2
2.485000E-8	2.979850E-2
2.490000E-8	2.982420E-2
2.495000E-8	2.995610E-2
2.500000E-8	3.015822E-2
2.505000E-8	3.036720E-2
2.510000E-8	3.055220E-2
2.515000E-8	3.072864E-2
2.520000E-8	3.090164E-2
2.525000E-8	3.102840E-2
2.530000E-8	3.111062E-2
2.535000E-8	3.112947E-2
2.540000E-8	3.103697E-2
2.545000E-8	3.084169E-2
2.550000E-8	3.058989E-2
2.555000E-8	3.032952E-2
2.560000E-8	3.005545E-2
2.565000E-8	2.976767E-2
2.570000E-8	2.950216E-2
2.575000E-8	2.929318E-2
2.580000E-8	2.916300E-2
2.585000E-8	2.915615E-2
2.590000E-8	2.925207E-2
2.595000E-8	2.939939E-2
2.600000E-8	2.958096E-2
2.605000E-8	2.978994E-2
2.610000E-8	3.002461E-2
2.615000E-8	3.025929E-2
2.620000E-8	3.046998E-2
2.625000E-8	3.062586E-2
2.630000E-8	3.070637E-2
2.635000E-8	3.068924E-2
2.640000E-8	3.060188E-2
2.645000E-8	3.046998E-2
2.650000E-8	3.030896E-2
2.655000E-8	3.011711E-2
2.660000E-8	2.991841E-2
2.665000E-8	2.971800E-2
2.670000E-8	2.949702E-2
2.675000E-8	2.931888E-2
2.680000E-8	2.922980E-2
2.685000E-8	2.919726E-2
2.690000E-8	2.919041E-2
2.695000E-8	2.923666E-2
2.700000E-8	2.932230E-2
2.705000E-8	2.939596E-2
2.710000E-8	2.945249E-2
2.715000E-8	2.949702E-2
2.720000E-8	2.952101E-2
2.725000E-8	2.948846E-2
2.730000E-8	2.938054E-2
2.735000E-8	2.922124E-2
2.740000E-8	2.905337E-2
2.745000E-8	2.888721E-2
2.750000E-8	2.873134E-2
2.755000E-8	2.859601E-2
2.760000E-8	2.850009E-2
2.765000E-8	2.844699E-2
2.770000E-8	2.842814E-2
2.775000E-8	2.845041E-2
2.780000E-8	2.850865E-2
2.785000E-8	2.859430E-2
2.790000E-8	2.869879E-2
2.795000E-8	2.879643E-2
2.800000E-8	2.887009E-2
2.805000E-8	2.892490E-2
2.810000E-8	2.894717E-2
2.815000E-8	2.891805E-2
2.820000E-8	2.882897E-2
2.825000E-8	2.871249E-2
2.830000E-8	2.857374E-2
2.835000E-8	2.841615E-2
2.840000E-8	2.824657E-2
2.845000E-8	2.806329E-2
2.850000E-8	2.786801E-2
2.855000E-8	2.767787E-2
2.860000E-8	2.753912E-2
2.865000E-8	2.747060E-2
2.870000E-8	2.747060E-2
2.875000E-8	2.752028E-2
2.880000E-8	2.758366E-2
2.885000E-8	2.764190E-2
2.890000E-8	2.771556E-2
2.895000E-8	2.778921E-2
2.900000E-8	2.784403E-2
2.905000E-8	2.790056E-2
2.910000E-8	2.794509E-2
2.915000E-8	2.795366E-2
2.920000E-8	2.790912E-2
2.925000E-8	2.781833E-2
2.930000E-8	2.766759E-2
2.935000E-8	2.745348E-2
2.940000E-8	2.723422E-2
2.945000E-8	2.702352E-2
2.950000E-8	2.680769E-2
2.955000E-8	2.662098E-2
2.960000E-8	2.651135E-2
2.965000E-8	2.644626E-2
2.970000E-8	2.640172E-2
2.975000E-8	2.640001E-2
2.980000E-8	2.643427E-2
2.985000E-8	2.646853E-2
2.990000E-8	2.650450E-2
2.995000E-8	2.659015E-2
3.000000E-8	2.669121E-2
3.005000E-8	2.677343E-2
3.010000E-8	2.679570E-2
3.015000E-8	2.674945E-2
3.020000E-8	2.667237E-2
3.025000E-8	2.659871E-2
3.030000E-8	2.652163E-2
3.035000E-8	2.642228E-2
3.040000E-8	2.630580E-2
3.045000E-8	2.619103E-2
3.050000E-8	2.606599E-2
3.055000E-8	2.592210E-2
3.060000E-8	2.579020E-2
3.065000E-8	2.570284E-2
3.070000E-8	2.568057E-2
3.075000E-8	2.568057E-2
3.080000E-8	2.569085E-2
3.085000E-8	2.574053E-2
3.090000E-8	2.582275E-2
3.095000E-8	2.588099E-2
3.100000E-8	2.590154E-2
3.105000E-8	2.592039E-2
3.110000E-8	2.592552E-2
3.115000E-8	2.588441E-2
3.120000E-8	2.583816E-2
3.125000E-8	2.579363E-2
3.130000E-8	2.573196E-2
3.135000E-8	2.566173E-2
3.140000E-8	2.560006E-2
3.145000E-8	2.554525E-2
3.150000E-8	2.549043E-2
3.155000E-8	2.546645E-2
3.160000E-8	2.546474E-2
3.165000E-8	2.546988E-2
3.170000E-8	2.551099E-2
3.175000E-8	2.557608E-2
3.180000E-8	2.564631E-2
3.185000E-8	2.571826E-2
3.190000E-8	2.576279E-2
3.195000E-8	2.574395E-2
3.200000E-8	2.569256E-2
3.205000E-8	2.566344E-2
3.210000E-8	2.564631E-2
3.215000E-8	2.558979E-2
3.220000E-8	2.551099E-2
3.225000E-8	2.542534E-2
3.230000E-8	2.531400E-2
3.235000E-8	2.519238E-2
3.240000E-8	2.509132E-2
3.245000E-8	2.501937E-2
3.250000E-8	2.496627E-2
3.255000E-8	2.495942E-2
3.260000E-8	2.497826E-2
3.265000E-8	2.497484E-2
3.270000E-8	2.495942E-2
3.275000E-8	2.497484E-2
3.280000E-8	2.499539E-2
3.285000E-8	2.497826E-2
3.290000E-8	2.492859E-2
3.295000E-8	2.483780E-2
3.300000E-8	2.469563E-2
3.305000E-8	2.451919E-2
3.310000E-8	2.432905E-2
3.315000E-8	2.411494E-2
3.320000E-8	2.391109E-2
3.325000E-8	2.376892E-2
3.330000E-8	2.367642E-2
3.335000E-8	2.360790E-2
3.340000E-8	2.359591E-2
3.345000E-8	2.363360E-2
3.350000E-8	2.368499E-2
3.355000E-8	2.377406E-2
3.360000E-8	2.392137E-2
3.365000E-8	2.407554E-2
3.370000E-8	2.418003E-2
3.375000E-8	2.424512E-2
3.380000E-8	2.424683E-2
3.385000E-8	2.415776E-2
3.390000E-8	2.402929E-2
3.395000E-8	2.392994E-2
3.400000E-8	2.383401E-2
3.405000E-8	2.371924E-2
3.410000E-8	2.361647E-2
3.415000E-8	2.356508E-2
3.420000E-8	2.355138E-2
3.425000E-8	2.357193E-2
3.430000E-8	2.360276E-2
3.435000E-8	2.361647E-2
3.440000E-8	2.362332E-2
3.445000E-8	2.362161E-2
3.450000E-8	2.358221E-2
3.455000E-8	2.350684E-2
3.460000E-8	2.342976E-2
3.465000E-8	2.335952E-2
3.470000E-8	2.327045E-2
3.475000E-8	2.317281E-2
3.480000E-8	2.306147E-2
3.485000E-8	2.294156E-2
3.490000E-8	2.285763E-2
3.495000E-8	2.282337E-2
3.500000E-8	2.279425E-2
3.505000E-8	2.276171E-2
3.510000E-8	2.275828E-2
3.515000E-8	2.276513E-2
3.520000E-8	2.277027E-2
3.525000E-8	2.279939E-2
3.530000E-8	2.286448E-2
3.535000E-8	2.290388E-2
3.540000E-8	2.291930E-2
3.545000E-8	2.295527E-2
3.550000E-8	2.297069E-2
3.555000E-8	2.295184E-2
3.560000E-8	2.296383E-2
3.565000E-8	2.301693E-2
3.570000E-8	2.305633E-2
3.575000E-8	2.308545E-2
3.580000E-8	2.314369E-2
3.585000E-8	2.320707E-2
3.590000E-8	2.324990E-2
3.595000E-8	2.327216E-2
3.600000E-8	2.327045E-2
3.605000E-8	2.322934E-2
3.610000E-8	2.316082E-2
3.615000E-8	2.308031E-2
3.620000E-8	2.299981E-2
3.625000E-8	2.292615E-2
3.630000E-8	2.282851E-2
3.635000E-8	2.269147E-2
3.640000E-8	2.256643E-2
3.645000E-8	2.249448E-2
3.650000E-8	2.243796E-2
3.655000E-8	2.240370E-2
3.660000E-8	2.241055E-2
3.665000E-8	2.244138E-2
3.670000E-8	2.245680E-2
3.675000E-8	2.243967E-2
3.680000E-8	2.241055E-2
3.685000E-8	2.237800E-2
3.690000E-8	2.236430E-2
3.695000E-8	2.237287E-2
3.700000E-8	2.238314E-2
3.705000E-8	2.236601E-2
3.710000E-8	2.232148E-2
3.715000E-8	2.227351E-2
3.720000E-8	2.222898E-2
3.725000E-8	2.217930E-2
3.730000E-8	2.211592E-2
3.735000E-8	2.204398E-2
3.740000E-8	2.195491E-2
3.745000E-8	2.184356E-2
3.750000E-8	2.172023E-2
3.755000E-8	2.161232E-2
3.760000E-8	2.155921E-2
3.765000E-8	2.156264E-2
3.770000E-8	2.157806E-2
3.775000E-8	2.157806E-2
3.780000E-8	2.159005E-2
3.785000E-8	2.161745E-2
3.790000E-8	2.164829E-2
3.795000E-8	2.167912E-2
3.800000E-8	2.170139E-2
3.805000E-8	2.168769E-2
3.810000E-8	2.162945E-2
3.815000E-8	2.153695E-2
3.820000E-8	2.143074E-2
3.825000E-8	2.133139E-2
3.830000E-8	2.125431E-2
3.835000E-8	2.120292E-2
3.840000E-8	2.118065E-2
3.845000E-8	2.121834E-2
3.850000E-8	2.129713E-2
3.855000E-8	2.137079E-2
3.860000E-8	2.145130E-2
3.865000E-8	2.156093E-2
3.870000E-8	2.166713E-2
3.875000E-8	2.172023E-2
3.880000E-8	2.172880E-2
3.885000E-8	2.172366E-2
3.890000E-8	2.169625E-2
3.895000E-8	2.162773E-2
3.900000E-8	2.152667E-2
3.905000E-8	2.142047E-2
3.910000E-8	2.130741E-2
3.915000E-8	2.118065E-2
3.920000E-8	2.102477E-2
3.925000E-8	2.083464E-2
3.930000E-8	2.063936E-2
3.935000E-8	2.048177E-2
3.940000E-8	2.037043E-2
3.945000E-8	2.030362E-2
3.950000E-8	2.028649E-2
3.955000E-8	2.031561E-2
3.960000E-8	2.037557E-2
3.965000E-8	2.045436E-2
3.970000E-8	2.053144E-2
3.975000E-8	2.059311E-2
3.980000E-8	2.063765E-2
3.985000E-8	2.064621E-2
3.990000E-8	2.060510E-2
3.995000E-8	2.052459E-2
4.000000E-8	2.042182E-2
4.005000E-8	2.029506E-2
4.010000E-8	2.012890E-2
4.015000E-8	1.996446E-2
4.020000E-8	1.983427E-2
4.025000E-8	1.976062E-2
4.030000E-8	1.975376E-2
4.035000E-8	1.978631E-2
4.040000E-8	1.985825E-2
4.045000E-8	1.995932E-2
4.050000E-8	2.005696E-2
4.055000E-8	2.013061E-2
4.060000E-8	2.019399E-2
4.065000E-8	2.026422E-2
4.070000E-8	2.030705E-2
4.075000E-8	2.031219E-2
4.080000E-8	2.027450E-2
4.085000E-8	2.020598E-2
4.090000E-8	2.011862E-2
4.095000E-8	2.000899E-2
4.100000E-8	1.989080E-2
4.105000E-8	1.976918E-2
4.110000E-8	1.966469E-2
4.115000E-8	1.955849E-2
4.120000E-8	1.942317E-2
4.125000E-8	1.928613E-2
4.130000E-8	1.920219E-2
4.135000E-8	1.917650E-2
4.140000E-8	1.917479E-2
4.145000E-8	1.918507E-2
4.150000E-8	1.922446E-2
4.155000E-8	1.929127E-2
4.160000E-8	1.936150E-2
4.165000E-8	1.943344E-2
4.170000E-8	1.949854E-2
4.175000E-8	1.955335E-2
4.180000E-8	1.959446E-2
4.185000E-8	1.962015E-2
4.190000E-8	1.960645E-2
4.195000E-8	1.956705E-2
4.200000E-8	1.952937E-2
4.205000E-8	1.945914E-2
4.210000E-8	1.934951E-2
4.215000E-8	1.925701E-2
4.220000E-8	1.918678E-2
4.225000E-8	1.910456E-2
4.230000E-8	1.901548E-2
4.235000E-8	1.894354E-2
4.240000E-8	1.888187E-2
4.245000E-8	1.882192E-2
4.250000E-8	1.879109E-2
4.255000E-8	1.877910E-2
4.260000E-8	1.875854E-2
4.265000E-8	1.874826E-2
4.270000E-8	1.879109E-2
4.275000E-8	1.884590E-2
4.280000E-8	1.888016E-2
4.285000E-8	1.891613E-2
4.290000E-8	1.896581E-2
4.295000E-8	1.901206E-2
4.300000E-8	1.903604E-2
4.305000E-8	1.903775E-2
4.310000E-8	1.903433E-2
4.315000E-8	1.904118E-2
4.320000E-8	1.904632E-2
4.325000E-8	1.903604E-2
4.330000E-8	1.903946E-2
4.335000E-8	1.905659E-2
4.340000E-8	1.909599E-2
4.345000E-8	1.913539E-2
4.350000E-8	1.915252E-2
4.355000E-8	1.914567E-2
4.360000E-8	1.914909E-2
4.365000E-8	1.914567E-2
4.370000E-8	1.911141E-2
4.375000E-8	1.904289E-2
4.380000E-8	1.894697E-2
4.385000E-8	1.882877E-2
4.390000E-8	1.869859E-2
4.395000E-8	1.857354E-2
4.400000E-8	1.845535E-2
4.405000E-8	1.836114E-2
4.410000E-8	1.829947E-2
4.415000E-8	1.823609E-2
4.420000E-8	1.816072E-2
4.425000E-8	1.810591E-2
4.430000E-8	1.807165E-2
4.435000E-8	1.802369E-2
4.440000E-8	1.796373E-2
4.445000E-8	1.793290E-2
4.450000E-8	1.792433E-2
4.455000E-8	1.790892E-2
4.460000E-8	1.788665E-2
4.465000E-8	1.787980E-2
4.470000E-8	1.787466E-2
4.475000E-8	1.787980E-2
4.480000E-8	1.791920E-2
4.485000E-8	1.798086E-2
4.490000E-8	1.804595E-2
4.495000E-8	1.810591E-2
4.500000E-8	1.816757E-2
4.505000E-8	1.820868E-2
4.510000E-8	1.823267E-2
4.515000E-8	1.824637E-2
4.520000E-8	1.826521E-2
4.525000E-8	1.828577E-2
4.530000E-8	1.827891E-2
4.535000E-8	1.822581E-2
4.540000E-8	1.814530E-2
4.545000E-8	1.806651E-2
4.550000E-8	1.797058E-2
4.555000E-8	1.786952E-2
4.560000E-8	1.776846E-2
4.565000E-8	1.767767E-2
4.570000E-8	1.760573E-2
4.575000E-8	1.757147E-2
4.580000E-8	1.756119E-2
4.585000E-8	1.756975E-2
4.590000E-8	1.762286E-2
4.595000E-8	1.771022E-2
4.600000E-8	1.779758E-2
4.605000E-8	1.786609E-2
4.610000E-8	1.790720E-2
4.615000E-8	1.791577E-2
4.620000E-8	1.790549E-2
4.625000E-8	1.789350E-2
4.630000E-8	1.785924E-2
4.635000E-8	1.779758E-2
4.640000E-8	1.773248E-2
4.645000E-8	1.767938E-2
4.650000E-8	1.760915E-2
4.655000E-8	1.752522E-2
4.660000E-8	1.745327E-2
4.665000E-8	1.737962E-2
4.670000E-8	1.727684E-2
4.675000E-8	1.715865E-2
4.680000E-8	1.706272E-2
4.685000E-8	1.699592E-2
4.690000E-8	1.691027E-2
4.695000E-8	1.681777E-2
4.700000E-8	1.673383E-2
4.705000E-8	1.666360E-2
4.710000E-8	1.660365E-2
4.715000E-8	1.657453E-2
4.720000E-8	1.658309E-2
4.725000E-8	1.660879E-2
4.730000E-8	1.661907E-2
4.735000E-8	1.661221E-2
4.740000E-8	1.661050E-2
4.745000E-8	1.663791E-2
4.750000E-8	1.666532E-2
4.755000E-8	1.667559E-2
4.760000E-8	1.668587E-2
4.765000E-8	1.670985E-2
4.770000E-8	1.672527E-2
4.775000E-8	1.673041E-2
4.780000E-8	1.674925E-2
4.785000E-8	1.678008E-2
4.790000E-8	1.680406E-2
4.795000E-8	1.681434E-2
4.800000E-8	1.681606E-2
4.805000E-8	1.680920E-2
4.810000E-8	1.678865E-2
4.815000E-8	1.675439E-2
4.820000E-8	1.670300E-2
4.825000E-8	1.664819E-2
4.830000E-8	1.660708E-2
4.835000E-8	1.656083E-2
4.840000E-8	1.650772E-2
4.845000E-8	1.645976E-2
4.850000E-8	1.644092E-2
4.855000E-8	1.645634E-2
4.860000E-8	1.648717E-2
4.865000E-8	1.651115E-2
4.870000E-8	1.651458E-2
4.875000E-8	1.649060E-2
4.880000E-8	1.643578E-2
4.885000E-8	1.635013E-2
4.890000E-8	1.625763E-2
4.895000E-8	1.617541E-2
4.900000E-8	1.610176E-2
4.905000E-8	1.605379E-2
4.910000E-8	1.601268E-2
4.915000E-8	1.595444E-2
4.920000E-8	1.587736E-2
4.925000E-8	1.583625E-2
4.930000E-8	1.584481E-2
4.935000E-8	1.587222E-2
4.940000E-8	1.590305E-2
4.945000E-8	1.592875E-2
4.950000E-8	1.593731E-2
4.955000E-8	1.594245E-2
4.960000E-8	1.598356E-2
4.965000E-8	1.606750E-2
4.970000E-8	1.614629E-2
4.975000E-8	1.621138E-2
4.980000E-8	1.630046E-2
4.985000E-8	1.640323E-2
4.990000E-8	1.648717E-2
4.995000E-8	1.654198E-2
5.000000E-8	1.655740E-2
5.005000E-8	1.652485E-2
5.010000E-8	1.645291E-2
5.015000E-8	1.636726E-2
5.020000E-8	1.628675E-2
5.025000E-8	1.621995E-2
5.030000E-8	1.618740E-2
5.035000E-8	1.618740E-2
5.040000E-8	1.621310E-2
5.045000E-8	1.625421E-2
5.050000E-8	1.628847E-2
5.055000E-8	1.631759E-2
5.060000E-8	1.636384E-2
5.065000E-8	1.641694E-2
5.070000E-8	1.646319E-2
5.075000E-8	1.649745E-2
5.080000E-8	1.649916E-2
5.085000E-8	1.647689E-2
5.090000E-8	1.643235E-2
5.095000E-8	1.635185E-2
5.100000E-8	1.623365E-2
5.105000E-8	1.609490E-2
5.110000E-8	1.594074E-2
5.115000E-8	1.575745E-2
5.120000E-8	1.558616E-2
5.125000E-8	1.545769E-2
5.130000E-8	1.533778E-2
5.135000E-8	1.520417E-2
5.140000E-8	1.510139E-2
5.145000E-8	1.505343E-2
5.150000E-8	1.502260E-2
5.155000E-8	1.499519E-2
5.160000E-8	1.497463E-2
5.165000E-8	1.496093E-2
5.170000E-8	1.497121E-2
5.175000E-8	1.501403E-2
5.180000E-8	1.509625E-2
5.185000E-8	1.520931E-2
5.190000E-8	1.532921E-2
5.195000E-8	1.541658E-2
5.200000E-8	1.547824E-2
5.205000E-8	1.552792E-2
5.210000E-8	1.554505E-2
5.215000E-8	1.550565E-2
5.220000E-8	1.544570E-2
5.225000E-8	1.538574E-2
5.230000E-8	1.529496E-2
5.235000E-8	1.518875E-2
5.240000E-8	1.511510E-2
5.245000E-8	1.504487E-2
5.250000E-8	1.495579E-2
5.255000E-8	1.486329E-2
5.260000E-8	1.477764E-2
5.265000E-8	1.467316E-2
5.270000E-8	1.456524E-2
5.275000E-8	1.448302E-2
5.280000E-8	1.442306E-2
5.285000E-8	1.439566E-2
5.290000E-8	1.442820E-2
5.295000E-8	1.448987E-2
5.300000E-8	1.453612E-2
5.305000E-8	1.459093E-2
5.310000E-8	1.468343E-2
5.315000E-8	1.475880E-2
5.320000E-8	1.479477E-2
5.325000E-8	1.483246E-2
5.330000E-8	1.487528E-2
5.335000E-8	1.488385E-2
5.340000E-8	1.485473E-2
5.345000E-8	1.482389E-2
5.350000E-8	1.478278E-2
5.355000E-8	1.471427E-2
5.360000E-8	1.462862E-2
5.365000E-8	1.453098E-2
5.370000E-8	1.442992E-2
5.375000E-8	1.433057E-2
5.380000E-8	1.422265E-2
5.385000E-8	1.411816E-2
5.390000E-8	1.405649E-2
5.395000E-8	1.404793E-2
5.400000E-8	1.404793E-2
5.405000E-8	1.405649E-2
5.410000E-8	1.409589E-2
5.415000E-8	1.416270E-2
5.420000E-8	1.422608E-2
5.425000E-8	1.427746E-2
5.430000E-8	1.432885E-2
5.435000E-8	1.438538E-2
5.440000E-8	1.442478E-2
5.445000E-8	1.443163E-2
5.450000E-8	1.442478E-2
5.455000E-8	1.442992E-2
5.460000E-8	1.441107E-2
5.465000E-8	1.436654E-2
5.470000E-8	1.431001E-2
5.475000E-8	1.424492E-2
5.480000E-8	1.417469E-2
5.485000E-8	1.411131E-2
5.490000E-8	1.405649E-2
5.495000E-8	1.401024E-2
5.500000E-8	1.397085E-2
5.505000E-8	1.393145E-2
5.510000E-8	1.388349E-2
5.515000E-8	1.382182E-2
5.520000E-8	1.374645E-2
5.525000E-8	1.366423E-2
5.530000E-8	1.362140E-2
5.535000E-8	1.364025E-2
5.540000E-8	1.367964E-2
5.545000E-8	1.370363E-2
5.550000E-8	1.373788E-2
5.555000E-8	1.377900E-2
5.560000E-8	1.380126E-2
5.565000E-8	1.381668E-2
5.570000E-8	1.383552E-2
5.575000E-8	1.386464E-2
5.580000E-8	1.391946E-2
5.585000E-8	1.397941E-2
5.590000E-8	1.400168E-2
5.595000E-8	1.398969E-2
5.600000E-8	1.398112E-2
5.605000E-8	1.397770E-2
5.610000E-8	1.396057E-2
5.615000E-8	1.393145E-2
5.620000E-8	1.389548E-2
5.625000E-8	1.385094E-2
5.630000E-8	1.379784E-2
5.635000E-8	1.372247E-2
5.640000E-8	1.362826E-2
5.645000E-8	1.354775E-2
5.650000E-8	1.350150E-2
5.655000E-8	1.347580E-2
5.660000E-8	1.346210E-2
5.665000E-8	1.345696E-2
5.670000E-8	1.347409E-2
5.675000E-8	1.351349E-2
5.680000E-8	1.357002E-2
5.685000E-8	1.363168E-2
5.690000E-8	1.368650E-2
5.695000E-8	1.371733E-2
5.700000E-8	1.374131E-2
5.705000E-8	1.379099E-2
5.710000E-8	1.385608E-2
5.715000E-8	1.390404E-2
5.720000E-8	1.393316E-2
5.725000E-8	1.396057E-2
5.730000E-8	1.398112E-2
5.735000E-8	1.399140E-2
5.740000E-8	1.399654E-2
5.745000E-8	1.399997E-2
5.750000E-8	1.399997E-2
5.755000E-8	1.397770E-2
5.760000E-8	1.391432E-2
5.765000E-8	1.382867E-2
5.770000E-8	1.373103E-2
5.775000E-8	1.362826E-2
5.780000E-8	1.351863E-2
5.785000E-8	1.343812E-2
5.790000E-8	1.338330E-2
5.795000E-8	1.333192E-2
5.800000E-8	1.325826E-2
5.805000E-8	1.317261E-2
5.810000E-8	1.310923E-2
5.815000E-8	1.305956E-2
5.820000E-8	1.297733E-2
5.825000E-8	1.288655E-2
5.830000E-8	1.283687E-2
5.835000E-8	1.280775E-2
5.840000E-8	1.276493E-2
5.845000E-8	1.274095E-2
5.850000E-8	1.274609E-2
5.855000E-8	1.274437E-2
5.860000E-8	1.272382E-2
5.865000E-8	1.271868E-2
5.870000E-8	1.272382E-2
5.875000E-8	1.271525E-2
5.880000E-8	1.268613E-2
5.885000E-8	1.264845E-2
5.890000E-8	1.260049E-2
5.895000E-8	1.257137E-2
5.900000E-8	1.254567E-2
5.905000E-8	1.251141E-2
5.910000E-8	1.248229E-2
5.915000E-8	1.247715E-2
5.920000E-8	1.248743E-2
5.925000E-8	1.252169E-2
5.930000E-8	1.258678E-2
5.935000E-8	1.266900E-2
5.940000E-8	1.275979E-2
5.945000E-8	1.287798E-2
5.950000E-8	1.301845E-2
5.955000E-8	1.315377E-2
5.960000E-8	1.327196E-2
5.965000E-8	1.338502E-2
5.970000E-8	1.347923E-2
5.975000E-8	1.353747E-2
5.980000E-8	1.356145E-2
5.985000E-8	1.357173E-2
5.990000E-8	1.355460E-2
5.995000E-8	1.348437E-2
6.000000E-8	1.337474E-2
6.005000E-8	1.325655E-2
6.010000E-8	1.311094E-2
6.015000E-8	1.293108E-2
6.020000E-8	1.274266E-2
6.025000E-8	1.256794E-2
6.030000E-8	1.242063E-2
6.035000E-8	1.232984E-2
6.040000E-8	1.230415E-2
6.045000E-8	1.231785E-2
6.050000E-8	1.236581E-2
6.055000E-8	1.246345E-2
6.060000E-8	1.258507E-2
6.065000E-8	1.270498E-2
6.070000E-8	1.280947E-2
6.075000E-8	1.287627E-2
6.080000E-8	1.286257E-2
6.085000E-8	1.277521E-2
6.090000E-8	1.264674E-2
6.095000E-8	1.248572E-2
6.100000E-8	1.229729E-2
6.105000E-8	1.209688E-2
6.110000E-8	1.190331E-2
6.115000E-8	1.174401E-2
6.120000E-8	1.165322E-2
6.125000E-8	1.161725E-2
6.130000E-8	1.164295E-2
6.135000E-8	1.173545E-2
6.140000E-8	1.186734E-2
6.145000E-8	1.201637E-2
6.150000E-8	1.218081E-2
6.155000E-8	1.233327E-2
6.160000E-8	1.243776E-2
6.165000E-8	1.247887E-2
6.170000E-8	1.248229E-2
6.175000E-8	1.245317E-2
6.180000E-8	1.237951E-2
6.185000E-8	1.228359E-2
6.190000E-8	1.220651E-2
6.195000E-8	1.212257E-2
6.200000E-8	1.202151E-2
6.205000E-8	1.195470E-2
6.210000E-8	1.194956E-2
6.215000E-8	1.196669E-2
6.220000E-8	1.198554E-2
6.225000E-8	1.201294E-2
6.230000E-8	1.203864E-2
6.235000E-8	1.203350E-2
6.240000E-8	1.201980E-2
6.245000E-8	1.201980E-2
6.250000E-8	1.201808E-2
6.255000E-8	1.199068E-2
6.260000E-8	1.194271E-2
6.265000E-8	1.188790E-2
6.270000E-8	1.183822E-2
6.275000E-8	1.180910E-2
6.280000E-8	1.180568E-2
6.285000E-8	1.182966E-2
6.290000E-8	1.188619E-2
6.295000E-8	1.195984E-2
6.300000E-8	1.203521E-2
6.305000E-8	1.210544E-2
6.310000E-8	1.216368E-2
6.315000E-8	1.220993E-2
6.320000E-8	1.223734E-2
6.325000E-8	1.222878E-2
6.330000E-8	1.218766E-2
6.335000E-8	1.211572E-2
6.340000E-8	1.204035E-2
6.345000E-8	1.198040E-2
6.350000E-8	1.191873E-2
6.355000E-8	1.182281E-2
6.360000E-8	1.171489E-2
6.365000E-8	1.164637E-2
6.370000E-8	1.162068E-2
6.375000E-8	1.160526E-2
6.380000E-8	1.159670E-2
6.385000E-8	1.161725E-2
6.390000E-8	1.166008E-2
6.395000E-8	1.170119E-2
6.400000E-8	1.172346E-2
6.405000E-8	1.174401E-2
6.410000E-8	1.175258E-2
6.415000E-8	1.172859E-2
6.420000E-8	1.167378E-2
6.425000E-8	1.163096E-2
6.430000E-8	1.158299E-2
6.435000E-8	1.149221E-2
6.440000E-8	1.138772E-2
6.445000E-8	1.129522E-2
6.450000E-8	1.119073E-2
6.455000E-8	1.108281E-2
6.460000E-8	1.100402E-2
6.465000E-8	1.095605E-2
6.470000E-8	1.093207E-2
6.475000E-8	1.095263E-2
6.480000E-8	1.099545E-2
6.485000E-8	1.103828E-2
6.490000E-8	1.110165E-2
6.495000E-8	1.119415E-2
6.500000E-8	1.129693E-2
6.505000E-8	1.140485E-2
6.510000E-8	1.150762E-2
6.515000E-8	1.154873E-2
6.520000E-8	1.149735E-2
6.525000E-8	1.137573E-2
6.530000E-8	1.123184E-2
6.535000E-8	1.108281E-2
6.540000E-8	1.092179E-2
6.545000E-8	1.074536E-2
6.550000E-8	1.059633E-2
6.555000E-8	1.051583E-2
6.560000E-8	1.051583E-2
6.565000E-8	1.058606E-2
6.570000E-8	1.070768E-2
6.575000E-8	1.085499E-2
6.580000E-8	1.100059E-2
6.585000E-8	1.113420E-2
6.590000E-8	1.125239E-2
6.595000E-8	1.134661E-2
6.600000E-8	1.140656E-2
6.605000E-8	1.142883E-2
6.610000E-8	1.142369E-2
6.615000E-8	1.139971E-2
6.620000E-8	1.134832E-2
6.625000E-8	1.128665E-2
6.630000E-8	1.123184E-2
6.635000E-8	1.119929E-2
6.640000E-8	1.118559E-2
6.645000E-8	1.119415E-2
6.650000E-8	1.122670E-2
6.655000E-8	1.125411E-2
6.660000E-8	1.125925E-2
6.665000E-8	1.123869E-2
6.670000E-8	1.119415E-2
6.675000E-8	1.113763E-2
6.680000E-8	1.109652E-2
6.685000E-8	1.105540E-2
6.690000E-8	1.101943E-2
6.695000E-8	1.100059E-2
6.700000E-8	1.100230E-2
6.705000E-8	1.099888E-2
6.710000E-8	1.098346E-2
6.715000E-8	1.097832E-2
6.720000E-8	1.098175E-2
6.725000E-8	1.098175E-2
6.730000E-8	1.097147E-2
6.735000E-8	1.094920E-2
6.740000E-8	1.090809E-2
6.745000E-8	1.084300E-2
6.750000E-8	1.077448E-2
6.755000E-8	1.071110E-2
6.760000E-8	1.063573E-2
6.765000E-8	1.055351E-2
6.770000E-8	1.050041E-2
6.775000E-8	1.048157E-2
6.780000E-8	1.047129E-2
6.785000E-8	1.044731E-2
6.790000E-8	1.043360E-2
6.795000E-8	1.044217E-2
6.800000E-8	1.044731E-2
6.805000E-8	1.044731E-2
6.810000E-8	1.046444E-2
6.815000E-8	1.049184E-2
6.820000E-8	1.050897E-2
6.825000E-8	1.052268E-2
6.830000E-8	1.055351E-2
6.835000E-8	1.058434E-2
6.840000E-8	1.059976E-2
6.845000E-8	1.062203E-2
6.850000E-8	1.065971E-2
6.855000E-8	1.068198E-2
6.860000E-8	1.069055E-2
6.865000E-8	1.070082E-2
6.870000E-8	1.071624E-2
6.875000E-8	1.073166E-2
6.880000E-8	1.076934E-2
6.885000E-8	1.082930E-2
6.890000E-8	1.086527E-2
6.895000E-8	1.086869E-2
6.900000E-8	1.084129E-2
6.905000E-8	1.079675E-2
6.910000E-8	1.072309E-2
6.915000E-8	1.062032E-2
6.920000E-8	1.050041E-2
6.925000E-8	1.037365E-2
6.930000E-8	1.025203E-2
6.935000E-8	1.015439E-2
6.940000E-8	1.008245E-2
6.945000E-8	1.002592E-2
6.950000E-8	9.996801E-3
6.955000E-8	9.996801E-3
6.960000E-8	9.991663E-3
6.965000E-8	9.953978E-3
6.970000E-8	9.923145E-3
6.975000E-8	9.914580E-3
6.980000E-8	9.900876E-3
6.985000E-8	9.871756E-3
6.990000E-8	9.852914E-3
6.995000E-8	9.842636E-3
7.000000E-8	9.834071E-3
7.005000E-8	9.854627E-3
7.010000E-8	9.887173E-3
7.015000E-8	9.938561E-3
7.020000E-8	1.001222E-2
7.025000E-8	1.010814E-2
7.030000E-8	1.018694E-2
7.035000E-8	1.024347E-2
7.040000E-8	1.031541E-2
7.045000E-8	1.035995E-2
7.050000E-8	1.034282E-2
7.055000E-8	1.030342E-2
7.060000E-8	1.024004E-2
7.065000E-8	1.012699E-2
7.070000E-8	9.998514E-3
7.075000E-8	9.899163E-3
7.080000E-8	9.799812E-3
7.085000E-8	9.693609E-3
7.090000E-8	9.616526E-3
7.095000E-8	9.565138E-3
7.100000E-8	9.501759E-3
7.105000E-8	9.453796E-3
7.110000E-8	9.443519E-3
7.115000E-8	9.438380E-3
7.120000E-8	9.428102E-3
7.125000E-8	9.443519E-3
7.130000E-8	9.489768E-3
7.135000E-8	9.544583E-3
7.140000E-8	9.607962E-3
7.145000E-8	9.671341E-3
7.150000E-8	9.733007E-3
7.155000E-8	9.798099E-3
7.160000E-8	9.844349E-3
7.165000E-8	9.852914E-3
7.170000E-8	9.842636E-3
7.175000E-8	9.840923E-3
7.180000E-8	9.827219E-3
7.185000E-8	9.811803E-3
7.190000E-8	9.799812E-3
7.195000E-8	9.775831E-3
7.200000E-8	9.719303E-3
7.205000E-8	9.643934E-3
7.210000E-8	9.568564E-3
7.215000E-8	9.489768E-3
7.220000E-8	9.392130E-3
7.225000E-8	9.287640E-3
7.230000E-8	9.188289E-3
7.235000E-8	9.102641E-3
7.240000E-8	9.037549E-3
7.245000E-8	8.986161E-3
7.250000E-8	8.943337E-3
7.255000E-8	8.934772E-3
7.260000E-8	8.986161E-3
7.265000E-8	9.070095E-3
7.270000E-8	9.162595E-3
7.275000E-8	9.294492E-3
7.280000E-8	9.464074E-3
7.285000E-8	9.633656E-3
7.290000E-8	9.772405E-3
7.295000E-8	9.894024E-3
7.300000E-8	9.977959E-3
7.305000E-8	1.002250E-2
7.310000E-8	1.003106E-2
7.315000E-8	1.000023E-2
7.320000E-8	9.921432E-3
7.325000E-8	9.828932E-3
7.330000E-8	9.703887E-3
7.335000E-8	9.532592E-3
7.340000E-8	9.351019E-3
7.345000E-8	9.198567E-3
7.350000E-8	9.082086E-3
7.355000E-8	9.016994E-3
7.360000E-8	9.006716E-3
7.365000E-8	9.051253E-3
7.370000E-8	9.157456E-3
7.375000E-8	9.315047E-3
7.380000E-8	9.470926E-3
7.385000E-8	9.628517E-3
7.390000E-8	9.816942E-3
7.395000E-8	9.984811E-3
7.400000E-8	1.004990E-2
7.405000E-8	1.002592E-2
7.410000E-8	9.988237E-3
7.415000E-8	9.940274E-3
7.420000E-8	9.888886E-3
7.425000E-8	9.847775E-3
7.430000E-8	9.804951E-3
7.435000E-8	9.756988E-3
7.440000E-8	9.743285E-3
7.445000E-8	9.763840E-3
7.450000E-8	9.782683E-3
7.455000E-8	9.777544E-3
7.460000E-8	9.751850E-3
7.465000E-8	9.712452E-3
7.470000E-8	9.640508E-3
7.475000E-8	9.530879E-3
7.480000E-8	9.393843E-3
7.485000E-8	9.253381E-3
7.490000E-8	9.138613E-3
7.495000E-8	9.076947E-3
7.500000E-8	9.054679E-3
7.505000E-8	9.061531E-3
7.510000E-8	9.094077E-3
7.515000E-8	9.164308E-3
7.520000E-8	9.267085E-3
7.525000E-8	9.376713E-3
7.530000E-8	9.448657E-3
7.535000E-8	9.460648E-3
7.540000E-8	9.409260E-3
7.545000E-8	9.301344E-3
7.550000E-8	9.140326E-3
7.555000E-8	8.936485E-3
7.560000E-8	8.710376E-3
7.565000E-8	8.499683E-3
7.570000E-8	8.333527E-3
7.575000E-8	8.220472E-3
7.580000E-8	8.160519E-3
7.585000E-8	8.155380E-3
7.590000E-8	8.208482E-3
7.595000E-8	8.306120E-3
7.600000E-8	8.427739E-3
7.605000E-8	8.556210E-3
7.610000E-8	8.676117E-3
7.615000E-8	8.789172E-3
7.620000E-8	8.897087E-3
7.625000E-8	8.987874E-3
7.630000E-8	9.049540E-3
7.635000E-8	9.107780E-3
7.640000E-8	9.174585E-3
7.645000E-8	9.246529E-3
7.650000E-8	9.327038E-3
7.655000E-8	9.424676E-3
7.660000E-8	9.524027E-3
7.665000E-8	9.604536E-3
7.670000E-8	9.676480E-3
7.675000E-8	9.726155E-3
7.680000E-8	9.729581E-3
7.685000E-8	9.690183E-3
7.690000E-8	9.616526E-3
7.695000E-8	9.501759E-3
7.700000E-8	9.345880E-3
7.705000E-8	9.159169E-3
7.710000E-8	8.946763E-3
7.715000E-8	8.715515E-3
7.720000E-8	8.499683E-3
7.725000E-8	8.312971E-3
7.730000E-8	8.162232E-3
7.735000E-8	8.040612E-3
7.740000E-8	7.965243E-3
7.745000E-8	7.954965E-3
7.750000E-8	8.018344E-3
7.755000E-8	8.139964E-3
7.760000E-8	8.288990E-3
7.765000E-8	8.475702E-3
7.770000E-8	8.703524E-3
7.775000E-8	8.957041E-3
7.780000E-8	9.196854E-3
7.785000E-8	9.426389E-3
7.790000E-8	9.621665E-3
7.795000E-8	9.753562E-3
7.800000E-8	9.816942E-3
7.805000E-8	9.806664E-3
7.810000E-8	9.709026E-3
7.815000E-8	9.530879E-3
7.820000E-8	9.308195E-3
7.825000E-8	9.059818E-3
7.830000E-8	8.802875E-3
7.835000E-8	8.551072E-3
7.840000E-8	8.316397E-3
7.845000E-8	8.124547E-3
7.850000E-8	7.987511E-3
7.855000E-8	7.903576E-3
7.860000E-8	7.874456E-3
7.865000E-8	7.912141E-3
7.870000E-8	7.984085E-3
7.875000E-8	8.047464E-3
7.880000E-8	8.086862E-3
7.885000E-8	8.134825E-3
7.890000E-8	8.196491E-3
7.895000E-8	8.249592E-3
7.900000E-8	8.271861E-3
7.905000E-8	8.280425E-3
7.910000E-8	8.304407E-3
7.915000E-8	8.338666E-3
7.920000E-8	8.366073E-3
7.925000E-8	8.391767E-3
7.930000E-8	8.410610E-3
7.935000E-8	8.419174E-3
7.940000E-8	8.432878E-3
7.945000E-8	8.470563E-3
7.950000E-8	8.509961E-3
7.955000E-8	8.492831E-3
7.960000E-8	8.431165E-3
7.965000E-8	8.376351E-3
7.970000E-8	8.321536E-3
7.975000E-8	8.239315E-3
7.980000E-8	8.143389E-3
7.985000E-8	8.076584E-3
7.990000E-8	8.049177E-3
7.995000E-8	8.049177E-3
8.000000E-8	8.061168E-3
8.005000E-8	8.081723E-3
8.010000E-8	8.105705E-3
8.015000E-8	8.133112E-3
8.020000E-8	8.169084E-3
8.025000E-8	8.199917E-3
8.030000E-8	8.230750E-3
8.035000E-8	8.273574E-3
8.040000E-8	8.318110E-3
8.045000E-8	8.338666E-3
8.050000E-8	8.338666E-3
8.055000E-8	8.336953E-3
8.060000E-8	8.328388E-3
8.065000E-8	8.304407E-3
8.070000E-8	8.273574E-3
8.075000E-8	8.235889E-3
8.080000E-8	8.208482E-3
8.085000E-8	8.217046E-3
8.090000E-8	8.239315E-3
8.095000E-8	8.239315E-3
8.100000E-8	8.220472E-3
8.105000E-8	8.208482E-3
8.110000E-8	8.208482E-3
8.115000E-8	8.222185E-3
8.120000E-8	8.234176E-3
8.125000E-8	8.230750E-3
8.130000E-8	8.222185E-3
8.135000E-8	8.234176E-3
8.140000E-8	8.271861E-3
8.145000E-8	8.318110E-3
8.150000E-8	8.383202E-3
8.155000E-8	8.468850E-3
8.160000E-8	8.557923E-3
8.165000E-8	8.641858E-3
8.170000E-8	8.713802E-3
8.175000E-8	8.784033E-3
8.180000E-8	8.820005E-3
8.185000E-8	8.802875E-3
8.190000E-8	8.753200E-3
8.195000E-8	8.691533E-3
8.200000E-8	8.612738E-3
8.205000E-8	8.527090E-3
8.210000E-8	8.479128E-3
8.215000E-8	8.479128E-3
8.220000E-8	8.477415E-3
8.225000E-8	8.461998E-3
8.230000E-8	8.463711E-3
8.235000E-8	8.494544E-3
8.240000E-8	8.544220E-3
8.245000E-8	8.580192E-3
8.250000E-8	8.571627E-3
8.255000E-8	8.504822E-3
8.260000E-8	8.366073E-3
8.265000E-8	8.186213E-3
8.270000E-8	8.001215E-3
8.275000E-8	7.824781E-3
8.280000E-8	7.632930E-3
8.285000E-8	7.475339E-3
8.290000E-8	7.394830E-3
8.295000E-8	7.357145E-3
8.300000E-8	7.357145E-3
8.305000E-8	7.430802E-3
8.310000E-8	7.559273E-3
8.315000E-8	7.698022E-3
8.320000E-8	7.853901E-3
8.325000E-8	8.013205E-3
8.330000E-8	8.119408E-3
8.335000E-8	8.157093E-3
8.340000E-8	8.160519E-3
8.345000E-8	8.138251E-3
8.350000E-8	8.078297E-3
8.355000E-8	7.985798E-3
8.360000E-8	7.876169E-3
8.365000E-8	7.781957E-3
8.370000E-8	7.727143E-3
8.375000E-8	7.694597E-3
8.380000E-8	7.682606E-3
8.385000E-8	7.706587E-3
8.390000E-8	7.744272E-3
8.395000E-8	7.759689E-3
8.400000E-8	7.771679E-3
8.405000E-8	7.792235E-3
8.410000E-8	7.778531E-3
8.415000E-8	7.696309E-3
8.420000E-8	7.583255E-3
8.425000E-8	7.470200E-3
8.430000E-8	7.345155E-3
8.435000E-8	7.211545E-3
8.440000E-8	7.113906E-3
8.445000E-8	7.072796E-3
8.450000E-8	7.059092E-3
8.455000E-8	7.067657E-3
8.460000E-8	7.120758E-3
8.465000E-8	7.216683E-3
8.470000E-8	7.326312E-3
8.475000E-8	7.435941E-3
8.480000E-8	7.542144E-3
8.485000E-8	7.644921E-3
8.490000E-8	7.725430E-3
8.495000E-8	7.768253E-3
8.500000E-8	7.766540E-3
8.505000E-8	7.751124E-3
8.510000E-8	7.715152E-3
8.515000E-8	7.650060E-3
8.520000E-8	7.574690E-3
8.525000E-8	7.502746E-3
8.530000E-8	7.418812E-3
8.535000E-8	7.310896E-3
8.540000E-8	7.206406E-3
8.545000E-8	7.119045E-3
8.550000E-8	7.062518E-3
8.555000E-8	7.045388E-3
8.560000E-8	7.069370E-3
8.565000E-8	7.107055E-3
8.570000E-8	7.165295E-3
8.575000E-8	7.226961E-3
8.580000E-8	7.268072E-3
8.585000E-8	7.298905E-3
8.590000E-8	7.341729E-3
8.595000E-8	7.358858E-3
8.600000E-8	7.312609E-3
8.605000E-8	7.228674E-3
8.610000E-8	7.172147E-3
8.615000E-8	7.151591E-3
8.620000E-8	7.144740E-3
8.625000E-8	7.173860E-3
8.630000E-8	7.257794E-3
8.635000E-8	7.382840E-3
8.640000E-8	7.528440E-3
8.645000E-8	7.686032E-3
8.650000E-8	7.840197E-3
8.655000E-8	7.941261E-3
8.660000E-8	7.975520E-3
8.665000E-8	7.949826E-3
8.670000E-8	7.859040E-3
8.675000E-8	7.713439E-3
8.680000E-8	7.566125E-3
8.685000E-8	7.411960E-3
8.690000E-8	7.216683E-3
8.695000E-8	7.016268E-3
8.700000E-8	6.868955E-3
8.705000E-8	6.766178E-3
8.710000E-8	6.687382E-3
8.715000E-8	6.642845E-3
8.720000E-8	6.635993E-3
8.725000E-8	6.671965E-3
8.730000E-8	6.759326E-3
8.735000E-8	6.879232E-3
8.740000E-8	7.012842E-3
8.745000E-8	7.153304E-3
8.750000E-8	7.283488E-3
8.755000E-8	7.369136E-3
8.760000E-8	7.406821E-3
8.765000E-8	7.429089E-3
8.770000E-8	7.423950E-3
8.775000E-8	7.379414E-3
8.780000E-8	7.292053E-3
8.785000E-8	7.185850E-3
8.790000E-8	7.055666E-3
8.795000E-8	6.903214E-3
8.800000E-8	6.766178E-3
8.805000E-8	6.654836E-3
8.810000E-8	6.572614E-3
8.815000E-8	6.528078E-3
8.820000E-8	6.514374E-3
8.825000E-8	6.507522E-3
8.830000E-8	6.510948E-3
8.835000E-8	6.533216E-3
8.840000E-8	6.579466E-3
8.845000E-8	6.637706E-3
8.850000E-8	6.711363E-3
8.855000E-8	6.783307E-3
8.860000E-8	6.838121E-3
8.865000E-8	6.860390E-3
8.870000E-8	6.844973E-3
8.875000E-8	6.797011E-3
8.880000E-8	6.735344E-3
8.885000E-8	6.659975E-3
8.890000E-8	6.564049E-3
8.895000E-8	6.462985E-3
8.900000E-8	6.387616E-3
8.905000E-8	6.346505E-3
8.910000E-8	6.343079E-3
8.915000E-8	6.384190E-3
8.920000E-8	6.474976E-3
8.925000E-8	6.606873E-3
8.930000E-8	6.754187E-3
8.935000E-8	6.901501E-3
8.940000E-8	7.033398E-3
8.945000E-8	7.132749E-3
8.950000E-8	7.167008E-3
8.955000E-8	7.148165E-3
8.960000E-8	7.091638E-3
8.965000E-8	6.992287E-3
8.970000E-8	6.838121E-3
8.975000E-8	6.663401E-3
8.980000E-8	6.481828E-3
8.985000E-8	6.303681E-3
8.990000E-8	6.185488E-3
8.995000E-8	6.142664E-3
9.000000E-8	6.151229E-3
9.005000E-8	6.212895E-3
9.010000E-8	6.363634E-3
9.015000E-8	6.584605E-3
9.020000E-8	6.831270E-3
9.025000E-8	7.076222E-3
9.030000E-8	7.290340E-3
9.035000E-8	7.435941E-3
9.040000E-8	7.518163E-3
9.045000E-8	7.542144E-3
9.050000E-8	7.502746E-3
9.055000E-8	7.413673E-3
9.060000E-8	7.297192E-3
9.065000E-8	7.156730E-3
9.070000E-8	7.012842E-3
9.075000E-8	6.884371E-3
9.080000E-8	6.790159E-3
9.085000E-8	6.738770E-3
9.090000E-8	6.711363E-3
9.095000E-8	6.699373E-3
9.100000E-8	6.702798E-3
9.105000E-8	6.721641E-3
9.110000E-8	6.754187E-3
9.115000E-8	6.774742E-3
9.120000E-8	6.745622E-3
9.125000E-8	6.663401E-3
9.130000E-8	6.565762E-3
9.135000E-8	6.464698E-3
9.140000E-8	6.346505E-3
9.145000E-8	6.214608E-3
9.150000E-8	6.087849E-3
9.155000E-8	5.983359E-3
9.160000E-8	5.914841E-3
9.165000E-8	5.882295E-3
9.170000E-8	5.885721E-3
9.175000E-8	5.935397E-3
9.180000E-8	6.021044E-3
9.185000E-8	6.111831E-3
9.190000E-8	6.195765E-3
9.195000E-8	6.277987E-3
9.200000E-8	6.348218E-3
9.205000E-8	6.373912E-3
9.210000E-8	6.356783E-3
9.215000E-8	6.291690E-3
9.220000E-8	6.202617E-3
9.225000E-8	6.134099E-3
9.230000E-8	6.094701E-3
9.235000E-8	6.038174E-3
9.240000E-8	5.990211E-3
9.245000E-8	5.997063E-3
9.250000E-8	6.045026E-3
9.255000E-8	6.094701E-3
9.260000E-8	6.187200E-3
9.265000E-8	6.343079E-3
9.270000E-8	6.505809E-3
9.275000E-8	6.630855E-3
9.280000E-8	6.723354E-3
9.285000E-8	6.771316E-3
9.290000E-8	6.762752E-3
9.295000E-8	6.711363E-3
9.300000E-8	6.613725E-3
9.305000E-8	6.454421E-3
9.310000E-8	6.272848E-3
9.315000E-8	6.125534E-3
9.320000E-8	6.043313E-3
9.325000E-8	5.985072E-3
9.330000E-8	5.952526E-3
9.335000E-8	5.969656E-3
9.340000E-8	6.019331E-3
9.345000E-8	6.069007E-3
9.350000E-8	6.104979E-3
9.355000E-8	6.132386E-3
9.360000E-8	6.118682E-3
9.365000E-8	6.058729E-3
9.370000E-8	6.002202E-3
9.375000E-8	5.949100E-3
9.380000E-8	5.897712E-3
9.385000E-8	5.870305E-3
9.390000E-8	5.878869E-3
9.395000E-8	5.890860E-3
9.400000E-8	5.911416E-3
9.405000E-8	5.955952E-3
9.410000E-8	6.026183E-3
9.415000E-8	6.082711E-3
9.420000E-8	6.094701E-3
9.425000E-8	6.045026E-3
9.430000E-8	5.943962E-3
9.435000E-8	5.822342E-3
9.440000E-8	5.707574E-3
9.445000E-8	5.589381E-3
9.450000E-8	5.466048E-3
9.455000E-8	5.359846E-3
9.460000E-8	5.303318E-3
9.465000E-8	5.303318E-3
9.470000E-8	5.363271E-3
9.475000E-8	5.481465E-3
9.480000E-8	5.628779E-3
9.485000E-8	5.786370E-3
9.490000E-8	5.931971E-3
9.495000E-8	6.060442E-3
9.500000E-8	6.144377E-3
9.505000E-8	6.185488E-3
9.510000E-8	6.185488E-3
9.515000E-8	6.151229E-3
9.520000E-8	6.098127E-3
9.525000E-8	6.039887E-3
9.530000E-8	5.974795E-3
9.535000E-8	5.906277E-3
9.540000E-8	5.836046E-3
9.545000E-8	5.782944E-3
9.550000E-8	5.731556E-3
9.555000E-8	5.685306E-3
9.560000E-8	5.640769E-3
9.565000E-8	5.601372E-3
9.570000E-8	5.539705E-3
9.575000E-8	5.462623E-3
9.580000E-8	5.387253E-3
9.585000E-8	5.329012E-3
9.590000E-8	5.310170E-3
9.595000E-8	5.337577E-3
9.600000E-8	5.394105E-3
9.605000E-8	5.460910E-3
9.610000E-8	5.543131E-3
9.615000E-8	5.632205E-3
9.620000E-8	5.707574E-3
9.625000E-8	5.774380E-3
9.630000E-8	5.846323E-3
9.635000E-8	5.907990E-3
9.640000E-8	5.945675E-3
9.645000E-8	5.959378E-3
9.650000E-8	5.961091E-3
9.655000E-8	5.931971E-3
9.660000E-8	5.860027E-3
9.665000E-8	5.770954E-3
9.670000E-8	5.676741E-3
9.675000E-8	5.580816E-3
9.680000E-8	5.493456E-3
9.685000E-8	5.436928E-3
9.690000E-8	5.407808E-3
9.695000E-8	5.402669E-3
9.700000E-8	5.443780E-3
9.705000E-8	5.555122E-3
9.710000E-8	5.716139E-3
9.715000E-8	5.919980E-3
9.720000E-8	6.147803E-3
9.725000E-8	6.375625E-3
9.730000E-8	6.581179E-3
9.735000E-8	6.737057E-3
9.740000E-8	6.809001E-3
9.745000E-8	6.762752E-3
9.750000E-8	6.622290E-3
9.755000E-8	6.425301E-3
9.760000E-8	6.183775E-3
9.765000E-8	5.926832E-3
9.770000E-8	5.681880E-3
9.775000E-8	5.462623E-3
9.780000E-8	5.287902E-3
9.785000E-8	5.161143E-3
9.790000E-8	5.070357E-3
9.795000E-8	5.041237E-3
9.800000E-8	5.097764E-3
9.805000E-8	5.193689E-3
9.810000E-8	5.298179E-3
9.815000E-8	5.418086E-3
9.820000E-8	5.531141E-3
9.825000E-8	5.606510E-3
9.830000E-8	5.651047E-3
9.835000E-8	5.681880E-3
9.840000E-8	5.678454E-3
9.845000E-8	5.640769E-3
9.850000E-8	5.606510E-3
9.855000E-8	5.563687E-3
9.860000E-8	5.508872E-3
9.865000E-8	5.464336E-3
9.870000E-8	5.436928E-3
9.875000E-8	5.412947E-3
9.880000E-8	5.399243E-3
9.885000E-8	5.426651E-3
9.890000E-8	5.486604E-3
9.895000E-8	5.556835E-3
9.900000E-8	5.644195E-3
9.905000E-8	5.748685E-3
9.910000E-8	5.829194E-3
9.915000E-8	5.854888E-3
9.920000E-8	5.836046E-3
9.925000E-8	5.793222E-3
9.930000E-8	5.729843E-3
9.935000E-8	5.651047E-3
9.940000E-8	5.596233E-3
9.945000E-8	5.584242E-3
9.950000E-8	5.597946E-3
9.955000E-8	5.647621E-3
9.960000E-8	5.724704E-3
9.965000E-8	5.818916E-3
9.970000E-8	5.919980E-3
9.975000E-8	6.022757E-3
9.980000E-8	6.096414E-3
9.985000E-8	6.139238E-3
9.990000E-8	6.152941E-3
9.995000E-8	6.130673E-3
1.000000E-7	6.057016E-3
1.000500E-7	5.959378E-3
1.001000E-7	5.854888E-3
1.001500E-7	5.729843E-3
1.002000E-7	5.585955E-3
1.002500E-7	5.438641E-3
1.003000E-7	5.303318E-3
1.003500E-7	5.183412E-3
1.004000E-7	5.073783E-3
1.004500E-7	4.988135E-3
1.005000E-7	4.931608E-3
1.005500E-7	4.895636E-3
1.006000E-7	4.883645E-3
1.006500E-7	4.923043E-3
1.007000E-7	5.006978E-3
1.007500E-7	5.089199E-3
1.008000E-7	5.161143E-3
1.008500E-7	5.238226E-3
1.009000E-7	5.323874E-3
1.009500E-7	5.388966E-3
1.010000E-7	5.430077E-3
1.010500E-7	5.428364E-3
1.011000E-7	5.371836E-3
1.011500E-7	5.277624E-3
1.012000E-7	5.190264E-3
1.012500E-7	5.089199E-3
1.013000E-7	4.960728E-3
1.013500E-7	4.828831E-3
1.014000E-7	4.712350E-3
1.014500E-7	4.618138E-3
1.015000E-7	4.542768E-3
1.015500E-7	4.520500E-3
1.016000E-7	4.558185E-3
1.016500E-7	4.642120E-3
1.017000E-7	4.755174E-3
1.017500E-7	4.880220E-3
1.018000E-7	4.982997E-3
1.018500E-7	5.060079E-3
1.019000E-7	5.126884E-3
1.019500E-7	5.169708E-3
1.020000E-7	5.178273E-3
1.020500E-7	5.174847E-3
1.021000E-7	5.171421E-3
1.021500E-7	5.162856E-3
1.022000E-7	5.150866E-3
1.022500E-7	5.149153E-3
1.023000E-7	5.169708E-3
1.023500E-7	5.212532E-3
1.024000E-7	5.270772E-3
1.024500E-7	5.317022E-3
1.025000E-7	5.354707E-3
1.025500E-7	5.376975E-3
1.026000E-7	5.358133E-3
1.026500E-7	5.299892E-3
1.027000E-7	5.222810E-3
1.027500E-7	5.120033E-3
1.028000E-7	4.988135E-3
1.028500E-7	4.854525E-3
1.029000E-7	4.743184E-3
1.029500E-7	4.642120E-3
1.030000E-7	4.571889E-3
1.030500E-7	4.544481E-3
1.031000E-7	4.546194E-3
1.031500E-7	4.570176E-3
1.032000E-7	4.628416E-3
1.032500E-7	4.715776E-3
1.033000E-7	4.816840E-3
1.033500E-7	4.926469E-3
1.034000E-7	5.034385E-3
1.034500E-7	5.125171E-3
1.035000E-7	5.190264E-3
1.035500E-7	5.202254E-3
1.036000E-7	5.162856E-3
1.036500E-7	5.116607E-3
1.037000E-7	5.084061E-3
1.037500E-7	5.046376E-3
1.038000E-7	5.012117E-3
1.038500E-7	5.000126E-3
1.039000E-7	5.018969E-3
1.039500E-7	5.058366E-3
1.040000E-7	5.118320E-3
1.040500E-7	5.191976E-3
1.041000E-7	5.265633E-3
1.041500E-7	5.327300E-3
1.042000E-7	5.382114E-3
1.042500E-7	5.419799E-3
1.043000E-7	5.431789E-3
1.043500E-7	5.423225E-3
1.044000E-7	5.397530E-3
1.044500E-7	5.351281E-3
1.045000E-7	5.282763E-3
1.045500E-7	5.205680E-3
1.046000E-7	5.137162E-3
1.046500E-7	5.058366E-3
1.047000E-7	4.964154E-3
1.047500E-7	4.907627E-3
1.048000E-7	4.905914E-3
1.048500E-7	4.936747E-3
1.049000E-7	4.984710E-3
1.049500E-7	5.061792E-3
1.050000E-7	5.142301E-3
1.050500E-7	5.188551E-3
1.051000E-7	5.190264E-3
1.051500E-7	5.157717E-3
1.052000E-7	5.090912E-3
1.052500E-7	4.991561E-3
1.053000E-7	4.878507E-3
1.053500E-7	4.750035E-3
1.054000E-7	4.607861E-3
1.054500E-7	4.487954E-3
1.055000E-7	4.429714E-3
1.055500E-7	4.438278E-3
1.056000E-7	4.493093E-3
1.056500E-7	4.592444E-3
1.057000E-7	4.715776E-3
1.057500E-7	4.830544E-3
1.058000E-7	4.919617E-3
1.058500E-7	4.986422E-3
1.059000E-7	5.018969E-3
1.059500E-7	4.993274E-3
1.060000E-7	4.907627E-3
1.060500E-7	4.765452E-3
1.061000E-7	4.601009E-3
1.061500E-7	4.457121E-3
1.062000E-7	4.359483E-3
1.062500E-7	4.299530E-3
1.063000E-7	4.280687E-3
1.063500E-7	4.297817E-3
1.064000E-7	4.340640E-3
1.064500E-7	4.402307E-3
1.065000E-7	4.469112E-3
1.065500E-7	4.546194E-3
1.066000E-7	4.636981E-3
1.066500E-7	4.703786E-3
1.067000E-7	4.727767E-3
1.067500E-7	4.719202E-3
1.068000E-7	4.672953E-3
1.068500E-7	4.592444E-3
1.069000E-7	4.515361E-3
1.069500E-7	4.475963E-3
1.070000E-7	4.441704E-3
1.070500E-7	4.409158E-3
1.071000E-7	4.412584E-3
1.071500E-7	4.453695E-3
1.072000E-7	4.501658E-3
1.072500E-7	4.542768E-3
1.073000E-7	4.575314E-3
1.073500E-7	4.587305E-3
1.074000E-7	4.580453E-3
1.074500E-7	4.546194E-3
1.075000E-7	4.484528E-3
1.075500E-7	4.402307E-3
1.076000E-7	4.316659E-3
1.076500E-7	4.219021E-3
1.077000E-7	4.116244E-3
1.077500E-7	4.016893E-3
1.078000E-7	3.944949E-3
1.078500E-7	3.905551E-3
1.079000E-7	3.893560E-3
1.079500E-7	3.915829E-3
1.080000E-7	3.984347E-3
1.080500E-7	4.085411E-3
1.081000E-7	4.183049E-3
1.081500E-7	4.280687E-3
1.082000E-7	4.397168E-3
1.082500E-7	4.501658E-3
1.083000E-7	4.570176E-3
1.083500E-7	4.623277E-3
1.084000E-7	4.671240E-3
1.084500E-7	4.696934E-3
1.085000E-7	4.717489E-3
1.085500E-7	4.751748E-3
1.086000E-7	4.775730E-3
1.086500E-7	4.782581E-3
1.087000E-7	4.767165E-3
1.087500E-7	4.732906E-3
1.088000E-7	4.676379E-3
1.088500E-7	4.616425E-3
1.089000E-7	4.558185E-3
1.089500E-7	4.503371E-3
1.090000E-7	4.469112E-3
1.090500E-7	4.448556E-3
1.091000E-7	4.462260E-3
1.091500E-7	4.513648E-3
1.092000E-7	4.587305E-3
1.092500E-7	4.672953E-3
1.093000E-7	4.768878E-3
1.093500E-7	4.849386E-3
1.094000E-7	4.899062E-3
1.094500E-7	4.943599E-3
1.095000E-7	4.979571E-3
1.095500E-7	4.959015E-3
1.096000E-7	4.887071E-3
1.096500E-7	4.815127E-3
1.097000E-7	4.736332E-3
1.097500E-7	4.650684E-3
1.098000E-7	4.606148E-3
1.098500E-7	4.602722E-3
1.099000E-7	4.611286E-3
1.099500E-7	4.628416E-3
1.100000E-7	4.672953E-3
1.100500E-7	4.717489E-3
1.101000E-7	4.753461E-3
1.101500E-7	4.786007E-3
1.102000E-7	4.777443E-3
1.102500E-7	4.710638E-3
1.103000E-7	4.636981E-3
1.103500E-7	4.580453E-3
1.104000E-7	4.501658E-3
1.104500E-7	4.412584E-3
1.105000E-7	4.344066E-3
1.105500E-7	4.302955E-3
1.106000E-7	4.261845E-3
1.106500E-7	4.225873E-3
1.107000E-7	4.205317E-3
1.107500E-7	4.208743E-3
1.108000E-7	4.236150E-3
1.108500E-7	4.282400E-3
1.109000E-7	4.332076E-3
1.109500E-7	4.376612E-3
1.110000E-7	4.407445E-3
1.110500E-7	4.419436E-3
1.111000E-7	4.419436E-3
1.111500E-7	4.416010E-3
1.112000E-7	4.424575E-3
1.112500E-7	4.453695E-3
1.113000E-7	4.479389E-3
1.113500E-7	4.489667E-3
1.114000E-7	4.479389E-3
1.114500E-7	4.462260E-3
1.115000E-7	4.424575E-3
1.115500E-7	4.366335E-3
1.116000E-7	4.289252E-3
1.116500E-7	4.208743E-3
1.117000E-7	4.140225E-3
1.117500E-7	4.087124E-3
1.118000E-7	4.056291E-3
1.118500E-7	4.042587E-3
1.119000E-7	4.056291E-3
1.119500E-7	4.129947E-3
1.120000E-7	4.263558E-3
1.120500E-7	4.421149E-3
1.121000E-7	4.587305E-3
1.121500E-7	4.748322E-3
1.122000E-7	4.904201E-3
1.122500E-7	5.037811E-3
1.123000E-7	5.109755E-3
1.123500E-7	5.113181E-3
1.124000E-7	5.075496E-3
1.124500E-7	5.010404E-3
1.125000E-7	4.904201E-3
1.125500E-7	4.767165E-3
1.126000E-7	4.609573E-3
1.126500E-7	4.433140E-3
1.127000E-7	4.256706E-3
1.127500E-7	4.129947E-3
1.128000E-7	4.063142E-3
1.128500E-7	4.040874E-3
1.129000E-7	4.042587E-3
1.129500E-7	4.063142E-3
1.130000E-7	4.085411E-3
1.130500E-7	4.119670E-3
1.131000E-7	4.176197E-3
1.131500E-7	4.244715E-3
1.132000E-7	4.314946E-3
1.132500E-7	4.376612E-3
1.133000E-7	4.409158E-3
1.133500E-7	4.404019E-3
1.134000E-7	4.383464E-3
1.134500E-7	4.347492E-3
1.135000E-7	4.284113E-3
1.135500E-7	4.225873E-3
1.136000E-7	4.184762E-3
1.136500E-7	4.157355E-3
1.137000E-7	4.140225E-3
1.137500E-7	4.138512E-3
1.138000E-7	4.147077E-3
1.138500E-7	4.153929E-3
1.139000E-7	4.155642E-3
1.139500E-7	4.135086E-3
1.140000E-7	4.073420E-3
1.140500E-7	4.008328E-3
1.141000E-7	3.968930E-3
1.141500E-7	3.938097E-3
1.142000E-7	3.900412E-3
1.142500E-7	3.883283E-3
1.143000E-7	3.896986E-3
1.143500E-7	3.936384E-3
1.144000E-7	4.011754E-3
1.144500E-7	4.131660E-3
1.145000E-7	4.270409E-3
1.145500E-7	4.386890E-3
1.146000E-7	4.494806E-3
1.146500E-7	4.618138E-3
1.147000E-7	4.715776E-3
1.147500E-7	4.724341E-3
1.148000E-7	4.667814E-3
1.148500E-7	4.570176E-3
1.149000E-7	4.426288E-3
1.149500E-7	4.248141E-3
1.150000E-7	4.080272E-3
1.150500E-7	3.927819E-3
1.151000E-7	3.814765E-3
1.151500E-7	3.777080E-3
1.152000E-7	3.783932E-3
1.152500E-7	3.801061E-3
1.153000E-7	3.847311E-3
1.153500E-7	3.929532E-3
1.154000E-7	3.998050E-3
1.154500E-7	4.044300E-3
1.155000E-7	4.085411E-3
1.155500E-7	4.102540E-3
1.156000E-7	4.087124E-3
1.156500E-7	4.073420E-3
1.157000E-7	4.075133E-3
1.157500E-7	4.069994E-3
1.158000E-7	4.075133E-3
1.158500E-7	4.107679E-3
1.159000E-7	4.128235E-3
1.159500E-7	4.129947E-3
1.160000E-7	4.143651E-3
1.160500E-7	4.143651E-3
1.161000E-7	4.099114E-3
1.161500E-7	4.037448E-3
1.162000E-7	3.991198E-3
1.162500E-7	3.950088E-3
1.163000E-7	3.908977E-3
1.163500E-7	3.893560E-3
1.164000E-7	3.914116E-3
1.164500E-7	3.955227E-3
1.165000E-7	4.011754E-3
1.165500E-7	4.064855E-3
1.166000E-7	4.100827E-3
1.166500E-7	4.119670E-3
1.167000E-7	4.121383E-3
1.167500E-7	4.099114E-3
1.168000E-7	4.034022E-3
1.168500E-7	3.922680E-3
1.169000E-7	3.777080E-3
1.169500E-7	3.634905E-3
1.170000E-7	3.518424E-3
1.170500E-7	3.413934E-3
1.171000E-7	3.314583E-3
1.171500E-7	3.252917E-3
1.172000E-7	3.258056E-3
1.172500E-7	3.314583E-3
1.173000E-7	3.417360E-3
1.173500E-7	3.547544E-3
1.174000E-7	3.667451E-3
1.174500E-7	3.751385E-3
1.175000E-7	3.811339E-3
1.175500E-7	3.854162E-3
1.176000E-7	3.852450E-3
1.176500E-7	3.792496E-3
1.177000E-7	3.696571E-3
1.177500E-7	3.607498E-3
1.178000E-7	3.533841E-3
1.178500E-7	3.437916E-3
1.179000E-7	3.321435E-3
1.179500E-7	3.213519E-3
1.180000E-7	3.133011E-3
1.180500E-7	3.076483E-3
1.181000E-7	3.059354E-3
1.181500E-7	3.086761E-3
1.182000E-7	3.145001E-3
1.182500E-7	3.215232E-3
1.183000E-7	3.302593E-3
1.183500E-7	3.388240E-3
1.184000E-7	3.448193E-3
1.184500E-7	3.496156E-3
1.185000E-7	3.545831E-3
1.185500E-7	3.562961E-3
1.186000E-7	3.535554E-3
1.186500E-7	3.479026E-3
1.187000E-7	3.420786E-3
1.187500E-7	3.362546E-3
1.188000E-7	3.323148E-3
1.188500E-7	3.307731E-3
1.189000E-7	3.309444E-3
1.189500E-7	3.326574E-3
1.190000E-7	3.367685E-3
1.190500E-7	3.431064E-3
1.191000E-7	3.506434E-3
1.191500E-7	3.588655E-3
1.192000E-7	3.641757E-3
1.192500E-7	3.657173E-3
1.193000E-7	3.664025E-3
1.193500E-7	3.681155E-3
1.194000E-7	3.682867E-3
1.194500E-7	3.667451E-3
1.195000E-7	3.660599E-3
1.195500E-7	3.681155E-3
1.196000E-7	3.708562E-3
1.196500E-7	3.747960E-3
1.197000E-7	3.811339E-3
1.197500E-7	3.896986E-3
1.198000E-7	3.965504E-3
1.198500E-7	4.023745E-3
1.199000E-7	4.080272E-3
1.199500E-7	4.116244E-3
1.200000E-7	4.123096E-3
1.200500E-7	4.087124E-3
1.201000E-7	4.008328E-3
1.201500E-7	3.888421E-3
1.202000E-7	3.758237E-3
1.202500E-7	3.645183E-3
1.203000E-7	3.549257E-3
1.203500E-7	3.456758E-3
1.204000E-7	3.374536E-3
1.204500E-7	3.314583E-3
1.205000E-7	3.283750E-3
1.205500E-7	3.282037E-3
1.206000E-7	3.318009E-3
1.206500E-7	3.374536E-3
1.207000E-7	3.405370E-3
1.207500E-7	3.407083E-3
1.208000E-7	3.400231E-3
1.208500E-7	3.395092E-3
1.209000E-7	3.377962E-3
1.209500E-7	3.371111E-3
1.210000E-7	3.379675E-3
1.210500E-7	3.372824E-3
1.211000E-7	3.345416E-3
1.211500E-7	3.321435E-3
1.212000E-7	3.307731E-3
1.212500E-7	3.302593E-3
1.213000E-7	3.316296E-3
1.213500E-7	3.331713E-3
1.214000E-7	3.328287E-3
1.214500E-7	3.311157E-3
1.215000E-7	3.294028E-3
1.215500E-7	3.278611E-3
1.216000E-7	3.261482E-3
1.216500E-7	3.251204E-3
1.217000E-7	3.244352E-3
1.217500E-7	3.237500E-3
1.218000E-7	3.237500E-3
1.218500E-7	3.225510E-3
1.219000E-7	3.191251E-3
1.219500E-7	3.156992E-3
1.220000E-7	3.143288E-3
1.220500E-7	3.117594E-3
1.221000E-7	3.074770E-3
1.221500E-7	3.023382E-3
1.222000E-7	2.977132E-3
1.222500E-7	2.925744E-3
1.223000E-7	2.877781E-3
1.223500E-7	2.831531E-3
1.224000E-7	2.814402E-3
1.224500E-7	2.834957E-3
1.225000E-7	2.888059E-3
1.225500E-7	2.944586E-3
1.226000E-7	3.011391E-3
1.226500E-7	3.097039E-3
1.227000E-7	3.167270E-3
1.227500E-7	3.216945E-3
1.228000E-7	3.247778E-3
1.228500E-7	3.270047E-3
1.229000E-7	3.299167E-3
1.229500E-7	3.326574E-3
1.230000E-7	3.328287E-3
1.230500E-7	3.314583E-3
1.231000E-7	3.328287E-3
1.231500E-7	3.355694E-3
1.232000E-7	3.367685E-3
1.232500E-7	3.389953E-3
1.233000E-7	3.439629E-3
1.233500E-7	3.472175E-3
1.234000E-7	3.496156E-3
1.234500E-7	3.557822E-3
1.235000E-7	3.634905E-3
1.235500E-7	3.670877E-3
1.236000E-7	3.703423E-3
1.236500E-7	3.758237E-3
1.237000E-7	3.794209E-3
1.237500E-7	3.785644E-3
1.238000E-7	3.766802E-3
1.238500E-7	3.732543E-3
1.239000E-7	3.664025E-3
1.239500E-7	3.568100E-3
1.240000E-7	3.463610E-3
1.240500E-7	3.340277E-3
1.241000E-7	3.211806E-3
1.241500E-7	3.103890E-3
1.242000E-7	3.037085E-3
1.242500E-7	3.028521E-3
1.243000E-7	3.062780E-3
1.243500E-7	3.114168E-3
1.244000E-7	3.179260E-3
1.244500E-7	3.276898E-3
1.245000E-7	3.389953E-3
1.245500E-7	3.477313E-3
1.246000E-7	3.550970E-3
1.246500E-7	3.614349E-3
1.247000E-7	3.638331E-3
1.247500E-7	3.605785E-3
1.248000E-7	3.549257E-3
1.248500E-7	3.479026E-3
1.249000E-7	3.396805E-3
1.249500E-7	3.318009E-3
1.250000E-7	3.271759E-3
1.250500E-7	3.258056E-3
1.251000E-7	3.268334E-3
1.251500E-7	3.300880E-3
1.252000E-7	3.364259E-3
1.252500E-7	3.448193E-3
1.253000E-7	3.538980E-3
1.253500E-7	3.597220E-3
1.254000E-7	3.592081E-3
1.254500E-7	3.540693E-3
1.255000E-7	3.461897E-3
1.255500E-7	3.359120E-3
1.256000E-7	3.252917E-3
1.256500E-7	3.160418E-3
1.257000E-7	3.097039E-3
1.257500E-7	3.064493E-3
1.258000E-7	3.069631E-3
1.258500E-7	3.107316E-3
1.259000E-7	3.168982E-3
1.259500E-7	3.235788E-3
1.260000E-7	3.314583E-3
1.260500E-7	3.407083E-3
1.261000E-7	3.489304E-3
1.261500E-7	3.528702E-3
1.262000E-7	3.528702E-3
1.262500E-7	3.511572E-3
1.263000E-7	3.487591E-3
1.263500E-7	3.446480E-3
1.264000E-7	3.407083E-3
1.264500E-7	3.393379E-3
1.265000E-7	3.419073E-3
1.265500E-7	3.456758E-3
1.266000E-7	3.497869E-3
1.266500E-7	3.549257E-3
1.267000E-7	3.604072E-3
1.267500E-7	3.622914E-3
1.268000E-7	3.593794E-3
1.268500E-7	3.545831E-3
1.269000E-7	3.485878E-3
1.269500E-7	3.391666E-3
1.270000E-7	3.258056E-3
1.270500E-7	3.124446E-3
1.271000E-7	2.994262E-3
1.271500E-7	2.877781E-3
1.272000E-7	2.804124E-3
1.272500E-7	2.780143E-3
1.273000E-7	2.788708E-3
1.273500E-7	2.833244E-3
1.274000E-7	2.915466E-3
1.274500E-7	3.007965E-3
1.275000E-7	3.093613E-3
1.275500E-7	3.175834E-3
1.276000E-7	3.232362E-3
1.276500E-7	3.246065E-3
1.277000E-7	3.249491E-3
1.277500E-7	3.234075E-3
1.278000E-7	3.187825E-3
1.278500E-7	3.127872E-3
1.279000E-7	3.073057E-3
1.279500E-7	2.997687E-3
1.280000E-7	2.900049E-3
1.280500E-7	2.807550E-3
1.281000E-7	2.720190E-3
1.281500E-7	2.629403E-3
1.282000E-7	2.548895E-3
1.282500E-7	2.490654E-3
1.283000E-7	2.416997E-3
1.283500E-7	2.319359E-3
1.284000E-7	2.240564E-3
1.284500E-7	2.177184E-3
1.285000E-7	2.120657E-3
1.285500E-7	2.077833E-3
1.286000E-7	2.067556E-3
1.286500E-7	2.074407E-3
1.287000E-7	2.088111E-3
1.287500E-7	2.127509E-3
1.288000E-7	2.199453E-3
1.288500E-7	2.288526E-3
1.289000E-7	2.386164E-3
1.289500E-7	2.500932E-3
1.290000E-7	2.615700E-3
1.290500E-7	2.721903E-3
1.291000E-7	2.829818E-3
1.291500E-7	2.934308E-3
1.292000E-7	3.021669E-3
1.292500E-7	3.098752E-3
1.293000E-7	3.145001E-3
1.293500E-7	3.136436E-3
1.294000E-7	3.103890E-3
1.294500E-7	3.078196E-3
1.295000E-7	3.040511E-3
1.295500E-7	2.970280E-3
1.296000E-7	2.879494E-3
1.296500E-7	2.780143E-3
1.297000E-7	2.687644E-3
1.297500E-7	2.612274E-3
1.298000E-7	2.566024E-3
1.298500E-7	2.552320E-3
1.299000E-7	2.574589E-3
1.299500E-7	2.631116E-3
1.300000E-7	2.716764E-3
1.300500E-7	2.828105E-3
1.301000E-7	2.927457E-3
1.301500E-7	3.001113E-3
1.302000E-7	3.057641E-3
1.302500E-7	3.085048E-3
1.303000E-7	3.066205E-3
1.303500E-7	3.011391E-3
1.304000E-7	2.927457E-3
1.304500E-7	2.812689E-3
1.305000E-7	2.684218E-3
1.305500E-7	2.576302E-3
1.306000E-7	2.499219E-3
1.306500E-7	2.452969E-3
1.307000E-7	2.435840E-3
1.307500E-7	2.456395E-3
1.308000E-7	2.500932E-3
1.308500E-7	2.564311E-3
1.309000E-7	2.643107E-3
1.309500E-7	2.716764E-3
1.310000E-7	2.768152E-3
1.310500E-7	2.800698E-3
1.311000E-7	2.810976E-3
1.311500E-7	2.812689E-3
1.312000E-7	2.816115E-3
1.312500E-7	2.836670E-3
1.313000E-7	2.864077E-3
1.313500E-7	2.888059E-3
1.314000E-7	2.932595E-3
1.314500E-7	3.009678E-3
1.315000E-7	3.078196E-3
1.315500E-7	3.126159E-3
1.316000E-7	3.187825E-3
1.316500E-7	3.239213E-3
1.317000E-7	3.215232E-3
1.317500E-7	3.136436E-3
1.318000E-7	3.055928E-3
1.318500E-7	2.965141E-3
1.319000E-7	2.843522E-3
1.319500E-7	2.718477E-3
1.320000E-7	2.608848E-3
1.320500E-7	2.524913E-3
1.321000E-7	2.454682E-3
1.321500E-7	2.403294E-3
1.322000E-7	2.399868E-3
1.322500E-7	2.451256E-3
1.323000E-7	2.524913E-3
1.323500E-7	2.590005E-3
1.324000E-7	2.649959E-3
1.324500E-7	2.713338E-3
1.325000E-7	2.756162E-3
1.325500E-7	2.751023E-3
1.326000E-7	2.708199E-3
1.326500E-7	2.639681E-3
1.327000E-7	2.555746E-3
1.327500E-7	2.466673E-3
1.328000E-7	2.391303E-3
1.328500E-7	2.326211E-3
1.329000E-7	2.267971E-3
1.329500E-7	2.213156E-3
1.330000E-7	2.175471E-3
1.330500E-7	2.161768E-3
1.331000E-7	2.165194E-3
1.331500E-7	2.182323E-3
1.332000E-7	2.214869E-3
1.332500E-7	2.240564E-3
1.333000E-7	2.245702E-3
1.333500E-7	2.247415E-3
1.334000E-7	2.264545E-3
1.334500E-7	2.273110E-3
1.335000E-7	2.254267E-3
1.335500E-7	2.228573E-3
1.336000E-7	2.237138E-3
1.336500E-7	2.271397E-3
1.337000E-7	2.300517E-3
1.337500E-7	2.331350E-3
1.338000E-7	2.375887E-3
1.338500E-7	2.427275E-3
1.339000E-7	2.463247E-3
1.339500E-7	2.475238E-3
1.340000E-7	2.478664E-3
1.340500E-7	2.492367E-3
1.341000E-7	2.538617E-3
1.341500E-7	2.588292E-3
1.342000E-7	2.622551E-3
1.342500E-7	2.656810E-3
1.343000E-7	2.713338E-3
1.343500E-7	2.776717E-3
1.344000E-7	2.846948E-3
1.344500E-7	2.925744E-3
1.345000E-7	2.982271E-3
1.345500E-7	2.989123E-3
1.346000E-7	2.949725E-3
1.346500E-7	2.860651E-3
1.347000E-7	2.725328E-3
1.347500E-7	2.560885E-3
1.348000E-7	2.379312E-3
1.348500E-7	2.206305E-3
1.349000E-7	2.103528E-3
1.349500E-7	2.082972E-3
1.350000E-7	2.120657E-3
1.350500E-7	2.204592E-3
1.351000E-7	2.348479E-3
1.351500E-7	2.526626E-3
1.352000E-7	2.711625E-3
1.352500E-7	2.898336E-3
1.353000E-7	3.052502E-3
1.353500E-7	3.148427E-3
1.354000E-7	3.192964E-3
1.354500E-7	3.196390E-3
1.355000E-7	3.133011E-3
1.355500E-7	3.023382E-3
1.356000E-7	2.901762E-3
1.356500E-7	2.783569E-3
1.357000E-7	2.670514E-3
1.357500E-7	2.571163E-3
1.358000E-7	2.500932E-3
1.358500E-7	2.459821E-3
1.359000E-7	2.447830E-3
1.359500E-7	2.478664E-3
1.360000E-7	2.526626E-3
1.360500E-7	2.566024E-3
1.361000E-7	2.586579E-3
1.361500E-7	2.613987E-3
1.362000E-7	2.644820E-3
1.362500E-7	2.656810E-3
1.363000E-7	2.634542E-3
1.363500E-7	2.586579E-3
1.364000E-7	2.521487E-3
1.364500E-7	2.447830E-3
1.365000E-7	2.369035E-3
1.365500E-7	2.305656E-3
1.366000E-7	2.262832E-3
1.366500E-7	2.228573E-3
1.367000E-7	2.184036E-3
1.367500E-7	2.158342E-3
1.368000E-7	2.180610E-3
1.368500E-7	2.237138E-3
1.369000E-7	2.309082E-3
1.369500E-7	2.413571E-3
1.370000E-7	2.559172E-3
1.370500E-7	2.708199E-3
1.371000E-7	2.824680E-3
1.371500E-7	2.908614E-3
1.372000E-7	2.973706E-3
1.372500E-7	3.001113E-3
1.373000E-7	2.965141E-3
1.373500E-7	2.867503E-3
1.374000E-7	2.747597E-3
1.374500E-7	2.613987E-3
1.375000E-7	2.454682E-3
1.375500E-7	2.293665E-3
1.376000E-7	2.178897E-3
1.376500E-7	2.118944E-3
1.377000E-7	2.112092E-3
1.377500E-7	2.160055E-3
1.378000E-7	2.242276E-3
1.378500E-7	2.350192E-3
1.379000E-7	2.470099E-3
1.379500E-7	2.567737E-3
1.380000E-7	2.625977E-3
1.380500E-7	2.673940E-3
1.381000E-7	2.708199E-3
1.381500E-7	2.689356E-3
1.382000E-7	2.625977E-3
1.382500E-7	2.550608E-3
1.383000E-7	2.483802E-3
1.383500E-7	2.425562E-3
1.384000E-7	2.377600E-3
1.384500E-7	2.343341E-3
1.385000E-7	2.362183E-3
1.385500E-7	2.432414E-3
1.386000E-7	2.518061E-3
1.386500E-7	2.605422E-3
1.387000E-7	2.706486E-3
1.387500E-7	2.814402E-3
1.388000E-7	2.901762E-3
1.388500E-7	2.956577E-3
1.389000E-7	2.983984E-3
1.389500E-7	2.978845E-3
1.390000E-7	2.944586E-3
1.390500E-7	2.879494E-3
1.391000E-7	2.792133E-3
1.391500E-7	2.701347E-3
1.392000E-7	2.632829E-3
1.392500E-7	2.584867E-3
1.393000E-7	2.567737E-3
1.393500E-7	2.581441E-3
1.394000E-7	2.615700E-3
1.394500E-7	2.665375E-3
1.395000E-7	2.723615E-3
1.395500E-7	2.727041E-3
1.396000E-7	2.651672E-3
1.396500E-7	2.545469E-3
1.397000E-7	2.439266E-3
1.397500E-7	2.309082E-3
1.398000E-7	2.168620E-3
1.398500E-7	2.047000E-3
1.399000E-7	1.944223E-3
1.399500E-7	1.855150E-3
1.400000E-7	1.776354E-3
1.400500E-7	1.721540E-3
1.401000E-7	1.706123E-3
1.401500E-7	1.735243E-3
1.402000E-7	1.795197E-3
1.402500E-7	1.844872E-3
1.403000E-7	1.884270E-3
1.403500E-7	1.925381E-3
1.404000E-7	1.961353E-3
1.404500E-7	1.993899E-3
1.405000E-7	2.023019E-3
1.405500E-7	2.038435E-3
1.406000E-7	2.035010E-3
1.406500E-7	2.047000E-3
1.407000E-7	2.086398E-3
1.407500E-7	2.124083E-3
1.408000E-7	2.166907E-3
1.408500E-7	2.225147E-3
1.409000E-7	2.267971E-3
1.409500E-7	2.273110E-3
1.410000E-7	2.267971E-3
1.410500E-7	2.250841E-3
1.411000E-7	2.197740E-3
1.411500E-7	2.127509E-3
1.412000E-7	2.069269E-3
1.412500E-7	2.004176E-3
1.413000E-7	1.915103E-3
1.413500E-7	1.829456E-3
1.414000E-7	1.760938E-3
1.414500E-7	1.711262E-3
1.415000E-7	1.699271E-3
1.415500E-7	1.747234E-3
1.416000E-7	1.836307E-3
1.416500E-7	1.939084E-3
1.417000E-7	2.053852E-3
1.417500E-7	2.180610E-3
1.418000E-7	2.297091E-3
1.418500E-7	2.382738E-3
1.419000E-7	2.430701E-3
1.419500E-7	2.468386E-3
1.420000E-7	2.507784E-3
1.420500E-7	2.538617E-3
1.421000E-7	2.554033E-3
1.421500E-7	2.554033E-3
1.422000E-7	2.524913E-3
1.422500E-7	2.483802E-3
1.423000E-7	2.452969E-3
1.423500E-7	2.411859E-3
1.424000E-7	2.365609E-3
1.424500E-7	2.369035E-3
1.425000E-7	2.418710E-3
1.425500E-7	2.440979E-3
1.426000E-7	2.423849E-3
1.426500E-7	2.432414E-3
1.427000E-7	2.461534E-3
1.427500E-7	2.480377E-3
1.428000E-7	2.500932E-3
1.428500E-7	2.548895E-3
1.429000E-7	2.588292E-3
1.429500E-7	2.595144E-3
1.430000E-7	2.593431E-3
1.430500E-7	2.596857E-3
1.431000E-7	2.571163E-3
1.431500E-7	2.494080E-3
1.432000E-7	2.398155E-3
1.432500E-7	2.297091E-3
1.433000E-7	2.194314E-3
1.433500E-7	2.101815E-3
1.434000E-7	2.036722E-3
1.434500E-7	2.002463E-3
1.435000E-7	2.004176E-3
1.435500E-7	2.033297E-3
1.436000E-7	2.076120E-3
1.436500E-7	2.134361E-3
1.437000E-7	2.208017E-3
1.437500E-7	2.283387E-3
1.438000E-7	2.348479E-3
1.438500E-7	2.403294E-3
1.439000E-7	2.430701E-3
1.439500E-7	2.425562E-3
1.440000E-7	2.389590E-3
1.440500E-7	2.327924E-3
1.441000E-7	2.235425E-3
1.441500E-7	2.120657E-3
1.442000E-7	2.000751E-3
1.442500E-7	1.877418E-3
1.443000E-7	1.771215E-3
1.443500E-7	1.711262E-3
1.444000E-7	1.706123E-3
1.444500E-7	1.743808E-3
1.445000E-7	1.803761E-3
1.445500E-7	1.868853E-3
1.446000E-7	1.923668E-3
1.446500E-7	1.954501E-3
1.447000E-7	1.968204E-3
1.447500E-7	1.971630E-3
1.448000E-7	1.959640E-3
1.448500E-7	1.927094E-3
1.449000E-7	1.887696E-3
1.449500E-7	1.841446E-3
1.450000E-7	1.798622E-3
1.450500E-7	1.766076E-3
1.451000E-7	1.754086E-3
1.451500E-7	1.743808E-3
1.452000E-7	1.745521E-3
1.452500E-7	1.774641E-3
1.453000E-7	1.819178E-3
1.453500E-7	1.831168E-3
1.454000E-7	1.827743E-3
1.454500E-7	1.834594E-3
1.455000E-7	1.834594E-3
1.455500E-7	1.790058E-3
1.456000E-7	1.723253E-3
1.456500E-7	1.646170E-3
1.457000E-7	1.558809E-3
1.457500E-7	1.490291E-3
1.458000E-7	1.471449E-3
1.458500E-7	1.490291E-3
1.459000E-7	1.527976E-3
1.459500E-7	1.593068E-3
1.460000E-7	1.677003E-3
1.460500E-7	1.776354E-3
1.461000E-7	1.872279E-3
1.461500E-7	1.951075E-3
1.462000E-7	2.007602E-3
1.462500E-7	2.064130E-3
1.463000E-7	2.118944E-3
1.463500E-7	2.142925E-3
1.464000E-7	2.139499E-3
1.464500E-7	2.141212E-3
1.465000E-7	2.141212E-3
1.465500E-7	2.122370E-3
1.466000E-7	2.093250E-3
1.466500E-7	2.067556E-3
1.467000E-7	2.041861E-3
1.467500E-7	2.004176E-3
1.468000E-7	1.976769E-3
1.468500E-7	1.973343E-3
1.469000E-7	2.005889E-3
1.469500E-7	2.065843E-3
1.470000E-7	2.125796E-3
1.470500E-7	2.163481E-3
1.471000E-7	2.204592E-3
1.471500E-7	2.283387E-3
1.472000E-7	2.362183E-3
1.472500E-7	2.406720E-3
1.473000E-7	2.440979E-3
1.473500E-7	2.480377E-3
1.474000E-7	2.488941E-3
1.474500E-7	2.451256E-3
1.475000E-7	2.396442E-3
1.475500E-7	2.309082E-3
1.476000E-7	2.177184E-3
1.476500E-7	2.038435E-3
1.477000E-7	1.911677E-3
1.477500E-7	1.774641E-3
1.478000E-7	1.647883E-3
1.478500E-7	1.593068E-3
1.479000E-7	1.601633E-3
1.479500E-7	1.620476E-3
1.480000E-7	1.663299E-3
1.480500E-7	1.762650E-3
1.481000E-7	1.894548E-3
1.481500E-7	2.017880E-3
1.482000E-7	2.134361E-3
1.482500E-7	2.249128E-3
1.483000E-7	2.319359E-3
1.483500E-7	2.317646E-3
1.484000E-7	2.255980E-3
1.484500E-7	2.146351E-3
1.485000E-7	1.990473E-3
1.485500E-7	1.802048E-3
1.486000E-7	1.615337E-3
1.486500E-7	1.454319E-3
1.487000E-7	1.312145E-3
1.487500E-7	1.181960E-3
1.488000E-7	1.086035E-3
1.488500E-7	1.041499E-3
1.489000E-7	1.043211E-3
1.489500E-7	1.084322E-3
1.490000E-7	1.156266E-3
1.490500E-7	1.252191E-3
1.491000E-7	1.341265E-3
1.491500E-7	1.414922E-3
1.492000E-7	1.459458E-3
1.492500E-7	1.481727E-3
1.493000E-7	1.495430E-3
1.493500E-7	1.524550E-3
1.494000E-7	1.548532E-3
1.494500E-7	1.567374E-3
1.495000E-7	1.586217E-3
1.495500E-7	1.618763E-3
1.496000E-7	1.666725E-3
1.496500E-7	1.719827E-3
1.497000E-7	1.764363E-3
1.497500E-7	1.824317E-3
1.498000E-7	1.916816E-3
1.498500E-7	2.029871E-3
1.499000E-7	2.132648E-3
1.499500E-7	2.196027E-3
1.500000E-7	2.204592E-3
1.500500E-7	2.161768E-3
1.501000E-7	2.089824E-3
1.501500E-7	2.007602E-3
1.502000E-7	1.923668E-3
1.502500E-7	1.856863E-3
1.503000E-7	1.820891E-3
1.503500E-7	1.808900E-3
1.504000E-7	1.829456E-3
1.504500E-7	1.897974E-3
1.505000E-7	1.987047E-3
1.505500E-7	2.079546E-3
1.506000E-7	2.185749E-3
1.506500E-7	2.302230E-3
1.507000E-7	2.386164E-3
1.507500E-7	2.430701E-3
1.508000E-7	2.458108E-3
1.508500E-7	2.449543E-3
1.509000E-7	2.408433E-3
1.509500E-7	2.367322E-3
1.510000E-7	2.327924E-3
1.510500E-7	2.266258E-3
1.511000E-7	2.196027E-3
1.511500E-7	2.125796E-3
1.512000E-7	2.053852E-3
1.512500E-7	1.985334E-3
1.513000E-7	1.933945E-3
1.513500E-7	1.908251E-3
1.514000E-7	1.894548E-3
1.514500E-7	1.873992E-3
1.515000E-7	1.855150E-3
1.515500E-7	1.836307E-3
1.516000E-7	1.807187E-3
1.516500E-7	1.778067E-3
1.517000E-7	1.774641E-3
1.517500E-7	1.793484E-3
1.518000E-7	1.793484E-3
1.518500E-7	1.769502E-3
1.519000E-7	1.743808E-3
1.519500E-7	1.712975E-3
1.520000E-7	1.678716E-3
1.520500E-7	1.654735E-3
1.521000E-7	1.629040E-3
1.521500E-7	1.596494E-3
1.522000E-7	1.575939E-3
1.522500E-7	1.577652E-3
1.523000E-7	1.584504E-3
1.523500E-7	1.593068E-3
1.524000E-7	1.615337E-3
1.524500E-7	1.637605E-3
1.525000E-7	1.658161E-3
1.525500E-7	1.704410E-3
1.526000E-7	1.769502E-3
1.526500E-7	1.826030E-3
1.527000E-7	1.870566E-3
1.527500E-7	1.908251E-3
1.528000E-7	1.913390E-3
1.528500E-7	1.909964E-3
1.529000E-7	1.908251E-3
1.529500E-7	1.885983E-3
1.530000E-7	1.843159E-3
1.530500E-7	1.803761E-3
1.531000E-7	1.752373E-3
1.531500E-7	1.649596E-3
1.532000E-7	1.505708E-3
1.532500E-7	1.375524E-3
1.533000E-7	1.259043E-3
1.533500E-7	1.159692E-3
1.534000E-7	1.111729E-3
1.534500E-7	1.142563E-3
1.535000E-7	1.192238E-3
1.535500E-7	1.223071E-3
1.536000E-7	1.245340E-3
1.536500E-7	1.279599E-3
1.537000E-7	1.325848E-3
1.537500E-7	1.365246E-3
1.538000E-7	1.378950E-3
1.538500E-7	1.354968E-3
1.539000E-7	1.317283E-3
1.539500E-7	1.271034E-3
1.540000E-7	1.226497E-3
1.540500E-7	1.202516E-3
1.541000E-7	1.212794E-3
1.541500E-7	1.250478E-3
1.542000E-7	1.300154E-3
1.542500E-7	1.353255E-3
1.543000E-7	1.394366E-3
1.543500E-7	1.421773E-3
1.544000E-7	1.426912E-3
1.544500E-7	1.409783E-3
1.545000E-7	1.372098E-3
1.545500E-7	1.327561E-3
1.546000E-7	1.291589E-3
1.546500E-7	1.264182E-3
1.547000E-7	1.229923E-3
1.547500E-7	1.212794E-3
1.548000E-7	1.233349E-3
1.548500E-7	1.295015E-3
1.549000E-7	1.361820E-3
1.549500E-7	1.408070E-3
1.550000E-7	1.466310E-3
1.550500E-7	1.538254E-3
1.551000E-7	1.587930E-3
1.551500E-7	1.594781E-3
1.552000E-7	1.567374E-3
1.552500E-7	1.514273E-3
1.553000E-7	1.438903E-3
1.553500E-7	1.358394E-3
1.554000E-7	1.276173E-3
1.554500E-7	1.204229E-3
1.555000E-7	1.152840E-3
1.555500E-7	1.145988E-3
1.556000E-7	1.185386E-3
1.556500E-7	1.247053E-3
1.557000E-7	1.312145E-3
1.557500E-7	1.378950E-3
1.558000E-7	1.438903E-3
1.558500E-7	1.478301E-3
1.559000E-7	1.485153E-3
1.559500E-7	1.461171E-3
1.560000E-7	1.426912E-3
1.560500E-7	1.380663E-3
1.561000E-7	1.312145E-3
1.561500E-7	1.233349E-3
1.562000E-7	1.175109E-3
1.562500E-7	1.147701E-3
1.563000E-7	1.164831E-3
1.563500E-7	1.226497E-3
1.564000E-7	1.324135E-3
1.564500E-7	1.426912E-3
1.565000E-7	1.529689E-3
1.565500E-7	1.622189E-3
1.566000E-7	1.690707E-3
1.566500E-7	1.728391E-3
1.567000E-7	1.728391E-3
1.567500E-7	1.692420E-3
1.568000E-7	1.610198E-3
1.568500E-7	1.503995E-3
1.569000E-7	1.411496E-3
1.569500E-7	1.313858E-3
1.570000E-7	1.235062E-3
1.570500E-7	1.216219E-3
1.571000E-7	1.259043E-3
1.571500E-7	1.344691E-3
1.572000E-7	1.478301E-3
1.572500E-7	1.653022E-3
1.573000E-7	1.831168E-3
1.573500E-7	1.987047E-3
1.574000E-7	2.122370E-3
1.574500E-7	2.213156E-3
1.575000E-7	2.230286E-3
1.575500E-7	2.172046E-3
1.576000E-7	2.069269E-3
1.576500E-7	1.942510E-3
1.577000E-7	1.802048E-3
1.577500E-7	1.642744E-3
1.578000E-7	1.485153E-3
1.578500E-7	1.349830E-3
1.579000E-7	1.247053E-3
1.579500E-7	1.171683E-3
1.580000E-7	1.127146E-3
1.580500E-7	1.104878E-3
1.581000E-7	1.108304E-3
1.581500E-7	1.140850E-3
1.582000E-7	1.195664E-3
1.582500E-7	1.250478E-3
1.583000E-7	1.298441E-3
1.583500E-7	1.356681E-3
1.584000E-7	1.444042E-3
1.584500E-7	1.546819E-3
1.585000E-7	1.647883E-3
1.585500E-7	1.738669E-3
1.586000E-7	1.810613E-3
1.586500E-7	1.862002E-3
1.587000E-7	1.892835E-3
1.587500E-7	1.896261E-3
1.588000E-7	1.880844E-3
1.588500E-7	1.844872E-3
1.589000E-7	1.771215E-3
1.589500E-7	1.665012E-3
1.590000E-7	1.551958E-3
1.590500E-7	1.418348E-3
1.591000E-7	1.247053E-3
1.591500E-7	1.068906E-3
1.592000E-7	9.233050E-4
1.592500E-7	7.965466E-4
1.593000E-7	6.715013E-4
1.593500E-7	5.944185E-4
1.594000E-7	5.824279E-4
1.594500E-7	6.132610E-4
1.595000E-7	6.783531E-4
1.595500E-7	7.828430E-4
1.596000E-7	8.907589E-4
1.596500E-7	9.883971E-4
1.597000E-7	1.104878E-3
1.597500E-7	1.248765E-3
1.598000E-7	1.372098E-3
1.598500E-7	1.464597E-3
1.599000E-7	1.539967E-3
1.599500E-7	1.587930E-3
1.600000E-7	1.613624E-3
1.600500E-7	1.639318E-3
1.601000E-7	1.675290E-3
1.601500E-7	1.695845E-3
1.602000E-7	1.699271E-3
1.602500E-7	1.699271E-3
1.603000E-7	1.685568E-3
1.603500E-7	1.647883E-3
1.604000E-7	1.596494E-3
1.604500E-7	1.534828E-3
1.605000E-7	1.468023E-3
1.605500E-7	1.387514E-3
1.606000E-7	1.307006E-3
1.606500E-7	1.253904E-3
1.607000E-7	1.231636E-3
1.607500E-7	1.223071E-3
1.608000E-7	1.238488E-3
1.608500E-7	1.305293E-3
1.609000E-7	1.404644E-3
1.609500E-7	1.498856E-3
1.610000E-7	1.589643E-3
1.610500E-7	1.692420E-3
1.611000E-7	1.788345E-3
1.611500E-7	1.856863E-3
1.612000E-7	1.896261E-3
1.612500E-7	1.897974E-3
1.613000E-7	1.846585E-3
1.613500E-7	1.757512E-3
1.614000E-7	1.639318E-3
1.614500E-7	1.498856E-3
1.615000E-7	1.361820E-3
1.615500E-7	1.243627E-3
1.616000E-7	1.171683E-3
1.616500E-7	1.142563E-3
1.617000E-7	1.151127E-3
1.617500E-7	1.188812E-3
1.618000E-7	1.252191E-3
1.618500E-7	1.329274E-3
1.619000E-7	1.406357E-3
1.619500E-7	1.498856E-3
1.620000E-7	1.598207E-3
1.620500E-7	1.671864E-3
1.621000E-7	1.711262E-3
1.621500E-7	1.731817E-3
1.622000E-7	1.730104E-3
1.622500E-7	1.709549E-3
1.623000E-7	1.687281E-3
1.623500E-7	1.668438E-3
1.624000E-7	1.639318E-3
1.624500E-7	1.610198E-3
1.625000E-7	1.581078E-3
1.625500E-7	1.524550E-3
1.626000E-7	1.454319E-3
1.626500E-7	1.401218E-3
1.627000E-7	1.365246E-3
1.627500E-7	1.312145E-3
1.628000E-7	1.221358E-3
1.628500E-7	1.111729E-3
1.629000E-7	9.952489E-4
1.629500E-7	8.873330E-4
1.630000E-7	7.999725E-4
1.630500E-7	7.434452E-4
1.631000E-7	7.057603E-4
1.631500E-7	6.886308E-4
1.632000E-7	7.074732E-4
1.632500E-7	7.485840E-4
1.633000E-7	7.965466E-4
1.633500E-7	8.445093E-4
1.634000E-7	8.958978E-4
1.634500E-7	9.472863E-4
1.635000E-7	1.017517E-3
1.635500E-7	1.089461E-3
1.636000E-7	1.137424E-3
1.636500E-7	1.156266E-3
1.637000E-7	1.161405E-3
1.637500E-7	1.145988E-3
1.638000E-7	1.108304E-3
1.638500E-7	1.072332E-3
1.639000E-7	1.043211E-3
1.639500E-7	9.969618E-4
1.640000E-7	9.421474E-4
1.640500E-7	9.215920E-4
1.641000E-7	9.164532E-4
1.641500E-7	8.890460E-4
1.642000E-7	8.427963E-4
1.642500E-7	8.102502E-4
1.643000E-7	7.554358E-4
1.643500E-7	6.732142E-4
1.644000E-7	6.064092E-4
1.644500E-7	5.875667E-4
1.645000E-7	5.721502E-4
1.645500E-7	5.515948E-4
1.646000E-7	5.790020E-4
1.646500E-7	6.458070E-4
1.647000E-7	7.091862E-4
1.647500E-7	7.674265E-4
1.648000E-7	8.496481E-4
1.648500E-7	9.370086E-4
1.649000E-7	1.003814E-3
1.649500E-7	1.053489E-3
1.650000E-7	1.070619E-3
1.650500E-7	1.044924E-3
1.651000E-7	9.832582E-4
1.651500E-7	9.130273E-4
1.652000E-7	8.427963E-4
1.652500E-7	7.999725E-4
1.653000E-7	7.845560E-4
1.653500E-7	7.725653E-4
1.654000E-7	7.845560E-4
1.654500E-7	8.496481E-4
1.655000E-7	9.438604E-4
1.655500E-7	1.039786E-3
1.656000E-7	1.127146E-3
1.656500E-7	1.211081E-3
1.657000E-7	1.276173E-3
1.657500E-7	1.324135E-3
1.658000E-7	1.363533E-3
1.658500E-7	1.397792E-3
1.659000E-7	1.416635E-3
1.659500E-7	1.399505E-3
1.660000E-7	1.361820E-3
1.660500E-7	1.334413E-3
1.661000E-7	1.307006E-3
1.661500E-7	1.265895E-3
1.662000E-7	1.228210E-3
1.662500E-7	1.212794E-3
1.663000E-7	1.199090E-3
1.663500E-7	1.178535E-3
1.664000E-7	1.169970E-3
1.664500E-7	1.164831E-3
1.665000E-7	1.149414E-3
1.665500E-7	1.128859E-3
1.666000E-7	1.116868E-3
1.666500E-7	1.108304E-3
1.667000E-7	1.108304E-3
1.667500E-7	1.106591E-3
1.668000E-7	1.084322E-3
1.668500E-7	1.046637E-3
1.669000E-7	1.022656E-3
1.669500E-7	1.017517E-3
1.670000E-7	1.015804E-3
1.670500E-7	1.024369E-3
1.671000E-7	1.038073E-3
1.671500E-7	1.051776E-3
1.672000E-7	1.074045E-3
1.672500E-7	1.115155E-3
1.673000E-7	1.169970E-3
1.673500E-7	1.228210E-3
1.674000E-7	1.289876E-3
1.674500E-7	1.356681E-3
1.675000E-7	1.411496E-3
1.675500E-7	1.442329E-3
1.676000E-7	1.471449E-3
1.676500E-7	1.503995E-3
1.677000E-7	1.509134E-3
1.677500E-7	1.480014E-3
1.678000E-7	1.433764E-3
1.678500E-7	1.377237E-3
1.679000E-7	1.295015E-3
1.679500E-7	1.188812E-3
1.680000E-7	1.084322E-3
1.680500E-7	9.712676E-4
1.681000E-7	8.410834E-4
1.681500E-7	7.246027E-4
1.682000E-7	6.423811E-4
1.682500E-7	5.738631E-4
1.683000E-7	5.104840E-4
1.683500E-7	4.608084E-4
1.684000E-7	4.419660E-4
1.684500E-7	4.556696E-4
1.685000E-7	4.847897E-4
1.685500E-7	5.139099E-4
1.686000E-7	5.567336E-4
1.686500E-7	6.440941E-4
1.687000E-7	7.657135E-4
1.687500E-7	8.770553E-4
1.688000E-7	9.746935E-4
1.688500E-7	1.099739E-3
1.689000E-7	1.241914E-3
1.689500E-7	1.346404E-3
1.690000E-7	1.406357E-3
1.690500E-7	1.452607E-3
1.691000E-7	1.486866E-3
1.691500E-7	1.481727E-3
1.692000E-7	1.452607E-3
1.692500E-7	1.411496E-3
1.693000E-7	1.342978E-3
1.693500E-7	1.252191E-3
1.694000E-7	1.157979E-3
1.694500E-7	1.058628E-3
1.695000E-7	9.609899E-4
1.695500E-7	8.907589E-4
1.696000E-7	8.376575E-4
1.696500E-7	7.794171E-4
1.697000E-7	7.348804E-4
1.697500E-7	7.194639E-4
1.698000E-7	7.160380E-4
1.698500E-7	7.211768E-4
1.699000E-7	7.365934E-4
1.699500E-7	7.588617E-4
1.700000E-7	7.914078E-4
1.700500E-7	8.427963E-4
1.701000E-7	9.147402E-4
1.701500E-7	9.935359E-4
1.702000E-7	1.077470E-3
1.702500E-7	1.161405E-3
1.703000E-7	1.211081E-3
1.703500E-7	1.236775E-3
1.704000E-7	1.274460E-3
1.704500E-7	1.318996E-3
1.705000E-7	1.346404E-3
1.705500E-7	1.351542E-3
1.706000E-7	1.351542E-3
1.706500E-7	1.334413E-3
1.707000E-7	1.283024E-3
1.707500E-7	1.192238E-3
1.708000E-7	1.089461E-3
1.708500E-7	9.918230E-4
1.709000E-7	8.924719E-4
1.709500E-7	7.896948E-4
1.710000E-7	7.160380E-4
1.710500E-7	6.732142E-4
1.711000E-7	6.321034E-4
1.711500E-7	5.875667E-4
1.712000E-7	5.618725E-4
1.712500E-7	5.447430E-4
1.713000E-7	5.053451E-4
1.713500E-7	4.488178E-4
1.714000E-7	3.905775E-4
1.714500E-7	3.391890E-4
1.715000E-7	2.963652E-4
1.715500E-7	2.603933E-4
1.716000E-7	2.261343E-4
1.716500E-7	2.141436E-4
1.717000E-7	2.484026E-4
1.717500E-7	3.254854E-4
1.718000E-7	4.334012E-4
1.718500E-7	5.721502E-4
1.719000E-7	7.383063E-4
1.719500E-7	9.096014E-4
1.720000E-7	1.063767E-3
1.720500E-7	1.183673E-3
1.721000E-7	1.248765E-3
1.721500E-7	1.264182E-3
1.722000E-7	1.243627E-3
1.722500E-7	1.183673E-3
1.723000E-7	1.104878E-3
1.723500E-7	1.031221E-3
1.724000E-7	9.644158E-4
1.724500E-7	8.787683E-4
1.725000E-7	7.965466E-4
1.725500E-7	7.520099E-4
1.726000E-7	7.263157E-4
1.726500E-7	7.040473E-4
1.727000E-7	7.108991E-4
1.727500E-7	7.400193E-4
1.728000E-7	7.537229E-4
1.728500E-7	7.434452E-4
1.729000E-7	7.280286E-4
1.729500E-7	7.006214E-4
1.730000E-7	6.372423E-4
1.730500E-7	5.464559E-4
1.731000E-7	4.368271E-4
1.731500E-7	3.169206E-4
1.732000E-7	2.072918E-4
1.732500E-7	1.147925E-4
1.733000E-7	2.571913E-5
1.733500E-7	-2.053053E-5
1.734000E-7	1.737825E-6
1.734500E-7	6.169108E-5
1.735000E-7	1.473386E-4
1.735500E-7	2.792357E-4
1.736000E-7	4.231235E-4
1.736500E-7	5.378912E-4
1.737000E-7	6.475200E-4
1.737500E-7	7.674265E-4
1.738000E-7	8.702035E-4
1.738500E-7	9.524251E-4
1.739000E-7	1.024369E-3
1.739500E-7	1.070619E-3
1.740000E-7	1.084322E-3
1.740500E-7	1.091174E-3
1.741000E-7	1.091174E-3
1.741500E-7	1.075758E-3
1.742000E-7	1.056915E-3
1.742500E-7	1.034647E-3
1.743000E-7	9.883971E-4
1.743500E-7	9.370086E-4
1.744000E-7	9.078884E-4
1.744500E-7	9.061755E-4
1.745000E-7	9.078884E-4
1.745500E-7	9.113143E-4
1.746000E-7	9.250179E-4
1.746500E-7	9.575640E-4
1.747000E-7	1.005527E-3
1.747500E-7	1.058628E-3
1.748000E-7	1.110017E-3
1.748500E-7	1.159692E-3
1.749000E-7	1.200803E-3
1.749500E-7	1.211081E-3
1.750000E-7	1.188812E-3
1.750500E-7	1.151127E-3
1.751000E-7	1.098026E-3
1.751500E-7	1.024369E-3
1.752000E-7	9.352956E-4
1.752500E-7	8.393704E-4
1.753000E-7	7.485840E-4
1.753500E-7	6.663624E-4
1.754000E-7	5.978444E-4
1.754500E-7	5.533077E-4
1.755000E-7	5.515948E-4
1.755500E-7	5.858538E-4
1.756000E-7	6.389552E-4
1.756500E-7	7.108991E-4
1.757000E-7	8.033984E-4
1.757500E-7	8.821942E-4
1.758000E-7	9.335827E-4
1.758500E-7	9.883971E-4
1.759000E-7	1.070619E-3
1.759500E-7	1.140850E-3
1.760000E-7	1.185386E-3
1.760500E-7	1.193951E-3
1.761000E-7	1.140850E-3
1.761500E-7	1.046637E-3
1.762000E-7	9.489992E-4
1.762500E-7	8.616388E-4
1.763000E-7	7.588617E-4
1.763500E-7	6.680754E-4
1.764000E-7	6.286775E-4
1.764500E-7	6.406682E-4
1.765000E-7	6.852049E-4
1.765500E-7	7.554358E-4
1.766000E-7	8.530740E-4
1.766500E-7	9.575640E-4
1.767000E-7	1.044924E-3
1.767500E-7	1.110017E-3
1.768000E-7	1.149414E-3
1.768500E-7	1.156266E-3
1.769000E-7	1.123720E-3
1.769500E-7	1.043211E-3
1.770000E-7	9.096014E-4
1.770500E-7	7.571488E-4
1.771000E-7	6.098351E-4
1.771500E-7	4.779379E-4
1.772000E-7	3.494667E-4
1.772500E-7	2.346990E-4
1.773000E-7	1.593292E-4
1.773500E-7	1.233573E-4
1.774000E-7	1.130796E-4
1.774500E-7	1.370609E-4
1.775000E-7	1.884494E-4
1.775500E-7	2.398379E-4
1.776000E-7	2.826616E-4
1.776500E-7	3.374760E-4
1.777000E-7	3.991422E-4
1.777500E-7	4.488178E-4
1.778000E-7	4.899286E-4
1.778500E-7	5.533077E-4
1.779000E-7	6.440941E-4
1.779500E-7	7.365934E-4
1.780000E-7	8.102502E-4
1.780500E-7	8.702035E-4
1.781000E-7	9.301568E-4
1.781500E-7	9.866841E-4
1.782000E-7	1.031221E-3
1.782500E-7	1.068906E-3
1.783000E-7	1.091174E-3
1.783500E-7	1.096313E-3
1.784000E-7	1.103165E-3
1.784500E-7	1.116868E-3
1.785000E-7	1.116868E-3
1.785500E-7	1.098026E-3
1.786000E-7	1.080896E-3
1.786500E-7	1.055202E-3
1.787000E-7	1.005527E-3
1.787500E-7	9.387215E-4
1.788000E-7	8.650647E-4
1.788500E-7	7.845560E-4
1.789000E-7	7.074732E-4
1.789500E-7	6.372423E-4
1.790000E-7	5.687243E-4
1.790500E-7	4.933545E-4
1.791000E-7	4.368271E-4
1.791500E-7	4.179847E-4
1.792000E-7	4.522437E-4
1.792500E-7	5.361782E-4
1.793000E-7	6.372423E-4
1.793500E-7	7.400193E-4
1.794000E-7	8.582129E-4
1.794500E-7	9.918230E-4
1.795000E-7	1.106591E-3
1.795500E-7	1.185386E-3
1.796000E-7	1.214506E-3
1.796500E-7	1.197377E-3
1.797000E-7	1.135711E-3
1.797500E-7	1.060341E-3
1.798000E-7	9.729805E-4
1.798500E-7	8.547870E-4
1.799000E-7	7.194639E-4
1.799500E-7	6.064092E-4
1.800000E-7	5.378912E-4
1.800500E-7	5.207617E-4
1.801000E-7	5.481689E-4
1.801500E-7	6.046962E-4
1.802000E-7	6.886308E-4
1.802500E-7	8.016855E-4
1.803000E-7	9.421474E-4
1.803500E-7	1.087748E-3
1.804000E-7	1.209368E-3
1.804500E-7	1.283024E-3
1.805000E-7	1.332700E-3
1.805500E-7	1.372098E-3
1.806000E-7	1.392653E-3
1.806500E-7	1.390940E-3
1.807000E-7	1.375524E-3
1.807500E-7	1.349830E-3
1.808000E-7	1.315571E-3
1.808500E-7	1.277886E-3
1.809000E-7	1.236775E-3
1.809500E-7	1.171683E-3
1.810000E-7	1.087748E-3
1.810500E-7	1.015804E-3
1.811000E-7	9.558510E-4
1.811500E-7	8.976107E-4
1.812000E-7	8.462222E-4
1.812500E-7	8.153891E-4
1.813000E-7	7.708524E-4
1.813500E-7	7.160380E-4
1.814000E-7	6.715013E-4
1.814500E-7	6.492329E-4
1.815000E-7	6.303905E-4
1.815500E-7	6.064092E-4
1.816000E-7	5.807149E-4
1.816500E-7	5.601595E-4
1.817000E-7	5.584466E-4
1.817500E-7	5.824279E-4
1.818000E-7	6.252516E-4
1.818500E-7	6.749272E-4
1.819000E-7	7.297416E-4
1.819500E-7	7.896948E-4
1.820000E-7	8.513611E-4
1.820500E-7	9.027496E-4
1.821000E-7	9.438604E-4
1.821500E-7	9.609899E-4
1.822000E-7	9.387215E-4
1.822500E-7	8.839071E-4
1.823000E-7	8.273797E-4
1.823500E-7	7.588617E-4
1.824000E-7	6.577977E-4
1.824500E-7	5.533077E-4
1.825000E-7	4.813638E-4
1.825500E-7	4.316883E-4
1.826000E-7	3.888645E-4
1.826500E-7	3.648832E-4
1.827000E-7	3.614573E-4
1.827500E-7	3.614573E-4
1.828000E-7	3.717350E-4
1.828500E-7	3.922904E-4
1.829000E-7	4.145588E-4
1.829500E-7	4.196976E-4
1.830000E-7	4.094199E-4
1.830500E-7	3.802998E-4
1.831000E-7	3.494667E-4
1.831500E-7	3.254854E-4
1.832000E-7	2.929393E-4
1.832500E-7	2.415508E-4
1.833000E-7	2.038659E-4
1.833500E-7	2.038659E-4
1.834000E-7	2.209954E-4
1.834500E-7	2.569674E-4
1.835000E-7	3.477537E-4
1.835500E-7	4.984933E-4
1.836000E-7	6.475200E-4
1.836500E-7	7.759912E-4
1.837000E-7	9.130273E-4
1.837500E-7	1.053489E-3
1.838000E-7	1.154553E-3
1.838500E-7	1.202516E-3
1.839000E-7	1.212794E-3
1.839500E-7	1.185386E-3
1.840000E-7	1.132285E-3
1.840500E-7	1.053489E-3
1.841000E-7	9.233050E-4
1.841500E-7	7.605747E-4
1.842000E-7	6.166869E-4
1.842500E-7	4.933545E-4
1.843000E-7	4.025681E-4
1.843500E-7	3.751609E-4
1.844000E-7	4.145588E-4
1.844500E-7	4.830768E-4
1.845000E-7	5.824279E-4
1.845500E-7	7.143250E-4
1.846000E-7	8.479352E-4
1.846500E-7	9.644158E-4
1.847000E-7	1.053489E-3
1.847500E-7	1.101452E-3
1.848000E-7	1.091174E-3
1.848500E-7	1.036360E-3
1.849000E-7	9.421474E-4
1.849500E-7	8.239538E-4
1.850000E-7	6.937696E-4
1.850500E-7	5.790020E-4
1.851000E-7	4.984933E-4
1.851500E-7	4.573825E-4
1.852000E-7	4.488178E-4
1.852500E-7	4.813638E-4
1.853000E-7	5.567336E-4
1.853500E-7	6.560847E-4
1.854000E-7	7.588617E-4
1.854500E-7	8.616388E-4
1.855000E-7	9.627028E-4
1.855500E-7	1.032934E-3
1.856000E-7	1.060341E-3
1.856500E-7	1.065480E-3
1.857000E-7	1.062054E-3
1.857500E-7	1.015804E-3
1.858000E-7	9.181661E-4
1.858500E-7	8.153891E-4
1.859000E-7	7.314545E-4
1.859500E-7	6.475200E-4
1.860000E-7	5.550207E-4
1.860500E-7	4.796509E-4
1.861000E-7	4.265494E-4
1.861500E-7	3.871516E-4
1.862000E-7	3.888645E-4
1.862500E-7	4.316883E-4
1.863000E-7	4.796509E-4
1.863500E-7	5.293264E-4
1.864000E-7	5.944185E-4
1.864500E-7	6.577977E-4
1.865000E-7	6.834919E-4
1.865500E-7	6.715013E-4
1.866000E-7	6.475200E-4
1.866500E-7	6.098351E-4
1.867000E-7	5.533077E-4
1.867500E-7	4.950674E-4
1.868000E-7	4.488178E-4
1.868500E-7	4.231235E-4
1.869000E-7	4.059940E-4
1.869500E-7	3.991422E-4
1.870000E-7	4.042811E-4
1.870500E-7	4.128458E-4
1.871000E-7	4.196976E-4
1.871500E-7	4.231235E-4
1.872000E-7	4.145588E-4
1.872500E-7	3.820127E-4
1.873000E-7	3.306242E-4
1.873500E-7	2.723839E-4
1.874000E-7	2.278472E-4
1.874500E-7	2.004400E-4
1.875000E-7	1.970141E-4
1.875500E-7	2.261343E-4
1.876000E-7	2.878005E-4
1.876500E-7	3.734480E-4
1.877000E-7	4.967804E-4
1.877500E-7	6.509459E-4
1.878000E-7	7.914078E-4
1.878500E-7	8.856201E-4
1.879000E-7	9.507122E-4
1.879500E-7	9.969618E-4
1.880000E-7	9.935359E-4
1.880500E-7	9.318697E-4
1.881000E-7	8.290927E-4
1.881500E-7	6.937696E-4
1.882000E-7	5.241876E-4
1.882500E-7	3.580314E-4
1.883000E-7	2.329861E-4
1.883500E-7	1.541904E-4
1.884000E-7	1.233573E-4
1.884500E-7	1.627551E-4
1.885000E-7	2.535415E-4
1.885500E-7	3.648832E-4
1.886000E-7	4.950674E-4
1.886500E-7	6.355293E-4
1.887000E-7	7.434452E-4
1.887500E-7	7.965466E-4
1.888000E-7	8.119632E-4
1.888500E-7	8.016855E-4
1.889000E-7	7.434452E-4
1.889500E-7	6.423811E-4
1.890000E-7	5.190487E-4
1.890500E-7	3.802998E-4
1.891000E-7	2.484026E-4
1.891500E-7	1.576163E-4
1.892000E-7	1.267832E-4
1.892500E-7	1.387738E-4
1.893000E-7	1.953012E-4
1.893500E-7	2.980782E-4
1.894000E-7	4.385401E-4
1.894500E-7	5.618725E-4
1.895000E-7	6.372423E-4
1.895500E-7	6.766401E-4
1.896000E-7	6.954826E-4
1.896500E-7	6.697883E-4
1.897000E-7	5.858538E-4
1.897500E-7	4.625214E-4
1.898000E-7	3.117818E-4
1.898500E-7	1.473386E-4
1.899000E-7	3.450775E-6
1.899500E-7	-9.590033E-5
1.900000E-7	-1.455759E-4
1.900500E-7	-1.438629E-4
1.901000E-7	-7.705788E-5
1.901500E-7	4.113568E-5
1.902000E-7	1.987271E-4
1.902500E-7	3.717350E-4
1.903000E-7	5.447430E-4
1.903500E-7	7.057603E-4
1.904000E-7	8.410834E-4
1.904500E-7	9.284438E-4
1.905000E-7	9.627028E-4
1.905500E-7	9.609899E-4
1.906000E-7	9.096014E-4
1.906500E-7	7.948337E-4
1.907000E-7	6.458070E-4
1.907500E-7	5.070581E-4
1.908000E-7	3.974293E-4
1.908500E-7	3.289113E-4
1.909000E-7	3.220595E-4
1.909500E-7	3.717350E-4
1.910000E-7	4.608084E-4
1.910500E-7	5.755761E-4
1.911000E-7	6.937696E-4
1.911500E-7	7.828430E-4
1.912000E-7	8.376575E-4
1.912500E-7	8.702035E-4
1.913000E-7	8.753424E-4
1.913500E-7	8.393704E-4
1.914000E-7	7.674265E-4
1.914500E-7	6.920567E-4
1.915000E-7	6.218257E-4
1.915500E-7	5.584466E-4
1.916000E-7	5.190487E-4
1.916500E-7	5.121969E-4
1.917000E-7	5.378912E-4
1.917500E-7	5.721502E-4
1.918000E-7	6.081221E-4
1.918500E-7	6.355293E-4
1.919000E-7	6.680754E-4
1.919500E-7	7.108991E-4
1.920000E-7	7.708524E-4
1.920500E-7	8.102502E-4
1.921000E-7	8.068243E-4
1.921500E-7	7.640006E-4
1.922000E-7	6.989085E-4
1.922500E-7	6.115480E-4
1.923000E-7	5.207617E-4
1.923500E-7	4.351142E-4
1.924000E-7	3.700221E-4
1.924500E-7	3.169206E-4
1.925000E-7	2.535415E-4
1.925500E-7	1.901623E-4
1.926000E-7	1.387738E-4
1.926500E-7	1.045148E-4
1.927000E-7	9.081123E-5
1.927500E-7	1.062278E-4
1.928000E-7	1.593292E-4
1.928500E-7	2.364120E-4
1.929000E-7	3.254854E-4
1.929500E-7	4.179847E-4
1.930000E-7	4.950674E-4
1.930500E-7	5.652984E-4
1.931000E-7	6.338164E-4
1.931500E-7	6.886308E-4
1.932000E-7	7.108991E-4
1.932500E-7	7.126121E-4
1.933000E-7	7.023344E-4
1.933500E-7	6.697883E-4
1.934000E-7	6.269646E-4
1.934500E-7	5.790020E-4
1.935000E-7	5.327523E-4
1.935500E-7	5.036322E-4
1.936000E-7	4.916415E-4
1.936500E-7	4.899286E-4
1.937000E-7	4.762250E-4
1.937500E-7	4.625214E-4
1.938000E-7	4.625214E-4
1.938500E-7	4.762250E-4
1.939000E-7	4.899286E-4
1.939500E-7	5.053451E-4
1.940000E-7	5.207617E-4
1.940500E-7	5.241876E-4
1.941000E-7	4.967804E-4
1.941500E-7	4.436789E-4
1.942000E-7	4.025681E-4
1.942500E-7	3.957163E-4
1.943000E-7	4.059940E-4
1.943500E-7	4.179847E-4
1.944000E-7	4.385401E-4
1.944500E-7	4.471048E-4
1.945000E-7	4.265494E-4
1.945500E-7	4.008552E-4
1.946000E-7	3.888645E-4
1.946500E-7	3.768739E-4
1.947000E-7	3.203465E-4
1.947500E-7	2.244213E-4
1.948000E-7	1.267832E-4
1.948500E-7	5.826518E-5
1.949000E-7	1.544143E-5
1.949500E-7	-2.224348E-5
1.950000E-7	-4.108593E-5
1.950500E-7	-3.594708E-5
1.951000E-7	-6.826926E-6
1.951500E-7	2.058028E-5
1.952000E-7	3.942273E-5
1.952500E-7	6.340403E-5
1.953000E-7	9.081123E-5
1.953500E-7	1.062278E-4
1.954000E-7	1.165055E-4
1.954500E-7	1.387738E-4
1.955000E-7	1.696069E-4
1.955500E-7	2.021530E-4
1.956000E-7	2.381249E-4
1.956500E-7	2.655321E-4
1.957000E-7	2.518285E-4
1.957500E-7	2.107177E-4
1.958000E-7	1.935882E-4
1.958500E-7	1.970141E-4
1.959000E-7	1.713199E-4
1.959500E-7	1.182184E-4
1.960000E-7	5.826518E-5
1.960500E-7	6.876675E-6
1.961000E-7	-3.252118E-5
1.961500E-7	-5.821543E-5
1.962000E-7	-7.020608E-5
1.962500E-7	-6.164133E-5
1.963000E-7	-6.335428E-5
1.963500E-7	-7.877083E-5
1.964000E-7	-7.363198E-5
1.964500E-7	-4.108593E-5
1.965000E-7	-8.539876E-6
1.965500E-7	1.886733E-5
1.966000E-7	6.511698E-5
1.966500E-7	1.284961E-4
1.967000E-7	2.021530E-4
1.967500E-7	3.015041E-4
1.968000E-7	4.162717E-4
1.968500E-7	5.173358E-4
1.969000E-7	6.012703E-4
1.969500E-7	6.834919E-4
1.970000E-7	7.588617E-4
1.970500E-7	8.016855E-4
1.971000E-7	8.153891E-4
1.971500E-7	8.136761E-4
1.972000E-7	8.033984E-4
1.972500E-7	7.879819E-4
1.973000E-7	7.742783E-4
1.973500E-7	7.759912E-4
1.974000E-7	7.742783E-4
1.974500E-7	7.588617E-4
1.975000E-7	7.725653E-4
1.975500E-7	8.222409E-4
1.976000E-7	8.736294E-4
1.976500E-7	9.147402E-4
1.977000E-7	9.644158E-4
1.977500E-7	9.935359E-4
1.978000E-7	9.918230E-4
1.978500E-7	9.609899E-4
1.979000E-7	8.873330E-4
1.979500E-7	7.674265E-4
1.980000E-7	6.132610E-4
1.980500E-7	4.436789E-4
1.981000E-7	2.740969E-4
1.981500E-7	1.216443E-4
1.982000E-7	-6.826926E-6
1.982500E-7	-1.164557E-4
1.983000E-7	-1.832608E-4
1.983500E-7	-1.866867E-4
1.984000E-7	-1.387241E-4
1.984500E-7	-6.506723E-5
1.985000E-7	1.544143E-5
1.985500E-7	1.079407E-4
1.986000E-7	1.918753E-4
1.986500E-7	2.638192E-4
1.987000E-7	3.049300E-4
1.987500E-7	3.134947E-4
1.988000E-7	2.775228E-4
1.988500E-7	2.175695E-4
1.989000E-7	1.559033E-4
1.989500E-7	9.081123E-5
1.990000E-7	6.876675E-6
1.990500E-7	-6.506723E-5
1.991000E-7	-1.044651E-4
1.991500E-7	-1.061780E-4
1.992000E-7	-8.219673E-5
1.992500E-7	-2.909528E-5
1.993000E-7	4.284863E-5
1.993500E-7	1.199314E-4
1.994000E-7	2.021530E-4
1.994500E-7	2.672451E-4
1.995000E-7	2.895134E-4
1.995500E-7	2.792357E-4
1.996000E-7	2.775228E-4
1.996500E-7	2.723839E-4
1.997000E-7	2.638192E-4
1.997500E-7	2.432638E-4
1.998000E-7	2.175695E-4
1.998500E-7	1.850235E-4
1.999000E-7	1.507645E-4
1.999500E-7	1.353479E-4
2.000000E-7	1.456256E-4
