Study Name	PremaTech_CVD_SiC_HeandSi
Sample Name	2025-10-15
Run Name	spot04
Operator	Keshav
Date	10/15/2025
Time	18:34
Sign	FIX
Grating Spacing	06.40um
Channel	3
Number Traces	10000
Files in Batch	1
Batch Number	175
dt	50.000001E-12
time stamp (ms)	9:45:53 PM
	
Time	Amplitude
0.000000E+0	-1.832608E-4
5.000000E-11	-1.935385E-4
1.000000E-10	-1.935385E-4
1.500000E-10	-1.815478E-4
2.000000E-10	-1.644183E-4
2.500000E-10	-1.661313E-4
3.000000E-10	-1.969644E-4
3.500000E-10	-2.466399E-4
4.000000E-10	-2.877507E-4
4.500000E-10	-3.117320E-4
5.000000E-10	-3.220097E-4
5.500000E-10	-2.980284E-4
6.000000E-10	-2.346493E-4
6.500000E-10	-1.524277E-4
7.000000E-10	-4.965068E-5
7.500000E-10	7.710763E-5
8.000000E-10	2.004400E-4
8.500000E-10	3.032170E-4
9.000000E-10	3.802998E-4
9.500000E-10	4.196976E-4
1.000000E-9	4.111329E-4
1.050000E-9	3.460408E-4
1.100000E-9	2.175695E-4
1.150000E-9	4.113568E-5
1.200000E-9	-1.335852E-4
1.250000E-9	-2.963155E-4
1.300000E-9	-4.470551E-4
1.350000E-9	-5.532580E-4
1.400000E-9	-5.858040E-4
1.450000E-9	-5.583968E-4
1.500000E-9	-4.984436E-4
1.550000E-9	-4.059443E-4
1.600000E-9	-2.877507E-4
1.650000E-9	-1.575665E-4
1.700000E-9	-4.279888E-5
1.750000E-9	4.284863E-5
1.800000E-9	9.766303E-5
1.850000E-9	1.250702E-4
1.900000E-9	1.113666E-4
1.950000E-9	6.511698E-5
2.000000E-9	2.229323E-5
2.050000E-9	-1.196578E-5
2.100000E-9	-3.594708E-5
2.150000E-9	-2.566938E-5
2.200000E-9	1.737825E-6
2.250000E-9	8.589625E-6
2.300000E-9	-6.826926E-6
2.350000E-9	-2.053053E-5
2.400000E-9	-5.307658E-5
2.450000E-9	-1.267334E-4
2.500000E-9	-2.312234E-4
2.550000E-9	-3.477040E-4
2.600000E-9	-4.830270E-4
2.650000E-9	-6.217760E-4
2.700000E-9	-7.622379E-4
2.750000E-9	-9.009869E-4
2.800000E-9	-1.015755E-3
2.850000E-9	-1.085985E-3
2.900000E-9	-1.121957E-3
2.950000E-9	-1.113393E-3
3.000000E-9	-1.051726E-3
3.050000E-9	-9.506624E-4
3.100000E-9	-8.461725E-4
3.150000E-9	-7.365436E-4
3.200000E-9	-6.337666E-4
3.250000E-9	-5.498321E-4
3.300000E-9	-4.813141E-4
3.350000E-9	-4.230738E-4
3.400000E-9	-3.888148E-4
3.450000E-9	-3.802500E-4
3.500000E-9	-3.699723E-4
3.550000E-9	-3.699723E-4
3.600000E-9	-3.973795E-4
3.650000E-9	-4.282126E-4
3.700000E-9	-4.350644E-4
3.750000E-9	-4.299256E-4
3.800000E-9	-4.162220E-4
3.850000E-9	-3.905277E-4
3.900000E-9	-3.614076E-4
3.950000E-9	-3.288615E-4
4.000000E-9	-2.860378E-4
4.050000E-9	-2.432140E-4
4.100000E-9	-2.089550E-4
4.150000E-9	-1.729831E-4
4.200000E-9	-1.387241E-4
4.250000E-9	-1.318723E-4
4.300000E-9	-1.387241E-4
4.350000E-9	-1.455759E-4
4.400000E-9	-1.644183E-4
4.450000E-9	-1.866867E-4
4.500000E-9	-1.986773E-4
4.550000E-9	-2.072421E-4
4.600000E-9	-2.106680E-4
4.650000E-9	-1.901126E-4
4.700000E-9	-1.609924E-4
4.750000E-9	-1.472888E-4
4.800000E-9	-1.524277E-4
4.850000E-9	-1.644183E-4
4.900000E-9	-1.901126E-4
4.950000E-9	-2.432140E-4
5.000000E-9	-3.220097E-4
5.050000E-9	-4.213608E-4
5.100000E-9	-5.241378E-4
5.150000E-9	-6.234889E-4
5.200000E-9	-7.057105E-4
5.250000E-9	-7.416825E-4
5.300000E-9	-7.314048E-4
5.350000E-9	-6.851551E-4
5.400000E-9	-5.995076E-4
5.450000E-9	-4.761752E-4
5.500000E-9	-3.340004E-4
5.550000E-9	-1.935385E-4
5.600000E-9	-5.478953E-5
5.650000E-9	7.539468E-5
5.700000E-9	1.524774E-4
5.750000E-9	1.696069E-4
5.800000E-9	1.644681E-4
5.850000E-9	1.439127E-4
5.900000E-9	8.395943E-5
5.950000E-9	1.737825E-6
6.000000E-9	-6.678018E-5
6.050000E-9	-9.590033E-5
6.100000E-9	-8.733558E-5
6.150000E-9	-5.136363E-5
6.200000E-9	3.450775E-6
6.250000E-9	1.010889E-4
6.300000E-9	2.329861E-4
6.350000E-9	3.631703E-4
6.400000E-9	4.522437E-4
6.450000E-9	5.087710E-4
6.500000E-9	5.139099E-4
6.550000E-9	4.539566E-4
6.600000E-9	3.614573E-4
6.650000E-9	2.484026E-4
6.700000E-9	1.079407E-4
6.750000E-9	-4.108593E-5
6.800000E-9	-1.678442E-4
6.850000E-9	-2.808989E-4
6.900000E-9	-3.785371E-4
6.950000E-9	-4.333515E-4
7.000000E-9	-4.624716E-4
7.050000E-9	-4.641846E-4
7.100000E-9	-4.247867E-4
7.150000E-9	-3.631205E-4
7.200000E-9	-3.168709E-4
7.250000E-9	-2.808989E-4
7.300000E-9	-2.363622E-4
7.350000E-9	-2.038162E-4
7.400000E-9	-1.695572E-4
7.450000E-9	-1.078910E-4
7.500000E-9	-2.909528E-5
7.550000E-9	3.257093E-5
7.600000E-9	9.423713E-5
7.650000E-9	1.730328E-4
7.700000E-9	2.501156E-4
7.750000E-9	3.049300E-4
7.800000E-9	3.494667E-4
7.850000E-9	3.871516E-4
7.900000E-9	3.940034E-4
7.950000E-9	3.528926E-4
8.000000E-9	2.775228E-4
8.050000E-9	1.918753E-4
8.100000E-9	1.079407E-4
8.150000E-9	2.743208E-5
8.200000E-9	-5.650248E-5
8.250000E-9	-1.096039E-4
8.300000E-9	-1.147428E-4
8.350000E-9	-8.562263E-5
8.400000E-9	-6.335428E-5
8.450000E-9	-2.738233E-5
8.500000E-9	3.428388E-5
8.550000E-9	9.595008E-5
8.600000E-9	1.267832E-4
8.650000E-9	1.490515E-4
8.700000E-9	1.730328E-4
8.750000E-9	1.867364E-4
8.800000E-9	1.815976E-4
8.850000E-9	1.661810E-4
8.900000E-9	1.319220E-4
8.950000E-9	7.882058E-5
9.000000E-9	2.400618E-5
9.050000E-9	-1.710463E-5
9.100000E-9	-4.108593E-5
9.150000E-9	-5.136363E-5
9.200000E-9	-4.793773E-5
9.250000E-9	-3.080823E-5
9.300000E-9	3.450775E-6
9.350000E-9	4.627453E-5
9.400000E-9	7.196878E-5
9.450000E-9	7.882058E-5
9.500000E-9	8.738533E-5
9.550000E-9	9.423713E-5
9.600000E-9	8.053353E-5
9.650000E-9	5.312633E-5
9.700000E-9	2.229323E-5
9.750000E-9	-3.080823E-5
9.800000E-9	-1.113169E-4
9.850000E-9	-2.140939E-4
9.900000E-9	-3.271486E-4
9.950000E-9	-4.521939E-4
1.000000E-8	-5.601098E-4
1.005000E-8	-6.389055E-4
1.010000E-8	-7.022846E-4
1.015000E-8	-7.570990E-4
1.020000E-8	-7.793674E-4
1.025000E-8	-7.690897E-4
1.030000E-8	-7.245530E-4
1.035000E-8	-6.474702E-4
1.040000E-8	-5.429803E-4
1.045000E-8	-4.179349E-4
1.050000E-8	-2.877507E-4
1.055000E-8	-1.712701E-4
1.060000E-8	-8.904853E-5
1.065000E-8	-3.766003E-5
1.070000E-8	-1.710463E-5
1.075000E-8	-1.367873E-5
1.080000E-8	-1.025283E-5
1.085000E-8	-6.826926E-6
1.090000E-8	-1.025283E-5
1.095000E-8	-1.539168E-5
1.100000E-8	-3.080823E-5
1.105000E-8	-6.506723E-5
1.110000E-8	-9.932623E-5
1.115000E-8	-1.113169E-4
1.120000E-8	-1.044651E-4
1.125000E-8	-7.877083E-5
1.130000E-8	-3.937298E-5
1.135000E-8	6.876675E-6
1.140000E-8	3.770978E-5
1.145000E-8	5.826518E-5
1.150000E-8	7.710763E-5
1.155000E-8	9.423713E-5
1.160000E-8	1.028019E-4
1.165000E-8	1.062278E-4
1.170000E-8	1.079407E-4
1.175000E-8	9.766303E-5
1.180000E-8	7.882058E-5
1.185000E-8	7.196878E-5
1.190000E-8	6.340403E-5
1.195000E-8	4.113568E-5
1.200000E-8	1.030257E-5
1.205000E-8	2.487468E-8
1.210000E-8	1.372848E-5
1.215000E-8	2.400618E-5
1.220000E-8	1.372848E-5
1.225000E-8	6.876675E-6
1.230000E-8	2.058028E-5
1.235000E-8	3.257093E-5
1.240000E-8	2.229323E-5
1.245000E-8	-8.539876E-6
1.250000E-8	-5.307658E-5
1.255000E-8	-1.352982E-4
1.260000E-8	-2.483529E-4
1.265000E-8	-3.716853E-4
1.270000E-8	-5.087213E-4
1.275000E-8	-6.611738E-4
1.280000E-8	-8.033487E-4
1.285000E-8	-8.992739E-4
1.290000E-8	-9.489495E-4
1.295000E-8	-9.489495E-4
1.300000E-8	-9.164034E-4
1.305000E-8	-8.564502E-4
1.310000E-8	-7.433954E-4
1.315000E-8	-5.875170E-4
1.320000E-8	-4.316385E-4
1.325000E-8	-3.065932E-4
1.330000E-8	-1.952514E-4
1.335000E-8	-1.233075E-4
1.340000E-8	-1.027521E-4
1.345000E-8	-9.761328E-5
1.350000E-8	-9.761328E-5
1.355000E-8	-1.250205E-4
1.360000E-8	-1.524277E-4
1.365000E-8	-1.438629E-4
1.370000E-8	-1.267334E-4
1.375000E-8	-1.164557E-4
1.380000E-8	-7.191903E-5
1.385000E-8	-3.401025E-6
1.390000E-8	3.770978E-5
1.395000E-8	3.428388E-5
1.400000E-8	1.030257E-5
1.405000E-8	-2.909528E-5
1.410000E-8	-9.076148E-5
1.415000E-8	-1.781219E-4
1.420000E-8	-2.774730E-4
1.425000E-8	-3.733982E-4
1.430000E-8	-4.676105E-4
1.435000E-8	-5.361285E-4
1.440000E-8	-5.601098E-4
1.445000E-8	-5.515450E-4
1.450000E-8	-5.224249E-4
1.455000E-8	-4.539069E-4
1.460000E-8	-3.477040E-4
1.465000E-8	-2.483529E-4
1.470000E-8	-1.746960E-4
1.475000E-8	-1.198816E-4
1.480000E-8	-7.534493E-5
1.485000E-8	-2.566938E-5
1.490000E-8	2.914503E-5
1.495000E-8	5.655223E-5
1.500000E-8	2.914503E-5
1.505000E-8	-2.738233E-5
1.510000E-8	-8.048378E-5
1.515000E-8	-1.421500E-4
1.520000E-8	-2.072421E-4
1.525000E-8	-2.500658E-4
1.530000E-8	-2.791860E-4
1.535000E-8	-3.048802E-4
1.540000E-8	-3.083061E-4
1.545000E-8	-2.826119E-4
1.550000E-8	-2.603435E-4
1.555000E-8	-2.209457E-4
1.560000E-8	-1.267334E-4
1.565000E-8	-2.566938E-5
1.570000E-8	3.770978E-5
1.575000E-8	9.081123E-5
1.580000E-8	1.661810E-4
1.585000E-8	2.381249E-4
1.590000E-8	2.860875E-4
1.595000E-8	2.878005E-4
1.600000E-8	2.295602E-4
1.605000E-8	1.439127E-4
1.610000E-8	9.937598E-5
1.615000E-8	7.882058E-5
1.620000E-8	3.257093E-5
1.625000E-8	-1.539168E-5
1.630000E-8	-3.766003E-5
1.635000E-8	-4.108593E-5
1.640000E-8	-3.080823E-5
1.645000E-8	-1.539168E-5
1.650000E-8	3.450775E-6
1.655000E-8	4.456158E-5
1.660000E-8	8.395943E-5
1.665000E-8	7.025583E-5
1.670000E-8	2.571913E-5
1.675000E-8	-8.539876E-6
1.680000E-8	-1.044651E-4
1.685000E-8	-2.946025E-4
1.690000E-8	-4.676105E-4
1.695000E-8	-5.601098E-4
1.700000E-8	-6.337666E-4
1.705000E-8	-6.937199E-4
1.710000E-8	-6.971458E-4
1.715000E-8	-6.543220E-4
1.720000E-8	-5.721004E-4
1.725000E-8	-4.402033E-4
1.730000E-8	-2.963155E-4
1.735000E-8	-1.832608E-4
1.740000E-8	-7.020608E-5
1.745000E-8	4.798748E-5
1.750000E-8	1.147925E-4
1.755000E-8	1.284961E-4
1.760000E-8	1.147925E-4
1.765000E-8	7.368173E-5
1.770000E-8	-3.080823E-5
1.775000E-8	-1.627054E-4
1.780000E-8	-2.723342E-4
1.785000E-8	-3.357133E-4
1.790000E-8	-3.202968E-4
1.795000E-8	-1.746960E-4
1.800000E-8	1.045148E-4
1.805000E-8	5.378912E-4
1.810000E-8	1.193951E-3
1.815000E-8	2.122370E-3
1.820000E-8	3.331713E-3
1.825000E-8	4.866516E-3
1.830000E-8	6.771316E-3
1.835000E-8	9.051253E-3
1.840000E-8	1.172517E-2
1.845000E-8	1.478792E-2
1.850000E-8	1.816243E-2
1.855000E-8	2.181616E-2
1.860000E-8	2.576965E-2
1.865000E-8	2.993725E-2
1.870000E-8	3.415454E-2
1.875000E-8	3.833756E-2
1.880000E-8	4.244179E-2
1.885000E-8	4.633018E-2
1.890000E-8	4.986743E-2
1.895000E-8	5.296101E-2
1.900000E-8	5.551845E-2
1.905000E-8	5.741297E-2
1.910000E-8	5.857778E-2
1.915000E-8	5.905398E-2
1.920000E-8	5.893578E-2
1.925000E-8	5.833454E-2
1.930000E-8	5.741468E-2
1.935000E-8	5.635266E-2
1.940000E-8	5.526151E-2
1.945000E-8	5.424230E-2
1.950000E-8	5.343550E-2
1.955000E-8	5.287879E-2
1.960000E-8	5.252935E-2
1.965000E-8	5.238375E-2
1.970000E-8	5.250023E-2
1.975000E-8	5.280856E-2
1.980000E-8	5.323166E-2
1.985000E-8	5.375068E-2
1.990000E-8	5.429712E-2
1.995000E-8	5.479216E-2
2.000000E-8	5.525637E-2
2.005000E-8	5.566576E-2
2.010000E-8	5.586446E-2
2.015000E-8	5.576683E-2
2.020000E-8	5.545507E-2
2.025000E-8	5.497373E-2
2.030000E-8	5.438619E-2
2.035000E-8	5.380550E-2
2.040000E-8	5.331217E-2
2.045000E-8	5.291819E-2
2.050000E-8	5.266981E-2
2.055000E-8	5.262699E-2
2.060000E-8	5.272291E-2
2.065000E-8	5.289935E-2
2.070000E-8	5.316657E-2
2.075000E-8	5.353828E-2
2.080000E-8	5.393568E-2
2.085000E-8	5.426457E-2
2.090000E-8	5.453693E-2
2.095000E-8	5.478359E-2
2.100000E-8	5.502855E-2
2.105000E-8	5.523410E-2
2.110000E-8	5.535743E-2
2.115000E-8	5.535401E-2
2.120000E-8	5.522725E-2
2.125000E-8	5.503711E-2
2.130000E-8	5.478702E-2
2.135000E-8	5.441360E-2
2.140000E-8	5.398707E-2
2.145000E-8	5.365647E-2
2.150000E-8	5.345777E-2
2.155000E-8	5.334985E-2
2.160000E-8	5.332587E-2
2.165000E-8	5.343721E-2
2.170000E-8	5.365819E-2
2.175000E-8	5.390314E-2
2.180000E-8	5.414638E-2
2.185000E-8	5.440503E-2
2.190000E-8	5.467054E-2
2.195000E-8	5.490007E-2
2.200000E-8	5.510905E-2
2.205000E-8	5.533688E-2
2.210000E-8	5.555271E-2
2.215000E-8	5.569488E-2
2.220000E-8	5.569146E-2
2.225000E-8	5.555271E-2
2.230000E-8	5.531290E-2
2.235000E-8	5.501998E-2
2.240000E-8	5.470480E-2
2.245000E-8	5.437077E-2
2.250000E-8	5.406244E-2
2.255000E-8	5.381578E-2
2.260000E-8	5.362735E-2
2.265000E-8	5.351601E-2
2.270000E-8	5.349545E-2
2.275000E-8	5.355712E-2
2.280000E-8	5.367018E-2
2.285000E-8	5.382777E-2
2.290000E-8	5.400934E-2
2.295000E-8	5.420633E-2
2.300000E-8	5.442045E-2
2.305000E-8	5.465855E-2
2.310000E-8	5.485554E-2
2.315000E-8	5.496688E-2
2.320000E-8	5.496345E-2
2.325000E-8	5.483669E-2
2.330000E-8	5.464313E-2
2.335000E-8	5.440846E-2
2.340000E-8	5.410013E-2
2.345000E-8	5.374212E-2
2.350000E-8	5.346120E-2
2.355000E-8	5.330532E-2
2.360000E-8	5.322138E-2
2.365000E-8	5.321111E-2
2.370000E-8	5.332073E-2
2.375000E-8	5.352115E-2
2.380000E-8	5.374041E-2
2.385000E-8	5.395795E-2
2.390000E-8	5.417036E-2
2.395000E-8	5.436049E-2
2.400000E-8	5.451637E-2
2.405000E-8	5.466197E-2
2.410000E-8	5.483841E-2
2.415000E-8	5.500114E-2
2.420000E-8	5.509021E-2
2.425000E-8	5.510049E-2
2.430000E-8	5.506280E-2
2.435000E-8	5.492234E-2
2.440000E-8	5.467568E-2
2.445000E-8	5.440846E-2
2.450000E-8	5.418920E-2
2.455000E-8	5.397508E-2
2.460000E-8	5.375925E-2
2.465000E-8	5.359481E-2
2.470000E-8	5.349888E-2
2.475000E-8	5.343208E-2
2.480000E-8	5.340809E-2
2.485000E-8	5.342694E-2
2.490000E-8	5.347833E-2
2.495000E-8	5.359823E-2
2.500000E-8	5.379180E-2
2.505000E-8	5.403332E-2
2.510000E-8	5.429540E-2
2.515000E-8	5.455577E-2
2.520000E-8	5.476133E-2
2.525000E-8	5.483327E-2
2.530000E-8	5.480586E-2
2.535000E-8	5.470308E-2
2.540000E-8	5.451809E-2
2.545000E-8	5.426800E-2
2.550000E-8	5.403846E-2
2.555000E-8	5.385346E-2
2.560000E-8	5.368388E-2
2.565000E-8	5.355370E-2
2.570000E-8	5.351258E-2
2.575000E-8	5.359309E-2
2.580000E-8	5.376439E-2
2.585000E-8	5.400591E-2
2.590000E-8	5.428512E-2
2.595000E-8	5.457633E-2
2.600000E-8	5.486753E-2
2.605000E-8	5.512961E-2
2.610000E-8	5.536428E-2
2.615000E-8	5.553044E-2
2.620000E-8	5.559724E-2
2.625000E-8	5.560752E-2
2.630000E-8	5.558354E-2
2.635000E-8	5.547905E-2
2.640000E-8	5.530262E-2
2.645000E-8	5.514331E-2
2.650000E-8	5.498743E-2
2.655000E-8	5.481271E-2
2.660000E-8	5.467739E-2
2.665000E-8	5.461230E-2
2.670000E-8	5.456605E-2
2.675000E-8	5.450781E-2
2.680000E-8	5.451809E-2
2.685000E-8	5.459859E-2
2.690000E-8	5.470994E-2
2.695000E-8	5.484183E-2
2.700000E-8	5.499429E-2
2.705000E-8	5.514674E-2
2.710000E-8	5.533174E-2
2.715000E-8	5.549789E-2
2.720000E-8	5.559553E-2
2.725000E-8	5.564521E-2
2.730000E-8	5.567433E-2
2.735000E-8	5.564007E-2
2.740000E-8	5.553044E-2
2.745000E-8	5.541053E-2
2.750000E-8	5.526151E-2
2.755000E-8	5.506966E-2
2.760000E-8	5.487267E-2
2.765000E-8	5.471336E-2
2.770000E-8	5.455406E-2
2.775000E-8	5.442387E-2
2.780000E-8	5.438448E-2
2.785000E-8	5.444272E-2
2.790000E-8	5.457119E-2
2.795000E-8	5.475790E-2
2.800000E-8	5.498058E-2
2.805000E-8	5.520669E-2
2.810000E-8	5.541053E-2
2.815000E-8	5.554586E-2
2.820000E-8	5.557669E-2
2.825000E-8	5.553387E-2
2.830000E-8	5.543280E-2
2.835000E-8	5.528720E-2
2.840000E-8	5.506623E-2
2.845000E-8	5.482299E-2
2.850000E-8	5.459003E-2
2.855000E-8	5.434508E-2
2.860000E-8	5.409327E-2
2.865000E-8	5.390314E-2
2.870000E-8	5.381749E-2
2.875000E-8	5.378837E-2
2.880000E-8	5.376439E-2
2.885000E-8	5.377124E-2
2.890000E-8	5.385689E-2
2.895000E-8	5.399050E-2
2.900000E-8	5.412925E-2
2.905000E-8	5.426628E-2
2.910000E-8	5.442730E-2
2.915000E-8	5.460202E-2
2.920000E-8	5.475105E-2
2.925000E-8	5.484526E-2
2.930000E-8	5.489494E-2
2.935000E-8	5.490864E-2
2.940000E-8	5.483327E-2
2.945000E-8	5.469795E-2
2.950000E-8	5.455406E-2
2.955000E-8	5.440332E-2
2.960000E-8	5.424059E-2
2.965000E-8	5.411897E-2
2.970000E-8	5.407101E-2
2.975000E-8	5.404702E-2
2.980000E-8	5.403161E-2
2.985000E-8	5.402304E-2
2.990000E-8	5.403675E-2
2.995000E-8	5.405902E-2
3.000000E-8	5.410698E-2
3.005000E-8	5.420804E-2
3.010000E-8	5.434508E-2
3.015000E-8	5.450096E-2
3.020000E-8	5.465341E-2
3.025000E-8	5.479045E-2
3.030000E-8	5.490007E-2
3.035000E-8	5.493262E-2
3.040000E-8	5.486753E-2
3.045000E-8	5.474248E-2
3.050000E-8	5.458318E-2
3.055000E-8	5.439818E-2
3.060000E-8	5.418920E-2
3.065000E-8	5.399735E-2
3.070000E-8	5.382092E-2
3.075000E-8	5.367018E-2
3.080000E-8	5.356740E-2
3.085000E-8	5.354170E-2
3.090000E-8	5.360508E-2
3.095000E-8	5.373869E-2
3.100000E-8	5.387402E-2
3.105000E-8	5.399392E-2
3.110000E-8	5.409670E-2
3.115000E-8	5.420804E-2
3.120000E-8	5.426971E-2
3.125000E-8	5.428855E-2
3.130000E-8	5.431253E-2
3.135000E-8	5.432624E-2
3.140000E-8	5.427485E-2
3.145000E-8	5.419091E-2
3.150000E-8	5.412411E-2
3.155000E-8	5.405730E-2
3.160000E-8	5.397679E-2
3.165000E-8	5.390485E-2
3.170000E-8	5.386545E-2
3.175000E-8	5.383291E-2
3.180000E-8	5.378837E-2
3.185000E-8	5.371985E-2
3.190000E-8	5.363763E-2
3.195000E-8	5.356911E-2
3.200000E-8	5.352629E-2
3.205000E-8	5.350916E-2
3.210000E-8	5.349374E-2
3.215000E-8	5.347147E-2
3.220000E-8	5.343550E-2
3.225000E-8	5.343721E-2
3.230000E-8	5.350231E-2
3.235000E-8	5.356055E-2
3.240000E-8	5.355027E-2
3.245000E-8	5.352286E-2
3.250000E-8	5.352286E-2
3.255000E-8	5.350916E-2
3.260000E-8	5.341666E-2
3.265000E-8	5.331731E-2
3.270000E-8	5.325564E-2
3.275000E-8	5.320083E-2
3.280000E-8	5.311347E-2
3.285000E-8	5.304152E-2
3.290000E-8	5.299870E-2
3.295000E-8	5.299870E-2
3.300000E-8	5.301754E-2
3.305000E-8	5.304152E-2
3.310000E-8	5.306550E-2
3.315000E-8	5.309976E-2
3.320000E-8	5.313402E-2
3.325000E-8	5.319226E-2
3.330000E-8	5.328648E-2
3.335000E-8	5.336698E-2
3.340000E-8	5.336527E-2
3.345000E-8	5.333444E-2
3.350000E-8	5.334472E-2
3.355000E-8	5.336870E-2
3.360000E-8	5.336527E-2
3.365000E-8	5.336870E-2
3.370000E-8	5.341323E-2
3.375000E-8	5.346976E-2
3.380000E-8	5.347833E-2
3.385000E-8	5.344921E-2
3.390000E-8	5.339782E-2
3.395000E-8	5.332245E-2
3.400000E-8	5.323166E-2
3.405000E-8	5.316314E-2
3.410000E-8	5.312203E-2
3.415000E-8	5.308092E-2
3.420000E-8	5.304666E-2
3.425000E-8	5.301412E-2
3.430000E-8	5.298842E-2
3.435000E-8	5.296787E-2
3.440000E-8	5.294560E-2
3.445000E-8	5.292333E-2
3.450000E-8	5.291990E-2
3.455000E-8	5.296444E-2
3.460000E-8	5.303810E-2
3.465000E-8	5.307921E-2
3.470000E-8	5.309462E-2
3.475000E-8	5.311861E-2
3.480000E-8	5.311175E-2
3.485000E-8	5.305009E-2
3.490000E-8	5.301412E-2
3.495000E-8	5.304152E-2
3.500000E-8	5.307064E-2
3.505000E-8	5.305694E-2
3.510000E-8	5.309462E-2
3.515000E-8	5.317171E-2
3.520000E-8	5.322138E-2
3.525000E-8	5.326421E-2
3.530000E-8	5.331731E-2
3.535000E-8	5.334300E-2
3.540000E-8	5.329504E-2
3.545000E-8	5.322138E-2
3.550000E-8	5.315115E-2
3.555000E-8	5.305865E-2
3.560000E-8	5.294389E-2
3.565000E-8	5.285995E-2
3.570000E-8	5.280000E-2
3.575000E-8	5.275032E-2
3.580000E-8	5.271092E-2
3.585000E-8	5.271435E-2
3.590000E-8	5.276574E-2
3.595000E-8	5.286166E-2
3.600000E-8	5.296615E-2
3.605000E-8	5.303638E-2
3.610000E-8	5.305865E-2
3.615000E-8	5.306550E-2
3.620000E-8	5.304152E-2
3.625000E-8	5.295930E-2
3.630000E-8	5.289250E-2
3.635000E-8	5.286852E-2
3.640000E-8	5.283254E-2
3.645000E-8	5.276403E-2
3.650000E-8	5.270579E-2
3.655000E-8	5.266296E-2
3.660000E-8	5.261500E-2
3.665000E-8	5.257389E-2
3.670000E-8	5.258245E-2
3.675000E-8	5.263042E-2
3.680000E-8	5.273148E-2
3.685000E-8	5.287708E-2
3.690000E-8	5.304495E-2
3.695000E-8	5.321111E-2
3.700000E-8	5.336356E-2
3.705000E-8	5.344064E-2
3.710000E-8	5.342694E-2
3.715000E-8	5.337212E-2
3.720000E-8	5.328990E-2
3.725000E-8	5.315629E-2
3.730000E-8	5.297986E-2
3.735000E-8	5.280856E-2
3.740000E-8	5.261671E-2
3.745000E-8	5.242486E-2
3.750000E-8	5.227412E-2
3.755000E-8	5.216792E-2
3.760000E-8	5.208570E-2
3.765000E-8	5.204801E-2
3.770000E-8	5.207371E-2
3.775000E-8	5.215250E-2
3.780000E-8	5.223130E-2
3.785000E-8	5.231181E-2
3.790000E-8	5.240431E-2
3.795000E-8	5.250194E-2
3.800000E-8	5.254648E-2
3.805000E-8	5.253963E-2
3.810000E-8	5.253449E-2
3.815000E-8	5.252764E-2
3.820000E-8	5.247454E-2
3.825000E-8	5.239917E-2
3.830000E-8	5.236148E-2
3.835000E-8	5.232722E-2
3.840000E-8	5.226556E-2
3.845000E-8	5.220560E-2
3.850000E-8	5.215935E-2
3.855000E-8	5.211653E-2
3.860000E-8	5.207885E-2
3.865000E-8	5.205658E-2
3.870000E-8	5.206685E-2
3.875000E-8	5.209255E-2
3.880000E-8	5.211996E-2
3.885000E-8	5.213709E-2
3.890000E-8	5.218505E-2
3.895000E-8	5.224500E-2
3.900000E-8	5.230838E-2
3.905000E-8	5.238889E-2
3.910000E-8	5.248824E-2
3.915000E-8	5.256018E-2
3.920000E-8	5.261500E-2
3.925000E-8	5.267838E-2
3.930000E-8	5.270579E-2
3.935000E-8	5.265440E-2
3.940000E-8	5.253620E-2
3.945000E-8	5.239403E-2
3.950000E-8	5.221417E-2
3.955000E-8	5.201547E-2
3.960000E-8	5.184246E-2
3.965000E-8	5.171056E-2
3.970000E-8	5.158552E-2
3.975000E-8	5.149644E-2
3.980000E-8	5.148103E-2
3.985000E-8	5.151357E-2
3.990000E-8	5.158038E-2
3.995000E-8	5.166260E-2
4.000000E-8	5.174825E-2
4.005000E-8	5.184931E-2
4.010000E-8	5.196408E-2
4.015000E-8	5.204116E-2
4.020000E-8	5.206857E-2
4.025000E-8	5.210454E-2
4.030000E-8	5.216621E-2
4.035000E-8	5.219019E-2
4.040000E-8	5.216449E-2
4.045000E-8	5.212509E-2
4.050000E-8	5.209769E-2
4.055000E-8	5.206857E-2
4.060000E-8	5.204459E-2
4.065000E-8	5.200348E-2
4.070000E-8	5.193838E-2
4.075000E-8	5.186644E-2
4.080000E-8	5.180306E-2
4.085000E-8	5.173626E-2
4.090000E-8	5.168487E-2
4.095000E-8	5.166602E-2
4.100000E-8	5.165575E-2
4.105000E-8	5.166260E-2
4.110000E-8	5.169514E-2
4.115000E-8	5.172255E-2
4.120000E-8	5.172426E-2
4.125000E-8	5.172940E-2
4.130000E-8	5.173283E-2
4.135000E-8	5.174139E-2
4.140000E-8	5.175338E-2
4.145000E-8	5.178593E-2
4.150000E-8	5.181334E-2
4.155000E-8	5.179450E-2
4.160000E-8	5.175681E-2
4.165000E-8	5.174139E-2
4.170000E-8	5.175852E-2
4.175000E-8	5.178764E-2
4.180000E-8	5.185445E-2
4.185000E-8	5.194181E-2
4.190000E-8	5.202403E-2
4.195000E-8	5.207885E-2
4.200000E-8	5.209255E-2
4.205000E-8	5.208398E-2
4.210000E-8	5.205315E-2
4.215000E-8	5.200690E-2
4.220000E-8	5.192811E-2
4.225000E-8	5.182019E-2
4.230000E-8	5.172084E-2
4.235000E-8	5.161977E-2
4.240000E-8	5.150158E-2
4.245000E-8	5.136797E-2
4.250000E-8	5.125834E-2
4.255000E-8	5.119325E-2
4.260000E-8	5.117098E-2
4.265000E-8	5.116413E-2
4.270000E-8	5.119668E-2
4.275000E-8	5.128232E-2
4.280000E-8	5.139538E-2
4.285000E-8	5.149130E-2
4.290000E-8	5.156667E-2
4.295000E-8	5.162834E-2
4.300000E-8	5.165403E-2
4.305000E-8	5.166945E-2
4.310000E-8	5.169514E-2
4.315000E-8	5.167801E-2
4.320000E-8	5.160778E-2
4.325000E-8	5.152728E-2
4.330000E-8	5.147246E-2
4.335000E-8	5.142279E-2
4.340000E-8	5.137825E-2
4.345000E-8	5.133714E-2
4.350000E-8	5.130288E-2
4.355000E-8	5.130117E-2
4.360000E-8	5.128746E-2
4.365000E-8	5.123094E-2
4.370000E-8	5.117783E-2
4.375000E-8	5.118126E-2
4.380000E-8	5.118297E-2
4.385000E-8	5.117955E-2
4.390000E-8	5.121723E-2
4.395000E-8	5.128404E-2
4.400000E-8	5.130288E-2
4.405000E-8	5.131487E-2
4.410000E-8	5.138681E-2
4.415000E-8	5.143991E-2
4.420000E-8	5.142792E-2
4.425000E-8	5.142279E-2
4.430000E-8	5.142279E-2
4.435000E-8	5.137654E-2
4.440000E-8	5.126006E-2
4.445000E-8	5.114871E-2
4.450000E-8	5.107163E-2
4.455000E-8	5.098941E-2
4.460000E-8	5.089862E-2
4.465000E-8	5.080612E-2
4.470000E-8	5.073932E-2
4.475000E-8	5.071191E-2
4.480000E-8	5.072561E-2
4.485000E-8	5.076159E-2
4.490000E-8	5.081469E-2
4.495000E-8	5.090719E-2
4.500000E-8	5.097742E-2
4.505000E-8	5.100140E-2
4.510000E-8	5.102881E-2
4.515000E-8	5.104080E-2
4.520000E-8	5.099626E-2
4.525000E-8	5.091061E-2
4.530000E-8	5.083696E-2
4.535000E-8	5.075473E-2
4.540000E-8	5.066224E-2
4.545000E-8	5.060057E-2
4.550000E-8	5.060057E-2
4.555000E-8	5.062969E-2
4.560000E-8	5.068279E-2
4.565000E-8	5.076844E-2
4.570000E-8	5.085922E-2
4.575000E-8	5.092946E-2
4.580000E-8	5.098770E-2
4.585000E-8	5.103052E-2
4.590000E-8	5.106649E-2
4.595000E-8	5.111959E-2
4.600000E-8	5.111788E-2
4.605000E-8	5.106307E-2
4.610000E-8	5.099797E-2
4.615000E-8	5.092260E-2
4.620000E-8	5.080441E-2
4.625000E-8	5.068108E-2
4.630000E-8	5.057659E-2
4.635000E-8	5.049608E-2
4.640000E-8	5.045326E-2
4.645000E-8	5.045668E-2
4.650000E-8	5.049779E-2
4.655000E-8	5.054918E-2
4.660000E-8	5.060057E-2
4.665000E-8	5.065196E-2
4.670000E-8	5.068964E-2
4.675000E-8	5.072048E-2
4.680000E-8	5.071020E-2
4.685000E-8	5.064168E-2
4.690000E-8	5.059029E-2
4.695000E-8	5.058858E-2
4.700000E-8	5.057145E-2
4.705000E-8	5.055775E-2
4.710000E-8	5.060913E-2
4.715000E-8	5.069992E-2
4.720000E-8	5.078043E-2
4.725000E-8	5.086436E-2
4.730000E-8	5.096200E-2
4.735000E-8	5.105964E-2
4.740000E-8	5.111788E-2
4.745000E-8	5.109904E-2
4.750000E-8	5.101853E-2
4.755000E-8	5.089348E-2
4.760000E-8	5.076159E-2
4.765000E-8	5.065024E-2
4.770000E-8	5.056802E-2
4.775000E-8	5.051150E-2
4.780000E-8	5.047381E-2
4.785000E-8	5.043441E-2
4.790000E-8	5.040187E-2
4.795000E-8	5.036590E-2
4.800000E-8	5.031793E-2
4.805000E-8	5.028710E-2
4.810000E-8	5.029738E-2
4.815000E-8	5.031793E-2
4.820000E-8	5.031622E-2
4.825000E-8	5.028196E-2
4.830000E-8	5.022543E-2
4.835000E-8	5.017404E-2
4.840000E-8	5.015692E-2
4.845000E-8	5.018604E-2
4.850000E-8	5.022886E-2
4.855000E-8	5.026312E-2
4.860000E-8	5.031108E-2
4.865000E-8	5.035733E-2
4.870000E-8	5.038988E-2
4.875000E-8	5.039502E-2
4.880000E-8	5.038474E-2
4.885000E-8	5.034705E-2
4.890000E-8	5.029909E-2
4.895000E-8	5.025284E-2
4.900000E-8	5.016548E-2
4.905000E-8	5.005585E-2
4.910000E-8	4.998562E-2
4.915000E-8	4.994108E-2
4.920000E-8	4.989483E-2
4.925000E-8	4.988456E-2
4.930000E-8	4.994280E-2
4.935000E-8	5.005756E-2
4.940000E-8	5.016548E-2
4.945000E-8	5.023571E-2
4.950000E-8	5.027682E-2
4.955000E-8	5.026483E-2
4.960000E-8	5.019631E-2
4.965000E-8	5.010553E-2
4.970000E-8	5.000960E-2
4.975000E-8	4.987428E-2
4.980000E-8	4.970641E-2
4.985000E-8	4.953340E-2
4.990000E-8	4.939808E-2
4.995000E-8	4.930044E-2
5.000000E-8	4.925762E-2
5.005000E-8	4.926789E-2
5.010000E-8	4.929530E-2
5.015000E-8	4.930215E-2
5.020000E-8	4.931072E-2
5.025000E-8	4.932956E-2
5.030000E-8	4.937410E-2
5.035000E-8	4.944947E-2
5.040000E-8	4.956252E-2
5.045000E-8	4.969442E-2
5.050000E-8	4.981604E-2
5.055000E-8	4.991368E-2
5.060000E-8	4.998733E-2
5.065000E-8	5.003701E-2
5.070000E-8	5.008497E-2
5.075000E-8	5.012951E-2
5.080000E-8	5.017233E-2
5.085000E-8	5.019631E-2
5.090000E-8	5.014835E-2
5.095000E-8	5.003358E-2
5.100000E-8	4.990169E-2
5.105000E-8	4.979206E-2
5.110000E-8	4.968072E-2
5.115000E-8	4.957794E-2
5.120000E-8	4.951113E-2
5.125000E-8	4.949229E-2
5.130000E-8	4.951113E-2
5.135000E-8	4.955396E-2
5.140000E-8	4.961734E-2
5.145000E-8	4.966530E-2
5.150000E-8	4.969271E-2
5.155000E-8	4.969442E-2
5.160000E-8	4.969271E-2
5.165000E-8	4.968414E-2
5.170000E-8	4.969442E-2
5.175000E-8	4.970812E-2
5.180000E-8	4.967215E-2
5.185000E-8	4.961220E-2
5.190000E-8	4.959335E-2
5.195000E-8	4.958479E-2
5.200000E-8	4.951798E-2
5.205000E-8	4.942206E-2
5.210000E-8	4.935183E-2
5.215000E-8	4.926276E-2
5.220000E-8	4.915313E-2
5.225000E-8	4.908118E-2
5.230000E-8	4.903322E-2
5.235000E-8	4.896813E-2
5.240000E-8	4.891160E-2
5.245000E-8	4.890646E-2
5.250000E-8	4.893901E-2
5.255000E-8	4.898868E-2
5.260000E-8	4.907604E-2
5.265000E-8	4.922850E-2
5.270000E-8	4.942549E-2
5.275000E-8	4.960535E-2
5.280000E-8	4.973039E-2
5.285000E-8	4.982632E-2
5.290000E-8	4.989997E-2
5.295000E-8	4.989997E-2
5.300000E-8	4.982632E-2
5.305000E-8	4.971840E-2
5.310000E-8	4.958650E-2
5.315000E-8	4.944947E-2
5.320000E-8	4.930901E-2
5.325000E-8	4.919938E-2
5.330000E-8	4.913942E-2
5.335000E-8	4.910859E-2
5.340000E-8	4.908118E-2
5.345000E-8	4.907091E-2
5.350000E-8	4.909317E-2
5.355000E-8	4.912915E-2
5.360000E-8	4.917882E-2
5.365000E-8	4.924734E-2
5.370000E-8	4.928845E-2
5.375000E-8	4.924734E-2
5.380000E-8	4.915484E-2
5.385000E-8	4.907433E-2
5.390000E-8	4.896470E-2
5.395000E-8	4.882767E-2
5.400000E-8	4.868549E-2
5.405000E-8	4.857244E-2
5.410000E-8	4.850392E-2
5.415000E-8	4.847994E-2
5.420000E-8	4.845253E-2
5.425000E-8	4.843369E-2
5.430000E-8	4.846966E-2
5.435000E-8	4.851420E-2
5.440000E-8	4.853133E-2
5.445000E-8	4.853646E-2
5.450000E-8	4.855017E-2
5.455000E-8	4.855359E-2
5.460000E-8	4.855188E-2
5.465000E-8	4.855359E-2
5.470000E-8	4.856387E-2
5.475000E-8	4.857244E-2
5.480000E-8	4.855359E-2
5.485000E-8	4.852961E-2
5.490000E-8	4.850392E-2
5.495000E-8	4.850392E-2
5.500000E-8	4.851591E-2
5.505000E-8	4.856387E-2
5.510000E-8	4.863239E-2
5.515000E-8	4.868549E-2
5.520000E-8	4.870433E-2
5.525000E-8	4.871290E-2
5.530000E-8	4.871975E-2
5.535000E-8	4.870091E-2
5.540000E-8	4.865808E-2
5.545000E-8	4.866151E-2
5.550000E-8	4.869406E-2
5.555000E-8	4.870433E-2
5.560000E-8	4.869748E-2
5.565000E-8	4.871290E-2
5.570000E-8	4.874716E-2
5.575000E-8	4.878142E-2
5.580000E-8	4.881396E-2
5.585000E-8	4.880540E-2
5.590000E-8	4.876771E-2
5.595000E-8	4.871804E-2
5.600000E-8	4.863239E-2
5.605000E-8	4.847994E-2
5.610000E-8	4.832406E-2
5.615000E-8	4.819387E-2
5.620000E-8	4.804999E-2
5.625000E-8	4.789925E-2
5.630000E-8	4.780846E-2
5.635000E-8	4.778619E-2
5.640000E-8	4.779476E-2
5.645000E-8	4.782559E-2
5.650000E-8	4.785985E-2
5.655000E-8	4.787869E-2
5.660000E-8	4.788554E-2
5.665000E-8	4.791124E-2
5.670000E-8	4.794550E-2
5.675000E-8	4.799346E-2
5.680000E-8	4.805170E-2
5.685000E-8	4.811165E-2
5.690000E-8	4.817846E-2
5.695000E-8	4.824184E-2
5.700000E-8	4.827267E-2
5.705000E-8	4.830693E-2
5.710000E-8	4.837202E-2
5.715000E-8	4.844739E-2
5.720000E-8	4.849021E-2
5.725000E-8	4.851591E-2
5.730000E-8	4.853475E-2
5.735000E-8	4.853646E-2
5.740000E-8	4.852619E-2
5.745000E-8	4.851762E-2
5.750000E-8	4.849193E-2
5.755000E-8	4.846109E-2
5.760000E-8	4.843369E-2
5.765000E-8	4.835832E-2
5.770000E-8	4.822813E-2
5.775000E-8	4.808082E-2
5.780000E-8	4.796091E-2
5.785000E-8	4.784443E-2
5.790000E-8	4.774337E-2
5.795000E-8	4.767828E-2
5.800000E-8	4.764916E-2
5.805000E-8	4.765772E-2
5.810000E-8	4.770397E-2
5.815000E-8	4.775707E-2
5.820000E-8	4.782388E-2
5.825000E-8	4.791638E-2
5.830000E-8	4.802601E-2
5.835000E-8	4.809966E-2
5.840000E-8	4.816818E-2
5.845000E-8	4.821443E-2
5.850000E-8	4.823156E-2
5.855000E-8	4.822299E-2
5.860000E-8	4.820415E-2
5.865000E-8	4.818531E-2
5.870000E-8	4.816989E-2
5.875000E-8	4.817675E-2
5.880000E-8	4.819387E-2
5.885000E-8	4.820073E-2
5.890000E-8	4.818874E-2
5.895000E-8	4.816647E-2
5.900000E-8	4.811165E-2
5.905000E-8	4.803114E-2
5.910000E-8	4.793693E-2
5.915000E-8	4.785471E-2
5.920000E-8	4.782045E-2
5.925000E-8	4.784957E-2
5.930000E-8	4.789411E-2
5.935000E-8	4.792152E-2
5.940000E-8	4.794207E-2
5.945000E-8	4.796434E-2
5.950000E-8	4.797633E-2
5.955000E-8	4.796434E-2
5.960000E-8	4.795406E-2
5.965000E-8	4.791638E-2
5.970000E-8	4.785471E-2
5.975000E-8	4.776392E-2
5.980000E-8	4.763717E-2
5.985000E-8	4.751383E-2
5.990000E-8	4.743846E-2
5.995000E-8	4.740592E-2
6.000000E-8	4.740763E-2
6.005000E-8	4.744189E-2
6.010000E-8	4.752582E-2
6.015000E-8	4.760976E-2
6.020000E-8	4.767999E-2
6.025000E-8	4.773309E-2
6.030000E-8	4.776564E-2
6.035000E-8	4.776392E-2
6.040000E-8	4.772967E-2
6.045000E-8	4.766115E-2
6.050000E-8	4.756180E-2
6.055000E-8	4.746073E-2
6.060000E-8	4.735453E-2
6.065000E-8	4.726546E-2
6.070000E-8	4.720379E-2
6.075000E-8	4.718152E-2
6.080000E-8	4.719865E-2
6.085000E-8	4.722434E-2
6.090000E-8	4.728601E-2
6.095000E-8	4.737680E-2
6.100000E-8	4.746073E-2
6.105000E-8	4.753268E-2
6.110000E-8	4.760119E-2
6.115000E-8	4.764573E-2
6.120000E-8	4.761832E-2
6.125000E-8	4.753610E-2
6.130000E-8	4.742819E-2
6.135000E-8	4.731856E-2
6.140000E-8	4.719009E-2
6.145000E-8	4.708388E-2
6.150000E-8	4.702736E-2
6.155000E-8	4.705305E-2
6.160000E-8	4.715240E-2
6.165000E-8	4.730999E-2
6.170000E-8	4.747101E-2
6.175000E-8	4.762004E-2
6.180000E-8	4.772281E-2
6.185000E-8	4.777934E-2
6.190000E-8	4.777763E-2
6.195000E-8	4.773823E-2
6.200000E-8	4.767142E-2
6.205000E-8	4.758749E-2
6.210000E-8	4.750184E-2
6.215000E-8	4.742476E-2
6.220000E-8	4.735453E-2
6.225000E-8	4.727916E-2
6.230000E-8	4.718495E-2
6.235000E-8	4.712842E-2
6.240000E-8	4.712157E-2
6.245000E-8	4.712328E-2
6.250000E-8	4.712842E-2
6.255000E-8	4.714898E-2
6.260000E-8	4.715411E-2
6.265000E-8	4.712157E-2
6.270000E-8	4.710444E-2
6.275000E-8	4.707703E-2
6.280000E-8	4.699481E-2
6.285000E-8	4.687490E-2
6.290000E-8	4.677384E-2
6.295000E-8	4.669333E-2
6.300000E-8	4.660426E-2
6.305000E-8	4.652889E-2
6.310000E-8	4.649292E-2
6.315000E-8	4.646722E-2
6.320000E-8	4.642268E-2
6.325000E-8	4.638329E-2
6.330000E-8	4.637815E-2
6.335000E-8	4.640042E-2
6.340000E-8	4.643639E-2
6.345000E-8	4.648606E-2
6.350000E-8	4.654773E-2
6.355000E-8	4.659398E-2
6.360000E-8	4.661967E-2
6.365000E-8	4.662824E-2
6.370000E-8	4.661796E-2
6.375000E-8	4.658199E-2
6.380000E-8	4.651176E-2
6.385000E-8	4.643981E-2
6.390000E-8	4.639528E-2
6.395000E-8	4.637815E-2
6.400000E-8	4.639356E-2
6.405000E-8	4.643981E-2
6.410000E-8	4.652204E-2
6.415000E-8	4.660940E-2
6.420000E-8	4.666592E-2
6.425000E-8	4.671217E-2
6.430000E-8	4.676527E-2
6.435000E-8	4.679268E-2
6.440000E-8	4.674129E-2
6.445000E-8	4.662481E-2
6.450000E-8	4.650662E-2
6.455000E-8	4.637472E-2
6.460000E-8	4.618287E-2
6.465000E-8	4.600301E-2
6.470000E-8	4.590537E-2
6.475000E-8	4.584199E-2
6.480000E-8	4.577348E-2
6.485000E-8	4.574607E-2
6.490000E-8	4.579403E-2
6.495000E-8	4.587283E-2
6.500000E-8	4.596533E-2
6.505000E-8	4.609722E-2
6.510000E-8	4.624968E-2
6.515000E-8	4.639185E-2
6.520000E-8	4.653916E-2
6.525000E-8	4.667791E-2
6.530000E-8	4.678926E-2
6.535000E-8	4.686805E-2
6.540000E-8	4.689717E-2
6.545000E-8	4.688861E-2
6.550000E-8	4.685092E-2
6.555000E-8	4.682523E-2
6.560000E-8	4.677898E-2
6.565000E-8	4.671560E-2
6.570000E-8	4.668134E-2
6.575000E-8	4.669847E-2
6.580000E-8	4.672074E-2
6.585000E-8	4.672074E-2
6.590000E-8	4.671389E-2
6.595000E-8	4.671560E-2
6.600000E-8	4.670361E-2
6.605000E-8	4.668477E-2
6.610000E-8	4.668305E-2
6.615000E-8	4.665736E-2
6.620000E-8	4.660597E-2
6.625000E-8	4.656143E-2
6.630000E-8	4.651861E-2
6.635000E-8	4.647407E-2
6.640000E-8	4.640555E-2
6.645000E-8	4.633532E-2
6.650000E-8	4.627366E-2
6.655000E-8	4.622398E-2
6.660000E-8	4.618801E-2
6.665000E-8	4.616745E-2
6.670000E-8	4.614347E-2
6.675000E-8	4.611435E-2
6.680000E-8	4.608523E-2
6.685000E-8	4.605954E-2
6.690000E-8	4.603898E-2
6.695000E-8	4.601329E-2
6.700000E-8	4.597218E-2
6.705000E-8	4.591394E-2
6.710000E-8	4.585056E-2
6.715000E-8	4.577176E-2
6.720000E-8	4.568098E-2
6.725000E-8	4.560389E-2
6.730000E-8	4.558163E-2
6.735000E-8	4.558505E-2
6.740000E-8	4.558848E-2
6.745000E-8	4.562274E-2
6.750000E-8	4.568098E-2
6.755000E-8	4.569125E-2
6.760000E-8	4.565357E-2
6.765000E-8	4.562959E-2
6.770000E-8	4.560218E-2
6.775000E-8	4.555079E-2
6.780000E-8	4.550454E-2
6.785000E-8	4.550112E-2
6.790000E-8	4.549769E-2
6.795000E-8	4.549255E-2
6.800000E-8	4.549769E-2
6.805000E-8	4.551996E-2
6.810000E-8	4.556964E-2
6.815000E-8	4.566385E-2
6.820000E-8	4.575292E-2
6.825000E-8	4.582829E-2
6.830000E-8	4.589852E-2
6.835000E-8	4.597389E-2
6.840000E-8	4.604070E-2
6.845000E-8	4.609894E-2
6.850000E-8	4.613833E-2
6.855000E-8	4.616403E-2
6.860000E-8	4.618630E-2
6.865000E-8	4.621028E-2
6.870000E-8	4.622056E-2
6.875000E-8	4.621713E-2
6.880000E-8	4.621028E-2
6.885000E-8	4.615204E-2
6.890000E-8	4.608352E-2
6.895000E-8	4.604584E-2
6.900000E-8	4.599787E-2
6.905000E-8	4.590880E-2
6.910000E-8	4.582144E-2
6.915000E-8	4.574778E-2
6.920000E-8	4.566213E-2
6.925000E-8	4.556621E-2
6.930000E-8	4.548227E-2
6.935000E-8	4.540862E-2
6.940000E-8	4.534353E-2
6.945000E-8	4.530413E-2
6.950000E-8	4.527158E-2
6.955000E-8	4.524075E-2
6.960000E-8	4.523047E-2
6.965000E-8	4.523904E-2
6.970000E-8	4.523218E-2
6.975000E-8	4.519621E-2
6.980000E-8	4.513968E-2
6.985000E-8	4.509343E-2
6.990000E-8	4.505404E-2
6.995000E-8	4.502663E-2
7.000000E-8	4.503348E-2
7.005000E-8	4.505746E-2
7.010000E-8	4.509001E-2
7.015000E-8	4.513283E-2
7.020000E-8	4.517737E-2
7.025000E-8	4.520478E-2
7.030000E-8	4.523904E-2
7.035000E-8	4.528015E-2
7.040000E-8	4.532982E-2
7.045000E-8	4.537950E-2
7.050000E-8	4.544459E-2
7.055000E-8	4.549940E-2
7.060000E-8	4.550454E-2
7.065000E-8	4.545829E-2
7.070000E-8	4.540348E-2
7.075000E-8	4.532126E-2
7.080000E-8	4.523047E-2
7.085000E-8	4.517223E-2
7.090000E-8	4.515339E-2
7.095000E-8	4.513797E-2
7.100000E-8	4.512427E-2
7.105000E-8	4.512598E-2
7.110000E-8	4.513283E-2
7.115000E-8	4.513797E-2
7.120000E-8	4.512941E-2
7.125000E-8	4.512084E-2
7.130000E-8	4.512598E-2
7.135000E-8	4.514311E-2
7.140000E-8	4.515168E-2
7.145000E-8	4.513797E-2
7.150000E-8	4.512427E-2
7.155000E-8	4.509343E-2
7.160000E-8	4.503519E-2
7.165000E-8	4.498895E-2
7.170000E-8	4.498209E-2
7.175000E-8	4.497010E-2
7.180000E-8	4.493756E-2
7.185000E-8	4.491700E-2
7.190000E-8	4.491700E-2
7.195000E-8	4.491529E-2
7.200000E-8	4.494955E-2
7.205000E-8	4.503177E-2
7.210000E-8	4.511228E-2
7.215000E-8	4.516538E-2
7.220000E-8	4.520306E-2
7.225000E-8	4.520478E-2
7.230000E-8	4.515681E-2
7.235000E-8	4.507802E-2
7.240000E-8	4.498381E-2
7.245000E-8	4.488274E-2
7.250000E-8	4.476455E-2
7.255000E-8	4.463608E-2
7.260000E-8	4.453159E-2
7.265000E-8	4.447163E-2
7.270000E-8	4.446992E-2
7.275000E-8	4.447506E-2
7.280000E-8	4.446307E-2
7.285000E-8	4.447335E-2
7.290000E-8	4.451274E-2
7.295000E-8	4.455899E-2
7.300000E-8	4.461552E-2
7.305000E-8	4.469774E-2
7.310000E-8	4.477825E-2
7.315000E-8	4.481594E-2
7.320000E-8	4.481936E-2
7.325000E-8	4.480395E-2
7.330000E-8	4.476284E-2
7.335000E-8	4.470460E-2
7.340000E-8	4.466348E-2
7.345000E-8	4.464978E-2
7.350000E-8	4.464464E-2
7.355000E-8	4.464978E-2
7.360000E-8	4.467890E-2
7.365000E-8	4.472172E-2
7.370000E-8	4.476112E-2
7.375000E-8	4.479881E-2
7.380000E-8	4.482793E-2
7.385000E-8	4.485876E-2
7.390000E-8	4.488617E-2
7.395000E-8	4.487418E-2
7.400000E-8	4.483135E-2
7.405000E-8	4.478168E-2
7.410000E-8	4.472515E-2
7.415000E-8	4.464636E-2
7.420000E-8	4.455214E-2
7.425000E-8	4.447335E-2
7.430000E-8	4.444594E-2
7.435000E-8	4.445450E-2
7.440000E-8	4.448876E-2
7.445000E-8	4.452987E-2
7.450000E-8	4.457270E-2
7.455000E-8	4.462580E-2
7.460000E-8	4.467890E-2
7.465000E-8	4.472686E-2
7.470000E-8	4.477483E-2
7.475000E-8	4.480737E-2
7.480000E-8	4.480223E-2
7.485000E-8	4.476284E-2
7.490000E-8	4.468404E-2
7.495000E-8	4.456927E-2
7.500000E-8	4.446650E-2
7.505000E-8	4.438770E-2
7.510000E-8	4.433631E-2
7.515000E-8	4.430548E-2
7.520000E-8	4.428321E-2
7.525000E-8	4.424210E-2
7.530000E-8	4.420613E-2
7.535000E-8	4.417529E-2
7.540000E-8	4.415645E-2
7.545000E-8	4.414617E-2
7.550000E-8	4.415303E-2
7.555000E-8	4.416330E-2
7.560000E-8	4.415816E-2
7.565000E-8	4.414103E-2
7.570000E-8	4.413247E-2
7.575000E-8	4.415645E-2
7.580000E-8	4.421812E-2
7.585000E-8	4.429691E-2
7.590000E-8	4.438770E-2
7.595000E-8	4.449390E-2
7.600000E-8	4.460011E-2
7.605000E-8	4.467376E-2
7.610000E-8	4.469774E-2
7.615000E-8	4.466520E-2
7.620000E-8	4.459154E-2
7.625000E-8	4.449390E-2
7.630000E-8	4.440825E-2
7.635000E-8	4.433289E-2
7.640000E-8	4.424552E-2
7.645000E-8	4.414617E-2
7.650000E-8	4.403826E-2
7.655000E-8	4.394062E-2
7.660000E-8	4.387553E-2
7.665000E-8	4.385669E-2
7.670000E-8	4.387724E-2
7.675000E-8	4.392520E-2
7.680000E-8	4.400400E-2
7.685000E-8	4.410164E-2
7.690000E-8	4.419756E-2
7.695000E-8	4.426779E-2
7.700000E-8	4.431576E-2
7.705000E-8	4.433460E-2
7.710000E-8	4.429349E-2
7.715000E-8	4.421469E-2
7.720000E-8	4.412904E-2
7.725000E-8	4.402798E-2
7.730000E-8	4.392863E-2
7.735000E-8	4.384298E-2
7.740000E-8	4.379844E-2
7.745000E-8	4.378817E-2
7.750000E-8	4.377446E-2
7.755000E-8	4.375562E-2
7.760000E-8	4.377104E-2
7.765000E-8	4.381044E-2
7.770000E-8	4.386696E-2
7.775000E-8	4.394747E-2
7.780000E-8	4.406053E-2
7.785000E-8	4.416844E-2
7.790000E-8	4.424210E-2
7.795000E-8	4.430377E-2
7.800000E-8	4.433460E-2
7.805000E-8	4.431062E-2
7.810000E-8	4.424210E-2
7.815000E-8	4.416502E-2
7.820000E-8	4.406224E-2
7.825000E-8	4.392349E-2
7.830000E-8	4.378817E-2
7.835000E-8	4.368710E-2
7.840000E-8	4.361858E-2
7.845000E-8	4.357576E-2
7.850000E-8	4.355863E-2
7.855000E-8	4.358090E-2
7.860000E-8	4.365456E-2
7.865000E-8	4.374877E-2
7.870000E-8	4.383613E-2
7.875000E-8	4.391835E-2
7.880000E-8	4.400057E-2
7.885000E-8	4.405196E-2
7.890000E-8	4.405367E-2
7.895000E-8	4.403312E-2
7.900000E-8	4.401770E-2
7.905000E-8	4.399030E-2
7.910000E-8	4.391321E-2
7.915000E-8	4.378132E-2
7.920000E-8	4.362544E-2
7.925000E-8	4.349011E-2
7.930000E-8	4.335479E-2
7.935000E-8	4.323146E-2
7.940000E-8	4.314924E-2
7.945000E-8	4.312012E-2
7.950000E-8	4.312868E-2
7.955000E-8	4.315438E-2
7.960000E-8	4.319035E-2
7.965000E-8	4.323146E-2
7.970000E-8	4.327942E-2
7.975000E-8	4.329998E-2
7.980000E-8	4.329826E-2
7.985000E-8	4.330854E-2
7.990000E-8	4.333937E-2
7.995000E-8	4.336849E-2
8.000000E-8	4.337363E-2
8.005000E-8	4.336164E-2
8.010000E-8	4.334794E-2
8.015000E-8	4.334280E-2
8.020000E-8	4.332224E-2
8.025000E-8	4.328285E-2
8.030000E-8	4.323317E-2
8.035000E-8	4.319549E-2
8.040000E-8	4.318692E-2
8.045000E-8	4.322118E-2
8.050000E-8	4.328627E-2
8.055000E-8	4.336507E-2
8.060000E-8	4.342331E-2
8.065000E-8	4.346785E-2
8.070000E-8	4.350553E-2
8.075000E-8	4.353122E-2
8.080000E-8	4.356377E-2
8.085000E-8	4.358775E-2
8.090000E-8	4.358090E-2
8.095000E-8	4.353465E-2
8.100000E-8	4.346613E-2
8.105000E-8	4.339419E-2
8.110000E-8	4.333081E-2
8.115000E-8	4.326572E-2
8.120000E-8	4.319035E-2
8.125000E-8	4.312697E-2
8.130000E-8	4.308243E-2
8.135000E-8	4.306530E-2
8.140000E-8	4.304646E-2
8.145000E-8	4.300877E-2
8.150000E-8	4.295396E-2
8.155000E-8	4.289229E-2
8.160000E-8	4.283063E-2
8.165000E-8	4.278267E-2
8.170000E-8	4.276382E-2
8.175000E-8	4.277239E-2
8.180000E-8	4.278609E-2
8.185000E-8	4.282892E-2
8.190000E-8	4.291285E-2
8.195000E-8	4.299507E-2
8.200000E-8	4.305160E-2
8.205000E-8	4.310813E-2
8.210000E-8	4.316979E-2
8.215000E-8	4.319035E-2
8.220000E-8	4.318178E-2
8.225000E-8	4.317493E-2
8.230000E-8	4.315095E-2
8.235000E-8	4.307729E-2
8.240000E-8	4.298993E-2
8.245000E-8	4.291970E-2
8.250000E-8	4.285975E-2
8.255000E-8	4.280665E-2
8.260000E-8	4.275868E-2
8.265000E-8	4.272100E-2
8.270000E-8	4.271072E-2
8.275000E-8	4.272614E-2
8.280000E-8	4.270901E-2
8.285000E-8	4.266447E-2
8.290000E-8	4.261480E-2
8.295000E-8	4.256169E-2
8.300000E-8	4.248633E-2
8.305000E-8	4.241267E-2
8.310000E-8	4.235957E-2
8.315000E-8	4.231503E-2
8.320000E-8	4.227392E-2
8.325000E-8	4.227221E-2
8.330000E-8	4.230989E-2
8.335000E-8	4.236984E-2
8.340000E-8	4.242466E-2
8.345000E-8	4.250688E-2
8.350000E-8	4.261480E-2
8.355000E-8	4.272956E-2
8.360000E-8	4.282378E-2
8.365000E-8	4.288716E-2
8.370000E-8	4.292484E-2
8.375000E-8	4.291628E-2
8.380000E-8	4.288544E-2
8.385000E-8	4.285975E-2
8.390000E-8	4.283063E-2
8.395000E-8	4.279979E-2
8.400000E-8	4.277239E-2
8.405000E-8	4.277753E-2
8.410000E-8	4.281007E-2
8.415000E-8	4.286489E-2
8.420000E-8	4.293512E-2
8.425000E-8	4.300364E-2
8.430000E-8	4.304817E-2
8.435000E-8	4.305845E-2
8.440000E-8	4.303618E-2
8.445000E-8	4.297452E-2
8.450000E-8	4.290257E-2
8.455000E-8	4.282378E-2
8.460000E-8	4.272614E-2
8.465000E-8	4.264049E-2
8.470000E-8	4.260966E-2
8.475000E-8	4.261994E-2
8.480000E-8	4.261994E-2
8.485000E-8	4.261308E-2
8.490000E-8	4.260966E-2
8.495000E-8	4.258054E-2
8.500000E-8	4.252744E-2
8.505000E-8	4.247091E-2
8.510000E-8	4.240410E-2
8.515000E-8	4.232359E-2
8.520000E-8	4.225679E-2
8.525000E-8	4.220198E-2
8.530000E-8	4.213517E-2
8.535000E-8	4.210605E-2
8.540000E-8	4.211975E-2
8.545000E-8	4.213517E-2
8.550000E-8	4.214887E-2
8.555000E-8	4.218485E-2
8.560000E-8	4.220540E-2
8.565000E-8	4.218485E-2
8.570000E-8	4.215744E-2
8.575000E-8	4.216086E-2
8.580000E-8	4.215401E-2
8.585000E-8	4.213346E-2
8.590000E-8	4.212832E-2
8.595000E-8	4.211633E-2
8.600000E-8	4.209063E-2
8.605000E-8	4.209406E-2
8.610000E-8	4.214887E-2
8.615000E-8	4.220711E-2
8.620000E-8	4.224822E-2
8.625000E-8	4.229105E-2
8.630000E-8	4.232188E-2
8.635000E-8	4.232017E-2
8.640000E-8	4.230475E-2
8.645000E-8	4.229619E-2
8.650000E-8	4.229276E-2
8.655000E-8	4.226707E-2
8.660000E-8	4.223281E-2
8.665000E-8	4.222424E-2
8.670000E-8	4.223110E-2
8.675000E-8	4.222767E-2
8.680000E-8	4.223623E-2
8.685000E-8	4.226707E-2
8.690000E-8	4.231332E-2
8.695000E-8	4.233559E-2
8.700000E-8	4.232531E-2
8.705000E-8	4.230818E-2
8.710000E-8	4.228934E-2
8.715000E-8	4.223966E-2
8.720000E-8	4.216772E-2
8.725000E-8	4.208207E-2
8.730000E-8	4.199300E-2
8.735000E-8	4.191249E-2
8.740000E-8	4.184397E-2
8.745000E-8	4.180800E-2
8.750000E-8	4.180457E-2
8.755000E-8	4.179429E-2
8.760000E-8	4.179772E-2
8.765000E-8	4.182341E-2
8.770000E-8	4.186966E-2
8.775000E-8	4.191763E-2
8.780000E-8	4.196216E-2
8.785000E-8	4.198957E-2
8.790000E-8	4.197758E-2
8.795000E-8	4.193133E-2
8.800000E-8	4.187823E-2
8.805000E-8	4.182513E-2
8.810000E-8	4.178059E-2
8.815000E-8	4.176860E-2
8.820000E-8	4.177716E-2
8.825000E-8	4.178402E-2
8.830000E-8	4.177202E-2
8.835000E-8	4.176689E-2
8.840000E-8	4.178059E-2
8.845000E-8	4.180800E-2
8.850000E-8	4.184226E-2
8.855000E-8	4.188337E-2
8.860000E-8	4.192276E-2
8.865000E-8	4.193989E-2
8.870000E-8	4.193818E-2
8.875000E-8	4.191934E-2
8.880000E-8	4.191249E-2
8.885000E-8	4.190906E-2
8.890000E-8	4.190050E-2
8.895000E-8	4.187480E-2
8.900000E-8	4.184739E-2
8.905000E-8	4.182170E-2
8.910000E-8	4.178744E-2
8.915000E-8	4.175318E-2
8.920000E-8	4.171721E-2
8.925000E-8	4.165726E-2
8.930000E-8	4.157332E-2
8.935000E-8	4.148768E-2
8.940000E-8	4.141059E-2
8.945000E-8	4.134550E-2
8.950000E-8	4.131809E-2
8.955000E-8	4.134550E-2
8.960000E-8	4.138319E-2
8.965000E-8	4.141916E-2
8.970000E-8	4.148768E-2
8.975000E-8	4.157675E-2
8.980000E-8	4.162129E-2
8.985000E-8	4.161101E-2
8.990000E-8	4.158874E-2
8.995000E-8	4.154592E-2
9.000000E-8	4.146712E-2
9.005000E-8	4.136948E-2
9.010000E-8	4.128555E-2
9.015000E-8	4.122388E-2
9.020000E-8	4.116393E-2
9.025000E-8	4.110911E-2
9.030000E-8	4.107828E-2
9.035000E-8	4.107657E-2
9.040000E-8	4.110226E-2
9.045000E-8	4.117763E-2
9.050000E-8	4.130610E-2
9.055000E-8	4.143800E-2
9.060000E-8	4.153564E-2
9.065000E-8	4.160587E-2
9.070000E-8	4.166925E-2
9.075000E-8	4.172406E-2
9.080000E-8	4.174976E-2
9.085000E-8	4.175490E-2
9.090000E-8	4.176003E-2
9.095000E-8	4.175832E-2
9.100000E-8	4.173434E-2
9.105000E-8	4.167953E-2
9.110000E-8	4.161786E-2
9.115000E-8	4.153050E-2
9.120000E-8	4.140717E-2
9.125000E-8	4.127698E-2
9.130000E-8	4.118106E-2
9.135000E-8	4.111083E-2
9.140000E-8	4.106458E-2
9.145000E-8	4.107143E-2
9.150000E-8	4.112624E-2
9.155000E-8	4.117078E-2
9.160000E-8	4.120161E-2
9.165000E-8	4.124786E-2
9.170000E-8	4.131124E-2
9.175000E-8	4.135920E-2
9.180000E-8	4.139518E-2
9.185000E-8	4.139860E-2
9.190000E-8	4.136092E-2
9.195000E-8	4.131295E-2
9.200000E-8	4.125814E-2
9.205000E-8	4.116564E-2
9.210000E-8	4.104060E-2
9.215000E-8	4.092754E-2
9.220000E-8	4.083333E-2
9.225000E-8	4.074425E-2
9.230000E-8	4.067060E-2
9.235000E-8	4.063120E-2
9.240000E-8	4.060551E-2
9.245000E-8	4.059523E-2
9.250000E-8	4.061236E-2
9.255000E-8	4.062777E-2
9.260000E-8	4.065004E-2
9.265000E-8	4.071000E-2
9.270000E-8	4.076824E-2
9.275000E-8	4.079222E-2
9.280000E-8	4.082648E-2
9.285000E-8	4.089157E-2
9.290000E-8	4.092069E-2
9.295000E-8	4.090699E-2
9.300000E-8	4.089671E-2
9.305000E-8	4.087101E-2
9.310000E-8	4.080592E-2
9.315000E-8	4.073740E-2
9.320000E-8	4.069801E-2
9.325000E-8	4.068601E-2
9.330000E-8	4.068944E-2
9.335000E-8	4.071685E-2
9.340000E-8	4.074768E-2
9.345000E-8	4.078194E-2
9.350000E-8	4.083162E-2
9.355000E-8	4.088643E-2
9.360000E-8	4.093953E-2
9.365000E-8	4.100462E-2
9.370000E-8	4.104916E-2
9.375000E-8	4.107314E-2
9.380000E-8	4.108342E-2
9.385000E-8	4.109027E-2
9.390000E-8	4.110226E-2
9.395000E-8	4.111425E-2
9.400000E-8	4.110740E-2
9.405000E-8	4.105601E-2
9.410000E-8	4.100462E-2
9.415000E-8	4.098407E-2
9.420000E-8	4.094467E-2
9.425000E-8	4.087444E-2
9.430000E-8	4.081449E-2
9.435000E-8	4.076824E-2
9.440000E-8	4.071342E-2
9.445000E-8	4.066717E-2
9.450000E-8	4.064148E-2
9.455000E-8	4.060893E-2
9.460000E-8	4.055583E-2
9.465000E-8	4.049588E-2
9.470000E-8	4.043935E-2
9.475000E-8	4.040509E-2
9.480000E-8	4.037940E-2
9.485000E-8	4.033657E-2
9.490000E-8	4.029204E-2
9.495000E-8	4.027319E-2
9.500000E-8	4.028176E-2
9.505000E-8	4.028347E-2
9.510000E-8	4.029375E-2
9.515000E-8	4.034342E-2
9.520000E-8	4.042222E-2
9.525000E-8	4.050273E-2
9.530000E-8	4.059523E-2
9.535000E-8	4.070314E-2
9.540000E-8	4.080078E-2
9.545000E-8	4.089157E-2
9.550000E-8	4.096180E-2
9.555000E-8	4.098749E-2
9.560000E-8	4.095666E-2
9.565000E-8	4.090527E-2
9.570000E-8	4.082476E-2
9.575000E-8	4.071342E-2
9.580000E-8	4.059523E-2
9.585000E-8	4.051643E-2
9.590000E-8	4.048217E-2
9.595000E-8	4.047018E-2
9.600000E-8	4.047532E-2
9.605000E-8	4.052328E-2
9.610000E-8	4.061750E-2
9.615000E-8	4.071513E-2
9.620000E-8	4.078365E-2
9.625000E-8	4.084703E-2
9.630000E-8	4.090013E-2
9.635000E-8	4.089157E-2
9.640000E-8	4.082990E-2
9.645000E-8	4.075796E-2
9.650000E-8	4.067574E-2
9.655000E-8	4.057810E-2
9.660000E-8	4.049074E-2
9.665000E-8	4.044620E-2
9.670000E-8	4.041537E-2
9.675000E-8	4.039139E-2
9.680000E-8	4.036569E-2
9.685000E-8	4.032972E-2
9.690000E-8	4.029546E-2
9.695000E-8	4.028347E-2
9.700000E-8	4.027662E-2
9.705000E-8	4.025949E-2
9.710000E-8	4.022694E-2
9.715000E-8	4.020468E-2
9.720000E-8	4.016528E-2
9.725000E-8	4.011903E-2
9.730000E-8	4.010875E-2
9.735000E-8	4.012417E-2
9.740000E-8	4.013444E-2
9.745000E-8	4.012417E-2
9.750000E-8	4.011903E-2
9.755000E-8	4.011218E-2
9.760000E-8	4.009676E-2
9.765000E-8	4.008134E-2
9.770000E-8	4.008819E-2
9.775000E-8	4.011218E-2
9.780000E-8	4.015329E-2
9.785000E-8	4.018412E-2
9.790000E-8	4.019097E-2
9.795000E-8	4.019782E-2
9.800000E-8	4.021667E-2
9.805000E-8	4.022523E-2
9.810000E-8	4.021324E-2
9.815000E-8	4.019268E-2
9.820000E-8	4.016356E-2
9.825000E-8	4.012931E-2
9.830000E-8	4.009162E-2
9.835000E-8	4.005222E-2
9.840000E-8	3.999570E-2
9.845000E-8	3.991690E-2
9.850000E-8	3.983639E-2
9.855000E-8	3.976616E-2
9.860000E-8	3.971135E-2
9.865000E-8	3.966167E-2
9.870000E-8	3.963598E-2
9.875000E-8	3.965139E-2
9.880000E-8	3.969422E-2
9.885000E-8	3.973190E-2
9.890000E-8	3.977301E-2
9.895000E-8	3.983297E-2
9.900000E-8	3.988435E-2
9.905000E-8	3.991690E-2
9.910000E-8	3.993232E-2
9.915000E-8	3.991347E-2
9.920000E-8	3.986037E-2
9.925000E-8	3.978843E-2
9.930000E-8	3.972505E-2
9.935000E-8	3.966338E-2
9.940000E-8	3.959487E-2
9.945000E-8	3.953663E-2
9.950000E-8	3.947325E-2
9.955000E-8	3.939102E-2
9.960000E-8	3.930366E-2
9.965000E-8	3.924028E-2
9.970000E-8	3.921288E-2
9.975000E-8	3.921630E-2
9.980000E-8	3.922144E-2
9.985000E-8	3.923857E-2
9.990000E-8	3.927968E-2
9.995000E-8	3.933792E-2
1.000000E-7	3.941329E-2
1.000500E-7	3.950750E-2
1.001000E-7	3.960172E-2
1.001500E-7	3.967366E-2
1.002000E-7	3.974389E-2
1.002500E-7	3.983125E-2
1.003000E-7	3.991347E-2
1.003500E-7	3.995972E-2
1.004000E-7	3.998199E-2
1.004500E-7	3.998370E-2
1.005000E-7	3.997000E-2
1.005500E-7	3.996144E-2
1.006000E-7	3.996315E-2
1.006500E-7	3.994088E-2
1.007000E-7	3.989121E-2
1.007500E-7	3.984153E-2
1.008000E-7	3.980042E-2
1.008500E-7	3.975417E-2
1.009000E-7	3.971477E-2
1.009500E-7	3.970621E-2
1.010000E-7	3.973019E-2
1.010500E-7	3.976102E-2
1.011000E-7	3.979699E-2
1.011500E-7	3.982611E-2
1.012000E-7	3.983639E-2
1.012500E-7	3.985523E-2
1.013000E-7	3.989121E-2
1.013500E-7	3.989121E-2
1.014000E-7	3.985523E-2
1.014500E-7	3.981412E-2
1.015000E-7	3.978843E-2
1.015500E-7	3.974903E-2
1.016000E-7	3.968908E-2
1.016500E-7	3.962227E-2
1.017000E-7	3.956746E-2
1.017500E-7	3.952635E-2
1.018000E-7	3.952292E-2
1.018500E-7	3.955204E-2
1.019000E-7	3.955718E-2
1.019500E-7	3.954690E-2
1.020000E-7	3.954690E-2
1.020500E-7	3.953491E-2
1.021000E-7	3.948524E-2
1.021500E-7	3.940130E-2
1.022000E-7	3.931223E-2
1.022500E-7	3.921459E-2
1.023000E-7	3.911524E-2
1.023500E-7	3.902959E-2
1.024000E-7	3.896964E-2
1.024500E-7	3.893367E-2
1.025000E-7	3.892681E-2
1.025500E-7	3.898334E-2
1.026000E-7	3.908269E-2
1.026500E-7	3.919061E-2
1.027000E-7	3.931908E-2
1.027500E-7	3.946297E-2
1.028000E-7	3.956917E-2
1.028500E-7	3.960514E-2
1.029000E-7	3.961199E-2
1.029500E-7	3.960343E-2
1.030000E-7	3.956232E-2
1.030500E-7	3.949551E-2
1.031000E-7	3.943727E-2
1.031500E-7	3.937903E-2
1.032000E-7	3.932251E-2
1.032500E-7	3.929681E-2
1.033000E-7	3.929167E-2
1.033500E-7	3.927626E-2
1.034000E-7	3.923343E-2
1.034500E-7	3.918204E-2
1.035000E-7	3.914779E-2
1.035500E-7	3.912552E-2
1.036000E-7	3.911181E-2
1.036500E-7	3.912209E-2
1.037000E-7	3.915806E-2
1.037500E-7	3.917519E-2
1.038000E-7	3.916663E-2
1.038500E-7	3.917005E-2
1.039000E-7	3.918890E-2
1.039500E-7	3.918204E-2
1.040000E-7	3.914265E-2
1.040500E-7	3.911353E-2
1.041000E-7	3.908783E-2
1.041500E-7	3.904158E-2
1.042000E-7	3.897649E-2
1.042500E-7	3.891825E-2
1.043000E-7	3.887200E-2
1.043500E-7	3.882575E-2
1.044000E-7	3.877608E-2
1.044500E-7	3.871612E-2
1.045000E-7	3.864075E-2
1.045500E-7	3.857223E-2
1.046000E-7	3.854311E-2
1.046500E-7	3.858936E-2
1.047000E-7	3.867844E-2
1.047500E-7	3.878635E-2
1.048000E-7	3.889941E-2
1.048500E-7	3.900904E-2
1.049000E-7	3.908955E-2
1.049500E-7	3.914436E-2
1.050000E-7	3.917862E-2
1.050500E-7	3.915635E-2
1.051000E-7	3.909982E-2
1.051500E-7	3.901760E-2
1.052000E-7	3.891654E-2
1.052500E-7	3.880862E-2
1.053000E-7	3.873154E-2
1.053500E-7	3.868015E-2
1.054000E-7	3.866987E-2
1.054500E-7	3.871783E-2
1.055000E-7	3.881547E-2
1.055500E-7	3.893538E-2
1.056000E-7	3.906214E-2
1.056500E-7	3.916663E-2
1.057000E-7	3.921630E-2
1.057500E-7	3.920774E-2
1.058000E-7	3.915464E-2
1.058500E-7	3.907070E-2
1.059000E-7	3.896107E-2
1.059500E-7	3.884973E-2
1.060000E-7	3.874010E-2
1.060500E-7	3.866816E-2
1.061000E-7	3.863904E-2
1.061500E-7	3.860478E-2
1.062000E-7	3.855853E-2
1.062500E-7	3.854311E-2
1.063000E-7	3.857223E-2
1.063500E-7	3.859622E-2
1.064000E-7	3.857566E-2
1.064500E-7	3.852256E-2
1.065000E-7	3.845404E-2
1.065500E-7	3.835469E-2
1.066000E-7	3.823307E-2
1.066500E-7	3.812002E-2
1.067000E-7	3.804293E-2
1.067500E-7	3.798983E-2
1.068000E-7	3.795557E-2
1.068500E-7	3.793502E-2
1.069000E-7	3.795900E-2
1.069500E-7	3.804122E-2
1.070000E-7	3.816798E-2
1.070500E-7	3.832557E-2
1.071000E-7	3.849686E-2
1.071500E-7	3.866816E-2
1.072000E-7	3.880348E-2
1.072500E-7	3.888228E-2
1.073000E-7	3.891654E-2
1.073500E-7	3.889084E-2
1.074000E-7	3.878121E-2
1.074500E-7	3.862705E-2
1.075000E-7	3.847802E-2
1.075500E-7	3.831700E-2
1.076000E-7	3.815770E-2
1.076500E-7	3.804978E-2
1.077000E-7	3.799668E-2
1.077500E-7	3.795900E-2
1.078000E-7	3.791789E-2
1.078500E-7	3.789219E-2
1.079000E-7	3.790076E-2
1.079500E-7	3.793502E-2
1.080000E-7	3.796585E-2
1.080500E-7	3.797955E-2
1.081000E-7	3.800353E-2
1.081500E-7	3.803094E-2
1.082000E-7	3.804807E-2
1.082500E-7	3.808062E-2
1.083000E-7	3.816455E-2
1.083500E-7	3.826904E-2
1.084000E-7	3.837182E-2
1.084500E-7	3.847117E-2
1.085000E-7	3.858765E-2
1.085500E-7	3.870927E-2
1.086000E-7	3.880177E-2
1.086500E-7	3.883945E-2
1.087000E-7	3.880177E-2
1.087500E-7	3.872126E-2
1.088000E-7	3.860649E-2
1.088500E-7	3.843349E-2
1.089000E-7	3.821937E-2
1.089500E-7	3.800696E-2
1.090000E-7	3.781511E-2
1.090500E-7	3.764895E-2
1.091000E-7	3.755303E-2
1.091500E-7	3.754960E-2
1.092000E-7	3.762497E-2
1.092500E-7	3.775002E-2
1.093000E-7	3.789048E-2
1.093500E-7	3.799497E-2
1.094000E-7	3.806691E-2
1.094500E-7	3.813714E-2
1.095000E-7	3.821937E-2
1.095500E-7	3.829474E-2
1.096000E-7	3.835812E-2
1.096500E-7	3.840265E-2
1.097000E-7	3.840265E-2
1.097500E-7	3.837182E-2
1.098000E-7	3.835469E-2
1.098500E-7	3.834955E-2
1.099000E-7	3.834270E-2
1.099500E-7	3.833927E-2
1.100000E-7	3.834955E-2
1.100500E-7	3.834955E-2
1.101000E-7	3.832900E-2
1.101500E-7	3.831015E-2
1.102000E-7	3.828275E-2
1.102500E-7	3.822793E-2
1.103000E-7	3.812344E-2
1.103500E-7	3.799326E-2
1.104000E-7	3.787506E-2
1.104500E-7	3.777571E-2
1.105000E-7	3.766437E-2
1.105500E-7	3.754446E-2
1.106000E-7	3.746909E-2
1.106500E-7	3.743484E-2
1.107000E-7	3.742113E-2
1.107500E-7	3.744169E-2
1.108000E-7	3.750335E-2
1.108500E-7	3.758215E-2
1.109000E-7	3.764553E-2
1.109500E-7	3.767807E-2
1.110000E-7	3.769178E-2
1.110500E-7	3.768835E-2
1.111000E-7	3.766094E-2
1.111500E-7	3.762326E-2
1.112000E-7	3.760613E-2
1.112500E-7	3.762326E-2
1.113000E-7	3.763525E-2
1.113500E-7	3.763011E-2
1.114000E-7	3.763182E-2
1.114500E-7	3.764382E-2
1.115000E-7	3.764039E-2
1.115500E-7	3.761983E-2
1.116000E-7	3.760784E-2
1.116500E-7	3.760099E-2
1.117000E-7	3.759757E-2
1.117500E-7	3.759757E-2
1.118000E-7	3.758729E-2
1.118500E-7	3.755988E-2
1.119000E-7	3.752905E-2
1.119500E-7	3.748794E-2
1.120000E-7	3.740914E-2
1.120500E-7	3.731150E-2
1.121000E-7	3.722243E-2
1.121500E-7	3.715220E-2
1.122000E-7	3.706998E-2
1.122500E-7	3.699289E-2
1.123000E-7	3.695350E-2
1.123500E-7	3.695007E-2
1.124000E-7	3.698433E-2
1.124500E-7	3.702715E-2
1.125000E-7	3.706655E-2
1.125500E-7	3.712137E-2
1.126000E-7	3.716933E-2
1.126500E-7	3.721900E-2
1.127000E-7	3.726183E-2
1.127500E-7	3.729266E-2
1.128000E-7	3.731322E-2
1.128500E-7	3.732692E-2
1.129000E-7	3.732521E-2
1.129500E-7	3.730808E-2
1.130000E-7	3.729951E-2
1.130500E-7	3.731150E-2
1.131000E-7	3.730808E-2
1.131500E-7	3.729266E-2
1.132000E-7	3.728923E-2
1.132500E-7	3.727553E-2
1.133000E-7	3.721900E-2
1.133500E-7	3.714192E-2
1.134000E-7	3.708368E-2
1.134500E-7	3.704257E-2
1.135000E-7	3.700831E-2
1.135500E-7	3.697405E-2
1.136000E-7	3.692438E-2
1.136500E-7	3.687127E-2
1.137000E-7	3.684215E-2
1.137500E-7	3.686100E-2
1.138000E-7	3.692095E-2
1.138500E-7	3.703400E-2
1.139000E-7	3.718132E-2
1.139500E-7	3.731150E-2
1.140000E-7	3.743141E-2
1.140500E-7	3.755303E-2
1.141000E-7	3.764553E-2
1.141500E-7	3.769692E-2
1.142000E-7	3.771576E-2
1.142500E-7	3.767979E-2
1.143000E-7	3.758215E-2
1.143500E-7	3.744511E-2
1.144000E-7	3.732007E-2
1.144500E-7	3.722928E-2
1.145000E-7	3.716248E-2
1.145500E-7	3.710937E-2
1.146000E-7	3.706484E-2
1.146500E-7	3.702201E-2
1.147000E-7	3.697919E-2
1.147500E-7	3.694493E-2
1.148000E-7	3.692952E-2
1.148500E-7	3.692438E-2
1.149000E-7	3.690382E-2
1.149500E-7	3.686614E-2
1.150000E-7	3.684387E-2
1.150500E-7	3.686271E-2
1.151000E-7	3.689526E-2
1.151500E-7	3.693294E-2
1.152000E-7	3.696377E-2
1.152500E-7	3.698947E-2
1.153000E-7	3.699975E-2
1.153500E-7	3.700146E-2
1.154000E-7	3.698262E-2
1.154500E-7	3.694322E-2
1.155000E-7	3.687641E-2
1.155500E-7	3.676678E-2
1.156000E-7	3.663146E-2
1.156500E-7	3.649443E-2
1.157000E-7	3.638822E-2
1.157500E-7	3.631114E-2
1.158000E-7	3.625461E-2
1.158500E-7	3.621008E-2
1.159000E-7	3.620665E-2
1.159500E-7	3.625290E-2
1.160000E-7	3.632313E-2
1.160500E-7	3.639336E-2
1.161000E-7	3.648929E-2
1.161500E-7	3.661433E-2
1.162000E-7	3.671368E-2
1.162500E-7	3.677706E-2
1.163000E-7	3.683530E-2
1.163500E-7	3.689183E-2
1.164000E-7	3.689012E-2
1.164500E-7	3.682503E-2
1.165000E-7	3.675651E-2
1.165500E-7	3.669484E-2
1.166000E-7	3.660234E-2
1.166500E-7	3.651669E-2
1.167000E-7	3.646188E-2
1.167500E-7	3.642762E-2
1.168000E-7	3.642248E-2
1.168500E-7	3.645503E-2
1.169000E-7	3.648757E-2
1.169500E-7	3.650813E-2
1.170000E-7	3.657151E-2
1.170500E-7	3.667086E-2
1.171000E-7	3.676336E-2
1.171500E-7	3.686956E-2
1.172000E-7	3.697234E-2
1.172500E-7	3.701859E-2
1.173000E-7	3.701859E-2
1.173500E-7	3.698947E-2
1.174000E-7	3.693465E-2
1.174500E-7	3.685928E-2
1.175000E-7	3.678905E-2
1.175500E-7	3.672396E-2
1.176000E-7	3.665716E-2
1.176500E-7	3.659206E-2
1.177000E-7	3.650813E-2
1.177500E-7	3.640878E-2
1.178000E-7	3.633341E-2
1.178500E-7	3.630086E-2
1.179000E-7	3.629401E-2
1.179500E-7	3.630600E-2
1.180000E-7	3.631457E-2
1.180500E-7	3.629230E-2
1.181000E-7	3.626660E-2
1.181500E-7	3.626489E-2
1.182000E-7	3.628716E-2
1.182500E-7	3.633170E-2
1.183000E-7	3.639165E-2
1.183500E-7	3.647730E-2
1.184000E-7	3.656808E-2
1.184500E-7	3.666401E-2
1.185000E-7	3.674966E-2
1.185500E-7	3.681817E-2
1.186000E-7	3.685243E-2
1.186500E-7	3.685415E-2
1.187000E-7	3.683359E-2
1.187500E-7	3.677535E-2
1.188000E-7	3.666401E-2
1.188500E-7	3.655438E-2
1.189000E-7	3.647901E-2
1.189500E-7	3.640878E-2
1.190000E-7	3.632998E-2
1.190500E-7	3.628545E-2
1.191000E-7	3.629230E-2
1.191500E-7	3.631970E-2
1.192000E-7	3.635054E-2
1.192500E-7	3.639679E-2
1.193000E-7	3.644475E-2
1.193500E-7	3.647044E-2
1.194000E-7	3.646188E-2
1.194500E-7	3.645160E-2
1.195000E-7	3.641563E-2
1.195500E-7	3.634882E-2
1.196000E-7	3.625804E-2
1.196500E-7	3.619295E-2
1.197000E-7	3.616040E-2
1.197500E-7	3.612785E-2
1.198000E-7	3.609873E-2
1.198500E-7	3.607647E-2
1.199000E-7	3.607304E-2
1.199500E-7	3.610387E-2
1.200000E-7	3.617068E-2
1.200500E-7	3.626318E-2
1.201000E-7	3.637109E-2
1.201500E-7	3.648072E-2
1.202000E-7	3.656808E-2
1.202500E-7	3.663489E-2
1.203000E-7	3.668114E-2
1.203500E-7	3.668456E-2
1.204000E-7	3.662804E-2
1.204500E-7	3.654239E-2
1.205000E-7	3.644818E-2
1.205500E-7	3.631285E-2
1.206000E-7	3.615355E-2
1.206500E-7	3.600281E-2
1.207000E-7	3.588975E-2
1.207500E-7	3.582466E-2
1.208000E-7	3.578698E-2
1.208500E-7	3.581267E-2
1.209000E-7	3.588462E-2
1.209500E-7	3.594286E-2
1.210000E-7	3.598225E-2
1.210500E-7	3.605420E-2
1.211000E-7	3.614498E-2
1.211500E-7	3.619637E-2
1.212000E-7	3.619980E-2
1.212500E-7	3.616897E-2
1.213000E-7	3.608503E-2
1.213500E-7	3.594971E-2
1.214000E-7	3.581610E-2
1.214500E-7	3.572189E-2
1.215000E-7	3.566193E-2
1.215500E-7	3.562253E-2
1.216000E-7	3.559513E-2
1.216500E-7	3.559684E-2
1.217000E-7	3.564138E-2
1.217500E-7	3.571675E-2
1.218000E-7	3.575786E-2
1.218500E-7	3.577841E-2
1.219000E-7	3.581952E-2
1.219500E-7	3.586406E-2
1.220000E-7	3.590003E-2
1.220500E-7	3.594286E-2
1.221000E-7	3.600966E-2
1.221500E-7	3.604735E-2
1.222000E-7	3.603193E-2
1.222500E-7	3.600281E-2
1.223000E-7	3.598397E-2
1.223500E-7	3.595485E-2
1.224000E-7	3.590003E-2
1.224500E-7	3.582980E-2
1.225000E-7	3.575957E-2
1.225500E-7	3.568934E-2
1.226000E-7	3.561568E-2
1.226500E-7	3.553860E-2
1.227000E-7	3.548207E-2
1.227500E-7	3.542897E-2
1.228000E-7	3.537930E-2
1.228500E-7	3.533647E-2
1.229000E-7	3.529022E-2
1.229500E-7	3.526281E-2
1.230000E-7	3.524911E-2
1.230500E-7	3.523027E-2
1.231000E-7	3.519087E-2
1.231500E-7	3.514120E-2
1.232000E-7	3.510351E-2
1.232500E-7	3.506069E-2
1.233000E-7	3.504184E-2
1.233500E-7	3.507268E-2
1.234000E-7	3.513777E-2
1.234500E-7	3.522856E-2
1.235000E-7	3.536045E-2
1.235500E-7	3.552661E-2
1.236000E-7	3.569448E-2
1.236500E-7	3.584008E-2
1.237000E-7	3.596855E-2
1.237500E-7	3.605591E-2
1.238000E-7	3.610045E-2
1.238500E-7	3.609531E-2
1.239000E-7	3.604735E-2
1.239500E-7	3.596170E-2
1.240000E-7	3.583665E-2
1.240500E-7	3.569277E-2
1.241000E-7	3.555230E-2
1.241500E-7	3.542726E-2
1.242000E-7	3.532962E-2
1.242500E-7	3.526624E-2
1.243000E-7	3.522684E-2
1.243500E-7	3.520286E-2
1.244000E-7	3.519430E-2
1.244500E-7	3.519430E-2
1.245000E-7	3.519772E-2
1.245500E-7	3.520286E-2
1.246000E-7	3.519772E-2
1.246500E-7	3.517374E-2
1.247000E-7	3.512235E-2
1.247500E-7	3.508809E-2
1.248000E-7	3.508809E-2
1.248500E-7	3.511893E-2
1.249000E-7	3.518402E-2
1.249500E-7	3.528508E-2
1.250000E-7	3.541355E-2
1.250500E-7	3.551119E-2
1.251000E-7	3.556601E-2
1.251500E-7	3.558485E-2
1.252000E-7	3.558314E-2
1.252500E-7	3.555744E-2
1.253000E-7	3.551804E-2
1.253500E-7	3.547008E-2
1.254000E-7	3.540328E-2
1.254500E-7	3.532619E-2
1.255000E-7	3.525082E-2
1.255500E-7	3.518744E-2
1.256000E-7	3.510180E-2
1.256500E-7	3.501101E-2
1.257000E-7	3.493735E-2
1.257500E-7	3.488597E-2
1.258000E-7	3.483972E-2
1.258500E-7	3.480546E-2
1.259000E-7	3.480032E-2
1.259500E-7	3.479861E-2
1.260000E-7	3.479004E-2
1.260500E-7	3.479347E-2
1.261000E-7	3.483115E-2
1.261500E-7	3.488939E-2
1.262000E-7	3.496476E-2
1.262500E-7	3.506754E-2
1.263000E-7	3.519944E-2
1.263500E-7	3.533990E-2
1.264000E-7	3.547179E-2
1.264500E-7	3.558485E-2
1.265000E-7	3.565679E-2
1.265500E-7	3.568420E-2
1.266000E-7	3.568934E-2
1.266500E-7	3.568934E-2
1.267000E-7	3.564480E-2
1.267500E-7	3.555402E-2
1.268000E-7	3.545467E-2
1.268500E-7	3.536388E-2
1.269000E-7	3.526967E-2
1.269500E-7	3.516860E-2
1.270000E-7	3.508295E-2
1.270500E-7	3.501958E-2
1.271000E-7	3.498189E-2
1.271500E-7	3.496476E-2
1.272000E-7	3.495106E-2
1.272500E-7	3.494592E-2
1.273000E-7	3.497161E-2
1.273500E-7	3.500930E-2
1.274000E-7	3.501958E-2
1.274500E-7	3.501444E-2
1.275000E-7	3.502300E-2
1.275500E-7	3.503671E-2
1.276000E-7	3.504698E-2
1.276500E-7	3.506925E-2
1.277000E-7	3.513434E-2
1.277500E-7	3.520971E-2
1.278000E-7	3.528166E-2
1.278500E-7	3.532962E-2
1.279000E-7	3.533818E-2
1.279500E-7	3.531420E-2
1.280000E-7	3.530050E-2
1.280500E-7	3.529022E-2
1.281000E-7	3.524397E-2
1.281500E-7	3.518059E-2
1.282000E-7	3.512920E-2
1.282500E-7	3.506069E-2
1.283000E-7	3.496476E-2
1.283500E-7	3.489282E-2
1.284000E-7	3.487911E-2
1.284500E-7	3.490138E-2
1.285000E-7	3.494421E-2
1.285500E-7	3.499559E-2
1.286000E-7	3.504698E-2
1.286500E-7	3.508638E-2
1.287000E-7	3.510694E-2
1.287500E-7	3.510180E-2
1.288000E-7	3.508124E-2
1.288500E-7	3.506925E-2
1.289000E-7	3.505212E-2
1.289500E-7	3.500587E-2
1.290000E-7	3.493907E-2
1.290500E-7	3.483629E-2
1.291000E-7	3.469069E-2
1.291500E-7	3.453481E-2
1.292000E-7	3.440805E-2
1.292500E-7	3.431213E-2
1.293000E-7	3.425389E-2
1.293500E-7	3.424361E-2
1.294000E-7	3.425731E-2
1.294500E-7	3.428643E-2
1.295000E-7	3.434639E-2
1.295500E-7	3.443203E-2
1.296000E-7	3.448856E-2
1.296500E-7	3.450740E-2
1.297000E-7	3.452625E-2
1.297500E-7	3.454338E-2
1.298000E-7	3.453310E-2
1.298500E-7	3.450055E-2
1.299000E-7	3.445773E-2
1.299500E-7	3.440977E-2
1.300000E-7	3.435324E-2
1.300500E-7	3.431727E-2
1.301000E-7	3.430356E-2
1.301500E-7	3.431898E-2
1.302000E-7	3.436694E-2
1.302500E-7	3.443203E-2
1.303000E-7	3.449027E-2
1.303500E-7	3.455194E-2
1.304000E-7	3.463759E-2
1.304500E-7	3.471467E-2
1.305000E-7	3.474379E-2
1.305500E-7	3.474379E-2
1.306000E-7	3.472152E-2
1.306500E-7	3.467699E-2
1.307000E-7	3.461361E-2
1.307500E-7	3.455365E-2
1.308000E-7	3.451254E-2
1.308500E-7	3.449027E-2
1.309000E-7	3.449370E-2
1.309500E-7	3.450226E-2
1.310000E-7	3.452625E-2
1.310500E-7	3.456051E-2
1.311000E-7	3.460333E-2
1.311500E-7	3.465472E-2
1.312000E-7	3.469583E-2
1.312500E-7	3.469240E-2
1.313000E-7	3.466157E-2
1.313500E-7	3.464273E-2
1.314000E-7	3.462560E-2
1.314500E-7	3.457935E-2
1.315000E-7	3.452282E-2
1.315500E-7	3.446801E-2
1.316000E-7	3.440634E-2
1.316500E-7	3.433782E-2
1.317000E-7	3.430014E-2
1.317500E-7	3.427616E-2
1.318000E-7	3.426074E-2
1.318500E-7	3.425389E-2
1.319000E-7	3.423676E-2
1.319500E-7	3.419907E-2
1.320000E-7	3.418023E-2
1.320500E-7	3.420079E-2
1.321000E-7	3.425217E-2
1.321500E-7	3.432241E-2
1.322000E-7	3.438578E-2
1.322500E-7	3.443889E-2
1.323000E-7	3.448685E-2
1.323500E-7	3.453481E-2
1.324000E-7	3.456907E-2
1.324500E-7	3.459134E-2
1.325000E-7	3.460333E-2
1.325500E-7	3.459476E-2
1.326000E-7	3.456222E-2
1.326500E-7	3.453138E-2
1.327000E-7	3.449884E-2
1.327500E-7	3.445430E-2
1.328000E-7	3.438921E-2
1.328500E-7	3.433782E-2
1.329000E-7	3.431555E-2
1.329500E-7	3.431555E-2
1.330000E-7	3.429842E-2
1.330500E-7	3.424875E-2
1.331000E-7	3.419565E-2
1.331500E-7	3.414597E-2
1.332000E-7	3.408088E-2
1.332500E-7	3.397810E-2
1.333000E-7	3.386333E-2
1.333500E-7	3.378111E-2
1.334000E-7	3.371431E-2
1.334500E-7	3.367491E-2
1.335000E-7	3.367834E-2
1.335500E-7	3.370917E-2
1.336000E-7	3.374514E-2
1.336500E-7	3.381708E-2
1.337000E-7	3.392671E-2
1.337500E-7	3.401579E-2
1.338000E-7	3.407403E-2
1.338500E-7	3.414597E-2
1.339000E-7	3.422134E-2
1.339500E-7	3.424875E-2
1.340000E-7	3.425046E-2
1.340500E-7	3.423333E-2
1.341000E-7	3.416995E-2
1.341500E-7	3.406889E-2
1.342000E-7	3.396440E-2
1.342500E-7	3.388046E-2
1.343000E-7	3.382394E-2
1.343500E-7	3.379482E-2
1.344000E-7	3.380852E-2
1.344500E-7	3.387875E-2
1.345000E-7	3.399352E-2
1.345500E-7	3.412028E-2
1.346000E-7	3.424532E-2
1.346500E-7	3.438236E-2
1.347000E-7	3.447828E-2
1.347500E-7	3.448685E-2
1.348000E-7	3.444745E-2
1.348500E-7	3.439264E-2
1.349000E-7	3.432754E-2
1.349500E-7	3.423333E-2
1.350000E-7	3.413569E-2
1.350500E-7	3.403292E-2
1.351000E-7	3.393870E-2
1.351500E-7	3.388046E-2
1.352000E-7	3.383593E-2
1.352500E-7	3.377597E-2
1.353000E-7	3.371088E-2
1.353500E-7	3.366806E-2
1.354000E-7	3.362181E-2
1.354500E-7	3.357385E-2
1.355000E-7	3.354301E-2
1.355500E-7	3.353445E-2
1.356000E-7	3.352246E-2
1.356500E-7	3.351389E-2
1.357000E-7	3.351218E-2
1.357500E-7	3.351561E-2
1.358000E-7	3.350704E-2
1.358500E-7	3.350190E-2
1.359000E-7	3.348991E-2
1.359500E-7	3.347963E-2
1.360000E-7	3.346764E-2
1.360500E-7	3.344024E-2
1.361000E-7	3.340598E-2
1.361500E-7	3.339056E-2
1.362000E-7	3.338028E-2
1.362500E-7	3.338371E-2
1.363000E-7	3.342825E-2
1.363500E-7	3.349162E-2
1.364000E-7	3.353616E-2
1.364500E-7	3.359098E-2
1.365000E-7	3.367320E-2
1.365500E-7	3.373486E-2
1.366000E-7	3.377597E-2
1.366500E-7	3.384278E-2
1.367000E-7	3.390616E-2
1.367500E-7	3.390445E-2
1.368000E-7	3.385820E-2
1.368500E-7	3.382222E-2
1.369000E-7	3.379310E-2
1.369500E-7	3.375713E-2
1.370000E-7	3.371773E-2
1.370500E-7	3.368005E-2
1.371000E-7	3.367662E-2
1.371500E-7	3.370403E-2
1.372000E-7	3.372287E-2
1.372500E-7	3.373144E-2
1.373000E-7	3.376741E-2
1.373500E-7	3.380509E-2
1.374000E-7	3.379139E-2
1.374500E-7	3.374171E-2
1.375000E-7	3.368690E-2
1.375500E-7	3.359783E-2
1.376000E-7	3.347107E-2
1.376500E-7	3.336658E-2
1.377000E-7	3.328950E-2
1.377500E-7	3.321241E-2
1.378000E-7	3.315246E-2
1.378500E-7	3.312334E-2
1.379000E-7	3.310450E-2
1.379500E-7	3.307024E-2
1.380000E-7	3.304626E-2
1.380500E-7	3.305825E-2
1.381000E-7	3.309251E-2
1.381500E-7	3.312848E-2
1.382000E-7	3.314390E-2
1.382500E-7	3.313533E-2
1.383000E-7	3.314218E-2
1.383500E-7	3.317644E-2
1.384000E-7	3.321927E-2
1.384500E-7	3.326038E-2
1.385000E-7	3.330834E-2
1.385500E-7	3.334945E-2
1.386000E-7	3.338028E-2
1.386500E-7	3.341454E-2
1.387000E-7	3.344880E-2
1.387500E-7	3.344709E-2
1.388000E-7	3.340426E-2
1.388500E-7	3.333746E-2
1.389000E-7	3.326551E-2
1.389500E-7	3.320385E-2
1.390000E-7	3.313876E-2
1.390500E-7	3.308394E-2
1.391000E-7	3.305140E-2
1.391500E-7	3.304626E-2
1.392000E-7	3.305482E-2
1.392500E-7	3.307538E-2
1.393000E-7	3.311478E-2
1.393500E-7	3.314390E-2
1.394000E-7	3.313019E-2
1.394500E-7	3.309593E-2
1.395000E-7	3.304454E-2
1.395500E-7	3.295718E-2
1.396000E-7	3.283043E-2
1.396500E-7	3.270881E-2
1.397000E-7	3.261117E-2
1.397500E-7	3.255293E-2
1.398000E-7	3.255807E-2
1.398500E-7	3.262658E-2
1.399000E-7	3.274992E-2
1.399500E-7	3.290408E-2
1.400000E-7	3.306339E-2
1.400500E-7	3.320727E-2
1.401000E-7	3.334260E-2
1.401500E-7	3.342996E-2
1.402000E-7	3.345394E-2
1.402500E-7	3.343852E-2
1.403000E-7	3.341283E-2
1.403500E-7	3.335288E-2
1.404000E-7	3.326209E-2
1.404500E-7	3.317644E-2
1.405000E-7	3.310964E-2
1.405500E-7	3.304112E-2
1.406000E-7	3.297603E-2
1.406500E-7	3.292635E-2
1.407000E-7	3.289894E-2
1.407500E-7	3.290066E-2
1.408000E-7	3.291436E-2
1.408500E-7	3.291265E-2
1.409000E-7	3.290408E-2
1.409500E-7	3.289380E-2
1.410000E-7	3.287325E-2
1.410500E-7	3.283728E-2
1.411000E-7	3.278931E-2
1.411500E-7	3.274820E-2
1.412000E-7	3.275506E-2
1.412500E-7	3.281672E-2
1.413000E-7	3.292978E-2
1.413500E-7	3.305311E-2
1.414000E-7	3.316788E-2
1.414500E-7	3.327408E-2
1.415000E-7	3.333575E-2
1.415500E-7	3.333917E-2
1.416000E-7	3.327065E-2
1.416500E-7	3.315589E-2
1.417000E-7	3.301029E-2
1.417500E-7	3.285783E-2
1.418000E-7	3.271394E-2
1.418500E-7	3.260603E-2
1.419000E-7	3.254436E-2
1.419500E-7	3.254265E-2
1.420000E-7	3.259746E-2
1.420500E-7	3.268996E-2
1.421000E-7	3.281672E-2
1.421500E-7	3.298117E-2
1.422000E-7	3.315246E-2
1.422500E-7	3.329464E-2
1.423000E-7	3.338713E-2
1.423500E-7	3.342482E-2
1.424000E-7	3.339741E-2
1.424500E-7	3.330834E-2
1.425000E-7	3.319871E-2
1.425500E-7	3.310450E-2
1.426000E-7	3.301029E-2
1.426500E-7	3.292635E-2
1.427000E-7	3.286297E-2
1.427500E-7	3.282015E-2
1.428000E-7	3.276705E-2
1.428500E-7	3.271394E-2
1.429000E-7	3.267283E-2
1.429500E-7	3.261631E-2
1.430000E-7	3.254265E-2
1.430500E-7	3.246043E-2
1.431000E-7	3.233024E-2
1.431500E-7	3.217779E-2
1.432000E-7	3.205103E-2
1.432500E-7	3.197909E-2
1.433000E-7	3.191914E-2
1.433500E-7	3.189002E-2
1.434000E-7	3.192599E-2
1.434500E-7	3.202534E-2
1.435000E-7	3.216923E-2
1.435500E-7	3.236964E-2
1.436000E-7	3.258547E-2
1.436500E-7	3.276876E-2
1.437000E-7	3.291265E-2
1.437500E-7	3.300857E-2
1.438000E-7	3.303598E-2
1.438500E-7	3.300343E-2
1.439000E-7	3.294005E-2
1.439500E-7	3.284584E-2
1.440000E-7	3.271394E-2
1.440500E-7	3.255807E-2
1.441000E-7	3.241075E-2
1.441500E-7	3.229599E-2
1.442000E-7	3.223432E-2
1.442500E-7	3.223089E-2
1.443000E-7	3.226001E-2
1.443500E-7	3.230798E-2
1.444000E-7	3.238335E-2
1.444500E-7	3.247584E-2
1.445000E-7	3.256663E-2
1.445500E-7	3.262830E-2
1.446000E-7	3.264885E-2
1.446500E-7	3.261459E-2
1.447000E-7	3.253922E-2
1.447500E-7	3.243131E-2
1.448000E-7	3.229085E-2
1.448500E-7	3.214867E-2
1.449000E-7	3.205789E-2
1.449500E-7	3.202363E-2
1.450000E-7	3.198765E-2
1.450500E-7	3.195168E-2
1.451000E-7	3.195168E-2
1.451500E-7	3.199793E-2
1.452000E-7	3.205960E-2
1.452500E-7	3.212469E-2
1.453000E-7	3.220177E-2
1.453500E-7	3.228742E-2
1.454000E-7	3.236108E-2
1.454500E-7	3.240048E-2
1.455000E-7	3.240219E-2
1.455500E-7	3.234737E-2
1.456000E-7	3.227200E-2
1.456500E-7	3.218636E-2
1.457000E-7	3.209386E-2
1.457500E-7	3.198080E-2
1.458000E-7	3.186090E-2
1.458500E-7	3.176154E-2
1.459000E-7	3.167761E-2
1.459500E-7	3.160224E-2
1.460000E-7	3.157826E-2
1.460500E-7	3.161594E-2
1.461000E-7	3.168275E-2
1.461500E-7	3.176840E-2
1.462000E-7	3.186432E-2
1.462500E-7	3.194997E-2
1.463000E-7	3.199622E-2
1.463500E-7	3.201849E-2
1.464000E-7	3.203904E-2
1.464500E-7	3.203562E-2
1.465000E-7	3.203219E-2
1.465500E-7	3.204247E-2
1.466000E-7	3.203733E-2
1.466500E-7	3.199279E-2
1.467000E-7	3.193969E-2
1.467500E-7	3.189002E-2
1.468000E-7	3.181465E-2
1.468500E-7	3.171016E-2
1.469000E-7	3.159710E-2
1.469500E-7	3.148405E-2
1.470000E-7	3.137613E-2
1.470500E-7	3.129905E-2
1.471000E-7	3.126993E-2
1.471500E-7	3.129562E-2
1.472000E-7	3.136414E-2
1.472500E-7	3.145321E-2
1.473000E-7	3.155599E-2
1.473500E-7	3.165534E-2
1.474000E-7	3.173414E-2
1.474500E-7	3.175983E-2
1.475000E-7	3.172729E-2
1.475500E-7	3.167247E-2
1.476000E-7	3.162108E-2
1.476500E-7	3.156798E-2
1.477000E-7	3.150460E-2
1.477500E-7	3.143951E-2
1.478000E-7	3.142409E-2
1.478500E-7	3.148747E-2
1.479000E-7	3.159196E-2
1.479500E-7	3.167761E-2
1.480000E-7	3.173756E-2
1.480500E-7	3.179066E-2
1.481000E-7	3.184205E-2
1.481500E-7	3.185576E-2
1.482000E-7	3.184377E-2
1.482500E-7	3.183349E-2
1.483000E-7	3.181293E-2
1.483500E-7	3.178381E-2
1.484000E-7	3.178724E-2
1.484500E-7	3.183349E-2
1.485000E-7	3.189515E-2
1.485500E-7	3.193284E-2
1.486000E-7	3.194140E-2
1.486500E-7	3.192941E-2
1.487000E-7	3.191228E-2
1.487500E-7	3.190715E-2
1.488000E-7	3.189344E-2
1.488500E-7	3.186432E-2
1.489000E-7	3.183691E-2
1.489500E-7	3.182492E-2
1.490000E-7	3.180951E-2
1.490500E-7	3.177525E-2
1.491000E-7	3.174270E-2
1.491500E-7	3.170502E-2
1.492000E-7	3.165877E-2
1.492500E-7	3.161252E-2
1.493000E-7	3.157655E-2
1.493500E-7	3.154057E-2
1.494000E-7	3.149432E-2
1.494500E-7	3.146178E-2
1.495000E-7	3.145493E-2
1.495500E-7	3.143437E-2
1.496000E-7	3.142752E-2
1.496500E-7	3.146692E-2
1.497000E-7	3.153372E-2
1.497500E-7	3.157141E-2
1.498000E-7	3.158511E-2
1.498500E-7	3.158511E-2
1.499000E-7	3.155085E-2
1.499500E-7	3.149946E-2
1.500000E-7	3.145321E-2
1.500500E-7	3.140696E-2
1.501000E-7	3.136071E-2
1.501500E-7	3.137613E-2
1.502000E-7	3.142409E-2
1.502500E-7	3.146178E-2
1.503000E-7	3.151145E-2
1.503500E-7	3.159539E-2
1.504000E-7	3.167076E-2
1.504500E-7	3.171016E-2
1.505000E-7	3.172900E-2
1.505500E-7	3.172900E-2
1.506000E-7	3.170673E-2
1.506500E-7	3.166219E-2
1.507000E-7	3.159881E-2
1.507500E-7	3.153201E-2
1.508000E-7	3.148919E-2
1.508500E-7	3.146863E-2
1.509000E-7	3.145493E-2
1.509500E-7	3.144979E-2
1.510000E-7	3.145664E-2
1.510500E-7	3.146349E-2
1.511000E-7	3.147891E-2
1.511500E-7	3.150803E-2
1.512000E-7	3.153544E-2
1.512500E-7	3.154914E-2
1.513000E-7	3.155428E-2
1.513500E-7	3.156627E-2
1.514000E-7	3.157997E-2
1.514500E-7	3.160909E-2
1.515000E-7	3.163136E-2
1.515500E-7	3.162793E-2
1.516000E-7	3.161423E-2
1.516500E-7	3.161937E-2
1.517000E-7	3.161423E-2
1.517500E-7	3.159196E-2
1.518000E-7	3.157483E-2
1.518500E-7	3.157655E-2
1.519000E-7	3.157141E-2
1.519500E-7	3.156113E-2
1.520000E-7	3.152858E-2
1.520500E-7	3.145835E-2
1.521000E-7	3.140525E-2
1.521500E-7	3.138127E-2
1.522000E-7	3.136757E-2
1.522500E-7	3.134872E-2
1.523000E-7	3.134530E-2
1.523500E-7	3.132474E-2
1.524000E-7	3.128021E-2
1.524500E-7	3.125794E-2
1.525000E-7	3.126479E-2
1.525500E-7	3.123567E-2
1.526000E-7	3.115516E-2
1.526500E-7	3.109178E-2
1.527000E-7	3.105752E-2
1.527500E-7	3.102155E-2
1.528000E-7	3.099414E-2
1.528500E-7	3.099243E-2
1.529000E-7	3.099757E-2
1.529500E-7	3.101812E-2
1.530000E-7	3.104382E-2
1.530500E-7	3.106780E-2
1.531000E-7	3.109521E-2
1.531500E-7	3.113632E-2
1.532000E-7	3.118599E-2
1.532500E-7	3.124081E-2
1.533000E-7	3.129905E-2
1.533500E-7	3.134872E-2
1.534000E-7	3.136928E-2
1.534500E-7	3.137099E-2
1.535000E-7	3.133845E-2
1.535500E-7	3.128363E-2
1.536000E-7	3.122368E-2
1.536500E-7	3.116201E-2
1.537000E-7	3.109178E-2
1.537500E-7	3.101984E-2
1.538000E-7	3.095817E-2
1.538500E-7	3.090336E-2
1.539000E-7	3.086567E-2
1.539500E-7	3.086738E-2
1.540000E-7	3.087938E-2
1.540500E-7	3.091021E-2
1.541000E-7	3.097359E-2
1.541500E-7	3.104724E-2
1.542000E-7	3.109349E-2
1.542500E-7	3.111062E-2
1.543000E-7	3.111748E-2
1.543500E-7	3.110035E-2
1.544000E-7	3.106437E-2
1.544500E-7	3.101984E-2
1.545000E-7	3.097187E-2
1.545500E-7	3.092563E-2
1.546000E-7	3.089308E-2
1.546500E-7	3.086910E-2
1.547000E-7	3.085882E-2
1.547500E-7	3.087252E-2
1.548000E-7	3.090678E-2
1.548500E-7	3.094618E-2
1.549000E-7	3.099928E-2
1.549500E-7	3.107123E-2
1.550000E-7	3.114317E-2
1.550500E-7	3.118257E-2
1.551000E-7	3.119113E-2
1.551500E-7	3.116544E-2
1.552000E-7	3.112433E-2
1.552500E-7	3.107979E-2
1.553000E-7	3.102840E-2
1.553500E-7	3.098044E-2
1.554000E-7	3.093933E-2
1.554500E-7	3.090507E-2
1.555000E-7	3.087424E-2
1.555500E-7	3.085197E-2
1.556000E-7	3.083313E-2
1.556500E-7	3.082456E-2
1.557000E-7	3.081257E-2
1.557500E-7	3.077489E-2
1.558000E-7	3.070979E-2
1.558500E-7	3.066526E-2
1.559000E-7	3.063614E-2
1.559500E-7	3.058304E-2
1.560000E-7	3.050081E-2
1.560500E-7	3.043743E-2
1.561000E-7	3.041517E-2
1.561500E-7	3.043743E-2
1.562000E-7	3.048711E-2
1.562500E-7	3.055905E-2
1.563000E-7	3.062072E-2
1.563500E-7	3.064984E-2
1.564000E-7	3.066012E-2
1.564500E-7	3.067553E-2
1.565000E-7	3.069609E-2
1.565500E-7	3.070294E-2
1.566000E-7	3.068753E-2
1.566500E-7	3.064984E-2
1.567000E-7	3.060359E-2
1.567500E-7	3.057447E-2
1.568000E-7	3.055563E-2
1.568500E-7	3.054878E-2
1.569000E-7	3.055563E-2
1.569500E-7	3.057276E-2
1.570000E-7	3.057276E-2
1.570500E-7	3.056591E-2
1.571000E-7	3.057104E-2
1.571500E-7	3.059160E-2
1.572000E-7	3.059503E-2
1.572500E-7	3.057618E-2
1.573000E-7	3.054192E-2
1.573500E-7	3.049910E-2
1.574000E-7	3.046142E-2
1.574500E-7	3.042887E-2
1.575000E-7	3.040489E-2
1.575500E-7	3.040831E-2
1.576000E-7	3.042716E-2
1.576500E-7	3.045285E-2
1.577000E-7	3.048540E-2
1.577500E-7	3.051280E-2
1.578000E-7	3.051109E-2
1.578500E-7	3.049396E-2
1.579000E-7	3.048026E-2
1.579500E-7	3.045628E-2
1.580000E-7	3.043401E-2
1.580500E-7	3.042544E-2
1.581000E-7	3.041174E-2
1.581500E-7	3.037234E-2
1.582000E-7	3.033808E-2
1.582500E-7	3.031239E-2
1.583000E-7	3.030040E-2
1.583500E-7	3.030725E-2
1.584000E-7	3.034836E-2
1.584500E-7	3.040318E-2
1.585000E-7	3.044086E-2
1.585500E-7	3.044600E-2
1.586000E-7	3.041345E-2
1.586500E-7	3.038262E-2
1.587000E-7	3.035179E-2
1.587500E-7	3.030040E-2
1.588000E-7	3.024558E-2
1.588500E-7	3.023188E-2
1.589000E-7	3.023702E-2
1.589500E-7	3.021475E-2
1.590000E-7	3.018563E-2
1.590500E-7	3.016679E-2
1.591000E-7	3.013424E-2
1.591500E-7	3.009827E-2
1.592000E-7	3.008457E-2
1.592500E-7	3.009142E-2
1.593000E-7	3.010512E-2
1.593500E-7	3.011540E-2
1.594000E-7	3.012739E-2
1.594500E-7	3.013596E-2
1.595000E-7	3.013596E-2
1.595500E-7	3.013253E-2
1.596000E-7	3.010512E-2
1.596500E-7	3.005545E-2
1.597000E-7	3.000235E-2
1.597500E-7	2.994582E-2
1.598000E-7	2.987216E-2
1.598500E-7	2.980878E-2
1.599000E-7	2.980022E-2
1.599500E-7	2.982934E-2
1.600000E-7	2.988929E-2
1.600500E-7	3.000063E-2
1.601000E-7	3.014452E-2
1.601500E-7	3.026100E-2
1.602000E-7	3.035350E-2
1.602500E-7	3.044942E-2
1.603000E-7	3.055391E-2
1.603500E-7	3.063442E-2
1.604000E-7	3.066868E-2
1.604500E-7	3.068067E-2
1.605000E-7	3.069609E-2
1.605500E-7	3.069266E-2
1.606000E-7	3.064984E-2
1.606500E-7	3.058304E-2
1.607000E-7	3.052308E-2
1.607500E-7	3.044429E-2
1.608000E-7	3.035521E-2
1.608500E-7	3.029355E-2
1.609000E-7	3.024901E-2
1.609500E-7	3.018734E-2
1.610000E-7	3.013082E-2
1.610500E-7	3.008971E-2
1.611000E-7	3.004346E-2
1.611500E-7	3.000406E-2
1.612000E-7	2.998693E-2
1.612500E-7	2.996980E-2
1.613000E-7	2.995438E-2
1.613500E-7	2.996980E-2
1.614000E-7	2.999378E-2
1.614500E-7	2.998864E-2
1.615000E-7	2.996637E-2
1.615500E-7	2.995610E-2
1.616000E-7	2.994239E-2
1.616500E-7	2.993383E-2
1.617000E-7	2.995610E-2
1.617500E-7	2.997836E-2
1.618000E-7	2.996809E-2
1.618500E-7	2.994582E-2
1.619000E-7	2.991670E-2
1.619500E-7	2.987045E-2
1.620000E-7	2.980536E-2
1.620500E-7	2.973341E-2
1.621000E-7	2.966832E-2
1.621500E-7	2.962378E-2
1.622000E-7	2.959809E-2
1.622500E-7	2.958781E-2
1.623000E-7	2.959638E-2
1.623500E-7	2.961864E-2
1.624000E-7	2.963235E-2
1.624500E-7	2.963577E-2
1.625000E-7	2.964263E-2
1.625500E-7	2.967175E-2
1.626000E-7	2.970258E-2
1.626500E-7	2.972142E-2
1.627000E-7	2.974540E-2
1.627500E-7	2.975739E-2
1.628000E-7	2.973684E-2
1.628500E-7	2.966832E-2
1.629000E-7	2.957753E-2
1.629500E-7	2.949189E-2
1.630000E-7	2.941994E-2
1.630500E-7	2.935142E-2
1.631000E-7	2.929147E-2
1.631500E-7	2.927263E-2
1.632000E-7	2.931031E-2
1.632500E-7	2.937369E-2
1.633000E-7	2.944735E-2
1.633500E-7	2.955698E-2
1.634000E-7	2.969059E-2
1.634500E-7	2.982420E-2
1.635000E-7	2.993211E-2
1.635500E-7	3.000577E-2
1.636000E-7	3.004346E-2
1.636500E-7	3.005545E-2
1.637000E-7	3.006059E-2
1.637500E-7	3.005202E-2
1.638000E-7	3.003660E-2
1.638500E-7	3.003147E-2
1.639000E-7	3.003147E-2
1.639500E-7	3.003660E-2
1.640000E-7	3.004174E-2
1.640500E-7	3.004859E-2
1.641000E-7	3.006230E-2
1.641500E-7	3.007771E-2
1.642000E-7	3.006572E-2
1.642500E-7	3.001262E-2
1.643000E-7	2.994068E-2
1.643500E-7	2.986360E-2
1.644000E-7	2.977624E-2
1.644500E-7	2.966147E-2
1.645000E-7	2.953985E-2
1.645500E-7	2.941309E-2
1.646000E-7	2.930346E-2
1.646500E-7	2.922638E-2
1.647000E-7	2.919555E-2
1.647500E-7	2.920240E-2
1.648000E-7	2.923323E-2
1.648500E-7	2.927263E-2
1.649000E-7	2.931545E-2
1.649500E-7	2.936855E-2
1.650000E-7	2.943536E-2
1.650500E-7	2.949360E-2
1.651000E-7	2.952786E-2
1.651500E-7	2.955527E-2
1.652000E-7	2.957753E-2
1.652500E-7	2.958610E-2
1.653000E-7	2.960323E-2
1.653500E-7	2.964776E-2
1.654000E-7	2.969059E-2
1.654500E-7	2.970600E-2
1.655000E-7	2.969915E-2
1.655500E-7	2.968202E-2
1.656000E-7	2.964091E-2
1.656500E-7	2.956212E-2
1.657000E-7	2.943536E-2
1.657500E-7	2.928462E-2
1.658000E-7	2.915443E-2
1.658500E-7	2.905337E-2
1.659000E-7	2.897115E-2
1.659500E-7	2.891120E-2
1.660000E-7	2.888721E-2
1.660500E-7	2.889407E-2
1.661000E-7	2.894374E-2
1.661500E-7	2.903110E-2
1.662000E-7	2.912189E-2
1.662500E-7	2.920068E-2
1.663000E-7	2.926920E-2
1.663500E-7	2.932573E-2
1.664000E-7	2.933772E-2
1.664500E-7	2.929490E-2
1.665000E-7	2.924008E-2
1.665500E-7	2.918527E-2
1.666000E-7	2.913559E-2
1.666500E-7	2.910305E-2
1.667000E-7	2.910305E-2
1.667500E-7	2.911161E-2
1.668000E-7	2.909791E-2
1.668500E-7	2.907393E-2
1.669000E-7	2.906022E-2
1.669500E-7	2.905337E-2
1.670000E-7	2.902939E-2
1.670500E-7	2.900883E-2
1.671000E-7	2.899342E-2
1.671500E-7	2.898485E-2
1.672000E-7	2.896258E-2
1.672500E-7	2.894374E-2
1.673000E-7	2.894888E-2
1.673500E-7	2.896258E-2
1.674000E-7	2.898314E-2
1.674500E-7	2.901055E-2
1.675000E-7	2.906365E-2
1.675500E-7	2.913045E-2
1.676000E-7	2.919726E-2
1.676500E-7	2.926235E-2
1.677000E-7	2.931888E-2
1.677500E-7	2.935314E-2
1.678000E-7	2.938740E-2
1.678500E-7	2.942679E-2
1.679000E-7	2.944735E-2
1.679500E-7	2.944050E-2
1.680000E-7	2.940453E-2
1.680500E-7	2.932916E-2
1.681000E-7	2.920240E-2
1.681500E-7	2.905166E-2
1.682000E-7	2.888721E-2
1.682500E-7	2.873305E-2
1.683000E-7	2.863027E-2
1.683500E-7	2.856861E-2
1.684000E-7	2.851550E-2
1.684500E-7	2.848467E-2
1.685000E-7	2.851893E-2
1.685500E-7	2.861314E-2
1.686000E-7	2.870735E-2
1.686500E-7	2.877416E-2
1.687000E-7	2.882384E-2
1.687500E-7	2.886323E-2
1.688000E-7	2.889235E-2
1.688500E-7	2.890777E-2
1.689000E-7	2.889235E-2
1.689500E-7	2.884610E-2
1.690000E-7	2.876902E-2
1.690500E-7	2.868337E-2
1.691000E-7	2.860286E-2
1.691500E-7	2.854462E-2
1.692000E-7	2.851037E-2
1.692500E-7	2.851037E-2
1.693000E-7	2.854291E-2
1.693500E-7	2.859430E-2
1.694000E-7	2.865254E-2
1.694500E-7	2.871763E-2
1.695000E-7	2.879472E-2
1.695500E-7	2.885638E-2
1.696000E-7	2.887180E-2
1.696500E-7	2.884268E-2
1.697000E-7	2.879129E-2
1.697500E-7	2.870907E-2
1.698000E-7	2.859601E-2
1.698500E-7	2.849495E-2
1.699000E-7	2.842129E-2
1.699500E-7	2.836990E-2
1.700000E-7	2.833907E-2
1.700500E-7	2.834421E-2
1.701000E-7	2.839560E-2
1.701500E-7	2.847782E-2
1.702000E-7	2.856347E-2
1.702500E-7	2.865083E-2
1.703000E-7	2.874333E-2
1.703500E-7	2.882212E-2
1.704000E-7	2.886152E-2
1.704500E-7	2.887351E-2
1.705000E-7	2.886323E-2
1.705500E-7	2.884096E-2
1.706000E-7	2.881698E-2
1.706500E-7	2.881013E-2
1.707000E-7	2.881356E-2
1.707500E-7	2.884439E-2
1.708000E-7	2.889064E-2
1.708500E-7	2.892490E-2
1.709000E-7	2.893860E-2
1.709500E-7	2.895573E-2
1.710000E-7	2.899170E-2
1.710500E-7	2.901740E-2
1.711000E-7	2.902939E-2
1.711500E-7	2.904481E-2
1.712000E-7	2.904652E-2
1.712500E-7	2.901911E-2
1.713000E-7	2.897286E-2
1.713500E-7	2.890948E-2
1.714000E-7	2.882555E-2
1.714500E-7	2.875189E-2
1.715000E-7	2.869194E-2
1.715500E-7	2.862685E-2
1.716000E-7	2.854291E-2
1.716500E-7	2.845213E-2
1.717000E-7	2.836134E-2
1.717500E-7	2.825685E-2
1.718000E-7	2.816606E-2
1.718500E-7	2.810440E-2
1.719000E-7	2.807356E-2
1.719500E-7	2.806500E-2
1.720000E-7	2.807014E-2
1.720500E-7	2.808555E-2
1.721000E-7	2.813180E-2
1.721500E-7	2.821745E-2
1.722000E-7	2.831338E-2
1.722500E-7	2.841101E-2
1.723000E-7	2.850180E-2
1.723500E-7	2.858916E-2
1.724000E-7	2.865597E-2
1.724500E-7	2.870564E-2
1.725000E-7	2.873819E-2
1.725500E-7	2.874847E-2
1.726000E-7	2.872448E-2
1.726500E-7	2.868509E-2
1.727000E-7	2.865425E-2
1.727500E-7	2.862685E-2
1.728000E-7	2.859944E-2
1.728500E-7	2.858916E-2
1.729000E-7	2.860800E-2
1.729500E-7	2.862171E-2
1.730000E-7	2.860629E-2
1.730500E-7	2.858402E-2
1.731000E-7	2.853092E-2
1.731500E-7	2.840759E-2
1.732000E-7	2.827055E-2
1.732500E-7	2.818491E-2
1.733000E-7	2.815407E-2
1.733500E-7	2.812666E-2
1.734000E-7	2.810440E-2
1.734500E-7	2.808213E-2
1.735000E-7	2.806500E-2
1.735500E-7	2.807014E-2
1.736000E-7	2.809926E-2
1.736500E-7	2.813352E-2
1.737000E-7	2.817120E-2
1.737500E-7	2.822602E-2
1.738000E-7	2.830139E-2
1.738500E-7	2.835963E-2
1.739000E-7	2.840245E-2
1.739500E-7	2.845041E-2
1.740000E-7	2.850180E-2
1.740500E-7	2.853606E-2
1.741000E-7	2.854462E-2
1.741500E-7	2.851722E-2
1.742000E-7	2.842986E-2
1.742500E-7	2.828768E-2
1.743000E-7	2.812153E-2
1.743500E-7	2.795194E-2
1.744000E-7	2.778750E-2
1.744500E-7	2.764875E-2
1.745000E-7	2.753741E-2
1.745500E-7	2.745176E-2
1.746000E-7	2.740209E-2
1.746500E-7	2.738667E-2
1.747000E-7	2.739695E-2
1.747500E-7	2.743635E-2
1.748000E-7	2.750144E-2
1.748500E-7	2.757681E-2
1.749000E-7	2.765560E-2
1.749500E-7	2.773097E-2
1.750000E-7	2.780292E-2
1.750500E-7	2.786458E-2
1.751000E-7	2.790912E-2
1.751500E-7	2.793481E-2
1.752000E-7	2.794680E-2
1.752500E-7	2.796907E-2
1.753000E-7	2.798278E-2
1.753500E-7	2.796393E-2
1.754000E-7	2.794509E-2
1.754500E-7	2.795023E-2
1.755000E-7	2.795366E-2
1.755500E-7	2.795194E-2
1.756000E-7	2.794167E-2
1.756500E-7	2.791768E-2
1.757000E-7	2.787144E-2
1.757500E-7	2.781148E-2
1.758000E-7	2.774125E-2
1.758500E-7	2.764704E-2
1.759000E-7	2.756824E-2
1.759500E-7	2.753398E-2
1.760000E-7	2.751172E-2
1.760500E-7	2.749801E-2
1.761000E-7	2.750315E-2
1.761500E-7	2.753227E-2
1.762000E-7	2.756139E-2
1.762500E-7	2.758880E-2
1.763000E-7	2.761963E-2
1.763500E-7	2.764190E-2
1.764000E-7	2.764361E-2
1.764500E-7	2.762306E-2
1.765000E-7	2.758709E-2
1.765500E-7	2.753912E-2
1.766000E-7	2.747746E-2
1.766500E-7	2.740551E-2
1.767000E-7	2.735070E-2
1.767500E-7	2.731473E-2
1.768000E-7	2.728732E-2
1.768500E-7	2.729417E-2
1.769000E-7	2.735070E-2
1.769500E-7	2.743806E-2
1.770000E-7	2.755111E-2
1.770500E-7	2.768644E-2
1.771000E-7	2.784403E-2
1.771500E-7	2.799648E-2
1.772000E-7	2.814208E-2
1.772500E-7	2.825856E-2
1.773000E-7	2.831338E-2
1.773500E-7	2.830310E-2
1.774000E-7	2.824486E-2
1.774500E-7	2.815236E-2
1.775000E-7	2.802560E-2
1.775500E-7	2.786972E-2
1.776000E-7	2.771384E-2
1.776500E-7	2.755454E-2
1.777000E-7	2.739524E-2
1.777500E-7	2.725477E-2
1.778000E-7	2.715200E-2
1.778500E-7	2.708005E-2
1.779000E-7	2.705265E-2
1.779500E-7	2.706977E-2
1.780000E-7	2.709376E-2
1.780500E-7	2.710746E-2
1.781000E-7	2.711945E-2
1.781500E-7	2.712801E-2
1.782000E-7	2.713829E-2
1.782500E-7	2.715200E-2
1.783000E-7	2.716227E-2
1.783500E-7	2.718112E-2
1.784000E-7	2.721366E-2
1.784500E-7	2.723593E-2
1.785000E-7	2.722908E-2
1.785500E-7	2.723422E-2
1.786000E-7	2.726505E-2
1.786500E-7	2.731301E-2
1.787000E-7	2.736269E-2
1.787500E-7	2.743121E-2
1.788000E-7	2.747917E-2
1.788500E-7	2.747746E-2
1.789000E-7	2.744834E-2
1.789500E-7	2.741579E-2
1.790000E-7	2.738153E-2
1.790500E-7	2.734385E-2
1.791000E-7	2.730445E-2
1.791500E-7	2.727362E-2
1.792000E-7	2.723593E-2
1.792500E-7	2.719996E-2
1.793000E-7	2.717084E-2
1.793500E-7	2.714172E-2
1.794000E-7	2.709376E-2
1.794500E-7	2.704751E-2
1.795000E-7	2.705093E-2
1.795500E-7	2.709376E-2
1.796000E-7	2.711945E-2
1.796500E-7	2.712116E-2
1.797000E-7	2.712116E-2
1.797500E-7	2.711602E-2
1.798000E-7	2.710575E-2
1.798500E-7	2.710403E-2
1.799000E-7	2.711089E-2
1.799500E-7	2.710746E-2
1.800000E-7	2.711089E-2
1.800500E-7	2.713315E-2
1.801000E-7	2.715542E-2
1.801500E-7	2.717084E-2
1.802000E-7	2.719996E-2
1.802500E-7	2.724107E-2
1.803000E-7	2.727533E-2
1.803500E-7	2.731987E-2
1.804000E-7	2.739181E-2
1.804500E-7	2.746204E-2
1.805000E-7	2.750315E-2
1.805500E-7	2.752885E-2
1.806000E-7	2.754084E-2
1.806500E-7	2.752028E-2
1.807000E-7	2.745519E-2
1.807500E-7	2.737297E-2
1.808000E-7	2.729588E-2
1.808500E-7	2.722737E-2
1.809000E-7	2.716056E-2
1.809500E-7	2.710232E-2
1.810000E-7	2.706806E-2
1.810500E-7	2.705265E-2
1.811000E-7	2.705778E-2
1.811500E-7	2.710746E-2
1.812000E-7	2.719311E-2
1.812500E-7	2.727190E-2
1.813000E-7	2.734727E-2
1.813500E-7	2.744491E-2
1.814000E-7	2.754255E-2
1.814500E-7	2.761107E-2
1.815000E-7	2.765903E-2
1.815500E-7	2.769843E-2
1.816000E-7	2.772070E-2
1.816500E-7	2.772241E-2
1.817000E-7	2.771384E-2
1.817500E-7	2.769329E-2
1.818000E-7	2.766759E-2
1.818500E-7	2.765218E-2
1.819000E-7	2.762477E-2
1.819500E-7	2.757167E-2
1.820000E-7	2.751343E-2
1.820500E-7	2.747232E-2
1.821000E-7	2.744834E-2
1.821500E-7	2.743121E-2
1.822000E-7	2.740380E-2
1.822500E-7	2.737125E-2
1.823000E-7	2.733186E-2
1.823500E-7	2.729760E-2
1.824000E-7	2.726334E-2
1.824500E-7	2.724278E-2
1.825000E-7	2.724107E-2
1.825500E-7	2.725477E-2
1.826000E-7	2.727362E-2
1.826500E-7	2.731644E-2
1.827000E-7	2.737297E-2
1.827500E-7	2.740894E-2
1.828000E-7	2.740551E-2
1.828500E-7	2.737811E-2
1.829000E-7	2.731987E-2
1.829500E-7	2.722051E-2
1.830000E-7	2.711260E-2
1.830500E-7	2.702524E-2
1.831000E-7	2.695329E-2
1.831500E-7	2.687107E-2
1.832000E-7	2.678371E-2
1.832500E-7	2.671348E-2
1.833000E-7	2.666038E-2
1.833500E-7	2.661242E-2
1.834000E-7	2.658844E-2
1.834500E-7	2.661242E-2
1.835000E-7	2.665524E-2
1.835500E-7	2.669635E-2
1.836000E-7	2.674431E-2
1.836500E-7	2.680941E-2
1.837000E-7	2.688135E-2
1.837500E-7	2.694473E-2
1.838000E-7	2.697214E-2
1.838500E-7	2.697728E-2
1.839000E-7	2.697728E-2
1.839500E-7	2.696357E-2
1.840000E-7	2.693616E-2
1.840500E-7	2.690533E-2
1.841000E-7	2.689163E-2
1.841500E-7	2.687450E-2
1.842000E-7	2.684195E-2
1.842500E-7	2.683167E-2
1.843000E-7	2.685737E-2
1.843500E-7	2.687964E-2
1.844000E-7	2.690019E-2
1.844500E-7	2.694816E-2
1.845000E-7	2.699612E-2
1.845500E-7	2.699783E-2
1.846000E-7	2.696015E-2
1.846500E-7	2.692760E-2
1.847000E-7	2.687621E-2
1.847500E-7	2.677686E-2
1.848000E-7	2.666038E-2
1.848500E-7	2.655760E-2
1.849000E-7	2.648223E-2
1.849500E-7	2.642742E-2
1.850000E-7	2.641029E-2
1.850500E-7	2.643084E-2
1.851000E-7	2.648052E-2
1.851500E-7	2.654047E-2
1.852000E-7	2.659186E-2
1.852500E-7	2.662783E-2
1.853000E-7	2.664154E-2
1.853500E-7	2.662098E-2
1.854000E-7	2.658330E-2
1.854500E-7	2.653533E-2
1.855000E-7	2.648737E-2
1.855500E-7	2.644455E-2
1.856000E-7	2.641543E-2
1.856500E-7	2.640686E-2
1.857000E-7	2.642913E-2
1.857500E-7	2.650108E-2
1.858000E-7	2.660214E-2
1.858500E-7	2.671862E-2
1.859000E-7	2.683510E-2
1.859500E-7	2.693788E-2
1.860000E-7	2.699954E-2
1.860500E-7	2.701839E-2
1.861000E-7	2.700297E-2
1.861500E-7	2.696357E-2
1.862000E-7	2.692931E-2
1.862500E-7	2.691218E-2
1.863000E-7	2.688820E-2
1.863500E-7	2.685566E-2
1.864000E-7	2.684709E-2
1.864500E-7	2.686079E-2
1.865000E-7	2.685394E-2
1.865500E-7	2.682825E-2
1.866000E-7	2.680941E-2
1.866500E-7	2.678542E-2
1.867000E-7	2.674431E-2
1.867500E-7	2.668607E-2
1.868000E-7	2.661927E-2
1.868500E-7	2.653533E-2
1.869000E-7	2.645996E-2
1.869500E-7	2.640172E-2
1.870000E-7	2.634177E-2
1.870500E-7	2.629552E-2
1.871000E-7	2.630066E-2
1.871500E-7	2.632978E-2
1.872000E-7	2.634862E-2
1.872500E-7	2.636575E-2
1.873000E-7	2.637603E-2
1.873500E-7	2.636061E-2
1.874000E-7	2.634177E-2
1.874500E-7	2.633834E-2
1.875000E-7	2.630409E-2
1.875500E-7	2.622872E-2
1.876000E-7	2.614992E-2
1.876500E-7	2.606599E-2
1.877000E-7	2.596835E-2
1.877500E-7	2.589812E-2
1.878000E-7	2.587585E-2
1.878500E-7	2.586386E-2
1.879000E-7	2.587756E-2
1.879500E-7	2.594265E-2
1.880000E-7	2.604372E-2
1.880500E-7	2.613964E-2
1.881000E-7	2.625441E-2
1.881500E-7	2.638288E-2
1.882000E-7	2.648052E-2
1.882500E-7	2.652677E-2
1.883000E-7	2.654390E-2
1.883500E-7	2.655932E-2
1.884000E-7	2.657987E-2
1.884500E-7	2.657302E-2
1.885000E-7	2.653533E-2
1.885500E-7	2.648395E-2
1.886000E-7	2.644797E-2
1.886500E-7	2.640858E-2
1.887000E-7	2.635890E-2
1.887500E-7	2.632635E-2
1.888000E-7	2.631265E-2
1.888500E-7	2.628182E-2
1.889000E-7	2.624071E-2
1.889500E-7	2.618932E-2
1.890000E-7	2.612765E-2
1.890500E-7	2.607455E-2
1.891000E-7	2.603515E-2
1.891500E-7	2.598890E-2
1.892000E-7	2.592895E-2
1.892500E-7	2.588270E-2
1.893000E-7	2.586386E-2
1.893500E-7	2.586214E-2
1.894000E-7	2.589126E-2
1.894500E-7	2.595293E-2
1.895000E-7	2.603344E-2
1.895500E-7	2.611224E-2
1.896000E-7	2.617219E-2
1.896500E-7	2.619274E-2
1.897000E-7	2.617733E-2
1.897500E-7	2.615163E-2
1.898000E-7	2.613622E-2
1.898500E-7	2.611909E-2
1.899000E-7	2.610538E-2
1.899500E-7	2.607112E-2
1.900000E-7	2.600261E-2
1.900500E-7	2.592895E-2
1.901000E-7	2.588613E-2
1.901500E-7	2.587071E-2
1.902000E-7	2.587414E-2
1.902500E-7	2.590668E-2
1.903000E-7	2.595122E-2
1.903500E-7	2.600261E-2
1.904000E-7	2.607626E-2
1.904500E-7	2.616362E-2
1.905000E-7	2.623899E-2
1.905500E-7	2.632807E-2
1.906000E-7	2.643427E-2
1.906500E-7	2.651307E-2
1.907000E-7	2.655932E-2
1.907500E-7	2.657302E-2
1.908000E-7	2.654904E-2
1.908500E-7	2.650621E-2
1.909000E-7	2.647881E-2
1.909500E-7	2.645825E-2
1.910000E-7	2.642571E-2
1.910500E-7	2.641371E-2
1.911000E-7	2.642228E-2
1.911500E-7	2.641714E-2
1.912000E-7	2.639830E-2
1.912500E-7	2.637774E-2
1.913000E-7	2.633663E-2
1.913500E-7	2.628696E-2
1.914000E-7	2.623043E-2
1.914500E-7	2.614992E-2
1.915000E-7	2.605571E-2
1.915500E-7	2.598205E-2
1.916000E-7	2.590326E-2
1.916500E-7	2.582103E-2
1.917000E-7	2.578335E-2
1.917500E-7	2.577650E-2
1.918000E-7	2.576793E-2
1.918500E-7	2.578335E-2
1.919000E-7	2.584673E-2
1.919500E-7	2.592210E-2
1.920000E-7	2.599233E-2
1.920500E-7	2.606770E-2
1.921000E-7	2.612251E-2
1.921500E-7	2.613964E-2
1.922000E-7	2.613279E-2
1.922500E-7	2.611224E-2
1.923000E-7	2.607112E-2
1.923500E-7	2.602659E-2
1.924000E-7	2.599233E-2
1.924500E-7	2.597177E-2
1.925000E-7	2.595293E-2
1.925500E-7	2.594951E-2
1.926000E-7	2.595807E-2
1.926500E-7	2.599918E-2
1.927000E-7	2.604200E-2
1.927500E-7	2.607284E-2
1.928000E-7	2.608654E-2
1.928500E-7	2.607112E-2
1.929000E-7	2.601974E-2
1.929500E-7	2.593238E-2
1.930000E-7	2.581076E-2
1.930500E-7	2.567543E-2
1.931000E-7	2.553326E-2
1.931500E-7	2.540307E-2
1.932000E-7	2.531229E-2
1.932500E-7	2.527118E-2
1.933000E-7	2.527974E-2
1.933500E-7	2.535169E-2
1.934000E-7	2.548016E-2
1.934500E-7	2.563090E-2
1.935000E-7	2.578506E-2
1.935500E-7	2.594265E-2
1.936000E-7	2.607112E-2
1.936500E-7	2.613450E-2
1.937000E-7	2.614136E-2
1.937500E-7	2.610196E-2
1.938000E-7	2.599918E-2
1.938500E-7	2.584330E-2
1.939000E-7	2.566687E-2
1.939500E-7	2.548187E-2
1.940000E-7	2.530886E-2
1.940500E-7	2.516669E-2
1.941000E-7	2.507247E-2
1.941500E-7	2.502965E-2
1.942000E-7	2.503822E-2
1.942500E-7	2.508960E-2
1.943000E-7	2.517525E-2
1.943500E-7	2.527803E-2
1.944000E-7	2.537909E-2
1.944500E-7	2.546988E-2
1.945000E-7	2.555553E-2
1.945500E-7	2.562747E-2
1.946000E-7	2.567543E-2
1.946500E-7	2.570627E-2
1.947000E-7	2.573710E-2
1.947500E-7	2.575765E-2
1.948000E-7	2.576108E-2
1.948500E-7	2.573367E-2
1.949000E-7	2.567029E-2
1.949500E-7	2.558293E-2
1.950000E-7	2.549729E-2
1.950500E-7	2.542534E-2
1.951000E-7	2.535682E-2
1.951500E-7	2.530544E-2
1.952000E-7	2.528145E-2
1.952500E-7	2.528659E-2
1.953000E-7	2.530201E-2
1.953500E-7	2.531914E-2
1.954000E-7	2.534312E-2
1.954500E-7	2.539451E-2
1.955000E-7	2.546303E-2
1.955500E-7	2.554354E-2
1.956000E-7	2.564803E-2
1.956500E-7	2.576279E-2
1.957000E-7	2.586386E-2
1.957500E-7	2.595464E-2
1.958000E-7	2.602830E-2
1.958500E-7	2.608140E-2
1.959000E-7	2.612765E-2
1.959500E-7	2.620645E-2
1.960000E-7	2.628696E-2
1.960500E-7	2.632978E-2
1.961000E-7	2.635205E-2
1.961500E-7	2.635547E-2
1.962000E-7	2.632807E-2
1.962500E-7	2.627154E-2
1.963000E-7	2.620302E-2
1.963500E-7	2.610367E-2
1.964000E-7	2.599233E-2
1.964500E-7	2.589298E-2
1.965000E-7	2.580390E-2
1.965500E-7	2.568914E-2
1.966000E-7	2.554867E-2
1.966500E-7	2.539622E-2
1.967000E-7	2.524377E-2
1.967500E-7	2.509988E-2
1.968000E-7	2.495599E-2
1.968500E-7	2.483266E-2
1.969000E-7	2.476072E-2
1.969500E-7	2.472475E-2
1.970000E-7	2.468877E-2
1.970500E-7	2.467164E-2
1.971000E-7	2.469905E-2
1.971500E-7	2.472817E-2
1.972000E-7	2.472817E-2
1.972500E-7	2.475215E-2
1.973000E-7	2.482067E-2
1.973500E-7	2.487720E-2
1.974000E-7	2.489947E-2
1.974500E-7	2.490974E-2
1.975000E-7	2.491488E-2
1.975500E-7	2.490289E-2
1.976000E-7	2.488748E-2
1.976500E-7	2.488748E-2
1.977000E-7	2.490289E-2
1.977500E-7	2.493715E-2
1.978000E-7	2.497484E-2
1.978500E-7	2.497655E-2
1.979000E-7	2.495599E-2
1.979500E-7	2.492859E-2
1.980000E-7	2.489262E-2
1.980500E-7	2.484637E-2
1.981000E-7	2.480525E-2
1.981500E-7	2.477100E-2
1.982000E-7	2.474530E-2
1.982500E-7	2.472646E-2
1.983000E-7	2.471276E-2
1.983500E-7	2.469563E-2
1.984000E-7	2.469905E-2
1.984500E-7	2.475215E-2
1.985000E-7	2.483609E-2
1.985500E-7	2.491317E-2
1.986000E-7	2.498340E-2
1.986500E-7	2.506220E-2
1.987000E-7	2.514099E-2
1.987500E-7	2.519923E-2
1.988000E-7	2.523863E-2
1.988500E-7	2.526433E-2
1.989000E-7	2.527118E-2
1.989500E-7	2.525233E-2
1.990000E-7	2.521636E-2
1.990500E-7	2.518210E-2
1.991000E-7	2.513414E-2
1.991500E-7	2.506391E-2
1.992000E-7	2.499368E-2
1.992500E-7	2.495942E-2
1.993000E-7	2.495942E-2
1.993500E-7	2.496970E-2
1.994000E-7	2.498683E-2
1.994500E-7	2.503822E-2
1.995000E-7	2.510845E-2
1.995500E-7	2.516326E-2
1.996000E-7	2.519923E-2
1.996500E-7	2.523863E-2
1.997000E-7	2.526946E-2
1.997500E-7	2.527803E-2
1.998000E-7	2.526090E-2
1.998500E-7	2.521465E-2
1.999000E-7	2.514956E-2
1.999500E-7	2.507419E-2
2.000000E-7	2.500396E-2
