Study Name	PremaTech_CVD_SiC_HeandSi
Sample Name	2025-10-15
Run Name	spot04
Operator	Keshav
Date	10/15/2025
Time	18:34
Sign	FIX
Grating Spacing	06.40um
Channel	3
Number Traces	10000
Files in Batch	1
Batch Number	63
dt	50.000001E-12
time stamp (ms)	7:42:54 PM
	
Time	Amplitude
0.000000E+0	-9.198293E-4
5.000000E-11	-9.352459E-4
1.000000E-10	-9.318200E-4
1.500000E-10	-9.129775E-4
2.000000E-10	-8.787185E-4
2.500000E-10	-8.050616E-4
3.000000E-10	-6.937199E-4
3.500000E-10	-5.823781E-4
4.000000E-10	-4.778882E-4
4.500000E-10	-3.322874E-4
5.000000E-10	-1.729831E-4
5.500000E-10	-6.164133E-5
6.000000E-10	1.372848E-5
6.500000E-10	8.738533E-5
7.000000E-10	1.079407E-4
7.500000E-10	5.312633E-5
8.000000E-10	-2.395643E-5
8.500000E-10	-1.096039E-4
9.000000E-10	-2.295104E-4
9.500000E-10	-3.596946E-4
1.000000E-9	-4.521939E-4
1.050000E-9	-5.327026E-4
1.100000E-9	-6.183501E-4
1.150000E-9	-6.697386E-4
1.200000E-9	-6.645997E-4
1.250000E-9	-6.440443E-4
1.300000E-9	-6.046465E-4
1.350000E-9	-5.087213E-4
1.400000E-9	-3.819630E-4
1.450000E-9	-2.500658E-4
1.500000E-9	-1.215946E-4
1.550000E-9	-2.224348E-5
1.600000E-9	2.229323E-5
1.650000E-9	1.372848E-5
1.700000E-9	-4.108593E-5
1.750000E-9	-1.558536E-4
1.800000E-9	-3.014543E-4
1.850000E-9	-4.453421E-4
1.900000E-9	-6.063594E-4
1.950000E-9	-7.759415E-4
2.000000E-9	-9.026998E-4
2.050000E-9	-9.575142E-4
2.100000E-9	-9.729308E-4
2.150000E-9	-9.592272E-4
2.200000E-9	-8.975610E-4
2.250000E-9	-8.136264E-4
2.300000E-9	-7.416825E-4
2.350000E-9	-6.748774E-4
2.400000E-9	-6.063594E-4
2.450000E-9	-5.498321E-4
2.500000E-9	-5.138601E-4
2.550000E-9	-4.847400E-4
2.600000E-9	-4.624716E-4
2.650000E-9	-4.556198E-4
2.700000E-9	-4.573328E-4
2.750000E-9	-4.470551E-4
2.800000E-9	-4.299256E-4
2.850000E-9	-4.059443E-4
2.900000E-9	-3.648335E-4
2.950000E-9	-3.117320E-4
3.000000E-9	-2.449270E-4
3.050000E-9	-1.901126E-4
3.100000E-9	-1.507147E-4
3.150000E-9	-1.335852E-4
3.200000E-9	-1.198816E-4
3.250000E-9	-1.010392E-4
3.300000E-9	-9.590033E-5
3.350000E-9	-1.113169E-4
3.400000E-9	-1.181687E-4
3.450000E-9	-1.061780E-4
3.500000E-9	-9.932623E-5
3.550000E-9	-1.044651E-4
3.600000E-9	-9.418738E-5
3.650000E-9	-7.020608E-5
3.700000E-9	-5.992838E-5
3.750000E-9	-8.219673E-5
3.800000E-9	-1.318723E-4
3.850000E-9	-1.781219E-4
3.900000E-9	-2.312234E-4
3.950000E-9	-3.014543E-4
4.000000E-9	-3.682594E-4
4.050000E-9	-3.888148E-4
4.100000E-9	-3.716853E-4
4.150000E-9	-3.511299E-4
4.200000E-9	-3.185838E-4
4.250000E-9	-2.671953E-4
4.300000E-9	-2.072421E-4
4.350000E-9	-1.541406E-4
4.400000E-9	-1.027521E-4
4.450000E-9	-5.478953E-5
4.500000E-9	-2.738233E-5
4.550000E-9	-8.539876E-6
4.600000E-9	2.487468E-8
4.650000E-9	-1.025283E-5
4.700000E-9	-4.108593E-5
4.750000E-9	-8.733558E-5
4.800000E-9	-1.335852E-4
4.850000E-9	-1.798349E-4
4.900000E-9	-2.277975E-4
4.950000E-9	-2.774730E-4
5.000000E-9	-3.168709E-4
5.050000E-9	-3.322874E-4
5.100000E-9	-3.357133E-4
5.150000E-9	-3.477040E-4
5.200000E-9	-3.716853E-4
5.250000E-9	-4.008054E-4
5.300000E-9	-4.367774E-4
5.350000E-9	-4.984436E-4
5.400000E-9	-5.789522E-4
5.450000E-9	-6.560350E-4
5.500000E-9	-7.108494E-4
5.550000E-9	-7.348307E-4
5.600000E-9	-7.485343E-4
5.650000E-9	-7.673767E-4
5.700000E-9	-7.896451E-4
5.750000E-9	-7.913580E-4
5.800000E-9	-7.690897E-4
5.850000E-9	-7.228400E-4
5.900000E-9	-6.526091E-4
5.950000E-9	-5.498321E-4
6.000000E-9	-4.247867E-4
6.050000E-9	-3.014543E-4
6.100000E-9	-2.021032E-4
6.150000E-9	-1.301593E-4
6.200000E-9	-6.678018E-5
6.250000E-9	1.030257E-5
6.300000E-9	8.567238E-5
6.350000E-9	1.404868E-4
6.400000E-9	1.867364E-4
6.450000E-9	2.278472E-4
6.500000E-9	2.398379E-4
6.550000E-9	2.261343E-4
6.600000E-9	2.090048E-4
6.650000E-9	1.713199E-4
6.700000E-9	9.937598E-5
6.750000E-9	1.544143E-5
6.800000E-9	-5.307658E-5
6.850000E-9	-1.096039E-4
6.900000E-9	-1.541406E-4
6.950000E-9	-1.918255E-4
7.000000E-9	-2.243716E-4
7.050000E-9	-2.260845E-4
7.100000E-9	-2.123809E-4
7.150000E-9	-2.192327E-4
7.200000E-9	-2.380752E-4
7.250000E-9	-2.312234E-4
7.300000E-9	-2.192327E-4
7.350000E-9	-2.483529E-4
7.400000E-9	-2.911766E-4
7.450000E-9	-3.083061E-4
7.500000E-9	-3.220097E-4
7.550000E-9	-3.665464E-4
7.600000E-9	-4.179349E-4
7.650000E-9	-4.539069E-4
7.700000E-9	-4.676105E-4
7.750000E-9	-4.693234E-4
7.800000E-9	-4.693234E-4
7.850000E-9	-4.658975E-4
7.900000E-9	-4.521939E-4
7.950000E-9	-4.299256E-4
8.000000E-9	-4.264997E-4
8.050000E-9	-4.316385E-4
8.100000E-9	-4.127961E-4
8.150000E-9	-3.802500E-4
8.200000E-9	-3.562687E-4
8.250000E-9	-3.357133E-4
8.300000E-9	-3.048802E-4
8.350000E-9	-2.689083E-4
8.400000E-9	-2.517788E-4
8.450000E-9	-2.637694E-4
8.500000E-9	-2.997414E-4
8.550000E-9	-3.528428E-4
8.600000E-9	-4.179349E-4
8.650000E-9	-5.052954E-4
8.700000E-9	-6.149242E-4
8.750000E-9	-7.211271E-4
8.800000E-9	-8.067746E-4
8.850000E-9	-8.530243E-4
8.900000E-9	-8.204782E-4
8.950000E-9	-7.057105E-4
9.000000E-9	-5.481191E-4
9.050000E-9	-3.733982E-4
9.100000E-9	-1.644183E-4
9.150000E-9	5.483928E-5
9.200000E-9	2.244213E-4
9.250000E-9	3.443278E-4
9.300000E-9	4.265494E-4
9.350000E-9	4.693732E-4
9.400000E-9	4.556696E-4
9.450000E-9	3.871516E-4
9.500000E-9	2.740969E-4
9.550000E-9	1.541904E-4
9.600000E-9	4.970043E-5
9.650000E-9	-4.965068E-5
9.700000E-9	-1.352982E-4
9.750000E-9	-1.901126E-4
9.800000E-9	-2.158068E-4
9.850000E-9	-2.295104E-4
9.900000E-9	-2.466399E-4
9.950000E-9	-2.637694E-4
1.000000E-8	-2.963155E-4
1.005000E-8	-3.459910E-4
1.010000E-8	-4.179349E-4
1.015000E-8	-5.104342E-4
1.020000E-8	-5.926558E-4
1.025000E-8	-6.594609E-4
1.030000E-8	-7.039976E-4
1.035000E-8	-7.074235E-4
1.040000E-8	-6.611738E-4
1.045000E-8	-6.046465E-4
1.050000E-8	-5.344155E-4
1.055000E-8	-4.299256E-4
1.060000E-8	-3.151579E-4
1.065000E-8	-2.312234E-4
1.070000E-8	-1.678442E-4
1.075000E-8	-1.164557E-4
1.080000E-8	-9.247443E-5
1.085000E-8	-1.061780E-4
1.090000E-8	-1.558536E-4
1.095000E-8	-2.500658E-4
1.100000E-8	-3.665464E-4
1.105000E-8	-4.727493E-4
1.110000E-8	-5.772393E-4
1.115000E-8	-6.645997E-4
1.120000E-8	-7.211271E-4
1.125000E-8	-7.451084E-4
1.130000E-8	-7.570990E-4
1.135000E-8	-7.605249E-4
1.140000E-8	-7.245530E-4
1.145000E-8	-6.406184E-4
1.150000E-8	-5.344155E-4
1.155000E-8	-4.196479E-4
1.160000E-8	-3.117320E-4
1.165000E-8	-2.140939E-4
1.170000E-8	-1.301593E-4
1.175000E-8	-5.307658E-5
1.180000E-8	6.876675E-6
1.185000E-8	4.970043E-5
1.190000E-8	5.997813E-5
1.195000E-8	3.257093E-5
1.200000E-8	-2.053053E-5
1.205000E-8	-7.705788E-5
1.210000E-8	-1.215946E-4
1.215000E-8	-1.575665E-4
1.220000E-8	-1.883996E-4
1.225000E-8	-2.192327E-4
1.230000E-8	-2.415011E-4
1.235000E-8	-2.415011E-4
1.240000E-8	-2.226586E-4
1.245000E-8	-1.918255E-4
1.250000E-8	-1.609924E-4
1.255000E-8	-1.404370E-4
1.260000E-8	-1.267334E-4
1.265000E-8	-1.215946E-4
1.270000E-8	-1.147428E-4
1.275000E-8	-1.198816E-4
1.280000E-8	-1.352982E-4
1.285000E-8	-1.352982E-4
1.290000E-8	-1.113169E-4
1.295000E-8	-8.733558E-5
1.300000E-8	-6.678018E-5
1.305000E-8	-2.738233E-5
1.310000E-8	3.428388E-5
1.315000E-8	1.079407E-4
1.320000E-8	1.696069E-4
1.325000E-8	2.175695E-4
1.330000E-8	2.672451E-4
1.335000E-8	3.100688E-4
1.340000E-8	3.169206E-4
1.345000E-8	2.792357E-4
1.350000E-8	2.090048E-4
1.355000E-8	1.079407E-4
1.360000E-8	-2.566938E-5
1.365000E-8	-1.695572E-4
1.370000E-8	-3.254356E-4
1.375000E-8	-5.087213E-4
1.380000E-8	-6.697386E-4
1.385000E-8	-7.502472E-4
1.390000E-8	-7.519602E-4
1.395000E-8	-7.314048E-4
1.400000E-8	-6.885810E-4
1.405000E-8	-5.858040E-4
1.410000E-8	-4.470551E-4
1.415000E-8	-3.271486E-4
1.420000E-8	-2.415011E-4
1.425000E-8	-1.832608E-4
1.430000E-8	-1.815478E-4
1.435000E-8	-2.226586E-4
1.440000E-8	-2.723342E-4
1.445000E-8	-3.562687E-4
1.450000E-8	-4.847400E-4
1.455000E-8	-5.943688E-4
1.460000E-8	-6.680256E-4
1.465000E-8	-7.605249E-4
1.470000E-8	-8.615890E-4
1.475000E-8	-9.215423E-4
1.480000E-8	-9.266811E-4
1.485000E-8	-8.821444E-4
1.490000E-8	-7.776544E-4
1.495000E-8	-6.697386E-4
1.500000E-8	-6.183501E-4
1.505000E-8	-5.977947E-4
1.510000E-8	-5.601098E-4
1.515000E-8	-5.241378E-4
1.520000E-8	-5.087213E-4
1.525000E-8	-5.275637E-4
1.530000E-8	-5.823781E-4
1.535000E-8	-6.697386E-4
1.540000E-8	-7.690897E-4
1.545000E-8	-8.958480E-4
1.550000E-8	-1.048301E-3
1.555000E-8	-1.192188E-3
1.560000E-8	-1.277836E-3
1.565000E-8	-1.313808E-3
1.570000E-8	-1.318947E-3
1.575000E-8	-1.289827E-3
1.580000E-8	-1.193901E-3
1.585000E-8	-1.014042E-3
1.590000E-8	-7.896451E-4
1.595000E-8	-5.960817E-4
1.600000E-8	-4.384903E-4
1.605000E-8	-2.706212E-4
1.610000E-8	-8.733558E-5
1.615000E-8	5.655223E-5
1.620000E-8	1.302091E-4
1.625000E-8	1.507645E-4
1.630000E-8	1.182184E-4
1.635000E-8	6.340403E-5
1.640000E-8	1.544143E-5
1.645000E-8	-6.335428E-5
1.650000E-8	-1.764090E-4
1.655000E-8	-2.620565E-4
1.660000E-8	-3.134450E-4
1.665000E-8	-3.922407E-4
1.670000E-8	-4.539069E-4
1.675000E-8	-4.453421E-4
1.680000E-8	-4.453421E-4
1.685000E-8	-4.881659E-4
1.690000E-8	-5.018695E-4
1.695000E-8	-4.487680E-4
1.700000E-8	-4.042313E-4
1.705000E-8	-3.905277E-4
1.710000E-8	-3.973795E-4
1.715000E-8	-4.110831E-4
1.720000E-8	-4.076572E-4
1.725000E-8	-3.973795E-4
1.730000E-8	-4.025184E-4
1.735000E-8	-4.110831E-4
1.740000E-8	-4.059443E-4
1.745000E-8	-4.264997E-4
1.750000E-8	-4.504810E-4
1.755000E-8	-4.059443E-4
1.760000E-8	-3.117320E-4
1.765000E-8	-2.500658E-4
1.770000E-8	-2.106680E-4
1.775000E-8	-1.267334E-4
1.780000E-8	-1.367873E-5
1.785000E-8	9.595008E-5
1.790000E-8	2.278472E-4
1.795000E-8	3.802998E-4
1.800000E-8	5.327523E-4
1.805000E-8	7.365934E-4
1.810000E-8	1.067193E-3
1.815000E-8	1.539967E-3
1.820000E-8	2.194314E-3
1.825000E-8	3.153566E-3
1.830000E-8	4.496519E-3
1.835000E-8	6.226598E-3
1.840000E-8	8.393480E-3
1.845000E-8	1.104684E-2
1.850000E-8	1.414214E-2
1.855000E-8	1.765026E-2
1.860000E-8	2.159176E-2
1.865000E-8	2.589812E-2
1.870000E-8	3.043230E-2
1.875000E-8	3.509152E-2
1.880000E-8	3.973019E-2
1.885000E-8	4.415816E-2
1.890000E-8	4.821443E-2
1.895000E-8	5.181334E-2
1.900000E-8	5.483327E-2
1.905000E-8	5.711663E-2
1.910000E-8	5.862403E-2
1.915000E-8	5.944796E-2
1.920000E-8	5.971689E-2
1.925000E-8	5.949078E-2
1.930000E-8	5.890495E-2
1.935000E-8	5.814783E-2
1.940000E-8	5.732904E-2
1.945000E-8	5.652738E-2
1.950000E-8	5.583192E-2
1.955000E-8	5.531975E-2
1.960000E-8	5.494632E-2
1.965000E-8	5.472021E-2
1.970000E-8	5.468767E-2
1.975000E-8	5.484526E-2
1.980000E-8	5.517586E-2
1.985000E-8	5.563150E-2
1.990000E-8	5.606317E-2
1.995000E-8	5.645201E-2
2.000000E-8	5.687511E-2
2.005000E-8	5.730848E-2
2.010000E-8	5.758255E-2
2.015000E-8	5.764422E-2
2.020000E-8	5.749862E-2
2.025000E-8	5.712862E-2
2.030000E-8	5.654451E-2
2.035000E-8	5.591071E-2
2.040000E-8	5.529577E-2
2.045000E-8	5.475790E-2
2.050000E-8	5.438448E-2
2.055000E-8	5.419091E-2
2.060000E-8	5.406244E-2
2.065000E-8	5.399906E-2
2.070000E-8	5.406587E-2
2.075000E-8	5.425600E-2
2.080000E-8	5.452151E-2
2.085000E-8	5.485725E-2
2.090000E-8	5.525123E-2
2.095000E-8	5.565891E-2
2.100000E-8	5.607344E-2
2.105000E-8	5.652052E-2
2.110000E-8	5.689223E-2
2.115000E-8	5.706696E-2
2.120000E-8	5.703784E-2
2.125000E-8	5.685455E-2
2.130000E-8	5.649140E-2
2.135000E-8	5.595696E-2
2.140000E-8	5.534373E-2
2.145000E-8	5.478531E-2
2.150000E-8	5.436049E-2
2.155000E-8	5.409327E-2
2.160000E-8	5.396823E-2
2.165000E-8	5.400420E-2
2.170000E-8	5.422175E-2
2.175000E-8	5.453179E-2
2.180000E-8	5.485896E-2
2.185000E-8	5.522553E-2
2.190000E-8	5.561951E-2
2.195000E-8	5.594326E-2
2.200000E-8	5.617622E-2
2.205000E-8	5.635094E-2
2.210000E-8	5.647599E-2
2.215000E-8	5.647085E-2
2.220000E-8	5.631497E-2
2.225000E-8	5.602377E-2
2.230000E-8	5.565891E-2
2.235000E-8	5.526151E-2
2.240000E-8	5.490693E-2
2.245000E-8	5.460373E-2
2.250000E-8	5.435536E-2
2.255000E-8	5.418064E-2
2.260000E-8	5.411897E-2
2.265000E-8	5.413610E-2
2.270000E-8	5.418406E-2
2.275000E-8	5.427313E-2
2.280000E-8	5.442901E-2
2.285000E-8	5.460373E-2
2.290000E-8	5.483327E-2
2.295000E-8	5.509878E-2
2.300000E-8	5.537285E-2
2.305000E-8	5.568803E-2
2.310000E-8	5.599808E-2
2.315000E-8	5.618650E-2
2.320000E-8	5.620363E-2
2.325000E-8	5.614025E-2
2.330000E-8	5.601692E-2
2.335000E-8	5.575312E-2
2.340000E-8	5.533002E-2
2.345000E-8	5.487267E-2
2.350000E-8	5.447698E-2
2.355000E-8	5.419091E-2
2.360000E-8	5.400591E-2
2.365000E-8	5.390656E-2
2.370000E-8	5.389971E-2
2.375000E-8	5.395624E-2
2.380000E-8	5.408985E-2
2.385000E-8	5.428684E-2
2.390000E-8	5.455920E-2
2.395000E-8	5.483669E-2
2.400000E-8	5.510905E-2
2.405000E-8	5.532317E-2
2.410000E-8	5.547220E-2
2.415000E-8	5.560067E-2
2.420000E-8	5.568461E-2
2.425000E-8	5.566919E-2
2.430000E-8	5.551845E-2
2.435000E-8	5.523581E-2
2.440000E-8	5.486924E-2
2.445000E-8	5.448897E-2
2.450000E-8	5.416008E-2
2.455000E-8	5.385004E-2
2.460000E-8	5.356226E-2
2.465000E-8	5.336356E-2
2.470000E-8	5.327791E-2
2.475000E-8	5.326592E-2
2.480000E-8	5.336013E-2
2.485000E-8	5.357768E-2
2.490000E-8	5.384832E-2
2.495000E-8	5.413781E-2
2.500000E-8	5.447869E-2
2.505000E-8	5.477845E-2
2.510000E-8	5.501827E-2
2.515000E-8	5.522553E-2
2.520000E-8	5.541225E-2
2.525000E-8	5.542938E-2
2.530000E-8	5.533002E-2
2.535000E-8	5.518271E-2
2.540000E-8	5.496517E-2
2.545000E-8	5.463114E-2
2.550000E-8	5.426457E-2
2.555000E-8	5.394767E-2
2.560000E-8	5.369073E-2
2.565000E-8	5.350402E-2
2.570000E-8	5.340296E-2
2.575000E-8	5.339953E-2
2.580000E-8	5.348004E-2
2.585000E-8	5.366675E-2
2.590000E-8	5.393740E-2
2.595000E-8	5.425429E-2
2.600000E-8	5.461401E-2
2.605000E-8	5.495660E-2
2.610000E-8	5.523239E-2
2.615000E-8	5.546363E-2
2.620000E-8	5.565035E-2
2.625000E-8	5.575655E-2
2.630000E-8	5.575141E-2
2.635000E-8	5.565720E-2
2.640000E-8	5.551331E-2
2.645000E-8	5.534373E-2
2.650000E-8	5.517415E-2
2.655000E-8	5.497887E-2
2.660000E-8	5.475276E-2
2.665000E-8	5.455406E-2
2.670000E-8	5.439989E-2
2.675000E-8	5.432281E-2
2.680000E-8	5.433137E-2
2.685000E-8	5.447012E-2
2.690000E-8	5.467739E-2
2.695000E-8	5.491549E-2
2.700000E-8	5.518614E-2
2.705000E-8	5.544651E-2
2.710000E-8	5.567090E-2
2.715000E-8	5.585247E-2
2.720000E-8	5.596039E-2
2.725000E-8	5.596553E-2
2.730000E-8	5.586446E-2
2.735000E-8	5.571201E-2
2.740000E-8	5.551845E-2
2.745000E-8	5.530433E-2
2.750000E-8	5.509878E-2
2.755000E-8	5.488808E-2
2.760000E-8	5.463971E-2
2.765000E-8	5.438448E-2
2.770000E-8	5.417721E-2
2.775000E-8	5.402818E-2
2.780000E-8	5.391170E-2
2.785000E-8	5.385517E-2
2.790000E-8	5.390485E-2
2.795000E-8	5.407957E-2
2.800000E-8	5.429540E-2
2.805000E-8	5.449068E-2
2.810000E-8	5.465170E-2
2.815000E-8	5.480244E-2
2.820000E-8	5.495831E-2
2.825000E-8	5.511419E-2
2.830000E-8	5.519299E-2
2.835000E-8	5.518956E-2
2.840000E-8	5.513646E-2
2.845000E-8	5.499600E-2
2.850000E-8	5.472021E-2
2.855000E-8	5.436049E-2
2.860000E-8	5.402133E-2
2.865000E-8	5.372670E-2
2.870000E-8	5.348346E-2
2.875000E-8	5.332416E-2
2.880000E-8	5.326421E-2
2.885000E-8	5.329161E-2
2.890000E-8	5.341152E-2
2.895000E-8	5.361022E-2
2.900000E-8	5.382263E-2
2.905000E-8	5.403503E-2
2.910000E-8	5.425772E-2
2.915000E-8	5.447869E-2
2.920000E-8	5.463971E-2
2.925000E-8	5.476818E-2
2.930000E-8	5.484183E-2
2.935000E-8	5.484183E-2
2.940000E-8	5.478188E-2
2.945000E-8	5.462429E-2
2.950000E-8	5.437420E-2
2.955000E-8	5.410527E-2
2.960000E-8	5.387230E-2
2.965000E-8	5.370957E-2
2.970000E-8	5.361536E-2
2.975000E-8	5.355370E-2
2.980000E-8	5.354170E-2
2.985000E-8	5.358110E-2
2.990000E-8	5.362735E-2
2.995000E-8	5.366846E-2
3.000000E-8	5.377124E-2
3.005000E-8	5.393568E-2
3.010000E-8	5.408985E-2
3.015000E-8	5.420633E-2
3.020000E-8	5.427313E-2
3.025000E-8	5.429369E-2
3.030000E-8	5.431767E-2
3.035000E-8	5.434508E-2
3.040000E-8	5.429540E-2
3.045000E-8	5.415494E-2
3.050000E-8	5.400249E-2
3.055000E-8	5.386031E-2
3.060000E-8	5.366846E-2
3.065000E-8	5.345948E-2
3.070000E-8	5.332416E-2
3.075000E-8	5.323337E-2
3.080000E-8	5.313060E-2
3.085000E-8	5.307236E-2
3.090000E-8	5.310319E-2
3.095000E-8	5.316657E-2
3.100000E-8	5.323509E-2
3.105000E-8	5.334985E-2
3.110000E-8	5.353485E-2
3.115000E-8	5.373527E-2
3.120000E-8	5.386717E-2
3.125000E-8	5.395795E-2
3.130000E-8	5.402133E-2
3.135000E-8	5.405388E-2
3.140000E-8	5.399906E-2
3.145000E-8	5.388087E-2
3.150000E-8	5.376268E-2
3.155000E-8	5.363078E-2
3.160000E-8	5.343036E-2
3.165000E-8	5.321111E-2
3.170000E-8	5.305351E-2
3.175000E-8	5.294731E-2
3.180000E-8	5.285139E-2
3.185000E-8	5.282055E-2
3.190000E-8	5.287708E-2
3.195000E-8	5.296101E-2
3.200000E-8	5.309291E-2
3.205000E-8	5.329161E-2
3.210000E-8	5.349032E-2
3.215000E-8	5.367703E-2
3.220000E-8	5.391513E-2
3.225000E-8	5.412582E-2
3.230000E-8	5.419776E-2
3.235000E-8	5.416351E-2
3.240000E-8	5.410013E-2
3.245000E-8	5.400078E-2
3.250000E-8	5.385004E-2
3.255000E-8	5.367703E-2
3.260000E-8	5.349203E-2
3.265000E-8	5.327791E-2
3.270000E-8	5.305009E-2
3.275000E-8	5.284282E-2
3.280000E-8	5.267495E-2
3.285000E-8	5.257560E-2
3.290000E-8	5.254819E-2
3.295000E-8	5.257217E-2
3.300000E-8	5.264241E-2
3.305000E-8	5.274518E-2
3.310000E-8	5.288222E-2
3.315000E-8	5.301583E-2
3.320000E-8	5.315115E-2
3.325000E-8	5.327448E-2
3.330000E-8	5.338754E-2
3.335000E-8	5.345606E-2
3.340000E-8	5.343893E-2
3.345000E-8	5.340296E-2
3.350000E-8	5.332930E-2
3.355000E-8	5.318370E-2
3.360000E-8	5.299013E-2
3.365000E-8	5.278115E-2
3.370000E-8	5.258930E-2
3.375000E-8	5.243343E-2
3.380000E-8	5.235977E-2
3.385000E-8	5.233407E-2
3.390000E-8	5.235292E-2
3.395000E-8	5.245398E-2
3.400000E-8	5.263213E-2
3.405000E-8	5.280342E-2
3.410000E-8	5.291305E-2
3.415000E-8	5.298842E-2
3.420000E-8	5.306550E-2
3.425000E-8	5.308092E-2
3.430000E-8	5.300726E-2
3.435000E-8	5.289935E-2
3.440000E-8	5.276916E-2
3.445000E-8	5.261157E-2
3.450000E-8	5.243171E-2
3.455000E-8	5.228269E-2
3.460000E-8	5.218676E-2
3.465000E-8	5.212167E-2
3.470000E-8	5.208912E-2
3.475000E-8	5.208570E-2
3.480000E-8	5.214394E-2
3.485000E-8	5.224329E-2
3.490000E-8	5.234949E-2
3.495000E-8	5.246426E-2
3.500000E-8	5.260815E-2
3.505000E-8	5.274004E-2
3.510000E-8	5.281541E-2
3.515000E-8	5.280342E-2
3.520000E-8	5.274518E-2
3.525000E-8	5.267153E-2
3.530000E-8	5.258245E-2
3.535000E-8	5.248653E-2
3.540000E-8	5.240259E-2
3.545000E-8	5.229468E-2
3.550000E-8	5.215250E-2
3.555000E-8	5.201718E-2
3.560000E-8	5.193667E-2
3.565000E-8	5.190241E-2
3.570000E-8	5.186987E-2
3.575000E-8	5.188014E-2
3.580000E-8	5.195037E-2
3.585000E-8	5.203088E-2
3.590000E-8	5.206343E-2
3.595000E-8	5.209084E-2
3.600000E-8	5.214565E-2
3.605000E-8	5.221931E-2
3.610000E-8	5.226384E-2
3.615000E-8	5.230495E-2
3.620000E-8	5.235120E-2
3.625000E-8	5.235634E-2
3.630000E-8	5.226898E-2
3.635000E-8	5.212509E-2
3.640000E-8	5.198121E-2
3.645000E-8	5.181505E-2
3.650000E-8	5.162491E-2
3.655000E-8	5.146047E-2
3.660000E-8	5.132686E-2
3.665000E-8	5.119668E-2
3.670000E-8	5.108533E-2
3.675000E-8	5.105450E-2
3.680000E-8	5.111617E-2
3.685000E-8	5.117269E-2
3.690000E-8	5.123779E-2
3.695000E-8	5.135084E-2
3.700000E-8	5.148788E-2
3.705000E-8	5.159065E-2
3.710000E-8	5.167116E-2
3.715000E-8	5.173283E-2
3.720000E-8	5.179963E-2
3.725000E-8	5.186473E-2
3.730000E-8	5.193838E-2
3.735000E-8	5.199491E-2
3.740000E-8	5.201547E-2
3.745000E-8	5.201204E-2
3.750000E-8	5.201718E-2
3.755000E-8	5.199834E-2
3.760000E-8	5.191440E-2
3.765000E-8	5.181163E-2
3.770000E-8	5.172940E-2
3.775000E-8	5.165746E-2
3.780000E-8	5.156153E-2
3.785000E-8	5.151700E-2
3.790000E-8	5.153070E-2
3.795000E-8	5.153927E-2
3.800000E-8	5.153070E-2
3.805000E-8	5.155297E-2
3.810000E-8	5.159408E-2
3.815000E-8	5.162834E-2
3.820000E-8	5.163177E-2
3.825000E-8	5.163690E-2
3.830000E-8	5.162663E-2
3.835000E-8	5.163348E-2
3.840000E-8	5.161635E-2
3.845000E-8	5.154269E-2
3.850000E-8	5.143991E-2
3.855000E-8	5.135769E-2
3.860000E-8	5.123950E-2
3.865000E-8	5.110075E-2
3.870000E-8	5.101168E-2
3.875000E-8	5.100483E-2
3.880000E-8	5.104080E-2
3.885000E-8	5.109047E-2
3.890000E-8	5.116756E-2
3.895000E-8	5.127890E-2
3.900000E-8	5.142107E-2
3.905000E-8	5.154783E-2
3.910000E-8	5.162149E-2
3.915000E-8	5.165746E-2
3.920000E-8	5.166602E-2
3.925000E-8	5.165061E-2
3.930000E-8	5.159237E-2
3.935000E-8	5.148274E-2
3.940000E-8	5.132686E-2
3.945000E-8	5.118640E-2
3.950000E-8	5.108876E-2
3.955000E-8	5.101682E-2
3.960000E-8	5.097742E-2
3.965000E-8	5.100654E-2
3.970000E-8	5.106820E-2
3.975000E-8	5.113501E-2
3.980000E-8	5.124121E-2
3.985000E-8	5.137654E-2
3.990000E-8	5.147760E-2
3.995000E-8	5.153584E-2
4.000000E-8	5.159579E-2
4.005000E-8	5.163690E-2
4.010000E-8	5.164718E-2
4.015000E-8	5.163177E-2
4.020000E-8	5.160265E-2
4.025000E-8	5.157181E-2
4.030000E-8	5.154098E-2
4.035000E-8	5.152214E-2
4.040000E-8	5.149302E-2
4.045000E-8	5.144163E-2
4.050000E-8	5.137140E-2
4.055000E-8	5.132515E-2
4.060000E-8	5.128575E-2
4.065000E-8	5.123436E-2
4.070000E-8	5.116756E-2
4.075000E-8	5.110589E-2
4.080000E-8	5.105108E-2
4.085000E-8	5.097913E-2
4.090000E-8	5.088149E-2
4.095000E-8	5.079413E-2
4.100000E-8	5.071705E-2
4.105000E-8	5.064511E-2
4.110000E-8	5.059200E-2
4.115000E-8	5.057488E-2
4.120000E-8	5.061427E-2
4.125000E-8	5.067080E-2
4.130000E-8	5.071191E-2
4.135000E-8	5.074103E-2
4.140000E-8	5.077872E-2
4.145000E-8	5.080270E-2
4.150000E-8	5.081126E-2
4.155000E-8	5.077872E-2
4.160000E-8	5.077186E-2
4.165000E-8	5.083182E-2
4.170000E-8	5.092432E-2
4.175000E-8	5.100825E-2
4.180000E-8	5.109047E-2
4.185000E-8	5.115728E-2
4.190000E-8	5.117098E-2
4.195000E-8	5.111274E-2
4.200000E-8	5.101682E-2
4.205000E-8	5.089862E-2
4.210000E-8	5.071876E-2
4.215000E-8	5.054062E-2
4.220000E-8	5.040358E-2
4.225000E-8	5.027853E-2
4.230000E-8	5.014492E-2
4.235000E-8	5.006270E-2
4.240000E-8	5.002673E-2
4.245000E-8	4.998733E-2
4.250000E-8	4.995307E-2
4.255000E-8	4.995650E-2
4.260000E-8	4.995993E-2
4.265000E-8	4.994280E-2
4.270000E-8	4.994108E-2
4.275000E-8	5.000275E-2
4.280000E-8	5.004386E-2
4.285000E-8	5.006270E-2
4.290000E-8	5.011067E-2
4.295000E-8	5.017233E-2
4.300000E-8	5.018432E-2
4.305000E-8	5.018261E-2
4.310000E-8	5.022029E-2
4.315000E-8	5.020145E-2
4.320000E-8	5.011409E-2
4.325000E-8	5.005585E-2
4.330000E-8	5.005585E-2
4.335000E-8	5.007983E-2
4.340000E-8	5.010895E-2
4.345000E-8	5.015520E-2
4.350000E-8	5.020316E-2
4.355000E-8	5.023914E-2
4.360000E-8	5.024428E-2
4.365000E-8	5.023229E-2
4.370000E-8	5.020316E-2
4.375000E-8	5.011409E-2
4.380000E-8	4.998562E-2
4.385000E-8	4.989997E-2
4.390000E-8	4.987257E-2
4.395000E-8	4.980233E-2
4.400000E-8	4.970984E-2
4.405000E-8	4.969442E-2
4.410000E-8	4.970984E-2
4.415000E-8	4.969613E-2
4.420000E-8	4.969784E-2
4.425000E-8	4.971326E-2
4.430000E-8	4.972696E-2
4.435000E-8	4.974923E-2
4.440000E-8	4.978007E-2
4.445000E-8	4.976979E-2
4.450000E-8	4.974581E-2
4.455000E-8	4.972011E-2
4.460000E-8	4.966359E-2
4.465000E-8	4.960021E-2
4.470000E-8	4.958822E-2
4.475000E-8	4.962076E-2
4.480000E-8	4.964817E-2
4.485000E-8	4.964988E-2
4.490000E-8	4.965331E-2
4.495000E-8	4.965845E-2
4.500000E-8	4.967729E-2
4.505000E-8	4.970298E-2
4.510000E-8	4.971840E-2
4.515000E-8	4.971326E-2
4.520000E-8	4.970812E-2
4.525000E-8	4.971669E-2
4.530000E-8	4.970298E-2
4.535000E-8	4.967215E-2
4.540000E-8	4.968072E-2
4.545000E-8	4.971497E-2
4.550000E-8	4.973896E-2
4.555000E-8	4.973896E-2
4.560000E-8	4.979034E-2
4.565000E-8	4.986571E-2
4.570000E-8	4.990511E-2
4.575000E-8	4.992738E-2
4.580000E-8	4.994794E-2
4.585000E-8	4.995479E-2
4.590000E-8	4.990340E-2
4.595000E-8	4.979720E-2
4.600000E-8	4.964988E-2
4.605000E-8	4.949743E-2
4.610000E-8	4.932956E-2
4.615000E-8	4.917368E-2
4.620000E-8	4.900753E-2
4.625000E-8	4.883109E-2
4.630000E-8	4.870091E-2
4.635000E-8	4.864952E-2
4.640000E-8	4.868035E-2
4.645000E-8	4.877456E-2
4.650000E-8	4.891160E-2
4.655000E-8	4.901095E-2
4.660000E-8	4.907947E-2
4.665000E-8	4.916854E-2
4.670000E-8	4.924049E-2
4.675000E-8	4.927988E-2
4.680000E-8	4.934840E-2
4.685000E-8	4.944262E-2
4.690000E-8	4.945118E-2
4.695000E-8	4.937410E-2
4.700000E-8	4.928845E-2
4.705000E-8	4.917882E-2
4.710000E-8	4.904692E-2
4.715000E-8	4.894072E-2
4.720000E-8	4.890304E-2
4.725000E-8	4.890304E-2
4.730000E-8	4.892188E-2
4.735000E-8	4.895100E-2
4.740000E-8	4.900239E-2
4.745000E-8	4.906748E-2
4.750000E-8	4.910859E-2
4.755000E-8	4.910859E-2
4.760000E-8	4.908975E-2
4.765000E-8	4.908290E-2
4.770000E-8	4.905549E-2
4.775000E-8	4.897841E-2
4.780000E-8	4.891331E-2
4.785000E-8	4.887563E-2
4.790000E-8	4.883109E-2
4.795000E-8	4.871804E-2
4.800000E-8	4.860327E-2
4.805000E-8	4.853133E-2
4.810000E-8	4.844910E-2
4.815000E-8	4.834461E-2
4.820000E-8	4.830350E-2
4.825000E-8	4.834119E-2
4.830000E-8	4.833776E-2
4.835000E-8	4.830693E-2
4.840000E-8	4.830350E-2
4.845000E-8	4.834633E-2
4.850000E-8	4.837716E-2
4.855000E-8	4.843197E-2
4.860000E-8	4.853133E-2
4.865000E-8	4.866322E-2
4.870000E-8	4.878142E-2
4.875000E-8	4.888248E-2
4.880000E-8	4.896299E-2
4.885000E-8	4.901095E-2
4.890000E-8	4.902637E-2
4.895000E-8	4.898526E-2
4.900000E-8	4.889790E-2
4.905000E-8	4.879512E-2
4.910000E-8	4.871632E-2
4.915000E-8	4.864438E-2
4.920000E-8	4.854503E-2
4.925000E-8	4.843883E-2
4.930000E-8	4.834975E-2
4.935000E-8	4.831378E-2
4.940000E-8	4.834290E-2
4.945000E-8	4.839258E-2
4.950000E-8	4.842512E-2
4.955000E-8	4.845938E-2
4.960000E-8	4.852447E-2
4.965000E-8	4.858614E-2
4.970000E-8	4.860498E-2
4.975000E-8	4.861526E-2
4.980000E-8	4.861869E-2
4.985000E-8	4.860670E-2
4.990000E-8	4.859642E-2
4.995000E-8	4.857072E-2
5.000000E-8	4.852276E-2
5.005000E-8	4.849535E-2
5.010000E-8	4.852276E-2
5.015000E-8	4.851762E-2
5.020000E-8	4.848850E-2
5.025000E-8	4.848850E-2
5.030000E-8	4.851248E-2
5.035000E-8	4.851077E-2
5.040000E-8	4.852790E-2
5.045000E-8	4.856216E-2
5.050000E-8	4.856216E-2
5.055000E-8	4.852105E-2
5.060000E-8	4.844568E-2
5.065000E-8	4.834290E-2
5.070000E-8	4.822128E-2
5.075000E-8	4.812707E-2
5.080000E-8	4.807568E-2
5.085000E-8	4.801744E-2
5.090000E-8	4.793865E-2
5.095000E-8	4.784272E-2
5.100000E-8	4.778105E-2
5.105000E-8	4.776735E-2
5.110000E-8	4.777934E-2
5.115000E-8	4.776906E-2
5.120000E-8	4.778277E-2
5.125000E-8	4.781703E-2
5.130000E-8	4.782730E-2
5.135000E-8	4.781703E-2
5.140000E-8	4.783244E-2
5.145000E-8	4.785814E-2
5.150000E-8	4.784615E-2
5.155000E-8	4.782388E-2
5.160000E-8	4.784272E-2
5.165000E-8	4.786841E-2
5.170000E-8	4.785300E-2
5.175000E-8	4.780846E-2
5.180000E-8	4.775193E-2
5.185000E-8	4.767314E-2
5.190000E-8	4.757550E-2
5.195000E-8	4.749157E-2
5.200000E-8	4.743675E-2
5.205000E-8	4.738194E-2
5.210000E-8	4.733226E-2
5.215000E-8	4.728601E-2
5.220000E-8	4.725518E-2
5.225000E-8	4.725689E-2
5.230000E-8	4.728087E-2
5.235000E-8	4.730485E-2
5.240000E-8	4.735282E-2
5.245000E-8	4.745388E-2
5.250000E-8	4.753439E-2
5.255000E-8	4.759434E-2
5.260000E-8	4.770740E-2
5.265000E-8	4.783929E-2
5.270000E-8	4.790952E-2
5.275000E-8	4.795064E-2
5.280000E-8	4.798661E-2
5.285000E-8	4.797290E-2
5.290000E-8	4.791638E-2
5.295000E-8	4.785471E-2
5.300000E-8	4.778962E-2
5.305000E-8	4.770740E-2
5.310000E-8	4.763717E-2
5.315000E-8	4.757036E-2
5.320000E-8	4.748643E-2
5.325000E-8	4.739907E-2
5.330000E-8	4.730485E-2
5.335000E-8	4.722777E-2
5.340000E-8	4.717810E-2
5.345000E-8	4.715583E-2
5.350000E-8	4.714555E-2
5.355000E-8	4.713870E-2
5.360000E-8	4.713527E-2
5.365000E-8	4.713013E-2
5.370000E-8	4.712671E-2
5.375000E-8	4.715069E-2
5.380000E-8	4.718495E-2
5.385000E-8	4.724319E-2
5.390000E-8	4.729115E-2
5.395000E-8	4.732541E-2
5.400000E-8	4.740934E-2
5.405000E-8	4.750527E-2
5.410000E-8	4.753610E-2
5.415000E-8	4.752069E-2
5.420000E-8	4.750527E-2
5.425000E-8	4.746073E-2
5.430000E-8	4.735967E-2
5.435000E-8	4.723291E-2
5.440000E-8	4.713698E-2
5.445000E-8	4.704277E-2
5.450000E-8	4.693143E-2
5.455000E-8	4.681495E-2
5.460000E-8	4.673958E-2
5.465000E-8	4.671389E-2
5.470000E-8	4.672930E-2
5.475000E-8	4.677213E-2
5.480000E-8	4.683379E-2
5.485000E-8	4.687662E-2
5.490000E-8	4.686805E-2
5.495000E-8	4.683037E-2
5.500000E-8	4.681152E-2
5.505000E-8	4.680639E-2
5.510000E-8	4.675671E-2
5.515000E-8	4.670018E-2
5.520000E-8	4.667449E-2
5.525000E-8	4.665393E-2
5.530000E-8	4.659227E-2
5.535000E-8	4.653403E-2
5.540000E-8	4.651861E-2
5.545000E-8	4.655972E-2
5.550000E-8	4.661453E-2
5.555000E-8	4.666250E-2
5.560000E-8	4.671389E-2
5.565000E-8	4.680467E-2
5.570000E-8	4.690745E-2
5.575000E-8	4.696226E-2
5.580000E-8	4.700680E-2
5.585000E-8	4.705819E-2
5.590000E-8	4.709759E-2
5.595000E-8	4.709073E-2
5.600000E-8	4.708731E-2
5.605000E-8	4.706675E-2
5.610000E-8	4.699138E-2
5.615000E-8	4.691087E-2
5.620000E-8	4.685263E-2
5.625000E-8	4.681324E-2
5.630000E-8	4.679782E-2
5.635000E-8	4.683037E-2
5.640000E-8	4.685435E-2
5.645000E-8	4.683208E-2
5.650000E-8	4.679953E-2
5.655000E-8	4.675671E-2
5.660000E-8	4.667963E-2
5.665000E-8	4.663166E-2
5.670000E-8	4.660254E-2
5.675000E-8	4.657000E-2
5.680000E-8	4.656315E-2
5.685000E-8	4.659912E-2
5.690000E-8	4.668305E-2
5.695000E-8	4.676014E-2
5.700000E-8	4.681495E-2
5.705000E-8	4.686120E-2
5.710000E-8	4.689888E-2
5.715000E-8	4.689546E-2
5.720000E-8	4.685777E-2
5.725000E-8	4.682523E-2
5.730000E-8	4.680639E-2
5.735000E-8	4.679268E-2
5.740000E-8	4.677213E-2
5.745000E-8	4.675671E-2
5.750000E-8	4.672588E-2
5.755000E-8	4.666250E-2
5.760000E-8	4.658884E-2
5.765000E-8	4.650148E-2
5.770000E-8	4.640727E-2
5.775000E-8	4.629250E-2
5.780000E-8	4.618116E-2
5.785000E-8	4.609551E-2
5.790000E-8	4.608181E-2
5.795000E-8	4.611949E-2
5.800000E-8	4.620171E-2
5.805000E-8	4.629764E-2
5.810000E-8	4.636616E-2
5.815000E-8	4.638329E-2
5.820000E-8	4.640384E-2
5.825000E-8	4.645352E-2
5.830000E-8	4.647921E-2
5.835000E-8	4.642611E-2
5.840000E-8	4.636616E-2
5.845000E-8	4.636616E-2
5.850000E-8	4.639014E-2
5.855000E-8	4.639528E-2
5.860000E-8	4.639870E-2
5.865000E-8	4.640213E-2
5.870000E-8	4.635759E-2
5.875000E-8	4.627366E-2
5.880000E-8	4.620857E-2
5.885000E-8	4.615204E-2
5.890000E-8	4.610408E-2
5.895000E-8	4.604755E-2
5.900000E-8	4.599959E-2
5.905000E-8	4.601500E-2
5.910000E-8	4.608352E-2
5.915000E-8	4.611435E-2
5.920000E-8	4.609208E-2
5.925000E-8	4.608009E-2
5.930000E-8	4.610750E-2
5.935000E-8	4.608866E-2
5.940000E-8	4.602871E-2
5.945000E-8	4.598417E-2
5.950000E-8	4.592079E-2
5.955000E-8	4.583172E-2
5.960000E-8	4.574778E-2
5.965000E-8	4.561246E-2
5.970000E-8	4.541033E-2
5.975000E-8	4.518765E-2
5.980000E-8	4.500094E-2
5.985000E-8	4.483135E-2
5.990000E-8	4.469946E-2
5.995000E-8	4.467890E-2
6.000000E-8	4.474913E-2
6.005000E-8	4.486390E-2
6.010000E-8	4.500607E-2
6.015000E-8	4.515853E-2
6.020000E-8	4.531441E-2
6.025000E-8	4.545658E-2
6.030000E-8	4.556107E-2
6.035000E-8	4.562274E-2
6.040000E-8	4.568783E-2
6.045000E-8	4.574093E-2
6.050000E-8	4.573579E-2
6.055000E-8	4.568954E-2
6.060000E-8	4.563473E-2
6.065000E-8	4.559876E-2
6.070000E-8	4.556278E-2
6.075000E-8	4.552681E-2
6.080000E-8	4.547371E-2
6.085000E-8	4.543603E-2
6.090000E-8	4.544802E-2
6.095000E-8	4.546857E-2
6.100000E-8	4.546515E-2
6.105000E-8	4.546857E-2
6.110000E-8	4.547714E-2
6.115000E-8	4.548399E-2
6.120000E-8	4.549084E-2
6.125000E-8	4.549598E-2
6.130000E-8	4.545658E-2
6.135000E-8	4.537607E-2
6.140000E-8	4.530070E-2
6.145000E-8	4.522876E-2
6.150000E-8	4.514654E-2
6.155000E-8	4.506603E-2
6.160000E-8	4.500950E-2
6.165000E-8	4.498723E-2
6.170000E-8	4.499580E-2
6.175000E-8	4.504376E-2
6.180000E-8	4.512256E-2
6.185000E-8	4.523047E-2
6.190000E-8	4.535038E-2
6.195000E-8	4.542403E-2
6.200000E-8	4.545144E-2
6.205000E-8	4.542575E-2
6.210000E-8	4.540348E-2
6.215000E-8	4.537778E-2
6.220000E-8	4.531954E-2
6.225000E-8	4.522019E-2
6.230000E-8	4.513968E-2
6.235000E-8	4.509857E-2
6.240000E-8	4.507288E-2
6.245000E-8	4.506945E-2
6.250000E-8	4.511056E-2
6.255000E-8	4.516538E-2
6.260000E-8	4.520306E-2
6.265000E-8	4.525445E-2
6.270000E-8	4.532640E-2
6.275000E-8	4.535209E-2
6.280000E-8	4.531098E-2
6.285000E-8	4.523047E-2
6.290000E-8	4.514140E-2
6.295000E-8	4.502492E-2
6.300000E-8	4.489645E-2
6.305000E-8	4.482793E-2
6.310000E-8	4.482450E-2
6.315000E-8	4.483307E-2
6.320000E-8	4.483478E-2
6.325000E-8	4.487589E-2
6.330000E-8	4.495469E-2
6.335000E-8	4.503519E-2
6.340000E-8	4.512769E-2
6.345000E-8	4.524075E-2
6.350000E-8	4.533667E-2
6.355000E-8	4.540005E-2
6.360000E-8	4.544459E-2
6.365000E-8	4.544973E-2
6.370000E-8	4.536579E-2
6.375000E-8	4.522019E-2
6.380000E-8	4.504547E-2
6.385000E-8	4.487589E-2
6.390000E-8	4.472686E-2
6.395000E-8	4.462237E-2
6.400000E-8	4.456585E-2
6.405000E-8	4.452474E-2
6.410000E-8	4.448534E-2
6.415000E-8	4.443566E-2
6.420000E-8	4.443224E-2
6.425000E-8	4.451960E-2
6.430000E-8	4.465835E-2
6.435000E-8	4.479538E-2
6.440000E-8	4.491015E-2
6.445000E-8	4.502663E-2
6.450000E-8	4.509343E-2
6.455000E-8	4.507631E-2
6.460000E-8	4.499066E-2
6.465000E-8	4.488617E-2
6.470000E-8	4.476284E-2
6.475000E-8	4.465321E-2
6.480000E-8	4.457612E-2
6.485000E-8	4.453330E-2
6.490000E-8	4.450589E-2
6.495000E-8	4.448020E-2
6.500000E-8	4.448362E-2
6.505000E-8	4.448876E-2
6.510000E-8	4.446307E-2
6.515000E-8	4.445108E-2
6.520000E-8	4.450075E-2
6.525000E-8	4.459154E-2
6.530000E-8	4.467034E-2
6.535000E-8	4.474913E-2
6.540000E-8	4.482621E-2
6.545000E-8	4.489473E-2
6.550000E-8	4.494783E-2
6.555000E-8	4.495982E-2
6.560000E-8	4.493927E-2
6.565000E-8	4.492214E-2
6.570000E-8	4.492043E-2
6.575000E-8	4.490158E-2
6.580000E-8	4.487418E-2
6.585000E-8	4.486047E-2
6.590000E-8	4.483649E-2
6.595000E-8	4.478168E-2
6.600000E-8	4.472344E-2
6.605000E-8	4.472344E-2
6.610000E-8	4.470973E-2
6.615000E-8	4.468575E-2
6.620000E-8	4.468575E-2
6.625000E-8	4.469774E-2
6.630000E-8	4.466862E-2
6.635000E-8	4.458640E-2
6.640000E-8	4.450418E-2
6.645000E-8	4.444765E-2
6.650000E-8	4.441511E-2
6.655000E-8	4.439969E-2
6.660000E-8	4.436886E-2
6.665000E-8	4.430890E-2
6.670000E-8	4.426437E-2
6.675000E-8	4.421469E-2
6.680000E-8	4.409821E-2
6.685000E-8	4.394747E-2
6.690000E-8	4.382756E-2
6.695000E-8	4.378303E-2
6.700000E-8	4.378132E-2
6.705000E-8	4.380530E-2
6.710000E-8	4.383270E-2
6.715000E-8	4.383784E-2
6.720000E-8	4.381900E-2
6.725000E-8	4.380016E-2
6.730000E-8	4.377446E-2
6.735000E-8	4.374363E-2
6.740000E-8	4.372136E-2
6.745000E-8	4.371451E-2
6.750000E-8	4.371280E-2
6.755000E-8	4.370423E-2
6.760000E-8	4.370937E-2
6.765000E-8	4.373335E-2
6.770000E-8	4.376761E-2
6.775000E-8	4.380358E-2
6.780000E-8	4.384469E-2
6.785000E-8	4.388409E-2
6.790000E-8	4.394062E-2
6.795000E-8	4.403826E-2
6.800000E-8	4.416159E-2
6.805000E-8	4.428321E-2
6.810000E-8	4.439969E-2
6.815000E-8	4.449390E-2
6.820000E-8	4.452816E-2
6.825000E-8	4.449904E-2
6.830000E-8	4.439455E-2
6.835000E-8	4.421640E-2
6.840000E-8	4.401428E-2
6.845000E-8	4.386525E-2
6.850000E-8	4.376419E-2
6.855000E-8	4.369567E-2
6.860000E-8	4.365798E-2
6.865000E-8	4.368882E-2
6.870000E-8	4.376932E-2
6.875000E-8	4.387553E-2
6.880000E-8	4.399030E-2
6.885000E-8	4.412391E-2
6.890000E-8	4.423867E-2
6.895000E-8	4.435344E-2
6.900000E-8	4.443738E-2
6.905000E-8	4.444423E-2
6.910000E-8	4.436201E-2
6.915000E-8	4.426608E-2
6.920000E-8	4.414275E-2
6.925000E-8	4.398002E-2
6.930000E-8	4.381044E-2
6.935000E-8	4.367169E-2
6.940000E-8	4.353636E-2
6.945000E-8	4.341303E-2
6.950000E-8	4.335822E-2
6.955000E-8	4.336507E-2
6.960000E-8	4.339590E-2
6.965000E-8	4.344558E-2
6.970000E-8	4.351752E-2
6.975000E-8	4.360146E-2
6.980000E-8	4.369053E-2
6.985000E-8	4.377789E-2
6.990000E-8	4.387039E-2
6.995000E-8	4.394405E-2
7.000000E-8	4.399543E-2
7.005000E-8	4.404511E-2
7.010000E-8	4.408108E-2
7.015000E-8	4.403826E-2
7.020000E-8	4.395604E-2
7.025000E-8	4.387210E-2
7.030000E-8	4.378645E-2
7.035000E-8	4.371622E-2
7.040000E-8	4.367854E-2
7.045000E-8	4.364771E-2
7.050000E-8	4.360146E-2
7.055000E-8	4.351410E-2
7.060000E-8	4.343701E-2
7.065000E-8	4.339076E-2
7.070000E-8	4.336336E-2
7.075000E-8	4.335650E-2
7.080000E-8	4.337021E-2
7.085000E-8	4.344044E-2
7.090000E-8	4.352095E-2
7.095000E-8	4.356891E-2
7.100000E-8	4.357234E-2
7.105000E-8	4.355521E-2
7.110000E-8	4.351923E-2
7.115000E-8	4.346785E-2
7.120000E-8	4.339248E-2
7.125000E-8	4.330683E-2
7.130000E-8	4.322632E-2
7.135000E-8	4.314924E-2
7.140000E-8	4.307901E-2
7.145000E-8	4.302419E-2
7.150000E-8	4.301391E-2
7.155000E-8	4.302762E-2
7.160000E-8	4.302077E-2
7.165000E-8	4.302933E-2
7.170000E-8	4.305502E-2
7.175000E-8	4.307387E-2
7.180000E-8	4.310127E-2
7.185000E-8	4.315095E-2
7.190000E-8	4.321090E-2
7.195000E-8	4.323146E-2
7.200000E-8	4.321947E-2
7.205000E-8	4.318350E-2
7.210000E-8	4.311840E-2
7.215000E-8	4.301905E-2
7.220000E-8	4.290257E-2
7.225000E-8	4.279979E-2
7.230000E-8	4.273299E-2
7.235000E-8	4.266790E-2
7.240000E-8	4.261994E-2
7.245000E-8	4.261137E-2
7.250000E-8	4.263364E-2
7.255000E-8	4.266105E-2
7.260000E-8	4.268160E-2
7.265000E-8	4.275183E-2
7.270000E-8	4.287859E-2
7.275000E-8	4.300706E-2
7.280000E-8	4.311326E-2
7.285000E-8	4.322118E-2
7.290000E-8	4.332224E-2
7.295000E-8	4.332738E-2
7.300000E-8	4.327599E-2
7.305000E-8	4.323317E-2
7.310000E-8	4.318863E-2
7.315000E-8	4.308928E-2
7.320000E-8	4.297452E-2
7.325000E-8	4.287174E-2
7.330000E-8	4.278952E-2
7.335000E-8	4.272100E-2
7.340000E-8	4.266790E-2
7.345000E-8	4.262336E-2
7.350000E-8	4.261137E-2
7.355000E-8	4.264734E-2
7.360000E-8	4.270044E-2
7.365000E-8	4.274841E-2
7.370000E-8	4.278780E-2
7.375000E-8	4.283919E-2
7.380000E-8	4.291285E-2
7.385000E-8	4.298137E-2
7.390000E-8	4.302590E-2
7.395000E-8	4.305674E-2
7.400000E-8	4.304817E-2
7.405000E-8	4.299507E-2
7.410000E-8	4.291970E-2
7.415000E-8	4.286146E-2
7.420000E-8	4.282206E-2
7.425000E-8	4.274155E-2
7.430000E-8	4.265762E-2
7.435000E-8	4.259595E-2
7.440000E-8	4.253086E-2
7.445000E-8	4.244179E-2
7.450000E-8	4.236128E-2
7.455000E-8	4.231332E-2
7.460000E-8	4.227735E-2
7.465000E-8	4.223623E-2
7.470000E-8	4.224994E-2
7.475000E-8	4.230475E-2
7.480000E-8	4.235957E-2
7.485000E-8	4.240410E-2
7.490000E-8	4.242295E-2
7.495000E-8	4.242123E-2
7.500000E-8	4.240410E-2
7.505000E-8	4.238355E-2
7.510000E-8	4.235271E-2
7.515000E-8	4.227906E-2
7.520000E-8	4.219684E-2
7.525000E-8	4.215401E-2
7.530000E-8	4.214716E-2
7.535000E-8	4.215230E-2
7.540000E-8	4.213346E-2
7.545000E-8	4.213346E-2
7.550000E-8	4.212489E-2
7.555000E-8	4.208549E-2
7.560000E-8	4.203239E-2
7.565000E-8	4.200670E-2
7.570000E-8	4.202040E-2
7.575000E-8	4.203582E-2
7.580000E-8	4.207008E-2
7.585000E-8	4.214716E-2
7.590000E-8	4.225508E-2
7.595000E-8	4.235957E-2
7.600000E-8	4.242123E-2
7.605000E-8	4.244864E-2
7.610000E-8	4.241609E-2
7.615000E-8	4.234586E-2
7.620000E-8	4.226535E-2
7.625000E-8	4.218485E-2
7.630000E-8	4.208892E-2
7.635000E-8	4.199300E-2
7.640000E-8	4.193476E-2
7.645000E-8	4.192790E-2
7.650000E-8	4.194332E-2
7.655000E-8	4.194161E-2
7.660000E-8	4.193818E-2
7.665000E-8	4.193647E-2
7.670000E-8	4.191420E-2
7.675000E-8	4.185082E-2
7.680000E-8	4.179601E-2
7.685000E-8	4.176346E-2
7.690000E-8	4.169837E-2
7.695000E-8	4.158017E-2
7.700000E-8	4.147055E-2
7.705000E-8	4.137805E-2
7.710000E-8	4.128383E-2
7.715000E-8	4.121703E-2
7.720000E-8	4.120161E-2
7.725000E-8	4.122388E-2
7.730000E-8	4.125814E-2
7.735000E-8	4.131467E-2
7.740000E-8	4.138832E-2
7.745000E-8	4.144999E-2
7.750000E-8	4.146883E-2
7.755000E-8	4.147226E-2
7.760000E-8	4.149281E-2
7.765000E-8	4.150480E-2
7.770000E-8	4.148939E-2
7.775000E-8	4.145170E-2
7.780000E-8	4.143971E-2
7.785000E-8	4.143286E-2
7.790000E-8	4.139004E-2
7.795000E-8	4.131809E-2
7.800000E-8	4.129240E-2
7.805000E-8	4.131638E-2
7.810000E-8	4.133694E-2
7.815000E-8	4.131981E-2
7.820000E-8	4.132837E-2
7.825000E-8	4.137976E-2
7.830000E-8	4.142772E-2
7.835000E-8	4.144999E-2
7.840000E-8	4.147740E-2
7.845000E-8	4.151166E-2
7.850000E-8	4.151680E-2
7.855000E-8	4.149795E-2
7.860000E-8	4.148082E-2
7.865000E-8	4.146712E-2
7.870000E-8	4.143800E-2
7.875000E-8	4.141744E-2
7.880000E-8	4.141231E-2
7.885000E-8	4.141573E-2
7.890000E-8	4.141573E-2
7.895000E-8	4.139518E-2
7.900000E-8	4.135064E-2
7.905000E-8	4.130782E-2
7.910000E-8	4.124786E-2
7.915000E-8	4.116564E-2
7.920000E-8	4.111425E-2
7.925000E-8	4.111254E-2
7.930000E-8	4.112796E-2
7.935000E-8	4.113995E-2
7.940000E-8	4.112624E-2
7.945000E-8	4.108342E-2
7.950000E-8	4.104231E-2
7.955000E-8	4.103374E-2
7.960000E-8	4.105430E-2
7.965000E-8	4.109712E-2
7.970000E-8	4.115708E-2
7.975000E-8	4.122388E-2
7.980000E-8	4.125643E-2
7.985000E-8	4.128041E-2
7.990000E-8	4.129925E-2
7.995000E-8	4.133522E-2
8.000000E-8	4.139004E-2
8.005000E-8	4.145684E-2
8.010000E-8	4.149281E-2
8.015000E-8	4.148596E-2
8.020000E-8	4.148596E-2
8.025000E-8	4.148596E-2
8.030000E-8	4.145170E-2
8.035000E-8	4.143457E-2
8.040000E-8	4.143457E-2
8.045000E-8	4.139860E-2
8.050000E-8	4.133180E-2
8.055000E-8	4.128383E-2
8.060000E-8	4.121532E-2
8.065000E-8	4.109027E-2
8.070000E-8	4.094810E-2
8.075000E-8	4.084532E-2
8.080000E-8	4.076652E-2
8.085000E-8	4.069458E-2
8.090000E-8	4.065176E-2
8.095000E-8	4.065004E-2
8.100000E-8	4.067574E-2
8.105000E-8	4.073398E-2
8.110000E-8	4.077166E-2
8.115000E-8	4.078879E-2
8.120000E-8	4.083847E-2
8.125000E-8	4.092411E-2
8.130000E-8	4.098921E-2
8.135000E-8	4.100291E-2
8.140000E-8	4.101833E-2
8.145000E-8	4.102689E-2
8.150000E-8	4.098235E-2
8.155000E-8	4.088814E-2
8.160000E-8	4.077509E-2
8.165000E-8	4.064833E-2
8.170000E-8	4.050958E-2
8.175000E-8	4.037083E-2
8.180000E-8	4.029717E-2
8.185000E-8	4.031259E-2
8.190000E-8	4.039310E-2
8.195000E-8	4.050444E-2
8.200000E-8	4.064662E-2
8.205000E-8	4.079564E-2
8.210000E-8	4.090527E-2
8.215000E-8	4.099606E-2
8.220000E-8	4.107828E-2
8.225000E-8	4.110740E-2
8.230000E-8	4.104402E-2
8.235000E-8	4.093611E-2
8.240000E-8	4.081277E-2
8.245000E-8	4.067745E-2
8.250000E-8	4.057296E-2
8.255000E-8	4.050787E-2
8.260000E-8	4.046504E-2
8.265000E-8	4.048389E-2
8.270000E-8	4.053870E-2
8.275000E-8	4.056268E-2
8.280000E-8	4.059352E-2
8.285000E-8	4.065689E-2
8.290000E-8	4.068944E-2
8.295000E-8	4.066717E-2
8.300000E-8	4.067231E-2
8.305000E-8	4.068944E-2
8.310000E-8	4.065861E-2
8.315000E-8	4.060893E-2
8.320000E-8	4.058495E-2
8.325000E-8	4.055412E-2
8.330000E-8	4.054555E-2
8.335000E-8	4.058666E-2
8.340000E-8	4.064490E-2
8.345000E-8	4.066375E-2
8.350000E-8	4.067574E-2
8.355000E-8	4.067060E-2
8.360000E-8	4.060379E-2
8.365000E-8	4.050787E-2
8.370000E-8	4.040852E-2
8.375000E-8	4.026463E-2
8.380000E-8	4.014644E-2
8.385000E-8	4.010532E-2
8.390000E-8	4.011046E-2
8.395000E-8	4.012931E-2
8.400000E-8	4.022694E-2
8.405000E-8	4.038796E-2
8.410000E-8	4.053014E-2
8.415000E-8	4.064148E-2
8.420000E-8	4.078023E-2
8.425000E-8	4.089842E-2
8.430000E-8	4.094638E-2
8.435000E-8	4.093782E-2
8.440000E-8	4.087786E-2
8.445000E-8	4.072370E-2
8.450000E-8	4.050444E-2
8.455000E-8	4.029032E-2
8.460000E-8	4.009333E-2
8.465000E-8	3.991519E-2
8.470000E-8	3.977301E-2
8.475000E-8	3.967195E-2
8.480000E-8	3.959658E-2
8.485000E-8	3.954690E-2
8.490000E-8	3.953149E-2
8.495000E-8	3.954519E-2
8.500000E-8	3.959658E-2
8.505000E-8	3.969764E-2
8.510000E-8	3.983297E-2
8.515000E-8	3.996486E-2
8.520000E-8	4.007449E-2
8.525000E-8	4.017042E-2
8.530000E-8	4.025778E-2
8.535000E-8	4.030403E-2
8.540000E-8	4.029717E-2
8.545000E-8	4.022694E-2
8.550000E-8	4.012074E-2
8.555000E-8	4.001283E-2
8.560000E-8	3.992718E-2
8.565000E-8	3.985866E-2
8.570000E-8	3.981755E-2
8.575000E-8	3.981241E-2
8.580000E-8	3.985352E-2
8.585000E-8	3.990148E-2
8.590000E-8	3.994088E-2
8.595000E-8	3.995801E-2
8.600000E-8	3.998370E-2
8.605000E-8	4.000083E-2
8.610000E-8	3.998713E-2
8.615000E-8	3.994602E-2
8.620000E-8	3.990662E-2
8.625000E-8	3.987579E-2
8.630000E-8	3.981584E-2
8.635000E-8	3.976273E-2
8.640000E-8	3.972848E-2
8.645000E-8	3.969593E-2
8.650000E-8	3.966852E-2
8.655000E-8	3.967709E-2
8.660000E-8	3.971135E-2
8.665000E-8	3.977815E-2
8.670000E-8	3.987065E-2
8.675000E-8	3.994259E-2
8.680000E-8	3.998370E-2
8.685000E-8	4.002310E-2
8.690000E-8	4.004708E-2
8.695000E-8	3.999398E-2
8.700000E-8	3.987922E-2
8.705000E-8	3.974903E-2
8.710000E-8	3.961542E-2
8.715000E-8	3.950237E-2
8.720000E-8	3.943727E-2
8.725000E-8	3.939788E-2
8.730000E-8	3.937047E-2
8.735000E-8	3.935848E-2
8.740000E-8	3.934306E-2
8.745000E-8	3.931737E-2
8.750000E-8	3.931737E-2
8.755000E-8	3.933792E-2
8.760000E-8	3.935334E-2
8.765000E-8	3.935848E-2
8.770000E-8	3.938589E-2
8.775000E-8	3.940301E-2
8.780000E-8	3.938075E-2
8.785000E-8	3.932593E-2
8.790000E-8	3.928311E-2
8.795000E-8	3.927797E-2
8.800000E-8	3.928996E-2
8.805000E-8	3.932079E-2
8.810000E-8	3.937218E-2
8.815000E-8	3.944070E-2
8.820000E-8	3.949723E-2
8.825000E-8	3.955889E-2
8.830000E-8	3.964797E-2
8.835000E-8	3.973533E-2
8.840000E-8	3.977986E-2
8.845000E-8	3.981241E-2
8.850000E-8	3.983125E-2
8.855000E-8	3.981755E-2
8.860000E-8	3.978843E-2
8.865000E-8	3.976102E-2
8.870000E-8	3.971135E-2
8.875000E-8	3.963084E-2
8.880000E-8	3.955718E-2
8.885000E-8	3.952121E-2
8.890000E-8	3.950408E-2
8.895000E-8	3.949380E-2
8.900000E-8	3.945098E-2
8.905000E-8	3.936190E-2
8.910000E-8	3.923857E-2
8.915000E-8	3.913066E-2
8.920000E-8	3.904158E-2
8.925000E-8	3.894737E-2
8.930000E-8	3.887029E-2
8.935000E-8	3.882575E-2
8.940000E-8	3.878464E-2
8.945000E-8	3.875895E-2
8.950000E-8	3.877265E-2
8.955000E-8	3.883089E-2
8.960000E-8	3.888742E-2
8.965000E-8	3.894908E-2
8.970000E-8	3.902959E-2
8.975000E-8	3.911353E-2
8.980000E-8	3.920603E-2
8.985000E-8	3.928825E-2
8.990000E-8	3.936533E-2
8.995000E-8	3.941158E-2
9.000000E-8	3.940987E-2
9.005000E-8	3.935163E-2
9.010000E-8	3.927454E-2
9.015000E-8	3.920431E-2
9.020000E-8	3.913237E-2
9.025000E-8	3.902788E-2
9.030000E-8	3.892681E-2
9.035000E-8	3.885658E-2
9.040000E-8	3.881547E-2
9.045000E-8	3.876922E-2
9.050000E-8	3.873154E-2
9.055000E-8	3.874010E-2
9.060000E-8	3.878464E-2
9.065000E-8	3.883603E-2
9.070000E-8	3.888913E-2
9.075000E-8	3.894737E-2
9.080000E-8	3.902445E-2
9.085000E-8	3.909297E-2
9.090000E-8	3.913066E-2
9.095000E-8	3.912723E-2
9.100000E-8	3.910667E-2
9.105000E-8	3.906899E-2
9.110000E-8	3.902445E-2
9.115000E-8	3.896793E-2
9.120000E-8	3.893195E-2
9.125000E-8	3.888742E-2
9.130000E-8	3.884802E-2
9.135000E-8	3.882404E-2
9.140000E-8	3.882575E-2
9.145000E-8	3.884973E-2
9.150000E-8	3.888742E-2
9.155000E-8	3.891996E-2
9.160000E-8	3.896450E-2
9.165000E-8	3.901075E-2
9.170000E-8	3.903473E-2
9.175000E-8	3.904330E-2
9.180000E-8	3.903987E-2
9.185000E-8	3.901760E-2
9.190000E-8	3.897135E-2
9.195000E-8	3.894566E-2
9.200000E-8	3.892681E-2
9.205000E-8	3.889769E-2
9.210000E-8	3.887371E-2
9.215000E-8	3.886515E-2
9.220000E-8	3.881719E-2
9.225000E-8	3.873496E-2
9.230000E-8	3.867844E-2
9.235000E-8	3.863561E-2
9.240000E-8	3.858594E-2
9.245000E-8	3.852941E-2
9.250000E-8	3.848316E-2
9.255000E-8	3.845747E-2
9.260000E-8	3.843691E-2
9.265000E-8	3.842321E-2
9.270000E-8	3.840608E-2
9.275000E-8	3.839237E-2
9.280000E-8	3.838552E-2
9.285000E-8	3.836154E-2
9.290000E-8	3.834441E-2
9.295000E-8	3.835469E-2
9.300000E-8	3.839923E-2
9.305000E-8	3.843006E-2
9.310000E-8	3.843862E-2
9.315000E-8	3.844205E-2
9.320000E-8	3.844034E-2
9.325000E-8	3.841122E-2
9.330000E-8	3.837696E-2
9.335000E-8	3.833756E-2
9.340000E-8	3.829131E-2
9.345000E-8	3.826219E-2
9.350000E-8	3.826733E-2
9.355000E-8	3.825705E-2
9.360000E-8	3.823821E-2
9.365000E-8	3.824506E-2
9.370000E-8	3.825705E-2
9.375000E-8	3.824506E-2
9.380000E-8	3.821423E-2
9.385000E-8	3.816969E-2
9.390000E-8	3.810802E-2
9.395000E-8	3.803265E-2
9.400000E-8	3.796242E-2
9.405000E-8	3.789733E-2
9.410000E-8	3.784080E-2
9.415000E-8	3.777057E-2
9.420000E-8	3.768150E-2
9.425000E-8	3.762669E-2
9.430000E-8	3.765238E-2
9.435000E-8	3.771062E-2
9.440000E-8	3.777229E-2
9.445000E-8	3.785622E-2
9.450000E-8	3.794701E-2
9.455000E-8	3.801553E-2
9.460000E-8	3.805664E-2
9.465000E-8	3.809432E-2
9.470000E-8	3.811316E-2
9.475000E-8	3.811316E-2
9.480000E-8	3.809603E-2
9.485000E-8	3.806178E-2
9.490000E-8	3.801895E-2
9.495000E-8	3.799497E-2
9.500000E-8	3.797784E-2
9.505000E-8	3.796928E-2
9.510000E-8	3.797613E-2
9.515000E-8	3.799326E-2
9.520000E-8	3.800353E-2
9.525000E-8	3.801895E-2
9.530000E-8	3.803437E-2
9.535000E-8	3.805321E-2
9.540000E-8	3.807890E-2
9.545000E-8	3.812687E-2
9.550000E-8	3.816455E-2
9.555000E-8	3.819367E-2
9.560000E-8	3.822622E-2
9.565000E-8	3.823992E-2
9.570000E-8	3.824163E-2
9.575000E-8	3.828446E-2
9.580000E-8	3.836668E-2
9.585000E-8	3.842492E-2
9.590000E-8	3.842663E-2
9.595000E-8	3.840094E-2
9.600000E-8	3.837867E-2
9.605000E-8	3.833585E-2
9.610000E-8	3.823821E-2
9.615000E-8	3.810631E-2
9.620000E-8	3.796414E-2
9.625000E-8	3.783567E-2
9.630000E-8	3.771747E-2
9.635000E-8	3.762669E-2
9.640000E-8	3.759585E-2
9.645000E-8	3.760270E-2
9.650000E-8	3.760784E-2
9.655000E-8	3.760784E-2
9.660000E-8	3.764382E-2
9.665000E-8	3.769520E-2
9.670000E-8	3.772261E-2
9.675000E-8	3.776030E-2
9.680000E-8	3.780997E-2
9.685000E-8	3.782710E-2
9.690000E-8	3.780655E-2
9.695000E-8	3.778770E-2
9.700000E-8	3.776886E-2
9.705000E-8	3.772946E-2
9.710000E-8	3.768321E-2
9.715000E-8	3.765581E-2
9.720000E-8	3.763182E-2
9.725000E-8	3.762840E-2
9.730000E-8	3.765067E-2
9.735000E-8	3.764382E-2
9.740000E-8	3.760956E-2
9.745000E-8	3.758557E-2
9.750000E-8	3.755817E-2
9.755000E-8	3.751363E-2
9.760000E-8	3.748622E-2
9.765000E-8	3.751706E-2
9.770000E-8	3.755645E-2
9.775000E-8	3.759071E-2
9.780000E-8	3.761812E-2
9.785000E-8	3.764895E-2
9.790000E-8	3.769520E-2
9.795000E-8	3.776372E-2
9.800000E-8	3.781682E-2
9.805000E-8	3.782539E-2
9.810000E-8	3.780826E-2
9.815000E-8	3.778599E-2
9.820000E-8	3.774317E-2
9.825000E-8	3.769006E-2
9.830000E-8	3.763011E-2
9.835000E-8	3.755132E-2
9.840000E-8	3.746224E-2
9.845000E-8	3.737660E-2
9.850000E-8	3.732349E-2
9.855000E-8	3.730808E-2
9.860000E-8	3.732349E-2
9.865000E-8	3.735433E-2
9.870000E-8	3.738859E-2
9.875000E-8	3.742284E-2
9.880000E-8	3.746224E-2
9.885000E-8	3.750335E-2
9.890000E-8	3.753419E-2
9.895000E-8	3.752733E-2
9.900000E-8	3.748965E-2
9.905000E-8	3.744340E-2
9.910000E-8	3.738687E-2
9.915000E-8	3.728752E-2
9.920000E-8	3.715049E-2
9.925000E-8	3.700831E-2
9.930000E-8	3.686271E-2
9.935000E-8	3.671711E-2
9.940000E-8	3.662118E-2
9.945000E-8	3.658179E-2
9.950000E-8	3.661262E-2
9.955000E-8	3.668970E-2
9.960000E-8	3.678905E-2
9.965000E-8	3.687641E-2
9.970000E-8	3.695350E-2
9.975000E-8	3.704428E-2
9.980000E-8	3.711451E-2
9.985000E-8	3.717104E-2
9.990000E-8	3.721215E-2
9.995000E-8	3.726697E-2
1.000000E-7	3.731493E-2
1.000500E-7	3.734576E-2
1.001000E-7	3.736632E-2
1.001500E-7	3.736803E-2
1.002000E-7	3.735604E-2
1.002500E-7	3.732349E-2
1.003000E-7	3.725498E-2
1.003500E-7	3.717447E-2
1.004000E-7	3.709567E-2
1.004500E-7	3.703914E-2
1.005000E-7	3.699803E-2
1.005500E-7	3.695692E-2
1.006000E-7	3.692780E-2
1.006500E-7	3.688669E-2
1.007000E-7	3.682331E-2
1.007500E-7	3.673253E-2
1.008000E-7	3.666572E-2
1.008500E-7	3.663831E-2
1.009000E-7	3.660919E-2
1.009500E-7	3.659035E-2
1.010000E-7	3.662461E-2
1.010500E-7	3.669484E-2
1.011000E-7	3.675137E-2
1.011500E-7	3.679762E-2
1.012000E-7	3.681475E-2
1.012500E-7	3.681646E-2
1.013000E-7	3.684215E-2
1.013500E-7	3.688840E-2
1.014000E-7	3.693637E-2
1.014500E-7	3.696549E-2
1.015000E-7	3.696035E-2
1.015500E-7	3.691410E-2
1.016000E-7	3.687299E-2
1.016500E-7	3.687984E-2
1.017000E-7	3.688840E-2
1.017500E-7	3.684901E-2
1.018000E-7	3.680276E-2
1.018500E-7	3.678391E-2
1.019000E-7	3.678905E-2
1.019500E-7	3.678905E-2
1.020000E-7	3.677021E-2
1.020500E-7	3.673938E-2
1.021000E-7	3.672225E-2
1.021500E-7	3.671540E-2
1.022000E-7	3.669484E-2
1.022500E-7	3.666915E-2
1.023000E-7	3.664859E-2
1.023500E-7	3.664345E-2
1.024000E-7	3.664517E-2
1.024500E-7	3.666743E-2
1.025000E-7	3.672739E-2
1.025500E-7	3.677535E-2
1.026000E-7	3.678391E-2
1.026500E-7	3.677364E-2
1.027000E-7	3.676336E-2
1.027500E-7	3.674109E-2
1.028000E-7	3.670169E-2
1.028500E-7	3.666401E-2
1.029000E-7	3.661776E-2
1.029500E-7	3.656637E-2
1.030000E-7	3.653554E-2
1.030500E-7	3.654410E-2
1.031000E-7	3.655952E-2
1.031500E-7	3.654924E-2
1.032000E-7	3.653211E-2
1.032500E-7	3.653211E-2
1.033000E-7	3.653382E-2
1.033500E-7	3.653211E-2
1.034000E-7	3.655267E-2
1.034500E-7	3.661776E-2
1.035000E-7	3.667600E-2
1.035500E-7	3.670341E-2
1.036000E-7	3.671368E-2
1.036500E-7	3.674452E-2
1.037000E-7	3.674966E-2
1.037500E-7	3.672225E-2
1.038000E-7	3.670854E-2
1.038500E-7	3.672396E-2
1.039000E-7	3.673424E-2
1.039500E-7	3.672396E-2
1.040000E-7	3.671711E-2
1.040500E-7	3.671711E-2
1.041000E-7	3.669998E-2
1.041500E-7	3.663831E-2
1.042000E-7	3.655267E-2
1.042500E-7	3.645845E-2
1.043000E-7	3.635739E-2
1.043500E-7	3.627174E-2
1.044000E-7	3.621008E-2
1.044500E-7	3.613813E-2
1.045000E-7	3.605420E-2
1.045500E-7	3.598568E-2
1.046000E-7	3.595142E-2
1.046500E-7	3.593258E-2
1.047000E-7	3.592915E-2
1.047500E-7	3.594628E-2
1.048000E-7	3.596341E-2
1.048500E-7	3.596855E-2
1.049000E-7	3.595142E-2
1.049500E-7	3.592230E-2
1.050000E-7	3.590517E-2
1.050500E-7	3.590517E-2
1.051000E-7	3.591545E-2
1.051500E-7	3.592915E-2
1.052000E-7	3.595313E-2
1.052500E-7	3.597711E-2
1.053000E-7	3.598739E-2
1.053500E-7	3.599253E-2
1.054000E-7	3.598054E-2
1.054500E-7	3.595999E-2
1.055000E-7	3.594799E-2
1.055500E-7	3.591716E-2
1.056000E-7	3.582980E-2
1.056500E-7	3.574244E-2
1.057000E-7	3.568763E-2
1.057500E-7	3.563281E-2
1.058000E-7	3.555402E-2
1.058500E-7	3.550605E-2
1.059000E-7	3.549920E-2
1.059500E-7	3.550091E-2
1.060000E-7	3.554031E-2
1.060500E-7	3.559513E-2
1.061000E-7	3.564994E-2
1.061500E-7	3.570647E-2
1.062000E-7	3.578526E-2
1.062500E-7	3.584179E-2
1.063000E-7	3.584350E-2
1.063500E-7	3.581952E-2
1.064000E-7	3.579554E-2
1.064500E-7	3.575957E-2
1.065000E-7	3.569962E-2
1.065500E-7	3.563110E-2
1.066000E-7	3.561740E-2
1.066500E-7	3.563110E-2
1.067000E-7	3.565165E-2
1.067500E-7	3.567564E-2
1.068000E-7	3.568934E-2
1.068500E-7	3.570304E-2
1.069000E-7	3.571161E-2
1.069500E-7	3.570647E-2
1.070000E-7	3.567050E-2
1.070500E-7	3.558999E-2
1.071000E-7	3.549920E-2
1.071500E-7	3.544953E-2
1.072000E-7	3.542726E-2
1.072500E-7	3.540842E-2
1.073000E-7	3.542041E-2
1.073500E-7	3.547522E-2
1.074000E-7	3.550948E-2
1.074500E-7	3.550777E-2
1.075000E-7	3.551119E-2
1.075500E-7	3.553003E-2
1.076000E-7	3.551119E-2
1.076500E-7	3.545295E-2
1.077000E-7	3.537930E-2
1.077500E-7	3.532962E-2
1.078000E-7	3.529365E-2
1.078500E-7	3.525425E-2
1.079000E-7	3.521485E-2
1.079500E-7	3.524055E-2
1.080000E-7	3.533476E-2
1.080500E-7	3.546837E-2
1.081000E-7	3.563966E-2
1.081500E-7	3.583323E-2
1.082000E-7	3.599767E-2
1.082500E-7	3.611586E-2
1.083000E-7	3.620322E-2
1.083500E-7	3.620836E-2
1.084000E-7	3.610901E-2
1.084500E-7	3.595142E-2
1.085000E-7	3.574244E-2
1.085500E-7	3.550434E-2
1.086000E-7	3.528166E-2
1.086500E-7	3.512578E-2
1.087000E-7	3.499731E-2
1.087500E-7	3.490995E-2
1.088000E-7	3.488939E-2
1.088500E-7	3.494763E-2
1.089000E-7	3.504356E-2
1.089500E-7	3.516004E-2
1.090000E-7	3.527994E-2
1.090500E-7	3.538443E-2
1.091000E-7	3.545295E-2
1.091500E-7	3.546494E-2
1.092000E-7	3.546494E-2
1.092500E-7	3.547351E-2
1.093000E-7	3.545467E-2
1.093500E-7	3.540842E-2
1.094000E-7	3.538101E-2
1.094500E-7	3.536217E-2
1.095000E-7	3.532277E-2
1.095500E-7	3.529365E-2
1.096000E-7	3.528166E-2
1.096500E-7	3.525596E-2
1.097000E-7	3.524911E-2
1.097500E-7	3.528851E-2
1.098000E-7	3.531078E-2
1.098500E-7	3.530735E-2
1.099000E-7	3.532277E-2
1.099500E-7	3.536559E-2
1.100000E-7	3.541698E-2
1.100500E-7	3.546152E-2
1.101000E-7	3.548550E-2
1.101500E-7	3.546837E-2
1.102000E-7	3.543754E-2
1.102500E-7	3.541527E-2
1.103000E-7	3.538786E-2
1.103500E-7	3.534675E-2
1.104000E-7	3.527994E-2
1.104500E-7	3.523541E-2
1.105000E-7	3.522170E-2
1.105500E-7	3.521485E-2
1.106000E-7	3.519258E-2
1.106500E-7	3.519772E-2
1.107000E-7	3.522513E-2
1.107500E-7	3.524740E-2
1.108000E-7	3.528166E-2
1.108500E-7	3.532448E-2
1.109000E-7	3.533305E-2
1.109500E-7	3.531420E-2
1.110000E-7	3.533133E-2
1.110500E-7	3.538957E-2
1.111000E-7	3.541698E-2
1.111500E-7	3.541013E-2
1.112000E-7	3.544781E-2
1.112500E-7	3.547351E-2
1.113000E-7	3.541355E-2
1.113500E-7	3.528508E-2
1.114000E-7	3.518231E-2
1.114500E-7	3.510694E-2
1.115000E-7	3.499559E-2
1.115500E-7	3.487226E-2
1.116000E-7	3.476949E-2
1.116500E-7	3.469069E-2
1.117000E-7	3.461189E-2
1.117500E-7	3.455537E-2
1.118000E-7	3.453138E-2
1.118500E-7	3.457421E-2
1.119000E-7	3.468898E-2
1.119500E-7	3.483800E-2
1.120000E-7	3.498018E-2
1.120500E-7	3.510522E-2
1.121000E-7	3.522684E-2
1.121500E-7	3.532962E-2
1.122000E-7	3.539985E-2
1.122500E-7	3.542897E-2
1.123000E-7	3.541184E-2
1.123500E-7	3.536217E-2
1.124000E-7	3.528508E-2
1.124500E-7	3.517545E-2
1.125000E-7	3.505212E-2
1.125500E-7	3.494421E-2
1.126000E-7	3.486370E-2
1.126500E-7	3.481402E-2
1.127000E-7	3.479861E-2
1.127500E-7	3.480374E-2
1.128000E-7	3.483972E-2
1.128500E-7	3.489453E-2
1.129000E-7	3.496305E-2
1.129500E-7	3.502471E-2
1.130000E-7	3.506240E-2
1.130500E-7	3.506925E-2
1.131000E-7	3.502471E-2
1.131500E-7	3.492022E-2
1.132000E-7	3.479175E-2
1.132500E-7	3.467699E-2
1.133000E-7	3.457250E-2
1.133500E-7	3.444574E-2
1.134000E-7	3.431727E-2
1.134500E-7	3.422305E-2
1.135000E-7	3.417509E-2
1.135500E-7	3.415967E-2
1.136000E-7	3.415796E-2
1.136500E-7	3.415967E-2
1.137000E-7	3.417167E-2
1.137500E-7	3.420421E-2
1.138000E-7	3.422819E-2
1.138500E-7	3.423847E-2
1.139000E-7	3.426416E-2
1.139500E-7	3.428643E-2
1.140000E-7	3.426759E-2
1.140500E-7	3.421963E-2
1.141000E-7	3.417338E-2
1.141500E-7	3.412542E-2
1.142000E-7	3.409630E-2
1.142500E-7	3.410657E-2
1.143000E-7	3.412713E-2
1.143500E-7	3.412713E-2
1.144000E-7	3.411171E-2
1.144500E-7	3.408602E-2
1.145000E-7	3.405176E-2
1.145500E-7	3.401921E-2
1.146000E-7	3.403120E-2
1.146500E-7	3.406546E-2
1.147000E-7	3.411343E-2
1.147500E-7	3.418708E-2
1.148000E-7	3.425389E-2
1.148500E-7	3.428815E-2
1.149000E-7	3.432754E-2
1.149500E-7	3.437893E-2
1.150000E-7	3.442004E-2
1.150500E-7	3.443375E-2
1.151000E-7	3.447314E-2
1.151500E-7	3.452282E-2
1.152000E-7	3.454680E-2
1.152500E-7	3.453995E-2
1.153000E-7	3.453138E-2
1.153500E-7	3.453310E-2
1.154000E-7	3.453138E-2
1.154500E-7	3.451254E-2
1.155000E-7	3.445602E-2
1.155500E-7	3.437893E-2
1.156000E-7	3.431384E-2
1.156500E-7	3.425389E-2
1.157000E-7	3.418366E-2
1.157500E-7	3.412542E-2
1.158000E-7	3.411171E-2
1.158500E-7	3.412713E-2
1.159000E-7	3.416481E-2
1.159500E-7	3.423847E-2
1.160000E-7	3.431384E-2
1.160500E-7	3.434467E-2
1.161000E-7	3.432926E-2
1.161500E-7	3.428301E-2
1.162000E-7	3.419907E-2
1.162500E-7	3.409287E-2
1.163000E-7	3.399181E-2
1.163500E-7	3.390102E-2
1.164000E-7	3.381195E-2
1.164500E-7	3.372630E-2
1.165000E-7	3.368519E-2
1.165500E-7	3.369718E-2
1.166000E-7	3.376570E-2
1.166500E-7	3.386505E-2
1.167000E-7	3.396782E-2
1.167500E-7	3.405861E-2
1.168000E-7	3.415625E-2
1.168500E-7	3.424875E-2
1.169000E-7	3.427616E-2
1.169500E-7	3.423333E-2
1.170000E-7	3.415111E-2
1.170500E-7	3.403463E-2
1.171000E-7	3.387533E-2
1.171500E-7	3.371773E-2
1.172000E-7	3.359440E-2
1.172500E-7	3.347278E-2
1.173000E-7	3.338028E-2
1.173500E-7	3.333403E-2
1.174000E-7	3.331348E-2
1.174500E-7	3.328778E-2
1.175000E-7	3.327751E-2
1.175500E-7	3.329292E-2
1.176000E-7	3.332718E-2
1.176500E-7	3.338200E-2
1.177000E-7	3.345223E-2
1.177500E-7	3.349505E-2
1.178000E-7	3.351732E-2
1.178500E-7	3.354986E-2
1.179000E-7	3.356699E-2
1.179500E-7	3.355843E-2
1.180000E-7	3.357042E-2
1.180500E-7	3.360982E-2
1.181000E-7	3.363037E-2
1.181500E-7	3.360639E-2
1.182000E-7	3.357385E-2
1.182500E-7	3.351561E-2
1.183000E-7	3.344537E-2
1.183500E-7	3.337514E-2
1.184000E-7	3.331519E-2
1.184500E-7	3.324153E-2
1.185000E-7	3.315246E-2
1.185500E-7	3.309593E-2
1.186000E-7	3.308737E-2
1.186500E-7	3.311991E-2
1.187000E-7	3.315589E-2
1.187500E-7	3.319015E-2
1.188000E-7	3.323982E-2
1.188500E-7	3.331005E-2
1.189000E-7	3.337857E-2
1.189500E-7	3.345737E-2
1.190000E-7	3.354986E-2
1.190500E-7	3.365264E-2
1.191000E-7	3.371602E-2
1.191500E-7	3.372630E-2
1.192000E-7	3.372459E-2
1.192500E-7	3.369718E-2
1.193000E-7	3.361153E-2
1.193500E-7	3.348649E-2
1.194000E-7	3.335630E-2
1.194500E-7	3.321584E-2
1.195000E-7	3.308223E-2
1.195500E-7	3.296232E-2
1.196000E-7	3.283214E-2
1.196500E-7	3.271052E-2
1.197000E-7	3.267112E-2
1.197500E-7	3.268654E-2
1.198000E-7	3.270538E-2
1.198500E-7	3.278246E-2
1.199000E-7	3.297089E-2
1.199500E-7	3.319186E-2
1.200000E-7	3.339056E-2
1.200500E-7	3.358755E-2
1.201000E-7	3.378454E-2
1.201500E-7	3.391644E-2
1.202000E-7	3.398153E-2
1.202500E-7	3.402606E-2
1.203000E-7	3.403634E-2
1.203500E-7	3.400551E-2
1.204000E-7	3.393014E-2
1.204500E-7	3.383250E-2
1.205000E-7	3.372116E-2
1.205500E-7	3.360297E-2
1.206000E-7	3.347449E-2
1.206500E-7	3.334260E-2
1.207000E-7	3.321413E-2
1.207500E-7	3.310450E-2
1.208000E-7	3.303255E-2
1.208500E-7	3.300343E-2
1.209000E-7	3.302741E-2
1.209500E-7	3.308566E-2
1.210000E-7	3.315760E-2
1.210500E-7	3.323126E-2
1.211000E-7	3.328436E-2
1.211500E-7	3.330491E-2
1.212000E-7	3.328778E-2
1.212500E-7	3.325866E-2
1.213000E-7	3.321413E-2
1.213500E-7	3.315417E-2
1.214000E-7	3.312163E-2
1.214500E-7	3.311991E-2
1.215000E-7	3.312677E-2
1.215500E-7	3.310450E-2
1.216000E-7	3.307538E-2
1.216500E-7	3.307709E-2
1.217000E-7	3.311991E-2
1.217500E-7	3.318329E-2
1.218000E-7	3.324325E-2
1.218500E-7	3.328436E-2
1.219000E-7	3.329121E-2
1.219500E-7	3.327237E-2
1.220000E-7	3.323297E-2
1.220500E-7	3.317130E-2
1.221000E-7	3.310278E-2
1.221500E-7	3.307024E-2
1.222000E-7	3.307195E-2
1.222500E-7	3.307195E-2
1.223000E-7	3.307024E-2
1.223500E-7	3.307024E-2
1.224000E-7	3.307709E-2
1.224500E-7	3.309936E-2
1.225000E-7	3.314047E-2
1.225500E-7	3.316959E-2
1.226000E-7	3.317987E-2
1.226500E-7	3.316102E-2
1.227000E-7	3.311820E-2
1.227500E-7	3.306167E-2
1.228000E-7	3.301542E-2
1.228500E-7	3.296746E-2
1.229000E-7	3.289209E-2
1.229500E-7	3.280302E-2
1.230000E-7	3.273793E-2
1.230500E-7	3.265399E-2
1.231000E-7	3.256492E-2
1.231500E-7	3.252381E-2
1.232000E-7	3.253237E-2
1.232500E-7	3.257006E-2
1.233000E-7	3.264029E-2
1.233500E-7	3.273107E-2
1.234000E-7	3.275506E-2
1.234500E-7	3.272080E-2
1.235000E-7	3.269682E-2
1.235500E-7	3.268311E-2
1.236000E-7	3.261459E-2
1.236500E-7	3.254608E-2
1.237000E-7	3.250839E-2
1.237500E-7	3.247584E-2
1.238000E-7	3.242274E-2
1.238500E-7	3.238163E-2
1.239000E-7	3.237821E-2
1.239500E-7	3.241247E-2
1.240000E-7	3.247927E-2
1.240500E-7	3.254779E-2
1.241000E-7	3.261973E-2
1.241500E-7	3.270709E-2
1.242000E-7	3.278418E-2
1.242500E-7	3.282700E-2
1.243000E-7	3.283214E-2
1.243500E-7	3.279274E-2
1.244000E-7	3.272594E-2
1.244500E-7	3.268654E-2
1.245000E-7	3.266427E-2
1.245500E-7	3.259233E-2
1.246000E-7	3.248612E-2
1.246500E-7	3.241075E-2
1.247000E-7	3.236793E-2
1.247500E-7	3.232511E-2
1.248000E-7	3.229599E-2
1.248500E-7	3.230798E-2
1.249000E-7	3.232511E-2
1.249500E-7	3.232511E-2
1.250000E-7	3.230626E-2
1.250500E-7	3.227029E-2
1.251000E-7	3.222918E-2
1.251500E-7	3.219150E-2
1.252000E-7	3.217608E-2
1.252500E-7	3.219321E-2
1.253000E-7	3.223946E-2
1.253500E-7	3.228399E-2
1.254000E-7	3.230969E-2
1.254500E-7	3.233024E-2
1.255000E-7	3.235765E-2
1.255500E-7	3.237992E-2
1.256000E-7	3.239362E-2
1.256500E-7	3.239362E-2
1.257000E-7	3.236793E-2
1.257500E-7	3.228228E-2
1.258000E-7	3.218293E-2
1.258500E-7	3.209728E-2
1.259000E-7	3.204418E-2
1.259500E-7	3.205103E-2
1.260000E-7	3.212983E-2
1.260500E-7	3.223603E-2
1.261000E-7	3.234052E-2
1.261500E-7	3.246728E-2
1.262000E-7	3.261288E-2
1.262500E-7	3.272765E-2
1.263000E-7	3.281672E-2
1.263500E-7	3.287668E-2
1.264000E-7	3.289380E-2
1.264500E-7	3.284413E-2
1.265000E-7	3.276362E-2
1.265500E-7	3.266598E-2
1.266000E-7	3.254608E-2
1.266500E-7	3.242617E-2
1.267000E-7	3.231483E-2
1.267500E-7	3.222404E-2
1.268000E-7	3.214525E-2
1.268500E-7	3.210756E-2
1.269000E-7	3.213668E-2
1.269500E-7	3.220349E-2
1.270000E-7	3.226687E-2
1.270500E-7	3.231311E-2
1.271000E-7	3.236964E-2
1.271500E-7	3.241760E-2
1.272000E-7	3.245015E-2
1.272500E-7	3.248270E-2
1.273000E-7	3.252209E-2
1.273500E-7	3.252723E-2
1.274000E-7	3.249983E-2
1.274500E-7	3.244844E-2
1.275000E-7	3.236622E-2
1.275500E-7	3.226344E-2
1.276000E-7	3.217094E-2
1.276500E-7	3.210071E-2
1.277000E-7	3.205275E-2
1.277500E-7	3.201335E-2
1.278000E-7	3.197909E-2
1.278500E-7	3.193798E-2
1.279000E-7	3.191228E-2
1.279500E-7	3.190029E-2
1.280000E-7	3.189687E-2
1.280500E-7	3.189515E-2
1.281000E-7	3.189344E-2
1.281500E-7	3.190201E-2
1.282000E-7	3.193969E-2
1.282500E-7	3.196881E-2
1.283000E-7	3.195511E-2
1.283500E-7	3.191914E-2
1.284000E-7	3.189515E-2
1.284500E-7	3.185404E-2
1.285000E-7	3.179238E-2
1.285500E-7	3.174270E-2
1.286000E-7	3.171187E-2
1.286500E-7	3.169988E-2
1.287000E-7	3.174955E-2
1.287500E-7	3.186090E-2
1.288000E-7	3.196710E-2
1.288500E-7	3.207159E-2
1.289000E-7	3.221376E-2
1.289500E-7	3.234566E-2
1.290000E-7	3.241589E-2
1.290500E-7	3.241589E-2
1.291000E-7	3.237307E-2
1.291500E-7	3.227543E-2
1.292000E-7	3.212469E-2
1.292500E-7	3.194140E-2
1.293000E-7	3.172557E-2
1.293500E-7	3.151831E-2
1.294000E-7	3.134872E-2
1.294500E-7	3.124081E-2
1.295000E-7	3.117400E-2
1.295500E-7	3.115859E-2
1.296000E-7	3.119798E-2
1.296500E-7	3.126136E-2
1.297000E-7	3.133502E-2
1.297500E-7	3.140868E-2
1.298000E-7	3.147548E-2
1.298500E-7	3.152002E-2
1.299000E-7	3.152858E-2
1.299500E-7	3.151488E-2
1.300000E-7	3.147034E-2
1.300500E-7	3.140011E-2
1.301000E-7	3.132817E-2
1.301500E-7	3.126136E-2
1.302000E-7	3.121169E-2
1.302500E-7	3.120484E-2
1.303000E-7	3.123738E-2
1.303500E-7	3.127507E-2
1.304000E-7	3.131275E-2
1.304500E-7	3.139155E-2
1.305000E-7	3.148747E-2
1.305500E-7	3.154571E-2
1.306000E-7	3.157483E-2
1.306500E-7	3.161081E-2
1.307000E-7	3.162965E-2
1.307500E-7	3.161081E-2
1.308000E-7	3.158854E-2
1.308500E-7	3.156798E-2
1.309000E-7	3.153544E-2
1.309500E-7	3.149946E-2
1.310000E-7	3.147206E-2
1.310500E-7	3.144122E-2
1.311000E-7	3.139840E-2
1.311500E-7	3.136585E-2
1.312000E-7	3.134701E-2
1.312500E-7	3.134358E-2
1.313000E-7	3.135215E-2
1.313500E-7	3.137442E-2
1.314000E-7	3.139155E-2
1.314500E-7	3.139497E-2
1.315000E-7	3.138298E-2
1.315500E-7	3.135900E-2
1.316000E-7	3.132474E-2
1.316500E-7	3.128192E-2
1.317000E-7	3.122539E-2
1.317500E-7	3.115516E-2
1.318000E-7	3.109007E-2
1.318500E-7	3.103525E-2
1.319000E-7	3.096502E-2
1.319500E-7	3.090678E-2
1.320000E-7	3.086396E-2
1.320500E-7	3.082970E-2
1.321000E-7	3.081942E-2
1.321500E-7	3.085711E-2
1.322000E-7	3.092563E-2
1.322500E-7	3.098729E-2
1.323000E-7	3.102840E-2
1.323500E-7	3.107979E-2
1.324000E-7	3.112604E-2
1.324500E-7	3.120312E-2
1.325000E-7	3.130076E-2
1.325500E-7	3.141382E-2
1.326000E-7	3.155770E-2
1.326500E-7	3.171872E-2
1.327000E-7	3.184205E-2
1.327500E-7	3.190201E-2
1.328000E-7	3.192599E-2
1.328500E-7	3.189515E-2
1.329000E-7	3.179580E-2
1.329500E-7	3.163821E-2
1.330000E-7	3.145664E-2
1.330500E-7	3.122025E-2
1.331000E-7	3.096502E-2
1.331500E-7	3.075947E-2
1.332000E-7	3.060530E-2
1.332500E-7	3.047512E-2
1.333000E-7	3.039290E-2
1.333500E-7	3.038433E-2
1.334000E-7	3.043058E-2
1.334500E-7	3.052993E-2
1.335000E-7	3.066354E-2
1.335500E-7	3.080401E-2
1.336000E-7	3.092563E-2
1.336500E-7	3.099928E-2
1.337000E-7	3.101127E-2
1.337500E-7	3.097530E-2
1.338000E-7	3.090678E-2
1.338500E-7	3.079887E-2
1.339000E-7	3.067040E-2
1.339500E-7	3.055563E-2
1.340000E-7	3.047855E-2
1.340500E-7	3.043743E-2
1.341000E-7	3.043230E-2
1.341500E-7	3.048711E-2
1.342000E-7	3.058475E-2
1.342500E-7	3.071665E-2
1.343000E-7	3.086910E-2
1.343500E-7	3.099414E-2
1.344000E-7	3.107808E-2
1.344500E-7	3.112433E-2
1.345000E-7	3.116886E-2
1.345500E-7	3.120997E-2
1.346000E-7	3.122710E-2
1.346500E-7	3.123396E-2
1.347000E-7	3.122882E-2
1.347500E-7	3.121683E-2
1.348000E-7	3.118771E-2
1.348500E-7	3.113974E-2
1.349000E-7	3.107294E-2
1.349500E-7	3.101984E-2
1.350000E-7	3.100099E-2
1.350500E-7	3.098900E-2
1.351000E-7	3.096502E-2
1.351500E-7	3.091706E-2
1.352000E-7	3.087424E-2
1.352500E-7	3.085197E-2
1.353000E-7	3.085026E-2
1.353500E-7	3.084683E-2
1.354000E-7	3.083655E-2
1.354500E-7	3.083484E-2
1.355000E-7	3.083141E-2
1.355500E-7	3.081257E-2
1.356000E-7	3.076975E-2
1.356500E-7	3.070123E-2
1.357000E-7	3.062072E-2
1.357500E-7	3.056248E-2
1.358000E-7	3.054364E-2
1.358500E-7	3.054535E-2
1.359000E-7	3.056419E-2
1.359500E-7	3.060530E-2
1.360000E-7	3.064299E-2
1.360500E-7	3.067382E-2
1.361000E-7	3.072350E-2
1.361500E-7	3.079373E-2
1.362000E-7	3.085711E-2
1.362500E-7	3.087424E-2
1.363000E-7	3.086053E-2
1.363500E-7	3.081942E-2
1.364000E-7	3.076289E-2
1.364500E-7	3.069609E-2
1.365000E-7	3.061558E-2
1.365500E-7	3.053850E-2
1.366000E-7	3.045799E-2
1.366500E-7	3.035864E-2
1.367000E-7	3.028498E-2
1.367500E-7	3.024045E-2
1.368000E-7	3.019248E-2
1.368500E-7	3.014281E-2
1.369000E-7	3.013253E-2
1.369500E-7	3.015994E-2
1.370000E-7	3.020790E-2
1.370500E-7	3.026614E-2
1.371000E-7	3.033637E-2
1.371500E-7	3.040489E-2
1.372000E-7	3.047169E-2
1.372500E-7	3.051623E-2
1.373000E-7	3.051452E-2
1.373500E-7	3.050253E-2
1.374000E-7	3.049054E-2
1.374500E-7	3.046655E-2
1.375000E-7	3.041688E-2
1.375500E-7	3.037748E-2
1.376000E-7	3.035350E-2
1.376500E-7	3.032267E-2
1.377000E-7	3.028669E-2
1.377500E-7	3.026271E-2
1.378000E-7	3.028327E-2
1.378500E-7	3.032438E-2
1.379000E-7	3.034322E-2
1.379500E-7	3.030896E-2
1.380000E-7	3.023188E-2
1.380500E-7	3.015480E-2
1.381000E-7	3.007086E-2
1.381500E-7	2.997151E-2
1.382000E-7	2.988073E-2
1.382500E-7	2.982420E-2
1.383000E-7	2.979337E-2
1.383500E-7	2.977281E-2
1.384000E-7	2.980193E-2
1.384500E-7	2.986360E-2
1.385000E-7	2.991327E-2
1.385500E-7	2.994239E-2
1.386000E-7	2.996809E-2
1.386500E-7	2.999721E-2
1.387000E-7	3.001091E-2
1.387500E-7	3.002804E-2
1.388000E-7	3.005202E-2
1.388500E-7	3.006744E-2
1.389000E-7	3.004688E-2
1.389500E-7	3.001262E-2
1.390000E-7	2.996466E-2
1.390500E-7	2.990813E-2
1.391000E-7	2.987387E-2
1.391500E-7	2.988758E-2
1.392000E-7	2.994239E-2
1.392500E-7	2.999549E-2
1.393000E-7	3.005202E-2
1.393500E-7	3.008628E-2
1.394000E-7	3.006572E-2
1.394500E-7	3.001776E-2
1.395000E-7	2.995438E-2
1.395500E-7	2.984475E-2
1.396000E-7	2.967860E-2
1.396500E-7	2.949531E-2
1.397000E-7	2.933087E-2
1.397500E-7	2.919041E-2
1.398000E-7	2.910647E-2
1.398500E-7	2.909106E-2
1.399000E-7	2.910990E-2
1.399500E-7	2.913559E-2
1.400000E-7	2.917842E-2
1.400500E-7	2.924351E-2
1.401000E-7	2.932230E-2
1.401500E-7	2.940795E-2
1.402000E-7	2.950559E-2
1.402500E-7	2.960665E-2
1.403000E-7	2.970943E-2
1.403500E-7	2.978994E-2
1.404000E-7	2.984647E-2
1.404500E-7	2.987730E-2
1.405000E-7	2.990299E-2
1.405500E-7	2.990642E-2
1.406000E-7	2.988073E-2
1.406500E-7	2.984989E-2
1.407000E-7	2.984133E-2
1.407500E-7	2.984304E-2
1.408000E-7	2.982420E-2
1.408500E-7	2.977795E-2
1.409000E-7	2.972656E-2
1.409500E-7	2.968031E-2
1.410000E-7	2.964776E-2
1.410500E-7	2.960151E-2
1.411000E-7	2.952786E-2
1.411500E-7	2.946448E-2
1.412000E-7	2.942851E-2
1.412500E-7	2.940966E-2
1.413000E-7	2.941652E-2
1.413500E-7	2.944392E-2
1.414000E-7	2.948161E-2
1.414500E-7	2.949189E-2
1.415000E-7	2.949189E-2
1.415500E-7	2.950559E-2
1.416000E-7	2.952957E-2
1.416500E-7	2.956897E-2
1.417000E-7	2.962378E-2
1.417500E-7	2.968374E-2
1.418000E-7	2.974198E-2
1.418500E-7	2.981221E-2
1.419000E-7	2.990299E-2
1.419500E-7	2.997836E-2
1.420000E-7	3.001947E-2
1.420500E-7	3.000920E-2
1.421000E-7	2.994924E-2
1.421500E-7	2.986188E-2
1.422000E-7	2.976938E-2
1.422500E-7	2.967175E-2
1.423000E-7	2.954841E-2
1.423500E-7	2.942508E-2
1.424000E-7	2.933258E-2
1.424500E-7	2.928462E-2
1.425000E-7	2.926406E-2
1.425500E-7	2.927948E-2
1.426000E-7	2.932916E-2
1.426500E-7	2.939425E-2
1.427000E-7	2.944564E-2
1.427500E-7	2.950216E-2
1.428000E-7	2.957068E-2
1.428500E-7	2.962036E-2
1.429000E-7	2.961864E-2
1.429500E-7	2.957068E-2
1.430000E-7	2.950045E-2
1.430500E-7	2.942679E-2
1.431000E-7	2.936855E-2
1.431500E-7	2.931374E-2
1.432000E-7	2.926920E-2
1.432500E-7	2.926749E-2
1.433000E-7	2.933429E-2
1.433500E-7	2.946619E-2
1.434000E-7	2.964263E-2
1.434500E-7	2.979679E-2
1.435000E-7	2.990985E-2
1.435500E-7	2.997665E-2
1.436000E-7	2.998864E-2
1.436500E-7	2.994068E-2
1.437000E-7	2.985503E-2
1.437500E-7	2.976767E-2
1.438000E-7	2.968888E-2
1.438500E-7	2.959466E-2
1.439000E-7	2.947647E-2
1.439500E-7	2.935999E-2
1.440000E-7	2.928633E-2
1.440500E-7	2.925379E-2
1.441000E-7	2.924351E-2
1.441500E-7	2.924865E-2
1.442000E-7	2.926235E-2
1.442500E-7	2.928291E-2
1.443000E-7	2.927605E-2
1.443500E-7	2.922638E-2
1.444000E-7	2.918355E-2
1.444500E-7	2.917156E-2
1.445000E-7	2.915615E-2
1.445500E-7	2.912531E-2
1.446000E-7	2.912360E-2
1.446500E-7	2.914758E-2
1.447000E-7	2.914587E-2
1.447500E-7	2.911846E-2
1.448000E-7	2.910133E-2
1.448500E-7	2.910476E-2
1.449000E-7	2.910305E-2
1.449500E-7	2.908078E-2
1.450000E-7	2.903453E-2
1.450500E-7	2.900883E-2
1.451000E-7	2.900883E-2
1.451500E-7	2.902768E-2
1.452000E-7	2.908592E-2
1.452500E-7	2.918869E-2
1.453000E-7	2.930004E-2
1.453500E-7	2.937027E-2
1.454000E-7	2.940281E-2
1.454500E-7	2.940795E-2
1.455000E-7	2.935999E-2
1.455500E-7	2.926064E-2
1.456000E-7	2.914587E-2
1.456500E-7	2.902082E-2
1.457000E-7	2.888208E-2
1.457500E-7	2.875018E-2
1.458000E-7	2.863198E-2
1.458500E-7	2.854462E-2
1.459000E-7	2.850009E-2
1.459500E-7	2.849666E-2
1.460000E-7	2.851037E-2
1.460500E-7	2.855319E-2
1.461000E-7	2.863198E-2
1.461500E-7	2.870222E-2
1.462000E-7	2.874847E-2
1.462500E-7	2.878615E-2
1.463000E-7	2.882212E-2
1.463500E-7	2.882897E-2
1.464000E-7	2.881184E-2
1.464500E-7	2.879129E-2
1.465000E-7	2.878615E-2
1.465500E-7	2.882041E-2
1.466000E-7	2.889921E-2
1.466500E-7	2.898657E-2
1.467000E-7	2.903453E-2
1.467500E-7	2.903795E-2
1.468000E-7	2.904309E-2
1.468500E-7	2.906536E-2
1.469000E-7	2.907564E-2
1.469500E-7	2.903624E-2
1.470000E-7	2.897971E-2
1.470500E-7	2.890777E-2
1.471000E-7	2.882212E-2
1.471500E-7	2.871763E-2
1.472000E-7	2.861828E-2
1.472500E-7	2.856347E-2
1.473000E-7	2.856004E-2
1.473500E-7	2.857546E-2
1.474000E-7	2.856175E-2
1.474500E-7	2.854120E-2
1.475000E-7	2.853606E-2
1.475500E-7	2.854291E-2
1.476000E-7	2.852407E-2
1.476500E-7	2.850009E-2
1.477000E-7	2.848125E-2
1.477500E-7	2.845726E-2
1.478000E-7	2.843500E-2
1.478500E-7	2.842986E-2
1.479000E-7	2.847611E-2
1.479500E-7	2.856175E-2
1.480000E-7	2.864911E-2
1.480500E-7	2.870564E-2
1.481000E-7	2.873819E-2
1.481500E-7	2.875189E-2
1.482000E-7	2.873134E-2
1.482500E-7	2.867652E-2
1.483000E-7	2.862342E-2
1.483500E-7	2.857546E-2
1.484000E-7	2.851550E-2
1.484500E-7	2.846240E-2
1.485000E-7	2.843328E-2
1.485500E-7	2.843671E-2
1.486000E-7	2.845726E-2
1.486500E-7	2.847097E-2
1.487000E-7	2.847611E-2
1.487500E-7	2.847097E-2
1.488000E-7	2.845213E-2
1.488500E-7	2.840074E-2
1.489000E-7	2.832708E-2
1.489500E-7	2.826541E-2
1.490000E-7	2.820203E-2
1.490500E-7	2.813523E-2
1.491000E-7	2.808213E-2
1.491500E-7	2.807014E-2
1.492000E-7	2.807699E-2
1.492500E-7	2.807699E-2
1.493000E-7	2.807185E-2
1.493500E-7	2.806671E-2
1.494000E-7	2.808898E-2
1.494500E-7	2.813694E-2
1.495000E-7	2.819176E-2
1.495500E-7	2.824143E-2
1.496000E-7	2.827912E-2
1.496500E-7	2.829625E-2
1.497000E-7	2.830139E-2
1.497500E-7	2.831166E-2
1.498000E-7	2.831852E-2
1.498500E-7	2.830824E-2
1.499000E-7	2.827912E-2
1.499500E-7	2.826713E-2
1.500000E-7	2.827398E-2
1.500500E-7	2.829796E-2
1.501000E-7	2.832708E-2
1.501500E-7	2.833907E-2
1.502000E-7	2.834421E-2
1.502500E-7	2.833907E-2
1.503000E-7	2.832537E-2
1.503500E-7	2.831338E-2
1.504000E-7	2.834421E-2
1.504500E-7	2.841101E-2
1.505000E-7	2.849324E-2
1.505500E-7	2.857546E-2
1.506000E-7	2.864055E-2
1.506500E-7	2.865939E-2
1.507000E-7	2.864911E-2
1.507500E-7	2.864055E-2
1.508000E-7	2.861999E-2
1.508500E-7	2.856518E-2
1.509000E-7	2.849152E-2
1.509500E-7	2.840074E-2
1.510000E-7	2.829625E-2
1.510500E-7	2.819347E-2
1.511000E-7	2.809412E-2
1.511500E-7	2.795708E-2
1.512000E-7	2.780120E-2
1.512500E-7	2.769671E-2
1.513000E-7	2.764019E-2
1.513500E-7	2.759908E-2
1.514000E-7	2.760935E-2
1.514500E-7	2.767958E-2
1.515000E-7	2.772070E-2
1.515500E-7	2.773097E-2
1.516000E-7	2.777208E-2
1.516500E-7	2.782519E-2
1.517000E-7	2.783546E-2
1.517500E-7	2.783889E-2
1.518000E-7	2.787315E-2
1.518500E-7	2.791426E-2
1.519000E-7	2.796736E-2
1.519500E-7	2.806157E-2
1.520000E-7	2.815750E-2
1.520500E-7	2.821916E-2
1.521000E-7	2.827912E-2
1.521500E-7	2.834078E-2
1.522000E-7	2.835620E-2
1.522500E-7	2.833736E-2
1.523000E-7	2.832023E-2
1.523500E-7	2.829453E-2
1.524000E-7	2.822944E-2
1.524500E-7	2.812495E-2
1.525000E-7	2.802389E-2
1.525500E-7	2.792796E-2
1.526000E-7	2.781319E-2
1.526500E-7	2.771727E-2
1.527000E-7	2.767273E-2
1.527500E-7	2.765046E-2
1.528000E-7	2.764875E-2
1.528500E-7	2.768644E-2
1.529000E-7	2.776009E-2
1.529500E-7	2.783546E-2
1.530000E-7	2.793139E-2
1.530500E-7	2.805472E-2
1.531000E-7	2.815750E-2
1.531500E-7	2.823458E-2
1.532000E-7	2.830481E-2
1.532500E-7	2.831338E-2
1.533000E-7	2.823972E-2
1.533500E-7	2.814551E-2
1.534000E-7	2.804273E-2
1.534500E-7	2.789884E-2
1.535000E-7	2.776695E-2
1.535500E-7	2.768130E-2
1.536000E-7	2.761278E-2
1.536500E-7	2.756482E-2
1.537000E-7	2.756824E-2
1.537500E-7	2.761963E-2
1.538000E-7	2.767273E-2
1.538500E-7	2.770699E-2
1.539000E-7	2.772241E-2
1.539500E-7	2.771213E-2
1.540000E-7	2.768815E-2
1.540500E-7	2.764019E-2
1.541000E-7	2.754769E-2
1.541500E-7	2.742778E-2
1.542000E-7	2.731130E-2
1.542500E-7	2.723079E-2
1.543000E-7	2.721709E-2
1.543500E-7	2.724963E-2
1.544000E-7	2.731987E-2
1.544500E-7	2.745348E-2
1.545000E-7	2.765903E-2
1.545500E-7	2.786801E-2
1.546000E-7	2.805301E-2
1.546500E-7	2.822773E-2
1.547000E-7	2.838532E-2
1.547500E-7	2.847611E-2
1.548000E-7	2.848638E-2
1.548500E-7	2.843500E-2
1.549000E-7	2.832365E-2
1.549500E-7	2.816606E-2
1.550000E-7	2.799648E-2
1.550500E-7	2.784232E-2
1.551000E-7	2.769500E-2
1.551500E-7	2.756139E-2
1.552000E-7	2.746547E-2
1.552500E-7	2.738838E-2
1.553000E-7	2.731473E-2
1.553500E-7	2.724792E-2
1.554000E-7	2.722223E-2
1.554500E-7	2.723936E-2
1.555000E-7	2.729588E-2
1.555500E-7	2.736098E-2
1.556000E-7	2.743977E-2
1.556500E-7	2.754426E-2
1.557000E-7	2.766759E-2
1.557500E-7	2.777722E-2
1.558000E-7	2.785431E-2
1.558500E-7	2.790056E-2
1.559000E-7	2.790056E-2
1.559500E-7	2.783032E-2
1.560000E-7	2.771556E-2
1.560500E-7	2.760421E-2
1.561000E-7	2.749973E-2
1.561500E-7	2.737811E-2
1.562000E-7	2.725991E-2
1.562500E-7	2.718283E-2
1.563000E-7	2.715542E-2
1.563500E-7	2.714514E-2
1.564000E-7	2.713658E-2
1.564500E-7	2.715371E-2
1.565000E-7	2.719139E-2
1.565500E-7	2.723422E-2
1.566000E-7	2.728903E-2
1.566500E-7	2.733186E-2
1.567000E-7	2.734213E-2
1.567500E-7	2.732843E-2
1.568000E-7	2.732672E-2
1.568500E-7	2.733186E-2
1.569000E-7	2.732500E-2
1.569500E-7	2.731644E-2
1.570000E-7	2.730102E-2
1.570500E-7	2.726676E-2
1.571000E-7	2.722737E-2
1.571500E-7	2.722394E-2
1.572000E-7	2.725991E-2
1.572500E-7	2.729588E-2
1.573000E-7	2.733186E-2
1.573500E-7	2.738838E-2
1.574000E-7	2.747917E-2
1.574500E-7	2.756653E-2
1.575000E-7	2.760764E-2
1.575500E-7	2.762134E-2
1.576000E-7	2.761278E-2
1.576500E-7	2.758366E-2
1.577000E-7	2.752885E-2
1.577500E-7	2.746204E-2
1.578000E-7	2.739866E-2
1.578500E-7	2.734899E-2
1.579000E-7	2.733014E-2
1.579500E-7	2.735241E-2
1.580000E-7	2.739010E-2
1.580500E-7	2.744320E-2
1.581000E-7	2.750829E-2
1.581500E-7	2.757338E-2
1.582000E-7	2.763676E-2
1.582500E-7	2.769843E-2
1.583000E-7	2.772755E-2
1.583500E-7	2.770357E-2
1.584000E-7	2.762991E-2
1.584500E-7	2.751343E-2
1.585000E-7	2.735241E-2
1.585500E-7	2.718112E-2
1.586000E-7	2.700297E-2
1.586500E-7	2.680941E-2
1.587000E-7	2.665181E-2
1.587500E-7	2.655246E-2
1.588000E-7	2.649936E-2
1.588500E-7	2.648566E-2
1.589000E-7	2.652848E-2
1.589500E-7	2.661584E-2
1.590000E-7	2.671006E-2
1.590500E-7	2.679913E-2
1.591000E-7	2.687792E-2
1.591500E-7	2.694302E-2
1.592000E-7	2.700982E-2
1.592500E-7	2.706292E-2
1.593000E-7	2.706806E-2
1.593500E-7	2.704408E-2
1.594000E-7	2.701496E-2
1.594500E-7	2.694644E-2
1.595000E-7	2.683853E-2
1.595500E-7	2.673575E-2
1.596000E-7	2.666038E-2
1.596500E-7	2.660385E-2
1.597000E-7	2.655760E-2
1.597500E-7	2.650279E-2
1.598000E-7	2.644455E-2
1.598500E-7	2.641371E-2
1.599000E-7	2.643598E-2
1.599500E-7	2.649251E-2
1.600000E-7	2.655075E-2
1.600500E-7	2.661242E-2
1.601000E-7	2.668265E-2
1.601500E-7	2.675117E-2
1.602000E-7	2.678714E-2
1.602500E-7	2.676487E-2
1.603000E-7	2.669635E-2
1.603500E-7	2.663126E-2
1.604000E-7	2.658501E-2
1.604500E-7	2.655418E-2
1.605000E-7	2.655589E-2
1.605500E-7	2.661927E-2
1.606000E-7	2.669806E-2
1.606500E-7	2.676830E-2
1.607000E-7	2.684024E-2
1.607500E-7	2.693959E-2
1.608000E-7	2.704922E-2
1.608500E-7	2.714343E-2
1.609000E-7	2.719825E-2
1.609500E-7	2.720167E-2
1.610000E-7	2.717940E-2
1.610500E-7	2.713487E-2
1.611000E-7	2.705436E-2
1.611500E-7	2.694130E-2
1.612000E-7	2.684024E-2
1.612500E-7	2.677515E-2
1.613000E-7	2.674431E-2
1.613500E-7	2.674089E-2
1.614000E-7	2.677172E-2
1.614500E-7	2.681797E-2
1.615000E-7	2.687107E-2
1.615500E-7	2.691903E-2
1.616000E-7	2.696357E-2
1.616500E-7	2.699098E-2
1.617000E-7	2.699098E-2
1.617500E-7	2.699269E-2
1.618000E-7	2.698584E-2
1.618500E-7	2.697385E-2
1.619000E-7	2.695158E-2
1.619500E-7	2.694130E-2
1.620000E-7	2.693959E-2
1.620500E-7	2.691732E-2
1.621000E-7	2.688478E-2
1.621500E-7	2.685052E-2
1.622000E-7	2.681626E-2
1.622500E-7	2.678542E-2
1.623000E-7	2.677343E-2
1.623500E-7	2.676487E-2
1.624000E-7	2.674774E-2
1.624500E-7	2.672547E-2
1.625000E-7	2.669635E-2
1.625500E-7	2.666723E-2
1.626000E-7	2.665181E-2
1.626500E-7	2.665010E-2
1.627000E-7	2.666209E-2
1.627500E-7	2.667922E-2
1.628000E-7	2.667580E-2
1.628500E-7	2.660385E-2
1.629000E-7	2.649422E-2
1.629500E-7	2.638117E-2
1.630000E-7	2.625270E-2
1.630500E-7	2.612423E-2
1.631000E-7	2.602488E-2
1.631500E-7	2.595636E-2
1.632000E-7	2.591011E-2
1.632500E-7	2.592381E-2
1.633000E-7	2.602316E-2
1.633500E-7	2.618418E-2
1.634000E-7	2.637603E-2
1.634500E-7	2.659186E-2
1.635000E-7	2.679742E-2
1.635500E-7	2.694816E-2
1.636000E-7	2.702352E-2
1.636500E-7	2.703552E-2
1.637000E-7	2.699440E-2
1.637500E-7	2.689163E-2
1.638000E-7	2.675630E-2
1.638500E-7	2.663297E-2
1.639000E-7	2.651307E-2
1.639500E-7	2.639316E-2
1.640000E-7	2.629038E-2
1.640500E-7	2.624071E-2
1.641000E-7	2.624927E-2
1.641500E-7	2.629381E-2
1.642000E-7	2.635547E-2
1.642500E-7	2.641885E-2
1.643000E-7	2.647538E-2
1.643500E-7	2.650964E-2
1.644000E-7	2.650279E-2
1.644500E-7	2.647367E-2
1.645000E-7	2.644797E-2
1.645500E-7	2.642742E-2
1.646000E-7	2.639659E-2
1.646500E-7	2.636575E-2
1.647000E-7	2.634006E-2
1.647500E-7	2.634520E-2
1.648000E-7	2.636747E-2
1.648500E-7	2.639487E-2
1.649000E-7	2.642742E-2
1.649500E-7	2.647709E-2
1.650000E-7	2.650279E-2
1.650500E-7	2.647709E-2
1.651000E-7	2.643084E-2
1.651500E-7	2.638117E-2
1.652000E-7	2.632807E-2
1.652500E-7	2.629038E-2
1.653000E-7	2.629552E-2
1.653500E-7	2.632464E-2
1.654000E-7	2.635205E-2
1.654500E-7	2.636233E-2
1.655000E-7	2.638288E-2
1.655500E-7	2.639659E-2
1.656000E-7	2.637774E-2
1.656500E-7	2.632635E-2
1.657000E-7	2.626811E-2
1.657500E-7	2.618247E-2
1.658000E-7	2.606941E-2
1.658500E-7	2.595122E-2
1.659000E-7	2.583988E-2
1.659500E-7	2.572511E-2
1.660000E-7	2.561891E-2
1.660500E-7	2.554011E-2
1.661000E-7	2.549900E-2
1.661500E-7	2.550928E-2
1.662000E-7	2.557266E-2
1.662500E-7	2.567201E-2
1.663000E-7	2.578164E-2
1.663500E-7	2.588270E-2
1.664000E-7	2.597520E-2
1.664500E-7	2.603687E-2
1.665000E-7	2.606941E-2
1.665500E-7	2.607798E-2
1.666000E-7	2.607112E-2
1.666500E-7	2.607455E-2
1.667000E-7	2.608997E-2
1.667500E-7	2.610538E-2
1.668000E-7	2.613450E-2
1.668500E-7	2.617904E-2
1.669000E-7	2.620473E-2
1.669500E-7	2.621159E-2
1.670000E-7	2.619274E-2
1.670500E-7	2.611566E-2
1.671000E-7	2.599575E-2
1.671500E-7	2.588613E-2
1.672000E-7	2.578335E-2
1.672500E-7	2.567029E-2
1.673000E-7	2.557437E-2
1.673500E-7	2.551442E-2
1.674000E-7	2.546988E-2
1.674500E-7	2.543391E-2
1.675000E-7	2.544247E-2
1.675500E-7	2.551613E-2
1.676000E-7	2.563604E-2
1.676500E-7	2.576108E-2
1.677000E-7	2.588441E-2
1.677500E-7	2.599747E-2
1.678000E-7	2.608997E-2
1.678500E-7	2.615506E-2
1.679000E-7	2.620302E-2
1.679500E-7	2.621844E-2
1.680000E-7	2.618075E-2
1.680500E-7	2.611052E-2
1.681000E-7	2.601974E-2
1.681500E-7	2.590497E-2
1.682000E-7	2.580219E-2
1.682500E-7	2.571997E-2
1.683000E-7	2.562918E-2
1.683500E-7	2.553497E-2
1.684000E-7	2.549043E-2
1.684500E-7	2.550243E-2
1.685000E-7	2.553155E-2
1.685500E-7	2.556923E-2
1.686000E-7	2.562918E-2
1.686500E-7	2.568229E-2
1.687000E-7	2.568400E-2
1.687500E-7	2.566344E-2
1.688000E-7	2.564289E-2
1.688500E-7	2.562918E-2
1.689000E-7	2.562747E-2
1.689500E-7	2.563090E-2
1.690000E-7	2.562747E-2
1.690500E-7	2.564289E-2
1.691000E-7	2.569599E-2
1.691500E-7	2.574909E-2
1.692000E-7	2.578677E-2
1.692500E-7	2.585015E-2
1.693000E-7	2.592210E-2
1.693500E-7	2.595978E-2
1.694000E-7	2.595464E-2
1.694500E-7	2.594094E-2
1.695000E-7	2.591525E-2
1.695500E-7	2.586900E-2
1.696000E-7	2.581247E-2
1.696500E-7	2.574909E-2
1.697000E-7	2.570455E-2
1.697500E-7	2.568400E-2
1.698000E-7	2.566173E-2
1.698500E-7	2.561034E-2
1.699000E-7	2.552641E-2
1.699500E-7	2.543048E-2
1.700000E-7	2.531914E-2
1.700500E-7	2.519238E-2
1.701000E-7	2.506734E-2
1.701500E-7	2.497484E-2
1.702000E-7	2.494229E-2
1.702500E-7	2.495428E-2
1.703000E-7	2.499197E-2
1.703500E-7	2.506048E-2
1.704000E-7	2.517011E-2
1.704500E-7	2.527803E-2
1.705000E-7	2.536710E-2
1.705500E-7	2.543733E-2
1.706000E-7	2.548358E-2
1.706500E-7	2.550243E-2
1.707000E-7	2.550756E-2
1.707500E-7	2.548530E-2
1.708000E-7	2.542192E-2
1.708500E-7	2.534312E-2
1.709000E-7	2.527118E-2
1.709500E-7	2.523007E-2
1.710000E-7	2.521465E-2
1.710500E-7	2.521294E-2
1.711000E-7	2.521465E-2
1.711500E-7	2.522150E-2
1.712000E-7	2.523521E-2
1.712500E-7	2.527803E-2
1.713000E-7	2.534826E-2
1.713500E-7	2.542192E-2
1.714000E-7	2.548187E-2
1.714500E-7	2.551613E-2
1.715000E-7	2.555210E-2
1.715500E-7	2.557266E-2
1.716000E-7	2.558465E-2
1.716500E-7	2.559150E-2
1.717000E-7	2.557780E-2
1.717500E-7	2.554696E-2
1.718000E-7	2.551784E-2
1.718500E-7	2.548358E-2
1.719000E-7	2.543733E-2
1.719500E-7	2.538594E-2
1.720000E-7	2.535682E-2
1.720500E-7	2.535682E-2
1.721000E-7	2.537395E-2
1.721500E-7	2.539965E-2
1.722000E-7	2.543219E-2
1.722500E-7	2.546131E-2
1.723000E-7	2.547159E-2
1.723500E-7	2.545618E-2
1.724000E-7	2.542534E-2
1.724500E-7	2.539451E-2
1.725000E-7	2.536710E-2
1.725500E-7	2.532428E-2
1.726000E-7	2.527289E-2
1.726500E-7	2.522493E-2
1.727000E-7	2.520951E-2
1.727500E-7	2.521979E-2
1.728000E-7	2.522835E-2
1.728500E-7	2.524034E-2
1.729000E-7	2.525919E-2
1.729500E-7	2.524891E-2
1.730000E-7	2.519923E-2
1.730500E-7	2.511701E-2
1.731000E-7	2.502623E-2
1.731500E-7	2.494400E-2
1.732000E-7	2.487891E-2
1.732500E-7	2.484637E-2
1.733000E-7	2.484979E-2
1.733500E-7	2.486178E-2
1.734000E-7	2.488748E-2
1.734500E-7	2.495428E-2
1.735000E-7	2.505706E-2
1.735500E-7	2.512900E-2
1.736000E-7	2.514271E-2
1.736500E-7	2.512900E-2
1.737000E-7	2.512558E-2
1.737500E-7	2.509303E-2
1.738000E-7	2.502109E-2
1.738500E-7	2.493030E-2
1.739000E-7	2.486349E-2
1.739500E-7	2.481725E-2
1.740000E-7	2.477613E-2
1.740500E-7	2.474701E-2
1.741000E-7	2.474873E-2
1.741500E-7	2.476928E-2
1.742000E-7	2.479326E-2
1.742500E-7	2.479498E-2
1.743000E-7	2.478641E-2
1.743500E-7	2.478984E-2
1.744000E-7	2.479326E-2
1.744500E-7	2.478127E-2
1.745000E-7	2.474530E-2
1.745500E-7	2.473845E-2
1.746000E-7	2.476757E-2
1.746500E-7	2.480525E-2
1.747000E-7	2.485322E-2
1.747500E-7	2.490974E-2
1.748000E-7	2.495086E-2
1.748500E-7	2.497484E-2
1.749000E-7	2.499197E-2
1.749500E-7	2.497312E-2
1.750000E-7	2.489775E-2
1.750500E-7	2.481039E-2
1.751000E-7	2.473331E-2
1.751500E-7	2.465623E-2
1.752000E-7	2.456373E-2
1.752500E-7	2.449864E-2
1.753000E-7	2.447808E-2
1.753500E-7	2.444382E-2
1.754000E-7	2.437188E-2
1.754500E-7	2.429480E-2
1.755000E-7	2.423998E-2
1.755500E-7	2.418859E-2
1.756000E-7	2.415605E-2
1.756500E-7	2.417831E-2
1.757000E-7	2.425368E-2
1.757500E-7	2.435132E-2
1.758000E-7	2.445239E-2
1.758500E-7	2.458600E-2
1.759000E-7	2.475044E-2
1.759500E-7	2.491488E-2
1.760000E-7	2.503650E-2
1.760500E-7	2.510845E-2
1.761000E-7	2.516840E-2
1.761500E-7	2.521465E-2
1.762000E-7	2.522493E-2
1.762500E-7	2.520266E-2
1.763000E-7	2.516840E-2
1.763500E-7	2.511872E-2
1.764000E-7	2.506220E-2
1.764500E-7	2.502965E-2
1.765000E-7	2.501252E-2
1.765500E-7	2.497655E-2
1.766000E-7	2.493544E-2
1.766500E-7	2.490632E-2
1.767000E-7	2.488405E-2
1.767500E-7	2.485493E-2
1.768000E-7	2.483437E-2
1.768500E-7	2.481382E-2
1.769000E-7	2.479498E-2
1.769500E-7	2.480354E-2
1.770000E-7	2.482238E-2
1.770500E-7	2.482581E-2
1.771000E-7	2.482067E-2
1.771500E-7	2.483095E-2
1.772000E-7	2.481382E-2
1.772500E-7	2.475387E-2
1.773000E-7	2.467336E-2
1.773500E-7	2.459799E-2
1.774000E-7	2.452947E-2
1.774500E-7	2.446266E-2
1.775000E-7	2.439757E-2
1.775500E-7	2.433933E-2
1.776000E-7	2.429480E-2
1.776500E-7	2.427253E-2
1.777000E-7	2.425368E-2
1.777500E-7	2.421943E-2
1.778000E-7	2.416632E-2
1.778500E-7	2.411151E-2
1.779000E-7	2.404813E-2
1.779500E-7	2.397276E-2
1.780000E-7	2.387170E-2
1.780500E-7	2.375350E-2
1.781000E-7	2.364559E-2
1.781500E-7	2.356337E-2
1.782000E-7	2.350855E-2
1.782500E-7	2.349485E-2
1.783000E-7	2.354110E-2
1.783500E-7	2.362332E-2
1.784000E-7	2.371924E-2
1.784500E-7	2.383915E-2
1.785000E-7	2.396933E-2
1.785500E-7	2.408239E-2
1.786000E-7	2.417489E-2
1.786500E-7	2.426054E-2
1.787000E-7	2.430850E-2
1.787500E-7	2.427938E-2
1.788000E-7	2.419544E-2
1.788500E-7	2.409781E-2
1.789000E-7	2.400017E-2
1.789500E-7	2.390767E-2
1.790000E-7	2.384429E-2
1.790500E-7	2.385457E-2
1.791000E-7	2.393336E-2
1.791500E-7	2.403957E-2
1.792000E-7	2.415605E-2
1.792500E-7	2.425026E-2
1.793000E-7	2.430507E-2
1.793500E-7	2.428794E-2
1.794000E-7	2.420915E-2
1.794500E-7	2.408410E-2
1.795000E-7	2.395392E-2
1.795500E-7	2.383915E-2
1.796000E-7	2.372610E-2
1.796500E-7	2.361133E-2
1.797000E-7	2.351369E-2
1.797500E-7	2.344860E-2
1.798000E-7	2.340235E-2
1.798500E-7	2.338179E-2
1.799000E-7	2.337665E-2
1.799500E-7	2.340406E-2
1.800000E-7	2.345545E-2
1.800500E-7	2.353253E-2
1.801000E-7	2.362161E-2
1.801500E-7	2.370554E-2
1.802000E-7	2.377235E-2
1.802500E-7	2.382373E-2
1.803000E-7	2.387512E-2
1.803500E-7	2.391281E-2
1.804000E-7	2.390938E-2
1.804500E-7	2.387341E-2
1.805000E-7	2.386142E-2
1.805500E-7	2.389054E-2
1.806000E-7	2.390938E-2
1.806500E-7	2.391109E-2
1.807000E-7	2.392309E-2
1.807500E-7	2.397619E-2
1.808000E-7	2.404128E-2
1.808500E-7	2.409438E-2
1.809000E-7	2.412864E-2
1.809500E-7	2.415262E-2
1.810000E-7	2.415776E-2
1.810500E-7	2.412864E-2
1.811000E-7	2.405670E-2
1.811500E-7	2.392994E-2
1.812000E-7	2.376721E-2
1.812500E-7	2.361133E-2
1.813000E-7	2.349827E-2
1.813500E-7	2.341948E-2
1.814000E-7	2.337323E-2
1.814500E-7	2.337837E-2
1.815000E-7	2.344003E-2
1.815500E-7	2.355651E-2
1.816000E-7	2.370383E-2
1.816500E-7	2.387170E-2
1.817000E-7	2.401730E-2
1.817500E-7	2.412693E-2
1.818000E-7	2.419887E-2
1.818500E-7	2.422628E-2
1.819000E-7	2.420058E-2
1.819500E-7	2.413035E-2
1.820000E-7	2.403100E-2
1.820500E-7	2.392309E-2
1.821000E-7	2.382373E-2
1.821500E-7	2.371753E-2
1.822000E-7	2.359420E-2
1.822500E-7	2.348286E-2
1.823000E-7	2.340749E-2
1.823500E-7	2.336638E-2
1.824000E-7	2.336980E-2
1.824500E-7	2.341777E-2
1.825000E-7	2.350513E-2
1.825500E-7	2.360790E-2
1.826000E-7	2.372781E-2
1.826500E-7	2.384943E-2
1.827000E-7	2.396248E-2
1.827500E-7	2.405670E-2
1.828000E-7	2.411665E-2
1.828500E-7	2.413207E-2
1.829000E-7	2.410637E-2
1.829500E-7	2.406012E-2
1.830000E-7	2.399846E-2
1.830500E-7	2.391966E-2
1.831000E-7	2.384086E-2
1.831500E-7	2.378434E-2
1.832000E-7	2.374494E-2
1.832500E-7	2.371411E-2
1.833000E-7	2.371239E-2
1.833500E-7	2.374665E-2
1.834000E-7	2.376721E-2
1.834500E-7	2.377748E-2
1.835000E-7	2.380832E-2
1.835500E-7	2.384086E-2
1.836000E-7	2.387341E-2
1.836500E-7	2.390938E-2
1.837000E-7	2.392822E-2
1.837500E-7	2.392309E-2
1.838000E-7	2.391281E-2
1.838500E-7	2.389910E-2
1.839000E-7	2.384086E-2
1.839500E-7	2.375008E-2
1.840000E-7	2.369698E-2
1.840500E-7	2.368499E-2
1.841000E-7	2.366272E-2
1.841500E-7	2.361989E-2
1.842000E-7	2.357364E-2
1.842500E-7	2.354281E-2
1.843000E-7	2.353425E-2
1.843500E-7	2.353082E-2
1.844000E-7	2.351712E-2
1.844500E-7	2.350684E-2
1.845000E-7	2.352054E-2
1.845500E-7	2.350855E-2
1.846000E-7	2.346230E-2
1.846500E-7	2.343661E-2
1.847000E-7	2.345202E-2
1.847500E-7	2.346744E-2
1.848000E-7	2.346573E-2
1.848500E-7	2.346573E-2
1.849000E-7	2.346744E-2
1.849500E-7	2.346573E-2
1.850000E-7	2.347258E-2
1.850500E-7	2.350684E-2
1.851000E-7	2.355823E-2
1.851500E-7	2.360790E-2
1.852000E-7	2.366786E-2
1.852500E-7	2.373123E-2
1.853000E-7	2.377920E-2
1.853500E-7	2.384258E-2
1.854000E-7	2.389910E-2
1.854500E-7	2.390767E-2
1.855000E-7	2.387512E-2
1.855500E-7	2.382545E-2
1.856000E-7	2.373809E-2
1.856500E-7	2.361133E-2
1.857000E-7	2.349313E-2
1.857500E-7	2.336809E-2
1.858000E-7	2.322763E-2
1.858500E-7	2.309916E-2
1.859000E-7	2.298781E-2
1.859500E-7	2.289018E-2
1.860000E-7	2.284050E-2
1.860500E-7	2.284393E-2
1.861000E-7	2.288332E-2
1.861500E-7	2.295869E-2
1.862000E-7	2.305462E-2
1.862500E-7	2.313342E-2
1.863000E-7	2.317281E-2
1.863500E-7	2.320193E-2
1.864000E-7	2.322934E-2
1.864500E-7	2.323277E-2
1.865000E-7	2.322249E-2
1.865500E-7	2.321906E-2
1.866000E-7	2.322591E-2
1.866500E-7	2.322078E-2
1.867000E-7	2.316939E-2
1.867500E-7	2.311800E-2
1.868000E-7	2.310943E-2
1.868500E-7	2.312485E-2
1.869000E-7	2.312656E-2
1.869500E-7	2.312828E-2
1.870000E-7	2.315054E-2
1.870500E-7	2.316425E-2
1.871000E-7	2.315226E-2
1.871500E-7	2.313513E-2
1.872000E-7	2.313684E-2
1.872500E-7	2.317281E-2
1.873000E-7	2.320022E-2
1.873500E-7	2.320022E-2
1.874000E-7	2.318480E-2
1.874500E-7	2.316596E-2
1.875000E-7	2.313342E-2
1.875500E-7	2.312656E-2
1.876000E-7	2.315911E-2
1.876500E-7	2.321050E-2
1.877000E-7	2.325161E-2
1.877500E-7	2.331328E-2
1.878000E-7	2.338693E-2
1.878500E-7	2.342804E-2
1.879000E-7	2.345888E-2
1.879500E-7	2.349656E-2
1.880000E-7	2.353425E-2
1.880500E-7	2.356508E-2
1.881000E-7	2.359591E-2
1.881500E-7	2.361818E-2
1.882000E-7	2.361818E-2
1.882500E-7	2.360105E-2
1.883000E-7	2.356679E-2
1.883500E-7	2.353253E-2
1.884000E-7	2.351369E-2
1.884500E-7	2.349313E-2
1.885000E-7	2.342633E-2
1.885500E-7	2.332013E-2
1.886000E-7	2.320536E-2
1.886500E-7	2.310430E-2
1.887000E-7	2.301693E-2
1.887500E-7	2.294156E-2
1.888000E-7	2.288332E-2
1.888500E-7	2.283022E-2
1.889000E-7	2.278397E-2
1.889500E-7	2.274286E-2
1.890000E-7	2.271888E-2
1.890500E-7	2.270689E-2
1.891000E-7	2.271717E-2
1.891500E-7	2.272059E-2
1.892000E-7	2.271374E-2
1.892500E-7	2.270175E-2
1.893000E-7	2.269147E-2
1.893500E-7	2.267434E-2
1.894000E-7	2.265036E-2
1.894500E-7	2.263666E-2
1.895000E-7	2.261953E-2
1.895500E-7	2.259555E-2
1.896000E-7	2.260240E-2
1.896500E-7	2.263666E-2
1.897000E-7	2.267606E-2
1.897500E-7	2.269661E-2
1.898000E-7	2.269490E-2
1.898500E-7	2.268120E-2
1.899000E-7	2.266064E-2
1.899500E-7	2.261953E-2
1.900000E-7	2.256129E-2
1.900500E-7	2.252189E-2
1.901000E-7	2.251847E-2
1.901500E-7	2.251675E-2
1.902000E-7	2.252189E-2
1.902500E-7	2.254930E-2
1.903000E-7	2.259555E-2
1.903500E-7	2.264180E-2
1.904000E-7	2.268291E-2
1.904500E-7	2.270689E-2
1.905000E-7	2.270518E-2
1.905500E-7	2.267092E-2
1.906000E-7	2.262810E-2
1.906500E-7	2.259384E-2
1.907000E-7	2.255786E-2
1.907500E-7	2.250476E-2
1.908000E-7	2.245851E-2
1.908500E-7	2.243453E-2
1.909000E-7	2.242083E-2
1.909500E-7	2.241055E-2
1.910000E-7	2.243282E-2
1.910500E-7	2.246194E-2
1.911000E-7	2.244481E-2
1.911500E-7	2.237629E-2
1.912000E-7	2.228379E-2
1.912500E-7	2.219301E-2
1.913000E-7	2.212791E-2
1.913500E-7	2.209708E-2
1.914000E-7	2.210051E-2
1.914500E-7	2.212963E-2
1.915000E-7	2.216902E-2
1.915500E-7	2.220842E-2
1.916000E-7	2.225638E-2
1.916500E-7	2.231976E-2
1.917000E-7	2.237458E-2
1.917500E-7	2.240712E-2
1.918000E-7	2.244138E-2
1.918500E-7	2.246194E-2
1.919000E-7	2.244652E-2
1.919500E-7	2.240884E-2
1.920000E-7	2.236773E-2
1.920500E-7	2.234375E-2
1.921000E-7	2.232490E-2
1.921500E-7	2.228722E-2
1.922000E-7	2.223069E-2
1.922500E-7	2.218615E-2
1.923000E-7	2.216389E-2
1.923500E-7	2.215018E-2
1.924000E-7	2.213990E-2
1.924500E-7	2.215361E-2
1.925000E-7	2.218958E-2
1.925500E-7	2.222384E-2
1.926000E-7	2.228208E-2
1.926500E-7	2.233175E-2
1.927000E-7	2.236601E-2
1.927500E-7	2.240541E-2
1.928000E-7	2.248249E-2
1.928500E-7	2.258185E-2
1.929000E-7	2.265208E-2
1.929500E-7	2.267606E-2
1.930000E-7	2.265550E-2
1.930500E-7	2.259726E-2
1.931000E-7	2.252189E-2
1.931500E-7	2.247050E-2
1.932000E-7	2.243796E-2
1.932500E-7	2.238314E-2
1.933000E-7	2.230606E-2
1.933500E-7	2.224782E-2
1.934000E-7	2.220842E-2
1.934500E-7	2.218273E-2
1.935000E-7	2.218102E-2
1.935500E-7	2.219814E-2
1.936000E-7	2.221014E-2
1.936500E-7	2.221185E-2
1.937000E-7	2.221014E-2
1.937500E-7	2.221014E-2
1.938000E-7	2.220842E-2
1.938500E-7	2.217759E-2
1.939000E-7	2.211078E-2
1.939500E-7	2.203370E-2
1.940000E-7	2.195148E-2
1.940500E-7	2.185042E-2
1.941000E-7	2.175449E-2
1.941500E-7	2.170139E-2
1.942000E-7	2.167912E-2
1.942500E-7	2.165514E-2
1.943000E-7	2.165171E-2
1.943500E-7	2.168426E-2
1.944000E-7	2.174079E-2
1.944500E-7	2.181444E-2
1.945000E-7	2.191037E-2
1.945500E-7	2.200287E-2
1.946000E-7	2.207824E-2
1.946500E-7	2.212791E-2
1.947000E-7	2.215189E-2
1.947500E-7	2.216389E-2
1.948000E-7	2.214333E-2
1.948500E-7	2.209023E-2
1.949000E-7	2.203713E-2
1.949500E-7	2.201315E-2
1.950000E-7	2.200629E-2
1.950500E-7	2.202342E-2
1.951000E-7	2.208680E-2
1.951500E-7	2.218787E-2
1.952000E-7	2.228037E-2
1.952500E-7	2.236944E-2
1.953000E-7	2.247393E-2
1.953500E-7	2.258185E-2
1.954000E-7	2.265036E-2
1.954500E-7	2.268634E-2
1.955000E-7	2.269147E-2
1.955500E-7	2.264009E-2
1.956000E-7	2.255444E-2
1.956500E-7	2.245166E-2
1.957000E-7	2.232490E-2
1.957500E-7	2.218444E-2
1.958000E-7	2.205426E-2
1.958500E-7	2.197032E-2
1.959000E-7	2.194463E-2
1.959500E-7	2.195148E-2
1.960000E-7	2.197375E-2
1.960500E-7	2.202342E-2
1.961000E-7	2.210051E-2
1.961500E-7	2.218273E-2
1.962000E-7	2.225810E-2
1.962500E-7	2.233175E-2
1.963000E-7	2.237972E-2
1.963500E-7	2.239171E-2
1.964000E-7	2.237287E-2
1.964500E-7	2.232662E-2
1.965000E-7	2.225125E-2
1.965500E-7	2.216560E-2
1.966000E-7	2.209879E-2
1.966500E-7	2.203884E-2
1.967000E-7	2.201143E-2
1.967500E-7	2.206282E-2
1.968000E-7	2.217245E-2
1.968500E-7	2.231120E-2
1.969000E-7	2.247564E-2
1.969500E-7	2.265208E-2
1.970000E-7	2.279596E-2
1.970500E-7	2.290045E-2
1.971000E-7	2.298610E-2
1.971500E-7	2.301522E-2
1.972000E-7	2.297754E-2
1.972500E-7	2.292101E-2
1.973000E-7	2.285078E-2
1.973500E-7	2.273944E-2
1.974000E-7	2.259897E-2
1.974500E-7	2.245851E-2
1.975000E-7	2.231634E-2
1.975500E-7	2.215875E-2
1.976000E-7	2.200458E-2
1.976500E-7	2.188296E-2
1.977000E-7	2.180588E-2
1.977500E-7	2.176306E-2
1.978000E-7	2.171852E-2
1.978500E-7	2.166713E-2
1.979000E-7	2.162431E-2
1.979500E-7	2.159005E-2
1.980000E-7	2.156264E-2
1.980500E-7	2.156949E-2
1.981000E-7	2.160204E-2
1.981500E-7	2.163801E-2
1.982000E-7	2.169454E-2
1.982500E-7	2.177162E-2
1.983000E-7	2.184185E-2
1.983500E-7	2.186412E-2
1.984000E-7	2.185727E-2
1.984500E-7	2.184356E-2
1.985000E-7	2.181444E-2
1.985500E-7	2.176648E-2
1.986000E-7	2.172708E-2
1.986500E-7	2.169282E-2
1.987000E-7	2.166370E-2
1.987500E-7	2.164829E-2
1.988000E-7	2.165343E-2
1.988500E-7	2.165857E-2
1.989000E-7	2.166542E-2
1.989500E-7	2.168083E-2
1.990000E-7	2.168255E-2
1.990500E-7	2.166370E-2
1.991000E-7	2.162259E-2
1.991500E-7	2.158833E-2
1.992000E-7	2.155408E-2
1.992500E-7	2.151639E-2
1.993000E-7	2.147528E-2
1.993500E-7	2.143759E-2
1.994000E-7	2.140676E-2
1.994500E-7	2.138621E-2
1.995000E-7	2.138449E-2
1.995500E-7	2.139648E-2
1.996000E-7	2.140505E-2
1.996500E-7	2.141533E-2
1.997000E-7	2.143074E-2
1.997500E-7	2.145301E-2
1.998000E-7	2.147871E-2
1.998500E-7	2.152667E-2
1.999000E-7	2.160375E-2
1.999500E-7	2.168597E-2
2.000000E-7	2.177333E-2
