Study Name	PremaTech_CVD_SiC_HeandSi
Sample Name	2025-10-15
Run Name	spot04
Operator	Keshav
Date	10/15/2025
Time	18:34
Sign	FIX
Grating Spacing	06.40um
Channel	3
Number Traces	10000
Files in Batch	1
Batch Number	73
dt	50.000001E-12
time stamp (ms)	7:53:52 PM
	
Time	Amplitude
0.000000E+0	-1.883996E-4
5.000000E-11	-2.397881E-4
1.000000E-10	-2.552047E-4
1.500000E-10	-2.295104E-4
2.000000E-10	-1.866867E-4
2.500000E-10	-1.421500E-4
3.000000E-10	-7.877083E-5
3.500000E-10	-5.113975E-6
4.000000E-10	5.655223E-5
4.500000E-10	1.045148E-4
5.000000E-10	1.490515E-4
5.500000E-10	1.884494E-4
6.000000E-10	2.141436E-4
6.500000E-10	2.295602E-4
7.000000E-10	2.209954E-4
7.500000E-10	1.764587E-4
8.000000E-10	9.766303E-5
8.500000E-10	1.201553E-5
9.000000E-10	-5.992838E-5
9.500000E-10	-1.113169E-4
1.000000E-9	-1.421500E-4
1.050000E-9	-1.438629E-4
1.100000E-9	-1.061780E-4
1.150000E-9	-4.622478E-5
1.200000E-9	2.571913E-5
1.250000E-9	1.028019E-4
1.300000E-9	1.798846E-4
1.350000E-9	2.535415E-4
1.400000E-9	2.963652E-4
1.450000E-9	2.997911E-4
1.500000E-9	2.621062E-4
1.550000E-9	1.987271E-4
1.600000E-9	1.216443E-4
1.650000E-9	6.169108E-5
1.700000E-9	2.571913E-5
1.750000E-9	-1.025283E-5
1.800000E-9	-6.335428E-5
1.850000E-9	-1.147428E-4
1.900000E-9	-1.421500E-4
1.950000E-9	-1.558536E-4
2.000000E-9	-1.729831E-4
2.050000E-9	-2.003903E-4
2.100000E-9	-2.329363E-4
2.150000E-9	-2.483529E-4
2.200000E-9	-2.569176E-4
2.250000E-9	-2.689083E-4
2.300000E-9	-2.740471E-4
2.350000E-9	-2.603435E-4
2.400000E-9	-2.415011E-4
2.450000E-9	-2.346493E-4
2.500000E-9	-2.260845E-4
2.550000E-9	-2.192327E-4
2.600000E-9	-2.175198E-4
2.650000E-9	-2.295104E-4
2.700000E-9	-2.415011E-4
2.750000E-9	-2.706212E-4
2.800000E-9	-3.185838E-4
2.850000E-9	-3.579817E-4
2.900000E-9	-3.905277E-4
2.950000E-9	-4.196479E-4
3.000000E-9	-4.162220E-4
3.050000E-9	-3.733982E-4
3.100000E-9	-3.237227E-4
3.150000E-9	-2.808989E-4
3.200000E-9	-2.346493E-4
3.250000E-9	-1.918255E-4
3.300000E-9	-1.524277E-4
3.350000E-9	-1.061780E-4
3.400000E-9	-6.849313E-5
3.450000E-9	-4.793773E-5
3.500000E-9	-4.451183E-5
3.550000E-9	-5.478953E-5
3.600000E-9	-7.534493E-5
3.650000E-9	-1.010392E-4
3.700000E-9	-1.215946E-4
3.750000E-9	-1.575665E-4
3.800000E-9	-2.072421E-4
3.850000E-9	-2.552047E-4
3.900000E-9	-2.928896E-4
3.950000E-9	-3.254356E-4
4.000000E-9	-3.391392E-4
4.050000E-9	-3.237227E-4
4.100000E-9	-2.894637E-4
4.150000E-9	-2.415011E-4
4.200000E-9	-1.952514E-4
4.250000E-9	-1.404370E-4
4.300000E-9	-6.506723E-5
4.350000E-9	1.201553E-5
4.400000E-9	6.511698E-5
4.450000E-9	1.010889E-4
4.500000E-9	1.353479E-4
4.550000E-9	1.456256E-4
4.600000E-9	1.336350E-4
4.650000E-9	1.267832E-4
4.700000E-9	1.233573E-4
4.750000E-9	9.937598E-5
4.800000E-9	7.368173E-5
4.850000E-9	7.539468E-5
4.900000E-9	7.882058E-5
4.950000E-9	7.710763E-5
5.000000E-9	9.252418E-5
5.050000E-9	1.062278E-4
5.100000E-9	7.539468E-5
5.150000E-9	2.058028E-5
5.200000E-9	-3.252118E-5
5.250000E-9	-8.904853E-5
5.300000E-9	-1.455759E-4
5.350000E-9	-1.798349E-4
5.400000E-9	-1.969644E-4
5.450000E-9	-2.038162E-4
5.500000E-9	-1.798349E-4
5.550000E-9	-1.301593E-4
5.600000E-9	-7.363198E-5
5.650000E-9	-2.224348E-5
5.700000E-9	1.886733E-5
5.750000E-9	4.627453E-5
5.800000E-9	6.511698E-5
5.850000E-9	7.025583E-5
5.900000E-9	5.312633E-5
5.950000E-9	3.599683E-5
6.000000E-9	2.229323E-5
6.050000E-9	1.737825E-6
6.100000E-9	-2.566938E-5
6.150000E-9	-5.478953E-5
6.200000E-9	-9.590033E-5
6.250000E-9	-1.575665E-4
6.300000E-9	-2.209457E-4
6.350000E-9	-2.757601E-4
6.400000E-9	-3.288615E-4
6.450000E-9	-3.939536E-4
6.500000E-9	-4.658975E-4
6.550000E-9	-5.172860E-4
6.600000E-9	-5.395544E-4
6.650000E-9	-5.378414E-4
6.700000E-9	-5.035824E-4
6.750000E-9	-4.230738E-4
6.800000E-9	-3.134450E-4
6.850000E-9	-1.866867E-4
6.900000E-9	-3.937298E-5
6.950000E-9	1.353479E-4
7.000000E-9	3.117818E-4
7.050000E-9	4.488178E-4
7.100000E-9	5.413171E-4
7.150000E-9	5.944185E-4
7.200000E-9	6.098351E-4
7.250000E-9	5.755761E-4
7.300000E-9	4.847897E-4
7.350000E-9	3.648832E-4
7.400000E-9	2.278472E-4
7.450000E-9	6.340403E-5
7.500000E-9	-1.078910E-4
7.550000E-9	-2.586306E-4
7.600000E-9	-3.922407E-4
7.650000E-9	-5.121472E-4
7.700000E-9	-5.943688E-4
7.750000E-9	-6.200630E-4
7.800000E-9	-6.046465E-4
7.850000E-9	-5.515450E-4
7.900000E-9	-4.607587E-4
7.950000E-9	-3.494169E-4
8.000000E-9	-2.466399E-4
8.050000E-9	-1.541406E-4
8.100000E-9	-7.534493E-5
8.150000E-9	-2.395643E-5
8.200000E-9	-3.401025E-6
8.250000E-9	-1.025283E-5
8.300000E-9	-2.395643E-5
8.350000E-9	-2.909528E-5
8.400000E-9	-3.080823E-5
8.450000E-9	-2.224348E-5
8.500000E-9	1.544143E-5
8.550000E-9	8.224648E-5
8.600000E-9	1.404868E-4
8.650000E-9	1.867364E-4
8.700000E-9	2.312731E-4
8.750000E-9	2.689580E-4
8.800000E-9	2.929393E-4
8.850000E-9	2.878005E-4
8.900000E-9	2.466897E-4
8.950000E-9	1.593292E-4
9.000000E-9	4.284863E-5
9.050000E-9	-8.390968E-5
9.100000E-9	-2.192327E-4
9.150000E-9	-3.459910E-4
9.200000E-9	-4.504810E-4
9.250000E-9	-5.429803E-4
9.300000E-9	-6.354796E-4
9.350000E-9	-7.091364E-4
9.400000E-9	-7.622379E-4
9.450000E-9	-7.982098E-4
9.500000E-9	-8.119134E-4
9.550000E-9	-7.930710E-4
9.600000E-9	-7.553861E-4
9.650000E-9	-7.142753E-4
9.700000E-9	-6.543220E-4
9.750000E-9	-5.789522E-4
9.800000E-9	-5.104342E-4
9.850000E-9	-4.658975E-4
9.900000E-9	-3.939536E-4
9.950000E-9	-2.946025E-4
1.000000E-8	-2.277975E-4
1.005000E-8	-2.089550E-4
1.010000E-8	-1.832608E-4
1.015000E-8	-1.541406E-4
1.020000E-8	-1.627054E-4
1.025000E-8	-2.175198E-4
1.030000E-8	-2.826119E-4
1.035000E-8	-3.596946E-4
1.040000E-8	-4.453421E-4
1.045000E-8	-5.275637E-4
1.050000E-8	-5.875170E-4
1.055000E-8	-6.337666E-4
1.060000E-8	-6.851551E-4
1.065000E-8	-7.331177E-4
1.070000E-8	-7.656638E-4
1.075000E-8	-7.930710E-4
1.080000E-8	-8.290430E-4
1.085000E-8	-8.341818E-4
1.090000E-8	-7.964969E-4
1.095000E-8	-7.673767E-4
1.100000E-8	-7.708026E-4
1.105000E-8	-7.536731E-4
1.110000E-8	-7.005717E-4
1.115000E-8	-6.423314E-4
1.120000E-8	-6.063594E-4
1.125000E-8	-5.892299E-4
1.130000E-8	-5.789522E-4
1.135000E-8	-5.601098E-4
1.140000E-8	-5.378414E-4
1.145000E-8	-5.087213E-4
1.150000E-8	-4.624716E-4
1.155000E-8	-4.008054E-4
1.160000E-8	-3.408522E-4
1.165000E-8	-2.911766E-4
1.170000E-8	-2.534917E-4
1.175000E-8	-2.329363E-4
1.180000E-8	-2.432140E-4
1.185000E-8	-2.826119E-4
1.190000E-8	-3.494169E-4
1.195000E-8	-4.402033E-4
1.200000E-8	-5.446932E-4
1.205000E-8	-6.526091E-4
1.210000E-8	-7.605249E-4
1.215000E-8	-8.478854E-4
1.220000E-8	-9.129775E-4
1.225000E-8	-9.369588E-4
1.230000E-8	-9.129775E-4
1.235000E-8	-8.513113E-4
1.240000E-8	-7.708026E-4
1.245000E-8	-6.594609E-4
1.250000E-8	-5.241378E-4
1.255000E-8	-3.836759E-4
1.260000E-8	-2.552047E-4
1.265000E-8	-1.592795E-4
1.270000E-8	-1.233075E-4
1.275000E-8	-1.387241E-4
1.280000E-8	-1.781219E-4
1.285000E-8	-2.243716E-4
1.290000E-8	-2.860378E-4
1.295000E-8	-3.562687E-4
1.300000E-8	-4.179349E-4
1.305000E-8	-4.350644E-4
1.310000E-8	-4.059443E-4
1.315000E-8	-3.511299E-4
1.320000E-8	-2.740471E-4
1.325000E-8	-1.661313E-4
1.330000E-8	-3.766003E-5
1.335000E-8	8.395943E-5
1.340000E-8	1.764587E-4
1.345000E-8	2.124307E-4
1.350000E-8	2.021530E-4
1.355000E-8	1.387738E-4
1.360000E-8	3.770978E-5
1.365000E-8	-8.219673E-5
1.370000E-8	-1.883996E-4
1.375000E-8	-2.911766E-4
1.380000E-8	-3.785371E-4
1.385000E-8	-4.059443E-4
1.390000E-8	-3.802500E-4
1.395000E-8	-3.442781E-4
1.400000E-8	-2.963155E-4
1.405000E-8	-2.243716E-4
1.410000E-8	-1.644183E-4
1.415000E-8	-1.541406E-4
1.420000E-8	-1.815478E-4
1.425000E-8	-2.363622E-4
1.430000E-8	-3.477040E-4
1.435000E-8	-4.864529E-4
1.440000E-8	-6.166371E-4
1.445000E-8	-7.485343E-4
1.450000E-8	-8.804315E-4
1.455000E-8	-9.369588E-4
1.460000E-8	-9.095516E-4
1.465000E-8	-8.650149E-4
1.470000E-8	-8.033487E-4
1.475000E-8	-6.954328E-4
1.480000E-8	-5.566839E-4
1.485000E-8	-3.853889E-4
1.490000E-8	-1.678442E-4
1.495000E-8	4.284863E-5
1.500000E-8	1.764587E-4
1.505000E-8	2.501156E-4
1.510000E-8	3.220595E-4
1.515000E-8	3.820127E-4
1.520000E-8	4.094199E-4
1.525000E-8	4.231235E-4
1.530000E-8	4.042811E-4
1.535000E-8	3.409019E-4
1.540000E-8	2.501156E-4
1.545000E-8	1.319220E-4
1.550000E-8	-2.395643E-5
1.555000E-8	-1.729831E-4
1.560000E-8	-2.774730E-4
1.565000E-8	-3.768241E-4
1.570000E-8	-4.898788E-4
1.575000E-8	-5.806652E-4
1.580000E-8	-6.063594E-4
1.585000E-8	-5.583968E-4
1.590000E-8	-4.573328E-4
1.595000E-8	-3.751112E-4
1.600000E-8	-3.271486E-4
1.605000E-8	-2.534917E-4
1.610000E-8	-1.370111E-4
1.615000E-8	-3.080823E-5
1.620000E-8	3.599683E-5
1.625000E-8	9.081123E-5
1.630000E-8	1.267832E-4
1.635000E-8	1.353479E-4
1.640000E-8	1.302091E-4
1.645000E-8	1.302091E-4
1.650000E-8	1.319220E-4
1.655000E-8	1.541904E-4
1.660000E-8	1.747458E-4
1.665000E-8	1.661810E-4
1.670000E-8	1.593292E-4
1.675000E-8	1.730328E-4
1.680000E-8	1.661810E-4
1.685000E-8	1.045148E-4
1.690000E-8	3.942273E-5
1.695000E-8	-5.113975E-6
1.700000E-8	-5.307658E-5
1.705000E-8	-1.301593E-4
1.710000E-8	-2.175198E-4
1.715000E-8	-3.048802E-4
1.720000E-8	-3.768241E-4
1.725000E-8	-4.316385E-4
1.730000E-8	-4.881659E-4
1.735000E-8	-5.361285E-4
1.740000E-8	-5.549709E-4
1.745000E-8	-5.721004E-4
1.750000E-8	-6.166371E-4
1.755000E-8	-6.491832E-4
1.760000E-8	-6.474702E-4
1.765000E-8	-6.508961E-4
1.770000E-8	-6.765904E-4
1.775000E-8	-6.868681E-4
1.780000E-8	-6.765904E-4
1.785000E-8	-6.320537E-4
1.790000E-8	-5.241378E-4
1.795000E-8	-3.288615E-4
1.800000E-8	-3.594708E-5
1.805000E-8	4.094199E-4
1.810000E-8	1.089461E-3
1.815000E-8	2.026445E-3
1.820000E-8	3.246065E-3
1.825000E-8	4.821979E-3
1.830000E-8	6.802150E-3
1.835000E-8	9.186576E-3
1.840000E-8	1.197697E-2
1.845000E-8	1.516991E-2
1.850000E-8	1.870373E-2
1.855000E-8	2.254416E-2
1.860000E-8	2.670663E-2
1.865000E-8	3.112090E-2
1.870000E-8	3.564309E-2
1.875000E-8	4.018583E-2
1.880000E-8	4.469946E-2
1.885000E-8	4.904692E-2
1.890000E-8	5.304152E-2
1.895000E-8	5.658390E-2
1.900000E-8	5.956272E-2
1.905000E-8	6.180326E-2
1.910000E-8	6.324899E-2
1.915000E-8	6.398214E-2
1.920000E-8	6.411061E-2
1.925000E-8	6.373204E-2
1.930000E-8	6.301432E-2
1.935000E-8	6.209960E-2
1.940000E-8	6.106327E-2
1.945000E-8	6.004235E-2
1.950000E-8	5.917388E-2
1.955000E-8	5.847157E-2
1.960000E-8	5.790288E-2
1.965000E-8	5.754144E-2
1.970000E-8	5.740269E-2
1.975000E-8	5.745922E-2
1.980000E-8	5.768190E-2
1.985000E-8	5.802792E-2
1.990000E-8	5.843218E-2
1.995000E-8	5.885014E-2
2.000000E-8	5.934004E-2
2.005000E-8	5.981624E-2
2.010000E-8	6.011087E-2
2.015000E-8	6.017253E-2
2.020000E-8	6.003892E-2
2.025000E-8	5.968777E-2
2.030000E-8	5.914648E-2
2.035000E-8	5.855037E-2
2.040000E-8	5.793371E-2
2.045000E-8	5.738214E-2
2.050000E-8	5.699501E-2
2.055000E-8	5.680487E-2
2.060000E-8	5.677404E-2
2.065000E-8	5.691108E-2
2.070000E-8	5.715603E-2
2.075000E-8	5.741640E-2
2.080000E-8	5.765278E-2
2.085000E-8	5.788746E-2
2.090000E-8	5.809644E-2
2.095000E-8	5.831056E-2
2.100000E-8	5.858463E-2
2.105000E-8	5.886213E-2
2.110000E-8	5.910365E-2
2.115000E-8	5.921500E-2
2.120000E-8	5.915847E-2
2.125000E-8	5.897690E-2
2.130000E-8	5.868569E-2
2.135000E-8	5.826602E-2
2.140000E-8	5.776241E-2
2.145000E-8	5.732732E-2
2.150000E-8	5.700186E-2
2.155000E-8	5.675177E-2
2.160000E-8	5.660617E-2
2.165000E-8	5.660446E-2
2.170000E-8	5.667298E-2
2.175000E-8	5.675006E-2
2.180000E-8	5.686997E-2
2.185000E-8	5.701728E-2
2.190000E-8	5.723996E-2
2.195000E-8	5.753288E-2
2.200000E-8	5.786862E-2
2.205000E-8	5.817866E-2
2.210000E-8	5.845958E-2
2.215000E-8	5.867884E-2
2.220000E-8	5.875764E-2
2.225000E-8	5.867028E-2
2.230000E-8	5.844417E-2
2.235000E-8	5.812213E-2
2.240000E-8	5.775042E-2
2.245000E-8	5.743353E-2
2.250000E-8	5.714575E-2
2.255000E-8	5.686997E-2
2.260000E-8	5.670210E-2
2.265000E-8	5.666955E-2
2.270000E-8	5.667983E-2
2.275000E-8	5.671238E-2
2.280000E-8	5.682200E-2
2.285000E-8	5.699330E-2
2.290000E-8	5.721598E-2
2.295000E-8	5.749177E-2
2.300000E-8	5.779496E-2
2.305000E-8	5.808959E-2
2.310000E-8	5.839107E-2
2.315000E-8	5.864972E-2
2.320000E-8	5.874222E-2
2.325000E-8	5.865315E-2
2.330000E-8	5.846815E-2
2.335000E-8	5.815125E-2
2.340000E-8	5.771274E-2
2.345000E-8	5.723825E-2
2.350000E-8	5.678946E-2
2.355000E-8	5.644002E-2
2.360000E-8	5.620363E-2
2.365000E-8	5.603576E-2
2.370000E-8	5.591243E-2
2.375000E-8	5.587988E-2
2.380000E-8	5.596210E-2
2.385000E-8	5.611969E-2
2.390000E-8	5.633039E-2
2.395000E-8	5.663701E-2
2.400000E-8	5.701728E-2
2.405000E-8	5.740612E-2
2.410000E-8	5.776584E-2
2.415000E-8	5.808102E-2
2.420000E-8	5.832426E-2
2.425000E-8	5.842190E-2
2.430000E-8	5.840134E-2
2.435000E-8	5.828658E-2
2.440000E-8	5.807246E-2
2.445000E-8	5.775556E-2
2.450000E-8	5.738385E-2
2.455000E-8	5.700872E-2
2.460000E-8	5.665585E-2
2.465000E-8	5.633039E-2
2.470000E-8	5.602034E-2
2.475000E-8	5.579252E-2
2.480000E-8	5.566576E-2
2.485000E-8	5.564692E-2
2.490000E-8	5.573428E-2
2.495000E-8	5.592613E-2
2.500000E-8	5.617280E-2
2.505000E-8	5.646914E-2
2.510000E-8	5.682200E-2
2.515000E-8	5.718172E-2
2.520000E-8	5.746093E-2
2.525000E-8	5.763566E-2
2.530000E-8	5.770931E-2
2.535000E-8	5.766820E-2
2.540000E-8	5.751746E-2
2.545000E-8	5.731705E-2
2.550000E-8	5.710464E-2
2.555000E-8	5.689223E-2
2.560000E-8	5.670724E-2
2.565000E-8	5.658390E-2
2.570000E-8	5.652224E-2
2.575000E-8	5.651025E-2
2.580000E-8	5.653594E-2
2.585000E-8	5.657877E-2
2.590000E-8	5.664386E-2
2.595000E-8	5.675006E-2
2.600000E-8	5.688710E-2
2.605000E-8	5.708409E-2
2.610000E-8	5.730677E-2
2.615000E-8	5.752603E-2
2.620000E-8	5.774186E-2
2.625000E-8	5.789945E-2
2.630000E-8	5.798681E-2
2.635000E-8	5.801422E-2
2.640000E-8	5.801079E-2
2.645000E-8	5.795426E-2
2.650000E-8	5.783607E-2
2.655000E-8	5.764593E-2
2.660000E-8	5.737357E-2
2.665000E-8	5.709779E-2
2.670000E-8	5.688024E-2
2.675000E-8	5.671751E-2
2.680000E-8	5.661474E-2
2.685000E-8	5.661302E-2
2.690000E-8	5.670210E-2
2.695000E-8	5.684599E-2
2.700000E-8	5.703955E-2
2.705000E-8	5.725709E-2
2.710000E-8	5.744894E-2
2.715000E-8	5.762880E-2
2.720000E-8	5.780695E-2
2.725000E-8	5.795940E-2
2.730000E-8	5.803477E-2
2.735000E-8	5.803135E-2
2.740000E-8	5.793713E-2
2.745000E-8	5.773329E-2
2.750000E-8	5.749005E-2
2.755000E-8	5.723825E-2
2.760000E-8	5.696932E-2
2.765000E-8	5.667126E-2
2.770000E-8	5.640747E-2
2.775000E-8	5.623275E-2
2.780000E-8	5.613854E-2
2.785000E-8	5.613169E-2
2.790000E-8	5.624645E-2
2.795000E-8	5.645372E-2
2.800000E-8	5.669867E-2
2.805000E-8	5.696932E-2
2.810000E-8	5.727422E-2
2.815000E-8	5.760996E-2
2.820000E-8	5.787889E-2
2.825000E-8	5.808102E-2
2.830000E-8	5.822662E-2
2.835000E-8	5.829514E-2
2.840000E-8	5.826945E-2
2.845000E-8	5.817181E-2
2.850000E-8	5.800051E-2
2.855000E-8	5.773672E-2
2.860000E-8	5.742325E-2
2.865000E-8	5.709265E-2
2.870000E-8	5.676205E-2
2.875000E-8	5.650340E-2
2.880000E-8	5.633381E-2
2.885000E-8	5.622761E-2
2.890000E-8	5.617451E-2
2.895000E-8	5.621733E-2
2.900000E-8	5.634238E-2
2.905000E-8	5.647256E-2
2.910000E-8	5.662844E-2
2.915000E-8	5.680316E-2
2.920000E-8	5.691622E-2
2.925000E-8	5.695561E-2
2.930000E-8	5.700015E-2
2.935000E-8	5.706182E-2
2.940000E-8	5.705497E-2
2.945000E-8	5.700358E-2
2.950000E-8	5.692649E-2
2.955000E-8	5.678946E-2
2.960000E-8	5.659418E-2
2.965000E-8	5.640576E-2
2.970000E-8	5.623960E-2
2.975000E-8	5.605974E-2
2.980000E-8	5.591757E-2
2.985000E-8	5.582849E-2
2.990000E-8	5.581308E-2
2.995000E-8	5.588331E-2
3.000000E-8	5.602720E-2
3.005000E-8	5.618821E-2
3.010000E-8	5.638349E-2
3.015000E-8	5.662159E-2
3.020000E-8	5.683913E-2
3.025000E-8	5.698302E-2
3.030000E-8	5.710807E-2
3.035000E-8	5.719371E-2
3.040000E-8	5.717316E-2
3.045000E-8	5.706353E-2
3.050000E-8	5.693335E-2
3.055000E-8	5.677747E-2
3.060000E-8	5.660446E-2
3.065000E-8	5.642803E-2
3.070000E-8	5.624988E-2
3.075000E-8	5.610428E-2
3.080000E-8	5.605632E-2
3.085000E-8	5.607516E-2
3.090000E-8	5.611627E-2
3.095000E-8	5.620020E-2
3.100000E-8	5.635951E-2
3.105000E-8	5.654793E-2
3.110000E-8	5.672608E-2
3.115000E-8	5.688024E-2
3.120000E-8	5.700529E-2
3.125000E-8	5.707209E-2
3.130000E-8	5.705154E-2
3.135000E-8	5.694534E-2
3.140000E-8	5.680487E-2
3.145000E-8	5.664900E-2
3.150000E-8	5.650682E-2
3.155000E-8	5.634580E-2
3.160000E-8	5.616252E-2
3.165000E-8	5.595354E-2
3.170000E-8	5.573771E-2
3.175000E-8	5.553044E-2
3.180000E-8	5.533516E-2
3.185000E-8	5.519813E-2
3.190000E-8	5.518785E-2
3.195000E-8	5.528206E-2
3.200000E-8	5.541567E-2
3.205000E-8	5.559382E-2
3.210000E-8	5.583534E-2
3.215000E-8	5.606488E-2
3.220000E-8	5.624645E-2
3.225000E-8	5.638691E-2
3.230000E-8	5.643145E-2
3.235000E-8	5.639377E-2
3.240000E-8	5.630127E-2
3.245000E-8	5.618479E-2
3.250000E-8	5.601520E-2
3.255000E-8	5.581650E-2
3.260000E-8	5.564178E-2
3.265000E-8	5.547220E-2
3.270000E-8	5.530433E-2
3.275000E-8	5.519641E-2
3.280000E-8	5.519128E-2
3.285000E-8	5.520498E-2
3.290000E-8	5.523581E-2
3.295000E-8	5.533002E-2
3.300000E-8	5.548076E-2
3.305000E-8	5.561266E-2
3.310000E-8	5.572572E-2
3.315000E-8	5.584905E-2
3.320000E-8	5.593812E-2
3.325000E-8	5.599122E-2
3.330000E-8	5.601349E-2
3.335000E-8	5.596382E-2
3.340000E-8	5.583192E-2
3.345000E-8	5.567261E-2
3.350000E-8	5.552530E-2
3.355000E-8	5.538313E-2
3.360000E-8	5.524780E-2
3.365000E-8	5.512961E-2
3.370000E-8	5.506109E-2
3.375000E-8	5.507822E-2
3.380000E-8	5.513475E-2
3.385000E-8	5.519470E-2
3.390000E-8	5.529063E-2
3.395000E-8	5.541567E-2
3.400000E-8	5.551674E-2
3.405000E-8	5.556470E-2
3.410000E-8	5.559553E-2
3.415000E-8	5.561095E-2
3.420000E-8	5.562465E-2
3.425000E-8	5.562465E-2
3.430000E-8	5.559896E-2
3.435000E-8	5.553729E-2
3.440000E-8	5.542081E-2
3.445000E-8	5.525808E-2
3.450000E-8	5.505595E-2
3.455000E-8	5.486068E-2
3.460000E-8	5.464827E-2
3.465000E-8	5.444100E-2
3.470000E-8	5.430054E-2
3.475000E-8	5.422688E-2
3.480000E-8	5.421318E-2
3.485000E-8	5.425600E-2
3.490000E-8	5.437591E-2
3.495000E-8	5.453693E-2
3.500000E-8	5.469966E-2
3.505000E-8	5.485554E-2
3.510000E-8	5.502855E-2
3.515000E-8	5.518956E-2
3.520000E-8	5.526151E-2
3.525000E-8	5.527007E-2
3.530000E-8	5.527007E-2
3.535000E-8	5.522553E-2
3.540000E-8	5.509021E-2
3.545000E-8	5.491892E-2
3.550000E-8	5.475619E-2
3.555000E-8	5.460031E-2
3.560000E-8	5.442387E-2
3.565000E-8	5.424915E-2
3.570000E-8	5.410013E-2
3.575000E-8	5.398022E-2
3.580000E-8	5.388429E-2
3.585000E-8	5.383119E-2
3.590000E-8	5.381749E-2
3.595000E-8	5.384661E-2
3.600000E-8	5.391341E-2
3.605000E-8	5.401790E-2
3.610000E-8	5.412239E-2
3.615000E-8	5.422860E-2
3.620000E-8	5.432452E-2
3.625000E-8	5.437762E-2
3.630000E-8	5.438276E-2
3.635000E-8	5.435022E-2
3.640000E-8	5.428170E-2
3.645000E-8	5.418920E-2
3.650000E-8	5.413096E-2
3.655000E-8	5.410355E-2
3.660000E-8	5.408300E-2
3.665000E-8	5.404360E-2
3.670000E-8	5.399735E-2
3.675000E-8	5.398193E-2
3.680000E-8	5.399050E-2
3.685000E-8	5.402818E-2
3.690000E-8	5.408471E-2
3.695000E-8	5.414124E-2
3.700000E-8	5.418749E-2
3.705000E-8	5.423888E-2
3.710000E-8	5.425943E-2
3.715000E-8	5.427313E-2
3.720000E-8	5.428341E-2
3.725000E-8	5.424401E-2
3.730000E-8	5.418235E-2
3.735000E-8	5.415323E-2
3.740000E-8	5.415494E-2
3.745000E-8	5.415323E-2
3.750000E-8	5.414295E-2
3.755000E-8	5.416693E-2
3.760000E-8	5.422346E-2
3.765000E-8	5.429712E-2
3.770000E-8	5.435878E-2
3.775000E-8	5.439989E-2
3.780000E-8	5.441360E-2
3.785000E-8	5.436735E-2
3.790000E-8	5.426286E-2
3.795000E-8	5.418749E-2
3.800000E-8	5.412582E-2
3.805000E-8	5.405388E-2
3.810000E-8	5.400249E-2
3.815000E-8	5.396823E-2
3.820000E-8	5.391513E-2
3.825000E-8	5.383805E-2
3.830000E-8	5.378837E-2
3.835000E-8	5.377980E-2
3.840000E-8	5.380036E-2
3.845000E-8	5.383976E-2
3.850000E-8	5.390656E-2
3.855000E-8	5.400078E-2
3.860000E-8	5.410869E-2
3.865000E-8	5.416693E-2
3.870000E-8	5.417550E-2
3.875000E-8	5.417378E-2
3.880000E-8	5.416351E-2
3.885000E-8	5.412411E-2
3.890000E-8	5.407101E-2
3.895000E-8	5.400078E-2
3.900000E-8	5.389971E-2
3.905000E-8	5.377295E-2
3.910000E-8	5.367703E-2
3.915000E-8	5.362564E-2
3.920000E-8	5.359652E-2
3.925000E-8	5.358624E-2
3.930000E-8	5.361365E-2
3.935000E-8	5.366332E-2
3.940000E-8	5.371814E-2
3.945000E-8	5.376610E-2
3.950000E-8	5.376953E-2
3.955000E-8	5.369416E-2
3.960000E-8	5.361536E-2
3.965000E-8	5.357082E-2
3.970000E-8	5.351601E-2
3.975000E-8	5.344749E-2
3.980000E-8	5.341837E-2
3.985000E-8	5.343379E-2
3.990000E-8	5.344064E-2
3.995000E-8	5.345263E-2
4.000000E-8	5.347147E-2
4.005000E-8	5.345948E-2
4.010000E-8	5.341837E-2
4.015000E-8	5.339782E-2
4.020000E-8	5.338754E-2
4.025000E-8	5.333958E-2
4.030000E-8	5.331388E-2
4.035000E-8	5.331560E-2
4.040000E-8	5.330360E-2
4.045000E-8	5.325564E-2
4.050000E-8	5.322310E-2
4.055000E-8	5.320425E-2
4.060000E-8	5.317171E-2
4.065000E-8	5.315800E-2
4.070000E-8	5.320083E-2
4.075000E-8	5.325050E-2
4.080000E-8	5.325564E-2
4.085000E-8	5.324536E-2
4.090000E-8	5.323337E-2
4.095000E-8	5.319055E-2
4.100000E-8	5.311518E-2
4.105000E-8	5.305180E-2
4.110000E-8	5.299013E-2
4.115000E-8	5.290963E-2
4.120000E-8	5.283768E-2
4.125000E-8	5.278287E-2
4.130000E-8	5.274690E-2
4.135000E-8	5.275032E-2
4.140000E-8	5.278458E-2
4.145000E-8	5.282055E-2
4.150000E-8	5.285652E-2
4.155000E-8	5.289078E-2
4.160000E-8	5.293532E-2
4.165000E-8	5.296787E-2
4.170000E-8	5.300726E-2
4.175000E-8	5.303981E-2
4.180000E-8	5.305523E-2
4.185000E-8	5.304666E-2
4.190000E-8	5.303638E-2
4.195000E-8	5.305523E-2
4.200000E-8	5.310662E-2
4.205000E-8	5.312032E-2
4.210000E-8	5.311689E-2
4.215000E-8	5.316143E-2
4.220000E-8	5.319398E-2
4.225000E-8	5.318712E-2
4.230000E-8	5.317342E-2
4.235000E-8	5.320254E-2
4.240000E-8	5.321282E-2
4.245000E-8	5.317856E-2
4.250000E-8	5.313916E-2
4.255000E-8	5.309120E-2
4.260000E-8	5.301925E-2
4.265000E-8	5.296615E-2
4.270000E-8	5.291648E-2
4.275000E-8	5.285995E-2
4.280000E-8	5.285139E-2
4.285000E-8	5.288564E-2
4.290000E-8	5.292333E-2
4.295000E-8	5.295245E-2
4.300000E-8	5.300041E-2
4.305000E-8	5.305351E-2
4.310000E-8	5.307407E-2
4.315000E-8	5.307407E-2
4.320000E-8	5.306893E-2
4.325000E-8	5.301412E-2
4.330000E-8	5.292504E-2
4.335000E-8	5.283426E-2
4.340000E-8	5.274004E-2
4.345000E-8	5.263042E-2
4.350000E-8	5.252593E-2
4.355000E-8	5.244713E-2
4.360000E-8	5.237005E-2
4.365000E-8	5.230324E-2
4.370000E-8	5.227412E-2
4.375000E-8	5.227070E-2
4.380000E-8	5.230324E-2
4.385000E-8	5.238546E-2
4.390000E-8	5.246597E-2
4.395000E-8	5.250194E-2
4.400000E-8	5.249338E-2
4.405000E-8	5.245741E-2
4.410000E-8	5.240602E-2
4.415000E-8	5.236148E-2
4.420000E-8	5.234949E-2
4.425000E-8	5.234778E-2
4.430000E-8	5.234778E-2
4.435000E-8	5.237005E-2
4.440000E-8	5.240431E-2
4.445000E-8	5.241458E-2
4.450000E-8	5.241287E-2
4.455000E-8	5.242315E-2
4.460000E-8	5.246768E-2
4.465000E-8	5.252764E-2
4.470000E-8	5.256875E-2
4.475000E-8	5.258417E-2
4.480000E-8	5.259273E-2
4.485000E-8	5.258417E-2
4.490000E-8	5.257046E-2
4.495000E-8	5.253792E-2
4.500000E-8	5.246597E-2
4.505000E-8	5.239232E-2
4.510000E-8	5.233921E-2
4.515000E-8	5.228440E-2
4.520000E-8	5.218505E-2
4.525000E-8	5.206172E-2
4.530000E-8	5.196065E-2
4.535000E-8	5.189899E-2
4.540000E-8	5.187500E-2
4.545000E-8	5.188357E-2
4.550000E-8	5.190926E-2
4.555000E-8	5.194695E-2
4.560000E-8	5.198463E-2
4.565000E-8	5.197436E-2
4.570000E-8	5.191269E-2
4.575000E-8	5.186473E-2
4.580000E-8	5.185787E-2
4.585000E-8	5.184417E-2
4.590000E-8	5.179107E-2
4.595000E-8	5.174482E-2
4.600000E-8	5.172769E-2
4.605000E-8	5.170714E-2
4.610000E-8	5.168487E-2
4.615000E-8	5.165746E-2
4.620000E-8	5.161806E-2
4.625000E-8	5.154269E-2
4.630000E-8	5.149816E-2
4.635000E-8	5.150501E-2
4.640000E-8	5.150501E-2
4.645000E-8	5.147589E-2
4.650000E-8	5.145362E-2
4.655000E-8	5.144334E-2
4.660000E-8	5.143478E-2
4.665000E-8	5.141251E-2
4.670000E-8	5.140566E-2
4.675000E-8	5.146561E-2
4.680000E-8	5.156496E-2
4.685000E-8	5.165917E-2
4.690000E-8	5.174482E-2
4.695000E-8	5.183561E-2
4.700000E-8	5.189727E-2
4.705000E-8	5.189385E-2
4.710000E-8	5.183561E-2
4.715000E-8	5.178764E-2
4.720000E-8	5.177223E-2
4.725000E-8	5.175338E-2
4.730000E-8	5.170371E-2
4.735000E-8	5.164033E-2
4.740000E-8	5.156667E-2
4.745000E-8	5.149302E-2
4.750000E-8	5.142279E-2
4.755000E-8	5.140223E-2
4.760000E-8	5.142450E-2
4.765000E-8	5.146732E-2
4.770000E-8	5.149130E-2
4.775000E-8	5.149987E-2
4.780000E-8	5.152728E-2
4.785000E-8	5.161121E-2
4.790000E-8	5.170028E-2
4.795000E-8	5.173283E-2
4.800000E-8	5.172940E-2
4.805000E-8	5.173626E-2
4.810000E-8	5.177394E-2
4.815000E-8	5.179278E-2
4.820000E-8	5.177394E-2
4.825000E-8	5.174311E-2
4.830000E-8	5.172769E-2
4.835000E-8	5.172255E-2
4.840000E-8	5.169343E-2
4.845000E-8	5.161806E-2
4.850000E-8	5.151528E-2
4.855000E-8	5.141251E-2
4.860000E-8	5.134399E-2
4.865000E-8	5.130117E-2
4.870000E-8	5.126177E-2
4.875000E-8	5.121894E-2
4.880000E-8	5.122237E-2
4.885000E-8	5.128061E-2
4.890000E-8	5.134570E-2
4.895000E-8	5.137825E-2
4.900000E-8	5.140737E-2
4.905000E-8	5.144163E-2
4.910000E-8	5.145704E-2
4.915000E-8	5.146561E-2
4.920000E-8	5.147589E-2
4.925000E-8	5.149130E-2
4.930000E-8	5.147931E-2
4.935000E-8	5.148616E-2
4.940000E-8	5.149302E-2
4.945000E-8	5.147760E-2
4.950000E-8	5.144848E-2
4.955000E-8	5.144848E-2
4.960000E-8	5.143135E-2
4.965000E-8	5.138339E-2
4.970000E-8	5.136455E-2
4.975000E-8	5.134570E-2
4.980000E-8	5.128404E-2
4.985000E-8	5.120181E-2
4.990000E-8	5.111617E-2
4.995000E-8	5.097913E-2
5.000000E-8	5.079071E-2
5.005000E-8	5.062626E-2
5.010000E-8	5.048923E-2
5.015000E-8	5.033335E-2
5.020000E-8	5.018261E-2
5.025000E-8	5.011067E-2
5.030000E-8	5.012266E-2
5.035000E-8	5.014835E-2
5.040000E-8	5.016548E-2
5.045000E-8	5.019803E-2
5.050000E-8	5.026312E-2
5.055000E-8	5.036076E-2
5.060000E-8	5.043270E-2
5.065000E-8	5.046525E-2
5.070000E-8	5.047381E-2
5.075000E-8	5.047039E-2
5.080000E-8	5.047039E-2
5.085000E-8	5.043955E-2
5.090000E-8	5.037103E-2
5.095000E-8	5.027168E-2
5.100000E-8	5.019117E-2
5.105000E-8	5.015006E-2
5.110000E-8	5.011067E-2
5.115000E-8	5.001817E-2
5.120000E-8	4.993594E-2
5.125000E-8	4.990169E-2
5.130000E-8	4.987428E-2
5.135000E-8	4.986057E-2
5.140000E-8	4.987085E-2
5.145000E-8	4.990169E-2
5.150000E-8	4.997363E-2
5.155000E-8	5.008668E-2
5.160000E-8	5.019803E-2
5.165000E-8	5.022372E-2
5.170000E-8	5.024941E-2
5.175000E-8	5.032992E-2
5.180000E-8	5.040701E-2
5.185000E-8	5.044127E-2
5.190000E-8	5.044640E-2
5.195000E-8	5.044640E-2
5.200000E-8	5.042927E-2
5.205000E-8	5.043099E-2
5.210000E-8	5.044812E-2
5.215000E-8	5.047381E-2
5.220000E-8	5.052006E-2
5.225000E-8	5.057659E-2
5.230000E-8	5.060228E-2
5.235000E-8	5.059029E-2
5.240000E-8	5.055261E-2
5.245000E-8	5.048751E-2
5.250000E-8	5.041386E-2
5.255000E-8	5.036590E-2
5.260000E-8	5.037103E-2
5.265000E-8	5.041043E-2
5.270000E-8	5.044127E-2
5.275000E-8	5.045154E-2
5.280000E-8	5.047039E-2
5.285000E-8	5.050636E-2
5.290000E-8	5.050122E-2
5.295000E-8	5.047724E-2
5.300000E-8	5.046011E-2
5.305000E-8	5.043441E-2
5.310000E-8	5.038988E-2
5.315000E-8	5.032821E-2
5.320000E-8	5.023057E-2
5.325000E-8	5.010039E-2
5.330000E-8	4.995479E-2
5.335000E-8	4.982289E-2
5.340000E-8	4.970470E-2
5.345000E-8	4.960363E-2
5.350000E-8	4.956252E-2
5.355000E-8	4.956595E-2
5.360000E-8	4.962419E-2
5.365000E-8	4.972868E-2
5.370000E-8	4.989483E-2
5.375000E-8	5.006442E-2
5.380000E-8	5.017576E-2
5.385000E-8	5.018604E-2
5.390000E-8	5.011752E-2
5.395000E-8	5.005756E-2
5.400000E-8	5.005756E-2
5.405000E-8	5.005243E-2
5.410000E-8	5.000446E-2
5.415000E-8	4.990854E-2
5.420000E-8	4.976636E-2
5.425000E-8	4.959335E-2
5.430000E-8	4.943234E-2
5.435000E-8	4.929873E-2
5.440000E-8	4.919081E-2
5.445000E-8	4.911887E-2
5.450000E-8	4.912401E-2
5.455000E-8	4.922678E-2
5.460000E-8	4.936896E-2
5.465000E-8	4.949572E-2
5.470000E-8	4.962419E-2
5.475000E-8	4.976122E-2
5.480000E-8	4.987599E-2
5.485000E-8	4.993594E-2
5.490000E-8	4.997192E-2
5.495000E-8	5.002502E-2
5.500000E-8	5.006442E-2
5.505000E-8	5.004043E-2
5.510000E-8	4.995479E-2
5.515000E-8	4.982974E-2
5.520000E-8	4.967044E-2
5.525000E-8	4.947516E-2
5.530000E-8	4.930729E-2
5.535000E-8	4.919424E-2
5.540000E-8	4.913771E-2
5.545000E-8	4.909489E-2
5.550000E-8	4.903665E-2
5.555000E-8	4.899211E-2
5.560000E-8	4.901095E-2
5.565000E-8	4.905891E-2
5.570000E-8	4.906748E-2
5.575000E-8	4.904692E-2
5.580000E-8	4.904692E-2
5.585000E-8	4.903836E-2
5.590000E-8	4.901095E-2
5.595000E-8	4.902294E-2
5.600000E-8	4.906919E-2
5.605000E-8	4.908803E-2
5.610000E-8	4.907604E-2
5.615000E-8	4.906234E-2
5.620000E-8	4.906405E-2
5.625000E-8	4.907947E-2
5.630000E-8	4.910174E-2
5.635000E-8	4.912915E-2
5.640000E-8	4.917026E-2
5.645000E-8	4.921137E-2
5.650000E-8	4.922336E-2
5.655000E-8	4.920794E-2
5.660000E-8	4.920794E-2
5.665000E-8	4.922336E-2
5.670000E-8	4.925419E-2
5.675000E-8	4.930729E-2
5.680000E-8	4.937924E-2
5.685000E-8	4.947345E-2
5.690000E-8	4.959335E-2
5.695000E-8	4.968757E-2
5.700000E-8	4.970984E-2
5.705000E-8	4.966872E-2
5.710000E-8	4.958479E-2
5.715000E-8	4.944433E-2
5.720000E-8	4.927132E-2
5.725000E-8	4.913428E-2
5.730000E-8	4.905549E-2
5.735000E-8	4.901952E-2
5.740000E-8	4.902294E-2
5.745000E-8	4.906748E-2
5.750000E-8	4.914627E-2
5.755000E-8	4.924563E-2
5.760000E-8	4.935525E-2
5.765000E-8	4.944090E-2
5.770000E-8	4.949229E-2
5.775000E-8	4.952826E-2
5.780000E-8	4.953511E-2
5.785000E-8	4.950428E-2
5.790000E-8	4.940836E-2
5.795000E-8	4.924563E-2
5.800000E-8	4.902808E-2
5.805000E-8	4.879169E-2
5.810000E-8	4.855017E-2
5.815000E-8	4.831378E-2
5.820000E-8	4.812536E-2
5.825000E-8	4.805170E-2
5.830000E-8	4.806369E-2
5.835000E-8	4.812536E-2
5.840000E-8	4.823499E-2
5.845000E-8	4.836860E-2
5.850000E-8	4.850563E-2
5.855000E-8	4.865637E-2
5.860000E-8	4.879512E-2
5.865000E-8	4.888419E-2
5.870000E-8	4.893558E-2
5.875000E-8	4.900924E-2
5.880000E-8	4.904692E-2
5.885000E-8	4.903151E-2
5.890000E-8	4.898526E-2
5.895000E-8	4.892530E-2
5.900000E-8	4.885679E-2
5.905000E-8	4.880540E-2
5.910000E-8	4.877970E-2
5.915000E-8	4.875572E-2
5.920000E-8	4.873859E-2
5.925000E-8	4.875572E-2
5.930000E-8	4.878656E-2
5.935000E-8	4.881054E-2
5.940000E-8	4.881396E-2
5.945000E-8	4.874887E-2
5.950000E-8	4.864438E-2
5.955000E-8	4.853989E-2
5.960000E-8	4.845767E-2
5.965000E-8	4.835318E-2
5.970000E-8	4.825725E-2
5.975000E-8	4.817332E-2
5.980000E-8	4.809110E-2
5.985000E-8	4.801744E-2
5.990000E-8	4.800031E-2
5.995000E-8	4.805684E-2
6.000000E-8	4.813735E-2
6.005000E-8	4.820244E-2
6.010000E-8	4.823327E-2
6.015000E-8	4.823327E-2
6.020000E-8	4.821443E-2
6.025000E-8	4.817332E-2
6.030000E-8	4.810309E-2
6.035000E-8	4.801573E-2
6.040000E-8	4.792837E-2
6.045000E-8	4.785814E-2
6.050000E-8	4.782388E-2
6.055000E-8	4.783416E-2
6.060000E-8	4.786328E-2
6.065000E-8	4.789582E-2
6.070000E-8	4.790610E-2
6.075000E-8	4.792837E-2
6.080000E-8	4.796263E-2
6.085000E-8	4.800374E-2
6.090000E-8	4.806198E-2
6.095000E-8	4.815105E-2
6.100000E-8	4.823670E-2
6.105000E-8	4.828466E-2
6.110000E-8	4.828980E-2
6.115000E-8	4.828295E-2
6.120000E-8	4.826582E-2
6.125000E-8	4.821614E-2
6.130000E-8	4.810823E-2
6.135000E-8	4.799860E-2
6.140000E-8	4.790267E-2
6.145000E-8	4.779304E-2
6.150000E-8	4.768513E-2
6.155000E-8	4.763545E-2
6.160000E-8	4.764573E-2
6.165000E-8	4.769712E-2
6.170000E-8	4.777763E-2
6.175000E-8	4.788726E-2
6.180000E-8	4.799175E-2
6.185000E-8	4.808938E-2
6.190000E-8	4.819045E-2
6.195000E-8	4.828466E-2
6.200000E-8	4.834633E-2
6.205000E-8	4.838059E-2
6.210000E-8	4.837373E-2
6.215000E-8	4.827952E-2
6.220000E-8	4.811508E-2
6.225000E-8	4.793008E-2
6.230000E-8	4.777078E-2
6.235000E-8	4.765430E-2
6.240000E-8	4.757379E-2
6.245000E-8	4.753096E-2
6.250000E-8	4.753268E-2
6.255000E-8	4.757379E-2
6.260000E-8	4.764744E-2
6.265000E-8	4.771939E-2
6.270000E-8	4.779990E-2
6.275000E-8	4.787869E-2
6.280000E-8	4.793865E-2
6.285000E-8	4.796605E-2
6.290000E-8	4.796091E-2
6.295000E-8	4.792152E-2
6.300000E-8	4.788040E-2
6.305000E-8	4.785128E-2
6.310000E-8	4.785642E-2
6.315000E-8	4.791124E-2
6.320000E-8	4.796263E-2
6.325000E-8	4.795920E-2
6.330000E-8	4.791980E-2
6.335000E-8	4.788040E-2
6.340000E-8	4.783587E-2
6.345000E-8	4.776050E-2
6.350000E-8	4.766286E-2
6.355000E-8	4.759263E-2
6.360000E-8	4.756008E-2
6.365000E-8	4.752411E-2
6.370000E-8	4.748814E-2
6.375000E-8	4.745731E-2
6.380000E-8	4.742819E-2
6.385000E-8	4.738194E-2
6.390000E-8	4.732370E-2
6.395000E-8	4.726032E-2
6.400000E-8	4.720550E-2
6.405000E-8	4.717124E-2
6.410000E-8	4.715583E-2
6.415000E-8	4.714384E-2
6.420000E-8	4.711472E-2
6.425000E-8	4.703592E-2
6.430000E-8	4.691601E-2
6.435000E-8	4.684578E-2
6.440000E-8	4.685606E-2
6.445000E-8	4.688175E-2
6.450000E-8	4.689546E-2
6.455000E-8	4.697083E-2
6.460000E-8	4.708731E-2
6.465000E-8	4.716782E-2
6.470000E-8	4.723634E-2
6.475000E-8	4.735967E-2
6.480000E-8	4.747786E-2
6.485000E-8	4.755323E-2
6.490000E-8	4.761147E-2
6.495000E-8	4.763545E-2
6.500000E-8	4.760805E-2
6.505000E-8	4.755323E-2
6.510000E-8	4.746758E-2
6.515000E-8	4.732541E-2
6.520000E-8	4.717124E-2
6.525000E-8	4.705134E-2
6.530000E-8	4.695541E-2
6.535000E-8	4.689717E-2
6.540000E-8	4.688689E-2
6.545000E-8	4.688175E-2
6.550000E-8	4.686976E-2
6.555000E-8	4.684578E-2
6.560000E-8	4.681324E-2
6.565000E-8	4.677041E-2
6.570000E-8	4.670703E-2
6.575000E-8	4.661282E-2
6.580000E-8	4.649634E-2
6.585000E-8	4.637130E-2
6.590000E-8	4.626338E-2
6.595000E-8	4.620000E-2
6.600000E-8	4.619657E-2
6.605000E-8	4.621884E-2
6.610000E-8	4.624111E-2
6.615000E-8	4.629935E-2
6.620000E-8	4.640384E-2
6.625000E-8	4.652546E-2
6.630000E-8	4.662653E-2
6.635000E-8	4.670875E-2
6.640000E-8	4.676356E-2
6.645000E-8	4.680125E-2
6.650000E-8	4.678926E-2
6.655000E-8	4.673787E-2
6.660000E-8	4.665565E-2
6.665000E-8	4.653745E-2
6.670000E-8	4.643296E-2
6.675000E-8	4.637986E-2
6.680000E-8	4.636616E-2
6.685000E-8	4.635588E-2
6.690000E-8	4.637643E-2
6.695000E-8	4.644495E-2
6.700000E-8	4.652204E-2
6.705000E-8	4.662139E-2
6.710000E-8	4.674301E-2
6.715000E-8	4.682180E-2
6.720000E-8	4.684750E-2
6.725000E-8	4.687490E-2
6.730000E-8	4.689203E-2
6.735000E-8	4.687148E-2
6.740000E-8	4.681838E-2
6.745000E-8	4.672588E-2
6.750000E-8	4.659741E-2
6.755000E-8	4.647065E-2
6.760000E-8	4.636273E-2
6.765000E-8	4.625824E-2
6.770000E-8	4.617259E-2
6.775000E-8	4.614005E-2
6.780000E-8	4.616917E-2
6.785000E-8	4.623597E-2
6.790000E-8	4.633361E-2
6.795000E-8	4.642440E-2
6.800000E-8	4.647579E-2
6.805000E-8	4.649977E-2
6.810000E-8	4.649977E-2
6.815000E-8	4.647579E-2
6.820000E-8	4.641926E-2
6.825000E-8	4.635588E-2
6.830000E-8	4.630106E-2
6.835000E-8	4.624111E-2
6.840000E-8	4.616060E-2
6.845000E-8	4.609208E-2
6.850000E-8	4.607496E-2
6.855000E-8	4.607324E-2
6.860000E-8	4.605783E-2
6.865000E-8	4.602871E-2
6.870000E-8	4.599445E-2
6.875000E-8	4.595505E-2
6.880000E-8	4.591736E-2
6.885000E-8	4.587111E-2
6.890000E-8	4.580431E-2
6.895000E-8	4.569982E-2
6.900000E-8	4.558676E-2
6.905000E-8	4.550797E-2
6.910000E-8	4.547200E-2
6.915000E-8	4.546857E-2
6.920000E-8	4.548570E-2
6.925000E-8	4.553709E-2
6.930000E-8	4.560389E-2
6.935000E-8	4.567584E-2
6.940000E-8	4.573922E-2
6.945000E-8	4.578547E-2
6.950000E-8	4.582658E-2
6.955000E-8	4.588824E-2
6.960000E-8	4.593107E-2
6.965000E-8	4.591051E-2
6.970000E-8	4.587625E-2
6.975000E-8	4.586426E-2
6.980000E-8	4.585398E-2
6.985000E-8	4.581116E-2
6.990000E-8	4.576149E-2
6.995000E-8	4.574949E-2
7.000000E-8	4.575121E-2
7.005000E-8	4.573408E-2
7.010000E-8	4.572551E-2
7.015000E-8	4.574264E-2
7.020000E-8	4.580774E-2
7.025000E-8	4.587283E-2
7.030000E-8	4.595505E-2
7.035000E-8	4.603556E-2
7.040000E-8	4.607667E-2
7.045000E-8	4.609380E-2
7.050000E-8	4.609722E-2
7.055000E-8	4.603727E-2
7.060000E-8	4.590880E-2
7.065000E-8	4.575977E-2
7.070000E-8	4.565357E-2
7.075000E-8	4.555764E-2
7.080000E-8	4.543260E-2
7.085000E-8	4.531783E-2
7.090000E-8	4.525617E-2
7.095000E-8	4.521848E-2
7.100000E-8	4.517394E-2
7.105000E-8	4.515168E-2
7.110000E-8	4.518422E-2
7.115000E-8	4.527672E-2
7.120000E-8	4.538292E-2
7.125000E-8	4.553024E-2
7.130000E-8	4.570325E-2
7.135000E-8	4.585912E-2
7.140000E-8	4.593792E-2
7.145000E-8	4.595162E-2
7.150000E-8	4.590195E-2
7.155000E-8	4.582829E-2
7.160000E-8	4.575977E-2
7.165000E-8	4.568783E-2
7.170000E-8	4.560389E-2
7.175000E-8	4.554051E-2
7.180000E-8	4.550283E-2
7.185000E-8	4.548570E-2
7.190000E-8	4.549427E-2
7.195000E-8	4.554394E-2
7.200000E-8	4.559533E-2
7.205000E-8	4.560389E-2
7.210000E-8	4.559019E-2
7.215000E-8	4.557306E-2
7.220000E-8	4.553709E-2
7.225000E-8	4.546172E-2
7.230000E-8	4.538121E-2
7.235000E-8	4.533667E-2
7.240000E-8	4.530070E-2
7.245000E-8	4.524760E-2
7.250000E-8	4.520820E-2
7.255000E-8	4.516709E-2
7.260000E-8	4.509515E-2
7.265000E-8	4.504033E-2
7.270000E-8	4.502663E-2
7.275000E-8	4.503348E-2
7.280000E-8	4.501464E-2
7.285000E-8	4.499237E-2
7.290000E-8	4.500265E-2
7.295000E-8	4.504205E-2
7.300000E-8	4.510543E-2
7.305000E-8	4.516538E-2
7.310000E-8	4.524417E-2
7.315000E-8	4.535038E-2
7.320000E-8	4.543431E-2
7.325000E-8	4.546515E-2
7.330000E-8	4.548741E-2
7.335000E-8	4.549769E-2
7.340000E-8	4.546515E-2
7.345000E-8	4.538806E-2
7.350000E-8	4.532811E-2
7.355000E-8	4.529728E-2
7.360000E-8	4.525959E-2
7.365000E-8	4.520306E-2
7.370000E-8	4.514140E-2
7.375000E-8	4.509001E-2
7.380000E-8	4.508316E-2
7.385000E-8	4.511913E-2
7.390000E-8	4.514825E-2
7.395000E-8	4.517566E-2
7.400000E-8	4.523390E-2
7.405000E-8	4.528700E-2
7.410000E-8	4.526130E-2
7.415000E-8	4.519107E-2
7.420000E-8	4.508144E-2
7.425000E-8	4.492385E-2
7.430000E-8	4.473714E-2
7.435000E-8	4.455899E-2
7.440000E-8	4.437913E-2
7.445000E-8	4.419756E-2
7.450000E-8	4.408793E-2
7.455000E-8	4.405881E-2
7.460000E-8	4.407423E-2
7.465000E-8	4.413418E-2
7.470000E-8	4.426265E-2
7.475000E-8	4.442367E-2
7.480000E-8	4.458640E-2
7.485000E-8	4.476626E-2
7.490000E-8	4.492728E-2
7.495000E-8	4.502320E-2
7.500000E-8	4.505575E-2
7.505000E-8	4.505061E-2
7.510000E-8	4.499066E-2
7.515000E-8	4.488788E-2
7.520000E-8	4.478682E-2
7.525000E-8	4.470288E-2
7.530000E-8	4.463608E-2
7.535000E-8	4.460353E-2
7.540000E-8	4.455728E-2
7.545000E-8	4.448534E-2
7.550000E-8	4.442367E-2
7.555000E-8	4.439455E-2
7.560000E-8	4.437742E-2
7.565000E-8	4.437571E-2
7.570000E-8	4.440140E-2
7.575000E-8	4.442881E-2
7.580000E-8	4.443395E-2
7.585000E-8	4.441682E-2
7.590000E-8	4.438941E-2
7.595000E-8	4.435001E-2
7.600000E-8	4.430205E-2
7.605000E-8	4.421983E-2
7.610000E-8	4.412219E-2
7.615000E-8	4.405881E-2
7.620000E-8	4.402798E-2
7.625000E-8	4.399715E-2
7.630000E-8	4.400057E-2
7.635000E-8	4.408622E-2
7.640000E-8	4.420270E-2
7.645000E-8	4.431233E-2
7.650000E-8	4.442025E-2
7.655000E-8	4.452987E-2
7.660000E-8	4.462580E-2
7.665000E-8	4.466348E-2
7.670000E-8	4.467205E-2
7.675000E-8	4.466862E-2
7.680000E-8	4.462409E-2
7.685000E-8	4.448191E-2
7.690000E-8	4.429006E-2
7.695000E-8	4.411191E-2
7.700000E-8	4.395946E-2
7.705000E-8	4.383613E-2
7.710000E-8	4.379502E-2
7.715000E-8	4.382071E-2
7.720000E-8	4.389951E-2
7.725000E-8	4.402455E-2
7.730000E-8	4.415988E-2
7.735000E-8	4.428150E-2
7.740000E-8	4.437571E-2
7.745000E-8	4.440997E-2
7.750000E-8	4.437228E-2
7.755000E-8	4.431747E-2
7.760000E-8	4.426779E-2
7.765000E-8	4.417358E-2
7.770000E-8	4.402113E-2
7.775000E-8	4.388409E-2
7.780000E-8	4.378817E-2
7.785000E-8	4.369909E-2
7.790000E-8	4.359289E-2
7.795000E-8	4.349868E-2
7.800000E-8	4.344215E-2
7.805000E-8	4.339933E-2
7.810000E-8	4.333937E-2
7.815000E-8	4.327942E-2
7.820000E-8	4.325030E-2
7.825000E-8	4.324859E-2
7.830000E-8	4.326058E-2
7.835000E-8	4.329141E-2
7.840000E-8	4.333424E-2
7.845000E-8	4.338048E-2
7.850000E-8	4.343359E-2
7.855000E-8	4.350553E-2
7.860000E-8	4.360659E-2
7.865000E-8	4.370595E-2
7.870000E-8	4.382585E-2
7.875000E-8	4.396289E-2
7.880000E-8	4.406566E-2
7.885000E-8	4.408793E-2
7.890000E-8	4.406909E-2
7.895000E-8	4.406566E-2
7.900000E-8	4.406738E-2
7.905000E-8	4.402113E-2
7.910000E-8	4.395090E-2
7.915000E-8	4.389094E-2
7.920000E-8	4.384641E-2
7.925000E-8	4.383613E-2
7.930000E-8	4.385326E-2
7.935000E-8	4.387039E-2
7.940000E-8	4.389266E-2
7.945000E-8	4.393034E-2
7.950000E-8	4.396118E-2
7.955000E-8	4.393891E-2
7.960000E-8	4.387895E-2
7.965000E-8	4.381557E-2
7.970000E-8	4.375391E-2
7.975000E-8	4.369567E-2
7.980000E-8	4.361345E-2
7.985000E-8	4.352609E-2
7.990000E-8	4.347984E-2
7.995000E-8	4.344386E-2
8.000000E-8	4.341988E-2
8.005000E-8	4.344044E-2
8.010000E-8	4.350039E-2
8.015000E-8	4.350724E-2
8.020000E-8	4.346271E-2
8.025000E-8	4.341988E-2
8.030000E-8	4.336336E-2
8.035000E-8	4.327257E-2
8.040000E-8	4.318863E-2
8.045000E-8	4.312697E-2
8.050000E-8	4.304303E-2
8.055000E-8	4.294540E-2
8.060000E-8	4.288887E-2
8.065000E-8	4.290600E-2
8.070000E-8	4.296938E-2
8.075000E-8	4.307387E-2
8.080000E-8	4.319549E-2
8.085000E-8	4.331197E-2
8.090000E-8	4.339590E-2
8.095000E-8	4.346442E-2
8.100000E-8	4.349697E-2
8.105000E-8	4.349011E-2
8.110000E-8	4.347641E-2
8.115000E-8	4.347298E-2
8.120000E-8	4.344215E-2
8.125000E-8	4.335993E-2
8.130000E-8	4.327257E-2
8.135000E-8	4.320405E-2
8.140000E-8	4.313553E-2
8.145000E-8	4.305160E-2
8.150000E-8	4.302590E-2
8.155000E-8	4.307901E-2
8.160000E-8	4.313725E-2
8.165000E-8	4.319377E-2
8.170000E-8	4.328285E-2
8.175000E-8	4.338734E-2
8.180000E-8	4.344558E-2
8.185000E-8	4.346785E-2
8.190000E-8	4.348155E-2
8.195000E-8	4.346956E-2
8.200000E-8	4.344558E-2
8.205000E-8	4.342160E-2
8.210000E-8	4.337535E-2
8.215000E-8	4.327086E-2
8.220000E-8	4.312868E-2
8.225000E-8	4.298308E-2
8.230000E-8	4.282549E-2
8.235000E-8	4.265077E-2
8.240000E-8	4.251202E-2
8.245000E-8	4.242295E-2
8.250000E-8	4.236471E-2
8.255000E-8	4.235271E-2
8.260000E-8	4.241267E-2
8.265000E-8	4.249832E-2
8.270000E-8	4.256341E-2
8.275000E-8	4.261822E-2
8.280000E-8	4.268160E-2
8.285000E-8	4.270730E-2
8.290000E-8	4.273128E-2
8.295000E-8	4.278095E-2
8.300000E-8	4.285290E-2
8.305000E-8	4.290086E-2
8.310000E-8	4.296595E-2
8.315000E-8	4.302077E-2
8.320000E-8	4.303618E-2
8.325000E-8	4.301049E-2
8.330000E-8	4.298822E-2
8.335000E-8	4.298479E-2
8.340000E-8	4.297280E-2
8.345000E-8	4.294540E-2
8.350000E-8	4.288716E-2
8.355000E-8	4.283748E-2
8.360000E-8	4.277239E-2
8.365000E-8	4.269188E-2
8.370000E-8	4.261137E-2
8.375000E-8	4.254628E-2
8.380000E-8	4.250517E-2
8.385000E-8	4.247947E-2
8.390000E-8	4.247605E-2
8.395000E-8	4.249832E-2
8.400000E-8	4.253086E-2
8.405000E-8	4.256512E-2
8.410000E-8	4.258568E-2
8.415000E-8	4.259767E-2
8.420000E-8	4.260794E-2
8.425000E-8	4.259253E-2
8.430000E-8	4.256341E-2
8.435000E-8	4.254285E-2
8.440000E-8	4.251202E-2
8.445000E-8	4.249146E-2
8.450000E-8	4.251716E-2
8.455000E-8	4.259424E-2
8.460000E-8	4.265419E-2
8.465000E-8	4.268674E-2
8.470000E-8	4.273470E-2
8.475000E-8	4.279466E-2
8.480000E-8	4.281007E-2
8.485000E-8	4.278780E-2
8.490000E-8	4.277581E-2
8.495000E-8	4.278267E-2
8.500000E-8	4.274669E-2
8.505000E-8	4.267475E-2
8.510000E-8	4.259081E-2
8.515000E-8	4.250345E-2
8.520000E-8	4.244350E-2
8.525000E-8	4.241952E-2
8.530000E-8	4.240582E-2
8.535000E-8	4.237327E-2
8.540000E-8	4.234929E-2
8.545000E-8	4.233730E-2
8.550000E-8	4.227392E-2
8.555000E-8	4.214887E-2
8.560000E-8	4.202040E-2
8.565000E-8	4.192790E-2
8.570000E-8	4.183883E-2
8.575000E-8	4.174804E-2
8.580000E-8	4.169666E-2
8.585000E-8	4.170865E-2
8.590000E-8	4.177888E-2
8.595000E-8	4.188337E-2
8.600000E-8	4.202383E-2
8.605000E-8	4.217457E-2
8.610000E-8	4.230818E-2
8.615000E-8	4.243151E-2
8.620000E-8	4.252058E-2
8.625000E-8	4.254114E-2
8.630000E-8	4.249832E-2
8.635000E-8	4.244008E-2
8.640000E-8	4.236299E-2
8.645000E-8	4.224480E-2
8.650000E-8	4.209749E-2
8.655000E-8	4.197244E-2
8.660000E-8	4.185596E-2
8.665000E-8	4.173263E-2
8.670000E-8	4.162814E-2
8.675000E-8	4.158017E-2
8.680000E-8	4.157675E-2
8.685000E-8	4.159559E-2
8.690000E-8	4.164869E-2
8.695000E-8	4.174119E-2
8.700000E-8	4.184911E-2
8.705000E-8	4.193133E-2
8.710000E-8	4.201184E-2
8.715000E-8	4.212318E-2
8.720000E-8	4.221054E-2
8.725000E-8	4.225165E-2
8.730000E-8	4.224137E-2
8.735000E-8	4.222424E-2
8.740000E-8	4.218656E-2
8.745000E-8	4.211975E-2
8.750000E-8	4.204096E-2
8.755000E-8	4.199471E-2
8.760000E-8	4.197758E-2
8.765000E-8	4.196901E-2
8.770000E-8	4.196730E-2
8.775000E-8	4.197415E-2
8.780000E-8	4.197415E-2
8.785000E-8	4.199642E-2
8.790000E-8	4.206323E-2
8.795000E-8	4.215744E-2
8.800000E-8	4.222253E-2
8.805000E-8	4.225336E-2
8.810000E-8	4.226707E-2
8.815000E-8	4.226535E-2
8.820000E-8	4.221397E-2
8.825000E-8	4.211975E-2
8.830000E-8	4.203582E-2
8.835000E-8	4.196559E-2
8.840000E-8	4.188679E-2
8.845000E-8	4.180457E-2
8.850000E-8	4.176689E-2
8.855000E-8	4.176003E-2
8.860000E-8	4.173263E-2
8.865000E-8	4.166753E-2
8.870000E-8	4.161272E-2
8.875000E-8	4.155448E-2
8.880000E-8	4.149624E-2
8.885000E-8	4.142601E-2
8.890000E-8	4.136948E-2
8.895000E-8	4.134893E-2
8.900000E-8	4.135578E-2
8.905000E-8	4.136263E-2
8.910000E-8	4.135749E-2
8.915000E-8	4.137976E-2
8.920000E-8	4.142087E-2
8.925000E-8	4.143800E-2
8.930000E-8	4.145170E-2
8.935000E-8	4.150994E-2
8.940000E-8	4.158703E-2
8.945000E-8	4.163841E-2
8.950000E-8	4.167439E-2
8.955000E-8	4.172406E-2
8.960000E-8	4.172920E-2
8.965000E-8	4.166068E-2
8.970000E-8	4.155448E-2
8.975000E-8	4.144656E-2
8.980000E-8	4.134550E-2
8.985000E-8	4.123758E-2
8.990000E-8	4.111939E-2
8.995000E-8	4.101319E-2
9.000000E-8	4.096865E-2
9.005000E-8	4.099092E-2
9.010000E-8	4.107143E-2
9.015000E-8	4.120846E-2
9.020000E-8	4.139689E-2
9.025000E-8	4.157504E-2
9.030000E-8	4.171550E-2
9.035000E-8	4.181999E-2
9.040000E-8	4.190221E-2
9.045000E-8	4.195702E-2
9.050000E-8	4.200499E-2
9.055000E-8	4.203582E-2
9.060000E-8	4.202725E-2
9.065000E-8	4.199985E-2
9.070000E-8	4.197587E-2
9.075000E-8	4.192276E-2
9.080000E-8	4.181142E-2
9.085000E-8	4.167781E-2
9.090000E-8	4.153906E-2
9.095000E-8	4.138490E-2
9.100000E-8	4.121189E-2
9.105000E-8	4.104745E-2
9.110000E-8	4.090527E-2
9.115000E-8	4.080763E-2
9.120000E-8	4.073740E-2
9.125000E-8	4.069629E-2
9.130000E-8	4.069115E-2
9.135000E-8	4.074083E-2
9.140000E-8	4.081620E-2
9.145000E-8	4.090527E-2
9.150000E-8	4.100291E-2
9.155000E-8	4.111254E-2
9.160000E-8	4.119133E-2
9.165000E-8	4.121874E-2
9.170000E-8	4.123587E-2
9.175000E-8	4.128212E-2
9.180000E-8	4.133180E-2
9.185000E-8	4.134893E-2
9.190000E-8	4.134207E-2
9.195000E-8	4.133351E-2
9.200000E-8	4.129925E-2
9.205000E-8	4.123587E-2
9.210000E-8	4.114166E-2
9.215000E-8	4.103203E-2
9.220000E-8	4.091898E-2
9.225000E-8	4.081962E-2
9.230000E-8	4.076138E-2
9.235000E-8	4.074083E-2
9.240000E-8	4.077851E-2
9.245000E-8	4.085560E-2
9.250000E-8	4.092069E-2
9.255000E-8	4.099435E-2
9.260000E-8	4.108684E-2
9.265000E-8	4.114680E-2
9.270000E-8	4.117078E-2
9.275000E-8	4.119647E-2
9.280000E-8	4.122217E-2
9.285000E-8	4.119819E-2
9.290000E-8	4.116735E-2
9.295000E-8	4.113823E-2
9.300000E-8	4.107314E-2
9.305000E-8	4.099092E-2
9.310000E-8	4.094810E-2
9.315000E-8	4.092411E-2
9.320000E-8	4.089499E-2
9.325000E-8	4.087273E-2
9.330000E-8	4.086759E-2
9.335000E-8	4.085217E-2
9.340000E-8	4.083675E-2
9.345000E-8	4.081449E-2
9.350000E-8	4.077680E-2
9.355000E-8	4.074597E-2
9.360000E-8	4.069972E-2
9.365000E-8	4.062435E-2
9.370000E-8	4.055069E-2
9.375000E-8	4.049759E-2
9.380000E-8	4.044106E-2
9.385000E-8	4.035884E-2
9.390000E-8	4.028176E-2
9.395000E-8	4.025093E-2
9.400000E-8	4.021838E-2
9.405000E-8	4.016528E-2
9.410000E-8	4.014472E-2
9.415000E-8	4.017042E-2
9.420000E-8	4.018412E-2
9.425000E-8	4.018412E-2
9.430000E-8	4.020810E-2
9.435000E-8	4.024236E-2
9.440000E-8	4.025778E-2
9.445000E-8	4.027662E-2
9.450000E-8	4.031430E-2
9.455000E-8	4.035370E-2
9.460000E-8	4.036227E-2
9.465000E-8	4.035884E-2
9.470000E-8	4.032116E-2
9.475000E-8	4.024065E-2
9.480000E-8	4.015329E-2
9.485000E-8	4.008819E-2
9.490000E-8	4.004708E-2
9.495000E-8	4.004366E-2
9.500000E-8	4.005222E-2
9.505000E-8	4.005222E-2
9.510000E-8	4.008134E-2
9.515000E-8	4.017213E-2
9.520000E-8	4.024921E-2
9.525000E-8	4.029717E-2
9.530000E-8	4.034685E-2
9.535000E-8	4.041708E-2
9.540000E-8	4.044963E-2
9.545000E-8	4.042907E-2
9.550000E-8	4.040166E-2
9.555000E-8	4.033486E-2
9.560000E-8	4.018069E-2
9.565000E-8	4.000940E-2
9.570000E-8	3.989634E-2
9.575000E-8	3.981926E-2
9.580000E-8	3.973190E-2
9.585000E-8	3.967709E-2
9.590000E-8	3.969422E-2
9.595000E-8	3.976102E-2
9.600000E-8	3.987236E-2
9.605000E-8	4.001625E-2
9.610000E-8	4.015157E-2
9.615000E-8	4.025778E-2
9.620000E-8	4.030231E-2
9.625000E-8	4.025264E-2
9.630000E-8	4.016356E-2
9.635000E-8	4.007792E-2
9.640000E-8	3.997685E-2
9.645000E-8	3.983125E-2
9.650000E-8	3.969593E-2
9.655000E-8	3.958287E-2
9.660000E-8	3.948695E-2
9.665000E-8	3.944413E-2
9.670000E-8	3.946639E-2
9.675000E-8	3.952806E-2
9.680000E-8	3.962741E-2
9.685000E-8	3.976616E-2
9.690000E-8	3.991519E-2
9.695000E-8	4.003167E-2
9.700000E-8	4.010532E-2
9.705000E-8	4.012931E-2
9.710000E-8	4.008648E-2
9.715000E-8	4.001625E-2
9.720000E-8	3.994602E-2
9.725000E-8	3.985009E-2
9.730000E-8	3.972676E-2
9.735000E-8	3.960857E-2
9.740000E-8	3.954005E-2
9.745000E-8	3.949723E-2
9.750000E-8	3.944241E-2
9.755000E-8	3.940301E-2
9.760000E-8	3.940987E-2
9.765000E-8	3.944584E-2
9.770000E-8	3.948866E-2
9.775000E-8	3.953491E-2
9.780000E-8	3.959487E-2
9.785000E-8	3.966681E-2
9.790000E-8	3.971991E-2
9.795000E-8	3.974047E-2
9.800000E-8	3.971820E-2
9.805000E-8	3.963598E-2
9.810000E-8	3.952121E-2
9.815000E-8	3.940130E-2
9.820000E-8	3.929167E-2
9.825000E-8	3.917691E-2
9.830000E-8	3.905529E-2
9.835000E-8	3.895765E-2
9.840000E-8	3.890969E-2
9.845000E-8	3.893709E-2
9.850000E-8	3.903130E-2
9.855000E-8	3.916320E-2
9.860000E-8	3.930880E-2
9.865000E-8	3.941843E-2
9.870000E-8	3.948695E-2
9.875000E-8	3.949209E-2
9.880000E-8	3.944241E-2
9.885000E-8	3.937389E-2
9.890000E-8	3.933107E-2
9.895000E-8	3.930880E-2
9.900000E-8	3.925399E-2
9.905000E-8	3.918033E-2
9.910000E-8	3.911181E-2
9.915000E-8	3.906385E-2
9.920000E-8	3.905186E-2
9.925000E-8	3.906385E-2
9.930000E-8	3.908612E-2
9.935000E-8	3.913579E-2
9.940000E-8	3.920089E-2
9.945000E-8	3.923857E-2
9.950000E-8	3.924028E-2
9.955000E-8	3.927283E-2
9.960000E-8	3.933278E-2
9.965000E-8	3.936533E-2
9.970000E-8	3.939274E-2
9.975000E-8	3.946297E-2
9.980000E-8	3.951607E-2
9.985000E-8	3.948524E-2
9.990000E-8	3.940815E-2
9.995000E-8	3.931394E-2
1.000000E-7	3.920089E-2
1.000500E-7	3.905871E-2
1.001000E-7	3.892339E-2
1.001500E-7	3.882232E-2
1.002000E-7	3.872983E-2
1.002500E-7	3.864075E-2
1.003000E-7	3.858765E-2
1.003500E-7	3.859450E-2
1.004000E-7	3.865103E-2
1.004500E-7	3.873668E-2
1.005000E-7	3.884973E-2
1.005500E-7	3.896279E-2
1.006000E-7	3.907070E-2
1.006500E-7	3.917519E-2
1.007000E-7	3.926084E-2
1.007500E-7	3.933450E-2
1.008000E-7	3.940987E-2
1.008500E-7	3.946297E-2
1.009000E-7	3.946297E-2
1.009500E-7	3.943214E-2
1.010000E-7	3.941329E-2
1.010500E-7	3.939959E-2
1.011000E-7	3.937561E-2
1.011500E-7	3.934991E-2
1.012000E-7	3.930709E-2
1.012500E-7	3.924542E-2
1.013000E-7	3.917005E-2
1.013500E-7	3.909297E-2
1.014000E-7	3.901931E-2
1.014500E-7	3.896964E-2
1.015000E-7	3.894052E-2
1.015500E-7	3.889084E-2
1.016000E-7	3.881033E-2
1.016500E-7	3.873496E-2
1.017000E-7	3.868529E-2
1.017500E-7	3.866302E-2
1.018000E-7	3.866645E-2
1.018500E-7	3.868700E-2
1.019000E-7	3.871783E-2
1.019500E-7	3.876066E-2
1.020000E-7	3.879149E-2
1.020500E-7	3.881033E-2
1.021000E-7	3.882232E-2
1.021500E-7	3.887371E-2
1.022000E-7	3.896964E-2
1.022500E-7	3.905015E-2
1.023000E-7	3.909640E-2
1.023500E-7	3.913922E-2
1.024000E-7	3.921116E-2
1.024500E-7	3.925056E-2
1.025000E-7	3.923172E-2
1.025500E-7	3.920945E-2
1.026000E-7	3.921973E-2
1.026500E-7	3.921116E-2
1.027000E-7	3.916491E-2
1.027500E-7	3.909982E-2
1.028000E-7	3.901931E-2
1.028500E-7	3.892681E-2
1.029000E-7	3.882918E-2
1.029500E-7	3.873496E-2
1.030000E-7	3.868529E-2
1.030500E-7	3.869728E-2
1.031000E-7	3.872469E-2
1.031500E-7	3.875209E-2
1.032000E-7	3.878121E-2
1.032500E-7	3.882404E-2
1.033000E-7	3.886515E-2
1.033500E-7	3.889598E-2
1.034000E-7	3.892168E-2
1.034500E-7	3.892853E-2
1.035000E-7	3.892339E-2
1.035500E-7	3.892681E-2
1.036000E-7	3.896107E-2
1.036500E-7	3.899191E-2
1.037000E-7	3.899533E-2
1.037500E-7	3.898848E-2
1.038000E-7	3.900047E-2
1.038500E-7	3.902103E-2
1.039000E-7	3.899362E-2
1.039500E-7	3.893195E-2
1.040000E-7	3.885145E-2
1.040500E-7	3.878978E-2
1.041000E-7	3.873154E-2
1.041500E-7	3.867501E-2
1.042000E-7	3.863561E-2
1.042500E-7	3.860307E-2
1.043000E-7	3.856538E-2
1.043500E-7	3.850372E-2
1.044000E-7	3.841464E-2
1.044500E-7	3.831700E-2
1.045000E-7	3.823821E-2
1.045500E-7	3.820052E-2
1.046000E-7	3.819539E-2
1.046500E-7	3.821251E-2
1.047000E-7	3.823992E-2
1.047500E-7	3.828446E-2
1.048000E-7	3.832386E-2
1.048500E-7	3.836668E-2
1.049000E-7	3.843177E-2
1.049500E-7	3.852085E-2
1.050000E-7	3.858251E-2
1.050500E-7	3.858080E-2
1.051000E-7	3.854140E-2
1.051500E-7	3.849515E-2
1.052000E-7	3.845747E-2
1.052500E-7	3.844205E-2
1.053000E-7	3.845747E-2
1.053500E-7	3.849344E-2
1.054000E-7	3.852941E-2
1.054500E-7	3.855168E-2
1.055000E-7	3.859793E-2
1.055500E-7	3.867330E-2
1.056000E-7	3.874353E-2
1.056500E-7	3.878807E-2
1.057000E-7	3.882061E-2
1.057500E-7	3.883603E-2
1.058000E-7	3.881547E-2
1.058500E-7	3.877608E-2
1.059000E-7	3.872983E-2
1.059500E-7	3.867672E-2
1.060000E-7	3.860821E-2
1.060500E-7	3.855339E-2
1.061000E-7	3.852427E-2
1.061500E-7	3.849515E-2
1.062000E-7	3.845061E-2
1.062500E-7	3.839751E-2
1.063000E-7	3.837696E-2
1.063500E-7	3.836839E-2
1.064000E-7	3.835126E-2
1.064500E-7	3.831015E-2
1.065000E-7	3.825705E-2
1.065500E-7	3.820052E-2
1.066000E-7	3.813029E-2
1.066500E-7	3.805150E-2
1.067000E-7	3.798812E-2
1.067500E-7	3.797441E-2
1.068000E-7	3.800525E-2
1.068500E-7	3.803608E-2
1.069000E-7	3.808062E-2
1.069500E-7	3.813201E-2
1.070000E-7	3.816798E-2
1.070500E-7	3.818339E-2
1.071000E-7	3.821423E-2
1.071500E-7	3.822793E-2
1.072000E-7	3.819881E-2
1.072500E-7	3.814742E-2
1.073000E-7	3.808233E-2
1.073500E-7	3.798127E-2
1.074000E-7	3.787335E-2
1.074500E-7	3.779284E-2
1.075000E-7	3.773460E-2
1.075500E-7	3.765752E-2
1.076000E-7	3.756845E-2
1.076500E-7	3.747937E-2
1.077000E-7	3.740914E-2
1.077500E-7	3.737317E-2
1.078000E-7	3.734234E-2
1.078500E-7	3.729266E-2
1.079000E-7	3.725498E-2
1.079500E-7	3.724470E-2
1.080000E-7	3.723956E-2
1.080500E-7	3.723442E-2
1.081000E-7	3.724470E-2
1.081500E-7	3.725840E-2
1.082000E-7	3.728752E-2
1.082500E-7	3.738173E-2
1.083000E-7	3.749479E-2
1.083500E-7	3.759585E-2
1.084000E-7	3.771576E-2
1.084500E-7	3.786307E-2
1.085000E-7	3.796414E-2
1.085500E-7	3.800353E-2
1.086000E-7	3.807377E-2
1.086500E-7	3.816113E-2
1.087000E-7	3.820738E-2
1.087500E-7	3.823307E-2
1.088000E-7	3.827418E-2
1.088500E-7	3.826562E-2
1.089000E-7	3.818339E-2
1.089500E-7	3.805664E-2
1.090000E-7	3.790590E-2
1.090500E-7	3.777400E-2
1.091000E-7	3.766951E-2
1.091500E-7	3.755988E-2
1.092000E-7	3.748108E-2
1.092500E-7	3.748965E-2
1.093000E-7	3.755645E-2
1.093500E-7	3.762497E-2
1.094000E-7	3.771233E-2
1.094500E-7	3.782367E-2
1.095000E-7	3.790418E-2
1.095500E-7	3.797270E-2
1.096000E-7	3.805664E-2
1.096500E-7	3.812344E-2
1.097000E-7	3.812515E-2
1.097500E-7	3.809603E-2
1.098000E-7	3.801210E-2
1.098500E-7	3.785451E-2
1.099000E-7	3.765238E-2
1.099500E-7	3.748108E-2
1.100000E-7	3.731493E-2
1.100500E-7	3.713507E-2
1.101000E-7	3.697063E-2
1.101500E-7	3.684215E-2
1.102000E-7	3.676336E-2
1.102500E-7	3.673938E-2
1.103000E-7	3.675137E-2
1.103500E-7	3.678905E-2
1.104000E-7	3.683016E-2
1.104500E-7	3.688840E-2
1.105000E-7	3.695521E-2
1.105500E-7	3.702544E-2
1.106000E-7	3.708711E-2
1.106500E-7	3.714363E-2
1.107000E-7	3.717789E-2
1.107500E-7	3.719674E-2
1.108000E-7	3.718132E-2
1.108500E-7	3.712137E-2
1.109000E-7	3.705113E-2
1.109500E-7	3.698433E-2
1.110000E-7	3.692095E-2
1.110500E-7	3.686442E-2
1.111000E-7	3.683188E-2
1.111500E-7	3.679762E-2
1.112000E-7	3.676507E-2
1.112500E-7	3.675651E-2
1.113000E-7	3.678049E-2
1.113500E-7	3.681989E-2
1.114000E-7	3.688669E-2
1.114500E-7	3.698090E-2
1.115000E-7	3.709567E-2
1.115500E-7	3.721558E-2
1.116000E-7	3.732521E-2
1.116500E-7	3.742113E-2
1.117000E-7	3.750849E-2
1.117500E-7	3.756673E-2
1.118000E-7	3.755988E-2
1.118500E-7	3.746909E-2
1.119000E-7	3.732692E-2
1.119500E-7	3.716076E-2
1.120000E-7	3.700831E-2
1.120500E-7	3.686956E-2
1.121000E-7	3.672396E-2
1.121500E-7	3.659035E-2
1.122000E-7	3.646531E-2
1.122500E-7	3.637623E-2
1.123000E-7	3.633512E-2
1.123500E-7	3.635054E-2
1.124000E-7	3.638651E-2
1.124500E-7	3.641906E-2
1.125000E-7	3.648244E-2
1.125500E-7	3.658007E-2
1.126000E-7	3.667257E-2
1.126500E-7	3.675308E-2
1.127000E-7	3.681303E-2
1.127500E-7	3.681817E-2
1.128000E-7	3.677364E-2
1.128500E-7	3.674452E-2
1.129000E-7	3.671197E-2
1.129500E-7	3.667771E-2
1.130000E-7	3.665373E-2
1.130500E-7	3.664688E-2
1.131000E-7	3.662461E-2
1.131500E-7	3.660063E-2
1.132000E-7	3.660577E-2
1.132500E-7	3.663660E-2
1.133000E-7	3.667771E-2
1.133500E-7	3.672054E-2
1.134000E-7	3.676165E-2
1.134500E-7	3.680104E-2
1.135000E-7	3.683873E-2
1.135500E-7	3.686956E-2
1.136000E-7	3.687813E-2
1.136500E-7	3.688669E-2
1.137000E-7	3.689697E-2
1.137500E-7	3.687813E-2
1.138000E-7	3.681475E-2
1.138500E-7	3.674280E-2
1.139000E-7	3.667771E-2
1.139500E-7	3.660063E-2
1.140000E-7	3.651669E-2
1.140500E-7	3.647901E-2
1.141000E-7	3.649614E-2
1.141500E-7	3.652012E-2
1.142000E-7	3.654068E-2
1.142500E-7	3.659549E-2
1.143000E-7	3.667086E-2
1.143500E-7	3.672910E-2
1.144000E-7	3.675479E-2
1.144500E-7	3.675308E-2
1.145000E-7	3.673253E-2
1.145500E-7	3.670854E-2
1.146000E-7	3.669827E-2
1.146500E-7	3.667771E-2
1.147000E-7	3.666743E-2
1.147500E-7	3.668456E-2
1.148000E-7	3.668799E-2
1.148500E-7	3.663660E-2
1.149000E-7	3.654239E-2
1.149500E-7	3.644132E-2
1.150000E-7	3.629230E-2
1.150500E-7	3.611586E-2
1.151000E-7	3.597198E-2
1.151500E-7	3.585378E-2
1.152000E-7	3.575614E-2
1.152500E-7	3.570133E-2
1.153000E-7	3.567735E-2
1.153500E-7	3.567564E-2
1.154000E-7	3.572017E-2
1.154500E-7	3.581610E-2
1.155000E-7	3.593600E-2
1.155500E-7	3.605420E-2
1.156000E-7	3.617753E-2
1.156500E-7	3.627174E-2
1.157000E-7	3.631285E-2
1.157500E-7	3.631970E-2
1.158000E-7	3.630771E-2
1.158500E-7	3.625119E-2
1.159000E-7	3.616725E-2
1.159500E-7	3.610387E-2
1.160000E-7	3.606448E-2
1.160500E-7	3.605248E-2
1.161000E-7	3.605591E-2
1.161500E-7	3.606790E-2
1.162000E-7	3.606961E-2
1.162500E-7	3.609188E-2
1.163000E-7	3.611929E-2
1.163500E-7	3.609873E-2
1.164000E-7	3.603022E-2
1.164500E-7	3.594286E-2
1.165000E-7	3.585721E-2
1.165500E-7	3.578184E-2
1.166000E-7	3.571675E-2
1.166500E-7	3.565679E-2
1.167000E-7	3.561397E-2
1.167500E-7	3.563281E-2
1.168000E-7	3.569448E-2
1.168500E-7	3.573216E-2
1.169000E-7	3.576128E-2
1.169500E-7	3.583665E-2
1.170000E-7	3.592744E-2
1.170500E-7	3.598225E-2
1.171000E-7	3.603364E-2
1.171500E-7	3.610216E-2
1.172000E-7	3.615526E-2
1.172500E-7	3.619123E-2
1.173000E-7	3.623406E-2
1.173500E-7	3.623406E-2
1.174000E-7	3.620151E-2
1.174500E-7	3.617582E-2
1.175000E-7	3.616383E-2
1.175500E-7	3.615184E-2
1.176000E-7	3.616383E-2
1.176500E-7	3.617410E-2
1.177000E-7	3.614841E-2
1.177500E-7	3.610387E-2
1.178000E-7	3.606105E-2
1.178500E-7	3.599596E-2
1.179000E-7	3.594286E-2
1.179500E-7	3.594286E-2
1.180000E-7	3.594971E-2
1.180500E-7	3.592059E-2
1.181000E-7	3.592401E-2
1.181500E-7	3.600623E-2
1.182000E-7	3.609531E-2
1.182500E-7	3.616725E-2
1.183000E-7	3.624776E-2
1.183500E-7	3.632313E-2
1.184000E-7	3.636424E-2
1.184500E-7	3.638137E-2
1.185000E-7	3.635225E-2
1.185500E-7	3.625290E-2
1.186000E-7	3.612100E-2
1.186500E-7	3.598225E-2
1.187000E-7	3.581438E-2
1.187500E-7	3.565508E-2
1.188000E-7	3.554545E-2
1.188500E-7	3.547351E-2
1.189000E-7	3.540842E-2
1.189500E-7	3.537073E-2
1.190000E-7	3.536730E-2
1.190500E-7	3.535360E-2
1.191000E-7	3.532619E-2
1.191500E-7	3.532448E-2
1.192000E-7	3.532962E-2
1.192500E-7	3.533990E-2
1.193000E-7	3.533133E-2
1.193500E-7	3.531078E-2
1.194000E-7	3.527994E-2
1.194500E-7	3.525939E-2
1.195000E-7	3.522342E-2
1.195500E-7	3.516689E-2
1.196000E-7	3.512064E-2
1.196500E-7	3.511721E-2
1.197000E-7	3.515147E-2
1.197500E-7	3.521485E-2
1.198000E-7	3.532105E-2
1.198500E-7	3.543411E-2
1.199000E-7	3.553346E-2
1.199500E-7	3.562767E-2
1.200000E-7	3.570647E-2
1.200500E-7	3.572360E-2
1.201000E-7	3.570304E-2
1.201500E-7	3.566022E-2
1.202000E-7	3.558314E-2
1.202500E-7	3.547693E-2
1.203000E-7	3.539300E-2
1.203500E-7	3.534846E-2
1.204000E-7	3.531078E-2
1.204500E-7	3.528337E-2
1.205000E-7	3.529022E-2
1.205500E-7	3.531420E-2
1.206000E-7	3.534161E-2
1.206500E-7	3.539129E-2
1.207000E-7	3.546666E-2
1.207500E-7	3.553003E-2
1.208000E-7	3.557971E-2
1.208500E-7	3.562939E-2
1.209000E-7	3.566193E-2
1.209500E-7	3.566364E-2
1.210000E-7	3.564309E-2
1.210500E-7	3.559170E-2
1.211000E-7	3.551804E-2
1.211500E-7	3.544267E-2
1.212000E-7	3.535703E-2
1.212500E-7	3.523198E-2
1.213000E-7	3.510351E-2
1.213500E-7	3.502471E-2
1.214000E-7	3.498532E-2
1.214500E-7	3.495791E-2
1.215000E-7	3.495277E-2
1.215500E-7	3.496647E-2
1.216000E-7	3.496819E-2
1.216500E-7	3.497846E-2
1.217000E-7	3.503499E-2
1.217500E-7	3.509495E-2
1.218000E-7	3.515147E-2
1.218500E-7	3.520286E-2
1.219000E-7	3.524397E-2
1.219500E-7	3.526624E-2
1.220000E-7	3.527481E-2
1.220500E-7	3.526795E-2
1.221000E-7	3.523541E-2
1.221500E-7	3.520115E-2
1.222000E-7	3.517203E-2
1.222500E-7	3.516004E-2
1.223000E-7	3.518744E-2
1.223500E-7	3.521314E-2
1.224000E-7	3.520629E-2
1.224500E-7	3.517203E-2
1.225000E-7	3.514291E-2
1.225500E-7	3.513777E-2
1.226000E-7	3.515490E-2
1.226500E-7	3.518402E-2
1.227000E-7	3.520971E-2
1.227500E-7	3.520457E-2
1.228000E-7	3.517032E-2
1.228500E-7	3.514291E-2
1.229000E-7	3.513777E-2
1.229500E-7	3.513092E-2
1.230000E-7	3.511893E-2
1.230500E-7	3.510522E-2
1.231000E-7	3.507782E-2
1.231500E-7	3.503328E-2
1.232000E-7	3.500587E-2
1.232500E-7	3.496819E-2
1.233000E-7	3.489796E-2
1.233500E-7	3.480888E-2
1.234000E-7	3.473351E-2
1.234500E-7	3.466157E-2
1.235000E-7	3.461189E-2
1.235500E-7	3.461018E-2
1.236000E-7	3.461532E-2
1.236500E-7	3.460847E-2
1.237000E-7	3.461018E-2
1.237500E-7	3.461361E-2
1.238000E-7	3.458620E-2
1.238500E-7	3.455537E-2
1.239000E-7	3.450569E-2
1.239500E-7	3.444916E-2
1.240000E-7	3.441490E-2
1.240500E-7	3.444060E-2
1.241000E-7	3.449199E-2
1.241500E-7	3.453310E-2
1.242000E-7	3.456564E-2
1.242500E-7	3.458963E-2
1.243000E-7	3.462046E-2
1.243500E-7	3.464787E-2
1.244000E-7	3.465472E-2
1.244500E-7	3.465129E-2
1.245000E-7	3.466671E-2
1.245500E-7	3.467870E-2
1.246000E-7	3.466842E-2
1.246500E-7	3.466328E-2
1.247000E-7	3.466500E-2
1.247500E-7	3.464787E-2
1.248000E-7	3.462902E-2
1.248500E-7	3.463759E-2
1.249000E-7	3.465986E-2
1.249500E-7	3.465472E-2
1.250000E-7	3.464444E-2
1.250500E-7	3.463930E-2
1.251000E-7	3.463245E-2
1.251500E-7	3.460333E-2
1.252000E-7	3.455879E-2
1.252500E-7	3.449884E-2
1.253000E-7	3.442690E-2
1.253500E-7	3.434981E-2
1.254000E-7	3.429328E-2
1.254500E-7	3.428986E-2
1.255000E-7	3.434296E-2
1.255500E-7	3.441833E-2
1.256000E-7	3.448514E-2
1.256500E-7	3.455023E-2
1.257000E-7	3.462731E-2
1.257500E-7	3.471124E-2
1.258000E-7	3.477976E-2
1.258500E-7	3.483972E-2
1.259000E-7	3.487569E-2
1.259500E-7	3.489453E-2
1.260000E-7	3.491337E-2
1.260500E-7	3.492708E-2
1.261000E-7	3.490995E-2
1.261500E-7	3.486712E-2
1.262000E-7	3.480888E-2
1.262500E-7	3.471810E-2
1.263000E-7	3.457763E-2
1.263500E-7	3.444060E-2
1.264000E-7	3.432069E-2
1.264500E-7	3.419222E-2
1.265000E-7	3.408431E-2
1.265500E-7	3.404148E-2
1.266000E-7	3.403463E-2
1.266500E-7	3.402949E-2
1.267000E-7	3.401407E-2
1.267500E-7	3.401921E-2
1.268000E-7	3.404662E-2
1.268500E-7	3.408259E-2
1.269000E-7	3.409458E-2
1.269500E-7	3.409287E-2
1.270000E-7	3.410829E-2
1.270500E-7	3.412542E-2
1.271000E-7	3.413912E-2
1.271500E-7	3.415967E-2
1.272000E-7	3.420421E-2
1.272500E-7	3.426074E-2
1.273000E-7	3.431384E-2
1.273500E-7	3.437551E-2
1.274000E-7	3.444745E-2
1.274500E-7	3.452111E-2
1.275000E-7	3.459305E-2
1.275500E-7	3.467356E-2
1.276000E-7	3.472495E-2
1.276500E-7	3.471981E-2
1.277000E-7	3.465472E-2
1.277500E-7	3.456736E-2
1.278000E-7	3.447657E-2
1.278500E-7	3.436694E-2
1.279000E-7	3.423676E-2
1.279500E-7	3.413398E-2
1.280000E-7	3.404491E-2
1.280500E-7	3.394384E-2
1.281000E-7	3.385134E-2
1.281500E-7	3.378796E-2
1.282000E-7	3.373829E-2
1.282500E-7	3.371602E-2
1.283000E-7	3.372287E-2
1.283500E-7	3.374171E-2
1.284000E-7	3.375028E-2
1.284500E-7	3.374685E-2
1.285000E-7	3.373486E-2
1.285500E-7	3.370232E-2
1.286000E-7	3.366635E-2
1.286500E-7	3.366463E-2
1.287000E-7	3.367662E-2
1.287500E-7	3.366806E-2
1.288000E-7	3.366463E-2
1.288500E-7	3.369718E-2
1.289000E-7	3.377426E-2
1.289500E-7	3.384792E-2
1.290000E-7	3.392157E-2
1.290500E-7	3.402264E-2
1.291000E-7	3.414255E-2
1.291500E-7	3.423847E-2
1.292000E-7	3.429157E-2
1.292500E-7	3.430699E-2
1.293000E-7	3.426930E-2
1.293500E-7	3.418879E-2
1.294000E-7	3.407574E-2
1.294500E-7	3.394727E-2
1.295000E-7	3.381880E-2
1.295500E-7	3.369033E-2
1.296000E-7	3.355158E-2
1.296500E-7	3.342825E-2
1.297000E-7	3.335288E-2
1.297500E-7	3.331519E-2
1.298000E-7	3.332033E-2
1.298500E-7	3.335973E-2
1.299000E-7	3.342482E-2
1.299500E-7	3.350190E-2
1.300000E-7	3.359783E-2
1.300500E-7	3.372459E-2
1.301000E-7	3.385648E-2
1.301500E-7	3.396097E-2
1.302000E-7	3.405690E-2
1.302500E-7	3.414940E-2
1.303000E-7	3.418194E-2
1.303500E-7	3.415796E-2
1.304000E-7	3.411856E-2
1.304500E-7	3.409116E-2
1.305000E-7	3.405005E-2
1.305500E-7	3.399694E-2
1.306000E-7	3.394213E-2
1.306500E-7	3.389417E-2
1.307000E-7	3.387533E-2
1.307500E-7	3.387361E-2
1.308000E-7	3.387875E-2
1.308500E-7	3.387875E-2
1.309000E-7	3.387533E-2
1.309500E-7	3.387019E-2
1.310000E-7	3.387361E-2
1.310500E-7	3.386676E-2
1.311000E-7	3.383079E-2
1.311500E-7	3.375199E-2
1.312000E-7	3.363380E-2
1.312500E-7	3.345908E-2
1.313000E-7	3.324839E-2
1.313500E-7	3.306681E-2
1.314000E-7	3.291265E-2
1.314500E-7	3.276705E-2
1.315000E-7	3.268654E-2
1.315500E-7	3.271737E-2
1.316000E-7	3.280473E-2
1.316500E-7	3.291265E-2
1.317000E-7	3.304968E-2
1.317500E-7	3.321413E-2
1.318000E-7	3.337000E-2
1.318500E-7	3.349676E-2
1.319000E-7	3.359269E-2
1.319500E-7	3.365093E-2
1.320000E-7	3.366806E-2
1.320500E-7	3.364236E-2
1.321000E-7	3.358241E-2
1.321500E-7	3.352931E-2
1.322000E-7	3.349334E-2
1.322500E-7	3.347963E-2
1.323000E-7	3.348306E-2
1.323500E-7	3.350019E-2
1.324000E-7	3.350704E-2
1.324500E-7	3.351389E-2
1.325000E-7	3.352588E-2
1.325500E-7	3.354815E-2
1.326000E-7	3.360125E-2
1.326500E-7	3.369889E-2
1.327000E-7	3.381023E-2
1.327500E-7	3.388389E-2
1.328000E-7	3.394213E-2
1.328500E-7	3.397982E-2
1.329000E-7	3.396611E-2
1.329500E-7	3.391986E-2
1.330000E-7	3.387704E-2
1.330500E-7	3.382394E-2
1.331000E-7	3.374171E-2
1.331500E-7	3.367148E-2
1.332000E-7	3.363037E-2
1.332500E-7	3.357042E-2
1.333000E-7	3.348477E-2
1.333500E-7	3.341625E-2
1.334000E-7	3.338713E-2
1.334500E-7	3.335630E-2
1.335000E-7	3.334431E-2
1.335500E-7	3.336829E-2
1.336000E-7	3.340769E-2
1.336500E-7	3.343338E-2
1.337000E-7	3.345223E-2
1.337500E-7	3.347792E-2
1.338000E-7	3.349505E-2
1.338500E-7	3.349676E-2
1.339000E-7	3.348820E-2
1.339500E-7	3.347278E-2
1.340000E-7	3.346079E-2
1.340500E-7	3.343681E-2
1.341000E-7	3.338200E-2
1.341500E-7	3.328778E-2
1.342000E-7	3.317987E-2
1.342500E-7	3.307880E-2
1.343000E-7	3.301200E-2
1.343500E-7	3.296404E-2
1.344000E-7	3.293834E-2
1.344500E-7	3.293663E-2
1.345000E-7	3.297089E-2
1.345500E-7	3.302570E-2
1.346000E-7	3.308394E-2
1.346500E-7	3.313019E-2
1.347000E-7	3.316959E-2
1.347500E-7	3.319700E-2
1.348000E-7	3.318843E-2
1.348500E-7	3.314561E-2
1.349000E-7	3.310450E-2
1.349500E-7	3.310450E-2
1.350000E-7	3.311306E-2
1.350500E-7	3.308223E-2
1.351000E-7	3.302228E-2
1.351500E-7	3.297945E-2
1.352000E-7	3.297089E-2
1.352500E-7	3.297089E-2
1.353000E-7	3.297945E-2
1.353500E-7	3.298630E-2
1.354000E-7	3.297774E-2
1.354500E-7	3.294005E-2
1.355000E-7	3.288181E-2
1.355500E-7	3.280987E-2
1.356000E-7	3.273107E-2
1.356500E-7	3.265913E-2
1.357000E-7	3.260774E-2
1.357500E-7	3.256492E-2
1.358000E-7	3.252552E-2
1.358500E-7	3.251867E-2
1.359000E-7	3.256492E-2
1.359500E-7	3.262487E-2
1.360000E-7	3.266084E-2
1.360500E-7	3.270881E-2
1.361000E-7	3.277047E-2
1.361500E-7	3.280131E-2
1.362000E-7	3.278589E-2
1.362500E-7	3.276705E-2
1.363000E-7	3.274649E-2
1.363500E-7	3.267969E-2
1.364000E-7	3.258033E-2
1.364500E-7	3.247242E-2
1.365000E-7	3.236450E-2
1.365500E-7	3.227886E-2
1.366000E-7	3.225316E-2
1.366500E-7	3.227714E-2
1.367000E-7	3.233196E-2
1.367500E-7	3.240390E-2
1.368000E-7	3.248098E-2
1.368500E-7	3.255121E-2
1.369000E-7	3.264885E-2
1.369500E-7	3.278931E-2
1.370000E-7	3.292806E-2
1.370500E-7	3.302056E-2
1.371000E-7	3.307195E-2
1.371500E-7	3.310278E-2
1.372000E-7	3.309936E-2
1.372500E-7	3.304797E-2
1.373000E-7	3.295205E-2
1.373500E-7	3.283043E-2
1.374000E-7	3.270709E-2
1.374500E-7	3.260089E-2
1.375000E-7	3.248612E-2
1.375500E-7	3.237992E-2
1.376000E-7	3.231654E-2
1.376500E-7	3.228228E-2
1.377000E-7	3.222747E-2
1.377500E-7	3.215552E-2
1.378000E-7	3.208872E-2
1.378500E-7	3.202191E-2
1.379000E-7	3.195511E-2
1.379500E-7	3.192256E-2
1.380000E-7	3.193798E-2
1.380500E-7	3.195853E-2
1.381000E-7	3.196710E-2
1.381500E-7	3.196196E-2
1.382000E-7	3.193969E-2
1.382500E-7	3.190372E-2
1.383000E-7	3.188488E-2
1.383500E-7	3.192085E-2
1.384000E-7	3.202191E-2
1.384500E-7	3.218293E-2
1.385000E-7	3.236622E-2
1.385500E-7	3.255807E-2
1.386000E-7	3.276705E-2
1.386500E-7	3.297089E-2
1.387000E-7	3.314218E-2
1.387500E-7	3.327579E-2
1.388000E-7	3.336144E-2
1.388500E-7	3.336144E-2
1.389000E-7	3.326038E-2
1.389500E-7	3.306853E-2
1.390000E-7	3.285098E-2
1.390500E-7	3.261117E-2
1.391000E-7	3.234737E-2
1.391500E-7	3.210413E-2
1.392000E-7	3.194654E-2
1.392500E-7	3.187460E-2
1.393000E-7	3.185747E-2
1.393500E-7	3.188488E-2
1.394000E-7	3.194312E-2
1.394500E-7	3.201849E-2
1.395000E-7	3.208529E-2
1.395500E-7	3.214696E-2
1.396000E-7	3.218636E-2
1.396500E-7	3.220349E-2
1.397000E-7	3.219835E-2
1.397500E-7	3.215895E-2
1.398000E-7	3.208358E-2
1.398500E-7	3.197909E-2
1.399000E-7	3.187117E-2
1.399500E-7	3.179066E-2
1.400000E-7	3.174442E-2
1.400500E-7	3.172900E-2
1.401000E-7	3.172386E-2
1.401500E-7	3.173242E-2
1.402000E-7	3.177867E-2
1.402500E-7	3.187289E-2
1.403000E-7	3.200821E-2
1.403500E-7	3.218122E-2
1.404000E-7	3.237307E-2
1.404500E-7	3.253751E-2
1.405000E-7	3.266427E-2
1.405500E-7	3.275848E-2
1.406000E-7	3.281672E-2
1.406500E-7	3.281501E-2
1.407000E-7	3.276019E-2
1.407500E-7	3.270195E-2
1.408000E-7	3.265057E-2
1.408500E-7	3.259404E-2
1.409000E-7	3.252038E-2
1.409500E-7	3.245529E-2
1.410000E-7	3.238335E-2
1.410500E-7	3.228057E-2
1.411000E-7	3.211613E-2
1.411500E-7	3.193455E-2
1.412000E-7	3.179066E-2
1.412500E-7	3.170502E-2
1.413000E-7	3.167761E-2
1.413500E-7	3.170502E-2
1.414000E-7	3.177867E-2
1.414500E-7	3.189344E-2
1.415000E-7	3.205960E-2
1.415500E-7	3.222747E-2
1.416000E-7	3.235936E-2
1.416500E-7	3.245700E-2
1.417000E-7	3.252552E-2
1.417500E-7	3.251524E-2
1.418000E-7	3.242446E-2
1.418500E-7	3.229085E-2
1.419000E-7	3.209043E-2
1.419500E-7	3.185576E-2
1.420000E-7	3.163307E-2
1.420500E-7	3.147206E-2
1.421000E-7	3.134701E-2
1.421500E-7	3.125794E-2
1.422000E-7	3.123396E-2
1.422500E-7	3.125794E-2
1.423000E-7	3.134701E-2
1.423500E-7	3.149604E-2
1.424000E-7	3.167590E-2
1.424500E-7	3.184205E-2
1.425000E-7	3.199451E-2
1.425500E-7	3.213154E-2
1.426000E-7	3.221034E-2
1.426500E-7	3.220862E-2
1.427000E-7	3.215895E-2
1.427500E-7	3.208701E-2
1.428000E-7	3.197738E-2
1.428500E-7	3.183520E-2
1.429000E-7	3.167932E-2
1.429500E-7	3.153544E-2
1.430000E-7	3.142752E-2
1.430500E-7	3.136071E-2
1.431000E-7	3.131275E-2
1.431500E-7	3.130590E-2
1.432000E-7	3.136071E-2
1.432500E-7	3.145321E-2
1.433000E-7	3.155428E-2
1.433500E-7	3.166391E-2
1.434000E-7	3.176326E-2
1.434500E-7	3.181807E-2
1.435000E-7	3.184205E-2
1.435500E-7	3.186261E-2
1.436000E-7	3.185233E-2
1.436500E-7	3.182150E-2
1.437000E-7	3.178381E-2
1.437500E-7	3.174442E-2
1.438000E-7	3.167590E-2
1.438500E-7	3.158168E-2
1.439000E-7	3.147891E-2
1.439500E-7	3.138298E-2
1.440000E-7	3.128534E-2
1.440500E-7	3.119285E-2
1.441000E-7	3.111062E-2
1.441500E-7	3.105238E-2
1.442000E-7	3.101812E-2
1.442500E-7	3.100785E-2
1.443000E-7	3.103525E-2
1.443500E-7	3.110377E-2
1.444000E-7	3.118599E-2
1.444500E-7	3.125965E-2
1.445000E-7	3.133159E-2
1.445500E-7	3.139155E-2
1.446000E-7	3.144636E-2
1.446500E-7	3.151831E-2
1.447000E-7	3.157997E-2
1.447500E-7	3.157483E-2
1.448000E-7	3.154743E-2
1.448500E-7	3.154057E-2
1.449000E-7	3.151145E-2
1.449500E-7	3.143608E-2
1.450000E-7	3.139326E-2
1.450500E-7	3.142238E-2
1.451000E-7	3.146007E-2
1.451500E-7	3.151145E-2
1.452000E-7	3.160909E-2
1.452500E-7	3.172215E-2
1.453000E-7	3.180094E-2
1.453500E-7	3.186946E-2
1.454000E-7	3.191057E-2
1.454500E-7	3.189344E-2
1.455000E-7	3.184891E-2
1.455500E-7	3.180266E-2
1.456000E-7	3.172557E-2
1.456500E-7	3.162965E-2
1.457000E-7	3.158168E-2
1.457500E-7	3.158340E-2
1.458000E-7	3.156798E-2
1.458500E-7	3.154400E-2
1.459000E-7	3.154571E-2
1.459500E-7	3.154400E-2
1.460000E-7	3.154057E-2
1.460500E-7	3.152516E-2
1.461000E-7	3.148405E-2
1.461500E-7	3.142752E-2
1.462000E-7	3.136071E-2
1.462500E-7	3.126822E-2
1.463000E-7	3.117229E-2
1.463500E-7	3.110206E-2
1.464000E-7	3.107808E-2
1.464500E-7	3.108150E-2
1.465000E-7	3.110891E-2
1.465500E-7	3.115345E-2
1.466000E-7	3.119970E-2
1.466500E-7	3.122710E-2
1.467000E-7	3.120826E-2
1.467500E-7	3.113632E-2
1.468000E-7	3.105067E-2
1.468500E-7	3.095646E-2
1.469000E-7	3.082970E-2
1.469500E-7	3.067725E-2
1.470000E-7	3.054021E-2
1.470500E-7	3.045970E-2
1.471000E-7	3.043401E-2
1.471500E-7	3.042887E-2
1.472000E-7	3.042202E-2
1.472500E-7	3.047169E-2
1.473000E-7	3.058132E-2
1.473500E-7	3.068067E-2
1.474000E-7	3.075433E-2
1.474500E-7	3.084169E-2
1.475000E-7	3.092905E-2
1.475500E-7	3.096845E-2
1.476000E-7	3.100099E-2
1.476500E-7	3.103868E-2
1.477000E-7	3.102840E-2
1.477500E-7	3.095988E-2
1.478000E-7	3.085882E-2
1.478500E-7	3.075604E-2
1.479000E-7	3.067553E-2
1.479500E-7	3.063956E-2
1.480000E-7	3.063442E-2
1.480500E-7	3.065498E-2
1.481000E-7	3.070808E-2
1.481500E-7	3.079202E-2
1.482000E-7	3.087766E-2
1.482500E-7	3.094789E-2
1.483000E-7	3.098215E-2
1.483500E-7	3.100099E-2
1.484000E-7	3.097187E-2
1.484500E-7	3.089137E-2
1.485000E-7	3.078174E-2
1.485500E-7	3.069609E-2
1.486000E-7	3.063614E-2
1.486500E-7	3.056933E-2
1.487000E-7	3.051280E-2
1.487500E-7	3.049396E-2
1.488000E-7	3.050595E-2
1.488500E-7	3.051966E-2
1.489000E-7	3.053850E-2
1.489500E-7	3.058646E-2
1.490000E-7	3.063271E-2
1.490500E-7	3.065840E-2
1.491000E-7	3.068924E-2
1.491500E-7	3.070979E-2
1.492000E-7	3.071665E-2
1.492500E-7	3.072007E-2
1.493000E-7	3.071322E-2
1.493500E-7	3.069266E-2
1.494000E-7	3.067382E-2
1.494500E-7	3.067382E-2
1.495000E-7	3.068924E-2
1.495500E-7	3.072692E-2
1.496000E-7	3.076461E-2
1.496500E-7	3.078688E-2
1.497000E-7	3.078174E-2
1.497500E-7	3.079202E-2
1.498000E-7	3.080572E-2
1.498500E-7	3.077660E-2
1.499000E-7	3.073035E-2
1.499500E-7	3.069095E-2
1.500000E-7	3.059503E-2
1.500500E-7	3.043230E-2
1.501000E-7	3.028498E-2
1.501500E-7	3.018049E-2
1.502000E-7	3.007771E-2
1.502500E-7	3.000063E-2
1.503000E-7	2.996295E-2
1.503500E-7	2.995610E-2
1.504000E-7	2.994924E-2
1.504500E-7	2.994239E-2
1.505000E-7	2.994239E-2
1.505500E-7	2.994582E-2
1.506000E-7	2.997494E-2
1.506500E-7	3.000920E-2
1.507000E-7	3.003489E-2
1.507500E-7	3.007943E-2
1.508000E-7	3.014281E-2
1.508500E-7	3.020105E-2
1.509000E-7	3.024045E-2
1.509500E-7	3.027128E-2
1.510000E-7	3.031239E-2
1.510500E-7	3.035693E-2
1.511000E-7	3.037577E-2
1.511500E-7	3.036892E-2
1.512000E-7	3.035007E-2
1.512500E-7	3.032267E-2
1.513000E-7	3.031924E-2
1.513500E-7	3.034322E-2
1.514000E-7	3.037063E-2
1.514500E-7	3.039290E-2
1.515000E-7	3.045456E-2
1.515500E-7	3.053165E-2
1.516000E-7	3.056248E-2
1.516500E-7	3.052308E-2
1.517000E-7	3.044600E-2
1.517500E-7	3.034836E-2
1.518000E-7	3.025757E-2
1.518500E-7	3.018392E-2
1.519000E-7	3.010170E-2
1.519500E-7	3.002633E-2
1.520000E-7	2.998693E-2
1.520500E-7	2.998008E-2
1.521000E-7	3.000920E-2
1.521500E-7	3.008285E-2
1.522000E-7	3.018049E-2
1.522500E-7	3.026443E-2
1.523000E-7	3.033294E-2
1.523500E-7	3.040146E-2
1.524000E-7	3.044429E-2
1.524500E-7	3.044257E-2
1.525000E-7	3.041003E-2
1.525500E-7	3.035864E-2
1.526000E-7	3.030040E-2
1.526500E-7	3.025929E-2
1.527000E-7	3.023702E-2
1.527500E-7	3.022503E-2
1.528000E-7	3.024387E-2
1.528500E-7	3.029697E-2
1.529000E-7	3.035007E-2
1.529500E-7	3.035521E-2
1.530000E-7	3.034665E-2
1.530500E-7	3.036549E-2
1.531000E-7	3.037748E-2
1.531500E-7	3.034322E-2
1.532000E-7	3.028156E-2
1.532500E-7	3.020447E-2
1.533000E-7	3.008457E-2
1.533500E-7	2.992869E-2
1.534000E-7	2.977452E-2
1.534500E-7	2.967517E-2
1.535000E-7	2.962207E-2
1.535500E-7	2.959638E-2
1.536000E-7	2.958781E-2
1.536500E-7	2.959638E-2
1.537000E-7	2.963577E-2
1.537500E-7	2.969744E-2
1.538000E-7	2.977281E-2
1.538500E-7	2.983619E-2
1.539000E-7	2.987387E-2
1.539500E-7	2.988929E-2
1.540000E-7	2.989443E-2
1.540500E-7	2.991327E-2
1.541000E-7	2.994068E-2
1.541500E-7	2.995610E-2
1.542000E-7	2.995610E-2
1.542500E-7	2.995610E-2
1.543000E-7	2.996466E-2
1.543500E-7	2.996295E-2
1.544000E-7	2.994239E-2
1.544500E-7	2.993897E-2
1.545000E-7	2.995610E-2
1.545500E-7	2.995952E-2
1.546000E-7	2.990813E-2
1.546500E-7	2.981906E-2
1.547000E-7	2.973855E-2
1.547500E-7	2.967346E-2
1.548000E-7	2.959638E-2
1.548500E-7	2.949360E-2
1.549000E-7	2.942851E-2
1.549500E-7	2.941309E-2
1.550000E-7	2.941652E-2
1.550500E-7	2.943707E-2
1.551000E-7	2.948675E-2
1.551500E-7	2.954327E-2
1.552000E-7	2.958952E-2
1.552500E-7	2.963920E-2
1.553000E-7	2.970087E-2
1.553500E-7	2.976938E-2
1.554000E-7	2.981906E-2
1.554500E-7	2.983961E-2
1.555000E-7	2.984133E-2
1.555500E-7	2.983961E-2
1.556000E-7	2.979508E-2
1.556500E-7	2.970600E-2
1.557000E-7	2.959638E-2
1.557500E-7	2.950045E-2
1.558000E-7	2.940624E-2
1.558500E-7	2.929661E-2
1.559000E-7	2.917156E-2
1.559500E-7	2.907564E-2
1.560000E-7	2.900883E-2
1.560500E-7	2.894203E-2
1.561000E-7	2.889578E-2
1.561500E-7	2.890263E-2
1.562000E-7	2.895402E-2
1.562500E-7	2.900541E-2
1.563000E-7	2.907735E-2
1.563500E-7	2.917842E-2
1.564000E-7	2.929832E-2
1.564500E-7	2.941138E-2
1.565000E-7	2.951073E-2
1.565500E-7	2.959124E-2
1.566000E-7	2.965804E-2
1.566500E-7	2.972313E-2
1.567000E-7	2.977281E-2
1.567500E-7	2.978823E-2
1.568000E-7	2.976253E-2
1.568500E-7	2.970258E-2
1.569000E-7	2.963749E-2
1.569500E-7	2.956383E-2
1.570000E-7	2.948161E-2
1.570500E-7	2.939939E-2
1.571000E-7	2.934971E-2
1.571500E-7	2.933429E-2
1.572000E-7	2.934800E-2
1.572500E-7	2.937883E-2
1.573000E-7	2.942508E-2
1.573500E-7	2.946619E-2
1.574000E-7	2.947647E-2
1.574500E-7	2.942851E-2
1.575000E-7	2.935656E-2
1.575500E-7	2.925721E-2
1.576000E-7	2.910133E-2
1.576500E-7	2.892833E-2
1.577000E-7	2.880328E-2
1.577500E-7	2.873819E-2
1.578000E-7	2.872448E-2
1.578500E-7	2.875874E-2
1.579000E-7	2.882897E-2
1.579500E-7	2.890092E-2
1.580000E-7	2.898657E-2
1.580500E-7	2.907564E-2
1.581000E-7	2.915957E-2
1.581500E-7	2.925379E-2
1.582000E-7	2.934286E-2
1.582500E-7	2.938397E-2
1.583000E-7	2.938740E-2
1.583500E-7	2.938740E-2
1.584000E-7	2.934286E-2
1.584500E-7	2.924693E-2
1.585000E-7	2.914244E-2
1.585500E-7	2.905166E-2
1.586000E-7	2.894203E-2
1.586500E-7	2.882384E-2
1.587000E-7	2.874504E-2
1.587500E-7	2.867310E-2
1.588000E-7	2.858916E-2
1.588500E-7	2.855662E-2
1.589000E-7	2.860800E-2
1.589500E-7	2.869194E-2
1.590000E-7	2.881013E-2
1.590500E-7	2.897971E-2
1.591000E-7	2.917842E-2
1.591500E-7	2.933943E-2
1.592000E-7	2.945078E-2
1.592500E-7	2.954156E-2
1.593000E-7	2.960323E-2
1.593500E-7	2.960151E-2
1.594000E-7	2.955013E-2
1.594500E-7	2.945763E-2
1.595000E-7	2.933258E-2
1.595500E-7	2.919555E-2
1.596000E-7	2.906536E-2
1.596500E-7	2.895059E-2
1.597000E-7	2.888721E-2
1.597500E-7	2.890606E-2
1.598000E-7	2.896601E-2
1.598500E-7	2.903795E-2
1.599000E-7	2.912703E-2
1.599500E-7	2.921268E-2
1.600000E-7	2.925550E-2
1.600500E-7	2.926749E-2
1.601000E-7	2.926920E-2
1.601500E-7	2.925207E-2
1.602000E-7	2.920582E-2
1.602500E-7	2.914416E-2
1.603000E-7	2.905680E-2
1.603500E-7	2.894888E-2
1.604000E-7	2.886495E-2
1.604500E-7	2.881870E-2
1.605000E-7	2.879300E-2
1.605500E-7	2.878101E-2
1.606000E-7	2.880842E-2
1.606500E-7	2.884610E-2
1.607000E-7	2.885981E-2
1.607500E-7	2.885296E-2
1.608000E-7	2.886495E-2
1.608500E-7	2.887351E-2
1.609000E-7	2.884782E-2
1.609500E-7	2.879985E-2
1.610000E-7	2.875703E-2
1.610500E-7	2.871421E-2
1.611000E-7	2.865939E-2
1.611500E-7	2.860286E-2
1.612000E-7	2.859087E-2
1.612500E-7	2.860972E-2
1.613000E-7	2.861999E-2
1.613500E-7	2.863198E-2
1.614000E-7	2.864226E-2
1.614500E-7	2.863198E-2
1.615000E-7	2.859259E-2
1.615500E-7	2.854805E-2
1.616000E-7	2.852064E-2
1.616500E-7	2.847782E-2
1.617000E-7	2.839902E-2
1.617500E-7	2.833051E-2
1.618000E-7	2.828083E-2
1.618500E-7	2.822602E-2
1.619000E-7	2.816606E-2
1.619500E-7	2.812666E-2
1.620000E-7	2.811810E-2
1.620500E-7	2.809583E-2
1.621000E-7	2.807185E-2
1.621500E-7	2.808555E-2
1.622000E-7	2.811467E-2
1.622500E-7	2.812153E-2
1.623000E-7	2.811467E-2
1.623500E-7	2.813352E-2
1.624000E-7	2.818148E-2
1.624500E-7	2.827912E-2
1.625000E-7	2.841615E-2
1.625500E-7	2.854634E-2
1.626000E-7	2.867481E-2
1.626500E-7	2.881870E-2
1.627000E-7	2.894545E-2
1.627500E-7	2.901397E-2
1.628000E-7	2.902768E-2
1.628500E-7	2.902254E-2
1.629000E-7	2.897115E-2
1.629500E-7	2.887522E-2
1.630000E-7	2.873819E-2
1.630500E-7	2.858060E-2
1.631000E-7	2.841615E-2
1.631500E-7	2.826541E-2
1.632000E-7	2.815750E-2
1.632500E-7	2.810440E-2
1.633000E-7	2.810268E-2
1.633500E-7	2.815236E-2
1.634000E-7	2.825514E-2
1.634500E-7	2.841615E-2
1.635000E-7	2.859430E-2
1.635500E-7	2.876731E-2
1.636000E-7	2.891976E-2
1.636500E-7	2.904481E-2
1.637000E-7	2.911332E-2
1.637500E-7	2.910990E-2
1.638000E-7	2.905508E-2
1.638500E-7	2.899170E-2
1.639000E-7	2.890777E-2
1.639500E-7	2.876560E-2
1.640000E-7	2.859259E-2
1.640500E-7	2.841615E-2
1.641000E-7	2.823972E-2
1.641500E-7	2.807528E-2
1.642000E-7	2.797593E-2
1.642500E-7	2.793139E-2
1.643000E-7	2.790227E-2
1.643500E-7	2.790912E-2
1.644000E-7	2.798278E-2
1.644500E-7	2.808555E-2
1.645000E-7	2.819347E-2
1.645500E-7	2.830995E-2
1.646000E-7	2.843500E-2
1.646500E-7	2.853435E-2
1.647000E-7	2.859259E-2
1.647500E-7	2.861828E-2
1.648000E-7	2.860458E-2
1.648500E-7	2.856861E-2
1.649000E-7	2.853263E-2
1.649500E-7	2.851722E-2
1.650000E-7	2.849495E-2
1.650500E-7	2.844013E-2
1.651000E-7	2.837847E-2
1.651500E-7	2.834935E-2
1.652000E-7	2.833736E-2
1.652500E-7	2.832537E-2
1.653000E-7	2.832365E-2
1.653500E-7	2.832708E-2
1.654000E-7	2.832365E-2
1.654500E-7	2.832365E-2
1.655000E-7	2.831166E-2
1.655500E-7	2.826027E-2
1.656000E-7	2.817977E-2
1.656500E-7	2.811981E-2
1.657000E-7	2.804958E-2
1.657500E-7	2.795708E-2
1.658000E-7	2.786801E-2
1.658500E-7	2.782005E-2
1.659000E-7	2.780634E-2
1.659500E-7	2.779264E-2
1.660000E-7	2.778921E-2
1.660500E-7	2.781148E-2
1.661000E-7	2.784060E-2
1.661500E-7	2.786458E-2
1.662000E-7	2.788514E-2
1.662500E-7	2.791255E-2
1.663000E-7	2.793995E-2
1.663500E-7	2.795537E-2
1.664000E-7	2.797421E-2
1.664500E-7	2.797079E-2
1.665000E-7	2.793653E-2
1.665500E-7	2.789884E-2
1.666000E-7	2.786630E-2
1.666500E-7	2.783546E-2
1.667000E-7	2.781491E-2
1.667500E-7	2.780977E-2
1.668000E-7	2.777722E-2
1.668500E-7	2.774810E-2
1.669000E-7	2.777380E-2
1.669500E-7	2.783375E-2
1.670000E-7	2.787829E-2
1.670500E-7	2.793995E-2
1.671000E-7	2.799819E-2
1.671500E-7	2.804273E-2
1.672000E-7	2.807870E-2
1.672500E-7	2.811125E-2
1.673000E-7	2.810954E-2
1.673500E-7	2.808727E-2
1.674000E-7	2.807870E-2
1.674500E-7	2.807356E-2
1.675000E-7	2.806157E-2
1.675500E-7	2.804787E-2
1.676000E-7	2.802389E-2
1.676500E-7	2.796736E-2
1.677000E-7	2.790741E-2
1.677500E-7	2.786287E-2
1.678000E-7	2.781833E-2
1.678500E-7	2.777380E-2
1.679000E-7	2.776695E-2
1.679500E-7	2.779435E-2
1.680000E-7	2.783718E-2
1.680500E-7	2.788685E-2
1.681000E-7	2.792111E-2
1.681500E-7	2.793824E-2
1.682000E-7	2.796393E-2
1.682500E-7	2.800333E-2
1.683000E-7	2.801875E-2
1.683500E-7	2.801704E-2
1.684000E-7	2.802560E-2
1.684500E-7	2.803759E-2
1.685000E-7	2.801361E-2
1.685500E-7	2.795708E-2
1.686000E-7	2.789028E-2
1.686500E-7	2.779607E-2
1.687000E-7	2.768301E-2
1.687500E-7	2.759222E-2
1.688000E-7	2.754426E-2
1.688500E-7	2.751172E-2
1.689000E-7	2.749630E-2
1.689500E-7	2.753741E-2
1.690000E-7	2.763162E-2
1.690500E-7	2.775324E-2
1.691000E-7	2.787829E-2
1.691500E-7	2.799305E-2
1.692000E-7	2.808042E-2
1.692500E-7	2.810954E-2
1.693000E-7	2.808555E-2
1.693500E-7	2.804787E-2
1.694000E-7	2.799991E-2
1.694500E-7	2.792282E-2
1.695000E-7	2.780463E-2
1.695500E-7	2.768644E-2
1.696000E-7	2.757681E-2
1.696500E-7	2.749287E-2
1.697000E-7	2.748945E-2
1.697500E-7	2.756996E-2
1.698000E-7	2.767273E-2
1.698500E-7	2.777037E-2
1.699000E-7	2.789199E-2
1.699500E-7	2.804102E-2
1.700000E-7	2.816092E-2
1.700500E-7	2.823115E-2
1.701000E-7	2.825514E-2
1.701500E-7	2.823801E-2
1.702000E-7	2.819004E-2
1.702500E-7	2.811296E-2
1.703000E-7	2.800333E-2
1.703500E-7	2.783375E-2
1.704000E-7	2.762820E-2
1.704500E-7	2.741922E-2
1.705000E-7	2.720681E-2
1.705500E-7	2.698070E-2
1.706000E-7	2.678029E-2
1.706500E-7	2.666381E-2
1.707000E-7	2.664496E-2
1.707500E-7	2.668607E-2
1.708000E-7	2.677857E-2
1.708500E-7	2.691218E-2
1.709000E-7	2.706806E-2
1.709500E-7	2.723250E-2
1.710000E-7	2.739524E-2
1.710500E-7	2.752885E-2
1.711000E-7	2.761792E-2
1.711500E-7	2.767102E-2
1.712000E-7	2.768301E-2
1.712500E-7	2.763847E-2
1.713000E-7	2.754084E-2
1.713500E-7	2.742436E-2
1.714000E-7	2.730787E-2
1.714500E-7	2.719482E-2
1.715000E-7	2.711089E-2
1.715500E-7	2.706977E-2
1.716000E-7	2.707320E-2
1.716500E-7	2.710575E-2
1.717000E-7	2.714343E-2
1.717500E-7	2.717769E-2
1.718000E-7	2.720338E-2
1.718500E-7	2.724278E-2
1.719000E-7	2.727362E-2
1.719500E-7	2.728903E-2
1.720000E-7	2.729075E-2
1.720500E-7	2.728903E-2
1.721000E-7	2.727019E-2
1.721500E-7	2.723764E-2
1.722000E-7	2.722565E-2
1.722500E-7	2.724621E-2
1.723000E-7	2.728218E-2
1.723500E-7	2.731473E-2
1.724000E-7	2.734385E-2
1.724500E-7	2.735755E-2
1.725000E-7	2.734385E-2
1.725500E-7	2.731130E-2
1.726000E-7	2.726848E-2
1.726500E-7	2.722223E-2
1.727000E-7	2.716399E-2
1.727500E-7	2.707149E-2
1.728000E-7	2.694473E-2
1.728500E-7	2.680769E-2
1.729000E-7	2.672205E-2
1.729500E-7	2.669121E-2
1.730000E-7	2.668779E-2
1.730500E-7	2.668779E-2
1.731000E-7	2.669121E-2
1.731500E-7	2.669978E-2
1.732000E-7	2.671691E-2
1.732500E-7	2.674431E-2
1.733000E-7	2.677172E-2
1.733500E-7	2.679399E-2
1.734000E-7	2.683167E-2
1.734500E-7	2.690704E-2
1.735000E-7	2.701325E-2
1.735500E-7	2.711774E-2
1.736000E-7	2.720167E-2
1.736500E-7	2.726162E-2
1.737000E-7	2.729931E-2
1.737500E-7	2.731644E-2
1.738000E-7	2.732500E-2
1.738500E-7	2.731130E-2
1.739000E-7	2.728218E-2
1.739500E-7	2.721366E-2
1.740000E-7	2.709889E-2
1.740500E-7	2.697899E-2
1.741000E-7	2.688649E-2
1.741500E-7	2.680769E-2
1.742000E-7	2.674603E-2
1.742500E-7	2.671006E-2
1.743000E-7	2.670834E-2
1.743500E-7	2.671691E-2
1.744000E-7	2.674603E-2
1.744500E-7	2.678885E-2
1.745000E-7	2.682311E-2
1.745500E-7	2.684195E-2
1.746000E-7	2.686593E-2
1.746500E-7	2.688991E-2
1.747000E-7	2.690019E-2
1.747500E-7	2.688820E-2
1.748000E-7	2.686936E-2
1.748500E-7	2.685394E-2
1.749000E-7	2.681626E-2
1.749500E-7	2.676487E-2
1.750000E-7	2.673746E-2
1.750500E-7	2.673918E-2
1.751000E-7	2.674431E-2
1.751500E-7	2.675288E-2
1.752000E-7	2.678029E-2
1.752500E-7	2.682140E-2
1.753000E-7	2.685223E-2
1.753500E-7	2.686422E-2
1.754000E-7	2.684880E-2
1.754500E-7	2.680084E-2
1.755000E-7	2.672205E-2
1.755500E-7	2.661927E-2
1.756000E-7	2.650621E-2
1.756500E-7	2.638631E-2
1.757000E-7	2.625441E-2
1.757500E-7	2.613964E-2
1.758000E-7	2.606599E-2
1.758500E-7	2.602830E-2
1.759000E-7	2.602659E-2
1.759500E-7	2.607112E-2
1.760000E-7	2.614307E-2
1.760500E-7	2.620987E-2
1.761000E-7	2.631265E-2
1.761500E-7	2.645311E-2
1.762000E-7	2.659357E-2
1.762500E-7	2.670663E-2
1.763000E-7	2.679399E-2
1.763500E-7	2.683510E-2
1.764000E-7	2.682482E-2
1.764500E-7	2.678200E-2
1.765000E-7	2.672718E-2
1.765500E-7	2.666381E-2
1.766000E-7	2.657987E-2
1.766500E-7	2.648052E-2
1.767000E-7	2.640001E-2
1.767500E-7	2.635890E-2
1.768000E-7	2.632978E-2
1.768500E-7	2.632293E-2
1.769000E-7	2.636918E-2
1.769500E-7	2.642399E-2
1.770000E-7	2.644112E-2
1.770500E-7	2.644112E-2
1.771000E-7	2.644626E-2
1.771500E-7	2.641714E-2
1.772000E-7	2.637089E-2
1.772500E-7	2.635205E-2
1.773000E-7	2.636575E-2
1.773500E-7	2.637603E-2
1.774000E-7	2.638459E-2
1.774500E-7	2.636918E-2
1.775000E-7	2.632464E-2
1.775500E-7	2.628353E-2
1.776000E-7	2.627325E-2
1.776500E-7	2.628182E-2
1.777000E-7	2.631265E-2
1.777500E-7	2.636918E-2
1.778000E-7	2.643941E-2
1.778500E-7	2.647367E-2
1.779000E-7	2.647709E-2
1.779500E-7	2.648737E-2
1.780000E-7	2.648566E-2
1.780500E-7	2.645140E-2
1.781000E-7	2.640686E-2
1.781500E-7	2.635719E-2
1.782000E-7	2.627497E-2
1.782500E-7	2.616191E-2
1.783000E-7	2.603858E-2
1.783500E-7	2.591525E-2
1.784000E-7	2.581247E-2
1.784500E-7	2.575252E-2
1.785000E-7	2.573881E-2
1.785500E-7	2.576108E-2
1.786000E-7	2.584330E-2
1.786500E-7	2.596835E-2
1.787000E-7	2.610367E-2
1.787500E-7	2.623899E-2
1.788000E-7	2.635719E-2
1.788500E-7	2.640686E-2
1.789000E-7	2.640858E-2
1.789500E-7	2.640344E-2
1.790000E-7	2.635376E-2
1.790500E-7	2.623385E-2
1.791000E-7	2.612251E-2
1.791500E-7	2.601974E-2
1.792000E-7	2.590154E-2
1.792500E-7	2.578849E-2
1.793000E-7	2.572168E-2
1.793500E-7	2.569599E-2
1.794000E-7	2.570284E-2
1.794500E-7	2.572853E-2
1.795000E-7	2.576279E-2
1.795500E-7	2.582617E-2
1.796000E-7	2.591011E-2
1.796500E-7	2.599404E-2
1.797000E-7	2.607969E-2
1.797500E-7	2.616534E-2
1.798000E-7	2.622358E-2
1.798500E-7	2.625270E-2
1.799000E-7	2.625270E-2
1.799500E-7	2.621159E-2
1.800000E-7	2.614649E-2
1.800500E-7	2.607112E-2
1.801000E-7	2.598719E-2
1.801500E-7	2.589640E-2
1.802000E-7	2.583474E-2
1.802500E-7	2.583645E-2
1.803000E-7	2.587242E-2
1.803500E-7	2.593238E-2
1.804000E-7	2.603687E-2
1.804500E-7	2.618761E-2
1.805000E-7	2.634348E-2
1.805500E-7	2.645483E-2
1.806000E-7	2.652848E-2
1.806500E-7	2.657816E-2
1.807000E-7	2.659529E-2
1.807500E-7	2.654904E-2
1.808000E-7	2.642057E-2
1.808500E-7	2.625784E-2
1.809000E-7	2.609853E-2
1.809500E-7	2.595464E-2
1.810000E-7	2.584844E-2
1.810500E-7	2.579191E-2
1.811000E-7	2.578506E-2
1.811500E-7	2.580219E-2
1.812000E-7	2.581418E-2
1.812500E-7	2.583645E-2
1.813000E-7	2.588099E-2
1.813500E-7	2.590839E-2
1.814000E-7	2.591011E-2
1.814500E-7	2.592210E-2
1.815000E-7	2.594951E-2
1.815500E-7	2.595807E-2
1.816000E-7	2.595122E-2
1.816500E-7	2.595807E-2
1.817000E-7	2.597863E-2
1.817500E-7	2.599233E-2
1.818000E-7	2.602488E-2
1.818500E-7	2.606770E-2
1.819000E-7	2.610196E-2
1.819500E-7	2.613108E-2
1.820000E-7	2.615677E-2
1.820500E-7	2.616534E-2
1.821000E-7	2.617219E-2
1.821500E-7	2.618761E-2
1.822000E-7	2.619103E-2
1.822500E-7	2.618247E-2
1.823000E-7	2.616534E-2
1.823500E-7	2.614478E-2
1.824000E-7	2.612080E-2
1.824500E-7	2.610881E-2
1.825000E-7	2.609168E-2
1.825500E-7	2.607112E-2
1.826000E-7	2.608997E-2
1.826500E-7	2.610881E-2
1.827000E-7	2.608483E-2
1.827500E-7	2.606085E-2
1.828000E-7	2.606427E-2
1.828500E-7	2.600775E-2
1.829000E-7	2.587242E-2
1.829500E-7	2.573710E-2
1.830000E-7	2.561377E-2
1.830500E-7	2.545104E-2
1.831000E-7	2.527118E-2
1.831500E-7	2.514442E-2
1.832000E-7	2.505535E-2
1.832500E-7	2.497484E-2
1.833000E-7	2.493544E-2
1.833500E-7	2.495257E-2
1.834000E-7	2.498854E-2
1.834500E-7	2.502280E-2
1.835000E-7	2.506734E-2
1.835500E-7	2.513414E-2
1.836000E-7	2.519067E-2
1.836500E-7	2.521808E-2
1.837000E-7	2.520951E-2
1.837500E-7	2.517525E-2
1.838000E-7	2.513072E-2
1.838500E-7	2.509988E-2
1.839000E-7	2.508960E-2
1.839500E-7	2.511187E-2
1.840000E-7	2.515470E-2
1.840500E-7	2.521294E-2
1.841000E-7	2.529516E-2
1.841500E-7	2.540307E-2
1.842000E-7	2.552469E-2
1.842500E-7	2.563946E-2
1.843000E-7	2.571997E-2
1.843500E-7	2.577307E-2
1.844000E-7	2.579705E-2
1.844500E-7	2.579020E-2
1.845000E-7	2.573710E-2
1.845500E-7	2.564803E-2
1.846000E-7	2.555724E-2
1.846500E-7	2.548701E-2
1.847000E-7	2.544932E-2
1.847500E-7	2.546474E-2
1.848000E-7	2.553155E-2
1.848500E-7	2.562747E-2
1.849000E-7	2.573367E-2
1.849500E-7	2.583302E-2
1.850000E-7	2.588613E-2
1.850500E-7	2.588613E-2
1.851000E-7	2.584844E-2
1.851500E-7	2.576965E-2
1.852000E-7	2.566002E-2
1.852500E-7	2.551099E-2
1.853000E-7	2.529516E-2
1.853500E-7	2.506905E-2
1.854000E-7	2.488405E-2
1.854500E-7	2.475729E-2
1.855000E-7	2.466651E-2
1.855500E-7	2.461683E-2
1.856000E-7	2.463053E-2
1.856500E-7	2.470076E-2
1.857000E-7	2.483437E-2
1.857500E-7	2.502623E-2
1.858000E-7	2.524034E-2
1.858500E-7	2.543048E-2
1.859000E-7	2.558807E-2
1.859500E-7	2.570969E-2
1.860000E-7	2.579705E-2
1.860500E-7	2.586214E-2
1.861000E-7	2.592724E-2
1.861500E-7	2.596663E-2
1.862000E-7	2.593751E-2
1.862500E-7	2.586043E-2
1.863000E-7	2.577307E-2
1.863500E-7	2.566687E-2
1.864000E-7	2.551613E-2
1.864500E-7	2.535854E-2
1.865000E-7	2.523349E-2
1.865500E-7	2.513585E-2
1.866000E-7	2.506391E-2
1.866500E-7	2.501252E-2
1.867000E-7	2.500567E-2
1.867500E-7	2.506220E-2
1.868000E-7	2.514099E-2
1.868500E-7	2.520437E-2
1.869000E-7	2.526261E-2
1.869500E-7	2.532428E-2
1.870000E-7	2.534141E-2
1.870500E-7	2.531400E-2
1.871000E-7	2.528488E-2
1.871500E-7	2.525747E-2
1.872000E-7	2.519581E-2
1.872500E-7	2.511872E-2
1.873000E-7	2.506905E-2
1.873500E-7	2.503479E-2
1.874000E-7	2.500053E-2
1.874500E-7	2.497998E-2
1.875000E-7	2.497655E-2
1.875500E-7	2.499197E-2
1.876000E-7	2.501423E-2
1.876500E-7	2.502451E-2
1.877000E-7	2.502794E-2
1.877500E-7	2.503650E-2
1.878000E-7	2.504164E-2
1.878500E-7	2.499882E-2
1.879000E-7	2.491317E-2
1.879500E-7	2.481553E-2
1.880000E-7	2.470419E-2
1.880500E-7	2.457743E-2
1.881000E-7	2.446266E-2
1.881500E-7	2.438387E-2
1.882000E-7	2.434961E-2
1.882500E-7	2.437359E-2
1.883000E-7	2.444725E-2
1.883500E-7	2.453290E-2
1.884000E-7	2.459627E-2
1.884500E-7	2.465623E-2
1.885000E-7	2.474016E-2
1.885500E-7	2.482752E-2
1.886000E-7	2.489604E-2
1.886500E-7	2.496798E-2
1.887000E-7	2.502794E-2
1.887500E-7	2.506220E-2
1.888000E-7	2.507076E-2
1.888500E-7	2.505877E-2
1.889000E-7	2.500910E-2
1.889500E-7	2.494743E-2
1.890000E-7	2.489604E-2
1.890500E-7	2.485836E-2
1.891000E-7	2.484465E-2
1.891500E-7	2.486178E-2
1.892000E-7	2.488919E-2
1.892500E-7	2.491317E-2
1.893000E-7	2.493886E-2
1.893500E-7	2.495599E-2
1.894000E-7	2.494914E-2
1.894500E-7	2.494743E-2
1.895000E-7	2.497141E-2
1.895500E-7	2.497141E-2
1.896000E-7	2.492345E-2
1.896500E-7	2.485836E-2
1.897000E-7	2.479155E-2
1.897500E-7	2.472646E-2
1.898000E-7	2.467850E-2
1.898500E-7	2.466137E-2
1.899000E-7	2.466651E-2
1.899500E-7	2.468706E-2
1.900000E-7	2.470762E-2
1.900500E-7	2.474530E-2
1.901000E-7	2.479155E-2
1.901500E-7	2.482752E-2
1.902000E-7	2.486692E-2
1.902500E-7	2.493030E-2
1.903000E-7	2.498683E-2
1.903500E-7	2.499710E-2
1.904000E-7	2.494058E-2
1.904500E-7	2.482581E-2
1.905000E-7	2.467678E-2
1.905500E-7	2.452262E-2
1.906000E-7	2.438901E-2
1.906500E-7	2.426054E-2
1.907000E-7	2.413892E-2
1.907500E-7	2.404299E-2
1.908000E-7	2.398133E-2
1.908500E-7	2.397790E-2
1.909000E-7	2.404642E-2
1.909500E-7	2.413892E-2
1.910000E-7	2.424341E-2
1.910500E-7	2.437702E-2
1.911000E-7	2.450891E-2
1.911500E-7	2.460141E-2
1.912000E-7	2.466993E-2
1.912500E-7	2.471789E-2
1.913000E-7	2.471789E-2
1.913500E-7	2.466993E-2
1.914000E-7	2.461512E-2
1.914500E-7	2.457229E-2
1.915000E-7	2.451063E-2
1.915500E-7	2.443868E-2
1.916000E-7	2.438901E-2
1.916500E-7	2.437188E-2
1.917000E-7	2.435475E-2
1.917500E-7	2.433762E-2
1.918000E-7	2.433077E-2
1.918500E-7	2.432905E-2
1.919000E-7	2.431535E-2
1.919500E-7	2.428623E-2
1.920000E-7	2.423484E-2
1.920500E-7	2.414063E-2
1.921000E-7	2.401216E-2
1.921500E-7	2.389397E-2
1.922000E-7	2.382887E-2
1.922500E-7	2.381688E-2
1.923000E-7	2.381346E-2
1.923500E-7	2.382031E-2
1.924000E-7	2.387170E-2
1.924500E-7	2.395734E-2
1.925000E-7	2.406697E-2
1.925500E-7	2.419373E-2
1.926000E-7	2.431706E-2
1.926500E-7	2.442841E-2
1.927000E-7	2.452947E-2
1.927500E-7	2.458771E-2
1.928000E-7	2.458086E-2
1.928500E-7	2.452947E-2
1.929000E-7	2.446438E-2
1.929500E-7	2.437017E-2
1.930000E-7	2.424855E-2
1.930500E-7	2.411494E-2
1.931000E-7	2.398475E-2
1.931500E-7	2.387341E-2
1.932000E-7	2.380147E-2
1.932500E-7	2.376721E-2
1.933000E-7	2.378948E-2
1.933500E-7	2.387684E-2
1.934000E-7	2.399674E-2
1.934500E-7	2.409952E-2
1.935000E-7	2.421600E-2
1.935500E-7	2.438044E-2
1.936000E-7	2.452947E-2
1.936500E-7	2.463739E-2
1.937000E-7	2.473502E-2
1.937500E-7	2.482410E-2
1.938000E-7	2.487891E-2
1.938500E-7	2.489262E-2
1.939000E-7	2.488062E-2
1.939500E-7	2.485493E-2
1.940000E-7	2.480183E-2
1.940500E-7	2.472988E-2
1.941000E-7	2.463739E-2
1.941500E-7	2.453975E-2
1.942000E-7	2.442669E-2
1.942500E-7	2.427938E-2
1.943000E-7	2.413035E-2
1.943500E-7	2.401730E-2
1.944000E-7	2.396077E-2
1.944500E-7	2.396077E-2
1.945000E-7	2.400702E-2
1.945500E-7	2.408239E-2
1.946000E-7	2.414577E-2
1.946500E-7	2.420230E-2
1.947000E-7	2.425368E-2
1.947500E-7	2.427938E-2
1.948000E-7	2.428452E-2
1.948500E-7	2.428109E-2
1.949000E-7	2.426739E-2
1.949500E-7	2.422628E-2
1.950000E-7	2.417489E-2
1.950500E-7	2.414406E-2
1.951000E-7	2.414406E-2
1.951500E-7	2.416975E-2
1.952000E-7	2.419887E-2
1.952500E-7	2.424169E-2
1.953000E-7	2.430507E-2
1.953500E-7	2.435989E-2
1.954000E-7	2.439415E-2
1.954500E-7	2.440785E-2
1.955000E-7	2.439415E-2
1.955500E-7	2.432392E-2
1.956000E-7	2.421771E-2
1.956500E-7	2.411322E-2
1.957000E-7	2.402244E-2
1.957500E-7	2.394021E-2
1.958000E-7	2.387512E-2
1.958500E-7	2.382031E-2
1.959000E-7	2.377920E-2
1.959500E-7	2.376549E-2
1.960000E-7	2.376036E-2
1.960500E-7	2.373980E-2
1.961000E-7	2.373123E-2
1.961500E-7	2.374836E-2
1.962000E-7	2.376892E-2
1.962500E-7	2.379290E-2
1.963000E-7	2.383572E-2
1.963500E-7	2.385628E-2
1.964000E-7	2.383744E-2
1.964500E-7	2.381517E-2
1.965000E-7	2.380489E-2
1.965500E-7	2.376549E-2
1.966000E-7	2.370897E-2
1.966500E-7	2.364901E-2
1.967000E-7	2.357193E-2
1.967500E-7	2.350170E-2
1.968000E-7	2.348286E-2
1.968500E-7	2.349827E-2
1.969000E-7	2.350855E-2
1.969500E-7	2.353767E-2
1.970000E-7	2.358735E-2
1.970500E-7	2.364216E-2
1.971000E-7	2.366614E-2
1.971500E-7	2.366443E-2
1.972000E-7	2.362674E-2
1.972500E-7	2.359591E-2
1.973000E-7	2.357707E-2
1.973500E-7	2.353082E-2
1.974000E-7	2.343832E-2
1.974500E-7	2.335781E-2
1.975000E-7	2.332698E-2
1.975500E-7	2.334068E-2
1.976000E-7	2.338693E-2
1.976500E-7	2.346230E-2
1.977000E-7	2.356337E-2
1.977500E-7	2.367813E-2
1.978000E-7	2.380832E-2
1.978500E-7	2.390938E-2
1.979000E-7	2.396933E-2
1.979500E-7	2.400359E-2
1.980000E-7	2.402072E-2
1.980500E-7	2.400702E-2
1.981000E-7	2.398818E-2
1.981500E-7	2.397447E-2
1.982000E-7	2.394364E-2
1.982500E-7	2.389054E-2
1.983000E-7	2.380489E-2
1.983500E-7	2.369526E-2
1.984000E-7	2.358735E-2
1.984500E-7	2.351712E-2
1.985000E-7	2.346230E-2
1.985500E-7	2.341091E-2
1.986000E-7	2.340064E-2
1.986500E-7	2.341091E-2
1.987000E-7	2.339378E-2
1.987500E-7	2.337323E-2
1.988000E-7	2.338693E-2
1.988500E-7	2.343147E-2
1.989000E-7	2.348800E-2
1.989500E-7	2.354966E-2
1.990000E-7	2.357022E-2
1.990500E-7	2.353767E-2
1.991000E-7	2.348286E-2
1.991500E-7	2.341777E-2
1.992000E-7	2.332355E-2
1.992500E-7	2.320022E-2
1.993000E-7	2.308374E-2
1.993500E-7	2.297240E-2
1.994000E-7	2.287305E-2
1.994500E-7	2.279254E-2
1.995000E-7	2.272916E-2
1.995500E-7	2.270689E-2
1.996000E-7	2.273944E-2
1.996500E-7	2.281823E-2
1.997000E-7	2.293300E-2
1.997500E-7	2.306318E-2
1.998000E-7	2.317966E-2
1.998500E-7	2.327559E-2
1.999000E-7	2.332698E-2
1.999500E-7	2.331499E-2
2.000000E-7	2.325675E-2
