Study Name	PremaTech_CVD_SiC_HeandSi
Sample Name	2025-10-15
Run Name	spot04
Operator	Keshav
Date	10/15/2025
Time	18:34
Sign	FIX
Grating Spacing	06.40um
Channel	3
Number Traces	10000
Files in Batch	1
Batch Number	60
dt	50.000001E-12
time stamp (ms)	7:39:36 PM
	
Time	Amplitude
0.000000E+0	-8.136264E-4
5.000000E-11	-7.810803E-4
1.000000E-10	-7.005717E-4
1.500000E-10	-6.166371E-4
2.000000E-10	-5.087213E-4
2.500000E-10	-3.819630E-4
3.000000E-10	-2.826119E-4
3.500000E-10	-1.969644E-4
4.000000E-10	-9.076148E-5
4.500000E-10	2.487468E-8
5.000000E-10	4.970043E-5
5.500000E-10	8.053353E-5
6.000000E-10	9.081123E-5
6.500000E-10	6.340403E-5
7.000000E-10	1.886733E-5
7.500000E-10	-2.224348E-5
8.000000E-10	-6.506723E-5
8.500000E-10	-9.932623E-5
9.000000E-10	-1.078910E-4
9.500000E-10	-1.078910E-4
1.000000E-9	-9.247443E-5
1.050000E-9	-5.307658E-5
1.100000E-9	-1.367873E-5
1.150000E-9	3.085798E-5
1.200000E-9	9.252418E-5
1.250000E-9	1.559033E-4
1.300000E-9	1.918753E-4
1.350000E-9	2.021530E-4
1.400000E-9	1.953012E-4
1.450000E-9	1.456256E-4
1.500000E-9	5.997813E-5
1.550000E-9	-5.136363E-5
1.600000E-9	-1.849737E-4
1.650000E-9	-3.305745E-4
1.700000E-9	-4.676105E-4
1.750000E-9	-5.738134E-4
1.800000E-9	-6.577479E-4
1.850000E-9	-7.022846E-4
1.900000E-9	-7.005717E-4
1.950000E-9	-6.645997E-4
2.000000E-9	-6.132112E-4
2.050000E-9	-5.532580E-4
2.100000E-9	-4.864529E-4
2.150000E-9	-4.145090E-4
2.200000E-9	-3.459910E-4
2.250000E-9	-2.723342E-4
2.300000E-9	-1.883996E-4
2.350000E-9	-1.096039E-4
2.400000E-9	-4.965068E-5
2.450000E-9	-6.826926E-6
2.500000E-9	1.886733E-5
2.550000E-9	1.372848E-5
2.600000E-9	-2.566938E-5
2.650000E-9	-9.590033E-5
2.700000E-9	-1.764090E-4
2.750000E-9	-2.500658E-4
2.800000E-9	-3.048802E-4
2.850000E-9	-3.442781E-4
2.900000E-9	-3.768241E-4
2.950000E-9	-4.042313E-4
3.000000E-9	-4.247867E-4
3.050000E-9	-4.470551E-4
3.100000E-9	-4.830270E-4
3.150000E-9	-5.155731E-4
3.200000E-9	-5.224249E-4
3.250000E-9	-4.967306E-4
3.300000E-9	-4.590457E-4
3.350000E-9	-4.247867E-4
3.400000E-9	-3.905277E-4
3.450000E-9	-3.254356E-4
3.500000E-9	-2.243716E-4
3.550000E-9	-1.130298E-4
3.600000E-9	5.163725E-6
3.650000E-9	1.387738E-4
3.700000E-9	2.723839E-4
3.750000E-9	3.734480E-4
3.800000E-9	4.368271E-4
3.850000E-9	4.745120E-4
3.900000E-9	4.745120E-4
3.950000E-9	4.248365E-4
4.000000E-9	3.220595E-4
4.050000E-9	1.747458E-4
4.100000E-9	1.030257E-5
4.150000E-9	-1.387241E-4
4.200000E-9	-2.740471E-4
4.250000E-9	-3.973795E-4
4.300000E-9	-4.778882E-4
4.350000E-9	-5.052954E-4
4.400000E-9	-4.967306E-4
4.450000E-9	-4.624716E-4
4.500000E-9	-4.093702E-4
4.550000E-9	-3.596946E-4
4.600000E-9	-3.322874E-4
4.650000E-9	-3.374263E-4
4.700000E-9	-3.545558E-4
4.750000E-9	-3.528428E-4
4.800000E-9	-3.391392E-4
4.850000E-9	-3.579817E-4
4.900000E-9	-3.956666E-4
4.950000E-9	-3.973795E-4
5.000000E-9	-3.596946E-4
5.050000E-9	-3.117320E-4
5.100000E-9	-2.586306E-4
5.150000E-9	-1.798349E-4
5.200000E-9	-8.904853E-5
5.250000E-9	-1.025283E-5
5.300000E-9	3.770978E-5
5.350000E-9	4.627453E-5
5.400000E-9	2.743208E-5
5.450000E-9	-1.196578E-5
5.500000E-9	-8.219673E-5
5.550000E-9	-1.644183E-4
5.600000E-9	-2.158068E-4
5.650000E-9	-2.346493E-4
5.700000E-9	-2.363622E-4
5.750000E-9	-2.226586E-4
5.800000E-9	-1.781219E-4
5.850000E-9	-1.267334E-4
5.900000E-9	-7.534493E-5
5.950000E-9	-2.224348E-5
6.000000E-9	2.914503E-5
6.050000E-9	5.141338E-5
6.100000E-9	4.113568E-5
6.150000E-9	2.229323E-5
6.200000E-9	-1.688075E-6
6.250000E-9	-4.451183E-5
6.300000E-9	-1.130298E-4
6.350000E-9	-1.883996E-4
6.400000E-9	-2.689083E-4
6.450000E-9	-3.442781E-4
6.500000E-9	-4.008054E-4
6.550000E-9	-4.230738E-4
6.600000E-9	-4.162220E-4
6.650000E-9	-3.956666E-4
6.700000E-9	-3.579817E-4
6.750000E-9	-3.014543E-4
6.800000E-9	-2.329363E-4
6.850000E-9	-1.712701E-4
6.900000E-9	-1.147428E-4
6.950000E-9	-6.164133E-5
7.000000E-9	-2.395643E-5
7.050000E-9	-3.401025E-6
7.100000E-9	-1.025283E-5
7.150000E-9	-2.738233E-5
7.200000E-9	-5.650248E-5
7.250000E-9	-1.198816E-4
7.300000E-9	-2.295104E-4
7.350000E-9	-3.357133E-4
7.400000E-9	-4.093702E-4
7.450000E-9	-4.864529E-4
7.500000E-9	-5.618227E-4
7.550000E-9	-5.875170E-4
7.600000E-9	-5.738134E-4
7.650000E-9	-5.583968E-4
7.700000E-9	-5.344155E-4
7.750000E-9	-4.864529E-4
7.800000E-9	-4.521939E-4
7.850000E-9	-4.470551E-4
7.900000E-9	-4.316385E-4
7.950000E-9	-3.973795E-4
8.000000E-9	-3.733982E-4
8.050000E-9	-3.682594E-4
8.100000E-9	-3.648335E-4
8.150000E-9	-3.562687E-4
8.200000E-9	-3.631205E-4
8.250000E-9	-3.905277E-4
8.300000E-9	-4.213608E-4
8.350000E-9	-4.521939E-4
8.400000E-9	-4.830270E-4
8.450000E-9	-5.001565E-4
8.500000E-9	-4.898788E-4
8.550000E-9	-4.676105E-4
8.600000E-9	-4.316385E-4
8.650000E-9	-3.819630E-4
8.700000E-9	-3.477040E-4
8.750000E-9	-3.425651E-4
8.800000E-9	-3.202968E-4
8.850000E-9	-2.826119E-4
8.900000E-9	-2.466399E-4
8.950000E-9	-2.192327E-4
9.000000E-9	-1.883996E-4
9.050000E-9	-1.815478E-4
9.100000E-9	-1.781219E-4
9.150000E-9	-1.524277E-4
9.200000E-9	-1.198816E-4
9.250000E-9	-7.705788E-5
9.300000E-9	-1.881758E-5
9.350000E-9	5.483928E-5
9.400000E-9	1.096537E-4
9.450000E-9	1.524774E-4
9.500000E-9	1.747458E-4
9.550000E-9	1.730328E-4
9.600000E-9	1.404868E-4
9.650000E-9	7.882058E-5
9.700000E-9	-1.688075E-6
9.750000E-9	-7.705788E-5
9.800000E-9	-1.370111E-4
9.850000E-9	-2.038162E-4
9.900000E-9	-2.826119E-4
9.950000E-9	-3.596946E-4
1.000000E-8	-4.127961E-4
1.005000E-8	-4.384903E-4
1.010000E-8	-4.453421E-4
1.015000E-8	-4.333515E-4
1.020000E-8	-4.025184E-4
1.025000E-8	-3.733982E-4
1.030000E-8	-3.511299E-4
1.035000E-8	-3.185838E-4
1.040000E-8	-2.740471E-4
1.045000E-8	-2.534917E-4
1.050000E-8	-2.483529E-4
1.055000E-8	-2.380752E-4
1.060000E-8	-2.055291E-4
1.065000E-8	-1.507147E-4
1.070000E-8	-7.191903E-5
1.075000E-8	1.886733E-5
1.080000E-8	1.096537E-4
1.085000E-8	2.055789E-4
1.090000E-8	2.758098E-4
1.095000E-8	3.186336E-4
1.100000E-8	3.546055E-4
1.105000E-8	3.802998E-4
1.110000E-8	3.631703E-4
1.115000E-8	3.049300E-4
1.120000E-8	2.227084E-4
1.125000E-8	1.233573E-4
1.130000E-8	1.201553E-5
1.135000E-8	-1.078910E-4
1.140000E-8	-2.260845E-4
1.145000E-8	-3.220097E-4
1.150000E-8	-3.751112E-4
1.155000E-8	-3.905277E-4
1.160000E-8	-3.733982E-4
1.165000E-8	-3.271486E-4
1.170000E-8	-2.569176E-4
1.175000E-8	-1.524277E-4
1.180000E-8	-2.566938E-5
1.185000E-8	9.081123E-5
1.190000E-8	1.678940E-4
1.195000E-8	2.192825E-4
1.200000E-8	2.638192E-4
1.205000E-8	2.860875E-4
1.210000E-8	2.843746E-4
1.215000E-8	2.569674E-4
1.220000E-8	2.209954E-4
1.225000E-8	1.987271E-4
1.230000E-8	1.867364E-4
1.235000E-8	1.901623E-4
1.240000E-8	2.021530E-4
1.245000E-8	2.004400E-4
1.250000E-8	1.764587E-4
1.255000E-8	1.541904E-4
1.260000E-8	1.336350E-4
1.265000E-8	8.567238E-5
1.270000E-8	2.914503E-5
1.275000E-8	-3.080823E-5
1.280000E-8	-9.932623E-5
1.285000E-8	-1.764090E-4
1.290000E-8	-2.449270E-4
1.295000E-8	-3.151579E-4
1.300000E-8	-3.716853E-4
1.305000E-8	-3.956666E-4
1.310000E-8	-4.093702E-4
1.315000E-8	-4.299256E-4
1.320000E-8	-4.230738E-4
1.325000E-8	-4.008054E-4
1.330000E-8	-3.922407E-4
1.335000E-8	-3.785371E-4
1.340000E-8	-3.357133E-4
1.345000E-8	-3.083061E-4
1.350000E-8	-3.134450E-4
1.355000E-8	-3.048802E-4
1.360000E-8	-2.706212E-4
1.365000E-8	-2.483529E-4
1.370000E-8	-2.295104E-4
1.375000E-8	-1.918255E-4
1.380000E-8	-1.387241E-4
1.385000E-8	-8.733558E-5
1.390000E-8	-6.164133E-5
1.395000E-8	-8.733558E-5
1.400000E-8	-1.284464E-4
1.405000E-8	-1.198816E-4
1.410000E-8	-8.733558E-5
1.415000E-8	-8.733558E-5
1.420000E-8	-8.904853E-5
1.425000E-8	-6.506723E-5
1.430000E-8	-6.678018E-5
1.435000E-8	-9.590033E-5
1.440000E-8	-1.113169E-4
1.445000E-8	-1.507147E-4
1.450000E-8	-2.620565E-4
1.455000E-8	-3.819630E-4
1.460000E-8	-4.881659E-4
1.465000E-8	-6.491832E-4
1.470000E-8	-8.581631E-4
1.475000E-8	-1.026032E-3
1.480000E-8	-1.144226E-3
1.485000E-8	-1.226447E-3
1.490000E-8	-1.221309E-3
1.495000E-8	-1.151078E-3
1.500000E-8	-1.094550E-3
1.505000E-8	-1.055152E-3
1.510000E-8	-9.575142E-4
1.515000E-8	-8.119134E-4
1.520000E-8	-6.543220E-4
1.525000E-8	-4.847400E-4
1.530000E-8	-3.220097E-4
1.535000E-8	-2.192327E-4
1.540000E-8	-1.609924E-4
1.545000E-8	-1.335852E-4
1.550000E-8	-1.472888E-4
1.555000E-8	-1.849737E-4
1.560000E-8	-2.055291E-4
1.565000E-8	-2.021032E-4
1.570000E-8	-2.089550E-4
1.575000E-8	-2.106680E-4
1.580000E-8	-1.695572E-4
1.585000E-8	-6.506723E-5
1.590000E-8	6.511698E-5
1.595000E-8	1.439127E-4
1.600000E-8	1.439127E-4
1.605000E-8	1.216443E-4
1.610000E-8	1.250702E-4
1.615000E-8	1.079407E-4
1.620000E-8	4.284863E-5
1.625000E-8	-4.108593E-5
1.630000E-8	-1.215946E-4
1.635000E-8	-1.781219E-4
1.640000E-8	-2.038162E-4
1.645000E-8	-2.140939E-4
1.650000E-8	-2.140939E-4
1.655000E-8	-1.901126E-4
1.660000E-8	-1.301593E-4
1.665000E-8	-8.562263E-5
1.670000E-8	-5.478953E-5
1.675000E-8	-2.395643E-5
1.680000E-8	-2.566938E-5
1.685000E-8	-8.390968E-5
1.690000E-8	-1.507147E-4
1.695000E-8	-1.712701E-4
1.700000E-8	-1.678442E-4
1.705000E-8	-1.849737E-4
1.710000E-8	-2.003903E-4
1.715000E-8	-1.832608E-4
1.720000E-8	-1.370111E-4
1.725000E-8	-1.061780E-4
1.730000E-8	-1.096039E-4
1.735000E-8	-1.284464E-4
1.740000E-8	-1.352982E-4
1.745000E-8	-1.421500E-4
1.750000E-8	-1.695572E-4
1.755000E-8	-2.003903E-4
1.760000E-8	-2.260845E-4
1.765000E-8	-2.637694E-4
1.770000E-8	-3.185838E-4
1.775000E-8	-3.716853E-4
1.780000E-8	-4.025184E-4
1.785000E-8	-4.076572E-4
1.790000E-8	-3.665464E-4
1.795000E-8	-2.603435E-4
1.800000E-8	-8.733558E-5
1.805000E-8	2.004400E-4
1.810000E-8	7.006214E-4
1.815000E-8	1.438903E-3
1.820000E-8	2.415284E-3
1.825000E-8	3.655460E-3
1.830000E-8	5.212532E-3
1.835000E-8	7.108768E-3
1.840000E-8	9.397269E-3
1.845000E-8	1.209003E-2
1.850000E-8	1.511681E-2
1.855000E-8	1.847590E-2
1.860000E-8	2.223754E-2
1.865000E-8	2.633321E-2
1.870000E-8	3.060873E-2
1.875000E-8	3.500759E-2
1.880000E-8	3.948866E-2
1.885000E-8	4.381729E-2
1.890000E-8	4.780675E-2
1.895000E-8	5.137311E-2
1.900000E-8	5.441017E-2
1.905000E-8	5.673636E-2
1.910000E-8	5.831398E-2
1.915000E-8	5.926124E-2
1.920000E-8	5.964152E-2
1.925000E-8	5.951990E-2
1.930000E-8	5.904199E-2
1.935000E-8	5.838935E-2
1.940000E-8	5.766820E-2
1.945000E-8	5.690765E-2
1.950000E-8	5.620192E-2
1.955000E-8	5.557326E-2
1.960000E-8	5.502512E-2
1.965000E-8	5.461915E-2
1.970000E-8	5.445813E-2
1.975000E-8	5.456434E-2
1.980000E-8	5.485382E-2
1.985000E-8	5.525465E-2
1.990000E-8	5.569660E-2
1.995000E-8	5.615224E-2
2.000000E-8	5.658733E-2
2.005000E-8	5.694362E-2
2.010000E-8	5.714918E-2
2.015000E-8	5.719029E-2
2.020000E-8	5.701043E-2
2.025000E-8	5.664386E-2
2.030000E-8	5.612141E-2
2.035000E-8	5.550988E-2
2.040000E-8	5.493605E-2
2.045000E-8	5.445813E-2
2.050000E-8	5.410869E-2
2.055000E-8	5.389629E-2
2.060000E-8	5.382948E-2
2.065000E-8	5.390142E-2
2.070000E-8	5.407272E-2
2.075000E-8	5.436563E-2
2.080000E-8	5.475790E-2
2.085000E-8	5.512790E-2
2.090000E-8	5.542766E-2
2.095000E-8	5.571544E-2
2.100000E-8	5.607173E-2
2.105000E-8	5.641946E-2
2.110000E-8	5.667126E-2
2.115000E-8	5.674492E-2
2.120000E-8	5.668154E-2
2.125000E-8	5.654451E-2
2.130000E-8	5.633039E-2
2.135000E-8	5.600493E-2
2.140000E-8	5.561609E-2
2.145000E-8	5.523581E-2
2.150000E-8	5.491549E-2
2.155000E-8	5.466197E-2
2.160000E-8	5.448383E-2
2.165000E-8	5.440161E-2
2.170000E-8	5.442216E-2
2.175000E-8	5.449582E-2
2.180000E-8	5.460031E-2
2.185000E-8	5.478188E-2
2.190000E-8	5.505595E-2
2.195000E-8	5.535572E-2
2.200000E-8	5.564863E-2
2.205000E-8	5.593812E-2
2.210000E-8	5.621219E-2
2.215000E-8	5.637664E-2
2.220000E-8	5.639205E-2
2.225000E-8	5.627215E-2
2.230000E-8	5.607344E-2
2.235000E-8	5.582164E-2
2.240000E-8	5.553387E-2
2.245000E-8	5.525123E-2
2.250000E-8	5.501655E-2
2.255000E-8	5.479901E-2
2.260000E-8	5.460716E-2
2.265000E-8	5.449924E-2
2.270000E-8	5.450781E-2
2.275000E-8	5.460716E-2
2.280000E-8	5.473049E-2
2.285000E-8	5.490007E-2
2.290000E-8	5.511419E-2
2.295000E-8	5.534715E-2
2.300000E-8	5.558012E-2
2.305000E-8	5.581308E-2
2.310000E-8	5.602891E-2
2.315000E-8	5.619335E-2
2.320000E-8	5.623104E-2
2.325000E-8	5.614710E-2
2.330000E-8	5.598266E-2
2.335000E-8	5.574285E-2
2.340000E-8	5.541910E-2
2.345000E-8	5.505424E-2
2.350000E-8	5.471508E-2
2.355000E-8	5.445642E-2
2.360000E-8	5.427485E-2
2.365000E-8	5.412925E-2
2.370000E-8	5.401448E-2
2.375000E-8	5.397679E-2
2.380000E-8	5.404874E-2
2.385000E-8	5.419091E-2
2.390000E-8	5.437934E-2
2.395000E-8	5.461572E-2
2.400000E-8	5.489151E-2
2.405000E-8	5.517586E-2
2.410000E-8	5.537285E-2
2.415000E-8	5.549104E-2
2.420000E-8	5.555100E-2
2.425000E-8	5.550988E-2
2.430000E-8	5.530604E-2
2.435000E-8	5.499086E-2
2.440000E-8	5.464998E-2
2.445000E-8	5.432624E-2
2.450000E-8	5.400934E-2
2.455000E-8	5.371129E-2
2.460000E-8	5.351601E-2
2.465000E-8	5.343379E-2
2.470000E-8	5.345092E-2
2.475000E-8	5.351944E-2
2.480000E-8	5.368559E-2
2.485000E-8	5.393911E-2
2.490000E-8	5.420633E-2
2.495000E-8	5.444786E-2
2.500000E-8	5.467568E-2
2.505000E-8	5.487952E-2
2.510000E-8	5.502683E-2
2.515000E-8	5.511591E-2
2.520000E-8	5.515530E-2
2.525000E-8	5.512276E-2
2.530000E-8	5.502169E-2
2.535000E-8	5.487609E-2
2.540000E-8	5.469281E-2
2.545000E-8	5.445471E-2
2.550000E-8	5.417892E-2
2.555000E-8	5.392712E-2
2.560000E-8	5.375068E-2
2.565000E-8	5.366332E-2
2.570000E-8	5.364448E-2
2.575000E-8	5.371471E-2
2.580000E-8	5.387573E-2
2.585000E-8	5.406929E-2
2.590000E-8	5.430568E-2
2.595000E-8	5.460887E-2
2.600000E-8	5.494290E-2
2.605000E-8	5.524609E-2
2.610000E-8	5.552187E-2
2.615000E-8	5.574798E-2
2.620000E-8	5.587132E-2
2.625000E-8	5.587646E-2
2.630000E-8	5.580965E-2
2.635000E-8	5.567604E-2
2.640000E-8	5.548248E-2
2.645000E-8	5.521697E-2
2.650000E-8	5.492748E-2
2.655000E-8	5.467568E-2
2.660000E-8	5.445813E-2
2.665000E-8	5.427313E-2
2.670000E-8	5.415665E-2
2.675000E-8	5.413267E-2
2.680000E-8	5.416522E-2
2.685000E-8	5.425772E-2
2.690000E-8	5.442559E-2
2.695000E-8	5.461915E-2
2.700000E-8	5.479216E-2
2.705000E-8	5.498058E-2
2.710000E-8	5.518785E-2
2.715000E-8	5.539340E-2
2.720000E-8	5.559382E-2
2.725000E-8	5.575484E-2
2.730000E-8	5.583021E-2
2.735000E-8	5.581650E-2
2.740000E-8	5.575826E-2
2.745000E-8	5.565035E-2
2.750000E-8	5.550988E-2
2.755000E-8	5.536257E-2
2.760000E-8	5.521697E-2
2.765000E-8	5.509364E-2
2.770000E-8	5.499600E-2
2.775000E-8	5.490693E-2
2.780000E-8	5.484012E-2
2.785000E-8	5.483841E-2
2.790000E-8	5.484355E-2
2.795000E-8	5.482642E-2
2.800000E-8	5.487095E-2
2.805000E-8	5.498743E-2
2.810000E-8	5.511933E-2
2.815000E-8	5.520498E-2
2.820000E-8	5.527350E-2
2.825000E-8	5.532317E-2
2.830000E-8	5.532146E-2
2.835000E-8	5.527007E-2
2.840000E-8	5.521012E-2
2.845000E-8	5.509364E-2
2.850000E-8	5.489151E-2
2.855000E-8	5.462429E-2
2.860000E-8	5.435707E-2
2.865000E-8	5.408814E-2
2.870000E-8	5.379351E-2
2.875000E-8	5.353485E-2
2.880000E-8	5.337384E-2
2.885000E-8	5.331731E-2
2.890000E-8	5.338240E-2
2.895000E-8	5.355370E-2
2.900000E-8	5.381749E-2
2.905000E-8	5.413952E-2
2.910000E-8	5.448211E-2
2.915000E-8	5.480415E-2
2.920000E-8	5.505595E-2
2.925000E-8	5.527178E-2
2.930000E-8	5.543451E-2
2.935000E-8	5.550646E-2
2.940000E-8	5.542595E-2
2.945000E-8	5.523581E-2
2.950000E-8	5.501313E-2
2.955000E-8	5.478017E-2
2.960000E-8	5.454035E-2
2.965000E-8	5.429712E-2
2.970000E-8	5.406415E-2
2.975000E-8	5.387744E-2
2.980000E-8	5.379865E-2
2.985000E-8	5.380550E-2
2.990000E-8	5.383119E-2
2.995000E-8	5.391684E-2
3.000000E-8	5.407786E-2
3.005000E-8	5.425258E-2
3.010000E-8	5.441017E-2
3.015000E-8	5.455063E-2
3.020000E-8	5.466026E-2
3.025000E-8	5.473220E-2
3.030000E-8	5.480072E-2
3.035000E-8	5.483841E-2
3.040000E-8	5.479558E-2
3.045000E-8	5.468253E-2
3.050000E-8	5.455406E-2
3.055000E-8	5.442045E-2
3.060000E-8	5.426286E-2
3.065000E-8	5.408471E-2
3.070000E-8	5.389286E-2
3.075000E-8	5.374041E-2
3.080000E-8	5.367703E-2
3.085000E-8	5.364619E-2
3.090000E-8	5.367360E-2
3.095000E-8	5.378494E-2
3.100000E-8	5.391170E-2
3.105000E-8	5.396480E-2
3.110000E-8	5.398365E-2
3.115000E-8	5.400420E-2
3.120000E-8	5.397679E-2
3.125000E-8	5.391170E-2
3.130000E-8	5.389286E-2
3.135000E-8	5.386374E-2
3.140000E-8	5.379865E-2
3.145000E-8	5.370443E-2
3.150000E-8	5.361194E-2
3.155000E-8	5.351944E-2
3.160000E-8	5.341666E-2
3.165000E-8	5.330189E-2
3.170000E-8	5.321111E-2
3.175000E-8	5.314259E-2
3.180000E-8	5.310148E-2
3.185000E-8	5.308949E-2
3.190000E-8	5.312374E-2
3.195000E-8	5.320597E-2
3.200000E-8	5.330874E-2
3.205000E-8	5.344064E-2
3.210000E-8	5.359309E-2
3.215000E-8	5.377295E-2
3.220000E-8	5.393226E-2
3.225000E-8	5.403675E-2
3.230000E-8	5.406929E-2
3.235000E-8	5.405388E-2
3.240000E-8	5.400078E-2
3.245000E-8	5.388943E-2
3.250000E-8	5.371814E-2
3.255000E-8	5.352971E-2
3.260000E-8	5.331217E-2
3.265000E-8	5.309634E-2
3.270000E-8	5.296101E-2
3.275000E-8	5.290620E-2
3.280000E-8	5.289592E-2
3.285000E-8	5.293189E-2
3.290000E-8	5.302097E-2
3.295000E-8	5.311689E-2
3.300000E-8	5.318712E-2
3.305000E-8	5.326763E-2
3.310000E-8	5.336184E-2
3.315000E-8	5.344407E-2
3.320000E-8	5.351258E-2
3.325000E-8	5.355883E-2
3.330000E-8	5.355027E-2
3.335000E-8	5.350231E-2
3.340000E-8	5.342180E-2
3.345000E-8	5.328476E-2
3.350000E-8	5.309805E-2
3.355000E-8	5.293875E-2
3.360000E-8	5.279143E-2
3.365000E-8	5.261329E-2
3.370000E-8	5.246597E-2
3.375000E-8	5.236662E-2
3.380000E-8	5.227755E-2
3.385000E-8	5.220218E-2
3.390000E-8	5.219875E-2
3.395000E-8	5.224500E-2
3.400000E-8	5.230838E-2
3.405000E-8	5.239574E-2
3.410000E-8	5.250023E-2
3.415000E-8	5.260986E-2
3.420000E-8	5.272463E-2
3.425000E-8	5.283768E-2
3.430000E-8	5.294046E-2
3.435000E-8	5.300384E-2
3.440000E-8	5.302611E-2
3.445000E-8	5.293875E-2
3.450000E-8	5.279143E-2
3.455000E-8	5.266467E-2
3.460000E-8	5.257046E-2
3.465000E-8	5.250194E-2
3.470000E-8	5.245398E-2
3.475000E-8	5.243171E-2
3.480000E-8	5.244542E-2
3.485000E-8	5.249852E-2
3.490000E-8	5.258417E-2
3.495000E-8	5.268352E-2
3.500000E-8	5.277602E-2
3.505000E-8	5.282398E-2
3.510000E-8	5.281541E-2
3.515000E-8	5.282398E-2
3.520000E-8	5.283768E-2
3.525000E-8	5.282055E-2
3.530000E-8	5.277430E-2
3.535000E-8	5.271949E-2
3.540000E-8	5.262870E-2
3.545000E-8	5.250708E-2
3.550000E-8	5.239060E-2
3.555000E-8	5.229468E-2
3.560000E-8	5.218162E-2
3.565000E-8	5.206685E-2
3.570000E-8	5.196065E-2
3.575000E-8	5.188014E-2
3.580000E-8	5.185102E-2
3.585000E-8	5.190926E-2
3.590000E-8	5.199662E-2
3.595000E-8	5.205315E-2
3.600000E-8	5.212338E-2
3.605000E-8	5.220046E-2
3.610000E-8	5.223130E-2
3.615000E-8	5.221417E-2
3.620000E-8	5.219361E-2
3.625000E-8	5.216621E-2
3.630000E-8	5.214565E-2
3.635000E-8	5.210968E-2
3.640000E-8	5.205315E-2
3.645000E-8	5.199834E-2
3.650000E-8	5.195380E-2
3.655000E-8	5.192297E-2
3.660000E-8	5.186644E-2
3.665000E-8	5.183047E-2
3.670000E-8	5.182190E-2
3.675000E-8	5.182019E-2
3.680000E-8	5.182190E-2
3.685000E-8	5.188871E-2
3.690000E-8	5.198806E-2
3.695000E-8	5.208741E-2
3.700000E-8	5.219875E-2
3.705000E-8	5.229468E-2
3.710000E-8	5.229810E-2
3.715000E-8	5.221417E-2
3.720000E-8	5.210111E-2
3.725000E-8	5.196236E-2
3.730000E-8	5.181848E-2
3.735000E-8	5.169857E-2
3.740000E-8	5.156496E-2
3.745000E-8	5.146218E-2
3.750000E-8	5.141422E-2
3.755000E-8	5.141936E-2
3.760000E-8	5.140394E-2
3.765000E-8	5.142792E-2
3.770000E-8	5.148103E-2
3.775000E-8	5.154612E-2
3.780000E-8	5.163519E-2
3.785000E-8	5.176880E-2
3.790000E-8	5.188357E-2
3.795000E-8	5.198463E-2
3.800000E-8	5.210625E-2
3.805000E-8	5.221246E-2
3.810000E-8	5.225357E-2
3.815000E-8	5.228440E-2
3.820000E-8	5.229982E-2
3.825000E-8	5.226898E-2
3.830000E-8	5.218162E-2
3.835000E-8	5.206172E-2
3.840000E-8	5.189727E-2
3.845000E-8	5.168315E-2
3.850000E-8	5.143478E-2
3.855000E-8	5.118811E-2
3.860000E-8	5.096714E-2
3.865000E-8	5.083010E-2
3.870000E-8	5.074960E-2
3.875000E-8	5.070677E-2
3.880000E-8	5.073075E-2
3.885000E-8	5.084038E-2
3.890000E-8	5.095858E-2
3.895000E-8	5.110418E-2
3.900000E-8	5.127376E-2
3.905000E-8	5.140223E-2
3.910000E-8	5.146904E-2
3.915000E-8	5.148959E-2
3.920000E-8	5.142279E-2
3.925000E-8	5.123436E-2
3.930000E-8	5.104080E-2
3.935000E-8	5.091404E-2
3.940000E-8	5.079071E-2
3.945000E-8	5.068108E-2
3.950000E-8	5.063825E-2
3.955000E-8	5.064853E-2
3.960000E-8	5.064682E-2
3.965000E-8	5.067937E-2
3.970000E-8	5.079242E-2
3.975000E-8	5.090034E-2
3.980000E-8	5.098256E-2
3.985000E-8	5.107677E-2
3.990000E-8	5.117612E-2
3.995000E-8	5.122580E-2
4.000000E-8	5.125149E-2
4.005000E-8	5.126177E-2
4.010000E-8	5.122580E-2
4.015000E-8	5.119154E-2
4.020000E-8	5.120010E-2
4.025000E-8	5.122066E-2
4.030000E-8	5.118297E-2
4.035000E-8	5.112131E-2
4.040000E-8	5.105621E-2
4.045000E-8	5.099112E-2
4.050000E-8	5.091233E-2
4.055000E-8	5.081469E-2
4.060000E-8	5.070335E-2
4.065000E-8	5.063140E-2
4.070000E-8	5.056802E-2
4.075000E-8	5.052863E-2
4.080000E-8	5.054062E-2
4.085000E-8	5.057659E-2
4.090000E-8	5.059372E-2
4.095000E-8	5.061770E-2
4.100000E-8	5.067937E-2
4.105000E-8	5.078043E-2
4.110000E-8	5.084210E-2
4.115000E-8	5.086436E-2
4.120000E-8	5.089177E-2
4.125000E-8	5.092089E-2
4.130000E-8	5.092432E-2
4.135000E-8	5.093459E-2
4.140000E-8	5.095344E-2
4.145000E-8	5.096885E-2
4.150000E-8	5.097913E-2
4.155000E-8	5.100825E-2
4.160000E-8	5.106135E-2
4.165000E-8	5.107334E-2
4.170000E-8	5.104251E-2
4.175000E-8	5.103395E-2
4.180000E-8	5.101682E-2
4.185000E-8	5.091747E-2
4.190000E-8	5.075131E-2
4.195000E-8	5.058858E-2
4.200000E-8	5.045668E-2
4.205000E-8	5.032650E-2
4.210000E-8	5.020145E-2
4.215000E-8	5.016034E-2
4.220000E-8	5.020316E-2
4.225000E-8	5.027168E-2
4.230000E-8	5.035048E-2
4.235000E-8	5.045326E-2
4.240000E-8	5.058001E-2
4.245000E-8	5.066395E-2
4.250000E-8	5.066052E-2
4.255000E-8	5.063654E-2
4.260000E-8	5.062798E-2
4.265000E-8	5.059200E-2
4.270000E-8	5.050636E-2
4.275000E-8	5.041386E-2
4.280000E-8	5.034020E-2
4.285000E-8	5.025113E-2
4.290000E-8	5.017918E-2
4.295000E-8	5.020488E-2
4.300000E-8	5.030423E-2
4.305000E-8	5.041214E-2
4.310000E-8	5.051321E-2
4.315000E-8	5.062112E-2
4.320000E-8	5.068622E-2
4.325000E-8	5.069649E-2
4.330000E-8	5.067937E-2
4.335000E-8	5.063483E-2
4.340000E-8	5.053548E-2
4.345000E-8	5.040015E-2
4.350000E-8	5.028710E-2
4.355000E-8	5.019289E-2
4.360000E-8	5.010724E-2
4.365000E-8	5.004215E-2
4.370000E-8	5.001131E-2
4.375000E-8	5.000104E-2
4.380000E-8	4.996678E-2
4.385000E-8	4.991025E-2
4.390000E-8	4.985544E-2
4.395000E-8	4.984002E-2
4.400000E-8	4.982632E-2
4.405000E-8	4.978178E-2
4.410000E-8	4.974067E-2
4.415000E-8	4.973039E-2
4.420000E-8	4.971669E-2
4.425000E-8	4.968757E-2
4.430000E-8	4.971155E-2
4.435000E-8	4.975437E-2
4.440000E-8	4.975095E-2
4.445000E-8	4.975095E-2
4.450000E-8	4.980747E-2
4.455000E-8	4.983831E-2
4.460000E-8	4.983317E-2
4.465000E-8	4.984858E-2
4.470000E-8	4.986914E-2
4.475000E-8	4.985886E-2
4.480000E-8	4.986057E-2
4.485000E-8	4.987942E-2
4.490000E-8	4.987257E-2
4.495000E-8	4.985030E-2
4.500000E-8	4.985372E-2
4.505000E-8	4.988113E-2
4.510000E-8	4.992224E-2
4.515000E-8	4.993423E-2
4.520000E-8	4.991539E-2
4.525000E-8	4.989141E-2
4.530000E-8	4.985886E-2
4.535000E-8	4.981946E-2
4.540000E-8	4.981433E-2
4.545000E-8	4.982118E-2
4.550000E-8	4.981090E-2
4.555000E-8	4.976465E-2
4.560000E-8	4.972525E-2
4.565000E-8	4.968757E-2
4.570000E-8	4.965160E-2
4.575000E-8	4.963960E-2
4.580000E-8	4.965845E-2
4.585000E-8	4.966530E-2
4.590000E-8	4.964303E-2
4.595000E-8	4.961562E-2
4.600000E-8	4.959507E-2
4.605000E-8	4.958136E-2
4.610000E-8	4.956252E-2
4.615000E-8	4.951456E-2
4.620000E-8	4.943405E-2
4.625000E-8	4.933641E-2
4.630000E-8	4.921308E-2
4.635000E-8	4.907776E-2
4.640000E-8	4.897669E-2
4.645000E-8	4.892702E-2
4.650000E-8	4.890132E-2
4.655000E-8	4.889105E-2
4.660000E-8	4.892530E-2
4.665000E-8	4.899382E-2
4.670000E-8	4.906919E-2
4.675000E-8	4.915313E-2
4.680000E-8	4.921479E-2
4.685000E-8	4.924391E-2
4.690000E-8	4.925590E-2
4.695000E-8	4.923021E-2
4.700000E-8	4.917368E-2
4.705000E-8	4.909317E-2
4.710000E-8	4.901266E-2
4.715000E-8	4.892702E-2
4.720000E-8	4.885850E-2
4.725000E-8	4.882595E-2
4.730000E-8	4.880540E-2
4.735000E-8	4.879683E-2
4.740000E-8	4.881910E-2
4.745000E-8	4.882767E-2
4.750000E-8	4.881568E-2
4.755000E-8	4.882595E-2
4.760000E-8	4.886878E-2
4.765000E-8	4.891160E-2
4.770000E-8	4.896642E-2
4.775000E-8	4.902466E-2
4.780000E-8	4.904521E-2
4.785000E-8	4.903493E-2
4.790000E-8	4.901438E-2
4.795000E-8	4.894415E-2
4.800000E-8	4.884137E-2
4.805000E-8	4.874716E-2
4.810000E-8	4.866151E-2
4.815000E-8	4.860841E-2
4.820000E-8	4.862211E-2
4.825000E-8	4.865295E-2
4.830000E-8	4.863239E-2
4.835000E-8	4.863239E-2
4.840000E-8	4.871632E-2
4.845000E-8	4.881054E-2
4.850000E-8	4.883966E-2
4.855000E-8	4.884993E-2
4.860000E-8	4.883794E-2
4.865000E-8	4.874887E-2
4.870000E-8	4.861869E-2
4.875000E-8	4.852105E-2
4.880000E-8	4.846281E-2
4.885000E-8	4.841485E-2
4.890000E-8	4.837373E-2
4.895000E-8	4.838230E-2
4.900000E-8	4.842512E-2
4.905000E-8	4.847309E-2
4.910000E-8	4.855873E-2
4.915000E-8	4.866494E-2
4.920000E-8	4.875401E-2
4.925000E-8	4.882081E-2
4.930000E-8	4.890475E-2
4.935000E-8	4.900753E-2
4.940000E-8	4.905206E-2
4.945000E-8	4.902123E-2
4.950000E-8	4.898183E-2
4.955000E-8	4.897327E-2
4.960000E-8	4.893387E-2
4.965000E-8	4.884651E-2
4.970000E-8	4.871975E-2
4.975000E-8	4.855873E-2
4.980000E-8	4.834461E-2
4.985000E-8	4.809795E-2
4.990000E-8	4.787355E-2
4.995000E-8	4.769712E-2
5.000000E-8	4.757379E-2
5.005000E-8	4.750527E-2
5.010000E-8	4.751383E-2
5.015000E-8	4.761832E-2
5.020000E-8	4.777420E-2
5.025000E-8	4.793179E-2
5.030000E-8	4.808425E-2
5.035000E-8	4.821614E-2
5.040000E-8	4.832748E-2
5.045000E-8	4.841827E-2
5.050000E-8	4.846795E-2
5.055000E-8	4.841485E-2
5.060000E-8	4.828124E-2
5.065000E-8	4.816304E-2
5.070000E-8	4.807397E-2
5.075000E-8	4.799517E-2
5.080000E-8	4.796777E-2
5.085000E-8	4.797290E-2
5.090000E-8	4.799517E-2
5.095000E-8	4.806540E-2
5.100000E-8	4.816475E-2
5.105000E-8	4.820244E-2
5.110000E-8	4.818188E-2
5.115000E-8	4.818017E-2
5.120000E-8	4.817503E-2
5.125000E-8	4.808938E-2
5.130000E-8	4.796948E-2
5.135000E-8	4.786328E-2
5.140000E-8	4.776564E-2
5.145000E-8	4.768342E-2
5.150000E-8	4.764744E-2
5.155000E-8	4.762860E-2
5.160000E-8	4.762346E-2
5.165000E-8	4.768855E-2
5.170000E-8	4.780503E-2
5.175000E-8	4.790610E-2
5.180000E-8	4.798661E-2
5.185000E-8	4.808253E-2
5.190000E-8	4.817503E-2
5.195000E-8	4.824698E-2
5.200000E-8	4.823499E-2
5.205000E-8	4.815105E-2
5.210000E-8	4.804313E-2
5.215000E-8	4.797290E-2
5.220000E-8	4.791295E-2
5.225000E-8	4.785814E-2
5.230000E-8	4.785300E-2
5.235000E-8	4.787869E-2
5.240000E-8	4.787355E-2
5.245000E-8	4.783244E-2
5.250000E-8	4.778448E-2
5.255000E-8	4.770397E-2
5.260000E-8	4.759948E-2
5.265000E-8	4.752411E-2
5.270000E-8	4.747615E-2
5.275000E-8	4.744874E-2
5.280000E-8	4.742647E-2
5.285000E-8	4.740934E-2
5.290000E-8	4.738708E-2
5.295000E-8	4.737851E-2
5.300000E-8	4.737851E-2
5.305000E-8	4.739564E-2
5.310000E-8	4.745388E-2
5.315000E-8	4.754295E-2
5.320000E-8	4.759434E-2
5.325000E-8	4.761661E-2
5.330000E-8	4.769198E-2
5.335000E-8	4.779133E-2
5.340000E-8	4.786328E-2
5.345000E-8	4.790439E-2
5.350000E-8	4.792323E-2
5.355000E-8	4.791980E-2
5.360000E-8	4.790096E-2
5.365000E-8	4.787184E-2
5.370000E-8	4.786156E-2
5.375000E-8	4.785642E-2
5.380000E-8	4.781703E-2
5.385000E-8	4.772281E-2
5.390000E-8	4.760462E-2
5.395000E-8	4.746587E-2
5.400000E-8	4.734939E-2
5.405000E-8	4.727231E-2
5.410000E-8	4.726717E-2
5.415000E-8	4.730999E-2
5.420000E-8	4.739221E-2
5.425000E-8	4.745045E-2
5.430000E-8	4.746930E-2
5.435000E-8	4.745902E-2
5.440000E-8	4.740763E-2
5.445000E-8	4.732027E-2
5.450000E-8	4.723976E-2
5.455000E-8	4.717638E-2
5.460000E-8	4.711129E-2
5.465000E-8	4.704791E-2
5.470000E-8	4.701023E-2
5.475000E-8	4.698453E-2
5.480000E-8	4.694342E-2
5.485000E-8	4.686976E-2
5.490000E-8	4.677041E-2
5.495000E-8	4.667277E-2
5.500000E-8	4.657514E-2
5.505000E-8	4.646380E-2
5.510000E-8	4.639870E-2
5.515000E-8	4.640898E-2
5.520000E-8	4.646037E-2
5.525000E-8	4.653745E-2
5.530000E-8	4.666592E-2
5.535000E-8	4.679439E-2
5.540000E-8	4.684064E-2
5.545000E-8	4.683893E-2
5.550000E-8	4.685092E-2
5.555000E-8	4.684064E-2
5.560000E-8	4.680467E-2
5.565000E-8	4.674472E-2
5.570000E-8	4.662481E-2
5.575000E-8	4.641241E-2
5.580000E-8	4.620685E-2
5.585000E-8	4.604584E-2
5.590000E-8	4.592593E-2
5.595000E-8	4.587797E-2
5.600000E-8	4.592079E-2
5.605000E-8	4.597903E-2
5.610000E-8	4.602528E-2
5.615000E-8	4.612806E-2
5.620000E-8	4.630449E-2
5.625000E-8	4.647921E-2
5.630000E-8	4.663166E-2
5.635000E-8	4.674643E-2
5.640000E-8	4.681324E-2
5.645000E-8	4.684064E-2
5.650000E-8	4.684236E-2
5.655000E-8	4.677041E-2
5.660000E-8	4.663338E-2
5.665000E-8	4.650319E-2
5.670000E-8	4.636444E-2
5.675000E-8	4.617945E-2
5.680000E-8	4.600472E-2
5.685000E-8	4.592250E-2
5.690000E-8	4.586940E-2
5.695000E-8	4.581287E-2
5.700000E-8	4.579232E-2
5.705000E-8	4.582315E-2
5.710000E-8	4.586940E-2
5.715000E-8	4.591565E-2
5.720000E-8	4.598246E-2
5.725000E-8	4.606296E-2
5.730000E-8	4.613148E-2
5.735000E-8	4.619144E-2
5.740000E-8	4.625482E-2
5.745000E-8	4.631648E-2
5.750000E-8	4.637643E-2
5.755000E-8	4.644667E-2
5.760000E-8	4.646893E-2
5.765000E-8	4.642954E-2
5.770000E-8	4.635245E-2
5.775000E-8	4.627366E-2
5.780000E-8	4.617773E-2
5.785000E-8	4.610408E-2
5.790000E-8	4.604926E-2
5.795000E-8	4.600472E-2
5.800000E-8	4.596019E-2
5.805000E-8	4.593963E-2
5.810000E-8	4.596875E-2
5.815000E-8	4.602185E-2
5.820000E-8	4.607496E-2
5.825000E-8	4.610236E-2
5.830000E-8	4.612977E-2
5.835000E-8	4.616917E-2
5.840000E-8	4.617945E-2
5.845000E-8	4.612634E-2
5.850000E-8	4.602871E-2
5.855000E-8	4.593792E-2
5.860000E-8	4.586255E-2
5.865000E-8	4.577862E-2
5.870000E-8	4.572209E-2
5.875000E-8	4.569297E-2
5.880000E-8	4.567413E-2
5.885000E-8	4.566727E-2
5.890000E-8	4.569982E-2
5.895000E-8	4.579403E-2
5.900000E-8	4.592250E-2
5.905000E-8	4.605783E-2
5.910000E-8	4.618630E-2
5.915000E-8	4.628736E-2
5.920000E-8	4.634218E-2
5.925000E-8	4.634903E-2
5.930000E-8	4.629421E-2
5.935000E-8	4.618458E-2
5.940000E-8	4.609894E-2
5.945000E-8	4.604241E-2
5.950000E-8	4.596190E-2
5.955000E-8	4.588482E-2
5.960000E-8	4.585912E-2
5.965000E-8	4.587283E-2
5.970000E-8	4.587968E-2
5.975000E-8	4.592422E-2
5.980000E-8	4.599445E-2
5.985000E-8	4.603042E-2
5.990000E-8	4.605097E-2
5.995000E-8	4.608866E-2
6.000000E-8	4.610236E-2
6.005000E-8	4.605269E-2
6.010000E-8	4.595847E-2
6.015000E-8	4.585227E-2
6.020000E-8	4.571524E-2
6.025000E-8	4.557649E-2
6.030000E-8	4.546172E-2
6.035000E-8	4.536408E-2
6.040000E-8	4.526302E-2
6.045000E-8	4.520649E-2
6.050000E-8	4.520306E-2
6.055000E-8	4.524760E-2
6.060000E-8	4.533154E-2
6.065000E-8	4.545658E-2
6.070000E-8	4.557306E-2
6.075000E-8	4.567755E-2
6.080000E-8	4.573065E-2
6.085000E-8	4.572551E-2
6.090000E-8	4.569297E-2
6.095000E-8	4.569297E-2
6.100000E-8	4.568440E-2
6.105000E-8	4.560903E-2
6.110000E-8	4.551653E-2
6.115000E-8	4.546515E-2
6.120000E-8	4.543945E-2
6.125000E-8	4.540005E-2
6.130000E-8	4.535209E-2
6.135000E-8	4.531441E-2
6.140000E-8	4.531441E-2
6.145000E-8	4.534010E-2
6.150000E-8	4.538121E-2
6.155000E-8	4.540862E-2
6.160000E-8	4.542746E-2
6.165000E-8	4.541033E-2
6.170000E-8	4.534695E-2
6.175000E-8	4.527672E-2
6.180000E-8	4.522191E-2
6.185000E-8	4.514996E-2
6.190000E-8	4.510029E-2
6.195000E-8	4.509343E-2
6.200000E-8	4.508316E-2
6.205000E-8	4.507117E-2
6.210000E-8	4.508830E-2
6.215000E-8	4.511399E-2
6.220000E-8	4.513112E-2
6.225000E-8	4.515681E-2
6.230000E-8	4.518936E-2
6.235000E-8	4.522362E-2
6.240000E-8	4.527672E-2
6.245000E-8	4.533667E-2
6.250000E-8	4.538635E-2
6.255000E-8	4.543260E-2
6.260000E-8	4.548913E-2
6.265000E-8	4.554223E-2
6.270000E-8	4.558676E-2
6.275000E-8	4.560732E-2
6.280000E-8	4.558334E-2
6.285000E-8	4.548913E-2
6.290000E-8	4.536751E-2
6.295000E-8	4.522533E-2
6.300000E-8	4.506774E-2
6.305000E-8	4.495469E-2
6.310000E-8	4.491358E-2
6.315000E-8	4.490158E-2
6.320000E-8	4.488274E-2
6.325000E-8	4.489302E-2
6.330000E-8	4.491358E-2
6.335000E-8	4.491871E-2
6.340000E-8	4.493927E-2
6.345000E-8	4.499408E-2
6.350000E-8	4.503006E-2
6.355000E-8	4.504376E-2
6.360000E-8	4.505232E-2
6.365000E-8	4.503691E-2
6.370000E-8	4.497695E-2
6.375000E-8	4.485705E-2
6.380000E-8	4.470802E-2
6.385000E-8	4.457955E-2
6.390000E-8	4.451103E-2
6.395000E-8	4.447849E-2
6.400000E-8	4.443224E-2
6.405000E-8	4.441682E-2
6.410000E-8	4.444080E-2
6.415000E-8	4.445279E-2
6.420000E-8	4.445108E-2
6.425000E-8	4.446307E-2
6.430000E-8	4.451274E-2
6.435000E-8	4.456071E-2
6.440000E-8	4.460182E-2
6.445000E-8	4.465835E-2
6.450000E-8	4.470973E-2
6.455000E-8	4.477311E-2
6.460000E-8	4.485876E-2
6.465000E-8	4.491186E-2
6.470000E-8	4.493070E-2
6.475000E-8	4.494955E-2
6.480000E-8	4.496154E-2
6.485000E-8	4.494783E-2
6.490000E-8	4.490844E-2
6.495000E-8	4.487418E-2
6.500000E-8	4.484506E-2
6.505000E-8	4.483821E-2
6.510000E-8	4.482108E-2
6.515000E-8	4.477997E-2
6.520000E-8	4.473372E-2
6.525000E-8	4.472344E-2
6.530000E-8	4.472344E-2
6.535000E-8	4.472858E-2
6.540000E-8	4.474228E-2
6.545000E-8	4.476969E-2
6.550000E-8	4.478168E-2
6.555000E-8	4.477825E-2
6.560000E-8	4.475770E-2
6.565000E-8	4.474399E-2
6.570000E-8	4.472001E-2
6.575000E-8	4.470631E-2
6.580000E-8	4.469774E-2
6.585000E-8	4.470802E-2
6.590000E-8	4.473372E-2
6.595000E-8	4.476112E-2
6.600000E-8	4.474571E-2
6.605000E-8	4.471487E-2
6.610000E-8	4.472515E-2
6.615000E-8	4.474399E-2
6.620000E-8	4.471316E-2
6.625000E-8	4.464807E-2
6.630000E-8	4.458126E-2
6.635000E-8	4.451446E-2
6.640000E-8	4.442025E-2
6.645000E-8	4.431404E-2
6.650000E-8	4.422497E-2
6.655000E-8	4.415988E-2
6.660000E-8	4.412219E-2
6.665000E-8	4.414446E-2
6.670000E-8	4.423353E-2
6.675000E-8	4.432432E-2
6.680000E-8	4.438085E-2
6.685000E-8	4.443395E-2
6.690000E-8	4.447677E-2
6.695000E-8	4.449048E-2
6.700000E-8	4.449219E-2
6.705000E-8	4.450932E-2
6.710000E-8	4.450932E-2
6.715000E-8	4.445450E-2
6.720000E-8	4.438085E-2
6.725000E-8	4.432432E-2
6.730000E-8	4.425752E-2
6.735000E-8	4.418900E-2
6.740000E-8	4.414617E-2
6.745000E-8	4.413418E-2
6.750000E-8	4.415131E-2
6.755000E-8	4.418900E-2
6.760000E-8	4.422497E-2
6.765000E-8	4.423011E-2
6.770000E-8	4.420613E-2
6.775000E-8	4.418557E-2
6.780000E-8	4.414960E-2
6.785000E-8	4.408622E-2
6.790000E-8	4.401770E-2
6.795000E-8	4.394062E-2
6.800000E-8	4.383956E-2
6.805000E-8	4.374706E-2
6.810000E-8	4.369738E-2
6.815000E-8	4.368368E-2
6.820000E-8	4.366141E-2
6.825000E-8	4.363058E-2
6.830000E-8	4.360659E-2
6.835000E-8	4.357062E-2
6.840000E-8	4.349868E-2
6.845000E-8	4.341988E-2
6.850000E-8	4.333081E-2
6.855000E-8	4.324516E-2
6.860000E-8	4.317151E-2
6.865000E-8	4.310984E-2
6.870000E-8	4.305674E-2
6.875000E-8	4.302419E-2
6.880000E-8	4.304132E-2
6.885000E-8	4.311326E-2
6.890000E-8	4.321262E-2
6.895000E-8	4.331025E-2
6.900000E-8	4.335136E-2
6.905000E-8	4.334965E-2
6.910000E-8	4.333595E-2
6.915000E-8	4.330340E-2
6.920000E-8	4.323317E-2
6.925000E-8	4.315438E-2
6.930000E-8	4.310984E-2
6.935000E-8	4.308414E-2
6.940000E-8	4.305674E-2
6.945000E-8	4.303618E-2
6.950000E-8	4.305331E-2
6.955000E-8	4.310984E-2
6.960000E-8	4.318178E-2
6.965000E-8	4.325544E-2
6.970000E-8	4.337192E-2
6.975000E-8	4.353465E-2
6.980000E-8	4.367340E-2
6.985000E-8	4.375905E-2
6.990000E-8	4.379844E-2
6.995000E-8	4.382243E-2
7.000000E-8	4.379159E-2
7.005000E-8	4.371108E-2
7.010000E-8	4.363229E-2
7.015000E-8	4.355349E-2
7.020000E-8	4.345414E-2
7.025000E-8	4.336164E-2
7.030000E-8	4.330854E-2
7.035000E-8	4.328285E-2
7.040000E-8	4.326229E-2
7.045000E-8	4.328113E-2
7.050000E-8	4.333252E-2
7.055000E-8	4.338905E-2
7.060000E-8	4.344900E-2
7.065000E-8	4.348155E-2
7.070000E-8	4.345928E-2
7.075000E-8	4.337535E-2
7.080000E-8	4.327428E-2
7.085000E-8	4.315951E-2
7.090000E-8	4.305160E-2
7.095000E-8	4.295739E-2
7.100000E-8	4.287859E-2
7.105000E-8	4.282549E-2
7.110000E-8	4.281521E-2
7.115000E-8	4.284604E-2
7.120000E-8	4.286317E-2
7.125000E-8	4.284947E-2
7.130000E-8	4.284091E-2
7.135000E-8	4.285632E-2
7.140000E-8	4.285290E-2
7.145000E-8	4.279808E-2
7.150000E-8	4.273299E-2
7.155000E-8	4.267818E-2
7.160000E-8	4.261822E-2
7.165000E-8	4.254114E-2
7.170000E-8	4.247776E-2
7.175000E-8	4.241952E-2
7.180000E-8	4.236642E-2
7.185000E-8	4.234415E-2
7.190000E-8	4.233901E-2
7.195000E-8	4.236471E-2
7.200000E-8	4.246063E-2
7.205000E-8	4.262507E-2
7.210000E-8	4.281350E-2
7.215000E-8	4.297965E-2
7.220000E-8	4.311498E-2
7.225000E-8	4.322289E-2
7.230000E-8	4.331368E-2
7.235000E-8	4.340104E-2
7.240000E-8	4.345585E-2
7.245000E-8	4.347127E-2
7.250000E-8	4.343873E-2
7.255000E-8	4.335650E-2
7.260000E-8	4.321433E-2
7.265000E-8	4.306016E-2
7.270000E-8	4.290600E-2
7.275000E-8	4.275868E-2
7.280000E-8	4.262679E-2
7.285000E-8	4.254285E-2
7.290000E-8	4.253600E-2
7.295000E-8	4.254970E-2
7.300000E-8	4.252744E-2
7.305000E-8	4.246234E-2
7.310000E-8	4.240410E-2
7.315000E-8	4.239211E-2
7.320000E-8	4.239383E-2
7.325000E-8	4.237670E-2
7.330000E-8	4.235785E-2
7.335000E-8	4.231503E-2
7.340000E-8	4.223966E-2
7.345000E-8	4.215573E-2
7.350000E-8	4.209235E-2
7.355000E-8	4.203925E-2
7.360000E-8	4.198786E-2
7.365000E-8	4.199642E-2
7.370000E-8	4.202725E-2
7.375000E-8	4.201698E-2
7.380000E-8	4.195188E-2
7.385000E-8	4.188851E-2
7.390000E-8	4.184226E-2
7.395000E-8	4.184397E-2
7.400000E-8	4.186281E-2
7.405000E-8	4.188337E-2
7.410000E-8	4.192276E-2
7.415000E-8	4.200156E-2
7.420000E-8	4.210262E-2
7.425000E-8	4.215059E-2
7.430000E-8	4.215401E-2
7.435000E-8	4.218485E-2
7.440000E-8	4.222082E-2
7.445000E-8	4.221568E-2
7.450000E-8	4.221910E-2
7.455000E-8	4.227735E-2
7.460000E-8	4.234586E-2
7.465000E-8	4.239383E-2
7.470000E-8	4.242123E-2
7.475000E-8	4.242637E-2
7.480000E-8	4.240753E-2
7.485000E-8	4.238012E-2
7.490000E-8	4.235271E-2
7.495000E-8	4.234586E-2
7.500000E-8	4.237156E-2
7.505000E-8	4.236299E-2
7.510000E-8	4.228420E-2
7.515000E-8	4.217971E-2
7.520000E-8	4.209749E-2
7.525000E-8	4.202383E-2
7.530000E-8	4.194332E-2
7.535000E-8	4.187480E-2
7.540000E-8	4.183712E-2
7.545000E-8	4.183712E-2
7.550000E-8	4.186795E-2
7.555000E-8	4.189707E-2
7.560000E-8	4.192962E-2
7.565000E-8	4.197758E-2
7.570000E-8	4.201869E-2
7.575000E-8	4.201355E-2
7.580000E-8	4.194846E-2
7.585000E-8	4.185939E-2
7.590000E-8	4.182684E-2
7.595000E-8	4.183027E-2
7.600000E-8	4.184397E-2
7.605000E-8	4.186281E-2
7.610000E-8	4.191934E-2
7.615000E-8	4.198786E-2
7.620000E-8	4.202212E-2
7.625000E-8	4.204096E-2
7.630000E-8	4.208207E-2
7.635000E-8	4.213003E-2
7.640000E-8	4.214202E-2
7.645000E-8	4.210776E-2
7.650000E-8	4.205809E-2
7.655000E-8	4.201698E-2
7.660000E-8	4.198786E-2
7.665000E-8	4.192276E-2
7.670000E-8	4.182341E-2
7.675000E-8	4.177202E-2
7.680000E-8	4.176860E-2
7.685000E-8	4.177374E-2
7.690000E-8	4.178744E-2
7.695000E-8	4.186281E-2
7.700000E-8	4.196559E-2
7.705000E-8	4.204610E-2
7.710000E-8	4.206665E-2
7.715000E-8	4.202383E-2
7.720000E-8	4.191934E-2
7.725000E-8	4.181314E-2
7.730000E-8	4.172235E-2
7.735000E-8	4.162642E-2
7.740000E-8	4.152193E-2
7.745000E-8	4.147397E-2
7.750000E-8	4.145855E-2
7.755000E-8	4.144828E-2
7.760000E-8	4.146198E-2
7.765000E-8	4.153735E-2
7.770000E-8	4.164355E-2
7.775000E-8	4.171721E-2
7.780000E-8	4.179601E-2
7.785000E-8	4.188165E-2
7.790000E-8	4.192962E-2
7.795000E-8	4.192962E-2
7.800000E-8	4.189193E-2
7.805000E-8	4.181485E-2
7.810000E-8	4.170693E-2
7.815000E-8	4.159559E-2
7.820000E-8	4.148596E-2
7.825000E-8	4.136606E-2
7.830000E-8	4.125471E-2
7.835000E-8	4.117763E-2
7.840000E-8	4.113823E-2
7.845000E-8	4.111596E-2
7.850000E-8	4.113309E-2
7.855000E-8	4.118448E-2
7.860000E-8	4.122902E-2
7.865000E-8	4.126499E-2
7.870000E-8	4.130953E-2
7.875000E-8	4.136263E-2
7.880000E-8	4.140374E-2
7.885000E-8	4.144656E-2
7.890000E-8	4.147740E-2
7.895000E-8	4.146198E-2
7.900000E-8	4.139689E-2
7.905000E-8	4.133694E-2
7.910000E-8	4.131124E-2
7.915000E-8	4.128041E-2
7.920000E-8	4.121360E-2
7.925000E-8	4.114337E-2
7.930000E-8	4.106458E-2
7.935000E-8	4.097550E-2
7.940000E-8	4.091212E-2
7.945000E-8	4.088472E-2
7.950000E-8	4.088472E-2
7.955000E-8	4.089328E-2
7.960000E-8	4.088643E-2
7.965000E-8	4.087273E-2
7.970000E-8	4.090356E-2
7.975000E-8	4.096351E-2
7.980000E-8	4.097893E-2
7.985000E-8	4.094296E-2
7.990000E-8	4.089499E-2
7.995000E-8	4.082990E-2
8.000000E-8	4.073226E-2
8.005000E-8	4.064662E-2
8.010000E-8	4.061921E-2
8.015000E-8	4.062092E-2
8.020000E-8	4.060208E-2
8.025000E-8	4.059865E-2
8.030000E-8	4.062435E-2
8.035000E-8	4.067402E-2
8.040000E-8	4.068430E-2
8.045000E-8	4.066546E-2
8.050000E-8	4.065347E-2
8.055000E-8	4.065176E-2
8.060000E-8	4.066032E-2
8.065000E-8	4.071685E-2
8.070000E-8	4.079907E-2
8.075000E-8	4.086074E-2
8.080000E-8	4.092240E-2
8.085000E-8	4.100462E-2
8.090000E-8	4.107143E-2
8.095000E-8	4.110569E-2
8.100000E-8	4.111425E-2
8.105000E-8	4.111596E-2
8.110000E-8	4.109027E-2
8.115000E-8	4.103546E-2
8.120000E-8	4.094467E-2
8.125000E-8	4.083675E-2
8.130000E-8	4.072541E-2
8.135000E-8	4.062264E-2
8.140000E-8	4.051986E-2
8.145000E-8	4.044620E-2
8.150000E-8	4.042907E-2
8.155000E-8	4.044449E-2
8.160000E-8	4.045991E-2
8.165000E-8	4.050958E-2
8.170000E-8	4.059523E-2
8.175000E-8	4.067916E-2
8.180000E-8	4.075453E-2
8.185000E-8	4.080250E-2
8.190000E-8	4.081962E-2
8.195000E-8	4.081791E-2
8.200000E-8	4.080592E-2
8.205000E-8	4.078365E-2
8.210000E-8	4.073398E-2
8.215000E-8	4.067231E-2
8.220000E-8	4.060037E-2
8.225000E-8	4.048560E-2
8.230000E-8	4.037083E-2
8.235000E-8	4.028690E-2
8.240000E-8	4.024579E-2
8.245000E-8	4.019782E-2
8.250000E-8	4.014301E-2
8.255000E-8	4.011903E-2
8.260000E-8	4.011732E-2
8.265000E-8	4.012074E-2
8.270000E-8	4.013787E-2
8.275000E-8	4.017213E-2
8.280000E-8	4.022181E-2
8.285000E-8	4.026292E-2
8.290000E-8	4.029889E-2
8.295000E-8	4.034171E-2
8.300000E-8	4.038282E-2
8.305000E-8	4.042565E-2
8.310000E-8	4.045477E-2
8.315000E-8	4.047361E-2
8.320000E-8	4.046847E-2
8.325000E-8	4.041537E-2
8.330000E-8	4.033829E-2
8.335000E-8	4.024065E-2
8.340000E-8	4.014301E-2
8.345000E-8	4.008819E-2
8.350000E-8	4.007107E-2
8.355000E-8	4.007449E-2
8.360000E-8	4.010190E-2
8.365000E-8	4.016356E-2
8.370000E-8	4.025778E-2
8.375000E-8	4.037254E-2
8.380000E-8	4.049245E-2
8.385000E-8	4.061236E-2
8.390000E-8	4.073226E-2
8.395000E-8	4.079907E-2
8.400000E-8	4.078708E-2
8.405000E-8	4.073740E-2
8.410000E-8	4.070486E-2
8.415000E-8	4.065347E-2
8.420000E-8	4.059009E-2
8.425000E-8	4.053870E-2
8.430000E-8	4.049074E-2
8.435000E-8	4.042736E-2
8.440000E-8	4.038967E-2
8.445000E-8	4.038454E-2
8.450000E-8	4.037940E-2
8.455000E-8	4.039139E-2
8.460000E-8	4.038796E-2
8.465000E-8	4.037426E-2
8.470000E-8	4.036569E-2
8.475000E-8	4.037768E-2
8.480000E-8	4.037768E-2
8.485000E-8	4.036912E-2
8.490000E-8	4.039653E-2
8.495000E-8	4.045305E-2
8.500000E-8	4.045648E-2
8.505000E-8	4.041879E-2
8.510000E-8	4.038796E-2
8.515000E-8	4.034342E-2
8.520000E-8	4.027833E-2
8.525000E-8	4.019440E-2
8.530000E-8	4.009333E-2
8.535000E-8	3.999227E-2
8.540000E-8	3.991176E-2
8.545000E-8	3.988264E-2
8.550000E-8	3.988778E-2
8.555000E-8	3.991005E-2
8.560000E-8	3.991861E-2
8.565000E-8	3.994773E-2
8.570000E-8	4.001625E-2
8.575000E-8	4.009333E-2
8.580000E-8	4.017042E-2
8.585000E-8	4.025435E-2
8.590000E-8	4.032287E-2
8.595000E-8	4.033657E-2
8.600000E-8	4.029889E-2
8.605000E-8	4.025093E-2
8.610000E-8	4.021153E-2
8.615000E-8	4.016699E-2
8.620000E-8	4.014472E-2
8.625000E-8	4.013958E-2
8.630000E-8	4.010019E-2
8.635000E-8	4.004023E-2
8.640000E-8	4.001283E-2
8.645000E-8	4.001968E-2
8.650000E-8	4.001283E-2
8.655000E-8	3.998542E-2
8.660000E-8	3.995972E-2
8.665000E-8	3.992546E-2
8.670000E-8	3.984667E-2
8.675000E-8	3.973533E-2
8.680000E-8	3.963255E-2
8.685000E-8	3.957774E-2
8.690000E-8	3.954690E-2
8.695000E-8	3.950750E-2
8.700000E-8	3.947496E-2
8.705000E-8	3.948524E-2
8.710000E-8	3.951093E-2
8.715000E-8	3.954005E-2
8.720000E-8	3.960343E-2
8.725000E-8	3.965482E-2
8.730000E-8	3.965824E-2
8.735000E-8	3.962399E-2
8.740000E-8	3.959144E-2
8.745000E-8	3.954348E-2
8.750000E-8	3.947153E-2
8.755000E-8	3.944241E-2
8.760000E-8	3.945440E-2
8.765000E-8	3.946297E-2
8.770000E-8	3.948010E-2
8.775000E-8	3.951436E-2
8.780000E-8	3.954519E-2
8.785000E-8	3.953491E-2
8.790000E-8	3.954519E-2
8.795000E-8	3.958630E-2
8.800000E-8	3.961542E-2
8.805000E-8	3.963769E-2
8.810000E-8	3.967024E-2
8.815000E-8	3.968051E-2
8.820000E-8	3.963940E-2
8.825000E-8	3.962056E-2
8.830000E-8	3.965311E-2
8.835000E-8	3.967880E-2
8.840000E-8	3.965139E-2
8.845000E-8	3.959315E-2
8.850000E-8	3.951093E-2
8.855000E-8	3.942357E-2
8.860000E-8	3.934649E-2
8.865000E-8	3.929510E-2
8.870000E-8	3.925399E-2
8.875000E-8	3.924200E-2
8.880000E-8	3.926084E-2
8.885000E-8	3.928825E-2
8.890000E-8	3.928825E-2
8.895000E-8	3.926427E-2
8.900000E-8	3.922658E-2
8.905000E-8	3.913066E-2
8.910000E-8	3.896450E-2
8.915000E-8	3.875895E-2
8.920000E-8	3.855168E-2
8.925000E-8	3.837011E-2
8.930000E-8	3.824506E-2
8.935000E-8	3.817312E-2
8.940000E-8	3.816284E-2
8.945000E-8	3.823821E-2
8.950000E-8	3.838552E-2
8.955000E-8	3.856367E-2
8.960000E-8	3.875552E-2
8.965000E-8	3.896621E-2
8.970000E-8	3.913579E-2
8.975000E-8	3.923172E-2
8.980000E-8	3.927283E-2
8.985000E-8	3.927968E-2
8.990000E-8	3.922658E-2
8.995000E-8	3.912552E-2
9.000000E-8	3.899705E-2
9.005000E-8	3.884973E-2
9.010000E-8	3.866645E-2
9.015000E-8	3.846261E-2
9.020000E-8	3.826562E-2
9.025000E-8	3.812344E-2
9.030000E-8	3.804978E-2
9.035000E-8	3.800011E-2
9.040000E-8	3.800011E-2
9.045000E-8	3.807205E-2
9.050000E-8	3.819367E-2
9.055000E-8	3.833927E-2
9.060000E-8	3.851228E-2
9.065000E-8	3.871612E-2
9.070000E-8	3.890797E-2
9.075000E-8	3.903473E-2
9.080000E-8	3.912209E-2
9.085000E-8	3.918033E-2
9.090000E-8	3.918547E-2
9.095000E-8	3.912209E-2
9.100000E-8	3.904843E-2
9.105000E-8	3.900390E-2
9.110000E-8	3.894908E-2
9.115000E-8	3.888057E-2
9.120000E-8	3.884459E-2
9.125000E-8	3.880520E-2
9.130000E-8	3.876066E-2
9.135000E-8	3.874524E-2
9.140000E-8	3.874353E-2
9.145000E-8	3.869214E-2
9.150000E-8	3.861334E-2
9.155000E-8	3.854654E-2
9.160000E-8	3.849858E-2
9.165000E-8	3.845404E-2
9.170000E-8	3.839066E-2
9.175000E-8	3.831358E-2
9.180000E-8	3.825876E-2
9.185000E-8	3.825191E-2
9.190000E-8	3.827932E-2
9.195000E-8	3.830330E-2
9.200000E-8	3.833585E-2
9.205000E-8	3.838210E-2
9.210000E-8	3.842835E-2
9.215000E-8	3.848830E-2
9.220000E-8	3.853969E-2
9.225000E-8	3.856881E-2
9.230000E-8	3.857566E-2
9.235000E-8	3.856710E-2
9.240000E-8	3.853455E-2
9.245000E-8	3.848145E-2
9.250000E-8	3.842492E-2
9.255000E-8	3.838210E-2
9.260000E-8	3.835298E-2
9.265000E-8	3.835812E-2
9.270000E-8	3.841122E-2
9.275000E-8	3.850714E-2
9.280000E-8	3.862191E-2
9.285000E-8	3.873839E-2
9.290000E-8	3.885145E-2
9.295000E-8	3.892853E-2
9.300000E-8	3.897478E-2
9.305000E-8	3.899705E-2
9.310000E-8	3.898506E-2
9.315000E-8	3.889084E-2
9.320000E-8	3.873496E-2
9.325000E-8	3.858422E-2
9.330000E-8	3.841807E-2
9.335000E-8	3.821937E-2
9.340000E-8	3.806863E-2
9.345000E-8	3.798641E-2
9.350000E-8	3.794701E-2
9.355000E-8	3.793330E-2
9.360000E-8	3.795043E-2
9.365000E-8	3.798983E-2
9.370000E-8	3.805321E-2
9.375000E-8	3.811830E-2
9.380000E-8	3.813714E-2
9.385000E-8	3.814571E-2
9.390000E-8	3.817826E-2
9.395000E-8	3.819025E-2
9.400000E-8	3.812687E-2
9.405000E-8	3.803437E-2
9.410000E-8	3.795900E-2
9.415000E-8	3.788020E-2
9.420000E-8	3.782025E-2
9.425000E-8	3.781511E-2
9.430000E-8	3.782025E-2
9.435000E-8	3.781511E-2
9.440000E-8	3.784252E-2
9.445000E-8	3.790590E-2
9.450000E-8	3.796585E-2
9.455000E-8	3.800353E-2
9.460000E-8	3.802580E-2
9.465000E-8	3.800011E-2
9.470000E-8	3.792474E-2
9.475000E-8	3.778770E-2
9.480000E-8	3.763525E-2
9.485000E-8	3.751021E-2
9.490000E-8	3.742970E-2
9.495000E-8	3.739030E-2
9.500000E-8	3.743312E-2
9.505000E-8	3.753076E-2
9.510000E-8	3.763354E-2
9.515000E-8	3.773118E-2
9.520000E-8	3.782196E-2
9.525000E-8	3.787335E-2
9.530000E-8	3.789048E-2
9.535000E-8	3.789562E-2
9.540000E-8	3.790076E-2
9.545000E-8	3.788705E-2
9.550000E-8	3.787164E-2
9.555000E-8	3.787849E-2
9.560000E-8	3.790932E-2
9.565000E-8	3.791104E-2
9.570000E-8	3.785622E-2
9.575000E-8	3.777057E-2
9.580000E-8	3.768835E-2
9.585000E-8	3.763011E-2
9.590000E-8	3.759243E-2
9.595000E-8	3.761641E-2
9.600000E-8	3.768835E-2
9.605000E-8	3.776372E-2
9.610000E-8	3.781511E-2
9.615000E-8	3.784594E-2
9.620000E-8	3.787678E-2
9.625000E-8	3.792131E-2
9.630000E-8	3.796585E-2
9.635000E-8	3.797613E-2
9.640000E-8	3.798641E-2
9.645000E-8	3.799668E-2
9.650000E-8	3.795215E-2
9.655000E-8	3.786992E-2
9.660000E-8	3.778942E-2
9.665000E-8	3.772090E-2
9.670000E-8	3.765238E-2
9.675000E-8	3.759071E-2
9.680000E-8	3.754104E-2
9.685000E-8	3.750164E-2
9.690000E-8	3.745882E-2
9.695000E-8	3.740572E-2
9.700000E-8	3.733206E-2
9.705000E-8	3.725326E-2
9.710000E-8	3.716419E-2
9.715000E-8	3.705627E-2
9.720000E-8	3.695692E-2
9.725000E-8	3.691581E-2
9.730000E-8	3.694322E-2
9.735000E-8	3.703229E-2
9.740000E-8	3.717104E-2
9.745000E-8	3.733891E-2
9.750000E-8	3.751192E-2
9.755000E-8	3.765752E-2
9.760000E-8	3.776372E-2
9.765000E-8	3.782367E-2
9.770000E-8	3.783567E-2
9.775000E-8	3.780483E-2
9.780000E-8	3.775173E-2
9.785000E-8	3.767979E-2
9.790000E-8	3.757701E-2
9.795000E-8	3.745539E-2
9.800000E-8	3.733377E-2
9.805000E-8	3.721044E-2
9.810000E-8	3.712308E-2
9.815000E-8	3.706313E-2
9.820000E-8	3.698262E-2
9.825000E-8	3.689012E-2
9.830000E-8	3.682331E-2
9.835000E-8	3.679248E-2
9.840000E-8	3.677364E-2
9.845000E-8	3.676678E-2
9.850000E-8	3.678734E-2
9.855000E-8	3.681817E-2
9.860000E-8	3.685072E-2
9.865000E-8	3.688327E-2
9.870000E-8	3.692266E-2
9.875000E-8	3.693294E-2
9.880000E-8	3.690725E-2
9.885000E-8	3.690553E-2
9.890000E-8	3.695521E-2
9.895000E-8	3.701859E-2
9.900000E-8	3.703400E-2
9.905000E-8	3.703058E-2
9.910000E-8	3.705627E-2
9.915000E-8	3.707169E-2
9.920000E-8	3.706826E-2
9.925000E-8	3.704086E-2
9.930000E-8	3.699975E-2
9.935000E-8	3.696206E-2
9.940000E-8	3.695178E-2
9.945000E-8	3.694664E-2
9.950000E-8	3.692266E-2
9.955000E-8	3.689354E-2
9.960000E-8	3.686785E-2
9.965000E-8	3.686956E-2
9.970000E-8	3.691239E-2
9.975000E-8	3.699118E-2
9.980000E-8	3.708025E-2
9.985000E-8	3.714535E-2
9.990000E-8	3.717447E-2
9.995000E-8	3.715905E-2
1.000000E-7	3.711965E-2
1.000500E-7	3.708711E-2
1.001000E-7	3.702544E-2
1.001500E-7	3.696891E-2
1.002000E-7	3.695350E-2
1.002500E-7	3.695521E-2
1.003000E-7	3.695007E-2
1.003500E-7	3.697919E-2
1.004000E-7	3.704600E-2
1.004500E-7	3.710081E-2
1.005000E-7	3.714706E-2
1.005500E-7	3.720187E-2
1.006000E-7	3.725669E-2
1.006500E-7	3.727211E-2
1.007000E-7	3.727553E-2
1.007500E-7	3.724127E-2
1.008000E-7	3.718303E-2
1.008500E-7	3.711623E-2
1.009000E-7	3.703058E-2
1.009500E-7	3.693465E-2
1.010000E-7	3.687470E-2
1.010500E-7	3.683530E-2
1.011000E-7	3.677192E-2
1.011500E-7	3.671368E-2
1.012000E-7	3.669313E-2
1.012500E-7	3.669313E-2
1.013000E-7	3.667086E-2
1.013500E-7	3.663317E-2
1.014000E-7	3.659892E-2
1.014500E-7	3.659720E-2
1.015000E-7	3.663489E-2
1.015500E-7	3.667086E-2
1.016000E-7	3.665887E-2
1.016500E-7	3.660577E-2
1.017000E-7	3.654581E-2
1.017500E-7	3.648072E-2
1.018000E-7	3.639850E-2
1.018500E-7	3.630258E-2
1.019000E-7	3.623577E-2
1.019500E-7	3.620665E-2
1.020000E-7	3.619809E-2
1.020500E-7	3.620322E-2
1.021000E-7	3.620836E-2
1.021500E-7	3.621350E-2
1.022000E-7	3.622035E-2
1.022500E-7	3.623234E-2
1.023000E-7	3.623406E-2
1.023500E-7	3.623920E-2
1.024000E-7	3.627517E-2
1.024500E-7	3.633855E-2
1.025000E-7	3.642248E-2
1.025500E-7	3.650642E-2
1.026000E-7	3.658350E-2
1.026500E-7	3.666229E-2
1.027000E-7	3.672225E-2
1.027500E-7	3.676850E-2
1.028000E-7	3.680961E-2
1.028500E-7	3.684558E-2
1.029000E-7	3.687470E-2
1.029500E-7	3.687813E-2
1.030000E-7	3.685243E-2
1.030500E-7	3.679419E-2
1.031000E-7	3.671882E-2
1.031500E-7	3.663489E-2
1.032000E-7	3.655438E-2
1.032500E-7	3.647216E-2
1.033000E-7	3.637795E-2
1.033500E-7	3.628716E-2
1.034000E-7	3.624091E-2
1.034500E-7	3.624262E-2
1.035000E-7	3.626832E-2
1.035500E-7	3.627003E-2
1.036000E-7	3.628031E-2
1.036500E-7	3.632827E-2
1.037000E-7	3.637966E-2
1.037500E-7	3.641734E-2
1.038000E-7	3.645674E-2
1.038500E-7	3.646873E-2
1.039000E-7	3.643276E-2
1.039500E-7	3.635396E-2
1.040000E-7	3.626146E-2
1.040500E-7	3.617239E-2
1.041000E-7	3.608846E-2
1.041500E-7	3.601823E-2
1.042000E-7	3.593943E-2
1.042500E-7	3.586749E-2
1.043000E-7	3.581781E-2
1.043500E-7	3.579897E-2
1.044000E-7	3.577841E-2
1.044500E-7	3.576985E-2
1.045000E-7	3.576300E-2
1.045500E-7	3.573216E-2
1.046000E-7	3.567050E-2
1.046500E-7	3.564480E-2
1.047000E-7	3.568420E-2
1.047500E-7	3.572702E-2
1.048000E-7	3.574415E-2
1.048500E-7	3.578526E-2
1.049000E-7	3.586577E-2
1.049500E-7	3.592915E-2
1.050000E-7	3.598054E-2
1.050500E-7	3.603022E-2
1.051000E-7	3.605420E-2
1.051500E-7	3.607304E-2
1.052000E-7	3.609873E-2
1.052500E-7	3.612614E-2
1.053000E-7	3.612443E-2
1.053500E-7	3.609188E-2
1.054000E-7	3.599596E-2
1.054500E-7	3.584179E-2
1.055000E-7	3.569619E-2
1.055500E-7	3.558485E-2
1.056000E-7	3.549749E-2
1.056500E-7	3.544610E-2
1.057000E-7	3.545809E-2
1.057500E-7	3.551633E-2
1.058000E-7	3.558656E-2
1.058500E-7	3.567392E-2
1.059000E-7	3.575786E-2
1.059500E-7	3.580239E-2
1.060000E-7	3.583151E-2
1.060500E-7	3.586406E-2
1.061000E-7	3.588290E-2
1.061500E-7	3.588119E-2
1.062000E-7	3.587091E-2
1.062500E-7	3.584522E-2
1.063000E-7	3.581610E-2
1.063500E-7	3.580239E-2
1.064000E-7	3.581267E-2
1.064500E-7	3.581096E-2
1.065000E-7	3.581610E-2
1.065500E-7	3.587434E-2
1.066000E-7	3.596341E-2
1.066500E-7	3.603878E-2
1.067000E-7	3.609360E-2
1.067500E-7	3.613813E-2
1.068000E-7	3.618609E-2
1.068500E-7	3.621350E-2
1.069000E-7	3.621864E-2
1.069500E-7	3.617924E-2
1.070000E-7	3.609873E-2
1.070500E-7	3.599424E-2
1.071000E-7	3.586063E-2
1.071500E-7	3.571161E-2
1.072000E-7	3.553689E-2
1.072500E-7	3.535531E-2
1.073000E-7	3.518573E-2
1.073500E-7	3.506411E-2
1.074000E-7	3.500245E-2
1.074500E-7	3.502129E-2
1.075000E-7	3.509666E-2
1.075500E-7	3.517203E-2
1.076000E-7	3.524226E-2
1.076500E-7	3.531934E-2
1.077000E-7	3.540328E-2
1.077500E-7	3.543754E-2
1.078000E-7	3.547522E-2
1.078500E-7	3.553003E-2
1.079000E-7	3.556943E-2
1.079500E-7	3.555059E-2
1.080000E-7	3.550948E-2
1.080500E-7	3.547008E-2
1.081000E-7	3.542554E-2
1.081500E-7	3.537073E-2
1.082000E-7	3.530393E-2
1.082500E-7	3.522856E-2
1.083000E-7	3.514120E-2
1.083500E-7	3.504698E-2
1.084000E-7	3.493564E-2
1.084500E-7	3.483115E-2
1.085000E-7	3.475749E-2
1.085500E-7	3.472152E-2
1.086000E-7	3.472666E-2
1.086500E-7	3.476263E-2
1.087000E-7	3.483286E-2
1.087500E-7	3.495277E-2
1.088000E-7	3.509495E-2
1.088500E-7	3.521828E-2
1.089000E-7	3.533305E-2
1.089500E-7	3.547693E-2
1.090000E-7	3.560883E-2
1.090500E-7	3.567564E-2
1.091000E-7	3.570989E-2
1.091500E-7	3.572189E-2
1.092000E-7	3.569962E-2
1.092500E-7	3.565337E-2
1.093000E-7	3.560712E-2
1.093500E-7	3.558656E-2
1.094000E-7	3.556258E-2
1.094500E-7	3.553003E-2
1.095000E-7	3.552147E-2
1.095500E-7	3.555916E-2
1.096000E-7	3.560198E-2
1.096500E-7	3.559855E-2
1.097000E-7	3.556601E-2
1.097500E-7	3.552318E-2
1.098000E-7	3.545638E-2
1.098500E-7	3.537073E-2
1.099000E-7	3.530221E-2
1.099500E-7	3.523027E-2
1.100000E-7	3.514120E-2
1.100500E-7	3.504698E-2
1.101000E-7	3.497333E-2
1.101500E-7	3.489796E-2
1.102000E-7	3.483115E-2
1.102500E-7	3.478833E-2
1.103000E-7	3.476435E-2
1.103500E-7	3.475064E-2
1.104000E-7	3.475578E-2
1.104500E-7	3.477976E-2
1.105000E-7	3.479689E-2
1.105500E-7	3.477976E-2
1.106000E-7	3.476263E-2
1.106500E-7	3.477291E-2
1.107000E-7	3.478833E-2
1.107500E-7	3.478833E-2
1.108000E-7	3.478490E-2
1.108500E-7	3.478833E-2
1.109000E-7	3.478490E-2
1.109500E-7	3.475064E-2
1.110000E-7	3.471467E-2
1.110500E-7	3.469925E-2
1.111000E-7	3.473009E-2
1.111500E-7	3.477462E-2
1.112000E-7	3.480546E-2
1.112500E-7	3.481402E-2
1.113000E-7	3.482944E-2
1.113500E-7	3.483800E-2
1.114000E-7	3.483972E-2
1.114500E-7	3.484828E-2
1.115000E-7	3.485685E-2
1.115500E-7	3.484999E-2
1.116000E-7	3.480203E-2
1.116500E-7	3.474893E-2
1.117000E-7	3.473523E-2
1.117500E-7	3.474379E-2
1.118000E-7	3.475064E-2
1.118500E-7	3.476435E-2
1.119000E-7	3.478148E-2
1.119500E-7	3.477120E-2
1.120000E-7	3.474722E-2
1.120500E-7	3.476435E-2
1.121000E-7	3.479004E-2
1.121500E-7	3.478661E-2
1.122000E-7	3.476777E-2
1.122500E-7	3.475578E-2
1.123000E-7	3.475064E-2
1.123500E-7	3.473865E-2
1.124000E-7	3.472495E-2
1.124500E-7	3.470611E-2
1.125000E-7	3.468384E-2
1.125500E-7	3.468555E-2
1.126000E-7	3.469412E-2
1.126500E-7	3.469754E-2
1.127000E-7	3.469069E-2
1.127500E-7	3.467527E-2
1.128000E-7	3.467356E-2
1.128500E-7	3.466328E-2
1.129000E-7	3.463587E-2
1.129500E-7	3.461361E-2
1.130000E-7	3.460333E-2
1.130500E-7	3.462560E-2
1.131000E-7	3.467870E-2
1.131500E-7	3.476092E-2
1.132000E-7	3.482601E-2
1.132500E-7	3.486370E-2
1.133000E-7	3.488768E-2
1.133500E-7	3.489453E-2
1.134000E-7	3.486370E-2
1.134500E-7	3.480717E-2
1.135000E-7	3.473180E-2
1.135500E-7	3.464787E-2
1.136000E-7	3.455023E-2
1.136500E-7	3.443889E-2
1.137000E-7	3.432926E-2
1.137500E-7	3.425560E-2
1.138000E-7	3.420592E-2
1.138500E-7	3.414940E-2
1.139000E-7	3.412199E-2
1.139500E-7	3.415967E-2
1.140000E-7	3.424018E-2
1.140500E-7	3.433611E-2
1.141000E-7	3.446115E-2
1.141500E-7	3.460504E-2
1.142000E-7	3.473009E-2
1.142500E-7	3.481060E-2
1.143000E-7	3.485342E-2
1.143500E-7	3.483800E-2
1.144000E-7	3.476777E-2
1.144500E-7	3.467870E-2
1.145000E-7	3.457935E-2
1.145500E-7	3.448000E-2
1.146000E-7	3.440120E-2
1.146500E-7	3.433440E-2
1.147000E-7	3.425903E-2
1.147500E-7	3.415967E-2
1.148000E-7	3.405005E-2
1.148500E-7	3.395583E-2
1.149000E-7	3.390445E-2
1.149500E-7	3.387533E-2
1.150000E-7	3.383250E-2
1.150500E-7	3.379139E-2
1.151000E-7	3.378796E-2
1.151500E-7	3.378968E-2
1.152000E-7	3.376398E-2
1.152500E-7	3.374343E-2
1.153000E-7	3.374857E-2
1.153500E-7	3.376056E-2
1.154000E-7	3.375884E-2
1.154500E-7	3.375371E-2
1.155000E-7	3.373658E-2
1.155500E-7	3.369547E-2
1.156000E-7	3.363380E-2
1.156500E-7	3.356357E-2
1.157000E-7	3.349676E-2
1.157500E-7	3.344195E-2
1.158000E-7	3.340940E-2
1.158500E-7	3.341968E-2
1.159000E-7	3.345908E-2
1.159500E-7	3.352246E-2
1.160000E-7	3.361496E-2
1.160500E-7	3.373144E-2
1.161000E-7	3.385134E-2
1.161500E-7	3.394556E-2
1.162000E-7	3.401236E-2
1.162500E-7	3.400551E-2
1.163000E-7	3.393357E-2
1.163500E-7	3.384449E-2
1.164000E-7	3.373486E-2
1.164500E-7	3.360468E-2
1.165000E-7	3.348306E-2
1.165500E-7	3.340084E-2
1.166000E-7	3.335288E-2
1.166500E-7	3.332718E-2
1.167000E-7	3.334945E-2
1.167500E-7	3.344195E-2
1.168000E-7	3.358070E-2
1.168500E-7	3.372972E-2
1.169000E-7	3.388046E-2
1.169500E-7	3.402093E-2
1.170000E-7	3.414255E-2
1.170500E-7	3.421449E-2
1.171000E-7	3.419907E-2
1.171500E-7	3.411856E-2
1.172000E-7	3.399352E-2
1.172500E-7	3.383421E-2
1.173000E-7	3.365264E-2
1.173500E-7	3.349162E-2
1.174000E-7	3.338371E-2
1.174500E-7	3.329635E-2
1.175000E-7	3.325181E-2
1.175500E-7	3.326894E-2
1.176000E-7	3.333575E-2
1.176500E-7	3.342311E-2
1.177000E-7	3.350190E-2
1.177500E-7	3.357042E-2
1.178000E-7	3.360125E-2
1.178500E-7	3.358755E-2
1.179000E-7	3.354815E-2
1.179500E-7	3.346593E-2
1.180000E-7	3.334602E-2
1.180500E-7	3.322612E-2
1.181000E-7	3.314218E-2
1.181500E-7	3.309251E-2
1.182000E-7	3.308223E-2
1.182500E-7	3.311649E-2
1.183000E-7	3.320042E-2
1.183500E-7	3.332889E-2
1.184000E-7	3.345565E-2
1.184500E-7	3.355843E-2
1.185000E-7	3.366635E-2
1.185500E-7	3.374857E-2
1.186000E-7	3.372972E-2
1.186500E-7	3.364408E-2
1.187000E-7	3.355672E-2
1.187500E-7	3.344024E-2
1.188000E-7	3.323982E-2
1.188500E-7	3.301714E-2
1.189000E-7	3.283556E-2
1.189500E-7	3.270881E-2
1.190000E-7	3.264029E-2
1.190500E-7	3.265913E-2
1.191000E-7	3.273450E-2
1.191500E-7	3.284242E-2
1.192000E-7	3.297089E-2
1.192500E-7	3.311135E-2
1.193000E-7	3.325352E-2
1.193500E-7	3.336829E-2
1.194000E-7	3.341454E-2
1.194500E-7	3.339399E-2
1.195000E-7	3.334088E-2
1.195500E-7	3.327408E-2
1.196000E-7	3.318672E-2
1.196500E-7	3.309251E-2
1.197000E-7	3.299829E-2
1.197500E-7	3.290580E-2
1.198000E-7	3.285098E-2
1.198500E-7	3.286297E-2
1.199000E-7	3.291779E-2
1.199500E-7	3.299144E-2
1.200000E-7	3.308908E-2
1.200500E-7	3.320899E-2
1.201000E-7	3.335801E-2
1.201500E-7	3.351903E-2
1.202000E-7	3.364750E-2
1.202500E-7	3.370746E-2
1.203000E-7	3.370403E-2
1.203500E-7	3.365778E-2
1.204000E-7	3.358755E-2
1.204500E-7	3.348477E-2
1.205000E-7	3.335116E-2
1.205500E-7	3.319871E-2
1.206000E-7	3.306339E-2
1.206500E-7	3.294005E-2
1.207000E-7	3.283556E-2
1.207500E-7	3.274649E-2
1.208000E-7	3.264371E-2
1.208500E-7	3.254950E-2
1.209000E-7	3.250497E-2
1.209500E-7	3.249983E-2
1.210000E-7	3.249640E-2
1.210500E-7	3.251524E-2
1.211000E-7	3.260432E-2
1.211500E-7	3.273107E-2
1.212000E-7	3.285441E-2
1.212500E-7	3.297431E-2
1.213000E-7	3.308737E-2
1.213500E-7	3.319871E-2
1.214000E-7	3.330491E-2
1.214500E-7	3.338542E-2
1.215000E-7	3.341625E-2
1.215500E-7	3.340426E-2
1.216000E-7	3.334774E-2
1.216500E-7	3.325866E-2
1.217000E-7	3.313704E-2
1.217500E-7	3.298630E-2
1.218000E-7	3.283899E-2
1.218500E-7	3.273107E-2
1.219000E-7	3.263001E-2
1.219500E-7	3.255635E-2
1.220000E-7	3.257348E-2
1.220500E-7	3.264200E-2
1.221000E-7	3.270538E-2
1.221500E-7	3.278246E-2
1.222000E-7	3.291779E-2
1.222500E-7	3.304968E-2
1.223000E-7	3.313704E-2
1.223500E-7	3.321584E-2
1.224000E-7	3.328436E-2
1.224500E-7	3.331005E-2
1.225000E-7	3.328950E-2
1.225500E-7	3.329121E-2
1.226000E-7	3.331862E-2
1.226500E-7	3.333575E-2
1.227000E-7	3.335459E-2
1.227500E-7	3.338200E-2
1.228000E-7	3.338200E-2
1.228500E-7	3.333746E-2
1.229000E-7	3.328607E-2
1.229500E-7	3.324839E-2
1.230000E-7	3.319871E-2
1.230500E-7	3.312848E-2
1.231000E-7	3.304797E-2
1.231500E-7	3.296061E-2
1.232000E-7	3.288695E-2
1.232500E-7	3.280473E-2
1.233000E-7	3.271394E-2
1.233500E-7	3.267283E-2
1.234000E-7	3.270538E-2
1.234500E-7	3.274992E-2
1.235000E-7	3.277904E-2
1.235500E-7	3.283385E-2
1.236000E-7	3.290922E-2
1.236500E-7	3.296746E-2
1.237000E-7	3.300001E-2
1.237500E-7	3.301714E-2
1.238000E-7	3.299658E-2
1.238500E-7	3.294862E-2
1.239000E-7	3.289552E-2
1.239500E-7	3.283556E-2
1.240000E-7	3.277219E-2
1.240500E-7	3.270709E-2
1.241000E-7	3.263172E-2
1.241500E-7	3.255293E-2
1.242000E-7	3.247756E-2
1.242500E-7	3.237992E-2
1.243000E-7	3.228228E-2
1.243500E-7	3.219321E-2
1.244000E-7	3.210242E-2
1.244500E-7	3.200307E-2
1.245000E-7	3.190715E-2
1.245500E-7	3.182664E-2
1.246000E-7	3.177354E-2
1.246500E-7	3.177011E-2
1.247000E-7	3.183006E-2
1.247500E-7	3.194140E-2
1.248000E-7	3.209386E-2
1.248500E-7	3.226173E-2
1.249000E-7	3.239876E-2
1.249500E-7	3.249126E-2
1.250000E-7	3.256149E-2
1.250500E-7	3.260432E-2
1.251000E-7	3.258719E-2
1.251500E-7	3.250668E-2
1.252000E-7	3.242617E-2
1.252500E-7	3.234395E-2
1.253000E-7	3.222918E-2
1.253500E-7	3.211270E-2
1.254000E-7	3.204418E-2
1.254500E-7	3.201164E-2
1.255000E-7	3.200478E-2
1.255500E-7	3.204932E-2
1.256000E-7	3.212812E-2
1.256500E-7	3.220862E-2
1.257000E-7	3.227543E-2
1.257500E-7	3.234052E-2
1.258000E-7	3.239191E-2
1.258500E-7	3.243645E-2
1.259000E-7	3.247413E-2
1.259500E-7	3.250668E-2
1.260000E-7	3.252552E-2
1.260500E-7	3.253922E-2
1.261000E-7	3.253751E-2
1.261500E-7	3.251867E-2
1.262000E-7	3.247242E-2
1.262500E-7	3.241418E-2
1.263000E-7	3.236450E-2
1.263500E-7	3.232682E-2
1.264000E-7	3.230455E-2
1.264500E-7	3.230112E-2
1.265000E-7	3.226858E-2
1.265500E-7	3.218978E-2
1.266000E-7	3.210242E-2
1.266500E-7	3.202534E-2
1.267000E-7	3.194826E-2
1.267500E-7	3.185576E-2
1.268000E-7	3.177696E-2
1.268500E-7	3.172386E-2
1.269000E-7	3.167418E-2
1.269500E-7	3.164506E-2
1.270000E-7	3.165534E-2
1.270500E-7	3.170159E-2
1.271000E-7	3.180094E-2
1.271500E-7	3.193798E-2
1.272000E-7	3.207501E-2
1.272500E-7	3.219492E-2
1.273000E-7	3.228571E-2
1.273500E-7	3.234737E-2
1.274000E-7	3.237307E-2
1.274500E-7	3.237135E-2
1.275000E-7	3.234909E-2
1.275500E-7	3.230455E-2
1.276000E-7	3.222747E-2
1.276500E-7	3.211784E-2
1.277000E-7	3.196710E-2
1.277500E-7	3.180266E-2
1.278000E-7	3.167418E-2
1.278500E-7	3.157483E-2
1.279000E-7	3.151488E-2
1.279500E-7	3.147034E-2
1.280000E-7	3.144294E-2
1.280500E-7	3.146178E-2
1.281000E-7	3.154400E-2
1.281500E-7	3.166048E-2
1.282000E-7	3.175812E-2
1.282500E-7	3.184719E-2
1.283000E-7	3.196539E-2
1.283500E-7	3.207673E-2
1.284000E-7	3.216066E-2
1.284500E-7	3.223774E-2
1.285000E-7	3.230969E-2
1.285500E-7	3.234566E-2
1.286000E-7	3.234909E-2
1.286500E-7	3.233024E-2
1.287000E-7	3.228228E-2
1.287500E-7	3.221548E-2
1.288000E-7	3.217265E-2
1.288500E-7	3.215038E-2
1.289000E-7	3.210071E-2
1.289500E-7	3.204418E-2
1.290000E-7	3.200136E-2
1.290500E-7	3.197395E-2
1.291000E-7	3.195511E-2
1.291500E-7	3.195168E-2
1.292000E-7	3.194826E-2
1.292500E-7	3.194654E-2
1.293000E-7	3.194312E-2
1.293500E-7	3.193627E-2
1.294000E-7	3.191400E-2
1.294500E-7	3.189344E-2
1.295000E-7	3.187974E-2
1.295500E-7	3.185233E-2
1.296000E-7	3.180437E-2
1.296500E-7	3.174784E-2
1.297000E-7	3.169645E-2
1.297500E-7	3.164678E-2
1.298000E-7	3.160224E-2
1.298500E-7	3.157312E-2
1.299000E-7	3.155256E-2
1.299500E-7	3.152002E-2
1.300000E-7	3.147377E-2
1.300500E-7	3.143095E-2
1.301000E-7	3.139497E-2
1.301500E-7	3.135386E-2
1.302000E-7	3.131618E-2
1.302500E-7	3.128192E-2
1.303000E-7	3.126479E-2
1.303500E-7	3.126822E-2
1.304000E-7	3.129734E-2
1.304500E-7	3.133845E-2
1.305000E-7	3.140354E-2
1.305500E-7	3.149432E-2
1.306000E-7	3.159368E-2
1.306500E-7	3.167076E-2
1.307000E-7	3.171872E-2
1.307500E-7	3.173071E-2
1.308000E-7	3.171872E-2
1.308500E-7	3.166562E-2
1.309000E-7	3.157483E-2
1.309500E-7	3.148576E-2
1.310000E-7	3.139326E-2
1.310500E-7	3.126650E-2
1.311000E-7	3.113974E-2
1.311500E-7	3.104896E-2
1.312000E-7	3.099928E-2
1.312500E-7	3.096674E-2
1.313000E-7	3.098387E-2
1.313500E-7	3.106951E-2
1.314000E-7	3.120141E-2
1.314500E-7	3.134530E-2
1.315000E-7	3.150289E-2
1.315500E-7	3.166391E-2
1.316000E-7	3.178553E-2
1.316500E-7	3.186090E-2
1.317000E-7	3.189173E-2
1.317500E-7	3.185576E-2
1.318000E-7	3.174784E-2
1.318500E-7	3.160738E-2
1.319000E-7	3.147548E-2
1.319500E-7	3.131275E-2
1.320000E-7	3.113289E-2
1.320500E-7	3.098044E-2
1.321000E-7	3.088451E-2
1.321500E-7	3.084854E-2
1.322000E-7	3.085026E-2
1.322500E-7	3.087252E-2
1.323000E-7	3.093762E-2
1.323500E-7	3.101984E-2
1.324000E-7	3.109349E-2
1.324500E-7	3.113974E-2
1.325000E-7	3.116201E-2
1.325500E-7	3.115002E-2
1.326000E-7	3.110035E-2
1.326500E-7	3.102498E-2
1.327000E-7	3.094961E-2
1.327500E-7	3.089993E-2
1.328000E-7	3.087424E-2
1.328500E-7	3.087081E-2
1.329000E-7	3.090507E-2
1.329500E-7	3.096331E-2
1.330000E-7	3.103183E-2
1.330500E-7	3.108836E-2
1.331000E-7	3.115345E-2
1.331500E-7	3.119456E-2
1.332000E-7	3.121340E-2
1.332500E-7	3.118599E-2
1.333000E-7	3.112775E-2
1.333500E-7	3.107808E-2
1.334000E-7	3.103012E-2
1.334500E-7	3.097873E-2
1.335000E-7	3.090850E-2
1.335500E-7	3.084340E-2
1.336000E-7	3.080229E-2
1.336500E-7	3.076803E-2
1.337000E-7	3.074748E-2
1.337500E-7	3.072864E-2
1.338000E-7	3.071151E-2
1.338500E-7	3.070123E-2
1.339000E-7	3.069952E-2
1.339500E-7	3.069095E-2
1.340000E-7	3.067553E-2
1.340500E-7	3.069266E-2
1.341000E-7	3.073377E-2
1.341500E-7	3.077317E-2
1.342000E-7	3.081086E-2
1.342500E-7	3.084683E-2
1.343000E-7	3.086738E-2
1.343500E-7	3.085197E-2
1.344000E-7	3.080572E-2
1.344500E-7	3.075262E-2
1.345000E-7	3.069952E-2
1.345500E-7	3.067211E-2
1.346000E-7	3.066868E-2
1.346500E-7	3.066012E-2
1.347000E-7	3.063100E-2
1.347500E-7	3.060188E-2
1.348000E-7	3.058132E-2
1.348500E-7	3.056419E-2
1.349000E-7	3.055049E-2
1.349500E-7	3.052651E-2
1.350000E-7	3.046998E-2
1.350500E-7	3.038262E-2
1.351000E-7	3.026957E-2
1.351500E-7	3.015308E-2
1.352000E-7	3.007600E-2
1.352500E-7	3.007771E-2
1.353000E-7	3.011369E-2
1.353500E-7	3.015994E-2
1.354000E-7	3.025415E-2
1.354500E-7	3.042544E-2
1.355000E-7	3.058989E-2
1.355500E-7	3.071836E-2
1.356000E-7	3.083484E-2
1.356500E-7	3.093248E-2
1.357000E-7	3.097530E-2
1.357500E-7	3.095646E-2
1.358000E-7	3.086567E-2
1.358500E-7	3.073549E-2
1.359000E-7	3.060359E-2
1.359500E-7	3.047512E-2
1.360000E-7	3.036035E-2
1.360500E-7	3.027984E-2
1.361000E-7	3.022160E-2
1.361500E-7	3.017021E-2
1.362000E-7	3.016508E-2
1.362500E-7	3.020105E-2
1.363000E-7	3.027128E-2
1.363500E-7	3.036720E-2
1.364000E-7	3.047512E-2
1.364500E-7	3.056762E-2
1.365000E-7	3.063614E-2
1.365500E-7	3.069780E-2
1.366000E-7	3.073035E-2
1.366500E-7	3.071151E-2
1.367000E-7	3.065155E-2
1.367500E-7	3.058646E-2
1.368000E-7	3.055734E-2
1.368500E-7	3.056419E-2
1.369000E-7	3.058646E-2
1.369500E-7	3.061387E-2
1.370000E-7	3.063100E-2
1.370500E-7	3.061044E-2
1.371000E-7	3.056077E-2
1.371500E-7	3.050595E-2
1.372000E-7	3.045285E-2
1.372500E-7	3.042030E-2
1.373000E-7	3.042202E-2
1.373500E-7	3.042202E-2
1.374000E-7	3.040831E-2
1.374500E-7	3.042030E-2
1.375000E-7	3.042202E-2
1.375500E-7	3.038091E-2
1.376000E-7	3.030725E-2
1.376500E-7	3.022160E-2
1.377000E-7	3.009313E-2
1.377500E-7	2.995781E-2
1.378000E-7	2.985161E-2
1.378500E-7	2.976938E-2
1.379000E-7	2.969401E-2
1.379500E-7	2.966661E-2
1.380000E-7	2.971114E-2
1.380500E-7	2.979508E-2
1.381000E-7	2.990299E-2
1.381500E-7	3.004688E-2
1.382000E-7	3.021304E-2
1.382500E-7	3.036549E-2
1.383000E-7	3.047683E-2
1.383500E-7	3.056077E-2
1.384000E-7	3.062586E-2
1.384500E-7	3.062243E-2
1.385000E-7	3.053336E-2
1.385500E-7	3.040489E-2
1.386000E-7	3.024558E-2
1.386500E-7	3.005716E-2
1.387000E-7	2.989272E-2
1.387500E-7	2.979850E-2
1.388000E-7	2.977110E-2
1.388500E-7	2.978651E-2
1.389000E-7	2.983619E-2
1.389500E-7	2.992526E-2
1.390000E-7	3.003660E-2
1.390500E-7	3.012054E-2
1.391000E-7	3.015137E-2
1.391500E-7	3.014109E-2
1.392000E-7	3.009313E-2
1.392500E-7	2.998864E-2
1.393000E-7	2.985846E-2
1.393500E-7	2.975225E-2
1.394000E-7	2.968031E-2
1.394500E-7	2.959980E-2
1.395000E-7	2.952786E-2
1.395500E-7	2.950216E-2
1.396000E-7	2.954327E-2
1.396500E-7	2.962036E-2
1.397000E-7	2.972313E-2
1.397500E-7	2.984647E-2
1.398000E-7	2.996295E-2
1.398500E-7	3.002290E-2
1.399000E-7	3.001262E-2
1.399500E-7	2.995267E-2
1.400000E-7	2.986531E-2
1.400500E-7	2.976424E-2
1.401000E-7	2.967688E-2
1.401500E-7	2.962721E-2
1.402000E-7	2.958781E-2
1.402500E-7	2.952957E-2
1.403000E-7	2.947990E-2
1.403500E-7	2.948332E-2
1.404000E-7	2.951758E-2
1.404500E-7	2.955527E-2
1.405000E-7	2.959638E-2
1.405500E-7	2.966661E-2
1.406000E-7	2.972999E-2
1.406500E-7	2.976938E-2
1.407000E-7	2.978823E-2
1.407500E-7	2.980878E-2
1.408000E-7	2.984475E-2
1.408500E-7	2.987045E-2
1.409000E-7	2.986702E-2
1.409500E-7	2.982934E-2
1.410000E-7	2.978480E-2
1.410500E-7	2.971971E-2
1.411000E-7	2.964263E-2
1.411500E-7	2.957925E-2
1.412000E-7	2.952786E-2
1.412500E-7	2.947990E-2
1.413000E-7	2.944392E-2
1.413500E-7	2.943878E-2
1.414000E-7	2.947476E-2
1.414500E-7	2.955698E-2
1.415000E-7	2.966489E-2
1.415500E-7	2.975397E-2
1.416000E-7	2.980022E-2
1.416500E-7	2.982762E-2
1.417000E-7	2.984133E-2
1.417500E-7	2.982762E-2
1.418000E-7	2.978823E-2
1.418500E-7	2.972485E-2
1.419000E-7	2.962036E-2
1.419500E-7	2.948332E-2
1.420000E-7	2.934800E-2
1.420500E-7	2.923323E-2
1.421000E-7	2.913731E-2
1.421500E-7	2.905680E-2
1.422000E-7	2.902254E-2
1.422500E-7	2.904994E-2
1.423000E-7	2.911332E-2
1.423500E-7	2.919212E-2
1.424000E-7	2.927092E-2
1.424500E-7	2.934971E-2
1.425000E-7	2.940624E-2
1.425500E-7	2.945420E-2
1.426000E-7	2.951415E-2
1.426500E-7	2.961008E-2
1.427000E-7	2.971628E-2
1.427500E-7	2.978137E-2
1.428000E-7	2.981049E-2
1.428500E-7	2.983619E-2
1.429000E-7	2.987216E-2
1.429500E-7	2.989443E-2
1.430000E-7	2.988415E-2
1.430500E-7	2.987216E-2
1.431000E-7	2.986873E-2
1.431500E-7	2.987730E-2
1.432000E-7	2.989272E-2
1.432500E-7	2.993040E-2
1.433000E-7	2.998864E-2
1.433500E-7	3.002804E-2
1.434000E-7	3.001776E-2
1.434500E-7	2.996637E-2
1.435000E-7	2.989443E-2
1.435500E-7	2.980878E-2
1.436000E-7	2.972313E-2
1.436500E-7	2.965119E-2
1.437000E-7	2.956554E-2
1.437500E-7	2.946105E-2
1.438000E-7	2.936513E-2
1.438500E-7	2.930346E-2
1.439000E-7	2.926064E-2
1.439500E-7	2.922295E-2
1.440000E-7	2.919726E-2
1.440500E-7	2.919383E-2
1.441000E-7	2.918184E-2
1.441500E-7	2.916643E-2
1.442000E-7	2.914587E-2
1.442500E-7	2.910476E-2
1.443000E-7	2.901055E-2
1.443500E-7	2.888550E-2
1.444000E-7	2.876731E-2
1.444500E-7	2.867995E-2
1.445000E-7	2.862171E-2
1.445500E-7	2.859601E-2
1.446000E-7	2.861828E-2
1.446500E-7	2.869365E-2
1.447000E-7	2.879814E-2
1.447500E-7	2.890434E-2
1.448000E-7	2.899513E-2
1.448500E-7	2.906536E-2
1.449000E-7	2.909791E-2
1.449500E-7	2.909962E-2
1.450000E-7	2.907393E-2
1.450500E-7	2.903282E-2
1.451000E-7	2.900712E-2
1.451500E-7	2.901911E-2
1.452000E-7	2.904652E-2
1.452500E-7	2.907735E-2
1.453000E-7	2.915443E-2
1.453500E-7	2.926406E-2
1.454000E-7	2.935828E-2
1.454500E-7	2.943365E-2
1.455000E-7	2.953128E-2
1.455500E-7	2.962036E-2
1.456000E-7	2.965462E-2
1.456500E-7	2.964948E-2
1.457000E-7	2.961008E-2
1.457500E-7	2.951929E-2
1.458000E-7	2.939082E-2
1.458500E-7	2.926578E-2
1.459000E-7	2.914073E-2
1.459500E-7	2.899684E-2
1.460000E-7	2.887009E-2
1.460500E-7	2.879643E-2
1.461000E-7	2.877073E-2
1.461500E-7	2.877587E-2
1.462000E-7	2.877759E-2
1.462500E-7	2.875703E-2
1.463000E-7	2.870393E-2
1.463500E-7	2.868166E-2
1.464000E-7	2.869536E-2
1.464500E-7	2.871763E-2
1.465000E-7	2.870907E-2
1.465500E-7	2.869365E-2
1.466000E-7	2.868680E-2
1.466500E-7	2.868680E-2
1.467000E-7	2.869365E-2
1.467500E-7	2.872791E-2
1.468000E-7	2.877416E-2
1.468500E-7	2.881527E-2
1.469000E-7	2.884782E-2
1.469500E-7	2.886837E-2
1.470000E-7	2.886495E-2
1.470500E-7	2.884610E-2
1.471000E-7	2.883583E-2
1.471500E-7	2.881356E-2
1.472000E-7	2.876388E-2
1.472500E-7	2.871421E-2
1.473000E-7	2.868337E-2
1.473500E-7	2.866282E-2
1.474000E-7	2.865254E-2
1.474500E-7	2.865939E-2
1.475000E-7	2.868337E-2
1.475500E-7	2.871421E-2
1.476000E-7	2.874333E-2
1.476500E-7	2.874847E-2
1.477000E-7	2.871592E-2
1.477500E-7	2.866282E-2
1.478000E-7	2.860115E-2
1.478500E-7	2.850523E-2
1.479000E-7	2.840930E-2
1.479500E-7	2.833736E-2
1.480000E-7	2.827740E-2
1.480500E-7	2.821745E-2
1.481000E-7	2.818491E-2
1.481500E-7	2.819347E-2
1.482000E-7	2.820889E-2
1.482500E-7	2.822944E-2
1.483000E-7	2.824657E-2
1.483500E-7	2.823629E-2
1.484000E-7	2.821060E-2
1.484500E-7	2.820889E-2
1.485000E-7	2.823801E-2
1.485500E-7	2.827227E-2
1.486000E-7	2.829282E-2
1.486500E-7	2.829111E-2
1.487000E-7	2.824657E-2
1.487500E-7	2.818148E-2
1.488000E-7	2.812666E-2
1.488500E-7	2.810268E-2
1.489000E-7	2.813523E-2
1.489500E-7	2.821574E-2
1.490000E-7	2.828768E-2
1.490500E-7	2.833222E-2
1.491000E-7	2.840588E-2
1.491500E-7	2.849152E-2
1.492000E-7	2.853263E-2
1.492500E-7	2.854291E-2
1.493000E-7	2.856689E-2
1.493500E-7	2.858745E-2
1.494000E-7	2.858402E-2
1.494500E-7	2.857888E-2
1.495000E-7	2.858231E-2
1.495500E-7	2.857888E-2
1.496000E-7	2.856175E-2
1.496500E-7	2.855319E-2
1.497000E-7	2.855662E-2
1.497500E-7	2.855833E-2
1.498000E-7	2.854462E-2
1.498500E-7	2.852064E-2
1.499000E-7	2.848638E-2
1.499500E-7	2.844699E-2
1.500000E-7	2.838875E-2
1.500500E-7	2.832023E-2
1.501000E-7	2.825000E-2
1.501500E-7	2.821916E-2
1.502000E-7	2.822088E-2
1.502500E-7	2.822602E-2
1.503000E-7	2.822259E-2
1.503500E-7	2.825514E-2
1.504000E-7	2.830995E-2
1.504500E-7	2.836819E-2
1.505000E-7	2.841101E-2
1.505500E-7	2.841787E-2
1.506000E-7	2.837504E-2
1.506500E-7	2.830310E-2
1.507000E-7	2.823458E-2
1.507500E-7	2.814037E-2
1.508000E-7	2.800847E-2
1.508500E-7	2.789028E-2
1.509000E-7	2.782347E-2
1.509500E-7	2.778065E-2
1.510000E-7	2.774639E-2
1.510500E-7	2.774810E-2
1.511000E-7	2.776352E-2
1.511500E-7	2.778921E-2
1.512000E-7	2.783546E-2
1.512500E-7	2.787144E-2
1.513000E-7	2.786972E-2
1.513500E-7	2.782861E-2
1.514000E-7	2.778407E-2
1.514500E-7	2.773269E-2
1.515000E-7	2.767787E-2
1.515500E-7	2.764190E-2
1.516000E-7	2.761107E-2
1.516500E-7	2.758366E-2
1.517000E-7	2.755111E-2
1.517500E-7	2.751685E-2
1.518000E-7	2.748088E-2
1.518500E-7	2.746889E-2
1.519000E-7	2.750315E-2
1.519500E-7	2.754769E-2
1.520000E-7	2.756653E-2
1.520500E-7	2.755454E-2
1.521000E-7	2.751857E-2
1.521500E-7	2.747232E-2
1.522000E-7	2.743635E-2
1.522500E-7	2.741236E-2
1.523000E-7	2.738153E-2
1.523500E-7	2.733871E-2
1.524000E-7	2.730959E-2
1.524500E-7	2.730616E-2
1.525000E-7	2.730787E-2
1.525500E-7	2.732672E-2
1.526000E-7	2.736098E-2
1.526500E-7	2.740723E-2
1.527000E-7	2.744148E-2
1.527500E-7	2.745348E-2
1.528000E-7	2.744834E-2
1.528500E-7	2.746375E-2
1.529000E-7	2.752371E-2
1.529500E-7	2.760593E-2
1.530000E-7	2.769329E-2
1.530500E-7	2.780977E-2
1.531000E-7	2.795708E-2
1.531500E-7	2.809412E-2
1.532000E-7	2.820032E-2
1.532500E-7	2.828597E-2
1.533000E-7	2.836134E-2
1.533500E-7	2.841101E-2
1.534000E-7	2.842986E-2
1.534500E-7	2.841958E-2
1.535000E-7	2.837847E-2
1.535500E-7	2.833222E-2
1.536000E-7	2.827740E-2
1.536500E-7	2.818833E-2
1.537000E-7	2.806842E-2
1.537500E-7	2.797764E-2
1.538000E-7	2.791597E-2
1.538500E-7	2.785088E-2
1.539000E-7	2.776866E-2
1.539500E-7	2.768472E-2
1.540000E-7	2.760935E-2
1.540500E-7	2.754769E-2
1.541000E-7	2.749630E-2
1.541500E-7	2.745176E-2
1.542000E-7	2.741750E-2
1.542500E-7	2.740551E-2
1.543000E-7	2.741065E-2
1.543500E-7	2.741750E-2
1.544000E-7	2.744662E-2
1.544500E-7	2.750315E-2
1.545000E-7	2.754940E-2
1.545500E-7	2.758709E-2
1.546000E-7	2.760079E-2
1.546500E-7	2.759908E-2
1.547000E-7	2.758537E-2
1.547500E-7	2.755968E-2
1.548000E-7	2.752371E-2
1.548500E-7	2.748260E-2
1.549000E-7	2.744662E-2
1.549500E-7	2.741408E-2
1.550000E-7	2.738838E-2
1.550500E-7	2.738324E-2
1.551000E-7	2.737811E-2
1.551500E-7	2.736783E-2
1.552000E-7	2.738153E-2
1.552500E-7	2.741579E-2
1.553000E-7	2.743977E-2
1.553500E-7	2.747917E-2
1.554000E-7	2.757681E-2
1.554500E-7	2.771727E-2
1.555000E-7	2.787315E-2
1.555500E-7	2.803930E-2
1.556000E-7	2.820717E-2
1.556500E-7	2.834592E-2
1.557000E-7	2.844013E-2
1.557500E-7	2.848296E-2
1.558000E-7	2.843500E-2
1.558500E-7	2.830481E-2
1.559000E-7	2.811296E-2
1.559500E-7	2.787829E-2
1.560000E-7	2.760593E-2
1.560500E-7	2.730445E-2
1.561000E-7	2.700640E-2
1.561500E-7	2.674774E-2
1.562000E-7	2.654047E-2
1.562500E-7	2.640001E-2
1.563000E-7	2.635376E-2
1.563500E-7	2.642913E-2
1.564000E-7	2.658844E-2
1.564500E-7	2.676316E-2
1.565000E-7	2.693274E-2
1.565500E-7	2.711089E-2
1.566000E-7	2.726334E-2
1.566500E-7	2.737811E-2
1.567000E-7	2.747060E-2
1.567500E-7	2.753056E-2
1.568000E-7	2.752542E-2
1.568500E-7	2.748945E-2
1.569000E-7	2.743121E-2
1.569500E-7	2.731644E-2
1.570000E-7	2.718968E-2
1.570500E-7	2.711602E-2
1.571000E-7	2.708177E-2
1.571500E-7	2.704751E-2
1.572000E-7	2.702181E-2
1.572500E-7	2.701153E-2
1.573000E-7	2.699954E-2
1.573500E-7	2.700640E-2
1.574000E-7	2.705265E-2
1.574500E-7	2.709204E-2
1.575000E-7	2.710917E-2
1.575500E-7	2.714172E-2
1.576000E-7	2.721024E-2
1.576500E-7	2.725135E-2
1.577000E-7	2.723936E-2
1.577500E-7	2.720852E-2
1.578000E-7	2.719139E-2
1.578500E-7	2.718112E-2
1.579000E-7	2.716227E-2
1.579500E-7	2.715713E-2
1.580000E-7	2.718626E-2
1.580500E-7	2.723079E-2
1.581000E-7	2.725820E-2
1.581500E-7	2.727019E-2
1.582000E-7	2.726676E-2
1.582500E-7	2.727019E-2
1.583000E-7	2.725649E-2
1.583500E-7	2.720338E-2
1.584000E-7	2.710917E-2
1.584500E-7	2.701325E-2
1.585000E-7	2.692075E-2
1.585500E-7	2.681454E-2
1.586000E-7	2.671862E-2
1.586500E-7	2.667580E-2
1.587000E-7	2.667751E-2
1.587500E-7	2.670320E-2
1.588000E-7	2.674945E-2
1.588500E-7	2.678029E-2
1.589000E-7	2.680255E-2
1.589500E-7	2.682996E-2
1.590000E-7	2.683681E-2
1.590500E-7	2.682140E-2
1.591000E-7	2.681112E-2
1.591500E-7	2.680941E-2
1.592000E-7	2.679228E-2
1.592500E-7	2.678371E-2
1.593000E-7	2.681454E-2
1.593500E-7	2.686593E-2
1.594000E-7	2.693959E-2
1.594500E-7	2.703380E-2
1.595000E-7	2.713315E-2
1.595500E-7	2.723764E-2
1.596000E-7	2.735070E-2
1.596500E-7	2.742607E-2
1.597000E-7	2.744320E-2
1.597500E-7	2.744662E-2
1.598000E-7	2.741922E-2
1.598500E-7	2.731815E-2
1.599000E-7	2.716227E-2
1.599500E-7	2.702866E-2
1.600000E-7	2.691218E-2
1.600500E-7	2.678542E-2
1.601000E-7	2.668265E-2
1.601500E-7	2.663469E-2
1.602000E-7	2.664496E-2
1.602500E-7	2.671519E-2
1.603000E-7	2.682654E-2
1.603500E-7	2.692760E-2
1.604000E-7	2.701496E-2
1.604500E-7	2.711260E-2
1.605000E-7	2.715200E-2
1.605500E-7	2.709033E-2
1.606000E-7	2.698755E-2
1.606500E-7	2.689334E-2
1.607000E-7	2.679056E-2
1.607500E-7	2.669464E-2
1.608000E-7	2.663982E-2
1.608500E-7	2.660214E-2
1.609000E-7	2.657131E-2
1.609500E-7	2.657473E-2
1.610000E-7	2.659700E-2
1.610500E-7	2.660385E-2
1.611000E-7	2.662269E-2
1.611500E-7	2.666038E-2
1.612000E-7	2.669293E-2
1.612500E-7	2.670492E-2
1.613000E-7	2.669806E-2
1.613500E-7	2.664668E-2
1.614000E-7	2.655589E-2
1.614500E-7	2.643770E-2
1.615000E-7	2.629723E-2
1.615500E-7	2.616876E-2
1.616000E-7	2.607455E-2
1.616500E-7	2.601974E-2
1.617000E-7	2.602830E-2
1.617500E-7	2.609339E-2
1.618000E-7	2.615849E-2
1.618500E-7	2.620473E-2
1.619000E-7	2.626811E-2
1.619500E-7	2.634691E-2
1.620000E-7	2.639830E-2
1.620500E-7	2.641543E-2
1.621000E-7	2.638802E-2
1.621500E-7	2.627668E-2
1.622000E-7	2.610024E-2
1.622500E-7	2.592552E-2
1.623000E-7	2.577650E-2
1.623500E-7	2.564803E-2
1.624000E-7	2.558979E-2
1.624500E-7	2.558979E-2
1.625000E-7	2.563775E-2
1.625500E-7	2.574053E-2
1.626000E-7	2.590326E-2
1.626500E-7	2.609168E-2
1.627000E-7	2.626126E-2
1.627500E-7	2.639487E-2
1.628000E-7	2.647195E-2
1.628500E-7	2.652163E-2
1.629000E-7	2.655932E-2
1.629500E-7	2.657473E-2
1.630000E-7	2.655418E-2
1.630500E-7	2.650964E-2
1.631000E-7	2.646339E-2
1.631500E-7	2.639659E-2
1.632000E-7	2.632807E-2
1.632500E-7	2.628524E-2
1.633000E-7	2.624927E-2
1.633500E-7	2.620473E-2
1.634000E-7	2.617733E-2
1.634500E-7	2.617219E-2
1.635000E-7	2.614649E-2
1.635500E-7	2.611224E-2
1.636000E-7	2.610538E-2
1.636500E-7	2.611224E-2
1.637000E-7	2.609682E-2
1.637500E-7	2.606427E-2
1.638000E-7	2.602145E-2
1.638500E-7	2.598890E-2
1.639000E-7	2.597691E-2
1.639500E-7	2.597006E-2
1.640000E-7	2.595636E-2
1.640500E-7	2.595636E-2
1.641000E-7	2.597177E-2
1.641500E-7	2.596321E-2
1.642000E-7	2.591696E-2
1.642500E-7	2.589812E-2
1.643000E-7	2.593409E-2
1.643500E-7	2.599233E-2
1.644000E-7	2.605913E-2
1.644500E-7	2.614136E-2
1.645000E-7	2.625270E-2
1.645500E-7	2.636233E-2
1.646000E-7	2.643941E-2
1.646500E-7	2.647881E-2
1.647000E-7	2.649080E-2
1.647500E-7	2.646510E-2
1.648000E-7	2.640858E-2
1.648500E-7	2.634862E-2
1.649000E-7	2.626811E-2
1.649500E-7	2.615506E-2
1.650000E-7	2.602145E-2
1.650500E-7	2.591182E-2
1.651000E-7	2.582789E-2
1.651500E-7	2.575594E-2
1.652000E-7	2.569085E-2
1.652500E-7	2.565488E-2
1.653000E-7	2.564460E-2
1.653500E-7	2.566516E-2
1.654000E-7	2.568742E-2
1.654500E-7	2.570798E-2
1.655000E-7	2.574738E-2
1.655500E-7	2.579363E-2
1.656000E-7	2.583988E-2
1.656500E-7	2.592039E-2
1.657000E-7	2.603344E-2
1.657500E-7	2.613622E-2
1.658000E-7	2.619788E-2
1.658500E-7	2.624242E-2
1.659000E-7	2.628524E-2
1.659500E-7	2.631094E-2
1.660000E-7	2.630409E-2
1.660500E-7	2.623899E-2
1.661000E-7	2.611052E-2
1.661500E-7	2.597177E-2
1.662000E-7	2.584502E-2
1.662500E-7	2.571997E-2
1.663000E-7	2.560863E-2
1.663500E-7	2.555895E-2
1.664000E-7	2.556409E-2
1.664500E-7	2.557951E-2
1.665000E-7	2.562233E-2
1.665500E-7	2.572340E-2
1.666000E-7	2.585701E-2
1.666500E-7	2.598548E-2
1.667000E-7	2.609168E-2
1.667500E-7	2.617390E-2
1.668000E-7	2.619103E-2
1.668500E-7	2.614992E-2
1.669000E-7	2.608312E-2
1.669500E-7	2.598034E-2
1.670000E-7	2.582446E-2
1.670500E-7	2.563432E-2
1.671000E-7	2.541164E-2
1.671500E-7	2.517868E-2
1.672000E-7	2.500567E-2
1.672500E-7	2.493201E-2
1.673000E-7	2.493201E-2
1.673500E-7	2.498169E-2
1.674000E-7	2.506905E-2
1.674500E-7	2.518724E-2
1.675000E-7	2.532599E-2
1.675500E-7	2.547502E-2
1.676000E-7	2.560863E-2
1.676500E-7	2.571312E-2
1.677000E-7	2.579877E-2
1.677500E-7	2.585358E-2
1.678000E-7	2.584159E-2
1.678500E-7	2.576622E-2
1.679000E-7	2.563775E-2
1.679500E-7	2.547159E-2
1.680000E-7	2.528831E-2
1.680500E-7	2.511701E-2
1.681000E-7	2.497312E-2
1.681500E-7	2.487891E-2
1.682000E-7	2.483437E-2
1.682500E-7	2.482410E-2
1.683000E-7	2.487549E-2
1.683500E-7	2.501081E-2
1.684000E-7	2.518724E-2
1.684500E-7	2.536368E-2
1.685000E-7	2.554011E-2
1.685500E-7	2.570284E-2
1.686000E-7	2.580562E-2
1.686500E-7	2.586557E-2
1.687000E-7	2.590497E-2
1.687500E-7	2.589983E-2
1.688000E-7	2.583988E-2
1.688500E-7	2.575765E-2
1.689000E-7	2.568057E-2
1.689500E-7	2.559835E-2
1.690000E-7	2.551955E-2
1.690500E-7	2.545104E-2
1.691000E-7	2.537567E-2
1.691500E-7	2.529516E-2
1.692000E-7	2.524377E-2
1.692500E-7	2.522835E-2
1.693000E-7	2.521122E-2
1.693500E-7	2.519923E-2
1.694000E-7	2.519581E-2
1.694500E-7	2.518553E-2
1.695000E-7	2.514099E-2
1.695500E-7	2.507590E-2
1.696000E-7	2.501937E-2
1.696500E-7	2.495942E-2
1.697000E-7	2.491146E-2
1.697500E-7	2.485836E-2
1.698000E-7	2.478641E-2
1.698500E-7	2.472475E-2
1.699000E-7	2.470076E-2
1.699500E-7	2.468706E-2
1.700000E-7	2.468535E-2
1.700500E-7	2.471789E-2
1.701000E-7	2.476928E-2
1.701500E-7	2.479840E-2
1.702000E-7	2.482752E-2
1.702500E-7	2.486863E-2
1.703000E-7	2.489262E-2
1.703500E-7	2.489947E-2
1.704000E-7	2.491488E-2
1.704500E-7	2.491831E-2
1.705000E-7	2.488576E-2
1.705500E-7	2.486178E-2
1.706000E-7	2.486349E-2
1.706500E-7	2.488062E-2
1.707000E-7	2.491660E-2
1.707500E-7	2.496970E-2
1.708000E-7	2.501766E-2
1.708500E-7	2.504507E-2
1.709000E-7	2.507590E-2
1.709500E-7	2.512729E-2
1.710000E-7	2.518896E-2
1.710500E-7	2.525747E-2
1.711000E-7	2.533284E-2
1.711500E-7	2.540650E-2
1.712000E-7	2.546817E-2
1.712500E-7	2.551613E-2
1.713000E-7	2.554867E-2
1.713500E-7	2.557266E-2
1.714000E-7	2.557437E-2
1.714500E-7	2.552641E-2
1.715000E-7	2.543048E-2
1.715500E-7	2.530201E-2
1.716000E-7	2.515641E-2
1.716500E-7	2.502109E-2
1.717000E-7	2.489262E-2
1.717500E-7	2.477271E-2
1.718000E-7	2.466993E-2
1.718500E-7	2.461340E-2
1.719000E-7	2.459114E-2
1.719500E-7	2.457915E-2
1.720000E-7	2.460655E-2
1.720500E-7	2.468706E-2
1.721000E-7	2.478813E-2
1.721500E-7	2.489775E-2
1.722000E-7	2.503993E-2
1.722500E-7	2.518210E-2
1.723000E-7	2.525405E-2
1.723500E-7	2.526775E-2
1.724000E-7	2.526946E-2
1.724500E-7	2.526261E-2
1.725000E-7	2.520780E-2
1.725500E-7	2.511016E-2
1.726000E-7	2.502280E-2
1.726500E-7	2.497312E-2
1.727000E-7	2.494743E-2
1.727500E-7	2.493030E-2
1.728000E-7	2.493715E-2
1.728500E-7	2.500053E-2
1.729000E-7	2.509303E-2
1.729500E-7	2.516840E-2
1.730000E-7	2.521979E-2
1.730500E-7	2.522321E-2
1.731000E-7	2.516669E-2
1.731500E-7	2.506220E-2
1.732000E-7	2.493030E-2
1.732500E-7	2.479498E-2
1.733000E-7	2.467507E-2
1.733500E-7	2.458086E-2
1.734000E-7	2.450035E-2
1.734500E-7	2.442327E-2
1.735000E-7	2.440100E-2
1.735500E-7	2.444211E-2
1.736000E-7	2.448322E-2
1.736500E-7	2.450378E-2
1.737000E-7	2.454489E-2
1.737500E-7	2.460655E-2
1.738000E-7	2.466993E-2
1.738500E-7	2.471618E-2
1.739000E-7	2.473674E-2
1.739500E-7	2.472988E-2
1.740000E-7	2.469734E-2
1.740500E-7	2.465623E-2
1.741000E-7	2.459627E-2
1.741500E-7	2.452947E-2
1.742000E-7	2.447466E-2
1.742500E-7	2.443183E-2
1.743000E-7	2.438729E-2
1.743500E-7	2.433762E-2
1.744000E-7	2.429822E-2
1.744500E-7	2.429137E-2
1.745000E-7	2.432734E-2
1.745500E-7	2.440271E-2
1.746000E-7	2.448665E-2
1.746500E-7	2.457229E-2
1.747000E-7	2.465794E-2
1.747500E-7	2.476414E-2
1.748000E-7	2.489775E-2
1.748500E-7	2.503479E-2
1.749000E-7	2.513243E-2
1.749500E-7	2.518210E-2
1.750000E-7	2.522493E-2
1.750500E-7	2.524377E-2
1.751000E-7	2.521465E-2
1.751500E-7	2.512215E-2
1.752000E-7	2.497826E-2
1.752500E-7	2.480354E-2
1.753000E-7	2.463396E-2
1.753500E-7	2.447808E-2
1.754000E-7	2.431364E-2
1.754500E-7	2.416119E-2
1.755000E-7	2.406012E-2
1.755500E-7	2.401045E-2
1.756000E-7	2.398818E-2
1.756500E-7	2.400531E-2
1.757000E-7	2.406526E-2
1.757500E-7	2.412693E-2
1.758000E-7	2.414919E-2
1.758500E-7	2.417318E-2
1.759000E-7	2.421943E-2
1.759500E-7	2.427595E-2
1.760000E-7	2.432220E-2
1.760500E-7	2.436331E-2
1.761000E-7	2.438901E-2
1.761500E-7	2.438901E-2
1.762000E-7	2.437873E-2
1.762500E-7	2.435475E-2
1.763000E-7	2.432905E-2
1.763500E-7	2.431535E-2
1.764000E-7	2.430850E-2
1.764500E-7	2.428794E-2
1.765000E-7	2.426739E-2
1.765500E-7	2.428966E-2
1.766000E-7	2.434447E-2
1.766500E-7	2.439929E-2
1.767000E-7	2.446609E-2
1.767500E-7	2.455688E-2
1.768000E-7	2.466137E-2
1.768500E-7	2.473331E-2
1.769000E-7	2.478470E-2
1.769500E-7	2.481896E-2
1.770000E-7	2.483095E-2
1.770500E-7	2.480697E-2
1.771000E-7	2.476243E-2
1.771500E-7	2.471447E-2
1.772000E-7	2.467507E-2
1.772500E-7	2.463567E-2
1.773000E-7	2.461512E-2
1.773500E-7	2.462197E-2
1.774000E-7	2.461512E-2
1.774500E-7	2.456202E-2
1.775000E-7	2.448665E-2
1.775500E-7	2.442327E-2
1.776000E-7	2.436674E-2
1.776500E-7	2.431535E-2
1.777000E-7	2.429137E-2
1.777500E-7	2.427938E-2
1.778000E-7	2.424855E-2
1.778500E-7	2.423313E-2
1.779000E-7	2.423142E-2
1.779500E-7	2.422970E-2
1.780000E-7	2.421943E-2
1.780500E-7	2.423142E-2
1.781000E-7	2.425711E-2
1.781500E-7	2.427595E-2
1.782000E-7	2.427767E-2
1.782500E-7	2.426739E-2
1.783000E-7	2.425540E-2
1.783500E-7	2.422799E-2
1.784000E-7	2.417489E-2
1.784500E-7	2.412693E-2
1.785000E-7	2.409095E-2
1.785500E-7	2.405327E-2
1.786000E-7	2.403100E-2
1.786500E-7	2.405156E-2
1.787000E-7	2.408410E-2
1.787500E-7	2.408410E-2
1.788000E-7	2.408582E-2
1.788500E-7	2.411494E-2
1.789000E-7	2.415776E-2
1.789500E-7	2.422285E-2
1.790000E-7	2.432049E-2
1.790500E-7	2.441641E-2
1.791000E-7	2.450035E-2
1.791500E-7	2.458600E-2
1.792000E-7	2.463910E-2
1.792500E-7	2.465109E-2
1.793000E-7	2.462711E-2
1.793500E-7	2.452262E-2
1.794000E-7	2.434276E-2
1.794500E-7	2.412864E-2
1.795000E-7	2.388369E-2
1.795500E-7	2.360105E-2
1.796000E-7	2.336295E-2
1.796500E-7	2.321564E-2
1.797000E-7	2.311286E-2
1.797500E-7	2.304434E-2
1.798000E-7	2.305462E-2
1.798500E-7	2.313855E-2
1.799000E-7	2.329272E-2
1.799500E-7	2.350684E-2
1.800000E-7	2.372952E-2
1.800500E-7	2.391623E-2
1.801000E-7	2.408753E-2
1.801500E-7	2.425197E-2
1.802000E-7	2.438216E-2
1.802500E-7	2.448322E-2
1.803000E-7	2.456887E-2
1.803500E-7	2.460141E-2
1.804000E-7	2.457915E-2
1.804500E-7	2.453632E-2
1.805000E-7	2.449178E-2
1.805500E-7	2.444554E-2
1.806000E-7	2.438387E-2
1.806500E-7	2.431364E-2
1.807000E-7	2.420915E-2
1.807500E-7	2.407040E-2
1.808000E-7	2.391109E-2
1.808500E-7	2.374494E-2
1.809000E-7	2.357878E-2
1.809500E-7	2.344346E-2
1.810000E-7	2.335267E-2
1.810500E-7	2.329786E-2
1.811000E-7	2.327559E-2
1.811500E-7	2.329101E-2
1.812000E-7	2.334240E-2
1.812500E-7	2.341263E-2
1.813000E-7	2.347601E-2
1.813500E-7	2.354966E-2
1.814000E-7	2.362674E-2
1.814500E-7	2.368670E-2
1.815000E-7	2.370554E-2
1.815500E-7	2.369355E-2
1.816000E-7	2.367299E-2
1.816500E-7	2.364045E-2
1.817000E-7	2.359591E-2
1.817500E-7	2.353767E-2
1.818000E-7	2.348114E-2
1.818500E-7	2.343489E-2
1.819000E-7	2.340064E-2
1.819500E-7	2.336980E-2
1.820000E-7	2.334582E-2
1.820500E-7	2.332527E-2
1.821000E-7	2.330642E-2
1.821500E-7	2.330471E-2
1.822000E-7	2.329615E-2
1.822500E-7	2.326874E-2
1.823000E-7	2.323962E-2
1.823500E-7	2.322420E-2
1.824000E-7	2.322591E-2
1.824500E-7	2.324818E-2
1.825000E-7	2.330300E-2
1.825500E-7	2.338179E-2
1.826000E-7	2.346744E-2
1.826500E-7	2.358221E-2
1.827000E-7	2.374323E-2
1.827500E-7	2.391109E-2
1.828000E-7	2.403271E-2
1.828500E-7	2.410637E-2
1.829000E-7	2.414919E-2
1.829500E-7	2.416119E-2
1.830000E-7	2.412693E-2
1.830500E-7	2.405498E-2
1.831000E-7	2.394878E-2
1.831500E-7	2.383401E-2
1.832000E-7	2.372952E-2
1.832500E-7	2.362674E-2
1.833000E-7	2.352911E-2
1.833500E-7	2.343832E-2
1.834000E-7	2.337494E-2
1.834500E-7	2.332013E-2
1.835000E-7	2.326017E-2
1.835500E-7	2.322420E-2
1.836000E-7	2.325503E-2
1.836500E-7	2.333726E-2
1.837000E-7	2.343489E-2
1.837500E-7	2.353596E-2
1.838000E-7	2.365415E-2
1.838500E-7	2.373637E-2
1.839000E-7	2.374494E-2
1.839500E-7	2.371239E-2
1.840000E-7	2.366614E-2
1.840500E-7	2.360448E-2
1.841000E-7	2.352911E-2
1.841500E-7	2.344860E-2
1.842000E-7	2.337152E-2
1.842500E-7	2.328587E-2
1.843000E-7	2.320022E-2
1.843500E-7	2.312142E-2
1.844000E-7	2.306661E-2
1.844500E-7	2.304605E-2
1.845000E-7	2.307689E-2
1.845500E-7	2.316425E-2
1.846000E-7	2.326874E-2
1.846500E-7	2.336980E-2
1.847000E-7	2.346401E-2
1.847500E-7	2.356508E-2
1.848000E-7	2.368156E-2
1.848500E-7	2.381174E-2
1.849000E-7	2.391109E-2
1.849500E-7	2.397105E-2
1.850000E-7	2.399674E-2
1.850500E-7	2.400017E-2
1.851000E-7	2.398646E-2
1.851500E-7	2.395221E-2
1.852000E-7	2.389225E-2
1.852500E-7	2.379461E-2
1.853000E-7	2.369012E-2
1.853500E-7	2.361133E-2
1.854000E-7	2.355480E-2
1.854500E-7	2.348286E-2
1.855000E-7	2.339550E-2
1.855500E-7	2.332869E-2
1.856000E-7	2.328587E-2
1.856500E-7	2.325846E-2
1.857000E-7	2.327388E-2
1.857500E-7	2.332698E-2
1.858000E-7	2.338179E-2
1.858500E-7	2.343147E-2
1.859000E-7	2.345716E-2
1.859500E-7	2.344346E-2
1.860000E-7	2.341263E-2
1.860500E-7	2.340749E-2
1.861000E-7	2.340064E-2
1.861500E-7	2.334582E-2
1.862000E-7	2.325846E-2
1.862500E-7	2.318309E-2
1.863000E-7	2.313170E-2
1.863500E-7	2.308374E-2
1.864000E-7	2.303920E-2
1.864500E-7	2.300323E-2
1.865000E-7	2.297582E-2
1.865500E-7	2.295527E-2
1.866000E-7	2.293814E-2
1.866500E-7	2.291073E-2
1.867000E-7	2.286620E-2
1.867500E-7	2.279768E-2
1.868000E-7	2.270175E-2
1.868500E-7	2.261268E-2
1.869000E-7	2.257157E-2
1.869500E-7	2.257499E-2
1.870000E-7	2.259212E-2
1.870500E-7	2.262467E-2
1.871000E-7	2.269319E-2
1.871500E-7	2.277198E-2
1.872000E-7	2.286277E-2
1.872500E-7	2.298096E-2
1.873000E-7	2.311115E-2
1.873500E-7	2.320536E-2
1.874000E-7	2.328415E-2
1.874500E-7	2.335267E-2
1.875000E-7	2.339036E-2
1.875500E-7	2.339892E-2
1.876000E-7	2.340235E-2
1.876500E-7	2.338864E-2
1.877000E-7	2.333897E-2
1.877500E-7	2.328244E-2
1.878000E-7	2.322078E-2
1.878500E-7	2.314027E-2
1.879000E-7	2.307004E-2
1.879500E-7	2.302379E-2
1.880000E-7	2.295869E-2
1.880500E-7	2.286962E-2
1.881000E-7	2.279425E-2
1.881500E-7	2.271032E-2
1.882000E-7	2.260754E-2
1.882500E-7	2.249791E-2
1.883000E-7	2.242254E-2
1.883500E-7	2.236773E-2
1.884000E-7	2.235231E-2
1.884500E-7	2.238314E-2
1.885000E-7	2.244310E-2
1.885500E-7	2.251675E-2
1.886000E-7	2.262124E-2
1.886500E-7	2.274629E-2
1.887000E-7	2.283879E-2
1.887500E-7	2.290902E-2
1.888000E-7	2.297925E-2
1.888500E-7	2.301522E-2
1.889000E-7	2.299981E-2
1.889500E-7	2.297069E-2
1.890000E-7	2.293129E-2
1.890500E-7	2.287133E-2
1.891000E-7	2.282508E-2
1.891500E-7	2.284393E-2
1.892000E-7	2.287990E-2
1.892500E-7	2.289189E-2
1.893000E-7	2.289703E-2
1.893500E-7	2.291758E-2
1.894000E-7	2.295527E-2
1.894500E-7	2.299809E-2
1.895000E-7	2.304948E-2
1.895500E-7	2.310601E-2
1.896000E-7	2.315226E-2
1.896500E-7	2.315226E-2
1.897000E-7	2.310087E-2
1.897500E-7	2.303406E-2
1.898000E-7	2.295527E-2
1.898500E-7	2.286962E-2
1.899000E-7	2.276513E-2
1.899500E-7	2.264522E-2
1.900000E-7	2.252874E-2
1.900500E-7	2.242939E-2
1.901000E-7	2.234717E-2
1.901500E-7	2.228208E-2
1.902000E-7	2.224611E-2
1.902500E-7	2.221870E-2
1.903000E-7	2.222384E-2
1.903500E-7	2.228037E-2
1.904000E-7	2.234375E-2
1.904500E-7	2.236601E-2
1.905000E-7	2.236773E-2
1.905500E-7	2.236259E-2
1.906000E-7	2.232833E-2
1.906500E-7	2.225981E-2
1.907000E-7	2.219472E-2
1.907500E-7	2.215703E-2
1.908000E-7	2.215532E-2
1.908500E-7	2.220671E-2
1.909000E-7	2.229407E-2
1.909500E-7	2.237972E-2
1.910000E-7	2.245337E-2
1.910500E-7	2.254587E-2
1.911000E-7	2.265893E-2
1.911500E-7	2.277712E-2
1.912000E-7	2.287819E-2
1.912500E-7	2.296041E-2
1.913000E-7	2.302379E-2
1.913500E-7	2.304605E-2
1.914000E-7	2.301865E-2
1.914500E-7	2.295869E-2
1.915000E-7	2.289018E-2
1.915500E-7	2.282337E-2
1.916000E-7	2.274458E-2
1.916500E-7	2.264865E-2
1.917000E-7	2.255101E-2
1.917500E-7	2.245851E-2
1.918000E-7	2.238486E-2
1.918500E-7	2.232319E-2
1.919000E-7	2.229236E-2
1.919500E-7	2.231291E-2
1.920000E-7	2.236601E-2
1.920500E-7	2.242768E-2
1.921000E-7	2.249106E-2
1.921500E-7	2.253902E-2
1.922000E-7	2.255273E-2
1.922500E-7	2.254930E-2
1.923000E-7	2.251504E-2
1.923500E-7	2.245337E-2
1.924000E-7	2.236773E-2
1.924500E-7	2.227009E-2
1.925000E-7	2.216389E-2
1.925500E-7	2.206111E-2
1.926000E-7	2.195319E-2
1.926500E-7	2.186069E-2
1.927000E-7	2.180588E-2
1.927500E-7	2.176477E-2
1.928000E-7	2.171167E-2
1.928500E-7	2.167398E-2
1.929000E-7	2.168769E-2
1.929500E-7	2.173394E-2
1.930000E-7	2.179046E-2
1.930500E-7	2.185042E-2
1.931000E-7	2.191722E-2
1.931500E-7	2.198574E-2
1.932000E-7	2.206796E-2
1.932500E-7	2.215018E-2
1.933000E-7	2.222898E-2
1.933500E-7	2.230435E-2
1.934000E-7	2.237629E-2
1.934500E-7	2.243796E-2
1.935000E-7	2.248935E-2
1.935500E-7	2.253388E-2
1.936000E-7	2.254245E-2
1.936500E-7	2.250990E-2
1.937000E-7	2.244824E-2
1.937500E-7	2.239856E-2
1.938000E-7	2.235231E-2
1.938500E-7	2.227009E-2
1.939000E-7	2.216731E-2
1.939500E-7	2.208852E-2
1.940000E-7	2.203199E-2
1.940500E-7	2.196861E-2
1.941000E-7	2.190694E-2
1.941500E-7	2.186412E-2
1.942000E-7	2.184356E-2
1.942500E-7	2.184356E-2
1.943000E-7	2.186926E-2
1.943500E-7	2.190352E-2
1.944000E-7	2.193092E-2
1.944500E-7	2.194292E-2
1.945000E-7	2.193778E-2
1.945500E-7	2.193264E-2
1.946000E-7	2.192407E-2
1.946500E-7	2.191893E-2
1.947000E-7	2.192236E-2
1.947500E-7	2.193264E-2
1.948000E-7	2.194463E-2
1.948500E-7	2.196518E-2
1.949000E-7	2.197204E-2
1.949500E-7	2.194805E-2
1.950000E-7	2.192236E-2
1.950500E-7	2.193435E-2
1.951000E-7	2.196690E-2
1.951500E-7	2.199259E-2
1.952000E-7	2.202514E-2
1.952500E-7	2.204912E-2
1.953000E-7	2.205083E-2
1.953500E-7	2.202856E-2
1.954000E-7	2.198231E-2
1.954500E-7	2.190523E-2
1.955000E-7	2.182130E-2
1.955500E-7	2.173736E-2
1.956000E-7	2.165857E-2
1.956500E-7	2.161745E-2
1.957000E-7	2.161403E-2
1.957500E-7	2.162602E-2
1.958000E-7	2.168083E-2
1.958500E-7	2.179046E-2
1.959000E-7	2.188639E-2
1.959500E-7	2.194977E-2
1.960000E-7	2.201828E-2
1.960500E-7	2.205597E-2
1.961000E-7	2.200458E-2
1.961500E-7	2.192236E-2
1.962000E-7	2.187440E-2
1.962500E-7	2.184185E-2
1.963000E-7	2.179389E-2
1.963500E-7	2.175792E-2
1.964000E-7	2.172880E-2
1.964500E-7	2.168769E-2
1.965000E-7	2.164829E-2
1.965500E-7	2.160375E-2
1.966000E-7	2.155579E-2
1.966500E-7	2.153009E-2
1.967000E-7	2.152324E-2
1.967500E-7	2.152324E-2
1.968000E-7	2.156949E-2
1.968500E-7	2.168083E-2
1.969000E-7	2.179560E-2
1.969500E-7	2.187440E-2
1.970000E-7	2.195148E-2
1.970500E-7	2.204227E-2
1.971000E-7	2.210565E-2
1.971500E-7	2.213990E-2
1.972000E-7	2.215532E-2
1.972500E-7	2.216217E-2
1.973000E-7	2.215189E-2
1.973500E-7	2.211592E-2
1.974000E-7	2.205083E-2
1.974500E-7	2.197717E-2
1.975000E-7	2.188639E-2
1.975500E-7	2.176991E-2
1.976000E-7	2.164144E-2
1.976500E-7	2.155921E-2
1.977000E-7	2.153866E-2
1.977500E-7	2.155236E-2
1.978000E-7	2.158320E-2
1.978500E-7	2.164657E-2
1.979000E-7	2.171509E-2
1.979500E-7	2.178361E-2
1.980000E-7	2.186241E-2
1.980500E-7	2.195491E-2
1.981000E-7	2.203028E-2
1.981500E-7	2.207995E-2
1.982000E-7	2.211250E-2
1.982500E-7	2.212277E-2
1.983000E-7	2.210907E-2
1.983500E-7	2.207824E-2
1.984000E-7	2.202000E-2
1.984500E-7	2.193092E-2
1.985000E-7	2.182301E-2
1.985500E-7	2.171509E-2
1.986000E-7	2.160546E-2
1.986500E-7	2.152153E-2
1.987000E-7	2.148042E-2
1.987500E-7	2.147699E-2
1.988000E-7	2.149070E-2
1.988500E-7	2.152667E-2
1.989000E-7	2.160889E-2
1.989500E-7	2.171509E-2
1.990000E-7	2.180417E-2
1.990500E-7	2.187440E-2
1.991000E-7	2.194463E-2
1.991500E-7	2.197889E-2
1.992000E-7	2.194805E-2
1.992500E-7	2.188125E-2
1.993000E-7	2.180245E-2
1.993500E-7	2.168083E-2
1.994000E-7	2.151468E-2
1.994500E-7	2.135537E-2
1.995000E-7	2.122348E-2
1.995500E-7	2.109500E-2
1.996000E-7	2.099908E-2
1.996500E-7	2.095283E-2
1.997000E-7	2.093741E-2
1.997500E-7	2.094940E-2
1.998000E-7	2.098195E-2
1.998500E-7	2.100764E-2
1.999000E-7	2.102820E-2
1.999500E-7	2.108301E-2
2.000000E-7	2.117209E-2
