Study Name	PremaTech_CVD_SiC_HeandSi
Sample Name	2025-10-15
Run Name	spot04
Operator	Keshav
Date	10/15/2025
Time	18:34
Sign	FIX
Grating Spacing	06.40um
Channel	3
Number Traces	10000
Files in Batch	1
Batch Number	21
dt	50.000001E-12
time stamp (ms)	6:57:08 PM
	
Time	Amplitude
0.000000E+0	1.644681E-4
5.000000E-11	8.909828E-5
1.000000E-10	3.428388E-5
1.500000E-10	-3.080823E-5
2.000000E-10	-8.904853E-5
2.500000E-10	-1.284464E-4
3.000000E-10	-1.644183E-4
3.500000E-10	-2.192327E-4
4.000000E-10	-2.791860E-4
4.500000E-10	-3.391392E-4
5.000000E-10	-4.110831E-4
5.500000E-10	-5.121472E-4
6.000000E-10	-6.252019E-4
6.500000E-10	-7.331177E-4
7.000000E-10	-8.204782E-4
7.500000E-10	-8.975610E-4
8.000000E-10	-9.540883E-4
8.500000E-10	-1.017467E-3
9.000000E-10	-1.077421E-3
9.500000E-10	-1.103115E-3
1.000000E-9	-1.079134E-3
1.050000E-9	-1.058578E-3
1.100000E-9	-1.062004E-3
1.150000E-9	-1.058578E-3
1.200000E-9	-1.019180E-3
1.250000E-9	-9.575142E-4
1.300000E-9	-8.684408E-4
1.350000E-9	-7.433954E-4
1.400000E-9	-5.960817E-4
1.450000E-9	-4.710364E-4
1.500000E-9	-3.614076E-4
1.550000E-9	-2.483529E-4
1.600000E-9	-1.352982E-4
1.650000E-9	-4.279888E-5
1.700000E-9	3.257093E-5
1.750000E-9	9.595008E-5
1.800000E-9	1.404868E-4
1.850000E-9	1.730328E-4
1.900000E-9	2.209954E-4
1.950000E-9	2.689580E-4
2.000000E-9	2.878005E-4
2.050000E-9	2.826616E-4
2.100000E-9	2.535415E-4
2.150000E-9	1.815976E-4
2.200000E-9	7.196878E-5
2.250000E-9	-7.020608E-5
2.300000E-9	-2.432140E-4
2.350000E-9	-4.333515E-4
2.400000E-9	-6.080724E-4
2.450000E-9	-7.519602E-4
2.500000E-9	-8.615890E-4
2.550000E-9	-9.318200E-4
2.600000E-9	-9.438106E-4
2.650000E-9	-8.872833E-4
2.700000E-9	-7.536731E-4
2.750000E-9	-5.601098E-4
2.800000E-9	-3.322874E-4
2.850000E-9	-9.247443E-5
2.900000E-9	1.199314E-4
2.950000E-9	2.569674E-4
3.000000E-9	3.357631E-4
3.050000E-9	3.717350E-4
3.100000E-9	3.306242E-4
3.150000E-9	2.055789E-4
3.200000E-9	4.798748E-5
3.250000E-9	-1.113169E-4
3.300000E-9	-2.808989E-4
3.350000E-9	-4.470551E-4
3.400000E-9	-5.943688E-4
3.450000E-9	-7.091364E-4
3.500000E-9	-7.793674E-4
3.550000E-9	-7.964969E-4
3.600000E-9	-7.810803E-4
3.650000E-9	-7.433954E-4
3.700000E-9	-6.543220E-4
3.750000E-9	-5.224249E-4
3.800000E-9	-3.871018E-4
3.850000E-9	-2.826119E-4
3.900000E-9	-1.935385E-4
3.950000E-9	-1.301593E-4
4.000000E-9	-1.027521E-4
4.050000E-9	-1.044651E-4
4.100000E-9	-1.181687E-4
4.150000E-9	-1.455759E-4
4.200000E-9	-1.712701E-4
4.250000E-9	-1.746960E-4
4.300000E-9	-1.627054E-4
4.350000E-9	-1.455759E-4
4.400000E-9	-1.044651E-4
4.450000E-9	-3.766003E-5
4.500000E-9	1.886733E-5
4.550000E-9	3.599683E-5
4.600000E-9	1.030257E-5
4.650000E-9	-4.451183E-5
4.700000E-9	-1.301593E-4
4.750000E-9	-2.654824E-4
4.800000E-9	-4.453421E-4
4.850000E-9	-6.234889E-4
4.900000E-9	-7.947839E-4
4.950000E-9	-9.814955E-4
5.000000E-9	-1.127096E-3
5.050000E-9	-1.169920E-3
5.100000E-9	-1.147652E-3
5.150000E-9	-1.091124E-3
5.200000E-9	-9.643660E-4
5.250000E-9	-7.656638E-4
5.300000E-9	-5.738134E-4
5.350000E-9	-4.247867E-4
5.400000E-9	-2.963155E-4
5.450000E-9	-1.918255E-4
5.500000E-9	-1.524277E-4
5.550000E-9	-1.986773E-4
5.600000E-9	-3.083061E-4
5.650000E-9	-4.556198E-4
5.700000E-9	-6.320537E-4
5.750000E-9	-8.273300E-4
5.800000E-9	-1.005477E-3
5.850000E-9	-1.132235E-3
5.900000E-9	-1.216170E-3
5.950000E-9	-1.231586E-3
6.000000E-9	-1.151078E-3
6.050000E-9	-1.005477E-3
6.100000E-9	-8.170523E-4
6.150000E-9	-5.772393E-4
6.200000E-9	-3.168709E-4
6.250000E-9	-9.932623E-5
6.300000E-9	4.456158E-5
6.350000E-9	1.267832E-4
6.400000E-9	1.147925E-4
6.450000E-9	-5.113975E-6
6.500000E-9	-1.986773E-4
6.550000E-9	-4.110831E-4
6.600000E-9	-6.303407E-4
6.650000E-9	-8.376077E-4
6.700000E-9	-9.917732E-4
6.750000E-9	-1.077421E-3
6.800000E-9	-1.094550E-3
6.850000E-9	-1.036310E-3
6.900000E-9	-9.061257E-4
6.950000E-9	-7.279789E-4
7.000000E-9	-5.378414E-4
7.050000E-9	-3.562687E-4
7.100000E-9	-2.038162E-4
7.150000E-9	-9.418738E-5
7.200000E-9	-2.909528E-5
7.250000E-9	-1.539168E-5
7.300000E-9	-5.136363E-5
7.350000E-9	-1.010392E-4
7.400000E-9	-1.644183E-4
7.450000E-9	-2.466399E-4
7.500000E-9	-3.237227E-4
7.550000E-9	-3.614076E-4
7.600000E-9	-3.733982E-4
7.650000E-9	-3.631205E-4
7.700000E-9	-3.271486E-4
7.750000E-9	-2.997414E-4
7.800000E-9	-2.911766E-4
7.850000E-9	-2.808989E-4
7.900000E-9	-2.843248E-4
7.950000E-9	-3.271486E-4
8.000000E-9	-3.905277E-4
8.050000E-9	-4.453421E-4
8.100000E-9	-5.018695E-4
8.150000E-9	-5.618227E-4
8.200000E-9	-6.149242E-4
8.250000E-9	-6.423314E-4
8.300000E-9	-6.389055E-4
8.350000E-9	-6.354796E-4
8.400000E-9	-6.543220E-4
8.450000E-9	-6.697386E-4
8.500000E-9	-6.783033E-4
8.550000E-9	-7.125623E-4
8.600000E-9	-7.810803E-4
8.650000E-9	-8.427466E-4
8.700000E-9	-8.770056E-4
8.750000E-9	-8.975610E-4
8.800000E-9	-8.855703E-4
8.850000E-9	-8.136264E-4
8.900000E-9	-6.800163E-4
8.950000E-9	-5.138601E-4
9.000000E-9	-3.391392E-4
9.050000E-9	-1.644183E-4
9.100000E-9	-1.196578E-5
9.150000E-9	1.045148E-4
9.200000E-9	1.850235E-4
9.250000E-9	2.158566E-4
9.300000E-9	1.901623E-4
9.350000E-9	1.113666E-4
9.400000E-9	-1.367873E-5
9.450000E-9	-1.798349E-4
9.500000E-9	-3.699723E-4
9.550000E-9	-5.395544E-4
9.600000E-9	-6.868681E-4
9.650000E-9	-8.033487E-4
9.700000E-9	-8.615890E-4
9.750000E-9	-8.615890E-4
9.800000E-9	-8.393207E-4
9.850000E-9	-7.896451E-4
9.900000E-9	-7.125623E-4
9.950000E-9	-6.526091E-4
1.000000E-8	-6.252019E-4
1.005000E-8	-6.029335E-4
1.010000E-8	-5.772393E-4
1.015000E-8	-5.635357E-4
1.020000E-8	-5.583968E-4
1.025000E-8	-5.481191E-4
1.030000E-8	-5.361285E-4
1.035000E-8	-5.275637E-4
1.040000E-8	-5.138601E-4
1.045000E-8	-4.796011E-4
1.050000E-8	-4.316385E-4
1.055000E-8	-3.956666E-4
1.060000E-8	-3.819630E-4
1.065000E-8	-3.853889E-4
1.070000E-8	-3.888148E-4
1.075000E-8	-3.956666E-4
1.080000E-8	-4.316385E-4
1.085000E-8	-4.830270E-4
1.090000E-8	-4.967306E-4
1.095000E-8	-4.624716E-4
1.100000E-8	-4.316385E-4
1.105000E-8	-4.196479E-4
1.110000E-8	-3.836759E-4
1.115000E-8	-2.997414E-4
1.120000E-8	-2.072421E-4
1.125000E-8	-1.387241E-4
1.130000E-8	-6.849313E-5
1.135000E-8	-1.025283E-5
1.140000E-8	1.544143E-5
1.145000E-8	2.400618E-5
1.150000E-8	1.201553E-5
1.155000E-8	-1.539168E-5
1.160000E-8	-4.965068E-5
1.165000E-8	-8.562263E-5
1.170000E-8	-1.215946E-4
1.175000E-8	-1.678442E-4
1.180000E-8	-2.277975E-4
1.185000E-8	-2.911766E-4
1.190000E-8	-3.648335E-4
1.195000E-8	-4.504810E-4
1.200000E-8	-5.189990E-4
1.205000E-8	-5.481191E-4
1.210000E-8	-5.601098E-4
1.215000E-8	-5.635357E-4
1.220000E-8	-5.258508E-4
1.225000E-8	-4.470551E-4
1.230000E-8	-3.699723E-4
1.235000E-8	-2.877507E-4
1.240000E-8	-1.866867E-4
1.245000E-8	-1.147428E-4
1.250000E-8	-9.076148E-5
1.255000E-8	-9.418738E-5
1.260000E-8	-1.267334E-4
1.265000E-8	-2.055291E-4
1.270000E-8	-3.048802E-4
1.275000E-8	-4.093702E-4
1.280000E-8	-5.344155E-4
1.285000E-8	-6.731645E-4
1.290000E-8	-7.810803E-4
1.295000E-8	-8.838574E-4
1.300000E-8	-1.008903E-3
1.305000E-8	-1.123670E-3
1.310000E-8	-1.207605E-3
1.315000E-8	-1.286401E-3
1.320000E-8	-1.360057E-3
1.325000E-8	-1.382326E-3
1.330000E-8	-1.346354E-3
1.335000E-8	-1.298391E-3
1.340000E-8	-1.235012E-3
1.345000E-8	-1.132235E-3
1.350000E-8	-9.951991E-4
1.355000E-8	-8.684408E-4
1.360000E-8	-7.502472E-4
1.365000E-8	-6.012206E-4
1.370000E-8	-4.419162E-4
1.375000E-8	-3.322874E-4
1.380000E-8	-2.534917E-4
1.385000E-8	-1.661313E-4
1.390000E-8	-1.096039E-4
1.395000E-8	-1.507147E-4
1.400000E-8	-2.363622E-4
1.405000E-8	-2.843248E-4
1.410000E-8	-3.083061E-4
1.415000E-8	-3.579817E-4
1.420000E-8	-4.247867E-4
1.425000E-8	-4.778882E-4
1.430000E-8	-5.189990E-4
1.435000E-8	-5.309896E-4
1.440000E-8	-5.018695E-4
1.445000E-8	-4.590457E-4
1.450000E-8	-4.316385E-4
1.455000E-8	-4.042313E-4
1.460000E-8	-3.871018E-4
1.465000E-8	-4.127961E-4
1.470000E-8	-4.453421E-4
1.475000E-8	-4.539069E-4
1.480000E-8	-4.521939E-4
1.485000E-8	-4.282126E-4
1.490000E-8	-3.562687E-4
1.495000E-8	-2.877507E-4
1.500000E-8	-3.014543E-4
1.505000E-8	-3.665464E-4
1.510000E-8	-3.922407E-4
1.515000E-8	-3.802500E-4
1.520000E-8	-3.631205E-4
1.525000E-8	-3.579817E-4
1.530000E-8	-3.768241E-4
1.535000E-8	-4.162220E-4
1.540000E-8	-4.778882E-4
1.545000E-8	-5.549709E-4
1.550000E-8	-6.389055E-4
1.555000E-8	-6.817292E-4
1.560000E-8	-6.663127E-4
1.565000E-8	-6.183501E-4
1.570000E-8	-5.583968E-4
1.575000E-8	-4.950177E-4
1.580000E-8	-4.162220E-4
1.585000E-8	-3.065932E-4
1.590000E-8	-1.883996E-4
1.595000E-8	-1.335852E-4
1.600000E-8	-1.627054E-4
1.605000E-8	-2.123809E-4
1.610000E-8	-2.329363E-4
1.615000E-8	-2.483529E-4
1.620000E-8	-2.928896E-4
1.625000E-8	-3.494169E-4
1.630000E-8	-3.836759E-4
1.635000E-8	-3.973795E-4
1.640000E-8	-4.230738E-4
1.645000E-8	-4.676105E-4
1.650000E-8	-4.830270E-4
1.655000E-8	-4.333515E-4
1.660000E-8	-3.836759E-4
1.665000E-8	-3.888148E-4
1.670000E-8	-4.008054E-4
1.675000E-8	-3.802500E-4
1.680000E-8	-3.751112E-4
1.685000E-8	-4.076572E-4
1.690000E-8	-4.247867E-4
1.695000E-8	-3.871018E-4
1.700000E-8	-3.305745E-4
1.705000E-8	-2.911766E-4
1.710000E-8	-2.826119E-4
1.715000E-8	-2.843248E-4
1.720000E-8	-2.860378E-4
1.725000E-8	-2.980284E-4
1.730000E-8	-3.459910E-4
1.735000E-8	-4.008054E-4
1.740000E-8	-4.282126E-4
1.745000E-8	-4.590457E-4
1.750000E-8	-5.035824E-4
1.755000E-8	-4.967306E-4
1.760000E-8	-4.145090E-4
1.765000E-8	-3.408522E-4
1.770000E-8	-2.980284E-4
1.775000E-8	-2.329363E-4
1.780000E-8	-1.764090E-4
1.785000E-8	-1.695572E-4
1.790000E-8	-1.524277E-4
1.795000E-8	-6.335428E-5
1.800000E-8	7.882058E-5
1.805000E-8	2.792357E-4
1.810000E-8	6.355293E-4
1.815000E-8	1.185386E-3
1.820000E-8	1.923668E-3
1.825000E-8	2.925744E-3
1.830000E-8	4.251567E-3
1.835000E-8	5.890860E-3
1.840000E-8	7.884734E-3
1.845000E-8	1.027773E-2
1.850000E-8	1.301673E-2
1.855000E-8	1.605037E-2
1.860000E-8	1.941803E-2
1.865000E-8	2.311629E-2
1.870000E-8	2.702010E-2
1.875000E-8	3.102840E-2
1.880000E-8	3.509495E-2
1.885000E-8	3.909297E-2
1.890000E-8	4.287345E-2
1.895000E-8	4.636787E-2
1.900000E-8	4.946146E-2
1.905000E-8	5.198635E-2
1.910000E-8	5.388601E-2
1.915000E-8	5.523067E-2
1.920000E-8	5.603747E-2
1.925000E-8	5.632867E-2
1.930000E-8	5.624817E-2
1.935000E-8	5.594326E-2
1.940000E-8	5.544308E-2
1.945000E-8	5.481100E-2
1.950000E-8	5.416693E-2
1.955000E-8	5.358282E-2
1.960000E-8	5.306037E-2
1.965000E-8	5.264412E-2
1.970000E-8	5.237690E-2
1.975000E-8	5.223130E-2
1.980000E-8	5.223130E-2
1.985000E-8	5.235806E-2
1.990000E-8	5.254477E-2
1.995000E-8	5.273491E-2
2.000000E-8	5.300384E-2
2.005000E-8	5.333444E-2
2.010000E-8	5.358110E-2
2.015000E-8	5.361879E-2
2.020000E-8	5.344749E-2
2.025000E-8	5.313060E-2
2.030000E-8	5.269893E-2
2.035000E-8	5.217820E-2
2.040000E-8	5.161635E-2
2.045000E-8	5.114700E-2
2.050000E-8	5.079071E-2
2.055000E-8	5.047381E-2
2.060000E-8	5.019803E-2
2.065000E-8	5.003872E-2
2.070000E-8	4.999247E-2
2.075000E-8	5.005928E-2
2.080000E-8	5.021687E-2
2.085000E-8	5.043784E-2
2.090000E-8	5.068279E-2
2.095000E-8	5.094145E-2
2.100000E-8	5.122066E-2
2.105000E-8	5.149816E-2
2.110000E-8	5.169514E-2
2.115000E-8	5.177223E-2
2.120000E-8	5.171399E-2
2.125000E-8	5.157181E-2
2.130000E-8	5.136112E-2
2.135000E-8	5.106992E-2
2.140000E-8	5.071362E-2
2.145000E-8	5.037960E-2
2.150000E-8	5.012266E-2
2.155000E-8	4.992053E-2
2.160000E-8	4.975266E-2
2.165000E-8	4.962590E-2
2.170000E-8	4.958136E-2
2.175000E-8	4.957109E-2
2.180000E-8	4.954539E-2
2.185000E-8	4.957280E-2
2.190000E-8	4.972868E-2
2.195000E-8	4.994622E-2
2.200000E-8	5.013465E-2
2.205000E-8	5.029909E-2
2.210000E-8	5.046525E-2
2.215000E-8	5.055775E-2
2.220000E-8	5.055261E-2
2.225000E-8	5.046867E-2
2.230000E-8	5.032821E-2
2.235000E-8	5.009525E-2
2.240000E-8	4.982460E-2
2.245000E-8	4.956252E-2
2.250000E-8	4.930729E-2
2.255000E-8	4.906748E-2
2.260000E-8	4.886021E-2
2.265000E-8	4.873345E-2
2.270000E-8	4.869234E-2
2.275000E-8	4.870262E-2
2.280000E-8	4.873345E-2
2.285000E-8	4.874031E-2
2.290000E-8	4.876257E-2
2.295000E-8	4.880368E-2
2.300000E-8	4.883452E-2
2.305000E-8	4.888077E-2
2.310000E-8	4.899040E-2
2.315000E-8	4.914285E-2
2.320000E-8	4.927132E-2
2.325000E-8	4.936896E-2
2.330000E-8	4.940836E-2
2.335000E-8	4.936039E-2
2.340000E-8	4.920280E-2
2.345000E-8	4.895100E-2
2.350000E-8	4.867864E-2
2.355000E-8	4.847480E-2
2.360000E-8	4.830522E-2
2.365000E-8	4.810994E-2
2.370000E-8	4.789925E-2
2.375000E-8	4.774679E-2
2.380000E-8	4.765430E-2
2.385000E-8	4.763031E-2
2.390000E-8	4.768342E-2
2.395000E-8	4.783073E-2
2.400000E-8	4.805855E-2
2.405000E-8	4.833605E-2
2.410000E-8	4.862383E-2
2.415000E-8	4.889276E-2
2.420000E-8	4.910003E-2
2.425000E-8	4.916340E-2
2.430000E-8	4.905720E-2
2.435000E-8	4.885336E-2
2.440000E-8	4.859642E-2
2.445000E-8	4.824698E-2
2.450000E-8	4.786841E-2
2.455000E-8	4.748814E-2
2.460000E-8	4.713870E-2
2.465000E-8	4.685777E-2
2.470000E-8	4.666935E-2
2.475000E-8	4.655287E-2
2.480000E-8	4.650833E-2
2.485000E-8	4.660597E-2
2.490000E-8	4.680296E-2
2.495000E-8	4.702564E-2
2.500000E-8	4.730314E-2
2.505000E-8	4.765601E-2
2.510000E-8	4.796605E-2
2.515000E-8	4.820929E-2
2.520000E-8	4.841485E-2
2.525000E-8	4.854846E-2
2.530000E-8	4.852105E-2
2.535000E-8	4.838230E-2
2.540000E-8	4.819730E-2
2.545000E-8	4.795406E-2
2.550000E-8	4.766971E-2
2.555000E-8	4.743161E-2
2.560000E-8	4.722777E-2
2.565000E-8	4.703078E-2
2.570000E-8	4.687490E-2
2.575000E-8	4.682180E-2
2.580000E-8	4.682865E-2
2.585000E-8	4.690745E-2
2.590000E-8	4.707189E-2
2.595000E-8	4.730143E-2
2.600000E-8	4.758920E-2
2.605000E-8	4.793522E-2
2.610000E-8	4.829665E-2
2.615000E-8	4.862040E-2
2.620000E-8	4.892530E-2
2.625000E-8	4.917197E-2
2.630000E-8	4.930729E-2
2.635000E-8	4.932613E-2
2.640000E-8	4.926789E-2
2.645000E-8	4.910516E-2
2.650000E-8	4.882253E-2
2.655000E-8	4.847480E-2
2.660000E-8	4.809966E-2
2.665000E-8	4.774337E-2
2.670000E-8	4.741962E-2
2.675000E-8	4.714555E-2
2.680000E-8	4.694685E-2
2.685000E-8	4.685263E-2
2.690000E-8	4.686805E-2
2.695000E-8	4.696740E-2
2.700000E-8	4.719865E-2
2.705000E-8	4.756008E-2
2.710000E-8	4.794550E-2
2.715000E-8	4.826411E-2
2.720000E-8	4.859299E-2
2.725000E-8	4.889790E-2
2.730000E-8	4.912058E-2
2.735000E-8	4.922850E-2
2.740000E-8	4.926447E-2
2.745000E-8	4.920109E-2
2.750000E-8	4.901438E-2
2.755000E-8	4.875572E-2
2.760000E-8	4.843197E-2
2.765000E-8	4.810309E-2
2.770000E-8	4.782559E-2
2.775000E-8	4.755494E-2
2.780000E-8	4.726546E-2
2.785000E-8	4.705476E-2
2.790000E-8	4.697083E-2
2.795000E-8	4.694000E-2
2.800000E-8	4.691430E-2
2.805000E-8	4.698624E-2
2.810000E-8	4.716610E-2
2.815000E-8	4.733226E-2
2.820000E-8	4.745902E-2
2.825000E-8	4.757379E-2
2.830000E-8	4.766457E-2
2.835000E-8	4.768684E-2
2.840000E-8	4.766629E-2
2.845000E-8	4.759092E-2
2.850000E-8	4.742305E-2
2.855000E-8	4.719351E-2
2.860000E-8	4.696226E-2
2.865000E-8	4.669162E-2
2.870000E-8	4.639699E-2
2.875000E-8	4.612292E-2
2.880000E-8	4.591908E-2
2.885000E-8	4.581801E-2
2.890000E-8	4.581116E-2
2.895000E-8	4.587625E-2
2.900000E-8	4.597560E-2
2.905000E-8	4.610236E-2
2.910000E-8	4.624111E-2
2.915000E-8	4.633532E-2
2.920000E-8	4.643125E-2
2.925000E-8	4.653916E-2
2.930000E-8	4.661282E-2
2.935000E-8	4.662653E-2
2.940000E-8	4.662481E-2
2.945000E-8	4.660597E-2
2.950000E-8	4.651690E-2
2.955000E-8	4.636102E-2
2.960000E-8	4.620343E-2
2.965000E-8	4.604241E-2
2.970000E-8	4.587283E-2
2.975000E-8	4.573237E-2
2.980000E-8	4.566556E-2
2.985000E-8	4.562102E-2
2.990000E-8	4.556450E-2
2.995000E-8	4.555764E-2
3.000000E-8	4.566556E-2
3.005000E-8	4.583343E-2
3.010000E-8	4.601843E-2
3.015000E-8	4.623940E-2
3.020000E-8	4.645180E-2
3.025000E-8	4.661967E-2
3.030000E-8	4.673444E-2
3.035000E-8	4.681324E-2
3.040000E-8	4.677213E-2
3.045000E-8	4.662824E-2
3.050000E-8	4.643981E-2
3.055000E-8	4.623597E-2
3.060000E-8	4.600472E-2
3.065000E-8	4.579403E-2
3.070000E-8	4.564843E-2
3.075000E-8	4.557991E-2
3.080000E-8	4.557477E-2
3.085000E-8	4.564158E-2
3.090000E-8	4.577348E-2
3.095000E-8	4.594477E-2
3.100000E-8	4.610579E-2
3.105000E-8	4.621713E-2
3.110000E-8	4.628222E-2
3.115000E-8	4.632676E-2
3.120000E-8	4.633361E-2
3.125000E-8	4.625139E-2
3.130000E-8	4.610065E-2
3.135000E-8	4.589510E-2
3.140000E-8	4.564672E-2
3.145000E-8	4.541033E-2
3.150000E-8	4.525103E-2
3.155000E-8	4.515168E-2
3.160000E-8	4.505918E-2
3.165000E-8	4.499751E-2
3.170000E-8	4.500779E-2
3.175000E-8	4.501121E-2
3.180000E-8	4.498723E-2
3.185000E-8	4.499237E-2
3.190000E-8	4.500779E-2
3.195000E-8	4.500950E-2
3.200000E-8	4.503691E-2
3.205000E-8	4.512598E-2
3.210000E-8	4.522362E-2
3.215000E-8	4.530241E-2
3.220000E-8	4.540519E-2
3.225000E-8	4.550797E-2
3.230000E-8	4.556964E-2
3.235000E-8	4.558676E-2
3.240000E-8	4.555422E-2
3.245000E-8	4.546686E-2
3.250000E-8	4.534181E-2
3.255000E-8	4.516709E-2
3.260000E-8	4.493927E-2
3.265000E-8	4.475256E-2
3.270000E-8	4.464978E-2
3.275000E-8	4.455728E-2
3.280000E-8	4.448191E-2
3.285000E-8	4.450075E-2
3.290000E-8	4.460182E-2
3.295000E-8	4.472172E-2
3.300000E-8	4.484334E-2
3.305000E-8	4.498381E-2
3.310000E-8	4.513112E-2
3.315000E-8	4.521848E-2
3.320000E-8	4.522019E-2
3.325000E-8	4.512941E-2
3.330000E-8	4.495640E-2
3.335000E-8	4.472001E-2
3.340000E-8	4.443052E-2
3.345000E-8	4.413076E-2
3.350000E-8	4.387210E-2
3.355000E-8	4.367854E-2
3.360000E-8	4.353979E-2
3.365000E-8	4.344215E-2
3.370000E-8	4.339248E-2
3.375000E-8	4.343016E-2
3.380000E-8	4.353122E-2
3.385000E-8	4.364257E-2
3.390000E-8	4.378817E-2
3.395000E-8	4.398173E-2
3.400000E-8	4.414960E-2
3.405000E-8	4.427293E-2
3.410000E-8	4.436886E-2
3.415000E-8	4.442881E-2
3.420000E-8	4.442196E-2
3.425000E-8	4.435687E-2
3.430000E-8	4.424210E-2
3.435000E-8	4.409650E-2
3.440000E-8	4.392006E-2
3.445000E-8	4.375733E-2
3.450000E-8	4.359974E-2
3.455000E-8	4.346099E-2
3.460000E-8	4.334794E-2
3.465000E-8	4.326572E-2
3.470000E-8	4.321090E-2
3.475000E-8	4.320748E-2
3.480000E-8	4.327771E-2
3.485000E-8	4.341303E-2
3.490000E-8	4.358433E-2
3.495000E-8	4.373335E-2
3.500000E-8	4.382414E-2
3.505000E-8	4.386868E-2
3.510000E-8	4.389951E-2
3.515000E-8	4.390807E-2
3.520000E-8	4.386182E-2
3.525000E-8	4.380016E-2
3.530000E-8	4.377618E-2
3.535000E-8	4.374534E-2
3.540000E-8	4.363229E-2
3.545000E-8	4.348155E-2
3.550000E-8	4.335993E-2
3.555000E-8	4.324345E-2
3.560000E-8	4.310813E-2
3.565000E-8	4.301049E-2
3.570000E-8	4.295910E-2
3.575000E-8	4.293512E-2
3.580000E-8	4.295225E-2
3.585000E-8	4.303104E-2
3.590000E-8	4.316123E-2
3.595000E-8	4.330683E-2
3.600000E-8	4.342331E-2
3.605000E-8	4.349354E-2
3.610000E-8	4.352437E-2
3.615000E-8	4.352951E-2
3.620000E-8	4.349183E-2
3.625000E-8	4.342673E-2
3.630000E-8	4.335650E-2
3.635000E-8	4.327599E-2
3.640000E-8	4.318007E-2
3.645000E-8	4.306016E-2
3.650000E-8	4.293512E-2
3.655000E-8	4.286831E-2
3.660000E-8	4.285804E-2
3.665000E-8	4.285461E-2
3.670000E-8	4.284947E-2
3.675000E-8	4.284262E-2
3.680000E-8	4.285461E-2
3.685000E-8	4.284776E-2
3.690000E-8	4.282378E-2
3.695000E-8	4.280322E-2
3.700000E-8	4.282378E-2
3.705000E-8	4.286831E-2
3.710000E-8	4.288716E-2
3.715000E-8	4.289058E-2
3.720000E-8	4.291456E-2
3.725000E-8	4.293683E-2
3.730000E-8	4.291628E-2
3.735000E-8	4.287345E-2
3.740000E-8	4.285118E-2
3.745000E-8	4.283577E-2
3.750000E-8	4.282378E-2
3.755000E-8	4.284433E-2
3.760000E-8	4.290086E-2
3.765000E-8	4.295225E-2
3.770000E-8	4.295739E-2
3.775000E-8	4.292998E-2
3.780000E-8	4.289229E-2
3.785000E-8	4.285290E-2
3.790000E-8	4.279808E-2
3.795000E-8	4.270216E-2
3.800000E-8	4.254970E-2
3.805000E-8	4.235957E-2
3.810000E-8	4.217286E-2
3.815000E-8	4.202212E-2
3.820000E-8	4.190735E-2
3.825000E-8	4.184397E-2
3.830000E-8	4.181314E-2
3.835000E-8	4.182341E-2
3.840000E-8	4.184568E-2
3.845000E-8	4.188679E-2
3.850000E-8	4.192448E-2
3.855000E-8	4.195188E-2
3.860000E-8	4.198272E-2
3.865000E-8	4.199642E-2
3.870000E-8	4.197758E-2
3.875000E-8	4.192962E-2
3.880000E-8	4.186624E-2
3.885000E-8	4.178573E-2
3.890000E-8	4.171036E-2
3.895000E-8	4.167953E-2
3.900000E-8	4.164698E-2
3.905000E-8	4.160073E-2
3.910000E-8	4.155619E-2
3.915000E-8	4.158703E-2
3.920000E-8	4.164527E-2
3.925000E-8	4.168638E-2
3.930000E-8	4.171721E-2
3.935000E-8	4.176517E-2
3.940000E-8	4.178059E-2
3.945000E-8	4.176175E-2
3.950000E-8	4.172578E-2
3.955000E-8	4.167610E-2
3.960000E-8	4.161101E-2
3.965000E-8	4.157332E-2
3.970000E-8	4.159045E-2
3.975000E-8	4.163156E-2
3.980000E-8	4.166925E-2
3.985000E-8	4.174976E-2
3.990000E-8	4.187994E-2
3.995000E-8	4.202040E-2
4.000000E-8	4.214202E-2
4.005000E-8	4.223795E-2
4.010000E-8	4.229447E-2
4.015000E-8	4.230475E-2
4.020000E-8	4.224822E-2
4.025000E-8	4.214716E-2
4.030000E-8	4.202040E-2
4.035000E-8	4.185767E-2
4.040000E-8	4.167267E-2
4.045000E-8	4.153221E-2
4.050000E-8	4.142772E-2
4.055000E-8	4.133008E-2
4.060000E-8	4.124272E-2
4.065000E-8	4.120504E-2
4.070000E-8	4.118962E-2
4.075000E-8	4.115879E-2
4.080000E-8	4.112796E-2
4.085000E-8	4.111425E-2
4.090000E-8	4.110226E-2
4.095000E-8	4.107828E-2
4.100000E-8	4.102004E-2
4.105000E-8	4.094124E-2
4.110000E-8	4.087101E-2
4.115000E-8	4.079907E-2
4.120000E-8	4.071171E-2
4.125000E-8	4.066375E-2
4.130000E-8	4.067231E-2
4.135000E-8	4.071171E-2
4.140000E-8	4.075625E-2
4.145000E-8	4.081106E-2
4.150000E-8	4.087273E-2
4.155000E-8	4.091384E-2
4.160000E-8	4.096523E-2
4.165000E-8	4.100462E-2
4.170000E-8	4.096009E-2
4.175000E-8	4.087786E-2
4.180000E-8	4.083847E-2
4.185000E-8	4.080421E-2
4.190000E-8	4.072541E-2
4.195000E-8	4.065176E-2
4.200000E-8	4.063976E-2
4.205000E-8	4.063120E-2
4.210000E-8	4.060551E-2
4.215000E-8	4.061750E-2
4.220000E-8	4.065861E-2
4.225000E-8	4.068088E-2
4.230000E-8	4.066032E-2
4.235000E-8	4.063463E-2
4.240000E-8	4.058324E-2
4.245000E-8	4.051643E-2
4.250000E-8	4.043935E-2
4.255000E-8	4.033315E-2
4.260000E-8	4.023893E-2
4.265000E-8	4.021495E-2
4.270000E-8	4.022523E-2
4.275000E-8	4.022694E-2
4.280000E-8	4.024065E-2
4.285000E-8	4.026977E-2
4.290000E-8	4.030745E-2
4.295000E-8	4.035884E-2
4.300000E-8	4.041879E-2
4.305000E-8	4.044963E-2
4.310000E-8	4.046162E-2
4.315000E-8	4.047018E-2
4.320000E-8	4.043764E-2
4.325000E-8	4.038282E-2
4.330000E-8	4.032116E-2
4.335000E-8	4.024579E-2
4.340000E-8	4.013444E-2
4.345000E-8	4.003852E-2
4.350000E-8	3.996315E-2
4.355000E-8	3.990662E-2
4.360000E-8	3.987922E-2
4.365000E-8	3.987408E-2
4.370000E-8	3.988949E-2
4.375000E-8	3.993574E-2
4.380000E-8	4.005222E-2
4.385000E-8	4.019954E-2
4.390000E-8	4.030403E-2
4.395000E-8	4.037426E-2
4.400000E-8	4.045134E-2
4.405000E-8	4.050444E-2
4.410000E-8	4.048046E-2
4.415000E-8	4.038111E-2
4.420000E-8	4.023208E-2
4.425000E-8	4.005222E-2
4.430000E-8	3.986380E-2
4.435000E-8	3.970107E-2
4.440000E-8	3.957088E-2
4.445000E-8	3.945783E-2
4.450000E-8	3.937047E-2
4.455000E-8	3.932251E-2
4.460000E-8	3.928482E-2
4.465000E-8	3.923001E-2
4.470000E-8	3.918547E-2
4.475000E-8	3.915464E-2
4.480000E-8	3.914265E-2
4.485000E-8	3.914779E-2
4.490000E-8	3.916149E-2
4.495000E-8	3.918204E-2
4.500000E-8	3.919575E-2
4.505000E-8	3.919061E-2
4.510000E-8	3.917177E-2
4.515000E-8	3.917519E-2
4.520000E-8	3.919575E-2
4.525000E-8	3.923515E-2
4.530000E-8	3.928311E-2
4.535000E-8	3.935505E-2
4.540000E-8	3.941501E-2
4.545000E-8	3.942700E-2
4.550000E-8	3.937047E-2
4.555000E-8	3.928311E-2
4.560000E-8	3.918376E-2
4.565000E-8	3.908269E-2
4.570000E-8	3.900390E-2
4.575000E-8	3.900047E-2
4.580000E-8	3.901760E-2
4.585000E-8	3.906385E-2
4.590000E-8	3.914436E-2
4.595000E-8	3.923172E-2
4.600000E-8	3.930538E-2
4.605000E-8	3.936704E-2
4.610000E-8	3.942871E-2
4.615000E-8	3.944926E-2
4.620000E-8	3.942528E-2
4.625000E-8	3.935334E-2
4.630000E-8	3.926940E-2
4.635000E-8	3.915806E-2
4.640000E-8	3.902617E-2
4.645000E-8	3.890455E-2
4.650000E-8	3.881890E-2
4.655000E-8	3.877779E-2
4.660000E-8	3.873154E-2
4.665000E-8	3.871612E-2
4.670000E-8	3.875895E-2
4.675000E-8	3.883260E-2
4.680000E-8	3.886857E-2
4.685000E-8	3.886857E-2
4.690000E-8	3.885830E-2
4.695000E-8	3.882575E-2
4.700000E-8	3.878121E-2
4.705000E-8	3.873668E-2
4.710000E-8	3.871612E-2
4.715000E-8	3.872126E-2
4.720000E-8	3.872469E-2
4.725000E-8	3.869557E-2
4.730000E-8	3.866131E-2
4.735000E-8	3.864589E-2
4.740000E-8	3.861677E-2
4.745000E-8	3.857223E-2
4.750000E-8	3.857737E-2
4.755000E-8	3.865446E-2
4.760000E-8	3.874182E-2
4.765000E-8	3.878293E-2
4.770000E-8	3.880177E-2
4.775000E-8	3.877950E-2
4.780000E-8	3.870756E-2
4.785000E-8	3.861506E-2
4.790000E-8	3.851228E-2
4.795000E-8	3.837867E-2
4.800000E-8	3.824163E-2
4.805000E-8	3.812687E-2
4.810000E-8	3.801553E-2
4.815000E-8	3.789048E-2
4.820000E-8	3.781340E-2
4.825000E-8	3.780312E-2
4.830000E-8	3.784594E-2
4.835000E-8	3.790418E-2
4.840000E-8	3.797784E-2
4.845000E-8	3.807377E-2
4.850000E-8	3.817826E-2
4.855000E-8	3.828446E-2
4.860000E-8	3.840437E-2
4.865000E-8	3.852085E-2
4.870000E-8	3.865617E-2
4.875000E-8	3.879834E-2
4.880000E-8	3.890455E-2
4.885000E-8	3.897478E-2
4.890000E-8	3.901418E-2
4.895000E-8	3.901418E-2
4.900000E-8	3.893367E-2
4.905000E-8	3.881719E-2
4.910000E-8	3.870927E-2
4.915000E-8	3.858422E-2
4.920000E-8	3.842321E-2
4.925000E-8	3.824506E-2
4.930000E-8	3.807890E-2
4.935000E-8	3.791617E-2
4.940000E-8	3.776715E-2
4.945000E-8	3.765409E-2
4.950000E-8	3.762669E-2
4.955000E-8	3.767807E-2
4.960000E-8	3.773289E-2
4.965000E-8	3.777400E-2
4.970000E-8	3.784766E-2
4.975000E-8	3.792988E-2
4.980000E-8	3.799326E-2
4.985000E-8	3.801210E-2
4.990000E-8	3.796928E-2
4.995000E-8	3.784423E-2
5.000000E-8	3.767807E-2
5.005000E-8	3.751534E-2
5.010000E-8	3.735947E-2
5.015000E-8	3.720016E-2
5.020000E-8	3.705799E-2
5.025000E-8	3.693465E-2
5.030000E-8	3.686785E-2
5.035000E-8	3.688498E-2
5.040000E-8	3.694493E-2
5.045000E-8	3.702201E-2
5.050000E-8	3.717104E-2
5.055000E-8	3.733720E-2
5.060000E-8	3.743312E-2
5.065000E-8	3.747081E-2
5.070000E-8	3.748965E-2
5.075000E-8	3.745710E-2
5.080000E-8	3.734919E-2
5.085000E-8	3.722414E-2
5.090000E-8	3.713678E-2
5.095000E-8	3.708197E-2
5.100000E-8	3.703400E-2
5.105000E-8	3.701002E-2
5.110000E-8	3.703743E-2
5.115000E-8	3.707854E-2
5.120000E-8	3.709225E-2
5.125000E-8	3.709225E-2
5.130000E-8	3.711794E-2
5.135000E-8	3.717104E-2
5.140000E-8	3.719502E-2
5.145000E-8	3.717275E-2
5.150000E-8	3.711280E-2
5.155000E-8	3.703743E-2
5.160000E-8	3.696206E-2
5.165000E-8	3.689012E-2
5.170000E-8	3.682503E-2
5.175000E-8	3.678563E-2
5.180000E-8	3.678220E-2
5.185000E-8	3.679248E-2
5.190000E-8	3.678905E-2
5.195000E-8	3.677021E-2
5.200000E-8	3.676850E-2
5.205000E-8	3.675651E-2
5.210000E-8	3.673766E-2
5.215000E-8	3.671540E-2
5.220000E-8	3.669313E-2
5.225000E-8	3.664688E-2
5.230000E-8	3.656466E-2
5.235000E-8	3.649271E-2
5.240000E-8	3.645331E-2
5.245000E-8	3.643276E-2
5.250000E-8	3.644304E-2
5.255000E-8	3.646359E-2
5.260000E-8	3.648415E-2
5.265000E-8	3.649443E-2
5.270000E-8	3.651498E-2
5.275000E-8	3.657322E-2
5.280000E-8	3.664859E-2
5.285000E-8	3.669655E-2
5.290000E-8	3.672225E-2
5.295000E-8	3.674109E-2
5.300000E-8	3.671026E-2
5.305000E-8	3.658179E-2
5.310000E-8	3.642248E-2
5.315000E-8	3.630429E-2
5.320000E-8	3.621350E-2
5.325000E-8	3.614841E-2
5.330000E-8	3.612272E-2
5.335000E-8	3.613128E-2
5.340000E-8	3.613813E-2
5.345000E-8	3.615355E-2
5.350000E-8	3.619637E-2
5.355000E-8	3.625119E-2
5.360000E-8	3.630258E-2
5.365000E-8	3.634540E-2
5.370000E-8	3.638994E-2
5.375000E-8	3.643105E-2
5.380000E-8	3.644989E-2
5.385000E-8	3.642248E-2
5.390000E-8	3.639679E-2
5.395000E-8	3.640535E-2
5.400000E-8	3.640535E-2
5.405000E-8	3.639679E-2
5.410000E-8	3.641906E-2
5.415000E-8	3.646702E-2
5.420000E-8	3.651498E-2
5.425000E-8	3.655095E-2
5.430000E-8	3.656808E-2
5.435000E-8	3.654581E-2
5.440000E-8	3.651327E-2
5.445000E-8	3.650470E-2
5.450000E-8	3.651156E-2
5.455000E-8	3.645331E-2
5.460000E-8	3.634369E-2
5.465000E-8	3.620665E-2
5.470000E-8	3.603878E-2
5.475000E-8	3.584350E-2
5.480000E-8	3.568077E-2
5.485000E-8	3.558828E-2
5.490000E-8	3.554545E-2
5.495000E-8	3.552490E-2
5.500000E-8	3.555744E-2
5.505000E-8	3.560540E-2
5.510000E-8	3.562253E-2
5.515000E-8	3.562596E-2
5.520000E-8	3.564994E-2
5.525000E-8	3.569105E-2
5.530000E-8	3.570476E-2
5.535000E-8	3.568934E-2
5.540000E-8	3.567735E-2
5.545000E-8	3.567050E-2
5.550000E-8	3.566364E-2
5.555000E-8	3.566878E-2
5.560000E-8	3.570476E-2
5.565000E-8	3.576128E-2
5.570000E-8	3.580068E-2
5.575000E-8	3.582295E-2
5.580000E-8	3.585378E-2
5.585000E-8	3.588975E-2
5.590000E-8	3.590003E-2
5.595000E-8	3.587776E-2
5.600000E-8	3.584179E-2
5.605000E-8	3.580753E-2
5.610000E-8	3.576128E-2
5.615000E-8	3.571675E-2
5.620000E-8	3.568249E-2
5.625000E-8	3.561397E-2
5.630000E-8	3.551119E-2
5.635000E-8	3.542041E-2
5.640000E-8	3.537587E-2
5.645000E-8	3.535360E-2
5.650000E-8	3.534161E-2
5.655000E-8	3.531592E-2
5.660000E-8	3.529879E-2
5.665000E-8	3.528680E-2
5.670000E-8	3.529022E-2
5.675000E-8	3.528851E-2
5.680000E-8	3.527994E-2
5.685000E-8	3.526281E-2
5.690000E-8	3.524055E-2
5.695000E-8	3.523027E-2
5.700000E-8	3.523198E-2
5.705000E-8	3.520457E-2
5.710000E-8	3.514120E-2
5.715000E-8	3.511036E-2
5.720000E-8	3.512749E-2
5.725000E-8	3.512407E-2
5.730000E-8	3.508295E-2
5.735000E-8	3.504356E-2
5.740000E-8	3.498532E-2
5.745000E-8	3.488083E-2
5.750000E-8	3.477805E-2
5.755000E-8	3.472324E-2
5.760000E-8	3.469925E-2
5.765000E-8	3.468726E-2
5.770000E-8	3.471981E-2
5.775000E-8	3.482430E-2
5.780000E-8	3.493564E-2
5.785000E-8	3.501615E-2
5.790000E-8	3.509495E-2
5.795000E-8	3.518231E-2
5.800000E-8	3.525939E-2
5.805000E-8	3.530906E-2
5.810000E-8	3.532791E-2
5.815000E-8	3.527994E-2
5.820000E-8	3.517888E-2
5.825000E-8	3.507096E-2
5.830000E-8	3.497846E-2
5.835000E-8	3.487569E-2
5.840000E-8	3.476435E-2
5.845000E-8	3.467527E-2
5.850000E-8	3.461018E-2
5.855000E-8	3.458106E-2
5.860000E-8	3.458106E-2
5.865000E-8	3.458106E-2
5.870000E-8	3.456051E-2
5.875000E-8	3.455879E-2
5.880000E-8	3.455194E-2
5.885000E-8	3.449884E-2
5.890000E-8	3.441490E-2
5.895000E-8	3.431727E-2
5.900000E-8	3.420079E-2
5.905000E-8	3.409287E-2
5.910000E-8	3.401921E-2
5.915000E-8	3.395583E-2
5.920000E-8	3.387019E-2
5.925000E-8	3.379310E-2
5.930000E-8	3.376741E-2
5.935000E-8	3.378454E-2
5.940000E-8	3.381366E-2
5.945000E-8	3.387361E-2
5.950000E-8	3.397468E-2
5.955000E-8	3.409287E-2
5.960000E-8	3.415796E-2
5.965000E-8	3.418879E-2
5.970000E-8	3.422305E-2
5.975000E-8	3.429500E-2
5.980000E-8	3.435666E-2
5.985000E-8	3.438750E-2
5.990000E-8	3.441148E-2
5.995000E-8	3.443546E-2
6.000000E-8	3.442861E-2
6.005000E-8	3.441490E-2
6.010000E-8	3.443546E-2
6.015000E-8	3.450055E-2
6.020000E-8	3.459305E-2
6.025000E-8	3.466500E-2
6.030000E-8	3.469754E-2
6.035000E-8	3.469925E-2
6.040000E-8	3.468555E-2
6.045000E-8	3.461703E-2
6.050000E-8	3.449027E-2
6.055000E-8	3.437722E-2
6.060000E-8	3.433097E-2
6.065000E-8	3.428472E-2
6.070000E-8	3.421449E-2
6.075000E-8	3.417338E-2
6.080000E-8	3.416310E-2
6.085000E-8	3.415111E-2
6.090000E-8	3.414426E-2
6.095000E-8	3.416653E-2
6.100000E-8	3.416653E-2
6.105000E-8	3.413741E-2
6.110000E-8	3.414426E-2
6.115000E-8	3.416139E-2
6.120000E-8	3.415282E-2
6.125000E-8	3.412542E-2
6.130000E-8	3.410486E-2
6.135000E-8	3.407574E-2
6.140000E-8	3.403292E-2
6.145000E-8	3.398667E-2
6.150000E-8	3.393357E-2
6.155000E-8	3.387875E-2
6.160000E-8	3.382565E-2
6.165000E-8	3.379310E-2
6.170000E-8	3.376912E-2
6.175000E-8	3.372459E-2
6.180000E-8	3.368690E-2
6.185000E-8	3.368519E-2
6.190000E-8	3.375542E-2
6.195000E-8	3.388218E-2
6.200000E-8	3.401065E-2
6.205000E-8	3.408773E-2
6.210000E-8	3.411171E-2
6.215000E-8	3.410143E-2
6.220000E-8	3.405176E-2
6.225000E-8	3.394213E-2
6.230000E-8	3.381195E-2
6.235000E-8	3.368005E-2
6.240000E-8	3.356357E-2
6.245000E-8	3.342996E-2
6.250000E-8	3.328264E-2
6.255000E-8	3.315589E-2
6.260000E-8	3.307880E-2
6.265000E-8	3.305482E-2
6.270000E-8	3.304797E-2
6.275000E-8	3.305653E-2
6.280000E-8	3.308394E-2
6.285000E-8	3.316274E-2
6.290000E-8	3.324839E-2
6.295000E-8	3.329292E-2
6.300000E-8	3.331690E-2
6.305000E-8	3.334431E-2
6.310000E-8	3.335116E-2
6.315000E-8	3.331519E-2
6.320000E-8	3.329464E-2
6.325000E-8	3.327579E-2
6.330000E-8	3.320385E-2
6.335000E-8	3.311478E-2
6.340000E-8	3.306339E-2
6.345000E-8	3.302913E-2
6.350000E-8	3.297260E-2
6.355000E-8	3.294862E-2
6.360000E-8	3.297774E-2
6.365000E-8	3.300686E-2
6.370000E-8	3.303427E-2
6.375000E-8	3.308052E-2
6.380000E-8	3.312848E-2
6.385000E-8	3.315760E-2
6.390000E-8	3.318501E-2
6.395000E-8	3.317987E-2
6.400000E-8	3.312677E-2
6.405000E-8	3.306853E-2
6.410000E-8	3.301371E-2
6.415000E-8	3.295376E-2
6.420000E-8	3.288695E-2
6.425000E-8	3.281501E-2
6.430000E-8	3.273964E-2
6.435000E-8	3.266770E-2
6.440000E-8	3.264029E-2
6.445000E-8	3.265399E-2
6.450000E-8	3.271223E-2
6.455000E-8	3.281158E-2
6.460000E-8	3.291607E-2
6.465000E-8	3.300343E-2
6.470000E-8	3.308223E-2
6.475000E-8	3.315931E-2
6.480000E-8	3.319700E-2
6.485000E-8	3.319871E-2
6.490000E-8	3.318329E-2
6.495000E-8	3.314390E-2
6.500000E-8	3.308908E-2
6.505000E-8	3.303941E-2
6.510000E-8	3.302741E-2
6.515000E-8	3.301029E-2
6.520000E-8	3.297089E-2
6.525000E-8	3.291607E-2
6.530000E-8	3.284756E-2
6.535000E-8	3.277561E-2
6.540000E-8	3.271052E-2
6.545000E-8	3.266427E-2
6.550000E-8	3.262487E-2
6.555000E-8	3.255978E-2
6.560000E-8	3.248784E-2
6.565000E-8	3.243987E-2
6.570000E-8	3.240219E-2
6.575000E-8	3.234737E-2
6.580000E-8	3.229770E-2
6.585000E-8	3.225659E-2
6.590000E-8	3.222233E-2
6.595000E-8	3.219150E-2
6.600000E-8	3.218807E-2
6.605000E-8	3.223432E-2
6.610000E-8	3.232168E-2
6.615000E-8	3.241075E-2
6.620000E-8	3.247756E-2
6.625000E-8	3.250497E-2
6.630000E-8	3.252209E-2
6.635000E-8	3.255293E-2
6.640000E-8	3.260603E-2
6.645000E-8	3.266941E-2
6.650000E-8	3.268140E-2
6.655000E-8	3.263344E-2
6.660000E-8	3.257691E-2
6.665000E-8	3.254436E-2
6.670000E-8	3.250325E-2
6.675000E-8	3.244844E-2
6.680000E-8	3.239362E-2
6.685000E-8	3.235594E-2
6.690000E-8	3.231483E-2
6.695000E-8	3.224288E-2
6.700000E-8	3.217265E-2
6.705000E-8	3.211784E-2
6.710000E-8	3.206474E-2
6.715000E-8	3.203219E-2
6.720000E-8	3.201506E-2
6.725000E-8	3.199964E-2
6.730000E-8	3.198594E-2
6.735000E-8	3.198765E-2
6.740000E-8	3.200650E-2
6.745000E-8	3.200992E-2
6.750000E-8	3.198765E-2
6.755000E-8	3.195340E-2
6.760000E-8	3.191742E-2
6.765000E-8	3.190201E-2
6.770000E-8	3.190029E-2
6.775000E-8	3.189002E-2
6.780000E-8	3.189002E-2
6.785000E-8	3.192256E-2
6.790000E-8	3.195168E-2
6.795000E-8	3.197224E-2
6.800000E-8	3.200821E-2
6.805000E-8	3.203562E-2
6.810000E-8	3.200821E-2
6.815000E-8	3.197224E-2
6.820000E-8	3.196367E-2
6.825000E-8	3.194826E-2
6.830000E-8	3.192427E-2
6.835000E-8	3.192427E-2
6.840000E-8	3.193113E-2
6.845000E-8	3.193284E-2
6.850000E-8	3.195340E-2
6.855000E-8	3.200478E-2
6.860000E-8	3.204418E-2
6.865000E-8	3.206131E-2
6.870000E-8	3.206474E-2
6.875000E-8	3.206131E-2
6.880000E-8	3.202876E-2
6.885000E-8	3.197224E-2
6.890000E-8	3.188488E-2
6.895000E-8	3.181465E-2
6.900000E-8	3.177354E-2
6.905000E-8	3.173928E-2
6.910000E-8	3.170159E-2
6.915000E-8	3.168446E-2
6.920000E-8	3.169474E-2
6.925000E-8	3.169817E-2
6.930000E-8	3.170159E-2
6.935000E-8	3.174442E-2
6.940000E-8	3.182835E-2
6.945000E-8	3.186603E-2
6.950000E-8	3.187631E-2
6.955000E-8	3.186775E-2
6.960000E-8	3.182835E-2
6.965000E-8	3.175812E-2
6.970000E-8	3.167761E-2
6.975000E-8	3.159710E-2
6.980000E-8	3.152002E-2
6.985000E-8	3.144465E-2
6.990000E-8	3.138641E-2
6.995000E-8	3.133673E-2
7.000000E-8	3.128706E-2
7.005000E-8	3.124937E-2
7.010000E-8	3.125451E-2
7.015000E-8	3.128534E-2
7.020000E-8	3.129734E-2
7.025000E-8	3.130590E-2
7.030000E-8	3.135044E-2
7.035000E-8	3.141553E-2
7.040000E-8	3.146520E-2
7.045000E-8	3.149090E-2
7.050000E-8	3.149775E-2
7.055000E-8	3.151145E-2
7.060000E-8	3.149604E-2
7.065000E-8	3.142067E-2
7.070000E-8	3.130419E-2
7.075000E-8	3.119627E-2
7.080000E-8	3.110206E-2
7.085000E-8	3.100785E-2
7.090000E-8	3.095475E-2
7.095000E-8	3.095646E-2
7.100000E-8	3.096160E-2
7.105000E-8	3.097187E-2
7.110000E-8	3.100099E-2
7.115000E-8	3.101299E-2
7.120000E-8	3.100442E-2
7.125000E-8	3.100613E-2
7.130000E-8	3.102840E-2
7.135000E-8	3.103697E-2
7.140000E-8	3.101641E-2
7.145000E-8	3.098387E-2
7.150000E-8	3.096502E-2
7.155000E-8	3.094447E-2
7.160000E-8	3.090850E-2
7.165000E-8	3.088965E-2
7.170000E-8	3.089993E-2
7.175000E-8	3.090850E-2
7.180000E-8	3.089137E-2
7.185000E-8	3.089137E-2
7.190000E-8	3.093590E-2
7.195000E-8	3.099072E-2
7.200000E-8	3.105410E-2
7.205000E-8	3.113118E-2
7.210000E-8	3.120826E-2
7.215000E-8	3.125622E-2
7.220000E-8	3.128021E-2
7.225000E-8	3.127849E-2
7.230000E-8	3.122882E-2
7.235000E-8	3.114831E-2
7.240000E-8	3.102326E-2
7.245000E-8	3.088965E-2
7.250000E-8	3.080229E-2
7.255000E-8	3.075776E-2
7.260000E-8	3.073377E-2
7.265000E-8	3.071493E-2
7.270000E-8	3.072350E-2
7.275000E-8	3.075604E-2
7.280000E-8	3.078688E-2
7.285000E-8	3.079887E-2
7.290000E-8	3.081771E-2
7.295000E-8	3.083998E-2
7.300000E-8	3.082799E-2
7.305000E-8	3.074405E-2
7.310000E-8	3.061044E-2
7.315000E-8	3.047855E-2
7.320000E-8	3.034322E-2
7.325000E-8	3.020790E-2
7.330000E-8	3.008971E-2
7.335000E-8	3.002461E-2
7.340000E-8	3.001262E-2
7.345000E-8	3.003660E-2
7.350000E-8	3.009142E-2
7.355000E-8	3.020105E-2
7.360000E-8	3.036720E-2
7.365000E-8	3.053507E-2
7.370000E-8	3.067725E-2
7.375000E-8	3.078516E-2
7.380000E-8	3.085882E-2
7.385000E-8	3.088109E-2
7.390000E-8	3.084512E-2
7.395000E-8	3.073377E-2
7.400000E-8	3.056248E-2
7.405000E-8	3.037234E-2
7.410000E-8	3.018220E-2
7.415000E-8	3.001947E-2
7.420000E-8	2.991498E-2
7.425000E-8	2.986360E-2
7.430000E-8	2.983961E-2
7.435000E-8	2.987216E-2
7.440000E-8	2.995781E-2
7.445000E-8	3.003489E-2
7.450000E-8	3.007600E-2
7.455000E-8	3.010170E-2
7.460000E-8	3.011540E-2
7.465000E-8	3.009142E-2
7.470000E-8	3.002461E-2
7.475000E-8	2.991670E-2
7.480000E-8	2.976424E-2
7.485000E-8	2.959466E-2
7.490000E-8	2.942679E-2
7.495000E-8	2.927777E-2
7.500000E-8	2.914930E-2
7.505000E-8	2.905680E-2
7.510000E-8	2.903110E-2
7.515000E-8	2.905166E-2
7.520000E-8	2.912018E-2
7.525000E-8	2.925721E-2
7.530000E-8	2.941480E-2
7.535000E-8	2.953642E-2
7.540000E-8	2.962892E-2
7.545000E-8	2.973170E-2
7.550000E-8	2.982077E-2
7.555000E-8	2.984647E-2
7.560000E-8	2.983276E-2
7.565000E-8	2.981049E-2
7.570000E-8	2.976253E-2
7.575000E-8	2.968545E-2
7.580000E-8	2.960665E-2
7.585000E-8	2.955527E-2
7.590000E-8	2.951587E-2
7.595000E-8	2.948846E-2
7.600000E-8	2.945763E-2
7.605000E-8	2.944221E-2
7.610000E-8	2.947304E-2
7.615000E-8	2.957239E-2
7.620000E-8	2.972313E-2
7.625000E-8	2.991156E-2
7.630000E-8	3.010512E-2
7.635000E-8	3.028327E-2
7.640000E-8	3.042373E-2
7.645000E-8	3.048540E-2
7.650000E-8	3.046142E-2
7.655000E-8	3.038947E-2
7.660000E-8	3.029012E-2
7.665000E-8	3.014623E-2
7.670000E-8	2.994582E-2
7.675000E-8	2.972827E-2
7.680000E-8	2.954327E-2
7.685000E-8	2.938568E-2
7.690000E-8	2.927777E-2
7.695000E-8	2.921096E-2
7.700000E-8	2.917670E-2
7.705000E-8	2.917670E-2
7.710000E-8	2.922980E-2
7.715000E-8	2.929490E-2
7.720000E-8	2.934115E-2
7.725000E-8	2.940966E-2
7.730000E-8	2.951244E-2
7.735000E-8	2.961522E-2
7.740000E-8	2.969059E-2
7.745000E-8	2.974369E-2
7.750000E-8	2.976424E-2
7.755000E-8	2.974712E-2
7.760000E-8	2.972485E-2
7.765000E-8	2.970943E-2
7.770000E-8	2.968202E-2
7.775000E-8	2.961351E-2
7.780000E-8	2.951587E-2
7.785000E-8	2.942679E-2
7.790000E-8	2.940110E-2
7.795000E-8	2.941309E-2
7.800000E-8	2.940453E-2
7.805000E-8	2.937027E-2
7.810000E-8	2.935828E-2
7.815000E-8	2.934629E-2
7.820000E-8	2.930860E-2
7.825000E-8	2.926235E-2
7.830000E-8	2.922124E-2
7.835000E-8	2.914758E-2
7.840000E-8	2.903453E-2
7.845000E-8	2.894374E-2
7.850000E-8	2.888893E-2
7.855000E-8	2.884268E-2
7.860000E-8	2.879985E-2
7.865000E-8	2.881527E-2
7.870000E-8	2.892147E-2
7.875000E-8	2.904823E-2
7.880000E-8	2.916643E-2
7.885000E-8	2.928976E-2
7.890000E-8	2.940795E-2
7.895000E-8	2.948161E-2
7.900000E-8	2.952614E-2
7.905000E-8	2.955527E-2
7.910000E-8	2.955869E-2
7.915000E-8	2.951758E-2
7.920000E-8	2.943707E-2
7.925000E-8	2.936170E-2
7.930000E-8	2.928804E-2
7.935000E-8	2.919726E-2
7.940000E-8	2.912018E-2
7.945000E-8	2.906022E-2
7.950000E-8	2.900027E-2
7.955000E-8	2.893346E-2
7.960000E-8	2.886666E-2
7.965000E-8	2.879472E-2
7.970000E-8	2.873647E-2
7.975000E-8	2.869194E-2
7.980000E-8	2.864226E-2
7.985000E-8	2.859259E-2
7.990000E-8	2.855319E-2
7.995000E-8	2.850523E-2
8.000000E-8	2.842986E-2
8.005000E-8	2.835449E-2
8.010000E-8	2.833222E-2
8.015000E-8	2.835449E-2
8.020000E-8	2.839902E-2
8.025000E-8	2.841273E-2
8.030000E-8	2.844013E-2
8.035000E-8	2.852407E-2
8.040000E-8	2.861486E-2
8.045000E-8	2.864569E-2
8.050000E-8	2.870393E-2
8.055000E-8	2.882212E-2
8.060000E-8	2.888893E-2
8.065000E-8	2.887009E-2
8.070000E-8	2.887009E-2
8.075000E-8	2.890777E-2
8.080000E-8	2.889578E-2
8.085000E-8	2.882897E-2
8.090000E-8	2.878958E-2
8.095000E-8	2.878444E-2
8.100000E-8	2.878958E-2
8.105000E-8	2.878958E-2
8.110000E-8	2.880328E-2
8.115000E-8	2.882897E-2
8.120000E-8	2.884782E-2
8.125000E-8	2.884096E-2
8.130000E-8	2.881698E-2
8.135000E-8	2.878101E-2
8.140000E-8	2.871249E-2
8.145000E-8	2.860115E-2
8.150000E-8	2.847611E-2
8.155000E-8	2.835963E-2
8.160000E-8	2.824143E-2
8.165000E-8	2.816778E-2
8.170000E-8	2.817634E-2
8.175000E-8	2.823115E-2
8.180000E-8	2.830310E-2
8.185000E-8	2.840759E-2
8.190000E-8	2.856518E-2
8.195000E-8	2.871763E-2
8.200000E-8	2.882726E-2
8.205000E-8	2.891633E-2
8.210000E-8	2.899684E-2
8.215000E-8	2.902939E-2
8.220000E-8	2.897629E-2
8.225000E-8	2.884782E-2
8.230000E-8	2.867310E-2
8.235000E-8	2.847268E-2
8.240000E-8	2.825171E-2
8.245000E-8	2.802560E-2
8.250000E-8	2.782347E-2
8.255000E-8	2.766588E-2
8.260000E-8	2.754597E-2
8.265000E-8	2.746718E-2
8.270000E-8	2.746033E-2
8.275000E-8	2.751172E-2
8.280000E-8	2.760250E-2
8.285000E-8	2.770185E-2
8.290000E-8	2.779435E-2
8.295000E-8	2.785944E-2
8.300000E-8	2.790741E-2
8.305000E-8	2.792968E-2
8.310000E-8	2.793139E-2
8.315000E-8	2.794509E-2
8.320000E-8	2.796051E-2
8.325000E-8	2.795880E-2
8.330000E-8	2.797421E-2
8.335000E-8	2.800505E-2
8.340000E-8	2.800162E-2
8.345000E-8	2.799305E-2
8.350000E-8	2.802731E-2
8.355000E-8	2.805643E-2
8.360000E-8	2.802903E-2
8.365000E-8	2.800676E-2
8.370000E-8	2.803417E-2
8.375000E-8	2.803417E-2
8.380000E-8	2.796736E-2
8.385000E-8	2.789542E-2
8.390000E-8	2.782690E-2
8.395000E-8	2.772926E-2
8.400000E-8	2.764019E-2
8.405000E-8	2.759565E-2
8.410000E-8	2.756996E-2
8.415000E-8	2.754084E-2
8.420000E-8	2.753056E-2
8.425000E-8	2.755625E-2
8.430000E-8	2.760593E-2
8.435000E-8	2.765732E-2
8.440000E-8	2.770014E-2
8.445000E-8	2.775495E-2
8.450000E-8	2.782005E-2
8.455000E-8	2.788000E-2
8.460000E-8	2.790569E-2
8.465000E-8	2.792282E-2
8.470000E-8	2.794338E-2
8.475000E-8	2.793995E-2
8.480000E-8	2.794167E-2
8.485000E-8	2.793824E-2
8.490000E-8	2.794852E-2
8.495000E-8	2.798449E-2
8.500000E-8	2.806157E-2
8.505000E-8	2.813694E-2
8.510000E-8	2.817463E-2
8.515000E-8	2.818491E-2
8.520000E-8	2.818319E-2
8.525000E-8	2.814037E-2
8.530000E-8	2.806329E-2
8.535000E-8	2.799305E-2
8.540000E-8	2.790569E-2
8.545000E-8	2.778407E-2
8.550000E-8	2.765732E-2
8.555000E-8	2.755111E-2
8.560000E-8	2.745176E-2
8.565000E-8	2.736098E-2
8.570000E-8	2.731130E-2
8.575000E-8	2.730274E-2
8.580000E-8	2.731301E-2
8.585000E-8	2.731815E-2
8.590000E-8	2.732500E-2
8.595000E-8	2.735755E-2
8.600000E-8	2.738324E-2
8.605000E-8	2.739524E-2
8.610000E-8	2.739352E-2
8.615000E-8	2.736954E-2
8.620000E-8	2.730787E-2
8.625000E-8	2.723422E-2
8.630000E-8	2.719139E-2
8.635000E-8	2.719311E-2
8.640000E-8	2.722565E-2
8.645000E-8	2.728047E-2
8.650000E-8	2.732672E-2
8.655000E-8	2.733871E-2
8.660000E-8	2.731987E-2
8.665000E-8	2.729075E-2
8.670000E-8	2.727704E-2
8.675000E-8	2.725820E-2
8.680000E-8	2.722223E-2
8.685000E-8	2.719482E-2
8.690000E-8	2.721024E-2
8.695000E-8	2.725135E-2
8.700000E-8	2.729760E-2
8.705000E-8	2.735584E-2
8.710000E-8	2.743806E-2
8.715000E-8	2.750315E-2
8.720000E-8	2.754255E-2
8.725000E-8	2.758880E-2
8.730000E-8	2.764019E-2
8.735000E-8	2.764361E-2
8.740000E-8	2.756996E-2
8.745000E-8	2.744491E-2
8.750000E-8	2.727533E-2
8.755000E-8	2.705950E-2
8.760000E-8	2.682140E-2
8.765000E-8	2.660043E-2
8.770000E-8	2.644283E-2
8.775000E-8	2.635890E-2
8.780000E-8	2.633149E-2
8.785000E-8	2.634006E-2
8.790000E-8	2.638117E-2
8.795000E-8	2.647367E-2
8.800000E-8	2.661070E-2
8.805000E-8	2.678200E-2
8.810000E-8	2.697214E-2
8.815000E-8	2.716741E-2
8.820000E-8	2.732329E-2
8.825000E-8	2.741236E-2
8.830000E-8	2.740380E-2
8.835000E-8	2.728047E-2
8.840000E-8	2.704065E-2
8.845000E-8	2.676144E-2
8.850000E-8	2.649765E-2
8.855000E-8	2.628182E-2
8.860000E-8	2.607455E-2
8.865000E-8	2.589812E-2
8.870000E-8	2.579020E-2
8.875000E-8	2.574909E-2
8.880000E-8	2.574395E-2
8.885000E-8	2.579877E-2
8.890000E-8	2.591867E-2
8.895000E-8	2.605057E-2
8.900000E-8	2.618761E-2
8.905000E-8	2.633663E-2
8.910000E-8	2.648566E-2
8.915000E-8	2.658158E-2
8.920000E-8	2.661413E-2
8.925000E-8	2.660385E-2
8.930000E-8	2.660214E-2
8.935000E-8	2.663811E-2
8.940000E-8	2.670834E-2
8.945000E-8	2.677001E-2
8.950000E-8	2.684709E-2
8.955000E-8	2.694644E-2
8.960000E-8	2.701839E-2
8.965000E-8	2.705778E-2
8.970000E-8	2.708177E-2
8.975000E-8	2.708348E-2
8.980000E-8	2.704237E-2
8.985000E-8	2.699612E-2
8.990000E-8	2.696357E-2
8.995000E-8	2.693274E-2
9.000000E-8	2.689505E-2
9.005000E-8	2.684709E-2
9.010000E-8	2.679570E-2
9.015000E-8	2.672718E-2
9.020000E-8	2.664668E-2
9.025000E-8	2.660557E-2
9.030000E-8	2.660385E-2
9.035000E-8	2.659700E-2
9.040000E-8	2.654904E-2
9.045000E-8	2.646339E-2
9.050000E-8	2.638973E-2
9.055000E-8	2.633149E-2
9.060000E-8	2.628182E-2
9.065000E-8	2.623043E-2
9.070000E-8	2.616705E-2
9.075000E-8	2.610881E-2
9.080000E-8	2.611224E-2
9.085000E-8	2.616876E-2
9.090000E-8	2.622700E-2
9.095000E-8	2.626640E-2
9.100000E-8	2.632122E-2
9.105000E-8	2.638288E-2
9.110000E-8	2.643770E-2
9.115000E-8	2.648395E-2
9.120000E-8	2.652334E-2
9.125000E-8	2.653876E-2
9.130000E-8	2.655418E-2
9.135000E-8	2.656617E-2
9.140000E-8	2.654732E-2
9.145000E-8	2.648395E-2
9.150000E-8	2.639316E-2
9.155000E-8	2.629895E-2
9.160000E-8	2.620645E-2
9.165000E-8	2.615677E-2
9.170000E-8	2.612936E-2
9.175000E-8	2.611224E-2
9.180000E-8	2.610538E-2
9.185000E-8	2.610196E-2
9.190000E-8	2.607455E-2
9.195000E-8	2.604543E-2
9.200000E-8	2.602659E-2
9.205000E-8	2.603344E-2
9.210000E-8	2.604714E-2
9.215000E-8	2.604200E-2
9.220000E-8	2.601460E-2
9.225000E-8	2.598205E-2
9.230000E-8	2.597177E-2
9.235000E-8	2.597520E-2
9.240000E-8	2.594779E-2
9.245000E-8	2.588955E-2
9.250000E-8	2.580904E-2
9.255000E-8	2.571312E-2
9.260000E-8	2.560178E-2
9.265000E-8	2.550414E-2
9.270000E-8	2.544761E-2
9.275000E-8	2.542706E-2
9.280000E-8	2.543905E-2
9.285000E-8	2.546988E-2
9.290000E-8	2.549729E-2
9.295000E-8	2.552641E-2
9.300000E-8	2.556409E-2
9.305000E-8	2.559664E-2
9.310000E-8	2.562062E-2
9.315000E-8	2.564460E-2
9.320000E-8	2.566173E-2
9.325000E-8	2.564117E-2
9.330000E-8	2.561548E-2
9.335000E-8	2.560520E-2
9.340000E-8	2.558979E-2
9.345000E-8	2.556923E-2
9.350000E-8	2.556752E-2
9.355000E-8	2.559150E-2
9.360000E-8	2.559835E-2
9.365000E-8	2.559835E-2
9.370000E-8	2.562404E-2
9.375000E-8	2.563604E-2
9.380000E-8	2.559150E-2
9.385000E-8	2.552641E-2
9.390000E-8	2.548358E-2
9.395000E-8	2.544076E-2
9.400000E-8	2.537224E-2
9.405000E-8	2.531743E-2
9.410000E-8	2.529002E-2
9.415000E-8	2.525233E-2
9.420000E-8	2.519923E-2
9.425000E-8	2.514956E-2
9.430000E-8	2.512044E-2
9.435000E-8	2.508104E-2
9.440000E-8	2.505021E-2
9.445000E-8	2.504849E-2
9.450000E-8	2.505706E-2
9.455000E-8	2.506734E-2
9.460000E-8	2.508104E-2
9.465000E-8	2.512558E-2
9.470000E-8	2.519752E-2
9.475000E-8	2.527460E-2
9.480000E-8	2.536368E-2
9.485000E-8	2.544761E-2
9.490000E-8	2.551270E-2
9.495000E-8	2.553840E-2
9.500000E-8	2.554011E-2
9.505000E-8	2.552298E-2
9.510000E-8	2.549557E-2
9.515000E-8	2.547331E-2
9.520000E-8	2.545275E-2
9.525000E-8	2.543391E-2
9.530000E-8	2.543562E-2
9.535000E-8	2.545960E-2
9.540000E-8	2.547844E-2
9.545000E-8	2.546645E-2
9.550000E-8	2.541678E-2
9.555000E-8	2.533456E-2
9.560000E-8	2.523349E-2
9.565000E-8	2.511016E-2
9.570000E-8	2.496113E-2
9.575000E-8	2.481039E-2
9.580000E-8	2.470762E-2
9.585000E-8	2.464766E-2
9.590000E-8	2.460484E-2
9.595000E-8	2.460141E-2
9.600000E-8	2.467164E-2
9.605000E-8	2.477442E-2
9.610000E-8	2.488062E-2
9.615000E-8	2.501595E-2
9.620000E-8	2.519409E-2
9.625000E-8	2.534655E-2
9.630000E-8	2.542877E-2
9.635000E-8	2.548358E-2
9.640000E-8	2.554182E-2
9.645000E-8	2.555724E-2
9.650000E-8	2.552983E-2
9.655000E-8	2.549557E-2
9.660000E-8	2.545104E-2
9.665000E-8	2.537395E-2
9.670000E-8	2.528831E-2
9.675000E-8	2.522664E-2
9.680000E-8	2.518724E-2
9.685000E-8	2.515470E-2
9.690000E-8	2.512558E-2
9.695000E-8	2.509132E-2
9.700000E-8	2.505535E-2
9.705000E-8	2.500738E-2
9.710000E-8	2.495428E-2
9.715000E-8	2.489947E-2
9.720000E-8	2.485836E-2
9.725000E-8	2.483609E-2
9.730000E-8	2.483609E-2
9.735000E-8	2.482752E-2
9.740000E-8	2.479498E-2
9.745000E-8	2.475387E-2
9.750000E-8	2.471618E-2
9.755000E-8	2.463396E-2
9.760000E-8	2.453803E-2
9.765000E-8	2.447466E-2
9.770000E-8	2.443868E-2
9.775000E-8	2.440785E-2
9.780000E-8	2.439757E-2
9.785000E-8	2.441470E-2
9.790000E-8	2.446095E-2
9.795000E-8	2.453461E-2
9.800000E-8	2.464424E-2
9.805000E-8	2.475387E-2
9.810000E-8	2.486178E-2
9.815000E-8	2.496798E-2
9.820000E-8	2.504678E-2
9.825000E-8	2.507076E-2
9.830000E-8	2.506048E-2
9.835000E-8	2.503650E-2
9.840000E-8	2.500738E-2
9.845000E-8	2.495599E-2
9.850000E-8	2.489947E-2
9.855000E-8	2.483609E-2
9.860000E-8	2.478813E-2
9.865000E-8	2.475900E-2
9.870000E-8	2.471276E-2
9.875000E-8	2.464252E-2
9.880000E-8	2.455688E-2
9.885000E-8	2.447979E-2
9.890000E-8	2.440100E-2
9.895000E-8	2.431535E-2
9.900000E-8	2.424683E-2
9.905000E-8	2.420744E-2
9.910000E-8	2.417318E-2
9.915000E-8	2.414406E-2
9.920000E-8	2.416119E-2
9.925000E-8	2.421086E-2
9.930000E-8	2.424683E-2
9.935000E-8	2.428280E-2
9.940000E-8	2.434790E-2
9.945000E-8	2.439415E-2
9.950000E-8	2.434961E-2
9.955000E-8	2.423484E-2
9.960000E-8	2.412350E-2
9.965000E-8	2.398818E-2
9.970000E-8	2.380489E-2
9.975000E-8	2.362674E-2
9.980000E-8	2.350513E-2
9.985000E-8	2.342462E-2
9.990000E-8	2.339892E-2
9.995000E-8	2.345545E-2
1.000000E-7	2.361304E-2
1.000500E-7	2.383230E-2
1.001000E-7	2.408068E-2
1.001500E-7	2.431706E-2
1.002000E-7	2.452947E-2
1.002500E-7	2.471961E-2
1.003000E-7	2.487891E-2
1.003500E-7	2.497826E-2
1.004000E-7	2.500396E-2
1.004500E-7	2.498169E-2
1.005000E-7	2.494058E-2
1.005500E-7	2.487720E-2
1.006000E-7	2.481039E-2
1.006500E-7	2.475729E-2
1.007000E-7	2.472132E-2
1.007500E-7	2.469734E-2
1.008000E-7	2.468192E-2
1.008500E-7	2.467164E-2
1.009000E-7	2.468021E-2
1.009500E-7	2.467336E-2
1.010000E-7	2.462368E-2
1.010500E-7	2.454831E-2
1.011000E-7	2.445581E-2
1.011500E-7	2.433762E-2
1.012000E-7	2.420058E-2
1.012500E-7	2.409095E-2
1.013000E-7	2.400873E-2
1.013500E-7	2.396591E-2
1.014000E-7	2.396248E-2
1.014500E-7	2.397961E-2
1.015000E-7	2.398989E-2
1.015500E-7	2.401045E-2
1.016000E-7	2.406183E-2
1.016500E-7	2.409952E-2
1.017000E-7	2.411322E-2
1.017500E-7	2.413892E-2
1.018000E-7	2.419544E-2
1.018500E-7	2.426225E-2
1.019000E-7	2.433933E-2
1.019500E-7	2.441128E-2
1.020000E-7	2.445239E-2
1.020500E-7	2.446266E-2
1.021000E-7	2.446266E-2
1.021500E-7	2.443697E-2
1.022000E-7	2.438901E-2
1.022500E-7	2.433591E-2
1.023000E-7	2.426225E-2
1.023500E-7	2.415947E-2
1.024000E-7	2.405841E-2
1.024500E-7	2.398646E-2
1.025000E-7	2.392480E-2
1.025500E-7	2.388026E-2
1.026000E-7	2.385285E-2
1.026500E-7	2.384600E-2
1.027000E-7	2.388026E-2
1.027500E-7	2.392994E-2
1.028000E-7	2.396248E-2
1.028500E-7	2.395221E-2
1.029000E-7	2.392137E-2
1.029500E-7	2.388369E-2
1.030000E-7	2.382202E-2
1.030500E-7	2.373980E-2
1.031000E-7	2.366614E-2
1.031500E-7	2.359934E-2
1.032000E-7	2.353767E-2
1.032500E-7	2.347601E-2
1.033000E-7	2.343489E-2
1.033500E-7	2.339892E-2
1.034000E-7	2.335952E-2
1.034500E-7	2.334753E-2
1.035000E-7	2.338008E-2
1.035500E-7	2.344003E-2
1.036000E-7	2.350684E-2
1.036500E-7	2.357878E-2
1.037000E-7	2.364730E-2
1.037500E-7	2.371411E-2
1.038000E-7	2.378776E-2
1.038500E-7	2.385457E-2
1.039000E-7	2.389568E-2
1.039500E-7	2.390424E-2
1.040000E-7	2.386998E-2
1.040500E-7	2.379804E-2
1.041000E-7	2.366614E-2
1.041500E-7	2.349142E-2
1.042000E-7	2.331156E-2
1.042500E-7	2.316596E-2
1.043000E-7	2.304777E-2
1.043500E-7	2.296897E-2
1.044000E-7	2.293643E-2
1.044500E-7	2.295013E-2
1.045000E-7	2.301180E-2
1.045500E-7	2.309916E-2
1.046000E-7	2.318823E-2
1.046500E-7	2.326360E-2
1.047000E-7	2.335096E-2
1.047500E-7	2.343661E-2
1.048000E-7	2.350170E-2
1.048500E-7	2.354110E-2
1.049000E-7	2.353767E-2
1.049500E-7	2.348628E-2
1.050000E-7	2.340577E-2
1.050500E-7	2.333383E-2
1.051000E-7	2.328415E-2
1.051500E-7	2.326017E-2
1.052000E-7	2.326531E-2
1.052500E-7	2.327388E-2
1.053000E-7	2.330985E-2
1.053500E-7	2.337837E-2
1.054000E-7	2.341777E-2
1.054500E-7	2.339550E-2
1.055000E-7	2.334582E-2
1.055500E-7	2.328073E-2
1.056000E-7	2.316596E-2
1.056500E-7	2.303406E-2
1.057000E-7	2.291758E-2
1.057500E-7	2.281309E-2
1.058000E-7	2.273772E-2
1.058500E-7	2.274458E-2
1.059000E-7	2.281138E-2
1.059500E-7	2.290217E-2
1.060000E-7	2.303064E-2
1.060500E-7	2.320536E-2
1.061000E-7	2.337494E-2
1.061500E-7	2.352397E-2
1.062000E-7	2.364387E-2
1.062500E-7	2.371239E-2
1.063000E-7	2.373123E-2
1.063500E-7	2.374151E-2
1.064000E-7	2.375008E-2
1.064500E-7	2.370383E-2
1.065000E-7	2.361475E-2
1.065500E-7	2.354110E-2
1.066000E-7	2.349485E-2
1.066500E-7	2.344689E-2
1.067000E-7	2.340920E-2
1.067500E-7	2.340235E-2
1.068000E-7	2.341434E-2
1.068500E-7	2.341091E-2
1.069000E-7	2.338008E-2
1.069500E-7	2.331499E-2
1.070000E-7	2.322249E-2
1.070500E-7	2.312314E-2
1.071000E-7	2.300494E-2
1.071500E-7	2.288161E-2
1.072000E-7	2.277883E-2
1.072500E-7	2.268120E-2
1.073000E-7	2.257328E-2
1.073500E-7	2.246708E-2
1.074000E-7	2.239856E-2
1.074500E-7	2.235060E-2
1.075000E-7	2.229578E-2
1.075500E-7	2.222726E-2
1.076000E-7	2.216902E-2
1.076500E-7	2.214333E-2
1.077000E-7	2.215189E-2
1.077500E-7	2.220328E-2
1.078000E-7	2.229064E-2
1.078500E-7	2.241055E-2
1.079000E-7	2.254245E-2
1.079500E-7	2.269319E-2
1.080000E-7	2.284221E-2
1.080500E-7	2.293643E-2
1.081000E-7	2.298096E-2
1.081500E-7	2.300494E-2
1.082000E-7	2.301180E-2
1.082500E-7	2.298953E-2
1.083000E-7	2.296897E-2
1.083500E-7	2.295527E-2
1.084000E-7	2.292957E-2
1.084500E-7	2.290217E-2
1.085000E-7	2.289532E-2
1.085500E-7	2.288161E-2
1.086000E-7	2.286106E-2
1.086500E-7	2.286791E-2
1.087000E-7	2.288675E-2
1.087500E-7	2.289018E-2
1.088000E-7	2.287647E-2
1.088500E-7	2.284050E-2
1.089000E-7	2.278226E-2
1.089500E-7	2.273087E-2
1.090000E-7	2.270175E-2
1.090500E-7	2.267263E-2
1.091000E-7	2.263837E-2
1.091500E-7	2.262467E-2
1.092000E-7	2.262467E-2
1.092500E-7	2.261268E-2
1.093000E-7	2.259726E-2
1.093500E-7	2.258356E-2
1.094000E-7	2.257671E-2
1.094500E-7	2.257157E-2
1.095000E-7	2.255615E-2
1.095500E-7	2.253217E-2
1.096000E-7	2.248935E-2
1.096500E-7	2.242425E-2
1.097000E-7	2.236944E-2
1.097500E-7	2.234032E-2
1.098000E-7	2.230263E-2
1.098500E-7	2.225296E-2
1.099000E-7	2.224097E-2
1.099500E-7	2.225296E-2
1.100000E-7	2.225810E-2
1.100500E-7	2.226324E-2
1.101000E-7	2.229407E-2
1.101500E-7	2.233004E-2
1.102000E-7	2.236259E-2
1.102500E-7	2.240712E-2
1.103000E-7	2.244995E-2
1.103500E-7	2.247907E-2
1.104000E-7	2.250476E-2
1.104500E-7	2.251504E-2
1.105000E-7	2.250305E-2
1.105500E-7	2.248421E-2
1.106000E-7	2.246023E-2
1.106500E-7	2.241055E-2
1.107000E-7	2.233347E-2
1.107500E-7	2.224782E-2
1.108000E-7	2.216389E-2
1.108500E-7	2.207310E-2
1.109000E-7	2.199944E-2
1.109500E-7	2.196176E-2
1.110000E-7	2.194805E-2
1.110500E-7	2.194120E-2
1.111000E-7	2.194805E-2
1.111500E-7	2.197375E-2
1.112000E-7	2.201657E-2
1.112500E-7	2.204569E-2
1.113000E-7	2.205083E-2
1.113500E-7	2.205597E-2
1.114000E-7	2.207653E-2
1.114500E-7	2.210565E-2
1.115000E-7	2.210565E-2
1.115500E-7	2.204227E-2
1.116000E-7	2.192921E-2
1.116500E-7	2.180759E-2
1.117000E-7	2.171509E-2
1.117500E-7	2.162602E-2
1.118000E-7	2.154551E-2
1.118500E-7	2.150611E-2
1.119000E-7	2.150611E-2
1.119500E-7	2.151468E-2
1.120000E-7	2.152324E-2
1.120500E-7	2.157806E-2
1.121000E-7	2.167398E-2
1.121500E-7	2.178532E-2
1.122000E-7	2.189838E-2
1.122500E-7	2.199602E-2
1.123000E-7	2.205254E-2
1.123500E-7	2.206453E-2
1.124000E-7	2.203713E-2
1.124500E-7	2.196347E-2
1.125000E-7	2.187782E-2
1.125500E-7	2.180417E-2
1.126000E-7	2.172537E-2
1.126500E-7	2.161060E-2
1.127000E-7	2.150269E-2
1.127500E-7	2.142389E-2
1.128000E-7	2.135537E-2
1.128500E-7	2.129199E-2
1.129000E-7	2.122690E-2
1.129500E-7	2.115153E-2
1.130000E-7	2.109158E-2
1.130500E-7	2.106931E-2
1.131000E-7	2.109500E-2
1.131500E-7	2.115667E-2
1.132000E-7	2.122690E-2
1.132500E-7	2.125945E-2
1.133000E-7	2.125774E-2
1.133500E-7	2.126630E-2
1.134000E-7	2.128857E-2
1.134500E-7	2.128172E-2
1.135000E-7	2.126459E-2
1.135500E-7	2.128172E-2
1.136000E-7	2.132454E-2
1.136500E-7	2.135880E-2
1.137000E-7	2.139135E-2
1.137500E-7	2.145644E-2
1.138000E-7	2.152496E-2
1.138500E-7	2.157120E-2
1.139000E-7	2.159519E-2
1.139500E-7	2.158833E-2
1.140000E-7	2.154722E-2
1.140500E-7	2.146329E-2
1.141000E-7	2.134167E-2
1.141500E-7	2.119264E-2
1.142000E-7	2.105903E-2
1.142500E-7	2.096653E-2
1.143000E-7	2.090315E-2
1.143500E-7	2.088260E-2
1.144000E-7	2.091857E-2
1.144500E-7	2.096482E-2
1.145000E-7	2.103163E-2
1.145500E-7	2.113440E-2
1.146000E-7	2.123033E-2
1.146500E-7	2.126630E-2
1.147000E-7	2.124746E-2
1.147500E-7	2.120121E-2
1.148000E-7	2.115153E-2
1.148500E-7	2.108987E-2
1.149000E-7	2.101621E-2
1.149500E-7	2.093913E-2
1.150000E-7	2.089630E-2
1.150500E-7	2.090658E-2
1.151000E-7	2.093227E-2
1.151500E-7	2.095454E-2
1.152000E-7	2.098880E-2
1.152500E-7	2.102135E-2
1.153000E-7	2.104533E-2
1.153500E-7	2.110014E-2
1.154000E-7	2.116352E-2
1.154500E-7	2.117551E-2
1.155000E-7	2.116010E-2
1.155500E-7	2.114982E-2
1.156000E-7	2.113612E-2
1.156500E-7	2.111213E-2
1.157000E-7	2.113098E-2
1.157500E-7	2.119436E-2
1.158000E-7	2.123204E-2
1.158500E-7	2.125602E-2
1.159000E-7	2.130056E-2
1.159500E-7	2.135709E-2
1.160000E-7	2.138792E-2
1.160500E-7	2.139820E-2
1.161000E-7	2.136908E-2
1.161500E-7	2.126459E-2
1.162000E-7	2.110357E-2
1.162500E-7	2.094255E-2
1.163000E-7	2.079010E-2
1.163500E-7	2.064792E-2
1.164000E-7	2.054172E-2
1.164500E-7	2.048348E-2
1.165000E-7	2.046807E-2
1.165500E-7	2.049205E-2
1.166000E-7	2.056399E-2
1.166500E-7	2.065820E-2
1.167000E-7	2.075241E-2
1.167500E-7	2.082093E-2
1.168000E-7	2.083978E-2
1.168500E-7	2.080552E-2
1.169000E-7	2.074899E-2
1.169500E-7	2.067704E-2
1.170000E-7	2.058455E-2
1.170500E-7	2.049547E-2
1.171000E-7	2.044066E-2
1.171500E-7	2.040982E-2
1.172000E-7	2.039270E-2
1.172500E-7	2.037214E-2
1.173000E-7	2.034302E-2
1.173500E-7	2.032932E-2
1.174000E-7	2.036015E-2
1.174500E-7	2.038927E-2
1.175000E-7	2.042182E-2
1.175500E-7	2.050061E-2
1.176000E-7	2.063593E-2
1.176500E-7	2.078839E-2
1.177000E-7	2.096653E-2
1.177500E-7	2.118237E-2
1.178000E-7	2.138621E-2
1.178500E-7	2.152667E-2
1.179000E-7	2.162088E-2
1.179500E-7	2.167741E-2
1.180000E-7	2.168597E-2
1.180500E-7	2.163287E-2
1.181000E-7	2.149755E-2
1.181500E-7	2.131769E-2
1.182000E-7	2.115838E-2
1.182500E-7	2.099737E-2
1.183000E-7	2.077982E-2
1.183500E-7	2.055200E-2
1.184000E-7	2.039783E-2
1.184500E-7	2.031390E-2
1.185000E-7	2.025909E-2
1.185500E-7	2.023168E-2
1.186000E-7	2.024024E-2
1.186500E-7	2.027621E-2
1.187000E-7	2.033274E-2
1.187500E-7	2.040640E-2
1.188000E-7	2.047834E-2
1.188500E-7	2.052459E-2
1.189000E-7	2.054515E-2
1.189500E-7	2.054515E-2
1.190000E-7	2.052802E-2
1.190500E-7	2.050232E-2
1.191000E-7	2.046293E-2
1.191500E-7	2.042182E-2
1.192000E-7	2.037899E-2
1.192500E-7	2.032932E-2
1.193000E-7	2.028307E-2
1.193500E-7	2.025909E-2
1.194000E-7	2.028135E-2
1.194500E-7	2.033103E-2
1.195000E-7	2.036358E-2
1.195500E-7	2.038756E-2
1.196000E-7	2.043894E-2
1.196500E-7	2.050404E-2
1.197000E-7	2.054172E-2
1.197500E-7	2.055714E-2
1.198000E-7	2.058626E-2
1.198500E-7	2.061367E-2
1.199000E-7	2.061880E-2
1.199500E-7	2.063251E-2
1.200000E-7	2.066677E-2
1.200500E-7	2.068561E-2
1.201000E-7	2.066163E-2
1.201500E-7	2.060853E-2
1.202000E-7	2.056056E-2
1.202500E-7	2.050746E-2
1.203000E-7	2.044922E-2
1.203500E-7	2.036871E-2
1.204000E-7	2.027450E-2
1.204500E-7	2.019399E-2
1.205000E-7	2.013061E-2
1.205500E-7	2.005696E-2
1.206000E-7	1.996960E-2
1.206500E-7	1.992163E-2
1.207000E-7	1.991992E-2
1.207500E-7	1.994733E-2
1.208000E-7	1.997131E-2
1.208500E-7	1.997474E-2
1.209000E-7	1.997474E-2
1.209500E-7	2.000728E-2
1.210000E-7	2.006210E-2
1.210500E-7	2.010149E-2
1.211000E-7	2.014089E-2
1.211500E-7	2.021969E-2
1.212000E-7	2.028992E-2
1.212500E-7	2.031733E-2
1.213000E-7	2.031904E-2
1.213500E-7	2.030362E-2
1.214000E-7	2.027793E-2
1.214500E-7	2.026080E-2
1.215000E-7	2.027621E-2
1.215500E-7	2.031390E-2
1.216000E-7	2.035844E-2
1.216500E-7	2.041496E-2
1.217000E-7	2.048691E-2
1.217500E-7	2.055543E-2
1.218000E-7	2.059140E-2
1.218500E-7	2.059311E-2
1.219000E-7	2.056228E-2
1.219500E-7	2.049033E-2
1.220000E-7	2.039441E-2
1.220500E-7	2.031219E-2
1.221000E-7	2.021969E-2
1.221500E-7	2.009293E-2
1.222000E-7	1.996617E-2
1.222500E-7	1.988737E-2
1.223000E-7	1.983941E-2
1.223500E-7	1.980344E-2
1.224000E-7	1.978289E-2
1.224500E-7	1.976747E-2
1.225000E-7	1.973321E-2
1.225500E-7	1.969039E-2
1.226000E-7	1.966983E-2
1.226500E-7	1.966127E-2
1.227000E-7	1.967154E-2
1.227500E-7	1.971608E-2
1.228000E-7	1.978631E-2
1.228500E-7	1.985312E-2
1.229000E-7	1.991650E-2
1.229500E-7	2.000043E-2
1.230000E-7	2.009464E-2
1.230500E-7	2.019742E-2
1.231000E-7	2.030191E-2
1.231500E-7	2.039270E-2
1.232000E-7	2.045436E-2
1.232500E-7	2.048691E-2
1.233000E-7	2.051431E-2
1.233500E-7	2.054343E-2
1.234000E-7	2.055200E-2
1.234500E-7	2.052459E-2
1.235000E-7	2.046293E-2
1.235500E-7	2.038070E-2
1.236000E-7	2.028307E-2
1.236500E-7	2.018200E-2
1.237000E-7	2.011348E-2
1.237500E-7	2.008094E-2
1.238000E-7	2.004325E-2
1.238500E-7	2.001071E-2
1.239000E-7	1.998844E-2
1.239500E-7	1.996446E-2
1.240000E-7	1.991478E-2
1.240500E-7	1.987025E-2
1.241000E-7	1.984969E-2
1.241500E-7	1.983085E-2
1.242000E-7	1.982400E-2
1.242500E-7	1.984455E-2
1.243000E-7	1.987196E-2
1.243500E-7	1.987710E-2
1.244000E-7	1.985483E-2
1.244500E-7	1.980173E-2
1.245000E-7	1.971779E-2
1.245500E-7	1.961330E-2
1.246000E-7	1.948483E-2
1.246500E-7	1.934266E-2
1.247000E-7	1.922275E-2
1.247500E-7	1.912854E-2
1.248000E-7	1.903775E-2
1.248500E-7	1.898294E-2
1.249000E-7	1.897266E-2
1.249500E-7	1.898122E-2
1.250000E-7	1.898979E-2
1.250500E-7	1.902747E-2
1.251000E-7	1.910113E-2
1.251500E-7	1.920905E-2
1.252000E-7	1.933752E-2
1.252500E-7	1.945571E-2
1.253000E-7	1.956363E-2
1.253500E-7	1.967840E-2
1.254000E-7	1.977432E-2
1.254500E-7	1.979488E-2
1.255000E-7	1.975034E-2
1.255500E-7	1.969210E-2
1.256000E-7	1.964756E-2
1.256500E-7	1.958076E-2
1.257000E-7	1.947798E-2
1.257500E-7	1.937520E-2
1.258000E-7	1.933581E-2
1.258500E-7	1.935636E-2
1.259000E-7	1.942145E-2
1.259500E-7	1.953622E-2
1.260000E-7	1.968696E-2
1.260500E-7	1.983256E-2
1.261000E-7	1.995761E-2
1.261500E-7	2.006210E-2
1.262000E-7	2.009978E-2
1.262500E-7	2.006723E-2
1.263000E-7	1.999186E-2
1.263500E-7	1.987367E-2
1.264000E-7	1.970580E-2
1.264500E-7	1.952252E-2
1.265000E-7	1.937178E-2
1.265500E-7	1.925530E-2
1.266000E-7	1.915423E-2
1.266500E-7	1.909771E-2
1.267000E-7	1.909085E-2
1.267500E-7	1.910456E-2
1.268000E-7	1.912340E-2
1.268500E-7	1.918507E-2
1.269000E-7	1.925358E-2
1.269500E-7	1.930155E-2
1.270000E-7	1.935122E-2
1.270500E-7	1.943002E-2
1.271000E-7	1.950539E-2
1.271500E-7	1.956363E-2
1.272000E-7	1.961673E-2
1.272500E-7	1.967497E-2
1.273000E-7	1.971094E-2
1.273500E-7	1.972293E-2
1.274000E-7	1.971779E-2
1.274500E-7	1.970238E-2
1.275000E-7	1.968011E-2
1.275500E-7	1.965784E-2
1.276000E-7	1.960474E-2
1.276500E-7	1.953451E-2
1.277000E-7	1.945914E-2
1.277500E-7	1.941117E-2
1.278000E-7	1.939747E-2
1.278500E-7	1.940090E-2
1.279000E-7	1.941803E-2
1.279500E-7	1.944201E-2
1.280000E-7	1.944715E-2
1.280500E-7	1.941289E-2
1.281000E-7	1.938034E-2
1.281500E-7	1.938719E-2
1.282000E-7	1.941117E-2
1.282500E-7	1.944543E-2
1.283000E-7	1.950367E-2
1.283500E-7	1.957219E-2
1.284000E-7	1.963215E-2
1.284500E-7	1.968867E-2
1.285000E-7	1.973492E-2
1.285500E-7	1.975376E-2
1.286000E-7	1.976576E-2
1.286500E-7	1.977603E-2
1.287000E-7	1.976918E-2
1.287500E-7	1.973492E-2
1.288000E-7	1.968867E-2
1.288500E-7	1.963043E-2
1.289000E-7	1.955335E-2
1.289500E-7	1.946599E-2
1.290000E-7	1.939918E-2
1.290500E-7	1.934437E-2
1.291000E-7	1.931182E-2
1.291500E-7	1.929983E-2
1.292000E-7	1.929812E-2
1.292500E-7	1.932039E-2
1.293000E-7	1.934266E-2
1.293500E-7	1.933752E-2
1.294000E-7	1.930155E-2
1.294500E-7	1.926215E-2
1.295000E-7	1.921076E-2
1.295500E-7	1.912169E-2
1.296000E-7	1.903261E-2
1.296500E-7	1.897437E-2
1.297000E-7	1.892298E-2
1.297500E-7	1.885447E-2
1.298000E-7	1.878937E-2
1.298500E-7	1.874998E-2
1.299000E-7	1.870887E-2
1.299500E-7	1.867461E-2
1.300000E-7	1.867461E-2
1.300500E-7	1.872942E-2
1.301000E-7	1.879965E-2
1.301500E-7	1.884590E-2
1.302000E-7	1.885960E-2
1.302500E-7	1.886303E-2
1.303000E-7	1.886817E-2
1.303500E-7	1.887673E-2
1.304000E-7	1.888701E-2
1.304500E-7	1.889386E-2
1.305000E-7	1.891442E-2
1.305500E-7	1.894011E-2
1.306000E-7	1.896923E-2
1.306500E-7	1.900521E-2
1.307000E-7	1.906002E-2
1.307500E-7	1.909942E-2
1.308000E-7	1.910113E-2
1.308500E-7	1.906173E-2
1.309000E-7	1.897609E-2
1.309500E-7	1.886646E-2
1.310000E-7	1.876197E-2
1.310500E-7	1.868660E-2
1.311000E-7	1.861979E-2
1.311500E-7	1.856326E-2
1.312000E-7	1.855127E-2
1.312500E-7	1.858211E-2
1.313000E-7	1.862322E-2
1.313500E-7	1.866947E-2
1.314000E-7	1.875340E-2
1.314500E-7	1.885789E-2
1.315000E-7	1.894697E-2
1.315500E-7	1.900349E-2
1.316000E-7	1.904118E-2
1.316500E-7	1.907372E-2
1.317000E-7	1.912340E-2
1.317500E-7	1.917479E-2
1.318000E-7	1.919363E-2
1.318500E-7	1.918678E-2
1.319000E-7	1.917993E-2
1.319500E-7	1.917650E-2
1.320000E-7	1.913882E-2
1.320500E-7	1.907372E-2
1.321000E-7	1.901206E-2
1.321500E-7	1.895210E-2
1.322000E-7	1.887331E-2
1.322500E-7	1.880650E-2
1.323000E-7	1.876025E-2
1.323500E-7	1.872086E-2
1.324000E-7	1.868317E-2
1.324500E-7	1.865063E-2
1.325000E-7	1.860095E-2
1.325500E-7	1.852729E-2
1.326000E-7	1.845192E-2
1.326500E-7	1.837655E-2
1.327000E-7	1.829604E-2
1.327500E-7	1.822581E-2
1.328000E-7	1.816415E-2
1.328500E-7	1.809220E-2
1.329000E-7	1.802197E-2
1.329500E-7	1.796545E-2
1.330000E-7	1.791920E-2
1.330500E-7	1.788494E-2
1.331000E-7	1.789693E-2
1.331500E-7	1.794489E-2
1.332000E-7	1.797572E-2
1.332500E-7	1.800313E-2
1.333000E-7	1.807165E-2
1.333500E-7	1.814530E-2
1.334000E-7	1.816757E-2
1.334500E-7	1.817956E-2
1.335000E-7	1.821725E-2
1.335500E-7	1.825493E-2
1.336000E-7	1.824979E-2
1.336500E-7	1.823609E-2
1.337000E-7	1.822410E-2
1.337500E-7	1.820355E-2
1.338000E-7	1.818299E-2
1.338500E-7	1.815730E-2
1.339000E-7	1.811618E-2
1.339500E-7	1.805966E-2
1.340000E-7	1.801341E-2
1.340500E-7	1.798257E-2
1.341000E-7	1.796887E-2
1.341500E-7	1.798943E-2
1.342000E-7	1.803568E-2
1.342500E-7	1.807850E-2
1.343000E-7	1.812475E-2
1.343500E-7	1.818642E-2
1.344000E-7	1.826350E-2
1.344500E-7	1.833030E-2
1.345000E-7	1.840396E-2
1.345500E-7	1.848618E-2
1.346000E-7	1.854956E-2
1.346500E-7	1.858896E-2
1.347000E-7	1.860438E-2
1.347500E-7	1.859581E-2
1.348000E-7	1.855641E-2
1.348500E-7	1.849303E-2
1.349000E-7	1.844165E-2
1.349500E-7	1.838854E-2
1.350000E-7	1.830975E-2
1.350500E-7	1.820355E-2
1.351000E-7	1.810762E-2
1.351500E-7	1.803568E-2
1.352000E-7	1.799457E-2
1.352500E-7	1.799285E-2
1.353000E-7	1.801512E-2
1.353500E-7	1.803739E-2
1.354000E-7	1.806480E-2
1.354500E-7	1.809906E-2
1.355000E-7	1.811790E-2
1.355500E-7	1.812132E-2
1.356000E-7	1.814017E-2
1.356500E-7	1.814702E-2
1.357000E-7	1.811790E-2
1.357500E-7	1.805966E-2
1.358000E-7	1.800313E-2
1.358500E-7	1.795517E-2
1.359000E-7	1.790720E-2
1.359500E-7	1.783355E-2
1.360000E-7	1.775818E-2
1.360500E-7	1.769137E-2
1.361000E-7	1.765026E-2
1.361500E-7	1.764341E-2
1.362000E-7	1.764170E-2
1.362500E-7	1.763656E-2
1.363000E-7	1.761429E-2
1.363500E-7	1.756290E-2
1.364000E-7	1.750295E-2
1.364500E-7	1.744642E-2
1.365000E-7	1.739675E-2
1.365500E-7	1.733508E-2
1.366000E-7	1.725286E-2
1.366500E-7	1.718777E-2
1.367000E-7	1.718434E-2
1.367500E-7	1.724601E-2
1.368000E-7	1.733165E-2
1.368500E-7	1.744985E-2
1.369000E-7	1.759716E-2
1.369500E-7	1.773077E-2
1.370000E-7	1.782327E-2
1.370500E-7	1.788151E-2
1.371000E-7	1.791063E-2
1.371500E-7	1.786952E-2
1.372000E-7	1.776332E-2
1.372500E-7	1.762457E-2
1.373000E-7	1.745841E-2
1.373500E-7	1.730425E-2
1.374000E-7	1.718777E-2
1.374500E-7	1.709355E-2
1.375000E-7	1.702332E-2
1.375500E-7	1.701304E-2
1.376000E-7	1.706101E-2
1.376500E-7	1.712610E-2
1.377000E-7	1.724601E-2
1.377500E-7	1.743443E-2
1.378000E-7	1.760744E-2
1.378500E-7	1.771707E-2
1.379000E-7	1.782670E-2
1.379500E-7	1.795517E-2
1.380000E-7	1.801855E-2
1.380500E-7	1.799285E-2
1.381000E-7	1.793461E-2
1.381500E-7	1.786952E-2
1.382000E-7	1.777188E-2
1.382500E-7	1.764341E-2
1.383000E-7	1.751665E-2
1.383500E-7	1.741216E-2
1.384000E-7	1.733679E-2
1.384500E-7	1.730082E-2
1.385000E-7	1.726999E-2
1.385500E-7	1.724087E-2
1.386000E-7	1.725114E-2
1.386500E-7	1.732823E-2
1.387000E-7	1.742929E-2
1.387500E-7	1.750809E-2
1.388000E-7	1.758174E-2
1.388500E-7	1.763998E-2
1.389000E-7	1.765711E-2
1.389500E-7	1.763827E-2
1.390000E-7	1.757318E-2
1.390500E-7	1.744300E-2
1.391000E-7	1.728883E-2
1.391500E-7	1.717920E-2
1.392000E-7	1.711753E-2
1.392500E-7	1.706615E-2
1.393000E-7	1.704388E-2
1.393500E-7	1.707129E-2
1.394000E-7	1.712610E-2
1.394500E-7	1.718777E-2
1.395000E-7	1.728540E-2
1.395500E-7	1.738647E-2
1.396000E-7	1.746012E-2
1.396500E-7	1.751494E-2
1.397000E-7	1.756290E-2
1.397500E-7	1.755262E-2
1.398000E-7	1.749267E-2
1.398500E-7	1.744300E-2
1.399000E-7	1.740531E-2
1.399500E-7	1.735221E-2
1.400000E-7	1.727341E-2
1.400500E-7	1.720490E-2
1.401000E-7	1.716378E-2
1.401500E-7	1.715351E-2
1.402000E-7	1.716721E-2
1.402500E-7	1.718948E-2
1.403000E-7	1.723744E-2
1.403500E-7	1.730253E-2
1.404000E-7	1.735050E-2
1.404500E-7	1.737962E-2
1.405000E-7	1.742244E-2
1.405500E-7	1.745327E-2
1.406000E-7	1.743100E-2
1.406500E-7	1.739846E-2
1.407000E-7	1.738133E-2
1.407500E-7	1.736249E-2
1.408000E-7	1.733851E-2
1.408500E-7	1.734022E-2
1.409000E-7	1.732823E-2
1.409500E-7	1.726999E-2
1.410000E-7	1.721175E-2
1.410500E-7	1.718263E-2
1.411000E-7	1.715179E-2
1.411500E-7	1.710897E-2
1.412000E-7	1.705587E-2
1.412500E-7	1.699934E-2
1.413000E-7	1.694624E-2
1.413500E-7	1.689314E-2
1.414000E-7	1.682976E-2
1.414500E-7	1.676638E-2
1.415000E-7	1.673383E-2
1.415500E-7	1.672184E-2
1.416000E-7	1.673383E-2
1.416500E-7	1.678008E-2
1.417000E-7	1.683661E-2
1.417500E-7	1.688629E-2
1.418000E-7	1.693939E-2
1.418500E-7	1.699249E-2
1.419000E-7	1.702846E-2
1.419500E-7	1.705416E-2
1.420000E-7	1.708156E-2
1.420500E-7	1.710041E-2
1.421000E-7	1.710041E-2
1.421500E-7	1.708670E-2
1.422000E-7	1.707814E-2
1.422500E-7	1.706786E-2
1.423000E-7	1.705758E-2
1.423500E-7	1.703703E-2
1.424000E-7	1.698392E-2
1.424500E-7	1.691369E-2
1.425000E-7	1.686231E-2
1.425500E-7	1.684175E-2
1.426000E-7	1.683490E-2
1.426500E-7	1.682633E-2
1.427000E-7	1.682291E-2
1.427500E-7	1.683147E-2
1.428000E-7	1.685717E-2
1.428500E-7	1.686916E-2
1.429000E-7	1.685888E-2
1.429500E-7	1.684860E-2
1.430000E-7	1.682633E-2
1.430500E-7	1.678351E-2
1.431000E-7	1.674069E-2
1.431500E-7	1.672527E-2
1.432000E-7	1.672870E-2
1.432500E-7	1.674411E-2
1.433000E-7	1.676638E-2
1.433500E-7	1.678351E-2
1.434000E-7	1.679721E-2
1.434500E-7	1.681263E-2
1.435000E-7	1.683319E-2
1.435500E-7	1.685545E-2
1.436000E-7	1.688457E-2
1.436500E-7	1.689485E-2
1.437000E-7	1.687430E-2
1.437500E-7	1.684518E-2
1.438000E-7	1.681777E-2
1.438500E-7	1.678351E-2
1.439000E-7	1.674925E-2
1.439500E-7	1.673041E-2
1.440000E-7	1.670985E-2
1.440500E-7	1.668245E-2
1.441000E-7	1.669101E-2
1.441500E-7	1.674240E-2
1.442000E-7	1.680920E-2
1.442500E-7	1.687430E-2
1.443000E-7	1.692397E-2
1.443500E-7	1.693939E-2
1.444000E-7	1.694281E-2
1.444500E-7	1.694453E-2
1.445000E-7	1.693767E-2
1.445500E-7	1.691198E-2
1.446000E-7	1.689143E-2
1.446500E-7	1.686744E-2
1.447000E-7	1.684175E-2
1.447500E-7	1.685888E-2
1.448000E-7	1.692226E-2
1.448500E-7	1.700277E-2
1.449000E-7	1.707300E-2
1.449500E-7	1.712610E-2
1.450000E-7	1.715693E-2
1.450500E-7	1.715522E-2
1.451000E-7	1.712439E-2
1.451500E-7	1.704902E-2
1.452000E-7	1.693425E-2
1.452500E-7	1.681948E-2
1.453000E-7	1.669444E-2
1.453500E-7	1.655740E-2
1.454000E-7	1.643749E-2
1.454500E-7	1.634328E-2
1.455000E-7	1.625935E-2
1.455500E-7	1.621481E-2
1.456000E-7	1.621310E-2
1.456500E-7	1.624393E-2
1.457000E-7	1.628333E-2
1.457500E-7	1.633472E-2
1.458000E-7	1.639810E-2
1.458500E-7	1.643235E-2
1.459000E-7	1.642208E-2
1.459500E-7	1.639124E-2
1.460000E-7	1.634842E-2
1.460500E-7	1.627476E-2
1.461000E-7	1.618569E-2
1.461500E-7	1.610689E-2
1.462000E-7	1.605037E-2
1.462500E-7	1.600583E-2
1.463000E-7	1.599384E-2
1.463500E-7	1.601611E-2
1.464000E-7	1.606578E-2
1.464500E-7	1.615314E-2
1.465000E-7	1.627305E-2
1.465500E-7	1.640837E-2
1.466000E-7	1.653342E-2
1.466500E-7	1.663448E-2
1.467000E-7	1.669101E-2
1.467500E-7	1.668930E-2
1.468000E-7	1.666189E-2
1.468500E-7	1.660879E-2
1.469000E-7	1.649402E-2
1.469500E-7	1.632273E-2
1.470000E-7	1.613259E-2
1.470500E-7	1.594930E-2
1.471000E-7	1.580370E-2
1.471500E-7	1.571977E-2
1.472000E-7	1.567180E-2
1.472500E-7	1.564440E-2
1.473000E-7	1.567694E-2
1.473500E-7	1.577458E-2
1.474000E-7	1.588078E-2
1.474500E-7	1.599041E-2
1.475000E-7	1.614972E-2
1.475500E-7	1.631759E-2
1.476000E-7	1.643578E-2
1.476500E-7	1.651800E-2
1.477000E-7	1.657110E-2
1.477500E-7	1.657796E-2
1.478000E-7	1.654027E-2
1.478500E-7	1.649916E-2
1.479000E-7	1.643749E-2
1.479500E-7	1.634328E-2
1.480000E-7	1.622680E-2
1.480500E-7	1.612402E-2
1.481000E-7	1.605893E-2
1.481500E-7	1.604009E-2
1.482000E-7	1.606407E-2
1.482500E-7	1.612745E-2
1.483000E-7	1.621824E-2
1.483500E-7	1.629703E-2
1.484000E-7	1.634328E-2
1.484500E-7	1.635698E-2
1.485000E-7	1.630731E-2
1.485500E-7	1.619425E-2
1.486000E-7	1.605722E-2
1.486500E-7	1.593217E-2
1.487000E-7	1.581055E-2
1.487500E-7	1.569579E-2
1.488000E-7	1.559130E-2
1.488500E-7	1.550565E-2
1.489000E-7	1.544398E-2
1.489500E-7	1.541486E-2
1.490000E-7	1.545255E-2
1.490500E-7	1.555190E-2
1.491000E-7	1.569236E-2
1.491500E-7	1.587051E-2
1.492000E-7	1.606750E-2
1.492500E-7	1.625935E-2
1.493000E-7	1.642208E-2
1.493500E-7	1.655226E-2
1.494000E-7	1.663962E-2
1.494500E-7	1.669101E-2
1.495000E-7	1.670300E-2
1.495500E-7	1.668416E-2
1.496000E-7	1.660708E-2
1.496500E-7	1.649060E-2
1.497000E-7	1.637411E-2
1.497500E-7	1.629018E-2
1.498000E-7	1.620796E-2
1.498500E-7	1.612231E-2
1.499000E-7	1.606407E-2
1.499500E-7	1.603495E-2
1.500000E-7	1.601782E-2
1.500500E-7	1.600240E-2
1.501000E-7	1.599727E-2
1.501500E-7	1.600412E-2
1.502000E-7	1.599898E-2
1.502500E-7	1.598870E-2
1.503000E-7	1.598527E-2
1.503500E-7	1.596986E-2
1.504000E-7	1.593731E-2
1.504500E-7	1.590477E-2
1.505000E-7	1.588592E-2
1.505500E-7	1.585680E-2
1.506000E-7	1.579171E-2
1.506500E-7	1.569407E-2
1.507000E-7	1.560329E-2
1.507500E-7	1.552107E-2
1.508000E-7	1.544227E-2
1.508500E-7	1.536005E-2
1.509000E-7	1.531037E-2
1.509500E-7	1.528810E-2
1.510000E-7	1.528468E-2
1.510500E-7	1.531037E-2
1.511000E-7	1.536347E-2
1.511500E-7	1.543370E-2
1.512000E-7	1.551079E-2
1.512500E-7	1.557588E-2
1.513000E-7	1.563069E-2
1.513500E-7	1.569236E-2
1.514000E-7	1.579342E-2
1.514500E-7	1.590648E-2
1.515000E-7	1.602981E-2
1.515500E-7	1.617541E-2
1.516000E-7	1.631930E-2
1.516500E-7	1.642722E-2
1.517000E-7	1.651800E-2
1.517500E-7	1.657796E-2
1.518000E-7	1.658138E-2
1.518500E-7	1.653171E-2
1.519000E-7	1.643921E-2
1.519500E-7	1.632786E-2
1.520000E-7	1.623879E-2
1.520500E-7	1.616171E-2
1.521000E-7	1.606578E-2
1.521500E-7	1.599213E-2
1.522000E-7	1.596986E-2
1.522500E-7	1.597500E-2
1.523000E-7	1.597842E-2
1.523500E-7	1.601953E-2
1.524000E-7	1.608463E-2
1.524500E-7	1.611375E-2
1.525000E-7	1.609490E-2
1.525500E-7	1.605037E-2
1.526000E-7	1.596643E-2
1.526500E-7	1.586366E-2
1.527000E-7	1.576259E-2
1.527500E-7	1.564782E-2
1.528000E-7	1.552620E-2
1.528500E-7	1.541829E-2
1.529000E-7	1.532579E-2
1.529500E-7	1.523672E-2
1.530000E-7	1.517848E-2
1.530500E-7	1.514936E-2
1.531000E-7	1.515278E-2
1.531500E-7	1.517162E-2
1.532000E-7	1.520931E-2
1.532500E-7	1.523843E-2
1.533000E-7	1.525898E-2
1.533500E-7	1.527269E-2
1.534000E-7	1.525898E-2
1.534500E-7	1.522986E-2
1.535000E-7	1.523158E-2
1.535500E-7	1.527097E-2
1.536000E-7	1.528810E-2
1.536500E-7	1.525042E-2
1.537000E-7	1.519903E-2
1.537500E-7	1.515278E-2
1.538000E-7	1.510482E-2
1.538500E-7	1.504658E-2
1.539000E-7	1.499005E-2
1.539500E-7	1.492838E-2
1.540000E-7	1.487186E-2
1.540500E-7	1.484788E-2
1.541000E-7	1.486329E-2
1.541500E-7	1.489241E-2
1.542000E-7	1.493866E-2
1.542500E-7	1.501403E-2
1.543000E-7	1.511510E-2
1.543500E-7	1.520760E-2
1.544000E-7	1.528125E-2
1.544500E-7	1.535148E-2
1.545000E-7	1.542685E-2
1.545500E-7	1.547139E-2
1.546000E-7	1.549880E-2
1.546500E-7	1.551079E-2
1.547000E-7	1.550736E-2
1.547500E-7	1.547995E-2
1.548000E-7	1.545597E-2
1.548500E-7	1.542000E-2
1.549000E-7	1.535834E-2
1.549500E-7	1.529153E-2
1.550000E-7	1.523158E-2
1.550500E-7	1.518533E-2
1.551000E-7	1.513908E-2
1.551500E-7	1.508598E-2
1.552000E-7	1.502774E-2
1.552500E-7	1.498662E-2
1.553000E-7	1.495408E-2
1.553500E-7	1.491126E-2
1.554000E-7	1.489070E-2
1.554500E-7	1.493010E-2
1.555000E-7	1.499690E-2
1.555500E-7	1.507570E-2
1.556000E-7	1.517676E-2
1.556500E-7	1.530523E-2
1.557000E-7	1.541315E-2
1.557500E-7	1.548852E-2
1.558000E-7	1.554676E-2
1.558500E-7	1.561528E-2
1.559000E-7	1.569407E-2
1.559500E-7	1.573518E-2
1.560000E-7	1.571805E-2
1.560500E-7	1.566495E-2
1.561000E-7	1.562556E-2
1.561500E-7	1.559130E-2
1.562000E-7	1.553991E-2
1.562500E-7	1.548167E-2
1.563000E-7	1.542857E-2
1.563500E-7	1.538060E-2
1.564000E-7	1.533093E-2
1.564500E-7	1.527269E-2
1.565000E-7	1.521616E-2
1.565500E-7	1.518190E-2
1.566000E-7	1.516820E-2
1.566500E-7	1.516135E-2
1.567000E-7	1.516135E-2
1.567500E-7	1.515963E-2
1.568000E-7	1.514764E-2
1.568500E-7	1.512537E-2
1.569000E-7	1.513223E-2
1.569500E-7	1.517162E-2
1.570000E-7	1.520760E-2
1.570500E-7	1.521959E-2
1.571000E-7	1.522301E-2
1.571500E-7	1.521959E-2
1.572000E-7	1.520246E-2
1.572500E-7	1.518361E-2
1.573000E-7	1.515107E-2
1.573500E-7	1.510482E-2
1.574000E-7	1.506713E-2
1.574500E-7	1.504144E-2
1.575000E-7	1.502088E-2
1.575500E-7	1.501746E-2
1.576000E-7	1.505343E-2
1.576500E-7	1.510653E-2
1.577000E-7	1.513908E-2
1.577500E-7	1.515621E-2
1.578000E-7	1.516477E-2
1.578500E-7	1.515621E-2
1.579000E-7	1.514250E-2
1.579500E-7	1.512880E-2
1.580000E-7	1.508940E-2
1.580500E-7	1.499690E-2
1.581000E-7	1.487528E-2
1.581500E-7	1.475024E-2
1.582000E-7	1.462348E-2
1.582500E-7	1.447959E-2
1.583000E-7	1.436140E-2
1.583500E-7	1.427918E-2
1.584000E-7	1.422094E-2
1.584500E-7	1.417983E-2
1.585000E-7	1.416955E-2
1.585500E-7	1.419695E-2
1.586000E-7	1.425006E-2
1.586500E-7	1.433228E-2
1.587000E-7	1.442992E-2
1.587500E-7	1.450700E-2
1.588000E-7	1.454640E-2
1.588500E-7	1.457209E-2
1.589000E-7	1.458922E-2
1.589500E-7	1.458751E-2
1.590000E-7	1.456524E-2
1.590500E-7	1.453612E-2
1.591000E-7	1.451556E-2
1.591500E-7	1.451728E-2
1.592000E-7	1.455154E-2
1.592500E-7	1.460121E-2
1.593000E-7	1.463547E-2
1.593500E-7	1.466116E-2
1.594000E-7	1.468001E-2
1.594500E-7	1.464917E-2
1.595000E-7	1.456524E-2
1.595500E-7	1.447274E-2
1.596000E-7	1.440251E-2
1.596500E-7	1.433742E-2
1.597000E-7	1.429802E-2
1.597500E-7	1.427575E-2
1.598000E-7	1.423978E-2
1.598500E-7	1.420381E-2
1.599000E-7	1.420038E-2
1.599500E-7	1.420381E-2
1.600000E-7	1.419867E-2
1.600500E-7	1.419353E-2
1.601000E-7	1.418496E-2
1.601500E-7	1.413871E-2
1.602000E-7	1.408561E-2
1.602500E-7	1.404622E-2
1.603000E-7	1.400168E-2
1.603500E-7	1.394344E-2
1.604000E-7	1.389890E-2
1.604500E-7	1.390404E-2
1.605000E-7	1.398455E-2
1.605500E-7	1.411816E-2
1.606000E-7	1.425691E-2
1.606500E-7	1.436825E-2
1.607000E-7	1.447788E-2
1.607500E-7	1.456867E-2
1.608000E-7	1.462691E-2
1.608500E-7	1.465603E-2
1.609000E-7	1.468857E-2
1.609500E-7	1.472283E-2
1.610000E-7	1.474339E-2
1.610500E-7	1.475195E-2
1.611000E-7	1.476908E-2
1.611500E-7	1.480163E-2
1.612000E-7	1.482561E-2
1.612500E-7	1.482732E-2
1.613000E-7	1.481533E-2
1.613500E-7	1.476052E-2
1.614000E-7	1.464232E-2
1.614500E-7	1.447788E-2
1.615000E-7	1.430144E-2
1.615500E-7	1.413015E-2
1.616000E-7	1.398969E-2
1.616500E-7	1.391774E-2
1.617000E-7	1.391774E-2
1.617500E-7	1.396913E-2
1.618000E-7	1.406506E-2
1.618500E-7	1.421408E-2
1.619000E-7	1.441450E-2
1.619500E-7	1.462177E-2
1.620000E-7	1.479306E-2
1.620500E-7	1.491982E-2
1.621000E-7	1.499005E-2
1.621500E-7	1.497463E-2
1.622000E-7	1.487528E-2
1.622500E-7	1.471940E-2
1.623000E-7	1.452584E-2
1.623500E-7	1.430144E-2
1.624000E-7	1.407876E-2
1.624500E-7	1.390233E-2
1.625000E-7	1.378927E-2
1.625500E-7	1.373788E-2
1.626000E-7	1.376358E-2
1.626500E-7	1.387149E-2
1.627000E-7	1.402566E-2
1.627500E-7	1.417297E-2
1.628000E-7	1.429802E-2
1.628500E-7	1.440765E-2
1.629000E-7	1.447445E-2
1.629500E-7	1.449501E-2
1.630000E-7	1.445561E-2
1.630500E-7	1.438367E-2
1.631000E-7	1.429288E-2
1.631500E-7	1.420723E-2
1.632000E-7	1.413700E-2
1.632500E-7	1.409246E-2
1.633000E-7	1.408904E-2
1.633500E-7	1.412844E-2
1.634000E-7	1.420723E-2
1.634500E-7	1.433057E-2
1.635000E-7	1.448130E-2
1.635500E-7	1.461491E-2
1.636000E-7	1.472454E-2
1.636500E-7	1.480505E-2
1.637000E-7	1.485130E-2
1.637500E-7	1.484616E-2
1.638000E-7	1.480163E-2
1.638500E-7	1.470741E-2
1.639000E-7	1.456524E-2
1.639500E-7	1.440593E-2
1.640000E-7	1.426376E-2
1.640500E-7	1.413529E-2
1.641000E-7	1.403251E-2
1.641500E-7	1.396228E-2
1.642000E-7	1.391946E-2
1.642500E-7	1.392288E-2
1.643000E-7	1.400510E-2
1.643500E-7	1.415413E-2
1.644000E-7	1.429288E-2
1.644500E-7	1.441107E-2
1.645000E-7	1.452755E-2
1.645500E-7	1.459950E-2
1.646000E-7	1.460292E-2
1.646500E-7	1.454640E-2
1.647000E-7	1.442820E-2
1.647500E-7	1.424834E-2
1.648000E-7	1.403936E-2
1.648500E-7	1.381154E-2
1.649000E-7	1.358029E-2
1.649500E-7	1.339187E-2
1.650000E-7	1.328224E-2
1.650500E-7	1.322571E-2
1.651000E-7	1.322400E-2
1.651500E-7	1.328224E-2
1.652000E-7	1.337474E-2
1.652500E-7	1.349636E-2
1.653000E-7	1.363511E-2
1.653500E-7	1.374987E-2
1.654000E-7	1.380298E-2
1.654500E-7	1.383552E-2
1.655000E-7	1.386293E-2
1.655500E-7	1.383552E-2
1.656000E-7	1.375330E-2
1.656500E-7	1.367622E-2
1.657000E-7	1.359571E-2
1.657500E-7	1.350150E-2
1.658000E-7	1.343298E-2
1.658500E-7	1.342784E-2
1.659000E-7	1.345353E-2
1.659500E-7	1.351006E-2
1.660000E-7	1.360256E-2
1.660500E-7	1.371390E-2
1.661000E-7	1.381839E-2
1.661500E-7	1.393487E-2
1.662000E-7	1.404622E-2
1.662500E-7	1.411131E-2
1.663000E-7	1.414043E-2
1.663500E-7	1.413700E-2
1.664000E-7	1.411645E-2
1.664500E-7	1.408390E-2
1.665000E-7	1.404964E-2
1.665500E-7	1.402052E-2
1.666000E-7	1.398969E-2
1.666500E-7	1.398969E-2
1.667000E-7	1.399825E-2
1.667500E-7	1.400510E-2
1.668000E-7	1.403080E-2
1.668500E-7	1.408047E-2
1.669000E-7	1.410274E-2
1.669500E-7	1.409932E-2
1.670000E-7	1.408904E-2
1.670500E-7	1.405478E-2
1.671000E-7	1.398626E-2
1.671500E-7	1.391261E-2
1.672000E-7	1.384751E-2
1.672500E-7	1.377043E-2
1.673000E-7	1.368992E-2
1.673500E-7	1.362826E-2
1.674000E-7	1.355289E-2
1.674500E-7	1.347066E-2
1.675000E-7	1.341928E-2
1.675500E-7	1.338844E-2
1.676000E-7	1.334219E-2
1.676500E-7	1.330279E-2
1.677000E-7	1.328738E-2
1.677500E-7	1.327539E-2
1.678000E-7	1.323942E-2
1.678500E-7	1.318118E-2
1.679000E-7	1.312122E-2
1.679500E-7	1.310581E-2
1.680000E-7	1.313150E-2
1.680500E-7	1.318118E-2
1.681000E-7	1.323599E-2
1.681500E-7	1.329937E-2
1.682000E-7	1.335761E-2
1.682500E-7	1.339529E-2
1.683000E-7	1.342441E-2
1.683500E-7	1.342955E-2
1.684000E-7	1.341928E-2
1.684500E-7	1.342270E-2
1.685000E-7	1.343127E-2
1.685500E-7	1.340215E-2
1.686000E-7	1.334219E-2
1.686500E-7	1.329937E-2
1.687000E-7	1.327196E-2
1.687500E-7	1.327539E-2
1.688000E-7	1.331821E-2
1.688500E-7	1.337816E-2
1.689000E-7	1.342613E-2
1.689500E-7	1.349978E-2
1.690000E-7	1.359571E-2
1.690500E-7	1.367451E-2
1.691000E-7	1.370363E-2
1.691500E-7	1.370534E-2
1.692000E-7	1.367279E-2
1.692500E-7	1.361969E-2
1.693000E-7	1.357687E-2
1.693500E-7	1.356316E-2
1.694000E-7	1.356659E-2
1.694500E-7	1.360599E-2
1.695000E-7	1.370534E-2
1.695500E-7	1.384751E-2
1.696000E-7	1.401196E-2
1.696500E-7	1.418668E-2
1.697000E-7	1.433570E-2
1.697500E-7	1.442992E-2
1.698000E-7	1.446760E-2
1.698500E-7	1.446246E-2
1.699000E-7	1.439737E-2
1.699500E-7	1.425348E-2
1.700000E-7	1.406163E-2
1.700500E-7	1.386978E-2
1.701000E-7	1.367279E-2
1.701500E-7	1.345867E-2
1.702000E-7	1.325312E-2
1.702500E-7	1.309724E-2
1.703000E-7	1.299275E-2
1.703500E-7	1.292595E-2
1.704000E-7	1.287970E-2
1.704500E-7	1.284372E-2
1.705000E-7	1.283002E-2
1.705500E-7	1.284544E-2
1.706000E-7	1.288141E-2
1.706500E-7	1.292081E-2
1.707000E-7	1.297905E-2
1.707500E-7	1.304585E-2
1.708000E-7	1.308525E-2
1.708500E-7	1.308182E-2
1.709000E-7	1.308525E-2
1.709500E-7	1.310581E-2
1.710000E-7	1.312807E-2
1.710500E-7	1.315034E-2
1.711000E-7	1.318118E-2
1.711500E-7	1.319317E-2
1.712000E-7	1.319317E-2
1.712500E-7	1.317775E-2
1.713000E-7	1.315206E-2
1.713500E-7	1.312979E-2
1.714000E-7	1.313664E-2
1.714500E-7	1.315034E-2
1.715000E-7	1.312807E-2
1.715500E-7	1.307497E-2
1.716000E-7	1.303729E-2
1.716500E-7	1.302016E-2
1.717000E-7	1.299789E-2
1.717500E-7	1.295507E-2
1.718000E-7	1.288997E-2
1.718500E-7	1.283345E-2
1.719000E-7	1.281460E-2
1.719500E-7	1.280261E-2
1.720000E-7	1.277007E-2
1.720500E-7	1.272039E-2
1.721000E-7	1.266729E-2
1.721500E-7	1.261590E-2
1.722000E-7	1.257822E-2
1.722500E-7	1.257137E-2
1.723000E-7	1.258336E-2
1.723500E-7	1.258849E-2
1.724000E-7	1.260049E-2
1.724500E-7	1.264502E-2
1.725000E-7	1.269812E-2
1.725500E-7	1.275636E-2
1.726000E-7	1.281289E-2
1.726500E-7	1.285229E-2
1.727000E-7	1.287113E-2
1.727500E-7	1.286771E-2
1.728000E-7	1.283173E-2
1.728500E-7	1.278548E-2
1.729000E-7	1.275808E-2
1.729500E-7	1.275979E-2
1.730000E-7	1.280090E-2
1.730500E-7	1.289169E-2
1.731000E-7	1.303729E-2
1.731500E-7	1.323256E-2
1.732000E-7	1.346895E-2
1.732500E-7	1.372075E-2
1.733000E-7	1.395543E-2
1.733500E-7	1.415584E-2
1.734000E-7	1.429117E-2
1.734500E-7	1.433913E-2
1.735000E-7	1.432543E-2
1.735500E-7	1.425862E-2
1.736000E-7	1.408733E-2
1.736500E-7	1.380983E-2
1.737000E-7	1.351691E-2
1.737500E-7	1.325997E-2
1.738000E-7	1.300303E-2
1.738500E-7	1.274780E-2
1.739000E-7	1.254910E-2
1.739500E-7	1.241891E-2
1.740000E-7	1.232641E-2
1.740500E-7	1.228016E-2
1.741000E-7	1.229044E-2
1.741500E-7	1.233669E-2
1.742000E-7	1.238637E-2
1.742500E-7	1.244803E-2
1.743000E-7	1.251998E-2
1.743500E-7	1.261248E-2
1.744000E-7	1.268956E-2
1.744500E-7	1.275294E-2
1.745000E-7	1.282659E-2
1.745500E-7	1.293965E-2
1.746000E-7	1.306127E-2
1.746500E-7	1.316576E-2
1.747000E-7	1.323942E-2
1.747500E-7	1.328395E-2
1.748000E-7	1.329252E-2
1.748500E-7	1.323085E-2
1.749000E-7	1.311437E-2
1.749500E-7	1.298590E-2
1.750000E-7	1.286257E-2
1.750500E-7	1.274609E-2
1.751000E-7	1.265873E-2
1.751500E-7	1.261933E-2
1.752000E-7	1.262275E-2
1.752500E-7	1.266044E-2
1.753000E-7	1.274951E-2
1.753500E-7	1.286599E-2
1.754000E-7	1.299446E-2
1.754500E-7	1.312807E-2
1.755000E-7	1.324284E-2
1.755500E-7	1.330451E-2
1.756000E-7	1.331479E-2
1.756500E-7	1.329423E-2
1.757000E-7	1.323256E-2
1.757500E-7	1.312636E-2
1.758000E-7	1.299618E-2
1.758500E-7	1.285058E-2
1.759000E-7	1.270155E-2
1.759500E-7	1.256451E-2
1.760000E-7	1.247201E-2
1.760500E-7	1.242748E-2
1.761000E-7	1.242405E-2
1.761500E-7	1.245831E-2
1.762000E-7	1.252169E-2
1.762500E-7	1.261076E-2
1.763000E-7	1.271011E-2
1.763500E-7	1.279747E-2
1.764000E-7	1.286085E-2
1.764500E-7	1.291224E-2
1.765000E-7	1.294308E-2
1.765500E-7	1.293965E-2
1.766000E-7	1.288655E-2
1.766500E-7	1.279576E-2
1.767000E-7	1.269641E-2
1.767500E-7	1.259535E-2
1.768000E-7	1.248229E-2
1.768500E-7	1.236924E-2
1.769000E-7	1.227331E-2
1.769500E-7	1.220137E-2
1.770000E-7	1.216197E-2
1.770500E-7	1.214655E-2
1.771000E-7	1.215854E-2
1.771500E-7	1.218938E-2
1.772000E-7	1.222192E-2
1.772500E-7	1.225618E-2
1.773000E-7	1.232641E-2
1.773500E-7	1.243604E-2
1.774000E-7	1.255766E-2
1.774500E-7	1.266729E-2
1.775000E-7	1.276150E-2
1.775500E-7	1.283516E-2
1.776000E-7	1.288655E-2
1.776500E-7	1.291224E-2
1.777000E-7	1.289511E-2
1.777500E-7	1.284201E-2
1.778000E-7	1.277863E-2
1.778500E-7	1.271183E-2
1.779000E-7	1.262618E-2
1.779500E-7	1.252512E-2
1.780000E-7	1.244975E-2
1.780500E-7	1.242576E-2
1.781000E-7	1.244461E-2
1.781500E-7	1.247201E-2
1.782000E-7	1.249771E-2
1.782500E-7	1.256451E-2
1.783000E-7	1.266215E-2
1.783500E-7	1.273067E-2
1.784000E-7	1.276150E-2
1.784500E-7	1.277863E-2
1.785000E-7	1.275465E-2
1.785500E-7	1.267757E-2
1.786000E-7	1.257308E-2
1.786500E-7	1.245660E-2
1.787000E-7	1.233327E-2
1.787500E-7	1.221336E-2
1.788000E-7	1.210544E-2
1.788500E-7	1.199924E-2
1.789000E-7	1.192044E-2
1.789500E-7	1.189132E-2
1.790000E-7	1.187248E-2
1.790500E-7	1.187762E-2
1.791000E-7	1.192901E-2
1.791500E-7	1.199581E-2
1.792000E-7	1.204892E-2
1.792500E-7	1.212429E-2
1.793000E-7	1.220479E-2
1.793500E-7	1.224419E-2
1.794000E-7	1.227331E-2
1.794500E-7	1.233155E-2
1.795000E-7	1.240864E-2
1.795500E-7	1.247030E-2
1.796000E-7	1.252683E-2
1.796500E-7	1.257650E-2
1.797000E-7	1.261248E-2
1.797500E-7	1.264502E-2
1.798000E-7	1.267757E-2
1.798500E-7	1.269127E-2
1.799000E-7	1.267757E-2
1.799500E-7	1.264502E-2
1.800000E-7	1.259021E-2
1.800500E-7	1.253197E-2
1.801000E-7	1.249771E-2
1.801500E-7	1.248572E-2
1.802000E-7	1.248400E-2
1.802500E-7	1.249428E-2
1.803000E-7	1.252169E-2
1.803500E-7	1.252683E-2
1.804000E-7	1.247030E-2
1.804500E-7	1.236924E-2
1.805000E-7	1.227674E-2
1.805500E-7	1.219452E-2
1.806000E-7	1.208146E-2
1.806500E-7	1.193415E-2
1.807000E-7	1.180054E-2
1.807500E-7	1.170119E-2
1.808000E-7	1.162582E-2
1.808500E-7	1.156244E-2
1.809000E-7	1.154017E-2
1.809500E-7	1.157100E-2
1.810000E-7	1.162753E-2
1.810500E-7	1.168748E-2
1.811000E-7	1.177142E-2
1.811500E-7	1.188276E-2
1.812000E-7	1.199753E-2
1.812500E-7	1.210030E-2
1.813000E-7	1.219109E-2
1.813500E-7	1.226303E-2
1.814000E-7	1.232127E-2
1.814500E-7	1.238808E-2
1.815000E-7	1.245660E-2
1.815500E-7	1.248400E-2
1.816000E-7	1.246345E-2
1.816500E-7	1.241720E-2
1.817000E-7	1.235039E-2
1.817500E-7	1.225961E-2
1.818000E-7	1.216368E-2
1.818500E-7	1.206605E-2
1.819000E-7	1.193929E-2
1.819500E-7	1.180396E-2
1.820000E-7	1.170119E-2
1.820500E-7	1.161554E-2
1.821000E-7	1.154873E-2
1.821500E-7	1.152818E-2
1.822000E-7	1.151961E-2
1.822500E-7	1.149221E-2
1.823000E-7	1.147336E-2
1.823500E-7	1.148707E-2
1.824000E-7	1.151105E-2
1.824500E-7	1.154702E-2
1.825000E-7	1.159841E-2
1.825500E-7	1.165322E-2
1.826000E-7	1.172003E-2
1.826500E-7	1.180739E-2
1.827000E-7	1.188619E-2
1.827500E-7	1.194785E-2
1.828000E-7	1.203007E-2
1.828500E-7	1.213799E-2
1.829000E-7	1.220651E-2
1.829500E-7	1.226475E-2
1.830000E-7	1.232127E-2
1.830500E-7	1.233840E-2
1.831000E-7	1.229901E-2
1.831500E-7	1.223734E-2
1.832000E-7	1.215512E-2
1.832500E-7	1.205577E-2
1.833000E-7	1.196498E-2
1.833500E-7	1.188105E-2
1.834000E-7	1.177656E-2
1.834500E-7	1.167378E-2
1.835000E-7	1.160526E-2
1.835500E-7	1.155216E-2
1.836000E-7	1.151961E-2
1.836500E-7	1.154873E-2
1.837000E-7	1.161725E-2
1.837500E-7	1.168234E-2
1.838000E-7	1.175771E-2
1.838500E-7	1.183651E-2
1.839000E-7	1.187248E-2
1.839500E-7	1.184507E-2
1.840000E-7	1.178855E-2
1.840500E-7	1.169433E-2
1.841000E-7	1.157272E-2
1.841500E-7	1.146994E-2
1.842000E-7	1.142026E-2
1.842500E-7	1.138429E-2
1.843000E-7	1.135688E-2
1.843500E-7	1.135860E-2
1.844000E-7	1.136545E-2
1.844500E-7	1.135517E-2
1.845000E-7	1.137059E-2
1.845500E-7	1.140656E-2
1.846000E-7	1.141855E-2
1.846500E-7	1.139628E-2
1.847000E-7	1.139628E-2
1.847500E-7	1.141512E-2
1.848000E-7	1.143225E-2
1.848500E-7	1.146994E-2
1.849000E-7	1.154017E-2
1.849500E-7	1.164123E-2
1.850000E-7	1.176628E-2
1.850500E-7	1.190160E-2
1.851000E-7	1.202322E-2
1.851500E-7	1.212257E-2
1.852000E-7	1.219109E-2
1.852500E-7	1.220651E-2
1.853000E-7	1.218424E-2
1.853500E-7	1.214313E-2
1.854000E-7	1.206947E-2
1.854500E-7	1.196498E-2
1.855000E-7	1.186563E-2
1.855500E-7	1.177656E-2
1.856000E-7	1.168063E-2
1.856500E-7	1.159327E-2
1.857000E-7	1.154531E-2
1.857500E-7	1.151961E-2
1.858000E-7	1.147508E-2
1.858500E-7	1.143397E-2
1.859000E-7	1.143054E-2
1.859500E-7	1.144596E-2
1.860000E-7	1.146480E-2
1.860500E-7	1.149221E-2
1.861000E-7	1.152475E-2
1.861500E-7	1.154360E-2
1.862000E-7	1.156586E-2
1.862500E-7	1.158471E-2
1.863000E-7	1.157443E-2
1.863500E-7	1.153332E-2
1.864000E-7	1.148193E-2
1.864500E-7	1.139799E-2
1.865000E-7	1.126096E-2
1.865500E-7	1.112392E-2
1.866000E-7	1.101258E-2
1.866500E-7	1.093036E-2
1.867000E-7	1.089439E-2
1.867500E-7	1.090638E-2
1.868000E-7	1.094749E-2
1.868500E-7	1.100744E-2
1.869000E-7	1.110165E-2
1.869500E-7	1.124897E-2
1.870000E-7	1.143397E-2
1.870500E-7	1.161554E-2
1.871000E-7	1.176285E-2
1.871500E-7	1.189132E-2
1.872000E-7	1.201294E-2
1.872500E-7	1.206776E-2
1.873000E-7	1.203007E-2
1.873500E-7	1.193243E-2
1.874000E-7	1.179882E-2
1.874500E-7	1.163267E-2
1.875000E-7	1.145795E-2
1.875500E-7	1.128665E-2
1.876000E-7	1.110851E-2
1.876500E-7	1.094064E-2
1.877000E-7	1.082073E-2
1.877500E-7	1.079161E-2
1.878000E-7	1.085670E-2
1.878500E-7	1.099888E-2
1.879000E-7	1.119415E-2
1.879500E-7	1.143397E-2
1.880000E-7	1.168234E-2
1.880500E-7	1.190160E-2
1.881000E-7	1.206262E-2
1.881500E-7	1.218595E-2
1.882000E-7	1.225961E-2
1.882500E-7	1.224933E-2
1.883000E-7	1.215683E-2
1.883500E-7	1.200609E-2
1.884000E-7	1.182966E-2
1.884500E-7	1.163609E-2
1.885000E-7	1.144082E-2
1.885500E-7	1.127466E-2
1.886000E-7	1.116503E-2
1.886500E-7	1.111193E-2
1.887000E-7	1.109138E-2
1.887500E-7	1.109138E-2
1.888000E-7	1.111878E-2
1.888500E-7	1.116675E-2
1.889000E-7	1.121642E-2
1.889500E-7	1.126781E-2
1.890000E-7	1.132948E-2
1.890500E-7	1.137573E-2
1.891000E-7	1.138600E-2
1.891500E-7	1.136374E-2
1.892000E-7	1.132776E-2
1.892500E-7	1.129008E-2
1.893000E-7	1.124554E-2
1.893500E-7	1.120443E-2
1.894000E-7	1.118045E-2
1.894500E-7	1.116332E-2
1.895000E-7	1.113934E-2
1.895500E-7	1.111022E-2
1.896000E-7	1.107767E-2
1.896500E-7	1.103656E-2
1.897000E-7	1.100059E-2
1.897500E-7	1.098689E-2
1.898000E-7	1.098689E-2
1.898500E-7	1.098689E-2
1.899000E-7	1.099031E-2
1.899500E-7	1.099888E-2
1.900000E-7	1.100230E-2
1.900500E-7	1.099545E-2
1.901000E-7	1.097490E-2
1.901500E-7	1.093550E-2
1.902000E-7	1.090124E-2
1.902500E-7	1.089267E-2
1.903000E-7	1.091152E-2
1.903500E-7	1.094064E-2
1.904000E-7	1.095777E-2
1.904500E-7	1.096291E-2
1.905000E-7	1.096291E-2
1.905500E-7	1.096976E-2
1.906000E-7	1.098689E-2
1.906500E-7	1.101087E-2
1.907000E-7	1.104170E-2
1.907500E-7	1.106397E-2
1.908000E-7	1.105712E-2
1.908500E-7	1.102286E-2
1.909000E-7	1.099888E-2
1.909500E-7	1.098175E-2
1.910000E-7	1.094406E-2
1.910500E-7	1.089953E-2
1.911000E-7	1.085670E-2
1.911500E-7	1.078818E-2
1.912000E-7	1.069740E-2
1.912500E-7	1.062888E-2
1.913000E-7	1.057064E-2
1.913500E-7	1.050041E-2
1.914000E-7	1.043874E-2
1.914500E-7	1.041305E-2
1.915000E-7	1.042504E-2
1.915500E-7	1.047985E-2
1.916000E-7	1.058434E-2
1.916500E-7	1.072138E-2
1.917000E-7	1.087212E-2
1.917500E-7	1.102115E-2
1.918000E-7	1.113077E-2
1.918500E-7	1.118216E-2
1.919000E-7	1.120786E-2
1.919500E-7	1.120786E-2
1.920000E-7	1.117531E-2
1.920500E-7	1.112221E-2
1.921000E-7	1.106911E-2
1.921500E-7	1.099203E-2
1.922000E-7	1.088754E-2
1.922500E-7	1.079504E-2
1.923000E-7	1.073508E-2
1.923500E-7	1.068027E-2
1.924000E-7	1.063059E-2
1.924500E-7	1.061689E-2
1.925000E-7	1.064601E-2
1.925500E-7	1.068883E-2
1.926000E-7	1.071624E-2
1.926500E-7	1.072994E-2
1.927000E-7	1.074879E-2
1.927500E-7	1.077791E-2
1.928000E-7	1.080874E-2
1.928500E-7	1.086184E-2
1.929000E-7	1.091323E-2
1.929500E-7	1.093892E-2
1.930000E-7	1.093379E-2
1.930500E-7	1.090809E-2
1.931000E-7	1.086184E-2
1.931500E-7	1.080017E-2
1.932000E-7	1.075221E-2
1.932500E-7	1.072138E-2
1.933000E-7	1.068541E-2
1.933500E-7	1.065971E-2
1.934000E-7	1.065629E-2
1.934500E-7	1.065286E-2
1.935000E-7	1.064087E-2
1.935500E-7	1.065457E-2
1.936000E-7	1.070082E-2
1.936500E-7	1.073680E-2
1.937000E-7	1.075393E-2
1.937500E-7	1.078990E-2
1.938000E-7	1.082930E-2
1.938500E-7	1.084300E-2
1.939000E-7	1.083957E-2
1.939500E-7	1.084642E-2
1.940000E-7	1.086869E-2
1.940500E-7	1.089781E-2
1.941000E-7	1.091152E-2
1.941500E-7	1.091494E-2
1.942000E-7	1.092179E-2
1.942500E-7	1.092693E-2
1.943000E-7	1.092008E-2
1.943500E-7	1.088240E-2
1.944000E-7	1.081902E-2
1.944500E-7	1.071453E-2
1.945000E-7	1.058263E-2
1.945500E-7	1.046786E-2
1.946000E-7	1.036680E-2
1.946500E-7	1.024861E-2
1.947000E-7	1.012527E-2
1.947500E-7	1.003277E-2
1.948000E-7	9.969394E-3
1.948500E-7	9.929996E-3
1.949000E-7	9.931709E-3
1.949500E-7	9.989950E-3
1.950000E-7	1.009273E-2
1.950500E-7	1.022634E-2
1.951000E-7	1.037365E-2
1.951500E-7	1.053467E-2
1.952000E-7	1.068369E-2
1.952500E-7	1.079504E-2
1.953000E-7	1.086869E-2
1.953500E-7	1.092522E-2
1.954000E-7	1.095605E-2
1.954500E-7	1.094406E-2
1.955000E-7	1.091323E-2
1.955500E-7	1.087897E-2
1.956000E-7	1.081902E-2
1.956500E-7	1.075050E-2
1.957000E-7	1.069055E-2
1.957500E-7	1.063059E-2
1.958000E-7	1.057235E-2
1.958500E-7	1.052782E-2
1.959000E-7	1.047471E-2
1.959500E-7	1.041476E-2
1.960000E-7	1.038222E-2
1.960500E-7	1.036509E-2
1.961000E-7	1.031198E-2
1.961500E-7	1.024518E-2
1.962000E-7	1.021263E-2
1.962500E-7	1.019379E-2
1.963000E-7	1.016981E-2
1.963500E-7	1.016124E-2
1.964000E-7	1.017666E-2
1.964500E-7	1.020578E-2
1.965000E-7	1.025032E-2
1.965500E-7	1.029143E-2
1.966000E-7	1.029314E-2
1.966500E-7	1.026060E-2
1.967000E-7	1.021263E-2
1.967500E-7	1.014925E-2
1.968000E-7	1.006703E-2
1.968500E-7	1.000194E-2
1.969000E-7	9.986524E-3
1.969500E-7	9.998514E-3
1.970000E-7	1.001222E-2
1.970500E-7	1.005675E-2
1.971000E-7	1.013555E-2
1.971500E-7	1.024518E-2
1.972000E-7	1.036166E-2
1.972500E-7	1.046444E-2
1.973000E-7	1.054666E-2
1.973500E-7	1.060490E-2
1.974000E-7	1.061689E-2
1.974500E-7	1.058263E-2
1.975000E-7	1.052610E-2
1.975500E-7	1.045073E-2
1.976000E-7	1.032911E-2
1.976500E-7	1.018351E-2
1.977000E-7	1.005847E-2
1.977500E-7	9.965968E-3
1.978000E-7	9.897450E-3
1.978500E-7	9.849488E-3
1.979000E-7	9.816942E-3
1.979500E-7	9.804951E-3
1.980000E-7	9.825506E-3
1.980500E-7	9.876895E-3
1.981000E-7	9.935135E-3
1.981500E-7	1.000023E-2
1.982000E-7	1.007902E-2
1.982500E-7	1.014754E-2
1.983000E-7	1.019036E-2
1.983500E-7	1.020921E-2
1.984000E-7	1.020749E-2
1.984500E-7	1.019722E-2
1.985000E-7	1.019379E-2
1.985500E-7	1.018523E-2
1.986000E-7	1.015439E-2
1.986500E-7	1.013384E-2
1.987000E-7	1.016296E-2
1.987500E-7	1.021948E-2
1.988000E-7	1.026231E-2
1.988500E-7	1.029485E-2
1.989000E-7	1.034282E-2
1.989500E-7	1.039592E-2
1.990000E-7	1.043189E-2
1.990500E-7	1.046444E-2
1.991000E-7	1.048671E-2
1.991500E-7	1.048671E-2
1.992000E-7	1.047985E-2
1.992500E-7	1.048328E-2
1.993000E-7	1.047129E-2
1.993500E-7	1.043189E-2
1.994000E-7	1.039763E-2
1.994500E-7	1.038735E-2
1.995000E-7	1.038564E-2
1.995500E-7	1.037708E-2
1.996000E-7	1.035481E-2
1.996500E-7	1.030856E-2
1.997000E-7	1.024861E-2
1.997500E-7	1.016638E-2
1.998000E-7	1.006018E-2
1.998500E-7	9.983098E-3
1.999000E-7	9.974533E-3
1.999500E-7	9.991663E-3
2.000000E-7	9.983098E-3
