Study Name	PremaTech_CVD_SiC_HeandSi
Sample Name	2025-10-15
Run Name	spot04
Operator	Keshav
Date	10/15/2025
Time	18:34
Sign	FIX
Grating Spacing	06.40um
Channel	3
Number Traces	10000
Files in Batch	1
Batch Number	138
dt	50.000001E-12
time stamp (ms)	9:05:10 PM
	
Time	Amplitude
0.000000E+0	1.576163E-4
5.000000E-11	1.850235E-4
1.000000E-10	1.764587E-4
1.500000E-10	1.370609E-4
2.000000E-10	7.025583E-5
2.500000E-10	-2.395643E-5
3.000000E-10	-1.250205E-4
3.500000E-10	-2.021032E-4
4.000000E-10	-2.620565E-4
4.500000E-10	-3.168709E-4
5.000000E-10	-3.528428E-4
5.500000E-10	-3.477040E-4
6.000000E-10	-3.185838E-4
6.500000E-10	-2.808989E-4
7.000000E-10	-2.346493E-4
7.500000E-10	-1.781219E-4
8.000000E-10	-1.233075E-4
8.500000E-10	-7.020608E-5
9.000000E-10	-2.395643E-5
9.500000E-10	5.163725E-6
1.000000E-9	2.914503E-5
1.050000E-9	5.141338E-5
1.100000E-9	7.710763E-5
1.150000E-9	8.738533E-5
1.200000E-9	7.025583E-5
1.250000E-9	3.257093E-5
1.300000E-9	-1.710463E-5
1.350000E-9	-7.705788E-5
1.400000E-9	-1.438629E-4
1.450000E-9	-1.901126E-4
1.500000E-9	-2.243716E-4
1.550000E-9	-2.637694E-4
1.600000E-9	-2.928896E-4
1.650000E-9	-2.843248E-4
1.700000E-9	-2.363622E-4
1.750000E-9	-1.832608E-4
1.800000E-9	-1.284464E-4
1.850000E-9	-5.136363E-5
1.900000E-9	4.627453E-5
1.950000E-9	1.216443E-4
2.000000E-9	1.404868E-4
2.050000E-9	9.766303E-5
2.100000E-9	1.372848E-5
2.150000E-9	-1.147428E-4
2.200000E-9	-2.723342E-4
2.250000E-9	-4.333515E-4
2.300000E-9	-5.823781E-4
2.350000E-9	-7.142753E-4
2.400000E-9	-8.084875E-4
2.450000E-9	-8.633020E-4
2.500000E-9	-8.735797E-4
2.550000E-9	-8.393207E-4
2.600000E-9	-7.742285E-4
2.650000E-9	-6.885810E-4
2.700000E-9	-5.669616E-4
2.750000E-9	-4.145090E-4
2.800000E-9	-2.586306E-4
2.850000E-9	-1.130298E-4
2.900000E-9	2.914503E-5
2.950000E-9	1.421997E-4
3.000000E-9	2.090048E-4
3.050000E-9	2.261343E-4
3.100000E-9	2.021530E-4
3.150000E-9	1.576163E-4
3.200000E-9	1.079407E-4
3.250000E-9	4.627453E-5
3.300000E-9	-3.594708E-5
3.350000E-9	-1.044651E-4
3.400000E-9	-1.438629E-4
3.450000E-9	-1.815478E-4
3.500000E-9	-2.295104E-4
3.550000E-9	-2.620565E-4
3.600000E-9	-2.808989E-4
3.650000E-9	-2.997414E-4
3.700000E-9	-3.151579E-4
3.750000E-9	-3.134450E-4
3.800000E-9	-3.185838E-4
3.850000E-9	-3.528428E-4
3.900000E-9	-3.836759E-4
3.950000E-9	-3.802500E-4
4.000000E-9	-3.528428E-4
4.050000E-9	-3.322874E-4
4.100000E-9	-3.117320E-4
4.150000E-9	-2.894637E-4
4.200000E-9	-2.637694E-4
4.250000E-9	-2.620565E-4
4.300000E-9	-2.860378E-4
4.350000E-9	-3.271486E-4
4.400000E-9	-3.785371E-4
4.450000E-9	-4.470551E-4
4.500000E-9	-5.189990E-4
4.550000E-9	-5.669616E-4
4.600000E-9	-6.012206E-4
4.650000E-9	-6.320537E-4
4.700000E-9	-6.234889E-4
4.750000E-9	-5.601098E-4
4.800000E-9	-4.796011E-4
4.850000E-9	-3.990925E-4
4.900000E-9	-2.894637E-4
4.950000E-9	-1.661313E-4
5.000000E-9	-7.705788E-5
5.050000E-9	-2.053053E-5
5.100000E-9	2.400618E-5
5.150000E-9	4.798748E-5
5.200000E-9	4.113568E-5
5.250000E-9	2.058028E-5
5.300000E-9	-1.539168E-5
5.350000E-9	-7.534493E-5
5.400000E-9	-1.541406E-4
5.450000E-9	-2.329363E-4
5.500000E-9	-3.065932E-4
5.550000E-9	-3.853889E-4
5.600000E-9	-4.676105E-4
5.650000E-9	-5.446932E-4
5.700000E-9	-6.097853E-4
5.750000E-9	-6.577479E-4
5.800000E-9	-6.765904E-4
5.850000E-9	-6.628868E-4
5.900000E-9	-6.217760E-4
5.950000E-9	-5.549709E-4
6.000000E-9	-4.744623E-4
6.050000E-9	-4.145090E-4
6.100000E-9	-3.802500E-4
6.150000E-9	-3.374263E-4
6.200000E-9	-2.808989E-4
6.250000E-9	-2.397881E-4
6.300000E-9	-2.466399E-4
6.350000E-9	-2.757601E-4
6.400000E-9	-2.911766E-4
6.450000E-9	-2.826119E-4
6.500000E-9	-2.671953E-4
6.550000E-9	-2.397881E-4
6.600000E-9	-2.003903E-4
6.650000E-9	-1.558536E-4
6.700000E-9	-1.267334E-4
6.750000E-9	-1.130298E-4
6.800000E-9	-1.096039E-4
6.850000E-9	-1.215946E-4
6.900000E-9	-1.507147E-4
6.950000E-9	-1.678442E-4
7.000000E-9	-1.661313E-4
7.050000E-9	-1.575665E-4
7.100000E-9	-1.267334E-4
7.150000E-9	-6.506723E-5
7.200000E-9	1.544143E-5
7.250000E-9	1.096537E-4
7.300000E-9	2.072918E-4
7.350000E-9	2.826616E-4
7.400000E-9	3.134947E-4
7.450000E-9	3.032170E-4
7.500000E-9	2.449767E-4
7.550000E-9	1.319220E-4
7.600000E-9	-2.224348E-5
7.650000E-9	-2.038162E-4
7.700000E-9	-4.059443E-4
7.750000E-9	-5.995076E-4
7.800000E-9	-7.536731E-4
7.850000E-9	-8.752926E-4
7.900000E-9	-9.677919E-4
7.950000E-9	-9.917732E-4
8.000000E-9	-9.352459E-4
8.050000E-9	-8.410336E-4
8.100000E-9	-7.262659E-4
8.150000E-9	-5.738134E-4
8.200000E-9	-4.110831E-4
8.250000E-9	-2.808989E-4
8.300000E-9	-1.781219E-4
8.350000E-9	-1.010392E-4
8.400000E-9	-7.534493E-5
8.450000E-9	-1.010392E-4
8.500000E-9	-1.507147E-4
8.550000E-9	-2.140939E-4
8.600000E-9	-2.808989E-4
8.650000E-9	-3.340004E-4
8.700000E-9	-3.802500E-4
8.750000E-9	-4.213608E-4
8.800000E-9	-4.436292E-4
8.850000E-9	-4.504810E-4
8.900000E-9	-4.556198E-4
8.950000E-9	-4.761752E-4
9.000000E-9	-5.172860E-4
9.050000E-9	-5.755263E-4
9.100000E-9	-6.337666E-4
9.150000E-9	-7.057105E-4
9.200000E-9	-7.982098E-4
9.250000E-9	-8.907092E-4
9.300000E-9	-9.506624E-4
9.350000E-9	-9.797826E-4
9.400000E-9	-9.729308E-4
9.450000E-9	-9.386718E-4
9.500000E-9	-8.924221E-4
9.550000E-9	-8.427466E-4
9.600000E-9	-7.793674E-4
9.650000E-9	-7.074235E-4
9.700000E-9	-6.474702E-4
9.750000E-9	-6.046465E-4
9.800000E-9	-5.772393E-4
9.850000E-9	-5.618227E-4
9.900000E-9	-5.327026E-4
9.950000E-9	-4.830270E-4
1.000000E-8	-4.076572E-4
1.005000E-8	-3.134450E-4
1.010000E-8	-1.969644E-4
1.015000E-8	-9.590033E-5
1.020000E-8	-2.224348E-5
1.025000E-8	2.743208E-5
1.030000E-8	5.312633E-5
1.035000E-8	4.627453E-5
1.040000E-8	1.544143E-5
1.045000E-8	-3.252118E-5
1.050000E-8	-9.418738E-5
1.055000E-8	-1.558536E-4
1.060000E-8	-2.038162E-4
1.065000E-8	-2.260845E-4
1.070000E-8	-2.209457E-4
1.075000E-8	-1.935385E-4
1.080000E-8	-1.575665E-4
1.085000E-8	-1.164557E-4
1.090000E-8	-6.506723E-5
1.095000E-8	-2.566938E-5
1.100000E-8	-2.909528E-5
1.105000E-8	-8.733558E-5
1.110000E-8	-1.798349E-4
1.115000E-8	-2.843248E-4
1.120000E-8	-3.836759E-4
1.125000E-8	-4.847400E-4
1.130000E-8	-5.875170E-4
1.135000E-8	-6.783033E-4
1.140000E-8	-7.382566E-4
1.145000E-8	-7.708026E-4
1.150000E-8	-7.639508E-4
1.155000E-8	-7.159882E-4
1.160000E-8	-6.457573E-4
1.165000E-8	-5.446932E-4
1.170000E-8	-4.076572E-4
1.175000E-8	-2.654824E-4
1.180000E-8	-1.472888E-4
1.185000E-8	-4.622478E-5
1.190000E-8	4.284863E-5
1.195000E-8	9.595008E-5
1.200000E-8	1.113666E-4
1.205000E-8	1.096537E-4
1.210000E-8	9.423713E-5
1.215000E-8	5.997813E-5
1.220000E-8	3.085798E-5
1.225000E-8	1.372848E-5
1.230000E-8	3.450775E-6
1.235000E-8	-3.401025E-6
1.240000E-8	6.876675E-6
1.245000E-8	3.428388E-5
1.250000E-8	5.312633E-5
1.255000E-8	5.141338E-5
1.260000E-8	3.599683E-5
1.265000E-8	1.372848E-5
1.270000E-8	-2.566938E-5
1.275000E-8	-9.076148E-5
1.280000E-8	-1.627054E-4
1.285000E-8	-2.432140E-4
1.290000E-8	-3.357133E-4
1.295000E-8	-4.196479E-4
1.300000E-8	-4.847400E-4
1.305000E-8	-5.464062E-4
1.310000E-8	-6.200630E-4
1.315000E-8	-6.954328E-4
1.320000E-8	-7.622379E-4
1.325000E-8	-8.153394E-4
1.330000E-8	-8.495984E-4
1.335000E-8	-8.444595E-4
1.340000E-8	-8.102005E-4
1.345000E-8	-7.605249E-4
1.350000E-8	-6.817292E-4
1.355000E-8	-5.464062E-4
1.360000E-8	-3.682594E-4
1.365000E-8	-1.627054E-4
1.370000E-8	4.456158E-5
1.375000E-8	2.107177E-4
1.380000E-8	3.340501E-4
1.385000E-8	4.573825E-4
1.390000E-8	5.464559E-4
1.395000E-8	5.344653E-4
1.400000E-8	4.522437E-4
1.405000E-8	3.580314E-4
1.410000E-8	2.415508E-4
1.415000E-8	8.224648E-5
1.420000E-8	-5.136363E-5
1.425000E-8	-1.438629E-4
1.430000E-8	-2.380752E-4
1.435000E-8	-3.151579E-4
1.440000E-8	-3.220097E-4
1.445000E-8	-2.980284E-4
1.450000E-8	-2.826119E-4
1.455000E-8	-2.260845E-4
1.460000E-8	-1.301593E-4
1.465000E-8	-9.247443E-5
1.470000E-8	-1.181687E-4
1.475000E-8	-1.335852E-4
1.480000E-8	-1.335852E-4
1.485000E-8	-1.472888E-4
1.490000E-8	-1.558536E-4
1.495000E-8	-1.558536E-4
1.500000E-8	-1.935385E-4
1.505000E-8	-2.466399E-4
1.510000E-8	-2.346493E-4
1.515000E-8	-1.678442E-4
1.520000E-8	-1.061780E-4
1.525000E-8	-6.678018E-5
1.530000E-8	-3.766003E-5
1.535000E-8	-1.710463E-5
1.540000E-8	-1.025283E-5
1.545000E-8	-2.566938E-5
1.550000E-8	-5.650248E-5
1.555000E-8	-8.048378E-5
1.560000E-8	-8.219673E-5
1.565000E-8	-7.534493E-5
1.570000E-8	-7.020608E-5
1.575000E-8	-7.191903E-5
1.580000E-8	-7.534493E-5
1.585000E-8	-4.108593E-5
1.590000E-8	5.312633E-5
1.595000E-8	1.182184E-4
1.600000E-8	1.147925E-4
1.605000E-8	1.267832E-4
1.610000E-8	2.158566E-4
1.615000E-8	3.015041E-4
1.620000E-8	3.323372E-4
1.625000E-8	3.528926E-4
1.630000E-8	3.905775E-4
1.635000E-8	4.214106E-4
1.640000E-8	4.334012E-4
1.645000E-8	4.162717E-4
1.650000E-8	3.854386E-4
1.655000E-8	3.614573E-4
1.660000E-8	3.254854E-4
1.665000E-8	2.346990E-4
1.670000E-8	1.302091E-4
1.675000E-8	5.997813E-5
1.680000E-8	-3.423413E-5
1.685000E-8	-1.678442E-4
1.690000E-8	-2.586306E-4
1.695000E-8	-2.757601E-4
1.700000E-8	-2.723342E-4
1.705000E-8	-2.894637E-4
1.710000E-8	-3.048802E-4
1.715000E-8	-3.065932E-4
1.720000E-8	-2.946025E-4
1.725000E-8	-2.706212E-4
1.730000E-8	-2.671953E-4
1.735000E-8	-2.808989E-4
1.740000E-8	-2.843248E-4
1.745000E-8	-2.689083E-4
1.750000E-8	-2.483529E-4
1.755000E-8	-2.123809E-4
1.760000E-8	-1.490018E-4
1.765000E-8	-6.506723E-5
1.770000E-8	3.257093E-5
1.775000E-8	1.576163E-4
1.780000E-8	2.997911E-4
1.785000E-8	4.539566E-4
1.790000E-8	6.372423E-4
1.795000E-8	8.530740E-4
1.800000E-8	1.113442E-3
1.805000E-8	1.464597E-3
1.810000E-8	1.992186E-3
1.815000E-8	2.749310E-3
1.820000E-8	3.773654E-3
1.825000E-8	5.142301E-3
1.830000E-8	6.916917E-3
1.835000E-8	9.143752E-3
1.840000E-8	1.184679E-2
1.845000E-8	1.500547E-2
1.850000E-8	1.852558E-2
1.855000E-8	2.234032E-2
1.860000E-8	2.642742E-2
1.865000E-8	3.068924E-2
1.870000E-8	3.498874E-2
1.875000E-8	3.925399E-2
1.880000E-8	4.345243E-2
1.885000E-8	4.743675E-2
1.890000E-8	5.105964E-2
1.895000E-8	5.426114E-2
1.900000E-8	5.694705E-2
1.905000E-8	5.895634E-2
1.910000E-8	6.023763E-2
1.915000E-8	6.086457E-2
1.920000E-8	6.092795E-2
1.925000E-8	6.047401E-2
1.930000E-8	5.965522E-2
1.935000E-8	5.864972E-2
1.940000E-8	5.757741E-2
1.945000E-8	5.650682E-2
1.950000E-8	5.554072E-2
1.955000E-8	5.471679E-2
1.960000E-8	5.407786E-2
1.965000E-8	5.369073E-2
1.970000E-8	5.356911E-2
1.975000E-8	5.362393E-2
1.980000E-8	5.385689E-2
1.985000E-8	5.429198E-2
1.990000E-8	5.485211E-2
1.995000E-8	5.541225E-2
2.000000E-8	5.595525E-2
2.005000E-8	5.646571E-2
2.010000E-8	5.682029E-2
2.015000E-8	5.695390E-2
2.020000E-8	5.686825E-2
2.025000E-8	5.657877E-2
2.030000E-8	5.611627E-2
2.035000E-8	5.558183E-2
2.040000E-8	5.504910E-2
2.045000E-8	5.454892E-2
2.050000E-8	5.412239E-2
2.055000E-8	5.383462E-2
2.060000E-8	5.368902E-2
2.065000E-8	5.368217E-2
2.070000E-8	5.380721E-2
2.075000E-8	5.402647E-2
2.080000E-8	5.430911E-2
2.085000E-8	5.462943E-2
2.090000E-8	5.494290E-2
2.095000E-8	5.523753E-2
2.100000E-8	5.554757E-2
2.105000E-8	5.587646E-2
2.110000E-8	5.612655E-2
2.115000E-8	5.624817E-2
2.120000E-8	5.624645E-2
2.125000E-8	5.613169E-2
2.130000E-8	5.591928E-2
2.135000E-8	5.563150E-2
2.140000E-8	5.528206E-2
2.145000E-8	5.496688E-2
2.150000E-8	5.474248E-2
2.155000E-8	5.459517E-2
2.160000E-8	5.447184E-2
2.165000E-8	5.440503E-2
2.170000E-8	5.444272E-2
2.175000E-8	5.452836E-2
2.180000E-8	5.464484E-2
2.185000E-8	5.483156E-2
2.190000E-8	5.505253E-2
2.195000E-8	5.524266E-2
2.200000E-8	5.542081E-2
2.205000E-8	5.563322E-2
2.210000E-8	5.583706E-2
2.215000E-8	5.595183E-2
2.220000E-8	5.592099E-2
2.225000E-8	5.576511E-2
2.230000E-8	5.550475E-2
2.235000E-8	5.516216E-2
2.240000E-8	5.475961E-2
2.245000E-8	5.435022E-2
2.250000E-8	5.401448E-2
2.255000E-8	5.380379E-2
2.260000E-8	5.370957E-2
2.265000E-8	5.372842E-2
2.270000E-8	5.386203E-2
2.275000E-8	5.408471E-2
2.280000E-8	5.435364E-2
2.285000E-8	5.464998E-2
2.290000E-8	5.492748E-2
2.295000E-8	5.519299E-2
2.300000E-8	5.546877E-2
2.305000E-8	5.574456E-2
2.310000E-8	5.596210E-2
2.315000E-8	5.608201E-2
2.320000E-8	5.607002E-2
2.325000E-8	5.591585E-2
2.330000E-8	5.564349E-2
2.335000E-8	5.529748E-2
2.340000E-8	5.487267E-2
2.345000E-8	5.439647E-2
2.350000E-8	5.395966E-2
2.355000E-8	5.365990E-2
2.360000E-8	5.347319E-2
2.365000E-8	5.333786E-2
2.370000E-8	5.326592E-2
2.375000E-8	5.333786E-2
2.380000E-8	5.351258E-2
2.385000E-8	5.371985E-2
2.390000E-8	5.394425E-2
2.395000E-8	5.420633E-2
2.400000E-8	5.448383E-2
2.405000E-8	5.476133E-2
2.410000E-8	5.503882E-2
2.415000E-8	5.529748E-2
2.420000E-8	5.549789E-2
2.425000E-8	5.558697E-2
2.430000E-8	5.556812E-2
2.435000E-8	5.544137E-2
2.440000E-8	5.520669E-2
2.445000E-8	5.489836E-2
2.450000E-8	5.457633E-2
2.455000E-8	5.429369E-2
2.460000E-8	5.405388E-2
2.465000E-8	5.386031E-2
2.470000E-8	5.372328E-2
2.475000E-8	5.367018E-2
2.480000E-8	5.371129E-2
2.485000E-8	5.383805E-2
2.490000E-8	5.400420E-2
2.495000E-8	5.419605E-2
2.500000E-8	5.440846E-2
2.505000E-8	5.462429E-2
2.510000E-8	5.483498E-2
2.515000E-8	5.501313E-2
2.520000E-8	5.513989E-2
2.525000E-8	5.521012E-2
2.530000E-8	5.523067E-2
2.535000E-8	5.518100E-2
2.540000E-8	5.502683E-2
2.545000E-8	5.480072E-2
2.550000E-8	5.453008E-2
2.555000E-8	5.428855E-2
2.560000E-8	5.406244E-2
2.565000E-8	5.386031E-2
2.570000E-8	5.369244E-2
2.575000E-8	5.359994E-2
2.580000E-8	5.362221E-2
2.585000E-8	5.376096E-2
2.590000E-8	5.397508E-2
2.595000E-8	5.424401E-2
2.600000E-8	5.455920E-2
2.605000E-8	5.492063E-2
2.610000E-8	5.529234E-2
2.615000E-8	5.562123E-2
2.620000E-8	5.590558E-2
2.625000E-8	5.610942E-2
2.630000E-8	5.619164E-2
2.635000E-8	5.614710E-2
2.640000E-8	5.602034E-2
2.645000E-8	5.582507E-2
2.650000E-8	5.555442E-2
2.655000E-8	5.524266E-2
2.660000E-8	5.492748E-2
2.665000E-8	5.465855E-2
2.670000E-8	5.445471E-2
2.675000E-8	5.431082E-2
2.680000E-8	5.422860E-2
2.685000E-8	5.424059E-2
2.690000E-8	5.437420E-2
2.695000E-8	5.460202E-2
2.700000E-8	5.492748E-2
2.705000E-8	5.531461E-2
2.710000E-8	5.570002E-2
2.715000E-8	5.601692E-2
2.720000E-8	5.623789E-2
2.725000E-8	5.636807E-2
2.730000E-8	5.641603E-2
2.735000E-8	5.641603E-2
2.740000E-8	5.634238E-2
2.745000E-8	5.617108E-2
2.750000E-8	5.595011E-2
2.755000E-8	5.571715E-2
2.760000E-8	5.546192E-2
2.765000E-8	5.520841E-2
2.770000E-8	5.499429E-2
2.775000E-8	5.481443E-2
2.780000E-8	5.467739E-2
2.785000E-8	5.462943E-2
2.790000E-8	5.468596E-2
2.795000E-8	5.480586E-2
2.800000E-8	5.493947E-2
2.805000E-8	5.507137E-2
2.810000E-8	5.521183E-2
2.815000E-8	5.537799E-2
2.820000E-8	5.554414E-2
2.825000E-8	5.567775E-2
2.830000E-8	5.574627E-2
2.835000E-8	5.573257E-2
2.840000E-8	5.562979E-2
2.845000E-8	5.546021E-2
2.850000E-8	5.523924E-2
2.855000E-8	5.501655E-2
2.860000E-8	5.481957E-2
2.865000E-8	5.462600E-2
2.870000E-8	5.444100E-2
2.875000E-8	5.431767E-2
2.880000E-8	5.426800E-2
2.885000E-8	5.425258E-2
2.890000E-8	5.428170E-2
2.895000E-8	5.438619E-2
2.900000E-8	5.453008E-2
2.905000E-8	5.467739E-2
2.910000E-8	5.483669E-2
2.915000E-8	5.499086E-2
2.920000E-8	5.510563E-2
2.925000E-8	5.517243E-2
2.930000E-8	5.522725E-2
2.935000E-8	5.526322E-2
2.940000E-8	5.525808E-2
2.945000E-8	5.521697E-2
2.950000E-8	5.515530E-2
2.955000E-8	5.507479E-2
2.960000E-8	5.494461E-2
2.965000E-8	5.479045E-2
2.970000E-8	5.464484E-2
2.975000E-8	5.450952E-2
2.980000E-8	5.437934E-2
2.985000E-8	5.429198E-2
2.990000E-8	5.426457E-2
2.995000E-8	5.429540E-2
3.000000E-8	5.437591E-2
3.005000E-8	5.450096E-2
3.010000E-8	5.461059E-2
3.015000E-8	5.469109E-2
3.020000E-8	5.476818E-2
3.025000E-8	5.481443E-2
3.030000E-8	5.479558E-2
3.035000E-8	5.472707E-2
3.040000E-8	5.463628E-2
3.045000E-8	5.448554E-2
3.050000E-8	5.427485E-2
3.055000E-8	5.405388E-2
3.060000E-8	5.387059E-2
3.065000E-8	5.375411E-2
3.070000E-8	5.370615E-2
3.075000E-8	5.370272E-2
3.080000E-8	5.371814E-2
3.085000E-8	5.375068E-2
3.090000E-8	5.383633E-2
3.095000E-8	5.394596E-2
3.100000E-8	5.405730E-2
3.105000E-8	5.418064E-2
3.110000E-8	5.428855E-2
3.115000E-8	5.436906E-2
3.120000E-8	5.442387E-2
3.125000E-8	5.445813E-2
3.130000E-8	5.447184E-2
3.135000E-8	5.446327E-2
3.140000E-8	5.443586E-2
3.145000E-8	5.437077E-2
3.150000E-8	5.426800E-2
3.155000E-8	5.416864E-2
3.160000E-8	5.405388E-2
3.165000E-8	5.389457E-2
3.170000E-8	5.371643E-2
3.175000E-8	5.356226E-2
3.180000E-8	5.343550E-2
3.185000E-8	5.333786E-2
3.190000E-8	5.331046E-2
3.195000E-8	5.335157E-2
3.200000E-8	5.343893E-2
3.205000E-8	5.355541E-2
3.210000E-8	5.367531E-2
3.215000E-8	5.378152E-2
3.220000E-8	5.386031E-2
3.225000E-8	5.388258E-2
3.230000E-8	5.385004E-2
3.235000E-8	5.377809E-2
3.240000E-8	5.368217E-2
3.245000E-8	5.354856E-2
3.250000E-8	5.339439E-2
3.255000E-8	5.325735E-2
3.260000E-8	5.313231E-2
3.265000E-8	5.299699E-2
3.270000E-8	5.287708E-2
3.275000E-8	5.284453E-2
3.280000E-8	5.291648E-2
3.285000E-8	5.303467E-2
3.290000E-8	5.316486E-2
3.295000E-8	5.331902E-2
3.300000E-8	5.349717E-2
3.305000E-8	5.364106E-2
3.310000E-8	5.372842E-2
3.315000E-8	5.380550E-2
3.320000E-8	5.389115E-2
3.325000E-8	5.394939E-2
3.330000E-8	5.396652E-2
3.335000E-8	5.396138E-2
3.340000E-8	5.395453E-2
3.345000E-8	5.391855E-2
3.350000E-8	5.388087E-2
3.355000E-8	5.383291E-2
3.360000E-8	5.375925E-2
3.365000E-8	5.369758E-2
3.370000E-8	5.370443E-2
3.375000E-8	5.377295E-2
3.380000E-8	5.384490E-2
3.385000E-8	5.390656E-2
3.390000E-8	5.393226E-2
3.395000E-8	5.392541E-2
3.400000E-8	5.390828E-2
3.405000E-8	5.392541E-2
3.410000E-8	5.392541E-2
3.415000E-8	5.390656E-2
3.420000E-8	5.386203E-2
3.425000E-8	5.379693E-2
3.430000E-8	5.369758E-2
3.435000E-8	5.359994E-2
3.440000E-8	5.350231E-2
3.445000E-8	5.337384E-2
3.450000E-8	5.322310E-2
3.455000E-8	5.310319E-2
3.460000E-8	5.302439E-2
3.465000E-8	5.299356E-2
3.470000E-8	5.301583E-2
3.475000E-8	5.308606E-2
3.480000E-8	5.312203E-2
3.485000E-8	5.312717E-2
3.490000E-8	5.313745E-2
3.495000E-8	5.313231E-2
3.500000E-8	5.308263E-2
3.505000E-8	5.305523E-2
3.510000E-8	5.306379E-2
3.515000E-8	5.305865E-2
3.520000E-8	5.301583E-2
3.525000E-8	5.295416E-2
3.530000E-8	5.288907E-2
3.535000E-8	5.282740E-2
3.540000E-8	5.277602E-2
3.545000E-8	5.273662E-2
3.550000E-8	5.272291E-2
3.555000E-8	5.274861E-2
3.560000E-8	5.279315E-2
3.565000E-8	5.284625E-2
3.570000E-8	5.291990E-2
3.575000E-8	5.300041E-2
3.580000E-8	5.303981E-2
3.585000E-8	5.305009E-2
3.590000E-8	5.304838E-2
3.595000E-8	5.302097E-2
3.600000E-8	5.296787E-2
3.605000E-8	5.292333E-2
3.610000E-8	5.288736E-2
3.615000E-8	5.284625E-2
3.620000E-8	5.280856E-2
3.625000E-8	5.275375E-2
3.630000E-8	5.270065E-2
3.635000E-8	5.266296E-2
3.640000E-8	5.262185E-2
3.645000E-8	5.256532E-2
3.650000E-8	5.254648E-2
3.655000E-8	5.257389E-2
3.660000E-8	5.262356E-2
3.665000E-8	5.267666E-2
3.670000E-8	5.275717E-2
3.675000E-8	5.282740E-2
3.680000E-8	5.289078E-2
3.685000E-8	5.297472E-2
3.690000E-8	5.307064E-2
3.695000E-8	5.315629E-2
3.700000E-8	5.323166E-2
3.705000E-8	5.332416E-2
3.710000E-8	5.338925E-2
3.715000E-8	5.338583E-2
3.720000E-8	5.334643E-2
3.725000E-8	5.326935E-2
3.730000E-8	5.315458E-2
3.735000E-8	5.301583E-2
3.740000E-8	5.289250E-2
3.745000E-8	5.278458E-2
3.750000E-8	5.269551E-2
3.755000E-8	5.263213E-2
3.760000E-8	5.258759E-2
3.765000E-8	5.255162E-2
3.770000E-8	5.255505E-2
3.775000E-8	5.259616E-2
3.780000E-8	5.263555E-2
3.785000E-8	5.268523E-2
3.790000E-8	5.277430E-2
3.795000E-8	5.284282E-2
3.800000E-8	5.284796E-2
3.805000E-8	5.283426E-2
3.810000E-8	5.280685E-2
3.815000E-8	5.275203E-2
3.820000E-8	5.266810E-2
3.825000E-8	5.258759E-2
3.830000E-8	5.248995E-2
3.835000E-8	5.237176E-2
3.840000E-8	5.227755E-2
3.845000E-8	5.221931E-2
3.850000E-8	5.217306E-2
3.855000E-8	5.212852E-2
3.860000E-8	5.209769E-2
3.865000E-8	5.209255E-2
3.870000E-8	5.209255E-2
3.875000E-8	5.207371E-2
3.880000E-8	5.204459E-2
3.885000E-8	5.202746E-2
3.890000E-8	5.203088E-2
3.895000E-8	5.209084E-2
3.900000E-8	5.217648E-2
3.905000E-8	5.221246E-2
3.910000E-8	5.219704E-2
3.915000E-8	5.218162E-2
3.920000E-8	5.218847E-2
3.925000E-8	5.216792E-2
3.930000E-8	5.210111E-2
3.935000E-8	5.200348E-2
3.940000E-8	5.193838E-2
3.945000E-8	5.188871E-2
3.950000E-8	5.179621E-2
3.955000E-8	5.165061E-2
3.960000E-8	5.151528E-2
3.965000E-8	5.142964E-2
3.970000E-8	5.138681E-2
3.975000E-8	5.139024E-2
3.980000E-8	5.142964E-2
3.985000E-8	5.148788E-2
3.990000E-8	5.157181E-2
3.995000E-8	5.168829E-2
4.000000E-8	5.180306E-2
4.005000E-8	5.190412E-2
4.010000E-8	5.200348E-2
4.015000E-8	5.206685E-2
4.020000E-8	5.209255E-2
4.025000E-8	5.208741E-2
4.030000E-8	5.203945E-2
4.035000E-8	5.195380E-2
4.040000E-8	5.188357E-2
4.045000E-8	5.182533E-2
4.050000E-8	5.175338E-2
4.055000E-8	5.166602E-2
4.060000E-8	5.160778E-2
4.065000E-8	5.159237E-2
4.070000E-8	5.160607E-2
4.075000E-8	5.162663E-2
4.080000E-8	5.166602E-2
4.085000E-8	5.173968E-2
4.090000E-8	5.183218E-2
4.095000E-8	5.189727E-2
4.100000E-8	5.195209E-2
4.105000E-8	5.199148E-2
4.110000E-8	5.195209E-2
4.115000E-8	5.184417E-2
4.120000E-8	5.170028E-2
4.125000E-8	5.156153E-2
4.130000E-8	5.146390E-2
4.135000E-8	5.141765E-2
4.140000E-8	5.140908E-2
4.145000E-8	5.142964E-2
4.150000E-8	5.149816E-2
4.155000E-8	5.160436E-2
4.160000E-8	5.172769E-2
4.165000E-8	5.186301E-2
4.170000E-8	5.197778E-2
4.175000E-8	5.204630E-2
4.180000E-8	5.209426E-2
4.185000E-8	5.211653E-2
4.190000E-8	5.211482E-2
4.195000E-8	5.206514E-2
4.200000E-8	5.195723E-2
4.205000E-8	5.179450E-2
4.210000E-8	5.161464E-2
4.215000E-8	5.141593E-2
4.220000E-8	5.121038E-2
4.225000E-8	5.105279E-2
4.230000E-8	5.097742E-2
4.235000E-8	5.092603E-2
4.240000E-8	5.087807E-2
4.245000E-8	5.084723E-2
4.250000E-8	5.085580E-2
4.255000E-8	5.088321E-2
4.260000E-8	5.093973E-2
4.265000E-8	5.099626E-2
4.270000E-8	5.103566E-2
4.275000E-8	5.107163E-2
4.280000E-8	5.108020E-2
4.285000E-8	5.103566E-2
4.290000E-8	5.098598E-2
4.295000E-8	5.096200E-2
4.300000E-8	5.093631E-2
4.305000E-8	5.091918E-2
4.310000E-8	5.092774E-2
4.315000E-8	5.093631E-2
4.320000E-8	5.093973E-2
4.325000E-8	5.098598E-2
4.330000E-8	5.106478E-2
4.335000E-8	5.109219E-2
4.340000E-8	5.108020E-2
4.345000E-8	5.107677E-2
4.350000E-8	5.108020E-2
4.355000E-8	5.108191E-2
4.360000E-8	5.107677E-2
4.365000E-8	5.108362E-2
4.370000E-8	5.110760E-2
4.375000E-8	5.112131E-2
4.380000E-8	5.111274E-2
4.385000E-8	5.108191E-2
4.390000E-8	5.106307E-2
4.395000E-8	5.108362E-2
4.400000E-8	5.111617E-2
4.405000E-8	5.113330E-2
4.410000E-8	5.116242E-2
4.415000E-8	5.118640E-2
4.420000E-8	5.117441E-2
4.425000E-8	5.111103E-2
4.430000E-8	5.104936E-2
4.435000E-8	5.100825E-2
4.440000E-8	5.096543E-2
4.445000E-8	5.094659E-2
4.450000E-8	5.094830E-2
4.455000E-8	5.093288E-2
4.460000E-8	5.089177E-2
4.465000E-8	5.085580E-2
4.470000E-8	5.082325E-2
4.475000E-8	5.082497E-2
4.480000E-8	5.086094E-2
4.485000E-8	5.093459E-2
4.490000E-8	5.098770E-2
4.495000E-8	5.102024E-2
4.500000E-8	5.102196E-2
4.505000E-8	5.099797E-2
4.510000E-8	5.094316E-2
4.515000E-8	5.087464E-2
4.520000E-8	5.079756E-2
4.525000E-8	5.072219E-2
4.530000E-8	5.065538E-2
4.535000E-8	5.061427E-2
4.540000E-8	5.060057E-2
4.545000E-8	5.061941E-2
4.550000E-8	5.063483E-2
4.555000E-8	5.066566E-2
4.560000E-8	5.071020E-2
4.565000E-8	5.079413E-2
4.570000E-8	5.089006E-2
4.575000E-8	5.097571E-2
4.580000E-8	5.104422E-2
4.585000E-8	5.109047E-2
4.590000E-8	5.108533E-2
4.595000E-8	5.103052E-2
4.600000E-8	5.095686E-2
4.605000E-8	5.088492E-2
4.610000E-8	5.081640E-2
4.615000E-8	5.076673E-2
4.620000E-8	5.074103E-2
4.625000E-8	5.071876E-2
4.630000E-8	5.072219E-2
4.635000E-8	5.076844E-2
4.640000E-8	5.082154E-2
4.645000E-8	5.088149E-2
4.650000E-8	5.096885E-2
4.655000E-8	5.104422E-2
4.660000E-8	5.103908E-2
4.665000E-8	5.101853E-2
4.670000E-8	5.103223E-2
4.675000E-8	5.100311E-2
4.680000E-8	5.090719E-2
4.685000E-8	5.081469E-2
4.690000E-8	5.072048E-2
4.695000E-8	5.056460E-2
4.700000E-8	5.038645E-2
4.705000E-8	5.022372E-2
4.710000E-8	5.009182E-2
4.715000E-8	4.999932E-2
4.720000E-8	4.996164E-2
4.725000E-8	4.997020E-2
4.730000E-8	4.999932E-2
4.735000E-8	5.001303E-2
4.740000E-8	4.999590E-2
4.745000E-8	4.999761E-2
4.750000E-8	5.002844E-2
4.755000E-8	5.002673E-2
4.760000E-8	5.001645E-2
4.765000E-8	5.004386E-2
4.770000E-8	5.008840E-2
4.775000E-8	5.011923E-2
4.780000E-8	5.014150E-2
4.785000E-8	5.016548E-2
4.790000E-8	5.016891E-2
4.795000E-8	5.017233E-2
4.800000E-8	5.019289E-2
4.805000E-8	5.022029E-2
4.810000E-8	5.023571E-2
4.815000E-8	5.022543E-2
4.820000E-8	5.019803E-2
4.825000E-8	5.017233E-2
4.830000E-8	5.014492E-2
4.835000E-8	5.010724E-2
4.840000E-8	5.004900E-2
4.845000E-8	4.999076E-2
4.850000E-8	4.993594E-2
4.855000E-8	4.989312E-2
4.860000E-8	4.986914E-2
4.865000E-8	4.986229E-2
4.870000E-8	4.986571E-2
4.875000E-8	4.986400E-2
4.880000E-8	4.983659E-2
4.885000E-8	4.979891E-2
4.890000E-8	4.974923E-2
4.895000E-8	4.968757E-2
4.900000E-8	4.964132E-2
4.905000E-8	4.959678E-2
4.910000E-8	4.955738E-2
4.915000E-8	4.954711E-2
4.920000E-8	4.956252E-2
4.925000E-8	4.957280E-2
4.930000E-8	4.953854E-2
4.935000E-8	4.950086E-2
4.940000E-8	4.948373E-2
4.945000E-8	4.946831E-2
4.950000E-8	4.945289E-2
4.955000E-8	4.944433E-2
4.960000E-8	4.945632E-2
4.965000E-8	4.949400E-2
4.970000E-8	4.954368E-2
4.975000E-8	4.958308E-2
4.980000E-8	4.960877E-2
4.985000E-8	4.963447E-2
4.990000E-8	4.965160E-2
4.995000E-8	4.965673E-2
5.000000E-8	4.965502E-2
5.005000E-8	4.967215E-2
5.010000E-8	4.971840E-2
5.015000E-8	4.978692E-2
5.020000E-8	4.987428E-2
5.025000E-8	4.997534E-2
5.030000E-8	5.004386E-2
5.035000E-8	5.004215E-2
5.040000E-8	4.997534E-2
5.045000E-8	4.988456E-2
5.050000E-8	4.979377E-2
5.055000E-8	4.971669E-2
5.060000E-8	4.964817E-2
5.065000E-8	4.956252E-2
5.070000E-8	4.946488E-2
5.075000E-8	4.940664E-2
5.080000E-8	4.936211E-2
5.085000E-8	4.929701E-2
5.090000E-8	4.925419E-2
5.095000E-8	4.928331E-2
5.100000E-8	4.936039E-2
5.105000E-8	4.945461E-2
5.110000E-8	4.956081E-2
5.115000E-8	4.965160E-2
5.120000E-8	4.968243E-2
5.125000E-8	4.967044E-2
5.130000E-8	4.964817E-2
5.135000E-8	4.962247E-2
5.140000E-8	4.958308E-2
5.145000E-8	4.953169E-2
5.150000E-8	4.948201E-2
5.155000E-8	4.944604E-2
5.160000E-8	4.941178E-2
5.165000E-8	4.936211E-2
5.170000E-8	4.930215E-2
5.175000E-8	4.927132E-2
5.180000E-8	4.927817E-2
5.185000E-8	4.929701E-2
5.190000E-8	4.928674E-2
5.195000E-8	4.929359E-2
5.200000E-8	4.932100E-2
5.205000E-8	4.930901E-2
5.210000E-8	4.924734E-2
5.215000E-8	4.917539E-2
5.220000E-8	4.910688E-2
5.225000E-8	4.902808E-2
5.230000E-8	4.896984E-2
5.235000E-8	4.896128E-2
5.240000E-8	4.898183E-2
5.245000E-8	4.899040E-2
5.250000E-8	4.901780E-2
5.255000E-8	4.905378E-2
5.260000E-8	4.908118E-2
5.265000E-8	4.910345E-2
5.270000E-8	4.912401E-2
5.275000E-8	4.912401E-2
5.280000E-8	4.909146E-2
5.285000E-8	4.903322E-2
5.290000E-8	4.893387E-2
5.295000E-8	4.880711E-2
5.300000E-8	4.870947E-2
5.305000E-8	4.865980E-2
5.310000E-8	4.865466E-2
5.315000E-8	4.869406E-2
5.320000E-8	4.874202E-2
5.325000E-8	4.874887E-2
5.330000E-8	4.872832E-2
5.335000E-8	4.871290E-2
5.340000E-8	4.869577E-2
5.345000E-8	4.867521E-2
5.350000E-8	4.868207E-2
5.355000E-8	4.869919E-2
5.360000E-8	4.869577E-2
5.365000E-8	4.867693E-2
5.370000E-8	4.865295E-2
5.375000E-8	4.864609E-2
5.380000E-8	4.865295E-2
5.385000E-8	4.864267E-2
5.390000E-8	4.860670E-2
5.395000E-8	4.859299E-2
5.400000E-8	4.860156E-2
5.405000E-8	4.857929E-2
5.410000E-8	4.851591E-2
5.415000E-8	4.845938E-2
5.420000E-8	4.839943E-2
5.425000E-8	4.832063E-2
5.430000E-8	4.827096E-2
5.435000E-8	4.827096E-2
5.440000E-8	4.827610E-2
5.445000E-8	4.828295E-2
5.450000E-8	4.831036E-2
5.455000E-8	4.836860E-2
5.460000E-8	4.844054E-2
5.465000E-8	4.850734E-2
5.470000E-8	4.856387E-2
5.475000E-8	4.860498E-2
5.480000E-8	4.859813E-2
5.485000E-8	4.851077E-2
5.490000E-8	4.836174E-2
5.495000E-8	4.820244E-2
5.500000E-8	4.805341E-2
5.505000E-8	4.791980E-2
5.510000E-8	4.782730E-2
5.515000E-8	4.780503E-2
5.520000E-8	4.784615E-2
5.525000E-8	4.791980E-2
5.530000E-8	4.800031E-2
5.535000E-8	4.811337E-2
5.540000E-8	4.824698E-2
5.545000E-8	4.838059E-2
5.550000E-8	4.846966E-2
5.555000E-8	4.849707E-2
5.560000E-8	4.844397E-2
5.565000E-8	4.833262E-2
5.570000E-8	4.820244E-2
5.575000E-8	4.805170E-2
5.580000E-8	4.790267E-2
5.585000E-8	4.781189E-2
5.590000E-8	4.779133E-2
5.595000E-8	4.779647E-2
5.600000E-8	4.781360E-2
5.605000E-8	4.784272E-2
5.610000E-8	4.786328E-2
5.615000E-8	4.787355E-2
5.620000E-8	4.788212E-2
5.625000E-8	4.789240E-2
5.630000E-8	4.789411E-2
5.635000E-8	4.789068E-2
5.640000E-8	4.789411E-2
5.645000E-8	4.790610E-2
5.650000E-8	4.790096E-2
5.655000E-8	4.788040E-2
5.660000E-8	4.786670E-2
5.665000E-8	4.787013E-2
5.670000E-8	4.791638E-2
5.675000E-8	4.800716E-2
5.680000E-8	4.810823E-2
5.685000E-8	4.821272E-2
5.690000E-8	4.830864E-2
5.695000E-8	4.836174E-2
5.700000E-8	4.835318E-2
5.705000E-8	4.831207E-2
5.710000E-8	4.827610E-2
5.715000E-8	4.819387E-2
5.720000E-8	4.807739E-2
5.725000E-8	4.798147E-2
5.730000E-8	4.788212E-2
5.735000E-8	4.776735E-2
5.740000E-8	4.767828E-2
5.745000E-8	4.759092E-2
5.750000E-8	4.749499E-2
5.755000E-8	4.741277E-2
5.760000E-8	4.736995E-2
5.765000E-8	4.733569E-2
5.770000E-8	4.729800E-2
5.775000E-8	4.727231E-2
5.780000E-8	4.729286E-2
5.785000E-8	4.735453E-2
5.790000E-8	4.742647E-2
5.795000E-8	4.746930E-2
5.800000E-8	4.749842E-2
5.805000E-8	4.753268E-2
5.810000E-8	4.755152E-2
5.815000E-8	4.754638E-2
5.820000E-8	4.756351E-2
5.825000E-8	4.762689E-2
5.830000E-8	4.770054E-2
5.835000E-8	4.774166E-2
5.840000E-8	4.780161E-2
5.845000E-8	4.784957E-2
5.850000E-8	4.786156E-2
5.855000E-8	4.783929E-2
5.860000E-8	4.781874E-2
5.865000E-8	4.779133E-2
5.870000E-8	4.775536E-2
5.875000E-8	4.771939E-2
5.880000E-8	4.768513E-2
5.885000E-8	4.763031E-2
5.890000E-8	4.757550E-2
5.895000E-8	4.752754E-2
5.900000E-8	4.747101E-2
5.905000E-8	4.743675E-2
5.910000E-8	4.741448E-2
5.915000E-8	4.739050E-2
5.920000E-8	4.735967E-2
5.925000E-8	4.734596E-2
5.930000E-8	4.733740E-2
5.935000E-8	4.728772E-2
5.940000E-8	4.722606E-2
5.945000E-8	4.719351E-2
5.950000E-8	4.719180E-2
5.955000E-8	4.721235E-2
5.960000E-8	4.726203E-2
5.965000E-8	4.732541E-2
5.970000E-8	4.736652E-2
5.975000E-8	4.738022E-2
5.980000E-8	4.736652E-2
5.985000E-8	4.733226E-2
5.990000E-8	4.729286E-2
5.995000E-8	4.727573E-2
6.000000E-8	4.729800E-2
6.005000E-8	4.732198E-2
6.010000E-8	4.732370E-2
6.015000E-8	4.733226E-2
6.020000E-8	4.734939E-2
6.025000E-8	4.737680E-2
6.030000E-8	4.741791E-2
6.035000E-8	4.746587E-2
6.040000E-8	4.749328E-2
6.045000E-8	4.749328E-2
6.050000E-8	4.747444E-2
6.055000E-8	4.746758E-2
6.060000E-8	4.744874E-2
6.065000E-8	4.743675E-2
6.070000E-8	4.741791E-2
6.075000E-8	4.738022E-2
6.080000E-8	4.735795E-2
6.085000E-8	4.736138E-2
6.090000E-8	4.737337E-2
6.095000E-8	4.733569E-2
6.100000E-8	4.725004E-2
6.105000E-8	4.717638E-2
6.110000E-8	4.712842E-2
6.115000E-8	4.707874E-2
6.120000E-8	4.701365E-2
6.125000E-8	4.696740E-2
6.130000E-8	4.695370E-2
6.135000E-8	4.692115E-2
6.140000E-8	4.687833E-2
6.145000E-8	4.685435E-2
6.150000E-8	4.687490E-2
6.155000E-8	4.688689E-2
6.160000E-8	4.688175E-2
6.165000E-8	4.687662E-2
6.170000E-8	4.687662E-2
6.175000E-8	4.685092E-2
6.180000E-8	4.680296E-2
6.185000E-8	4.676185E-2
6.190000E-8	4.672588E-2
6.195000E-8	4.666421E-2
6.200000E-8	4.661111E-2
6.205000E-8	4.659912E-2
6.210000E-8	4.660083E-2
6.215000E-8	4.660426E-2
6.220000E-8	4.664365E-2
6.225000E-8	4.670361E-2
6.230000E-8	4.675671E-2
6.235000E-8	4.682351E-2
6.240000E-8	4.691259E-2
6.245000E-8	4.697254E-2
6.250000E-8	4.697254E-2
6.255000E-8	4.693314E-2
6.260000E-8	4.686976E-2
6.265000E-8	4.677726E-2
6.270000E-8	4.668477E-2
6.275000E-8	4.659569E-2
6.280000E-8	4.651518E-2
6.285000E-8	4.645866E-2
6.290000E-8	4.642611E-2
6.295000E-8	4.641412E-2
6.300000E-8	4.642440E-2
6.305000E-8	4.645180E-2
6.310000E-8	4.648092E-2
6.315000E-8	4.649634E-2
6.320000E-8	4.649120E-2
6.325000E-8	4.649292E-2
6.330000E-8	4.650148E-2
6.335000E-8	4.651176E-2
6.340000E-8	4.651518E-2
6.345000E-8	4.652204E-2
6.350000E-8	4.653916E-2
6.355000E-8	4.655972E-2
6.360000E-8	4.658370E-2
6.365000E-8	4.664365E-2
6.370000E-8	4.672245E-2
6.375000E-8	4.677726E-2
6.380000E-8	4.679268E-2
6.385000E-8	4.680125E-2
6.390000E-8	4.680296E-2
6.395000E-8	4.680467E-2
6.400000E-8	4.679953E-2
6.405000E-8	4.679782E-2
6.410000E-8	4.681324E-2
6.415000E-8	4.683893E-2
6.420000E-8	4.684236E-2
6.425000E-8	4.681666E-2
6.430000E-8	4.678240E-2
6.435000E-8	4.676699E-2
6.440000E-8	4.673615E-2
6.445000E-8	4.670361E-2
6.450000E-8	4.669847E-2
6.455000E-8	4.669676E-2
6.460000E-8	4.664194E-2
6.465000E-8	4.656486E-2
6.470000E-8	4.649977E-2
6.475000E-8	4.642954E-2
6.480000E-8	4.633190E-2
6.485000E-8	4.625482E-2
6.490000E-8	4.621199E-2
6.495000E-8	4.618630E-2
6.500000E-8	4.614861E-2
6.505000E-8	4.612977E-2
6.510000E-8	4.615889E-2
6.515000E-8	4.621542E-2
6.520000E-8	4.626167E-2
6.525000E-8	4.630278E-2
6.530000E-8	4.634218E-2
6.535000E-8	4.634731E-2
6.540000E-8	4.629250E-2
6.545000E-8	4.621028E-2
6.550000E-8	4.613148E-2
6.555000E-8	4.606639E-2
6.560000E-8	4.601672E-2
6.565000E-8	4.599102E-2
6.570000E-8	4.597218E-2
6.575000E-8	4.598246E-2
6.580000E-8	4.601843E-2
6.585000E-8	4.607324E-2
6.590000E-8	4.613148E-2
6.595000E-8	4.618972E-2
6.600000E-8	4.625995E-2
6.605000E-8	4.627537E-2
6.610000E-8	4.623426E-2
6.615000E-8	4.616917E-2
6.620000E-8	4.607667E-2
6.625000E-8	4.593278E-2
6.630000E-8	4.578033E-2
6.635000E-8	4.565186E-2
6.640000E-8	4.554051E-2
6.645000E-8	4.547200E-2
6.650000E-8	4.545487E-2
6.655000E-8	4.545487E-2
6.660000E-8	4.545315E-2
6.665000E-8	4.548399E-2
6.670000E-8	4.554394E-2
6.675000E-8	4.556107E-2
6.680000E-8	4.553538E-2
6.685000E-8	4.550283E-2
6.690000E-8	4.549084E-2
6.695000E-8	4.549084E-2
6.700000E-8	4.552339E-2
6.705000E-8	4.554908E-2
6.710000E-8	4.556450E-2
6.715000E-8	4.557477E-2
6.720000E-8	4.559190E-2
6.725000E-8	4.559362E-2
6.730000E-8	4.558163E-2
6.735000E-8	4.556792E-2
6.740000E-8	4.554737E-2
6.745000E-8	4.548913E-2
6.750000E-8	4.541890E-2
6.755000E-8	4.537950E-2
6.760000E-8	4.538292E-2
6.765000E-8	4.538806E-2
6.770000E-8	4.538464E-2
6.775000E-8	4.542746E-2
6.780000E-8	4.548570E-2
6.785000E-8	4.550968E-2
6.790000E-8	4.549940E-2
6.795000E-8	4.550454E-2
6.800000E-8	4.550283E-2
6.805000E-8	4.544116E-2
6.810000E-8	4.533839E-2
6.815000E-8	4.524417E-2
6.820000E-8	4.516709E-2
6.825000E-8	4.510714E-2
6.830000E-8	4.506774E-2
6.835000E-8	4.507973E-2
6.840000E-8	4.514825E-2
6.845000E-8	4.523390E-2
6.850000E-8	4.532982E-2
6.855000E-8	4.545487E-2
6.860000E-8	4.563644E-2
6.865000E-8	4.580602E-2
6.870000E-8	4.590537E-2
6.875000E-8	4.593449E-2
6.880000E-8	4.594991E-2
6.885000E-8	4.594820E-2
6.890000E-8	4.588996E-2
6.895000E-8	4.578718E-2
6.900000E-8	4.567413E-2
6.905000E-8	4.558505E-2
6.910000E-8	4.550797E-2
6.915000E-8	4.540690E-2
6.920000E-8	4.530927E-2
6.925000E-8	4.524075E-2
6.930000E-8	4.518765E-2
6.935000E-8	4.514311E-2
6.940000E-8	4.511742E-2
6.945000E-8	4.511056E-2
6.950000E-8	4.512084E-2
6.955000E-8	4.511913E-2
6.960000E-8	4.508316E-2
6.965000E-8	4.502834E-2
6.970000E-8	4.498723E-2
6.975000E-8	4.499237E-2
6.980000E-8	4.502834E-2
6.985000E-8	4.507117E-2
6.990000E-8	4.510714E-2
6.995000E-8	4.513797E-2
7.000000E-8	4.517737E-2
7.005000E-8	4.521677E-2
7.010000E-8	4.526302E-2
7.015000E-8	4.531612E-2
7.020000E-8	4.536579E-2
7.025000E-8	4.538635E-2
7.030000E-8	4.538978E-2
7.035000E-8	4.538978E-2
7.040000E-8	4.540690E-2
7.045000E-8	4.544459E-2
7.050000E-8	4.549769E-2
7.055000E-8	4.554051E-2
7.060000E-8	4.557649E-2
7.065000E-8	4.560047E-2
7.070000E-8	4.561246E-2
7.075000E-8	4.562274E-2
7.080000E-8	4.563473E-2
7.085000E-8	4.561075E-2
7.090000E-8	4.554051E-2
7.095000E-8	4.549255E-2
7.100000E-8	4.549255E-2
7.105000E-8	4.549598E-2
7.110000E-8	4.549084E-2
7.115000E-8	4.548399E-2
7.120000E-8	4.545829E-2
7.125000E-8	4.540862E-2
7.130000E-8	4.535894E-2
7.135000E-8	4.532126E-2
7.140000E-8	4.528529E-2
7.145000E-8	4.526987E-2
7.150000E-8	4.526302E-2
7.155000E-8	4.522876E-2
7.160000E-8	4.518936E-2
7.165000E-8	4.516195E-2
7.170000E-8	4.514140E-2
7.175000E-8	4.510714E-2
7.180000E-8	4.504547E-2
7.185000E-8	4.497524E-2
7.190000E-8	4.489987E-2
7.195000E-8	4.481422E-2
7.200000E-8	4.471145E-2
7.205000E-8	4.456242E-2
7.210000E-8	4.440654E-2
7.215000E-8	4.426608E-2
7.220000E-8	4.412904E-2
7.225000E-8	4.401599E-2
7.230000E-8	4.397317E-2
7.235000E-8	4.397488E-2
7.240000E-8	4.396460E-2
7.245000E-8	4.396118E-2
7.250000E-8	4.401256E-2
7.255000E-8	4.407594E-2
7.260000E-8	4.412391E-2
7.265000E-8	4.420270E-2
7.270000E-8	4.432089E-2
7.275000E-8	4.444251E-2
7.280000E-8	4.457099E-2
7.285000E-8	4.473200E-2
7.290000E-8	4.488959E-2
7.295000E-8	4.499751E-2
7.300000E-8	4.509515E-2
7.305000E-8	4.520992E-2
7.310000E-8	4.529899E-2
7.315000E-8	4.532126E-2
7.320000E-8	4.528871E-2
7.325000E-8	4.522191E-2
7.330000E-8	4.512427E-2
7.335000E-8	4.500265E-2
7.340000E-8	4.490330E-2
7.345000E-8	4.480737E-2
7.350000E-8	4.469260E-2
7.355000E-8	4.456756E-2
7.360000E-8	4.445622E-2
7.365000E-8	4.434488E-2
7.370000E-8	4.421812E-2
7.375000E-8	4.409307E-2
7.380000E-8	4.401770E-2
7.385000E-8	4.399543E-2
7.390000E-8	4.400057E-2
7.395000E-8	4.400914E-2
7.400000E-8	4.400914E-2
7.405000E-8	4.402455E-2
7.410000E-8	4.405025E-2
7.415000E-8	4.407937E-2
7.420000E-8	4.410164E-2
7.425000E-8	4.412562E-2
7.430000E-8	4.412733E-2
7.435000E-8	4.412048E-2
7.440000E-8	4.409821E-2
7.445000E-8	4.404340E-2
7.450000E-8	4.398516E-2
7.455000E-8	4.397659E-2
7.460000E-8	4.398687E-2
7.465000E-8	4.398344E-2
7.470000E-8	4.398687E-2
7.475000E-8	4.404511E-2
7.480000E-8	4.411534E-2
7.485000E-8	4.416673E-2
7.490000E-8	4.418728E-2
7.495000E-8	4.418900E-2
7.500000E-8	4.417701E-2
7.505000E-8	4.414446E-2
7.510000E-8	4.408965E-2
7.515000E-8	4.402284E-2
7.520000E-8	4.396460E-2
7.525000E-8	4.390293E-2
7.530000E-8	4.383270E-2
7.535000E-8	4.379331E-2
7.540000E-8	4.378817E-2
7.545000E-8	4.377789E-2
7.550000E-8	4.377618E-2
7.555000E-8	4.381729E-2
7.560000E-8	4.389437E-2
7.565000E-8	4.396974E-2
7.570000E-8	4.403141E-2
7.575000E-8	4.407252E-2
7.580000E-8	4.408622E-2
7.585000E-8	4.408793E-2
7.590000E-8	4.408793E-2
7.595000E-8	4.406566E-2
7.600000E-8	4.402627E-2
7.605000E-8	4.401085E-2
7.610000E-8	4.404682E-2
7.615000E-8	4.407937E-2
7.620000E-8	4.408451E-2
7.625000E-8	4.411363E-2
7.630000E-8	4.415645E-2
7.635000E-8	4.416330E-2
7.640000E-8	4.412562E-2
7.645000E-8	4.408108E-2
7.650000E-8	4.406738E-2
7.655000E-8	4.407252E-2
7.660000E-8	4.407594E-2
7.665000E-8	4.407594E-2
7.670000E-8	4.409479E-2
7.675000E-8	4.414789E-2
7.680000E-8	4.418557E-2
7.685000E-8	4.420613E-2
7.690000E-8	4.424210E-2
7.695000E-8	4.428492E-2
7.700000E-8	4.429349E-2
7.705000E-8	4.426608E-2
7.710000E-8	4.421812E-2
7.715000E-8	4.412904E-2
7.720000E-8	4.401256E-2
7.725000E-8	4.387381E-2
7.730000E-8	4.372136E-2
7.735000E-8	4.355521E-2
7.740000E-8	4.340618E-2
7.745000E-8	4.329826E-2
7.750000E-8	4.323660E-2
7.755000E-8	4.319206E-2
7.760000E-8	4.314752E-2
7.765000E-8	4.310813E-2
7.770000E-8	4.311155E-2
7.775000E-8	4.312183E-2
7.780000E-8	4.311155E-2
7.785000E-8	4.311840E-2
7.790000E-8	4.315438E-2
7.795000E-8	4.314410E-2
7.800000E-8	4.309956E-2
7.805000E-8	4.310813E-2
7.810000E-8	4.314410E-2
7.815000E-8	4.314581E-2
7.820000E-8	4.312183E-2
7.825000E-8	4.310984E-2
7.830000E-8	4.309100E-2
7.835000E-8	4.308757E-2
7.840000E-8	4.311155E-2
7.845000E-8	4.314581E-2
7.850000E-8	4.319206E-2
7.855000E-8	4.327771E-2
7.860000E-8	4.334965E-2
7.865000E-8	4.337877E-2
7.870000E-8	4.341474E-2
7.875000E-8	4.346613E-2
7.880000E-8	4.345585E-2
7.885000E-8	4.336164E-2
7.890000E-8	4.322803E-2
7.895000E-8	4.307215E-2
7.900000E-8	4.288373E-2
7.905000E-8	4.270216E-2
7.910000E-8	4.259081E-2
7.915000E-8	4.255998E-2
7.920000E-8	4.257026E-2
7.925000E-8	4.261137E-2
7.930000E-8	4.271929E-2
7.935000E-8	4.290771E-2
7.940000E-8	4.312183E-2
7.945000E-8	4.331197E-2
7.950000E-8	4.344729E-2
7.955000E-8	4.353294E-2
7.960000E-8	4.354835E-2
7.965000E-8	4.349354E-2
7.970000E-8	4.339419E-2
7.975000E-8	4.325373E-2
7.980000E-8	4.308243E-2
7.985000E-8	4.291456E-2
7.990000E-8	4.278780E-2
7.995000E-8	4.268160E-2
8.000000E-8	4.258396E-2
8.005000E-8	4.249832E-2
8.010000E-8	4.244008E-2
8.015000E-8	4.239211E-2
8.020000E-8	4.237327E-2
8.025000E-8	4.239725E-2
8.030000E-8	4.245378E-2
8.035000E-8	4.252058E-2
8.040000E-8	4.263364E-2
8.045000E-8	4.278095E-2
8.050000E-8	4.291114E-2
8.055000E-8	4.301049E-2
8.060000E-8	4.310470E-2
8.065000E-8	4.319891E-2
8.070000E-8	4.326058E-2
8.075000E-8	4.327771E-2
8.080000E-8	4.326058E-2
8.085000E-8	4.324516E-2
8.090000E-8	4.321604E-2
8.095000E-8	4.317322E-2
8.100000E-8	4.309956E-2
8.105000E-8	4.301563E-2
8.110000E-8	4.295910E-2
8.115000E-8	4.296938E-2
8.120000E-8	4.301734E-2
8.125000E-8	4.305845E-2
8.130000E-8	4.310641E-2
8.135000E-8	4.319035E-2
8.140000E-8	4.327257E-2
8.145000E-8	4.332910E-2
8.150000E-8	4.336164E-2
8.155000E-8	4.337363E-2
8.160000E-8	4.334794E-2
8.165000E-8	4.331711E-2
8.170000E-8	4.328285E-2
8.175000E-8	4.320405E-2
8.180000E-8	4.308243E-2
8.185000E-8	4.293169E-2
8.190000E-8	4.276211E-2
8.195000E-8	4.260452E-2
8.200000E-8	4.250688E-2
8.205000E-8	4.247433E-2
8.210000E-8	4.249489E-2
8.215000E-8	4.255998E-2
8.220000E-8	4.266105E-2
8.225000E-8	4.276211E-2
8.230000E-8	4.284091E-2
8.235000E-8	4.289401E-2
8.240000E-8	4.290257E-2
8.245000E-8	4.285632E-2
8.250000E-8	4.277067E-2
8.255000E-8	4.268331E-2
8.260000E-8	4.262679E-2
8.265000E-8	4.258739E-2
8.270000E-8	4.254628E-2
8.275000E-8	4.252058E-2
8.280000E-8	4.251716E-2
8.285000E-8	4.252572E-2
8.290000E-8	4.256855E-2
8.295000E-8	4.263535E-2
8.300000E-8	4.270730E-2
8.305000E-8	4.275697E-2
8.310000E-8	4.277239E-2
8.315000E-8	4.273984E-2
8.320000E-8	4.265762E-2
8.325000E-8	4.255484E-2
8.330000E-8	4.246234E-2
8.335000E-8	4.241438E-2
8.340000E-8	4.242123E-2
8.345000E-8	4.247433E-2
8.350000E-8	4.257711E-2
8.355000E-8	4.269017E-2
8.360000E-8	4.278438E-2
8.365000E-8	4.284604E-2
8.370000E-8	4.286489E-2
8.375000E-8	4.286660E-2
8.380000E-8	4.284091E-2
8.385000E-8	4.276725E-2
8.390000E-8	4.265762E-2
8.395000E-8	4.253257E-2
8.400000E-8	4.241438E-2
8.405000E-8	4.230133E-2
8.410000E-8	4.218142E-2
8.415000E-8	4.206837E-2
8.420000E-8	4.195531E-2
8.425000E-8	4.185596E-2
8.430000E-8	4.179943E-2
8.435000E-8	4.177202E-2
8.440000E-8	4.177888E-2
8.445000E-8	4.181656E-2
8.450000E-8	4.188508E-2
8.455000E-8	4.196901E-2
8.460000E-8	4.205809E-2
8.465000E-8	4.214887E-2
8.470000E-8	4.221739E-2
8.475000E-8	4.226878E-2
8.480000E-8	4.230647E-2
8.485000E-8	4.235100E-2
8.490000E-8	4.239383E-2
8.495000E-8	4.241609E-2
8.500000E-8	4.239040E-2
8.505000E-8	4.233216E-2
8.510000E-8	4.226022E-2
8.515000E-8	4.218485E-2
8.520000E-8	4.209235E-2
8.525000E-8	4.202212E-2
8.530000E-8	4.200841E-2
8.535000E-8	4.202212E-2
8.540000E-8	4.202725E-2
8.545000E-8	4.201869E-2
8.550000E-8	4.200327E-2
8.555000E-8	4.199300E-2
8.560000E-8	4.198957E-2
8.565000E-8	4.197758E-2
8.570000E-8	4.196216E-2
8.575000E-8	4.194846E-2
8.580000E-8	4.194675E-2
8.585000E-8	4.194846E-2
8.590000E-8	4.196045E-2
8.595000E-8	4.198957E-2
8.600000E-8	4.203411E-2
8.605000E-8	4.206323E-2
8.610000E-8	4.208378E-2
8.615000E-8	4.210948E-2
8.620000E-8	4.215230E-2
8.625000E-8	4.217457E-2
8.630000E-8	4.216258E-2
8.635000E-8	4.214202E-2
8.640000E-8	4.209235E-2
8.645000E-8	4.200156E-2
8.650000E-8	4.191420E-2
8.655000E-8	4.187651E-2
8.660000E-8	4.184054E-2
8.665000E-8	4.179429E-2
8.670000E-8	4.177716E-2
8.675000E-8	4.180971E-2
8.680000E-8	4.183712E-2
8.685000E-8	4.186281E-2
8.690000E-8	4.190563E-2
8.695000E-8	4.194161E-2
8.700000E-8	4.193818E-2
8.705000E-8	4.193133E-2
8.710000E-8	4.194161E-2
8.715000E-8	4.193476E-2
8.720000E-8	4.188851E-2
8.725000E-8	4.183198E-2
8.730000E-8	4.179772E-2
8.735000E-8	4.178573E-2
8.740000E-8	4.179087E-2
8.745000E-8	4.180457E-2
8.750000E-8	4.183198E-2
8.755000E-8	4.184911E-2
8.760000E-8	4.184226E-2
8.765000E-8	4.178230E-2
8.770000E-8	4.170522E-2
8.775000E-8	4.163156E-2
8.780000E-8	4.155962E-2
8.785000E-8	4.147568E-2
8.790000E-8	4.139346E-2
8.795000E-8	4.134893E-2
8.800000E-8	4.132494E-2
8.805000E-8	4.129411E-2
8.810000E-8	4.127698E-2
8.815000E-8	4.128726E-2
8.820000E-8	4.132494E-2
8.825000E-8	4.135578E-2
8.830000E-8	4.140545E-2
8.835000E-8	4.146883E-2
8.840000E-8	4.152879E-2
8.845000E-8	4.155277E-2
8.850000E-8	4.157675E-2
8.855000E-8	4.160758E-2
8.860000E-8	4.163328E-2
8.865000E-8	4.165897E-2
8.870000E-8	4.169323E-2
8.875000E-8	4.170522E-2
8.880000E-8	4.167953E-2
8.885000E-8	4.162471E-2
8.890000E-8	4.155619E-2
8.895000E-8	4.147397E-2
8.900000E-8	4.139175E-2
8.905000E-8	4.129925E-2
8.910000E-8	4.120161E-2
8.915000E-8	4.108684E-2
8.920000E-8	4.098578E-2
8.925000E-8	4.091384E-2
8.930000E-8	4.084189E-2
8.935000E-8	4.074597E-2
8.940000E-8	4.066032E-2
8.945000E-8	4.062092E-2
8.950000E-8	4.058838E-2
8.955000E-8	4.054041E-2
8.960000E-8	4.052500E-2
8.965000E-8	4.055240E-2
8.970000E-8	4.059180E-2
8.975000E-8	4.064662E-2
8.980000E-8	4.074254E-2
8.985000E-8	4.083504E-2
8.990000E-8	4.088986E-2
8.995000E-8	4.091898E-2
9.000000E-8	4.092754E-2
9.005000E-8	4.091726E-2
9.010000E-8	4.091555E-2
9.015000E-8	4.092069E-2
9.020000E-8	4.092925E-2
9.025000E-8	4.092925E-2
9.030000E-8	4.093782E-2
9.035000E-8	4.094638E-2
9.040000E-8	4.095837E-2
9.045000E-8	4.098064E-2
9.050000E-8	4.100634E-2
9.055000E-8	4.102004E-2
9.060000E-8	4.102175E-2
9.065000E-8	4.102518E-2
9.070000E-8	4.103546E-2
9.075000E-8	4.104916E-2
9.080000E-8	4.105772E-2
9.085000E-8	4.109541E-2
9.090000E-8	4.118106E-2
9.095000E-8	4.125985E-2
9.100000E-8	4.128555E-2
9.105000E-8	4.127527E-2
9.110000E-8	4.126157E-2
9.115000E-8	4.121532E-2
9.120000E-8	4.114166E-2
9.125000E-8	4.106972E-2
9.130000E-8	4.101661E-2
9.135000E-8	4.097722E-2
9.140000E-8	4.094638E-2
9.145000E-8	4.090185E-2
9.150000E-8	4.084189E-2
9.155000E-8	4.079393E-2
9.160000E-8	4.076652E-2
9.165000E-8	4.073740E-2
9.170000E-8	4.071856E-2
9.175000E-8	4.074597E-2
9.180000E-8	4.079736E-2
9.185000E-8	4.084874E-2
9.190000E-8	4.089328E-2
9.195000E-8	4.092069E-2
9.200000E-8	4.092754E-2
9.205000E-8	4.092754E-2
9.210000E-8	4.090013E-2
9.215000E-8	4.084018E-2
9.220000E-8	4.079736E-2
9.225000E-8	4.076824E-2
9.230000E-8	4.071171E-2
9.235000E-8	4.066203E-2
9.240000E-8	4.064319E-2
9.245000E-8	4.062435E-2
9.250000E-8	4.056611E-2
9.255000E-8	4.052671E-2
9.260000E-8	4.055069E-2
9.265000E-8	4.060037E-2
9.270000E-8	4.065518E-2
9.275000E-8	4.069801E-2
9.280000E-8	4.068944E-2
9.285000E-8	4.064833E-2
9.290000E-8	4.060893E-2
9.295000E-8	4.057467E-2
9.300000E-8	4.051986E-2
9.305000E-8	4.048389E-2
9.310000E-8	4.049416E-2
9.315000E-8	4.051472E-2
9.320000E-8	4.053356E-2
9.325000E-8	4.055754E-2
9.330000E-8	4.059352E-2
9.335000E-8	4.065518E-2
9.340000E-8	4.073055E-2
9.345000E-8	4.079393E-2
9.350000E-8	4.084018E-2
9.355000E-8	4.083847E-2
9.360000E-8	4.078194E-2
9.365000E-8	4.069287E-2
9.370000E-8	4.062264E-2
9.375000E-8	4.056440E-2
9.380000E-8	4.049588E-2
9.385000E-8	4.043935E-2
9.390000E-8	4.039481E-2
9.395000E-8	4.036398E-2
9.400000E-8	4.037254E-2
9.405000E-8	4.045648E-2
9.410000E-8	4.055926E-2
9.415000E-8	4.063976E-2
9.420000E-8	4.071856E-2
9.425000E-8	4.080592E-2
9.430000E-8	4.087101E-2
9.435000E-8	4.088814E-2
9.440000E-8	4.088643E-2
9.445000E-8	4.088472E-2
9.450000E-8	4.087786E-2
9.455000E-8	4.083847E-2
9.460000E-8	4.076310E-2
9.465000E-8	4.067745E-2
9.470000E-8	4.059180E-2
9.475000E-8	4.051472E-2
9.480000E-8	4.040680E-2
9.485000E-8	4.029889E-2
9.490000E-8	4.023208E-2
9.495000E-8	4.020125E-2
9.500000E-8	4.018755E-2
9.505000E-8	4.017384E-2
9.510000E-8	4.018412E-2
9.515000E-8	4.020639E-2
9.520000E-8	4.021667E-2
9.525000E-8	4.021324E-2
9.530000E-8	4.019611E-2
9.535000E-8	4.016699E-2
9.540000E-8	4.012588E-2
9.545000E-8	4.008477E-2
9.550000E-8	4.005736E-2
9.555000E-8	4.002310E-2
9.560000E-8	3.998542E-2
9.565000E-8	3.995116E-2
9.570000E-8	3.995630E-2
9.575000E-8	3.997343E-2
9.580000E-8	3.999227E-2
9.585000E-8	4.001283E-2
9.590000E-8	4.001625E-2
9.595000E-8	3.998028E-2
9.600000E-8	3.993574E-2
9.605000E-8	3.989806E-2
9.610000E-8	3.983982E-2
9.615000E-8	3.973704E-2
9.620000E-8	3.960343E-2
9.625000E-8	3.947325E-2
9.630000E-8	3.938246E-2
9.635000E-8	3.934477E-2
9.640000E-8	3.933792E-2
9.645000E-8	3.936533E-2
9.650000E-8	3.944413E-2
9.655000E-8	3.955718E-2
9.660000E-8	3.964968E-2
9.665000E-8	3.973361E-2
9.670000E-8	3.983125E-2
9.675000E-8	3.994259E-2
9.680000E-8	4.003681E-2
9.685000E-8	4.010019E-2
9.690000E-8	4.013616E-2
9.695000E-8	4.016699E-2
9.700000E-8	4.019954E-2
9.705000E-8	4.019954E-2
9.710000E-8	4.015157E-2
9.715000E-8	4.007107E-2
9.720000E-8	3.996486E-2
9.725000E-8	3.984667E-2
9.730000E-8	3.974218E-2
9.735000E-8	3.966510E-2
9.740000E-8	3.959658E-2
9.745000E-8	3.954005E-2
9.750000E-8	3.949723E-2
9.755000E-8	3.946811E-2
9.760000E-8	3.944755E-2
9.765000E-8	3.945954E-2
9.770000E-8	3.951607E-2
9.775000E-8	3.960172E-2
9.780000E-8	3.969250E-2
9.785000E-8	3.977815E-2
9.790000E-8	3.983125E-2
9.795000E-8	3.986551E-2
9.800000E-8	3.991176E-2
9.805000E-8	3.995287E-2
9.810000E-8	3.995630E-2
9.815000E-8	3.993232E-2
9.820000E-8	3.989977E-2
9.825000E-8	3.983125E-2
9.830000E-8	3.972162E-2
9.835000E-8	3.961371E-2
9.840000E-8	3.952121E-2
9.845000E-8	3.944584E-2
9.850000E-8	3.942700E-2
9.855000E-8	3.944584E-2
9.860000E-8	3.944241E-2
9.865000E-8	3.941843E-2
9.870000E-8	3.938417E-2
9.875000E-8	3.931394E-2
9.880000E-8	3.923515E-2
9.885000E-8	3.918547E-2
9.890000E-8	3.915806E-2
9.895000E-8	3.912209E-2
9.900000E-8	3.909640E-2
9.905000E-8	3.906728E-2
9.910000E-8	3.903130E-2
9.915000E-8	3.902959E-2
9.920000E-8	3.907755E-2
9.925000E-8	3.916491E-2
9.930000E-8	3.927112E-2
9.935000E-8	3.939616E-2
9.940000E-8	3.949380E-2
9.945000E-8	3.955718E-2
9.950000E-8	3.959487E-2
9.955000E-8	3.960686E-2
9.960000E-8	3.959829E-2
9.965000E-8	3.960172E-2
9.970000E-8	3.960343E-2
9.975000E-8	3.959658E-2
9.980000E-8	3.957431E-2
9.985000E-8	3.954005E-2
9.990000E-8	3.948352E-2
9.995000E-8	3.942014E-2
1.000000E-7	3.937732E-2
1.000500E-7	3.935163E-2
1.001000E-7	3.933621E-2
1.001500E-7	3.933450E-2
1.002000E-7	3.935505E-2
1.002500E-7	3.937903E-2
1.003000E-7	3.938075E-2
1.003500E-7	3.934477E-2
1.004000E-7	3.928311E-2
1.004500E-7	3.919917E-2
1.005000E-7	3.911010E-2
1.005500E-7	3.902959E-2
1.006000E-7	3.896793E-2
1.006500E-7	3.891825E-2
1.007000E-7	3.888399E-2
1.007500E-7	3.888399E-2
1.008000E-7	3.891482E-2
1.008500E-7	3.899191E-2
1.009000E-7	3.910325E-2
1.009500E-7	3.922658E-2
1.010000E-7	3.931565E-2
1.010500E-7	3.935848E-2
1.011000E-7	3.936362E-2
1.011500E-7	3.934649E-2
1.012000E-7	3.930538E-2
1.012500E-7	3.925399E-2
1.013000E-7	3.919917E-2
1.013500E-7	3.915292E-2
1.014000E-7	3.911181E-2
1.014500E-7	3.908783E-2
1.015000E-7	3.911867E-2
1.015500E-7	3.920431E-2
1.016000E-7	3.930880E-2
1.016500E-7	3.940815E-2
1.017000E-7	3.952292E-2
1.017500E-7	3.966167E-2
1.018000E-7	3.979185E-2
1.018500E-7	3.985866E-2
1.019000E-7	3.983810E-2
1.019500E-7	3.974560E-2
1.020000E-7	3.961199E-2
1.020500E-7	3.946811E-2
1.021000E-7	3.931223E-2
1.021500E-7	3.913922E-2
1.022000E-7	3.899876E-2
1.022500E-7	3.890797E-2
1.023000E-7	3.885145E-2
1.023500E-7	3.881547E-2
1.024000E-7	3.882061E-2
1.024500E-7	3.884802E-2
1.025000E-7	3.886515E-2
1.025500E-7	3.889769E-2
1.026000E-7	3.894566E-2
1.026500E-7	3.898163E-2
1.027000E-7	3.901589E-2
1.027500E-7	3.906556E-2
1.028000E-7	3.908269E-2
1.028500E-7	3.904843E-2
1.029000E-7	3.897306E-2
1.029500E-7	3.884631E-2
1.030000E-7	3.867501E-2
1.030500E-7	3.849515E-2
1.031000E-7	3.835298E-2
1.031500E-7	3.824849E-2
1.032000E-7	3.815770E-2
1.032500E-7	3.810117E-2
1.033000E-7	3.809432E-2
1.033500E-7	3.813201E-2
1.034000E-7	3.819367E-2
1.034500E-7	3.830330E-2
1.035000E-7	3.845061E-2
1.035500E-7	3.862876E-2
1.036000E-7	3.879834E-2
1.036500E-7	3.893024E-2
1.037000E-7	3.899705E-2
1.037500E-7	3.900904E-2
1.038000E-7	3.899191E-2
1.038500E-7	3.895936E-2
1.039000E-7	3.890283E-2
1.039500E-7	3.884117E-2
1.040000E-7	3.875723E-2
1.040500E-7	3.865274E-2
1.041000E-7	3.855853E-2
1.041500E-7	3.850372E-2
1.042000E-7	3.847802E-2
1.042500E-7	3.847460E-2
1.043000E-7	3.849686E-2
1.043500E-7	3.853969E-2
1.044000E-7	3.857566E-2
1.044500E-7	3.859108E-2
1.045000E-7	3.859108E-2
1.045500E-7	3.857737E-2
1.046000E-7	3.854311E-2
1.046500E-7	3.850714E-2
1.047000E-7	3.849173E-2
1.047500E-7	3.849344E-2
1.048000E-7	3.851057E-2
1.048500E-7	3.857052E-2
1.049000E-7	3.865446E-2
1.049500E-7	3.872297E-2
1.050000E-7	3.877608E-2
1.050500E-7	3.882404E-2
1.051000E-7	3.886686E-2
1.051500E-7	3.888399E-2
1.052000E-7	3.887714E-2
1.052500E-7	3.886172E-2
1.053000E-7	3.884288E-2
1.053500E-7	3.882404E-2
1.054000E-7	3.877950E-2
1.054500E-7	3.870071E-2
1.055000E-7	3.862534E-2
1.055500E-7	3.859450E-2
1.056000E-7	3.856024E-2
1.056500E-7	3.850885E-2
1.057000E-7	3.847117E-2
1.057500E-7	3.842321E-2
1.058000E-7	3.835640E-2
1.058500E-7	3.828617E-2
1.059000E-7	3.824849E-2
1.059500E-7	3.823821E-2
1.060000E-7	3.823650E-2
1.060500E-7	3.824677E-2
1.061000E-7	3.828960E-2
1.061500E-7	3.831872E-2
1.062000E-7	3.831529E-2
1.062500E-7	3.829131E-2
1.063000E-7	3.826733E-2
1.063500E-7	3.823992E-2
1.064000E-7	3.820909E-2
1.064500E-7	3.817312E-2
1.065000E-7	3.812344E-2
1.065500E-7	3.805835E-2
1.066000E-7	3.800011E-2
1.066500E-7	3.794872E-2
1.067000E-7	3.789562E-2
1.067500E-7	3.786307E-2
1.068000E-7	3.782710E-2
1.068500E-7	3.775173E-2
1.069000E-7	3.765923E-2
1.069500E-7	3.758557E-2
1.070000E-7	3.751192E-2
1.070500E-7	3.743655E-2
1.071000E-7	3.739544E-2
1.071500E-7	3.738859E-2
1.072000E-7	3.740229E-2
1.072500E-7	3.744511E-2
1.073000E-7	3.750164E-2
1.073500E-7	3.757187E-2
1.074000E-7	3.764895E-2
1.074500E-7	3.773289E-2
1.075000E-7	3.779969E-2
1.075500E-7	3.787849E-2
1.076000E-7	3.797441E-2
1.076500E-7	3.805492E-2
1.077000E-7	3.810460E-2
1.077500E-7	3.814571E-2
1.078000E-7	3.813714E-2
1.078500E-7	3.809261E-2
1.079000E-7	3.804807E-2
1.079500E-7	3.800696E-2
1.080000E-7	3.794016E-2
1.080500E-7	3.786650E-2
1.081000E-7	3.780141E-2
1.081500E-7	3.774659E-2
1.082000E-7	3.771919E-2
1.082500E-7	3.773803E-2
1.083000E-7	3.780141E-2
1.083500E-7	3.790761E-2
1.084000E-7	3.805321E-2
1.084500E-7	3.819710E-2
1.085000E-7	3.831700E-2
1.085500E-7	3.841293E-2
1.086000E-7	3.846432E-2
1.086500E-7	3.843349E-2
1.087000E-7	3.831872E-2
1.087500E-7	3.816969E-2
1.088000E-7	3.799154E-2
1.088500E-7	3.776715E-2
1.089000E-7	3.753247E-2
1.089500E-7	3.733720E-2
1.090000E-7	3.717618E-2
1.090500E-7	3.706998E-2
1.091000E-7	3.704257E-2
1.091500E-7	3.708711E-2
1.092000E-7	3.719674E-2
1.092500E-7	3.735775E-2
1.093000E-7	3.755132E-2
1.093500E-7	3.774488E-2
1.094000E-7	3.791617E-2
1.094500E-7	3.804122E-2
1.095000E-7	3.808062E-2
1.095500E-7	3.803608E-2
1.096000E-7	3.792816E-2
1.096500E-7	3.775687E-2
1.097000E-7	3.754618E-2
1.097500E-7	3.732349E-2
1.098000E-7	3.711109E-2
1.098500E-7	3.694151E-2
1.099000E-7	3.683873E-2
1.099500E-7	3.676850E-2
1.100000E-7	3.673081E-2
1.100500E-7	3.677364E-2
1.101000E-7	3.688669E-2
1.101500E-7	3.702030E-2
1.102000E-7	3.711965E-2
1.102500E-7	3.720530E-2
1.103000E-7	3.728752E-2
1.103500E-7	3.736974E-2
1.104000E-7	3.743484E-2
1.104500E-7	3.746909E-2
1.105000E-7	3.745882E-2
1.105500E-7	3.740914E-2
1.106000E-7	3.734747E-2
1.106500E-7	3.730294E-2
1.107000E-7	3.729951E-2
1.107500E-7	3.732521E-2
1.108000E-7	3.732178E-2
1.108500E-7	3.727553E-2
1.109000E-7	3.723271E-2
1.109500E-7	3.718988E-2
1.110000E-7	3.710595E-2
1.110500E-7	3.703229E-2
1.111000E-7	3.700317E-2
1.111500E-7	3.698262E-2
1.112000E-7	3.694836E-2
1.112500E-7	3.694836E-2
1.113000E-7	3.698947E-2
1.113500E-7	3.700831E-2
1.114000E-7	3.700660E-2
1.114500E-7	3.702373E-2
1.115000E-7	3.704942E-2
1.115500E-7	3.705970E-2
1.116000E-7	3.708025E-2
1.116500E-7	3.712822E-2
1.117000E-7	3.718474E-2
1.117500E-7	3.725326E-2
1.118000E-7	3.732349E-2
1.118500E-7	3.739201E-2
1.119000E-7	3.743312E-2
1.119500E-7	3.746224E-2
1.120000E-7	3.745882E-2
1.120500E-7	3.739715E-2
1.121000E-7	3.728581E-2
1.121500E-7	3.714363E-2
1.122000E-7	3.696549E-2
1.122500E-7	3.677192E-2
1.123000E-7	3.660063E-2
1.123500E-7	3.648757E-2
1.124000E-7	3.642077E-2
1.124500E-7	3.639336E-2
1.125000E-7	3.642248E-2
1.125500E-7	3.647901E-2
1.126000E-7	3.653382E-2
1.126500E-7	3.660234E-2
1.127000E-7	3.667942E-2
1.127500E-7	3.674280E-2
1.128000E-7	3.678734E-2
1.128500E-7	3.683188E-2
1.129000E-7	3.684729E-2
1.129500E-7	3.682331E-2
1.130000E-7	3.678049E-2
1.130500E-7	3.675308E-2
1.131000E-7	3.673424E-2
1.131500E-7	3.670854E-2
1.132000E-7	3.668285E-2
1.132500E-7	3.667429E-2
1.133000E-7	3.670854E-2
1.133500E-7	3.676507E-2
1.134000E-7	3.682845E-2
1.134500E-7	3.689697E-2
1.135000E-7	3.698776E-2
1.135500E-7	3.705456E-2
1.136000E-7	3.705285E-2
1.136500E-7	3.700660E-2
1.137000E-7	3.695007E-2
1.137500E-7	3.688498E-2
1.138000E-7	3.681989E-2
1.138500E-7	3.677535E-2
1.139000E-7	3.674623E-2
1.139500E-7	3.672739E-2
1.140000E-7	3.672225E-2
1.140500E-7	3.674966E-2
1.141000E-7	3.680618E-2
1.141500E-7	3.686100E-2
1.142000E-7	3.692438E-2
1.142500E-7	3.698262E-2
1.143000E-7	3.702715E-2
1.143500E-7	3.708882E-2
1.144000E-7	3.716762E-2
1.144500E-7	3.720701E-2
1.145000E-7	3.718132E-2
1.145500E-7	3.713164E-2
1.146000E-7	3.704942E-2
1.146500E-7	3.693294E-2
1.147000E-7	3.680447E-2
1.147500E-7	3.666229E-2
1.148000E-7	3.648929E-2
1.148500E-7	3.633170E-2
1.149000E-7	3.623748E-2
1.149500E-7	3.617410E-2
1.150000E-7	3.610901E-2
1.150500E-7	3.606961E-2
1.151000E-7	3.606276E-2
1.151500E-7	3.606961E-2
1.152000E-7	3.607133E-2
1.152500E-7	3.610045E-2
1.153000E-7	3.614156E-2
1.153500E-7	3.616725E-2
1.154000E-7	3.618438E-2
1.154500E-7	3.621350E-2
1.155000E-7	3.628716E-2
1.155500E-7	3.637452E-2
1.156000E-7	3.646017E-2
1.156500E-7	3.655609E-2
1.157000E-7	3.667257E-2
1.157500E-7	3.678391E-2
1.158000E-7	3.686442E-2
1.158500E-7	3.691924E-2
1.159000E-7	3.693979E-2
1.159500E-7	3.690896E-2
1.160000E-7	3.683702E-2
1.160500E-7	3.673595E-2
1.161000E-7	3.660577E-2
1.161500E-7	3.642419E-2
1.162000E-7	3.621350E-2
1.162500E-7	3.600966E-2
1.163000E-7	3.583837E-2
1.163500E-7	3.572017E-2
1.164000E-7	3.566364E-2
1.164500E-7	3.567050E-2
1.165000E-7	3.572702E-2
1.165500E-7	3.582980E-2
1.166000E-7	3.595485E-2
1.166500E-7	3.610387E-2
1.167000E-7	3.628031E-2
1.167500E-7	3.646359E-2
1.168000E-7	3.658864E-2
1.168500E-7	3.665887E-2
1.169000E-7	3.668970E-2
1.169500E-7	3.666915E-2
1.170000E-7	3.658693E-2
1.170500E-7	3.648415E-2
1.171000E-7	3.639679E-2
1.171500E-7	3.631628E-2
1.172000E-7	3.624434E-2
1.172500E-7	3.617239E-2
1.173000E-7	3.610387E-2
1.173500E-7	3.606105E-2
1.174000E-7	3.607133E-2
1.174500E-7	3.609702E-2
1.175000E-7	3.612957E-2
1.175500E-7	3.616383E-2
1.176000E-7	3.620494E-2
1.176500E-7	3.622549E-2
1.177000E-7	3.622035E-2
1.177500E-7	3.618267E-2
1.178000E-7	3.612443E-2
1.178500E-7	3.606619E-2
1.179000E-7	3.602165E-2
1.179500E-7	3.597540E-2
1.180000E-7	3.595142E-2
1.180500E-7	3.595827E-2
1.181000E-7	3.598225E-2
1.181500E-7	3.598911E-2
1.182000E-7	3.598568E-2
1.182500E-7	3.597026E-2
1.183000E-7	3.595999E-2
1.183500E-7	3.594799E-2
1.184000E-7	3.592573E-2
1.184500E-7	3.591202E-2
1.185000E-7	3.591374E-2
1.185500E-7	3.592744E-2
1.186000E-7	3.594971E-2
1.186500E-7	3.600966E-2
1.187000E-7	3.613299E-2
1.187500E-7	3.629744E-2
1.188000E-7	3.647387E-2
1.188500E-7	3.663831E-2
1.189000E-7	3.676336E-2
1.189500E-7	3.680276E-2
1.190000E-7	3.677192E-2
1.190500E-7	3.668456E-2
1.191000E-7	3.655267E-2
1.191500E-7	3.636938E-2
1.192000E-7	3.615355E-2
1.192500E-7	3.591887E-2
1.193000E-7	3.568763E-2
1.193500E-7	3.549920E-2
1.194000E-7	3.536217E-2
1.194500E-7	3.526967E-2
1.195000E-7	3.523027E-2
1.195500E-7	3.526281E-2
1.196000E-7	3.534161E-2
1.196500E-7	3.542041E-2
1.197000E-7	3.550434E-2
1.197500E-7	3.559341E-2
1.198000E-7	3.566878E-2
1.198500E-7	3.569962E-2
1.199000E-7	3.570647E-2
1.199500E-7	3.571161E-2
1.200000E-7	3.570647E-2
1.200500E-7	3.568077E-2
1.201000E-7	3.564652E-2
1.201500E-7	3.563795E-2
1.202000E-7	3.562253E-2
1.202500E-7	3.558142E-2
1.203000E-7	3.555402E-2
1.203500E-7	3.553175E-2
1.204000E-7	3.549406E-2
1.204500E-7	3.546837E-2
1.205000E-7	3.549406E-2
1.205500E-7	3.553517E-2
1.206000E-7	3.554888E-2
1.206500E-7	3.553175E-2
1.207000E-7	3.548892E-2
1.207500E-7	3.542897E-2
1.208000E-7	3.536388E-2
1.208500E-7	3.528166E-2
1.209000E-7	3.518059E-2
1.209500E-7	3.509837E-2
1.210000E-7	3.504698E-2
1.210500E-7	3.501786E-2
1.211000E-7	3.501615E-2
1.211500E-7	3.503671E-2
1.212000E-7	3.506925E-2
1.212500E-7	3.511893E-2
1.213000E-7	3.519772E-2
1.213500E-7	3.532277E-2
1.214000E-7	3.547865E-2
1.214500E-7	3.565508E-2
1.215000E-7	3.582124E-2
1.215500E-7	3.594457E-2
1.216000E-7	3.597883E-2
1.216500E-7	3.593772E-2
1.217000E-7	3.587091E-2
1.217500E-7	3.580068E-2
1.218000E-7	3.570989E-2
1.218500E-7	3.558656E-2
1.219000E-7	3.546152E-2
1.219500E-7	3.535703E-2
1.220000E-7	3.527994E-2
1.220500E-7	3.521656E-2
1.221000E-7	3.518744E-2
1.221500E-7	3.522170E-2
1.222000E-7	3.531934E-2
1.222500E-7	3.542726E-2
1.223000E-7	3.549749E-2
1.223500E-7	3.555573E-2
1.224000E-7	3.560369E-2
1.224500E-7	3.562425E-2
1.225000E-7	3.561054E-2
1.225500E-7	3.557971E-2
1.226000E-7	3.554374E-2
1.226500E-7	3.549578E-2
1.227000E-7	3.543754E-2
1.227500E-7	3.536559E-2
1.228000E-7	3.527823E-2
1.228500E-7	3.520800E-2
1.229000E-7	3.515661E-2
1.229500E-7	3.509152E-2
1.230000E-7	3.503328E-2
1.230500E-7	3.501101E-2
1.231000E-7	3.502300E-2
1.231500E-7	3.500587E-2
1.232000E-7	3.493222E-2
1.232500E-7	3.485171E-2
1.233000E-7	3.478319E-2
1.233500E-7	3.473009E-2
1.234000E-7	3.472324E-2
1.234500E-7	3.477291E-2
1.235000E-7	3.484828E-2
1.235500E-7	3.494078E-2
1.236000E-7	3.505555E-2
1.236500E-7	3.518916E-2
1.237000E-7	3.533305E-2
1.237500E-7	3.548892E-2
1.238000E-7	3.562939E-2
1.238500E-7	3.571846E-2
1.239000E-7	3.576642E-2
1.239500E-7	3.578013E-2
1.240000E-7	3.576471E-2
1.240500E-7	3.573216E-2
1.241000E-7	3.569448E-2
1.241500E-7	3.564309E-2
1.242000E-7	3.556087E-2
1.242500E-7	3.545124E-2
1.243000E-7	3.533990E-2
1.243500E-7	3.522856E-2
1.244000E-7	3.511036E-2
1.244500E-7	3.499388E-2
1.245000E-7	3.488939E-2
1.245500E-7	3.480888E-2
1.246000E-7	3.475407E-2
1.246500E-7	3.472152E-2
1.247000E-7	3.470097E-2
1.247500E-7	3.469069E-2
1.248000E-7	3.471124E-2
1.248500E-7	3.474379E-2
1.249000E-7	3.475064E-2
1.249500E-7	3.472837E-2
1.250000E-7	3.470268E-2
1.250500E-7	3.472324E-2
1.251000E-7	3.476949E-2
1.251500E-7	3.482601E-2
1.252000E-7	3.486884E-2
1.252500E-7	3.491680E-2
1.253000E-7	3.499559E-2
1.253500E-7	3.509152E-2
1.254000E-7	3.518059E-2
1.254500E-7	3.527994E-2
1.255000E-7	3.537416E-2
1.255500E-7	3.542897E-2
1.256000E-7	3.545467E-2
1.256500E-7	3.545809E-2
1.257000E-7	3.542897E-2
1.257500E-7	3.538272E-2
1.258000E-7	3.534332E-2
1.258500E-7	3.527652E-2
1.259000E-7	3.513263E-2
1.259500E-7	3.494249E-2
1.260000E-7	3.474893E-2
1.260500E-7	3.454338E-2
1.261000E-7	3.433440E-2
1.261500E-7	3.415967E-2
1.262000E-7	3.403292E-2
1.262500E-7	3.393528E-2
1.263000E-7	3.387533E-2
1.263500E-7	3.386162E-2
1.264000E-7	3.388046E-2
1.264500E-7	3.393014E-2
1.265000E-7	3.400722E-2
1.265500E-7	3.412028E-2
1.266000E-7	3.425903E-2
1.266500E-7	3.439092E-2
1.267000E-7	3.449027E-2
1.267500E-7	3.456736E-2
1.268000E-7	3.462046E-2
1.268500E-7	3.463759E-2
1.269000E-7	3.463759E-2
1.269500E-7	3.464444E-2
1.270000E-7	3.463759E-2
1.270500E-7	3.462217E-2
1.271000E-7	3.461532E-2
1.271500E-7	3.461361E-2
1.272000E-7	3.462217E-2
1.272500E-7	3.467013E-2
1.273000E-7	3.473523E-2
1.273500E-7	3.477634E-2
1.274000E-7	3.482430E-2
1.274500E-7	3.489453E-2
1.275000E-7	3.494078E-2
1.275500E-7	3.494592E-2
1.276000E-7	3.494592E-2
1.276500E-7	3.492022E-2
1.277000E-7	3.487397E-2
1.277500E-7	3.484314E-2
1.278000E-7	3.482259E-2
1.278500E-7	3.480032E-2
1.279000E-7	3.480888E-2
1.279500E-7	3.486027E-2
1.280000E-7	3.489453E-2
1.280500E-7	3.490138E-2
1.281000E-7	3.490995E-2
1.281500E-7	3.494078E-2
1.282000E-7	3.494078E-2
1.282500E-7	3.490995E-2
1.283000E-7	3.486541E-2
1.283500E-7	3.480888E-2
1.284000E-7	3.475236E-2
1.284500E-7	3.470097E-2
1.285000E-7	3.463416E-2
1.285500E-7	3.456051E-2
1.286000E-7	3.449884E-2
1.286500E-7	3.442176E-2
1.287000E-7	3.430356E-2
1.287500E-7	3.418708E-2
1.288000E-7	3.409116E-2
1.288500E-7	3.399866E-2
1.289000E-7	3.392843E-2
1.289500E-7	3.391986E-2
1.290000E-7	3.395926E-2
1.290500E-7	3.401236E-2
1.291000E-7	3.409972E-2
1.291500E-7	3.422991E-2
1.292000E-7	3.435153E-2
1.292500E-7	3.446115E-2
1.293000E-7	3.456907E-2
1.293500E-7	3.464444E-2
1.294000E-7	3.465986E-2
1.294500E-7	3.462388E-2
1.295000E-7	3.456222E-2
1.295500E-7	3.447143E-2
1.296000E-7	3.434981E-2
1.296500E-7	3.420592E-2
1.297000E-7	3.406204E-2
1.297500E-7	3.393870E-2
1.298000E-7	3.383250E-2
1.298500E-7	3.375028E-2
1.299000E-7	3.370060E-2
1.299500E-7	3.367834E-2
1.300000E-7	3.367148E-2
1.300500E-7	3.368690E-2
1.301000E-7	3.373144E-2
1.301500E-7	3.378968E-2
1.302000E-7	3.386505E-2
1.302500E-7	3.394898E-2
1.303000E-7	3.402093E-2
1.303500E-7	3.408773E-2
1.304000E-7	3.416824E-2
1.304500E-7	3.423504E-2
1.305000E-7	3.427444E-2
1.305500E-7	3.429671E-2
1.306000E-7	3.429500E-2
1.306500E-7	3.424361E-2
1.307000E-7	3.416481E-2
1.307500E-7	3.409458E-2
1.308000E-7	3.402264E-2
1.308500E-7	3.393699E-2
1.309000E-7	3.386676E-2
1.309500E-7	3.383421E-2
1.310000E-7	3.384278E-2
1.310500E-7	3.385991E-2
1.311000E-7	3.387704E-2
1.311500E-7	3.389074E-2
1.312000E-7	3.391130E-2
1.312500E-7	3.391986E-2
1.313000E-7	3.390102E-2
1.313500E-7	3.385477E-2
1.314000E-7	3.378625E-2
1.314500E-7	3.371602E-2
1.315000E-7	3.365264E-2
1.315500E-7	3.360982E-2
1.316000E-7	3.357898E-2
1.316500E-7	3.354815E-2
1.317000E-7	3.351732E-2
1.317500E-7	3.350019E-2
1.318000E-7	3.350533E-2
1.318500E-7	3.353274E-2
1.319000E-7	3.358241E-2
1.319500E-7	3.366121E-2
1.320000E-7	3.375371E-2
1.320500E-7	3.383764E-2
1.321000E-7	3.391644E-2
1.321500E-7	3.397810E-2
1.322000E-7	3.401065E-2
1.322500E-7	3.401407E-2
1.323000E-7	3.399523E-2
1.323500E-7	3.395241E-2
1.324000E-7	3.389245E-2
1.324500E-7	3.381195E-2
1.325000E-7	3.372116E-2
1.325500E-7	3.361838E-2
1.326000E-7	3.351047E-2
1.326500E-7	3.339741E-2
1.327000E-7	3.331005E-2
1.327500E-7	3.326894E-2
1.328000E-7	3.328264E-2
1.328500E-7	3.332718E-2
1.329000E-7	3.341283E-2
1.329500E-7	3.353616E-2
1.330000E-7	3.364750E-2
1.330500E-7	3.371773E-2
1.331000E-7	3.375199E-2
1.331500E-7	3.376570E-2
1.332000E-7	3.377084E-2
1.332500E-7	3.373144E-2
1.333000E-7	3.365607E-2
1.333500E-7	3.358926E-2
1.334000E-7	3.356186E-2
1.334500E-7	3.355672E-2
1.335000E-7	3.357556E-2
1.335500E-7	3.362695E-2
1.336000E-7	3.371945E-2
1.336500E-7	3.384449E-2
1.337000E-7	3.397125E-2
1.337500E-7	3.406204E-2
1.338000E-7	3.411000E-2
1.338500E-7	3.412542E-2
1.339000E-7	3.409972E-2
1.339500E-7	3.401065E-2
1.340000E-7	3.387704E-2
1.340500E-7	3.372630E-2
1.341000E-7	3.358584E-2
1.341500E-7	3.345223E-2
1.342000E-7	3.333232E-2
1.342500E-7	3.322783E-2
1.343000E-7	3.316445E-2
1.343500E-7	3.315931E-2
1.344000E-7	3.320042E-2
1.344500E-7	3.326380E-2
1.345000E-7	3.332204E-2
1.345500E-7	3.336144E-2
1.346000E-7	3.336144E-2
1.346500E-7	3.333403E-2
1.347000E-7	3.327751E-2
1.347500E-7	3.319871E-2
1.348000E-7	3.311649E-2
1.348500E-7	3.304968E-2
1.349000E-7	3.300001E-2
1.349500E-7	3.297603E-2
1.350000E-7	3.297945E-2
1.350500E-7	3.301371E-2
1.351000E-7	3.307538E-2
1.351500E-7	3.316445E-2
1.352000E-7	3.326038E-2
1.352500E-7	3.334602E-2
1.353000E-7	3.342311E-2
1.353500E-7	3.348820E-2
1.354000E-7	3.351903E-2
1.354500E-7	3.350704E-2
1.355000E-7	3.347963E-2
1.355500E-7	3.346079E-2
1.356000E-7	3.343338E-2
1.356500E-7	3.340769E-2
1.357000E-7	3.338028E-2
1.357500E-7	3.333232E-2
1.358000E-7	3.328264E-2
1.358500E-7	3.327237E-2
1.359000E-7	3.327751E-2
1.359500E-7	3.325352E-2
1.360000E-7	3.322098E-2
1.360500E-7	3.321413E-2
1.361000E-7	3.320042E-2
1.361500E-7	3.316102E-2
1.362000E-7	3.310621E-2
1.362500E-7	3.305311E-2
1.363000E-7	3.301714E-2
1.363500E-7	3.301200E-2
1.364000E-7	3.299144E-2
1.364500E-7	3.292978E-2
1.365000E-7	3.285783E-2
1.365500E-7	3.279959E-2
1.366000E-7	3.272080E-2
1.366500E-7	3.263001E-2
1.367000E-7	3.256834E-2
1.367500E-7	3.254608E-2
1.368000E-7	3.254950E-2
1.368500E-7	3.258547E-2
1.369000E-7	3.265399E-2
1.369500E-7	3.272080E-2
1.370000E-7	3.276362E-2
1.370500E-7	3.276705E-2
1.371000E-7	3.275506E-2
1.371500E-7	3.275848E-2
1.372000E-7	3.276705E-2
1.372500E-7	3.275334E-2
1.373000E-7	3.274649E-2
1.373500E-7	3.277219E-2
1.374000E-7	3.280131E-2
1.374500E-7	3.281672E-2
1.375000E-7	3.282357E-2
1.375500E-7	3.283385E-2
1.376000E-7	3.285955E-2
1.376500E-7	3.289894E-2
1.377000E-7	3.294177E-2
1.377500E-7	3.297603E-2
1.378000E-7	3.300172E-2
1.378500E-7	3.300857E-2
1.379000E-7	3.301200E-2
1.379500E-7	3.301885E-2
1.380000E-7	3.298973E-2
1.380500E-7	3.291265E-2
1.381000E-7	3.284584E-2
1.381500E-7	3.282871E-2
1.382000E-7	3.280987E-2
1.382500E-7	3.277219E-2
1.383000E-7	3.274649E-2
1.383500E-7	3.273107E-2
1.384000E-7	3.268311E-2
1.384500E-7	3.262316E-2
1.385000E-7	3.260432E-2
1.385500E-7	3.260432E-2
1.386000E-7	3.256663E-2
1.386500E-7	3.251182E-2
1.387000E-7	3.247756E-2
1.387500E-7	3.244330E-2
1.388000E-7	3.241075E-2
1.388500E-7	3.241075E-2
1.389000E-7	3.244844E-2
1.389500E-7	3.248784E-2
1.390000E-7	3.252381E-2
1.390500E-7	3.255978E-2
1.391000E-7	3.258547E-2
1.391500E-7	3.262487E-2
1.392000E-7	3.269168E-2
1.392500E-7	3.279274E-2
1.393000E-7	3.289209E-2
1.393500E-7	3.297260E-2
1.394000E-7	3.303598E-2
1.394500E-7	3.306681E-2
1.395000E-7	3.306510E-2
1.395500E-7	3.304283E-2
1.396000E-7	3.299829E-2
1.396500E-7	3.293492E-2
1.397000E-7	3.285441E-2
1.397500E-7	3.276533E-2
1.398000E-7	3.265399E-2
1.398500E-7	3.253237E-2
1.399000E-7	3.244159E-2
1.399500E-7	3.240048E-2
1.400000E-7	3.237649E-2
1.400500E-7	3.236622E-2
1.401000E-7	3.237992E-2
1.401500E-7	3.240904E-2
1.402000E-7	3.242617E-2
1.402500E-7	3.244844E-2
1.403000E-7	3.249983E-2
1.403500E-7	3.254436E-2
1.404000E-7	3.256663E-2
1.404500E-7	3.260089E-2
1.405000E-7	3.265913E-2
1.405500E-7	3.271566E-2
1.406000E-7	3.275677E-2
1.406500E-7	3.278589E-2
1.407000E-7	3.279103E-2
1.407500E-7	3.275506E-2
1.408000E-7	3.270024E-2
1.408500E-7	3.265570E-2
1.409000E-7	3.261117E-2
1.409500E-7	3.254608E-2
1.410000E-7	3.244501E-2
1.410500E-7	3.232682E-2
1.411000E-7	3.221376E-2
1.411500E-7	3.210756E-2
1.412000E-7	3.200821E-2
1.412500E-7	3.191914E-2
1.413000E-7	3.186090E-2
1.413500E-7	3.184034E-2
1.414000E-7	3.184548E-2
1.414500E-7	3.186946E-2
1.415000E-7	3.192599E-2
1.415500E-7	3.198937E-2
1.416000E-7	3.201849E-2
1.416500E-7	3.201849E-2
1.417000E-7	3.201335E-2
1.417500E-7	3.200821E-2
1.418000E-7	3.198080E-2
1.418500E-7	3.195168E-2
1.419000E-7	3.193969E-2
1.419500E-7	3.193627E-2
1.420000E-7	3.191742E-2
1.420500E-7	3.190201E-2
1.421000E-7	3.195168E-2
1.421500E-7	3.206302E-2
1.422000E-7	3.218636E-2
1.422500E-7	3.231311E-2
1.423000E-7	3.245186E-2
1.423500E-7	3.256321E-2
1.424000E-7	3.259061E-2
1.424500E-7	3.254950E-2
1.425000E-7	3.246899E-2
1.425500E-7	3.234909E-2
1.426000E-7	3.220349E-2
1.426500E-7	3.205960E-2
1.427000E-7	3.193113E-2
1.427500E-7	3.181122E-2
1.428000E-7	3.170844E-2
1.428500E-7	3.162793E-2
1.429000E-7	3.156798E-2
1.429500E-7	3.152516E-2
1.430000E-7	3.150289E-2
1.430500E-7	3.150118E-2
1.431000E-7	3.151488E-2
1.431500E-7	3.157312E-2
1.432000E-7	3.166905E-2
1.432500E-7	3.178553E-2
1.433000E-7	3.192085E-2
1.433500E-7	3.207159E-2
1.434000E-7	3.221719E-2
1.434500E-7	3.235423E-2
1.435000E-7	3.250154E-2
1.435500E-7	3.264200E-2
1.436000E-7	3.275334E-2
1.436500E-7	3.283556E-2
1.437000E-7	3.288353E-2
1.437500E-7	3.289209E-2
1.438000E-7	3.286640E-2
1.438500E-7	3.279788E-2
1.439000E-7	3.266427E-2
1.439500E-7	3.249811E-2
1.440000E-7	3.232511E-2
1.440500E-7	3.214696E-2
1.441000E-7	3.197052E-2
1.441500E-7	3.182664E-2
1.442000E-7	3.172215E-2
1.442500E-7	3.163821E-2
1.443000E-7	3.158340E-2
1.443500E-7	3.156969E-2
1.444000E-7	3.158854E-2
1.444500E-7	3.163479E-2
1.445000E-7	3.171358E-2
1.445500E-7	3.180608E-2
1.446000E-7	3.189687E-2
1.446500E-7	3.199279E-2
1.447000E-7	3.205960E-2
1.447500E-7	3.205960E-2
1.448000E-7	3.198252E-2
1.448500E-7	3.183863E-2
1.449000E-7	3.164335E-2
1.449500E-7	3.143608E-2
1.450000E-7	3.126822E-2
1.450500E-7	3.114488E-2
1.451000E-7	3.106266E-2
1.451500E-7	3.102498E-2
1.452000E-7	3.104724E-2
1.452500E-7	3.112604E-2
1.453000E-7	3.123738E-2
1.453500E-7	3.136757E-2
1.454000E-7	3.149432E-2
1.454500E-7	3.159881E-2
1.455000E-7	3.165363E-2
1.455500E-7	3.166391E-2
1.456000E-7	3.165192E-2
1.456500E-7	3.162280E-2
1.457000E-7	3.155085E-2
1.457500E-7	3.145664E-2
1.458000E-7	3.134016E-2
1.458500E-7	3.120312E-2
1.459000E-7	3.107123E-2
1.459500E-7	3.100956E-2
1.460000E-7	3.101470E-2
1.460500E-7	3.106437E-2
1.461000E-7	3.115345E-2
1.461500E-7	3.129220E-2
1.462000E-7	3.142581E-2
1.462500E-7	3.150974E-2
1.463000E-7	3.155085E-2
1.463500E-7	3.156284E-2
1.464000E-7	3.153544E-2
1.464500E-7	3.149090E-2
1.465000E-7	3.147548E-2
1.465500E-7	3.147034E-2
1.466000E-7	3.147206E-2
1.466500E-7	3.149090E-2
1.467000E-7	3.152687E-2
1.467500E-7	3.155256E-2
1.468000E-7	3.156456E-2
1.468500E-7	3.157312E-2
1.469000E-7	3.157312E-2
1.469500E-7	3.156284E-2
1.470000E-7	3.155770E-2
1.470500E-7	3.154571E-2
1.471000E-7	3.154400E-2
1.471500E-7	3.157655E-2
1.472000E-7	3.163479E-2
1.472500E-7	3.168789E-2
1.473000E-7	3.174442E-2
1.473500E-7	3.182492E-2
1.474000E-7	3.189173E-2
1.474500E-7	3.191400E-2
1.475000E-7	3.191914E-2
1.475500E-7	3.190543E-2
1.476000E-7	3.185404E-2
1.476500E-7	3.178553E-2
1.477000E-7	3.174099E-2
1.477500E-7	3.169474E-2
1.478000E-7	3.163993E-2
1.478500E-7	3.159368E-2
1.479000E-7	3.155770E-2
1.479500E-7	3.152687E-2
1.480000E-7	3.149946E-2
1.480500E-7	3.147206E-2
1.481000E-7	3.143780E-2
1.481500E-7	3.142581E-2
1.482000E-7	3.145835E-2
1.482500E-7	3.152002E-2
1.483000E-7	3.156798E-2
1.483500E-7	3.159539E-2
1.484000E-7	3.162622E-2
1.484500E-7	3.164164E-2
1.485000E-7	3.162108E-2
1.485500E-7	3.157141E-2
1.486000E-7	3.150803E-2
1.486500E-7	3.141724E-2
1.487000E-7	3.131104E-2
1.487500E-7	3.121169E-2
1.488000E-7	3.113461E-2
1.488500E-7	3.109349E-2
1.489000E-7	3.110377E-2
1.489500E-7	3.115516E-2
1.490000E-7	3.121854E-2
1.490500E-7	3.129220E-2
1.491000E-7	3.137271E-2
1.491500E-7	3.144807E-2
1.492000E-7	3.151145E-2
1.492500E-7	3.154914E-2
1.493000E-7	3.155942E-2
1.493500E-7	3.153372E-2
1.494000E-7	3.149090E-2
1.494500E-7	3.143266E-2
1.495000E-7	3.135729E-2
1.495500E-7	3.126136E-2
1.496000E-7	3.114660E-2
1.496500E-7	3.107123E-2
1.497000E-7	3.102840E-2
1.497500E-7	3.099757E-2
1.498000E-7	3.101299E-2
1.498500E-7	3.109863E-2
1.499000E-7	3.120997E-2
1.499500E-7	3.130076E-2
1.500000E-7	3.137956E-2
1.500500E-7	3.142581E-2
1.501000E-7	3.140183E-2
1.501500E-7	3.133502E-2
1.502000E-7	3.125451E-2
1.502500E-7	3.113632E-2
1.503000E-7	3.098729E-2
1.503500E-7	3.084854E-2
1.504000E-7	3.073891E-2
1.504500E-7	3.065669E-2
1.505000E-7	3.061044E-2
1.505500E-7	3.059331E-2
1.506000E-7	3.060016E-2
1.506500E-7	3.064470E-2
1.507000E-7	3.072007E-2
1.507500E-7	3.081086E-2
1.508000E-7	3.092391E-2
1.508500E-7	3.104553E-2
1.509000E-7	3.113803E-2
1.509500E-7	3.120484E-2
1.510000E-7	3.126650E-2
1.510500E-7	3.130933E-2
1.511000E-7	3.131104E-2
1.511500E-7	3.127164E-2
1.512000E-7	3.119970E-2
1.512500E-7	3.110377E-2
1.513000E-7	3.100442E-2
1.513500E-7	3.089993E-2
1.514000E-7	3.079030E-2
1.514500E-7	3.068067E-2
1.515000E-7	3.062415E-2
1.515500E-7	3.061216E-2
1.516000E-7	3.059331E-2
1.516500E-7	3.057790E-2
1.517000E-7	3.060530E-2
1.517500E-7	3.066183E-2
1.518000E-7	3.071151E-2
1.518500E-7	3.075604E-2
1.519000E-7	3.080914E-2
1.519500E-7	3.084169E-2
1.520000E-7	3.082799E-2
1.520500E-7	3.079373E-2
1.521000E-7	3.075947E-2
1.521500E-7	3.071665E-2
1.522000E-7	3.066868E-2
1.522500E-7	3.063614E-2
1.523000E-7	3.063100E-2
1.523500E-7	3.063100E-2
1.524000E-7	3.062928E-2
1.524500E-7	3.063956E-2
1.525000E-7	3.064813E-2
1.525500E-7	3.064470E-2
1.526000E-7	3.062757E-2
1.526500E-7	3.060188E-2
1.527000E-7	3.057104E-2
1.527500E-7	3.054535E-2
1.528000E-7	3.054535E-2
1.528500E-7	3.055220E-2
1.529000E-7	3.056933E-2
1.529500E-7	3.060873E-2
1.530000E-7	3.065498E-2
1.530500E-7	3.068410E-2
1.531000E-7	3.070294E-2
1.531500E-7	3.071836E-2
1.532000E-7	3.071493E-2
1.532500E-7	3.068753E-2
1.533000E-7	3.066697E-2
1.533500E-7	3.062757E-2
1.534000E-7	3.055905E-2
1.534500E-7	3.049054E-2
1.535000E-7	3.045285E-2
1.535500E-7	3.043401E-2
1.536000E-7	3.041859E-2
1.536500E-7	3.041174E-2
1.537000E-7	3.041345E-2
1.537500E-7	3.041859E-2
1.538000E-7	3.041688E-2
1.538500E-7	3.042373E-2
1.539000E-7	3.045970E-2
1.539500E-7	3.050767E-2
1.540000E-7	3.053336E-2
1.540500E-7	3.056933E-2
1.541000E-7	3.064470E-2
1.541500E-7	3.073891E-2
1.542000E-7	3.081257E-2
1.542500E-7	3.086910E-2
1.543000E-7	3.091535E-2
1.543500E-7	3.092905E-2
1.544000E-7	3.089993E-2
1.544500E-7	3.083484E-2
1.545000E-7	3.073891E-2
1.545500E-7	3.062072E-2
1.546000E-7	3.047855E-2
1.546500E-7	3.033123E-2
1.547000E-7	3.021989E-2
1.547500E-7	3.015994E-2
1.548000E-7	3.012396E-2
1.548500E-7	3.010341E-2
1.549000E-7	3.011026E-2
1.549500E-7	3.013253E-2
1.550000E-7	3.016679E-2
1.550500E-7	3.022674E-2
1.551000E-7	3.029183E-2
1.551500E-7	3.032438E-2
1.552000E-7	3.032609E-2
1.552500E-7	3.031410E-2
1.553000E-7	3.025072E-2
1.553500E-7	3.014109E-2
1.554000E-7	3.003489E-2
1.554500E-7	2.994068E-2
1.555000E-7	2.983619E-2
1.555500E-7	2.974198E-2
1.556000E-7	2.968031E-2
1.556500E-7	2.963235E-2
1.557000E-7	2.961522E-2
1.557500E-7	2.964605E-2
1.558000E-7	2.968888E-2
1.558500E-7	2.971628E-2
1.559000E-7	2.975225E-2
1.559500E-7	2.980878E-2
1.560000E-7	2.985674E-2
1.560500E-7	2.991327E-2
1.561000E-7	2.999378E-2
1.561500E-7	3.008114E-2
1.562000E-7	3.015651E-2
1.562500E-7	3.024387E-2
1.563000E-7	3.033294E-2
1.563500E-7	3.037919E-2
1.564000E-7	3.039118E-2
1.564500E-7	3.041345E-2
1.565000E-7	3.044086E-2
1.565500E-7	3.046142E-2
1.566000E-7	3.047512E-2
1.566500E-7	3.049910E-2
1.567000E-7	3.054364E-2
1.567500E-7	3.058817E-2
1.568000E-7	3.061901E-2
1.568500E-7	3.064813E-2
1.569000E-7	3.067040E-2
1.569500E-7	3.067725E-2
1.570000E-7	3.065498E-2
1.570500E-7	3.060873E-2
1.571000E-7	3.054878E-2
1.571500E-7	3.046484E-2
1.572000E-7	3.036720E-2
1.572500E-7	3.026614E-2
1.573000E-7	3.015822E-2
1.573500E-7	3.003489E-2
1.574000E-7	2.991156E-2
1.574500E-7	2.982420E-2
1.575000E-7	2.979679E-2
1.575500E-7	2.981392E-2
1.576000E-7	2.985503E-2
1.576500E-7	2.990299E-2
1.577000E-7	2.997494E-2
1.577500E-7	3.006230E-2
1.578000E-7	3.012739E-2
1.578500E-7	3.016679E-2
1.579000E-7	3.019762E-2
1.579500E-7	3.021304E-2
1.580000E-7	3.020105E-2
1.580500E-7	3.016165E-2
1.581000E-7	3.011369E-2
1.581500E-7	3.005373E-2
1.582000E-7	2.997665E-2
1.582500E-7	2.989786E-2
1.583000E-7	2.983619E-2
1.583500E-7	2.980022E-2
1.584000E-7	2.978309E-2
1.584500E-7	2.976938E-2
1.585000E-7	2.976596E-2
1.585500E-7	2.978651E-2
1.586000E-7	2.981735E-2
1.586500E-7	2.984133E-2
1.587000E-7	2.986702E-2
1.587500E-7	2.988929E-2
1.588000E-7	2.990642E-2
1.588500E-7	2.993897E-2
1.589000E-7	2.996980E-2
1.589500E-7	2.997322E-2
1.590000E-7	2.995610E-2
1.590500E-7	2.993211E-2
1.591000E-7	2.990128E-2
1.591500E-7	2.987216E-2
1.592000E-7	2.987901E-2
1.592500E-7	2.991156E-2
1.593000E-7	2.993725E-2
1.593500E-7	2.996466E-2
1.594000E-7	3.000920E-2
1.594500E-7	3.008457E-2
1.595000E-7	3.017535E-2
1.595500E-7	3.025072E-2
1.596000E-7	3.029012E-2
1.596500E-7	3.032267E-2
1.597000E-7	3.035350E-2
1.597500E-7	3.033808E-2
1.598000E-7	3.025757E-2
1.598500E-7	3.016336E-2
1.599000E-7	3.007086E-2
1.599500E-7	2.997836E-2
1.600000E-7	2.989100E-2
1.600500E-7	2.982591E-2
1.601000E-7	2.976767E-2
1.601500E-7	2.971800E-2
1.602000E-7	2.970258E-2
1.602500E-7	2.970943E-2
1.603000E-7	2.973170E-2
1.603500E-7	2.975739E-2
1.604000E-7	2.978309E-2
1.604500E-7	2.979165E-2
1.605000E-7	2.978651E-2
1.605500E-7	2.976596E-2
1.606000E-7	2.972999E-2
1.606500E-7	2.969744E-2
1.607000E-7	2.964434E-2
1.607500E-7	2.953985E-2
1.608000E-7	2.940453E-2
1.608500E-7	2.927948E-2
1.609000E-7	2.915957E-2
1.609500E-7	2.902596E-2
1.610000E-7	2.890777E-2
1.610500E-7	2.885467E-2
1.611000E-7	2.885296E-2
1.611500E-7	2.890092E-2
1.612000E-7	2.901397E-2
1.612500E-7	2.917499E-2
1.613000E-7	2.933258E-2
1.613500E-7	2.946962E-2
1.614000E-7	2.958610E-2
1.614500E-7	2.968202E-2
1.615000E-7	2.975911E-2
1.615500E-7	2.978651E-2
1.616000E-7	2.974883E-2
1.616500E-7	2.967688E-2
1.617000E-7	2.958439E-2
1.617500E-7	2.946448E-2
1.618000E-7	2.933258E-2
1.618500E-7	2.921268E-2
1.619000E-7	2.910990E-2
1.619500E-7	2.902768E-2
1.620000E-7	2.898828E-2
1.620500E-7	2.898314E-2
1.621000E-7	2.899342E-2
1.621500E-7	2.903967E-2
1.622000E-7	2.909962E-2
1.622500E-7	2.915272E-2
1.623000E-7	2.920411E-2
1.623500E-7	2.925721E-2
1.624000E-7	2.929661E-2
1.624500E-7	2.930517E-2
1.625000E-7	2.928804E-2
1.625500E-7	2.926235E-2
1.626000E-7	2.920925E-2
1.626500E-7	2.912189E-2
1.627000E-7	2.901055E-2
1.627500E-7	2.890777E-2
1.628000E-7	2.881356E-2
1.628500E-7	2.874504E-2
1.629000E-7	2.871249E-2
1.629500E-7	2.871249E-2
1.630000E-7	2.873990E-2
1.630500E-7	2.877930E-2
1.631000E-7	2.881184E-2
1.631500E-7	2.883583E-2
1.632000E-7	2.884610E-2
1.632500E-7	2.882897E-2
1.633000E-7	2.878444E-2
1.633500E-7	2.872277E-2
1.634000E-7	2.866453E-2
1.634500E-7	2.861657E-2
1.635000E-7	2.858231E-2
1.635500E-7	2.857374E-2
1.636000E-7	2.860458E-2
1.636500E-7	2.868337E-2
1.637000E-7	2.881527E-2
1.637500E-7	2.895231E-2
1.638000E-7	2.904994E-2
1.638500E-7	2.913388E-2
1.639000E-7	2.922295E-2
1.639500E-7	2.927092E-2
1.640000E-7	2.924351E-2
1.640500E-7	2.917842E-2
1.641000E-7	2.911161E-2
1.641500E-7	2.903967E-2
1.642000E-7	2.894374E-2
1.642500E-7	2.883925E-2
1.643000E-7	2.875703E-2
1.643500E-7	2.872106E-2
1.644000E-7	2.872448E-2
1.644500E-7	2.874847E-2
1.645000E-7	2.878272E-2
1.645500E-7	2.881184E-2
1.646000E-7	2.884439E-2
1.646500E-7	2.888721E-2
1.647000E-7	2.891291E-2
1.647500E-7	2.891633E-2
1.648000E-7	2.890777E-2
1.648500E-7	2.887865E-2
1.649000E-7	2.881013E-2
1.649500E-7	2.872277E-2
1.650000E-7	2.862685E-2
1.650500E-7	2.854976E-2
1.651000E-7	2.849152E-2
1.651500E-7	2.846583E-2
1.652000E-7	2.847439E-2
1.652500E-7	2.851037E-2
1.653000E-7	2.857032E-2
1.653500E-7	2.862685E-2
1.654000E-7	2.867652E-2
1.654500E-7	2.872791E-2
1.655000E-7	2.877416E-2
1.655500E-7	2.879985E-2
1.656000E-7	2.882041E-2
1.656500E-7	2.884268E-2
1.657000E-7	2.882897E-2
1.657500E-7	2.877416E-2
1.658000E-7	2.870222E-2
1.658500E-7	2.861657E-2
1.659000E-7	2.852750E-2
1.659500E-7	2.845555E-2
1.660000E-7	2.843842E-2
1.660500E-7	2.846754E-2
1.661000E-7	2.853092E-2
1.661500E-7	2.861314E-2
1.662000E-7	2.870564E-2
1.662500E-7	2.880499E-2
1.663000E-7	2.890606E-2
1.663500E-7	2.897800E-2
1.664000E-7	2.902082E-2
1.664500E-7	2.903967E-2
1.665000E-7	2.903624E-2
1.665500E-7	2.900027E-2
1.666000E-7	2.895059E-2
1.666500E-7	2.887865E-2
1.667000E-7	2.878101E-2
1.667500E-7	2.869023E-2
1.668000E-7	2.865254E-2
1.668500E-7	2.866282E-2
1.669000E-7	2.868509E-2
1.669500E-7	2.872106E-2
1.670000E-7	2.876902E-2
1.670500E-7	2.881184E-2
1.671000E-7	2.886152E-2
1.671500E-7	2.892490E-2
1.672000E-7	2.898828E-2
1.672500E-7	2.902768E-2
1.673000E-7	2.906365E-2
1.673500E-7	2.909791E-2
1.674000E-7	2.909791E-2
1.674500E-7	2.906707E-2
1.675000E-7	2.902768E-2
1.675500E-7	2.899170E-2
1.676000E-7	2.895231E-2
1.676500E-7	2.890606E-2
1.677000E-7	2.885638E-2
1.677500E-7	2.880671E-2
1.678000E-7	2.876560E-2
1.678500E-7	2.871592E-2
1.679000E-7	2.865768E-2
1.679500E-7	2.859087E-2
1.680000E-7	2.851722E-2
1.680500E-7	2.845555E-2
1.681000E-7	2.842472E-2
1.681500E-7	2.840416E-2
1.682000E-7	2.836476E-2
1.682500E-7	2.832365E-2
1.683000E-7	2.831166E-2
1.683500E-7	2.832537E-2
1.684000E-7	2.833564E-2
1.684500E-7	2.835963E-2
1.685000E-7	2.841615E-2
1.685500E-7	2.849495E-2
1.686000E-7	2.857374E-2
1.686500E-7	2.864740E-2
1.687000E-7	2.872106E-2
1.687500E-7	2.879814E-2
1.688000E-7	2.888036E-2
1.688500E-7	2.896601E-2
1.689000E-7	2.903110E-2
1.689500E-7	2.903110E-2
1.690000E-7	2.897629E-2
1.690500E-7	2.892319E-2
1.691000E-7	2.887351E-2
1.691500E-7	2.878444E-2
1.692000E-7	2.866624E-2
1.692500E-7	2.856004E-2
1.693000E-7	2.845041E-2
1.693500E-7	2.831852E-2
1.694000E-7	2.821745E-2
1.694500E-7	2.817463E-2
1.695000E-7	2.816435E-2
1.695500E-7	2.818148E-2
1.696000E-7	2.825342E-2
1.696500E-7	2.835277E-2
1.697000E-7	2.843500E-2
1.697500E-7	2.850865E-2
1.698000E-7	2.858574E-2
1.698500E-7	2.865083E-2
1.699000E-7	2.867823E-2
1.699500E-7	2.867652E-2
1.700000E-7	2.864569E-2
1.700500E-7	2.860800E-2
1.701000E-7	2.856861E-2
1.701500E-7	2.849152E-2
1.702000E-7	2.839388E-2
1.702500E-7	2.831852E-2
1.703000E-7	2.826370E-2
1.703500E-7	2.821403E-2
1.704000E-7	2.817120E-2
1.704500E-7	2.813352E-2
1.705000E-7	2.809241E-2
1.705500E-7	2.805815E-2
1.706000E-7	2.804102E-2
1.706500E-7	2.803245E-2
1.707000E-7	2.801875E-2
1.707500E-7	2.802389E-2
1.708000E-7	2.804273E-2
1.708500E-7	2.806500E-2
1.709000E-7	2.808384E-2
1.709500E-7	2.809069E-2
1.710000E-7	2.807699E-2
1.710500E-7	2.804273E-2
1.711000E-7	2.799991E-2
1.711500E-7	2.796393E-2
1.712000E-7	2.792454E-2
1.712500E-7	2.788343E-2
1.713000E-7	2.784060E-2
1.713500E-7	2.778407E-2
1.714000E-7	2.773611E-2
1.714500E-7	2.770357E-2
1.715000E-7	2.769158E-2
1.715500E-7	2.771042E-2
1.716000E-7	2.776181E-2
1.716500E-7	2.784060E-2
1.717000E-7	2.793995E-2
1.717500E-7	2.804958E-2
1.718000E-7	2.816778E-2
1.718500E-7	2.829453E-2
1.719000E-7	2.842472E-2
1.719500E-7	2.851893E-2
1.720000E-7	2.857203E-2
1.720500E-7	2.856518E-2
1.721000E-7	2.849837E-2
1.721500E-7	2.838189E-2
1.722000E-7	2.820889E-2
1.722500E-7	2.799477E-2
1.723000E-7	2.777208E-2
1.723500E-7	2.758366E-2
1.724000E-7	2.744834E-2
1.724500E-7	2.735241E-2
1.725000E-7	2.731130E-2
1.725500E-7	2.735412E-2
1.726000E-7	2.746547E-2
1.726500E-7	2.761963E-2
1.727000E-7	2.780463E-2
1.727500E-7	2.800505E-2
1.728000E-7	2.817634E-2
1.728500E-7	2.830995E-2
1.729000E-7	2.842472E-2
1.729500E-7	2.849837E-2
1.730000E-7	2.850180E-2
1.730500E-7	2.845384E-2
1.731000E-7	2.839217E-2
1.731500E-7	2.833222E-2
1.732000E-7	2.827398E-2
1.732500E-7	2.823972E-2
1.733000E-7	2.820717E-2
1.733500E-7	2.816949E-2
1.734000E-7	2.815750E-2
1.734500E-7	2.817120E-2
1.735000E-7	2.816435E-2
1.735500E-7	2.815065E-2
1.736000E-7	2.816092E-2
1.736500E-7	2.815750E-2
1.737000E-7	2.807870E-2
1.737500E-7	2.796222E-2
1.738000E-7	2.783032E-2
1.738500E-7	2.767958E-2
1.739000E-7	2.752371E-2
1.739500E-7	2.739181E-2
1.740000E-7	2.728903E-2
1.740500E-7	2.721880E-2
1.741000E-7	2.718112E-2
1.741500E-7	2.717255E-2
1.742000E-7	2.718968E-2
1.742500E-7	2.724107E-2
1.743000E-7	2.731815E-2
1.743500E-7	2.740037E-2
1.744000E-7	2.747403E-2
1.744500E-7	2.754426E-2
1.745000E-7	2.761792E-2
1.745500E-7	2.768986E-2
1.746000E-7	2.774639E-2
1.746500E-7	2.779093E-2
1.747000E-7	2.781491E-2
1.747500E-7	2.780292E-2
1.748000E-7	2.777894E-2
1.748500E-7	2.775153E-2
1.749000E-7	2.773269E-2
1.749500E-7	2.769500E-2
1.750000E-7	2.763505E-2
1.750500E-7	2.756482E-2
1.751000E-7	2.748945E-2
1.751500E-7	2.741922E-2
1.752000E-7	2.735584E-2
1.752500E-7	2.730959E-2
1.753000E-7	2.729417E-2
1.753500E-7	2.729588E-2
1.754000E-7	2.728218E-2
1.754500E-7	2.725306E-2
1.755000E-7	2.722737E-2
1.755500E-7	2.719482E-2
1.756000E-7	2.714172E-2
1.756500E-7	2.707663E-2
1.757000E-7	2.703209E-2
1.757500E-7	2.702181E-2
1.758000E-7	2.702695E-2
1.758500E-7	2.703038E-2
1.759000E-7	2.707320E-2
1.759500E-7	2.717769E-2
1.760000E-7	2.729931E-2
1.760500E-7	2.740209E-2
1.761000E-7	2.749973E-2
1.761500E-7	2.759908E-2
1.762000E-7	2.767616E-2
1.762500E-7	2.771213E-2
1.763000E-7	2.771213E-2
1.763500E-7	2.769843E-2
1.764000E-7	2.767273E-2
1.764500E-7	2.762306E-2
1.765000E-7	2.755454E-2
1.765500E-7	2.748945E-2
1.766000E-7	2.744491E-2
1.766500E-7	2.740380E-2
1.767000E-7	2.735755E-2
1.767500E-7	2.731473E-2
1.768000E-7	2.724963E-2
1.768500E-7	2.717769E-2
1.769000E-7	2.711945E-2
1.769500E-7	2.709033E-2
1.770000E-7	2.706635E-2
1.770500E-7	2.705607E-2
1.771000E-7	2.706464E-2
1.771500E-7	2.708862E-2
1.772000E-7	2.710746E-2
1.772500E-7	2.712801E-2
1.773000E-7	2.716227E-2
1.773500E-7	2.722565E-2
1.774000E-7	2.730102E-2
1.774500E-7	2.736440E-2
1.775000E-7	2.742436E-2
1.775500E-7	2.748088E-2
1.776000E-7	2.750658E-2
1.776500E-7	2.749459E-2
1.777000E-7	2.746375E-2
1.777500E-7	2.743292E-2
1.778000E-7	2.740209E-2
1.778500E-7	2.738324E-2
1.779000E-7	2.737639E-2
1.779500E-7	2.737811E-2
1.780000E-7	2.739352E-2
1.780500E-7	2.741408E-2
1.781000E-7	2.742264E-2
1.781500E-7	2.741065E-2
1.782000E-7	2.738838E-2
1.782500E-7	2.735412E-2
1.783000E-7	2.730102E-2
1.783500E-7	2.724792E-2
1.784000E-7	2.721366E-2
1.784500E-7	2.719311E-2
1.785000E-7	2.717084E-2
1.785500E-7	2.718283E-2
1.786000E-7	2.722908E-2
1.786500E-7	2.727533E-2
1.787000E-7	2.730787E-2
1.787500E-7	2.735926E-2
1.788000E-7	2.742607E-2
1.788500E-7	2.748431E-2
1.789000E-7	2.752028E-2
1.789500E-7	2.754769E-2
1.790000E-7	2.752885E-2
1.790500E-7	2.746547E-2
1.791000E-7	2.737639E-2
1.791500E-7	2.727875E-2
1.792000E-7	2.716741E-2
1.792500E-7	2.706977E-2
1.793000E-7	2.700126E-2
1.793500E-7	2.695501E-2
1.794000E-7	2.692760E-2
1.794500E-7	2.691218E-2
1.795000E-7	2.690019E-2
1.795500E-7	2.690019E-2
1.796000E-7	2.690191E-2
1.796500E-7	2.688478E-2
1.797000E-7	2.684880E-2
1.797500E-7	2.680941E-2
1.798000E-7	2.676316E-2
1.798500E-7	2.671862E-2
1.799000E-7	2.666894E-2
1.799500E-7	2.658330E-2
1.800000E-7	2.646339E-2
1.800500E-7	2.637774E-2
1.801000E-7	2.635719E-2
1.801500E-7	2.638973E-2
1.802000E-7	2.646339E-2
1.802500E-7	2.656959E-2
1.803000E-7	2.668779E-2
1.803500E-7	2.680084E-2
1.804000E-7	2.688991E-2
1.804500E-7	2.694816E-2
1.805000E-7	2.697899E-2
1.805500E-7	2.697899E-2
1.806000E-7	2.694816E-2
1.806500E-7	2.689677E-2
1.807000E-7	2.682654E-2
1.807500E-7	2.672033E-2
1.808000E-7	2.658158E-2
1.808500E-7	2.645311E-2
1.809000E-7	2.633663E-2
1.809500E-7	2.621673E-2
1.810000E-7	2.612423E-2
1.810500E-7	2.608825E-2
1.811000E-7	2.610710E-2
1.811500E-7	2.618075E-2
1.812000E-7	2.629038E-2
1.812500E-7	2.641371E-2
1.813000E-7	2.654219E-2
1.813500E-7	2.667580E-2
1.814000E-7	2.679913E-2
1.814500E-7	2.688649E-2
1.815000E-7	2.694644E-2
1.815500E-7	2.697728E-2
1.816000E-7	2.697899E-2
1.816500E-7	2.696186E-2
1.817000E-7	2.692931E-2
1.817500E-7	2.687107E-2
1.818000E-7	2.679056E-2
1.818500E-7	2.670663E-2
1.819000E-7	2.662098E-2
1.819500E-7	2.652677E-2
1.820000E-7	2.645311E-2
1.820500E-7	2.638802E-2
1.821000E-7	2.632807E-2
1.821500E-7	2.626298E-2
1.822000E-7	2.621501E-2
1.822500E-7	2.617733E-2
1.823000E-7	2.614821E-2
1.823500E-7	2.615163E-2
1.824000E-7	2.617390E-2
1.824500E-7	2.618761E-2
1.825000E-7	2.620131E-2
1.825500E-7	2.623043E-2
1.826000E-7	2.625955E-2
1.826500E-7	2.627668E-2
1.827000E-7	2.628867E-2
1.827500E-7	2.630922E-2
1.828000E-7	2.629552E-2
1.828500E-7	2.625784E-2
1.829000E-7	2.621673E-2
1.829500E-7	2.618932E-2
1.830000E-7	2.618761E-2
1.830500E-7	2.620645E-2
1.831000E-7	2.624242E-2
1.831500E-7	2.629552E-2
1.832000E-7	2.636233E-2
1.832500E-7	2.641200E-2
1.833000E-7	2.644455E-2
1.833500E-7	2.647709E-2
1.834000E-7	2.649765E-2
1.834500E-7	2.649080E-2
1.835000E-7	2.647367E-2
1.835500E-7	2.645140E-2
1.836000E-7	2.642228E-2
1.836500E-7	2.640172E-2
1.837000E-7	2.641200E-2
1.837500E-7	2.646339E-2
1.838000E-7	2.654390E-2
1.838500E-7	2.661242E-2
1.839000E-7	2.664839E-2
1.839500E-7	2.668436E-2
1.840000E-7	2.674431E-2
1.840500E-7	2.678885E-2
1.841000E-7	2.680084E-2
1.841500E-7	2.679399E-2
1.842000E-7	2.676658E-2
1.842500E-7	2.672033E-2
1.843000E-7	2.667580E-2
1.843500E-7	2.663811E-2
1.844000E-7	2.660899E-2
1.844500E-7	2.659186E-2
1.845000E-7	2.657302E-2
1.845500E-7	2.653533E-2
1.846000E-7	2.648908E-2
1.846500E-7	2.644969E-2
1.847000E-7	2.640344E-2
1.847500E-7	2.632807E-2
1.848000E-7	2.626126E-2
1.848500E-7	2.619960E-2
1.849000E-7	2.613108E-2
1.849500E-7	2.606427E-2
1.850000E-7	2.600603E-2
1.850500E-7	2.592724E-2
1.851000E-7	2.583988E-2
1.851500E-7	2.577992E-2
1.852000E-7	2.574738E-2
1.852500E-7	2.570798E-2
1.853000E-7	2.569941E-2
1.853500E-7	2.571997E-2
1.854000E-7	2.572853E-2
1.854500E-7	2.570284E-2
1.855000E-7	2.568057E-2
1.855500E-7	2.567029E-2
1.856000E-7	2.566002E-2
1.856500E-7	2.565659E-2
1.857000E-7	2.567201E-2
1.857500E-7	2.571654E-2
1.858000E-7	2.577650E-2
1.858500E-7	2.585187E-2
1.859000E-7	2.594951E-2
1.859500E-7	2.608483E-2
1.860000E-7	2.624071E-2
1.860500E-7	2.637774E-2
1.861000E-7	2.646510E-2
1.861500E-7	2.651649E-2
1.862000E-7	2.653362E-2
1.862500E-7	2.649936E-2
1.863000E-7	2.643598E-2
1.863500E-7	2.634862E-2
1.864000E-7	2.625441E-2
1.864500E-7	2.617561E-2
1.865000E-7	2.610881E-2
1.865500E-7	2.603858E-2
1.866000E-7	2.598890E-2
1.866500E-7	2.597691E-2
1.867000E-7	2.597863E-2
1.867500E-7	2.598034E-2
1.868000E-7	2.598034E-2
1.868500E-7	2.596150E-2
1.869000E-7	2.590839E-2
1.869500E-7	2.583645E-2
1.870000E-7	2.577992E-2
1.870500E-7	2.574395E-2
1.871000E-7	2.574395E-2
1.871500E-7	2.574566E-2
1.872000E-7	2.572853E-2
1.872500E-7	2.570627E-2
1.873000E-7	2.572168E-2
1.873500E-7	2.573881E-2
1.874000E-7	2.572853E-2
1.874500E-7	2.570798E-2
1.875000E-7	2.568914E-2
1.875500E-7	2.566002E-2
1.876000E-7	2.561891E-2
1.876500E-7	2.558636E-2
1.877000E-7	2.556923E-2
1.877500E-7	2.556923E-2
1.878000E-7	2.560520E-2
1.878500E-7	2.566173E-2
1.879000E-7	2.570798E-2
1.879500E-7	2.574909E-2
1.880000E-7	2.580048E-2
1.880500E-7	2.584673E-2
1.881000E-7	2.586900E-2
1.881500E-7	2.587242E-2
1.882000E-7	2.584673E-2
1.882500E-7	2.580219E-2
1.883000E-7	2.577478E-2
1.883500E-7	2.576965E-2
1.884000E-7	2.575423E-2
1.884500E-7	2.574909E-2
1.885000E-7	2.577136E-2
1.885500E-7	2.580904E-2
1.886000E-7	2.584502E-2
1.886500E-7	2.589640E-2
1.887000E-7	2.595807E-2
1.887500E-7	2.600432E-2
1.888000E-7	2.600261E-2
1.888500E-7	2.595807E-2
1.889000E-7	2.589126E-2
1.889500E-7	2.581076E-2
1.890000E-7	2.570969E-2
1.890500E-7	2.560006E-2
1.891000E-7	2.552127E-2
1.891500E-7	2.548187E-2
1.892000E-7	2.548187E-2
1.892500E-7	2.551099E-2
1.893000E-7	2.555895E-2
1.893500E-7	2.560349E-2
1.894000E-7	2.566173E-2
1.894500E-7	2.572511E-2
1.895000E-7	2.575765E-2
1.895500E-7	2.576793E-2
1.896000E-7	2.575252E-2
1.896500E-7	2.567886E-2
1.897000E-7	2.554525E-2
1.897500E-7	2.540307E-2
1.898000E-7	2.526604E-2
1.898500E-7	2.512215E-2
1.899000E-7	2.499197E-2
1.899500E-7	2.490974E-2
1.900000E-7	2.487891E-2
1.900500E-7	2.489947E-2
1.901000E-7	2.496970E-2
1.901500E-7	2.507247E-2
1.902000E-7	2.517525E-2
1.902500E-7	2.526775E-2
1.903000E-7	2.535682E-2
1.903500E-7	2.543048E-2
1.904000E-7	2.546474E-2
1.904500E-7	2.544418E-2
1.905000E-7	2.537224E-2
1.905500E-7	2.526604E-2
1.906000E-7	2.515470E-2
1.906500E-7	2.506391E-2
1.907000E-7	2.501937E-2
1.907500E-7	2.502109E-2
1.908000E-7	2.505535E-2
1.908500E-7	2.510331E-2
1.909000E-7	2.518553E-2
1.909500E-7	2.533113E-2
1.910000E-7	2.551270E-2
1.910500E-7	2.567543E-2
1.911000E-7	2.581932E-2
1.911500E-7	2.594094E-2
1.912000E-7	2.601117E-2
1.912500E-7	2.604029E-2
1.913000E-7	2.604372E-2
1.913500E-7	2.601117E-2
1.914000E-7	2.595636E-2
1.914500E-7	2.590668E-2
1.915000E-7	2.583816E-2
1.915500E-7	2.573710E-2
1.916000E-7	2.562747E-2
1.916500E-7	2.554696E-2
1.917000E-7	2.548016E-2
1.917500E-7	2.543391E-2
1.918000E-7	2.540821E-2
1.918500E-7	2.538594E-2
1.919000E-7	2.535854E-2
1.919500E-7	2.533456E-2
1.920000E-7	2.531571E-2
1.920500E-7	2.531571E-2
1.921000E-7	2.534141E-2
1.921500E-7	2.537567E-2
1.922000E-7	2.540479E-2
1.922500E-7	2.544932E-2
1.923000E-7	2.551099E-2
1.923500E-7	2.555724E-2
1.924000E-7	2.556409E-2
1.924500E-7	2.554867E-2
1.925000E-7	2.553840E-2
1.925500E-7	2.553497E-2
1.926000E-7	2.550585E-2
1.926500E-7	2.544932E-2
1.927000E-7	2.539451E-2
1.927500E-7	2.534655E-2
1.928000E-7	2.528831E-2
1.928500E-7	2.522493E-2
1.929000E-7	2.517696E-2
1.929500E-7	2.512900E-2
1.930000E-7	2.506562E-2
1.930500E-7	2.499882E-2
1.931000E-7	2.495428E-2
1.931500E-7	2.493886E-2
1.932000E-7	2.495428E-2
1.932500E-7	2.498511E-2
1.933000E-7	2.504335E-2
1.933500E-7	2.512558E-2
1.934000E-7	2.520266E-2
1.934500E-7	2.525919E-2
1.935000E-7	2.531400E-2
1.935500E-7	2.538252E-2
1.936000E-7	2.542706E-2
1.936500E-7	2.543391E-2
1.937000E-7	2.539794E-2
1.937500E-7	2.531229E-2
1.938000E-7	2.518382E-2
1.938500E-7	2.505363E-2
1.939000E-7	2.492516E-2
1.939500E-7	2.479840E-2
1.940000E-7	2.470076E-2
1.940500E-7	2.464595E-2
1.941000E-7	2.462711E-2
1.941500E-7	2.466308E-2
1.942000E-7	2.476586E-2
1.942500E-7	2.489775E-2
1.943000E-7	2.502623E-2
1.943500E-7	2.515470E-2
1.944000E-7	2.527632E-2
1.944500E-7	2.538252E-2
1.945000E-7	2.547159E-2
1.945500E-7	2.553497E-2
1.946000E-7	2.555895E-2
1.946500E-7	2.554011E-2
1.947000E-7	2.549729E-2
1.947500E-7	2.542706E-2
1.948000E-7	2.534141E-2
1.948500E-7	2.526261E-2
1.949000E-7	2.518896E-2
1.949500E-7	2.511016E-2
1.950000E-7	2.502109E-2
1.950500E-7	2.491660E-2
1.951000E-7	2.480697E-2
1.951500E-7	2.472475E-2
1.952000E-7	2.467336E-2
1.952500E-7	2.465794E-2
1.953000E-7	2.467678E-2
1.953500E-7	2.472475E-2
1.954000E-7	2.476243E-2
1.954500E-7	2.479669E-2
1.955000E-7	2.484637E-2
1.955500E-7	2.491317E-2
1.956000E-7	2.496970E-2
1.956500E-7	2.501766E-2
1.957000E-7	2.505192E-2
1.957500E-7	2.505535E-2
1.958000E-7	2.504335E-2
1.958500E-7	2.503993E-2
1.959000E-7	2.503650E-2
1.959500E-7	2.502280E-2
1.960000E-7	2.500567E-2
1.960500E-7	2.499025E-2
1.961000E-7	2.497312E-2
1.961500E-7	2.496456E-2
1.962000E-7	2.498340E-2
1.962500E-7	2.503136E-2
1.963000E-7	2.509646E-2
1.963500E-7	2.517354E-2
1.964000E-7	2.525747E-2
1.964500E-7	2.534141E-2
1.965000E-7	2.540993E-2
1.965500E-7	2.541678E-2
1.966000E-7	2.538766E-2
1.966500E-7	2.534826E-2
1.967000E-7	2.530201E-2
1.967500E-7	2.523863E-2
1.968000E-7	2.516497E-2
1.968500E-7	2.505877E-2
1.969000E-7	2.493030E-2
1.969500E-7	2.480697E-2
1.970000E-7	2.470248E-2
1.970500E-7	2.461683E-2
1.971000E-7	2.457229E-2
1.971500E-7	2.459114E-2
1.972000E-7	2.466651E-2
1.972500E-7	2.477442E-2
1.973000E-7	2.489262E-2
1.973500E-7	2.498169E-2
1.974000E-7	2.505021E-2
1.974500E-7	2.510502E-2
1.975000E-7	2.511530E-2
1.975500E-7	2.506048E-2
1.976000E-7	2.498340E-2
1.976500E-7	2.493030E-2
1.977000E-7	2.487891E-2
1.977500E-7	2.479840E-2
1.978000E-7	2.470762E-2
1.978500E-7	2.463053E-2
1.979000E-7	2.455859E-2
1.979500E-7	2.448665E-2
1.980000E-7	2.443526E-2
1.980500E-7	2.441299E-2
1.981000E-7	2.441128E-2
1.981500E-7	2.442327E-2
1.982000E-7	2.445753E-2
1.982500E-7	2.450378E-2
1.983000E-7	2.454831E-2
1.983500E-7	2.459627E-2
1.984000E-7	2.463396E-2
1.984500E-7	2.464938E-2
1.985000E-7	2.464424E-2
1.985500E-7	2.463053E-2
1.986000E-7	2.459970E-2
1.986500E-7	2.455345E-2
1.987000E-7	2.451748E-2
1.987500E-7	2.448665E-2
1.988000E-7	2.446266E-2
1.988500E-7	2.445410E-2
1.989000E-7	2.445924E-2
1.989500E-7	2.445753E-2
1.990000E-7	2.446609E-2
1.990500E-7	2.450720E-2
1.991000E-7	2.455516E-2
1.991500E-7	2.459456E-2
1.992000E-7	2.463396E-2
1.992500E-7	2.468021E-2
1.993000E-7	2.471961E-2
1.993500E-7	2.475044E-2
1.994000E-7	2.476414E-2
1.994500E-7	2.476586E-2
1.995000E-7	2.476243E-2
1.995500E-7	2.474359E-2
1.996000E-7	2.469563E-2
1.996500E-7	2.463910E-2
1.997000E-7	2.460484E-2
1.997500E-7	2.457229E-2
1.998000E-7	2.452090E-2
1.998500E-7	2.445924E-2
1.999000E-7	2.440614E-2
1.999500E-7	2.434447E-2
2.000000E-7	2.425368E-2
