Study Name	PremaTech_CVD_SiC_HeandSi
Sample Name	2025-10-15
Run Name	spot04
Operator	Keshav
Date	10/15/2025
Time	18:34
Sign	FIX
Grating Spacing	06.40um
Channel	3
Number Traces	10000
Files in Batch	1
Batch Number	36
dt	50.000001E-12
time stamp (ms)	7:13:27 PM
	
Time	Amplitude
0.000000E+0	-3.408522E-4
5.000000E-11	-3.922407E-4
1.000000E-10	-4.093702E-4
1.500000E-10	-3.871018E-4
2.000000E-10	-3.357133E-4
2.500000E-10	-2.637694E-4
3.000000E-10	-1.815478E-4
3.500000E-10	-8.562263E-5
4.000000E-10	5.163725E-6
4.500000E-10	5.997813E-5
5.000000E-10	6.511698E-5
5.500000E-10	2.229323E-5
6.000000E-10	-5.650248E-5
6.500000E-10	-1.712701E-4
7.000000E-10	-3.065932E-4
7.500000E-10	-4.590457E-4
8.000000E-10	-6.063594E-4
8.500000E-10	-7.245530E-4
9.000000E-10	-8.016357E-4
9.500000E-10	-8.290430E-4
1.000000E-9	-8.016357E-4
1.050000E-9	-7.194141E-4
1.100000E-9	-6.132112E-4
1.150000E-9	-5.052954E-4
1.200000E-9	-4.008054E-4
1.250000E-9	-3.117320E-4
1.300000E-9	-2.380752E-4
1.350000E-9	-1.849737E-4
1.400000E-9	-1.712701E-4
1.450000E-9	-1.883996E-4
1.500000E-9	-2.192327E-4
1.550000E-9	-2.654824E-4
1.600000E-9	-3.442781E-4
1.650000E-9	-4.367774E-4
1.700000E-9	-5.241378E-4
1.750000E-9	-5.909429E-4
1.800000E-9	-6.269148E-4
1.850000E-9	-6.406184E-4
1.900000E-9	-6.389055E-4
1.950000E-9	-6.063594E-4
2.000000E-9	-5.395544E-4
2.050000E-9	-4.744623E-4
2.100000E-9	-4.282126E-4
2.150000E-9	-3.699723E-4
2.200000E-9	-2.860378E-4
2.250000E-9	-1.986773E-4
2.300000E-9	-1.027521E-4
2.350000E-9	5.163725E-6
2.400000E-9	1.010889E-4
2.450000E-9	1.490515E-4
2.500000E-9	1.661810E-4
2.550000E-9	1.696069E-4
2.600000E-9	1.661810E-4
2.650000E-9	1.456256E-4
2.700000E-9	1.233573E-4
2.750000E-9	1.267832E-4
2.800000E-9	1.627551E-4
2.850000E-9	2.175695E-4
2.900000E-9	2.655321E-4
2.950000E-9	2.826616E-4
3.000000E-9	2.621062E-4
3.050000E-9	2.175695E-4
3.100000E-9	1.559033E-4
3.150000E-9	6.511698E-5
3.200000E-9	-4.793773E-5
3.250000E-9	-1.712701E-4
3.300000E-9	-2.637694E-4
3.350000E-9	-3.134450E-4
3.400000E-9	-3.220097E-4
3.450000E-9	-2.689083E-4
3.500000E-9	-1.575665E-4
3.550000E-9	-2.738233E-5
3.600000E-9	8.909828E-5
3.650000E-9	2.072918E-4
3.700000E-9	3.083559E-4
3.750000E-9	3.391890E-4
3.800000E-9	2.929393E-4
3.850000E-9	2.004400E-4
3.900000E-9	9.766303E-5
3.950000E-9	3.450775E-6
4.000000E-9	-8.390968E-5
4.050000E-9	-1.592795E-4
4.100000E-9	-2.072421E-4
4.150000E-9	-2.295104E-4
4.200000E-9	-2.329363E-4
4.250000E-9	-2.226586E-4
4.300000E-9	-1.918255E-4
4.350000E-9	-1.695572E-4
4.400000E-9	-1.849737E-4
4.450000E-9	-2.415011E-4
4.500000E-9	-3.442781E-4
4.550000E-9	-4.984436E-4
4.600000E-9	-6.954328E-4
4.650000E-9	-8.958480E-4
4.700000E-9	-1.072282E-3
4.750000E-9	-1.204179E-3
4.800000E-9	-1.293252E-3
4.850000E-9	-1.327511E-3
4.900000E-9	-1.291539E-3
4.950000E-9	-1.178485E-3
5.000000E-9	-9.969121E-4
5.050000E-9	-7.639508E-4
5.100000E-9	-5.258508E-4
5.150000E-9	-3.083061E-4
5.200000E-9	-1.198816E-4
5.250000E-9	3.942273E-5
5.300000E-9	1.284961E-4
5.350000E-9	1.387738E-4
5.400000E-9	8.053353E-5
5.450000E-9	-3.252118E-5
5.500000E-9	-1.849737E-4
5.550000E-9	-3.494169E-4
5.600000E-9	-5.207119E-4
5.650000E-9	-6.902940E-4
5.700000E-9	-8.084875E-4
5.750000E-9	-8.770056E-4
5.800000E-9	-9.232552E-4
5.850000E-9	-9.455236E-4
5.900000E-9	-9.403847E-4
5.950000E-9	-9.198293E-4
6.000000E-9	-8.958480E-4
6.050000E-9	-8.667279E-4
6.100000E-9	-8.341818E-4
6.150000E-9	-8.136264E-4
6.200000E-9	-7.827933E-4
6.250000E-9	-7.365436E-4
6.300000E-9	-6.663127E-4
6.350000E-9	-5.601098E-4
6.400000E-9	-4.162220E-4
6.450000E-9	-2.449270E-4
6.500000E-9	-5.136363E-5
6.550000E-9	1.644681E-4
6.600000E-9	3.820127E-4
6.650000E-9	5.635854E-4
6.700000E-9	6.903437E-4
6.750000E-9	7.468711E-4
6.800000E-9	7.177509E-4
6.850000E-9	6.235387E-4
6.900000E-9	4.933545E-4
6.950000E-9	3.203465E-4
7.000000E-9	1.233573E-4
7.050000E-9	-5.992838E-5
7.100000E-9	-2.260845E-4
7.150000E-9	-3.905277E-4
7.200000E-9	-5.087213E-4
7.250000E-9	-5.618227E-4
7.300000E-9	-5.755263E-4
7.350000E-9	-5.498321E-4
7.400000E-9	-4.624716E-4
7.450000E-9	-3.459910E-4
7.500000E-9	-2.415011E-4
7.550000E-9	-1.387241E-4
7.600000E-9	-4.622478E-5
7.650000E-9	-1.688075E-6
7.700000E-9	3.450775E-6
7.750000E-9	-1.881758E-5
7.800000E-9	-7.705788E-5
7.850000E-9	-1.746960E-4
7.900000E-9	-2.843248E-4
7.950000E-9	-3.905277E-4
8.000000E-9	-4.830270E-4
8.050000E-9	-5.446932E-4
8.100000E-9	-5.652486E-4
8.150000E-9	-5.327026E-4
8.200000E-9	-4.641846E-4
8.250000E-9	-3.716853E-4
8.300000E-9	-2.723342E-4
8.350000E-9	-2.055291E-4
8.400000E-9	-1.866867E-4
8.450000E-9	-1.832608E-4
8.500000E-9	-1.798349E-4
8.550000E-9	-2.072421E-4
8.600000E-9	-2.808989E-4
8.650000E-9	-3.579817E-4
8.700000E-9	-4.127961E-4
8.750000E-9	-4.607587E-4
8.800000E-9	-4.950177E-4
8.850000E-9	-4.984436E-4
8.900000E-9	-4.693234E-4
8.950000E-9	-4.230738E-4
9.000000E-9	-3.785371E-4
9.050000E-9	-3.254356E-4
9.100000E-9	-2.586306E-4
9.150000E-9	-1.866867E-4
9.200000E-9	-1.335852E-4
9.250000E-9	-9.590033E-5
9.300000E-9	-7.191903E-5
9.350000E-9	-7.191903E-5
9.400000E-9	-1.078910E-4
9.450000E-9	-1.678442E-4
9.500000E-9	-2.243716E-4
9.550000E-9	-2.791860E-4
9.600000E-9	-3.340004E-4
9.650000E-9	-3.699723E-4
9.700000E-9	-3.596946E-4
9.750000E-9	-3.083061E-4
9.800000E-9	-2.432140E-4
9.850000E-9	-1.695572E-4
9.900000E-9	-9.590033E-5
9.950000E-9	-4.279888E-5
1.000000E-8	-2.224348E-5
1.005000E-8	-2.738233E-5
1.010000E-8	-5.992838E-5
1.015000E-8	-1.198816E-4
1.020000E-8	-2.038162E-4
1.025000E-8	-3.374263E-4
1.030000E-8	-5.001565E-4
1.035000E-8	-6.337666E-4
1.040000E-8	-7.142753E-4
1.045000E-8	-7.570990E-4
1.050000E-8	-7.605249E-4
1.055000E-8	-7.091364E-4
1.060000E-8	-6.063594E-4
1.065000E-8	-4.915918E-4
1.070000E-8	-3.648335E-4
1.075000E-8	-2.380752E-4
1.080000E-8	-1.455759E-4
1.085000E-8	-1.301593E-4
1.090000E-8	-1.815478E-4
1.095000E-8	-2.723342E-4
1.100000E-8	-3.990925E-4
1.105000E-8	-5.361285E-4
1.110000E-8	-6.526091E-4
1.115000E-8	-7.536731E-4
1.120000E-8	-8.598761E-4
1.125000E-8	-9.472365E-4
1.130000E-8	-1.002051E-3
1.135000E-8	-1.048301E-3
1.140000E-8	-1.082560E-3
1.145000E-8	-1.091124E-3
1.150000E-8	-1.104828E-3
1.155000E-8	-1.140800E-3
1.160000E-8	-1.193901E-3
1.165000E-8	-1.255568E-3
1.170000E-8	-1.306956E-3
1.175000E-8	-1.298391E-3
1.180000E-8	-1.241864E-3
1.185000E-8	-1.161355E-3
1.190000E-8	-1.046588E-3
1.195000E-8	-8.735797E-4
1.200000E-8	-6.560350E-4
1.205000E-8	-4.110831E-4
1.210000E-8	-1.644183E-4
1.215000E-8	4.113568E-5
1.220000E-8	2.038659E-4
1.225000E-8	3.477537E-4
1.230000E-8	4.573825E-4
1.235000E-8	4.984933E-4
1.240000E-8	4.796509E-4
1.245000E-8	4.162717E-4
1.250000E-8	3.049300E-4
1.255000E-8	1.764587E-4
1.260000E-8	6.854288E-5
1.265000E-8	-1.025283E-5
1.270000E-8	-6.849313E-5
1.275000E-8	-9.761328E-5
1.280000E-8	-9.418738E-5
1.285000E-8	-6.335428E-5
1.290000E-8	-2.224348E-5
1.295000E-8	2.743208E-5
1.300000E-8	8.909828E-5
1.305000E-8	1.404868E-4
1.310000E-8	1.524774E-4
1.315000E-8	1.387738E-4
1.320000E-8	1.079407E-4
1.325000E-8	4.798748E-5
1.330000E-8	-4.279888E-5
1.335000E-8	-1.267334E-4
1.340000E-8	-1.832608E-4
1.345000E-8	-2.175198E-4
1.350000E-8	-2.483529E-4
1.355000E-8	-2.706212E-4
1.360000E-8	-2.706212E-4
1.365000E-8	-2.449270E-4
1.370000E-8	-2.089550E-4
1.375000E-8	-1.849737E-4
1.380000E-8	-1.712701E-4
1.385000E-8	-1.695572E-4
1.390000E-8	-1.952514E-4
1.395000E-8	-2.586306E-4
1.400000E-8	-3.237227E-4
1.405000E-8	-3.614076E-4
1.410000E-8	-3.922407E-4
1.415000E-8	-4.573328E-4
1.420000E-8	-5.121472E-4
1.425000E-8	-5.344155E-4
1.430000E-8	-5.738134E-4
1.435000E-8	-6.269148E-4
1.440000E-8	-6.440443E-4
1.445000E-8	-6.320537E-4
1.450000E-8	-6.337666E-4
1.455000E-8	-6.200630E-4
1.460000E-8	-5.635357E-4
1.465000E-8	-5.155731E-4
1.470000E-8	-4.813141E-4
1.475000E-8	-4.093702E-4
1.480000E-8	-3.254356E-4
1.485000E-8	-2.380752E-4
1.490000E-8	-1.318723E-4
1.495000E-8	-5.821543E-5
1.500000E-8	-8.219673E-5
1.505000E-8	-1.421500E-4
1.510000E-8	-1.421500E-4
1.515000E-8	-1.301593E-4
1.520000E-8	-1.455759E-4
1.525000E-8	-1.644183E-4
1.530000E-8	-1.609924E-4
1.535000E-8	-1.524277E-4
1.540000E-8	-1.318723E-4
1.545000E-8	-1.010392E-4
1.550000E-8	-7.534493E-5
1.555000E-8	-5.307658E-5
1.560000E-8	-4.451183E-5
1.565000E-8	-8.219673E-5
1.570000E-8	-1.798349E-4
1.575000E-8	-3.048802E-4
1.580000E-8	-4.350644E-4
1.585000E-8	-5.515450E-4
1.590000E-8	-6.457573E-4
1.595000E-8	-7.468213E-4
1.600000E-8	-8.718667E-4
1.605000E-8	-9.420977E-4
1.610000E-8	-9.009869E-4
1.615000E-8	-8.084875E-4
1.620000E-8	-7.365436E-4
1.625000E-8	-6.526091E-4
1.630000E-8	-5.172860E-4
1.635000E-8	-3.699723E-4
1.640000E-8	-2.569176E-4
1.645000E-8	-1.849737E-4
1.650000E-8	-1.352982E-4
1.655000E-8	-9.761328E-5
1.660000E-8	-7.705788E-5
1.665000E-8	-1.181687E-4
1.670000E-8	-1.849737E-4
1.675000E-8	-2.175198E-4
1.680000E-8	-2.483529E-4
1.685000E-8	-3.305745E-4
1.690000E-8	-4.025184E-4
1.695000E-8	-4.025184E-4
1.700000E-8	-3.716853E-4
1.705000E-8	-3.562687E-4
1.710000E-8	-3.425651E-4
1.715000E-8	-3.048802E-4
1.720000E-8	-2.295104E-4
1.725000E-8	-1.421500E-4
1.730000E-8	-8.048378E-5
1.735000E-8	-5.478953E-5
1.740000E-8	-4.793773E-5
1.745000E-8	-7.020608E-5
1.750000E-8	-1.267334E-4
1.755000E-8	-1.695572E-4
1.760000E-8	-1.969644E-4
1.765000E-8	-2.466399E-4
1.770000E-8	-3.014543E-4
1.775000E-8	-3.117320E-4
1.780000E-8	-2.706212E-4
1.785000E-8	-1.901126E-4
1.790000E-8	-3.252118E-5
1.795000E-8	2.107177E-4
1.800000E-8	5.156228E-4
1.805000E-8	9.233050E-4
1.810000E-8	1.536541E-3
1.815000E-8	2.375887E-3
1.820000E-8	3.417360E-3
1.825000E-8	4.739758E-3
1.830000E-8	6.425301E-3
1.835000E-8	8.496257E-3
1.840000E-8	1.096462E-2
1.845000E-8	1.383552E-2
1.850000E-8	1.707129E-2
1.855000E-8	2.067191E-2
1.860000E-8	2.465451E-2
1.865000E-8	2.892661E-2
1.870000E-8	3.334260E-2
1.875000E-8	3.783909E-2
1.880000E-8	4.233730E-2
1.885000E-8	4.665393E-2
1.890000E-8	5.065881E-2
1.895000E-8	5.428512E-2
1.900000E-8	5.740441E-2
1.905000E-8	5.985393E-2
1.910000E-8	6.159257E-2
1.915000E-8	6.264432E-2
1.920000E-8	6.307941E-2
1.925000E-8	6.295265E-2
1.930000E-8	6.242849E-2
1.935000E-8	6.167137E-2
1.940000E-8	6.078577E-2
1.945000E-8	5.987448E-2
1.950000E-8	5.900773E-2
1.955000E-8	5.826602E-2
1.960000E-8	5.766306E-2
1.965000E-8	5.719200E-2
1.970000E-8	5.689052E-2
1.975000E-8	5.678774E-2
1.980000E-8	5.687853E-2
1.985000E-8	5.712006E-2
1.990000E-8	5.746779E-2
1.995000E-8	5.789945E-2
2.000000E-8	5.836195E-2
2.005000E-8	5.880389E-2
2.010000E-8	5.912250E-2
2.015000E-8	5.928009E-2
2.020000E-8	5.924583E-2
2.025000E-8	5.903000E-2
2.030000E-8	5.865829E-2
2.035000E-8	5.817523E-2
2.040000E-8	5.765621E-2
2.045000E-8	5.712348E-2
2.050000E-8	5.661988E-2
2.055000E-8	5.619335E-2
2.060000E-8	5.589872E-2
2.065000E-8	5.572058E-2
2.070000E-8	5.565206E-2
2.075000E-8	5.573428E-2
2.080000E-8	5.593641E-2
2.085000E-8	5.622247E-2
2.090000E-8	5.657363E-2
2.095000E-8	5.694191E-2
2.100000E-8	5.726566E-2
2.105000E-8	5.755686E-2
2.110000E-8	5.780866E-2
2.115000E-8	5.791829E-2
2.120000E-8	5.784635E-2
2.125000E-8	5.764422E-2
2.130000E-8	5.735302E-2
2.135000E-8	5.692478E-2
2.140000E-8	5.641946E-2
2.145000E-8	5.596724E-2
2.150000E-8	5.566062E-2
2.155000E-8	5.547220E-2
2.160000E-8	5.533516E-2
2.165000E-8	5.524438E-2
2.170000E-8	5.525979E-2
2.175000E-8	5.533174E-2
2.180000E-8	5.537627E-2
2.185000E-8	5.543451E-2
2.190000E-8	5.559896E-2
2.195000E-8	5.585590E-2
2.200000E-8	5.611969E-2
2.205000E-8	5.642289E-2
2.210000E-8	5.679460E-2
2.215000E-8	5.714575E-2
2.220000E-8	5.737015E-2
2.225000E-8	5.744380E-2
2.230000E-8	5.736158E-2
2.235000E-8	5.719029E-2
2.240000E-8	5.694705E-2
2.245000E-8	5.662159E-2
2.250000E-8	5.623446E-2
2.255000E-8	5.587646E-2
2.260000E-8	5.554928E-2
2.265000E-8	5.520327E-2
2.270000E-8	5.487952E-2
2.275000E-8	5.463457E-2
2.280000E-8	5.447184E-2
2.285000E-8	5.435536E-2
2.290000E-8	5.431596E-2
2.295000E-8	5.437077E-2
2.300000E-8	5.454721E-2
2.305000E-8	5.481957E-2
2.310000E-8	5.510049E-2
2.315000E-8	5.531461E-2
2.320000E-8	5.545164E-2
2.325000E-8	5.554243E-2
2.330000E-8	5.555785E-2
2.335000E-8	5.548933E-2
2.340000E-8	5.531803E-2
2.345000E-8	5.507137E-2
2.350000E-8	5.483669E-2
2.355000E-8	5.461230E-2
2.360000E-8	5.438448E-2
2.365000E-8	5.415837E-2
2.370000E-8	5.398878E-2
2.375000E-8	5.392198E-2
2.380000E-8	5.392541E-2
2.385000E-8	5.401448E-2
2.390000E-8	5.420976E-2
2.395000E-8	5.442730E-2
2.400000E-8	5.461401E-2
2.405000E-8	5.485040E-2
2.410000E-8	5.511419E-2
2.415000E-8	5.529577E-2
2.420000E-8	5.538826E-2
2.425000E-8	5.542081E-2
2.430000E-8	5.534373E-2
2.435000E-8	5.516387E-2
2.440000E-8	5.498401E-2
2.445000E-8	5.483156E-2
2.450000E-8	5.466026E-2
2.455000E-8	5.448554E-2
2.460000E-8	5.432452E-2
2.465000E-8	5.413096E-2
2.470000E-8	5.390828E-2
2.475000E-8	5.374212E-2
2.480000E-8	5.368902E-2
2.485000E-8	5.373698E-2
2.490000E-8	5.383976E-2
2.495000E-8	5.403161E-2
2.500000E-8	5.433309E-2
2.505000E-8	5.467396E-2
2.510000E-8	5.499771E-2
2.515000E-8	5.527007E-2
2.520000E-8	5.549275E-2
2.525000E-8	5.561266E-2
2.530000E-8	5.562294E-2
2.535000E-8	5.550988E-2
2.540000E-8	5.530433E-2
2.545000E-8	5.498230E-2
2.550000E-8	5.463457E-2
2.555000E-8	5.433994E-2
2.560000E-8	5.410013E-2
2.565000E-8	5.385004E-2
2.570000E-8	5.368902E-2
2.575000E-8	5.362564E-2
2.580000E-8	5.358282E-2
2.585000E-8	5.355198E-2
2.590000E-8	5.361365E-2
2.595000E-8	5.377980E-2
2.600000E-8	5.394939E-2
2.605000E-8	5.416008E-2
2.610000E-8	5.447869E-2
2.615000E-8	5.480757E-2
2.620000E-8	5.504567E-2
2.625000E-8	5.519299E-2
2.630000E-8	5.525808E-2
2.635000E-8	5.522040E-2
2.640000E-8	5.510734E-2
2.645000E-8	5.496859E-2
2.650000E-8	5.476818E-2
2.655000E-8	5.452151E-2
2.660000E-8	5.428341E-2
2.665000E-8	5.405045E-2
2.670000E-8	5.377809E-2
2.675000E-8	5.351430E-2
2.680000E-8	5.330874E-2
2.685000E-8	5.320083E-2
2.690000E-8	5.319398E-2
2.695000E-8	5.332416E-2
2.700000E-8	5.361022E-2
2.705000E-8	5.400591E-2
2.710000E-8	5.441702E-2
2.715000E-8	5.481100E-2
2.720000E-8	5.516901E-2
2.725000E-8	5.549104E-2
2.730000E-8	5.572572E-2
2.735000E-8	5.581650E-2
2.740000E-8	5.578910E-2
2.745000E-8	5.565891E-2
2.750000E-8	5.540711E-2
2.755000E-8	5.507651E-2
2.760000E-8	5.466369E-2
2.765000E-8	5.422346E-2
2.770000E-8	5.380550E-2
2.775000E-8	5.348004E-2
2.780000E-8	5.322652E-2
2.785000E-8	5.307578E-2
2.790000E-8	5.306037E-2
2.795000E-8	5.316999E-2
2.800000E-8	5.336527E-2
2.805000E-8	5.365647E-2
2.810000E-8	5.400249E-2
2.815000E-8	5.434679E-2
2.820000E-8	5.467054E-2
2.825000E-8	5.490864E-2
2.830000E-8	5.503540E-2
2.835000E-8	5.505253E-2
2.840000E-8	5.496174E-2
2.845000E-8	5.475961E-2
2.850000E-8	5.446670E-2
2.855000E-8	5.416522E-2
2.860000E-8	5.387059E-2
2.865000E-8	5.359138E-2
2.870000E-8	5.336527E-2
2.875000E-8	5.319569E-2
2.880000E-8	5.310662E-2
2.885000E-8	5.311347E-2
2.890000E-8	5.320083E-2
2.895000E-8	5.333101E-2
2.900000E-8	5.350059E-2
2.905000E-8	5.371129E-2
2.910000E-8	5.392541E-2
2.915000E-8	5.409670E-2
2.920000E-8	5.418406E-2
2.925000E-8	5.417036E-2
2.930000E-8	5.408642E-2
2.935000E-8	5.397851E-2
2.940000E-8	5.383119E-2
2.945000E-8	5.361194E-2
2.950000E-8	5.339953E-2
2.955000E-8	5.323509E-2
2.960000E-8	5.307578E-2
2.965000E-8	5.290620E-2
2.970000E-8	5.274518E-2
2.975000E-8	5.264583E-2
2.980000E-8	5.258759E-2
2.985000E-8	5.255162E-2
2.990000E-8	5.256704E-2
2.995000E-8	5.267153E-2
3.000000E-8	5.286680E-2
3.005000E-8	5.307064E-2
3.010000E-8	5.322310E-2
3.015000E-8	5.331731E-2
3.020000E-8	5.339097E-2
3.025000E-8	5.343550E-2
3.030000E-8	5.341495E-2
3.035000E-8	5.335842E-2
3.040000E-8	5.327791E-2
3.045000E-8	5.314430E-2
3.050000E-8	5.295759E-2
3.055000E-8	5.274004E-2
3.060000E-8	5.248824E-2
3.065000E-8	5.228440E-2
3.070000E-8	5.215079E-2
3.075000E-8	5.202061E-2
3.080000E-8	5.185959E-2
3.085000E-8	5.178079E-2
3.090000E-8	5.179107E-2
3.095000E-8	5.182533E-2
3.100000E-8	5.188699E-2
3.105000E-8	5.203945E-2
3.110000E-8	5.222102E-2
3.115000E-8	5.240259E-2
3.120000E-8	5.259958E-2
3.125000E-8	5.275546E-2
3.130000E-8	5.281884E-2
3.135000E-8	5.283426E-2
3.140000E-8	5.283083E-2
3.145000E-8	5.275546E-2
3.150000E-8	5.260986E-2
3.155000E-8	5.243343E-2
3.160000E-8	5.224500E-2
3.165000E-8	5.207199E-2
3.170000E-8	5.192639E-2
3.175000E-8	5.180306E-2
3.180000E-8	5.176538E-2
3.185000E-8	5.187500E-2
3.190000E-8	5.205315E-2
3.195000E-8	5.223644E-2
3.200000E-8	5.244370E-2
3.205000E-8	5.266981E-2
3.210000E-8	5.281027E-2
3.215000E-8	5.288907E-2
3.220000E-8	5.295416E-2
3.225000E-8	5.296958E-2
3.230000E-8	5.289592E-2
3.235000E-8	5.273491E-2
3.240000E-8	5.252935E-2
3.245000E-8	5.227926E-2
3.250000E-8	5.202746E-2
3.255000E-8	5.180135E-2
3.260000E-8	5.161635E-2
3.265000E-8	5.145704E-2
3.270000E-8	5.135769E-2
3.275000E-8	5.134056E-2
3.280000E-8	5.135769E-2
3.285000E-8	5.138681E-2
3.290000E-8	5.147075E-2
3.295000E-8	5.159922E-2
3.300000E-8	5.174482E-2
3.305000E-8	5.188528E-2
3.310000E-8	5.201033E-2
3.315000E-8	5.208912E-2
3.320000E-8	5.210111E-2
3.325000E-8	5.210283E-2
3.330000E-8	5.209084E-2
3.335000E-8	5.204287E-2
3.340000E-8	5.197607E-2
3.345000E-8	5.191269E-2
3.350000E-8	5.184075E-2
3.355000E-8	5.175510E-2
3.360000E-8	5.164547E-2
3.365000E-8	5.153927E-2
3.370000E-8	5.145704E-2
3.375000E-8	5.138510E-2
3.380000E-8	5.132343E-2
3.385000E-8	5.130973E-2
3.390000E-8	5.135941E-2
3.395000E-8	5.141251E-2
3.400000E-8	5.146047E-2
3.405000E-8	5.148959E-2
3.410000E-8	5.153241E-2
3.415000E-8	5.157695E-2
3.420000E-8	5.161121E-2
3.425000E-8	5.162663E-2
3.430000E-8	5.160607E-2
3.435000E-8	5.157181E-2
3.440000E-8	5.149987E-2
3.445000E-8	5.139195E-2
3.450000E-8	5.125834E-2
3.455000E-8	5.112131E-2
3.460000E-8	5.102881E-2
3.465000E-8	5.097228E-2
3.470000E-8	5.092603E-2
3.475000E-8	5.087807E-2
3.480000E-8	5.083182E-2
3.485000E-8	5.077015E-2
3.490000E-8	5.069649E-2
3.495000E-8	5.066052E-2
3.500000E-8	5.067251E-2
3.505000E-8	5.069992E-2
3.510000E-8	5.076673E-2
3.515000E-8	5.086265E-2
3.520000E-8	5.092089E-2
3.525000E-8	5.099797E-2
3.530000E-8	5.110589E-2
3.535000E-8	5.116927E-2
3.540000E-8	5.117441E-2
3.545000E-8	5.117098E-2
3.550000E-8	5.112987E-2
3.555000E-8	5.099626E-2
3.560000E-8	5.079413E-2
3.565000E-8	5.058687E-2
3.570000E-8	5.040529E-2
3.575000E-8	5.025455E-2
3.580000E-8	5.018604E-2
3.585000E-8	5.017404E-2
3.590000E-8	5.017576E-2
3.595000E-8	5.020145E-2
3.600000E-8	5.027168E-2
3.605000E-8	5.039502E-2
3.610000E-8	5.053034E-2
3.615000E-8	5.066566E-2
3.620000E-8	5.078728E-2
3.625000E-8	5.086779E-2
3.630000E-8	5.090034E-2
3.635000E-8	5.089862E-2
3.640000E-8	5.084723E-2
3.645000E-8	5.075816E-2
3.650000E-8	5.062798E-2
3.655000E-8	5.047039E-2
3.660000E-8	5.027168E-2
3.665000E-8	5.006099E-2
3.670000E-8	4.987770E-2
3.675000E-8	4.975951E-2
3.680000E-8	4.971669E-2
3.685000E-8	4.976294E-2
3.690000E-8	4.990854E-2
3.695000E-8	5.009182E-2
3.700000E-8	5.025627E-2
3.705000E-8	5.042071E-2
3.710000E-8	5.058515E-2
3.715000E-8	5.071876E-2
3.720000E-8	5.083010E-2
3.725000E-8	5.089177E-2
3.730000E-8	5.087464E-2
3.735000E-8	5.075987E-2
3.740000E-8	5.060400E-2
3.745000E-8	5.044983E-2
3.750000E-8	5.028539E-2
3.755000E-8	5.012437E-2
3.760000E-8	4.998733E-2
3.765000E-8	4.988284E-2
3.770000E-8	4.979891E-2
3.775000E-8	4.975780E-2
3.780000E-8	4.976808E-2
3.785000E-8	4.981261E-2
3.790000E-8	4.989655E-2
3.795000E-8	4.998562E-2
3.800000E-8	5.004900E-2
3.805000E-8	5.010039E-2
3.810000E-8	5.016548E-2
3.815000E-8	5.021173E-2
3.820000E-8	5.019974E-2
3.825000E-8	5.011752E-2
3.830000E-8	5.000618E-2
3.835000E-8	4.989312E-2
3.840000E-8	4.978863E-2
3.845000E-8	4.966530E-2
3.850000E-8	4.952484E-2
3.855000E-8	4.941521E-2
3.860000E-8	4.933299E-2
3.865000E-8	4.927646E-2
3.870000E-8	4.923535E-2
3.875000E-8	4.922336E-2
3.880000E-8	4.922164E-2
3.885000E-8	4.921137E-2
3.890000E-8	4.921479E-2
3.895000E-8	4.923706E-2
3.900000E-8	4.928502E-2
3.905000E-8	4.934840E-2
3.910000E-8	4.941521E-2
3.915000E-8	4.947345E-2
3.920000E-8	4.951627E-2
3.925000E-8	4.951798E-2
3.930000E-8	4.949400E-2
3.935000E-8	4.944604E-2
3.940000E-8	4.936725E-2
3.945000E-8	4.924049E-2
3.950000E-8	4.910859E-2
3.955000E-8	4.902294E-2
3.960000E-8	4.898697E-2
3.965000E-8	4.899211E-2
3.970000E-8	4.901952E-2
3.975000E-8	4.908461E-2
3.980000E-8	4.917539E-2
3.985000E-8	4.925590E-2
3.990000E-8	4.931072E-2
3.995000E-8	4.935525E-2
4.000000E-8	4.940322E-2
4.005000E-8	4.944947E-2
4.010000E-8	4.949400E-2
4.015000E-8	4.948201E-2
4.020000E-8	4.940836E-2
4.025000E-8	4.930901E-2
4.030000E-8	4.922507E-2
4.035000E-8	4.913771E-2
4.040000E-8	4.903493E-2
4.045000E-8	4.894415E-2
4.050000E-8	4.888419E-2
4.055000E-8	4.886193E-2
4.060000E-8	4.883794E-2
4.065000E-8	4.877970E-2
4.070000E-8	4.868378E-2
4.075000E-8	4.859813E-2
4.080000E-8	4.857072E-2
4.085000E-8	4.856901E-2
4.090000E-8	4.857929E-2
4.095000E-8	4.862383E-2
4.100000E-8	4.870947E-2
4.105000E-8	4.881054E-2
4.110000E-8	4.890304E-2
4.115000E-8	4.894757E-2
4.120000E-8	4.892873E-2
4.125000E-8	4.885336E-2
4.130000E-8	4.877285E-2
4.135000E-8	4.868549E-2
4.140000E-8	4.861183E-2
4.145000E-8	4.858100E-2
4.150000E-8	4.856387E-2
4.155000E-8	4.853646E-2
4.160000E-8	4.853646E-2
4.165000E-8	4.854160E-2
4.170000E-8	4.850734E-2
4.175000E-8	4.849193E-2
4.180000E-8	4.854503E-2
4.185000E-8	4.862383E-2
4.190000E-8	4.866836E-2
4.195000E-8	4.868720E-2
4.200000E-8	4.866322E-2
4.205000E-8	4.859299E-2
4.210000E-8	4.851591E-2
4.215000E-8	4.847137E-2
4.220000E-8	4.840799E-2
4.225000E-8	4.830864E-2
4.230000E-8	4.825211E-2
4.235000E-8	4.824698E-2
4.240000E-8	4.822985E-2
4.245000E-8	4.820073E-2
4.250000E-8	4.822299E-2
4.255000E-8	4.830008E-2
4.260000E-8	4.836174E-2
4.265000E-8	4.843540E-2
4.270000E-8	4.854332E-2
4.275000E-8	4.859470E-2
4.280000E-8	4.857758E-2
4.285000E-8	4.853818E-2
4.290000E-8	4.851077E-2
4.295000E-8	4.843883E-2
4.300000E-8	4.833605E-2
4.305000E-8	4.823499E-2
4.310000E-8	4.818188E-2
4.315000E-8	4.814934E-2
4.320000E-8	4.816989E-2
4.325000E-8	4.821614E-2
4.330000E-8	4.821100E-2
4.335000E-8	4.816989E-2
4.340000E-8	4.813563E-2
4.345000E-8	4.807226E-2
4.350000E-8	4.794378E-2
4.355000E-8	4.780675E-2
4.360000E-8	4.770568E-2
4.365000E-8	4.764744E-2
4.370000E-8	4.762860E-2
4.375000E-8	4.760119E-2
4.380000E-8	4.756865E-2
4.385000E-8	4.759092E-2
4.390000E-8	4.766115E-2
4.395000E-8	4.768513E-2
4.400000E-8	4.766629E-2
4.405000E-8	4.767314E-2
4.410000E-8	4.768513E-2
4.415000E-8	4.768342E-2
4.420000E-8	4.771254E-2
4.425000E-8	4.778619E-2
4.430000E-8	4.782559E-2
4.435000E-8	4.784615E-2
4.440000E-8	4.787013E-2
4.445000E-8	4.785814E-2
4.450000E-8	4.781360E-2
4.455000E-8	4.782730E-2
4.460000E-8	4.788040E-2
4.465000E-8	4.789411E-2
4.470000E-8	4.788726E-2
4.475000E-8	4.789411E-2
4.480000E-8	4.790610E-2
4.485000E-8	4.788726E-2
4.490000E-8	4.784615E-2
4.495000E-8	4.778448E-2
4.500000E-8	4.770568E-2
4.505000E-8	4.759777E-2
4.510000E-8	4.747615E-2
4.515000E-8	4.739907E-2
4.520000E-8	4.737337E-2
4.525000E-8	4.733740E-2
4.530000E-8	4.727402E-2
4.535000E-8	4.724661E-2
4.540000E-8	4.727231E-2
4.545000E-8	4.729115E-2
4.550000E-8	4.729286E-2
4.555000E-8	4.732370E-2
4.560000E-8	4.737166E-2
4.565000E-8	4.739564E-2
4.570000E-8	4.736823E-2
4.575000E-8	4.729286E-2
4.580000E-8	4.718152E-2
4.585000E-8	4.705819E-2
4.590000E-8	4.692115E-2
4.595000E-8	4.679782E-2
4.600000E-8	4.674643E-2
4.605000E-8	4.674129E-2
4.610000E-8	4.676185E-2
4.615000E-8	4.682180E-2
4.620000E-8	4.691601E-2
4.625000E-8	4.699138E-2
4.630000E-8	4.705134E-2
4.635000E-8	4.716439E-2
4.640000E-8	4.728944E-2
4.645000E-8	4.736481E-2
4.650000E-8	4.740763E-2
4.655000E-8	4.740592E-2
4.660000E-8	4.733569E-2
4.665000E-8	4.725004E-2
4.670000E-8	4.720036E-2
4.675000E-8	4.713698E-2
4.680000E-8	4.705819E-2
4.685000E-8	4.700680E-2
4.690000E-8	4.698967E-2
4.695000E-8	4.696398E-2
4.700000E-8	4.692458E-2
4.705000E-8	4.690574E-2
4.710000E-8	4.687148E-2
4.715000E-8	4.683893E-2
4.720000E-8	4.681324E-2
4.725000E-8	4.677213E-2
4.730000E-8	4.671560E-2
4.735000E-8	4.667963E-2
4.740000E-8	4.663338E-2
4.745000E-8	4.655801E-2
4.750000E-8	4.649977E-2
4.755000E-8	4.648092E-2
4.760000E-8	4.647065E-2
4.765000E-8	4.647921E-2
4.770000E-8	4.652375E-2
4.775000E-8	4.657000E-2
4.780000E-8	4.658884E-2
4.785000E-8	4.661796E-2
4.790000E-8	4.664194E-2
4.795000E-8	4.660940E-2
4.800000E-8	4.658713E-2
4.805000E-8	4.657685E-2
4.810000E-8	4.656143E-2
4.815000E-8	4.654773E-2
4.820000E-8	4.657685E-2
4.825000E-8	4.661111E-2
4.830000E-8	4.663338E-2
4.835000E-8	4.667106E-2
4.840000E-8	4.676356E-2
4.845000E-8	4.686291E-2
4.850000E-8	4.693828E-2
4.855000E-8	4.697254E-2
4.860000E-8	4.700166E-2
4.865000E-8	4.699481E-2
4.870000E-8	4.694171E-2
4.875000E-8	4.683037E-2
4.880000E-8	4.670875E-2
4.885000E-8	4.658370E-2
4.890000E-8	4.643810E-2
4.895000E-8	4.628394E-2
4.900000E-8	4.616574E-2
4.905000E-8	4.610579E-2
4.910000E-8	4.606810E-2
4.915000E-8	4.600815E-2
4.920000E-8	4.591223E-2
4.925000E-8	4.585227E-2
4.930000E-8	4.584199E-2
4.935000E-8	4.583514E-2
4.940000E-8	4.583343E-2
4.945000E-8	4.586940E-2
4.950000E-8	4.592422E-2
4.955000E-8	4.595847E-2
4.960000E-8	4.599616E-2
4.965000E-8	4.604755E-2
4.970000E-8	4.610236E-2
4.975000E-8	4.614176E-2
4.980000E-8	4.617088E-2
4.985000E-8	4.615546E-2
4.990000E-8	4.606810E-2
4.995000E-8	4.594820E-2
5.000000E-8	4.581630E-2
5.005000E-8	4.567584E-2
5.010000E-8	4.552852E-2
5.015000E-8	4.538464E-2
5.020000E-8	4.521848E-2
5.025000E-8	4.505918E-2
5.030000E-8	4.495982E-2
5.035000E-8	4.492043E-2
5.040000E-8	4.489473E-2
5.045000E-8	4.485533E-2
5.050000E-8	4.486390E-2
5.055000E-8	4.495640E-2
5.060000E-8	4.509686E-2
5.065000E-8	4.524246E-2
5.070000E-8	4.540519E-2
5.075000E-8	4.557649E-2
5.080000E-8	4.573408E-2
5.085000E-8	4.586940E-2
5.090000E-8	4.595505E-2
5.095000E-8	4.597560E-2
5.100000E-8	4.592250E-2
5.105000E-8	4.584199E-2
5.110000E-8	4.573922E-2
5.115000E-8	4.558848E-2
5.120000E-8	4.542232E-2
5.125000E-8	4.526302E-2
5.130000E-8	4.513626E-2
5.135000E-8	4.504719E-2
5.140000E-8	4.500436E-2
5.145000E-8	4.499066E-2
5.150000E-8	4.502663E-2
5.155000E-8	4.510543E-2
5.160000E-8	4.520820E-2
5.165000E-8	4.529728E-2
5.170000E-8	4.537778E-2
5.175000E-8	4.543774E-2
5.180000E-8	4.545658E-2
5.185000E-8	4.542575E-2
5.190000E-8	4.538978E-2
5.195000E-8	4.533839E-2
5.200000E-8	4.527158E-2
5.205000E-8	4.522362E-2
5.210000E-8	4.519964E-2
5.215000E-8	4.516024E-2
5.220000E-8	4.508144E-2
5.225000E-8	4.500265E-2
5.230000E-8	4.493756E-2
5.235000E-8	4.488617E-2
5.240000E-8	4.483649E-2
5.245000E-8	4.481936E-2
5.250000E-8	4.483307E-2
5.255000E-8	4.488617E-2
5.260000E-8	4.493242E-2
5.265000E-8	4.491871E-2
5.270000E-8	4.486733E-2
5.275000E-8	4.483649E-2
5.280000E-8	4.484848E-2
5.285000E-8	4.481080E-2
5.290000E-8	4.476455E-2
5.295000E-8	4.475256E-2
5.300000E-8	4.475427E-2
5.305000E-8	4.472858E-2
5.310000E-8	4.467034E-2
5.315000E-8	4.461038E-2
5.320000E-8	4.456756E-2
5.325000E-8	4.452816E-2
5.330000E-8	4.446136E-2
5.335000E-8	4.438770E-2
5.340000E-8	4.436886E-2
5.345000E-8	4.438941E-2
5.350000E-8	4.443738E-2
5.355000E-8	4.455899E-2
5.360000E-8	4.473029E-2
5.365000E-8	4.486733E-2
5.370000E-8	4.497695E-2
5.375000E-8	4.511742E-2
5.380000E-8	4.524075E-2
5.385000E-8	4.530755E-2
5.390000E-8	4.532811E-2
5.395000E-8	4.530413E-2
5.400000E-8	4.521677E-2
5.405000E-8	4.508830E-2
5.410000E-8	4.494270E-2
5.415000E-8	4.476112E-2
5.420000E-8	4.456756E-2
5.425000E-8	4.441168E-2
5.430000E-8	4.428664E-2
5.435000E-8	4.415645E-2
5.440000E-8	4.405539E-2
5.445000E-8	4.402455E-2
5.450000E-8	4.403312E-2
5.455000E-8	4.404168E-2
5.460000E-8	4.403654E-2
5.465000E-8	4.404340E-2
5.470000E-8	4.404168E-2
5.475000E-8	4.400400E-2
5.480000E-8	4.397659E-2
5.485000E-8	4.398687E-2
5.490000E-8	4.398002E-2
5.495000E-8	4.392006E-2
5.500000E-8	4.385669E-2
5.505000E-8	4.385155E-2
5.510000E-8	4.385326E-2
5.515000E-8	4.382585E-2
5.520000E-8	4.378645E-2
5.525000E-8	4.374363E-2
5.530000E-8	4.366483E-2
5.535000E-8	4.358433E-2
5.540000E-8	4.354835E-2
5.545000E-8	4.354835E-2
5.550000E-8	4.357576E-2
5.555000E-8	4.364771E-2
5.560000E-8	4.372821E-2
5.565000E-8	4.380187E-2
5.570000E-8	4.388067E-2
5.575000E-8	4.395432E-2
5.580000E-8	4.399715E-2
5.585000E-8	4.403141E-2
5.590000E-8	4.403483E-2
5.595000E-8	4.399201E-2
5.600000E-8	4.392349E-2
5.605000E-8	4.384812E-2
5.610000E-8	4.372479E-2
5.615000E-8	4.356720E-2
5.620000E-8	4.343187E-2
5.625000E-8	4.332396E-2
5.630000E-8	4.322803E-2
5.635000E-8	4.318007E-2
5.640000E-8	4.318692E-2
5.645000E-8	4.320405E-2
5.650000E-8	4.322975E-2
5.655000E-8	4.333252E-2
5.660000E-8	4.347641E-2
5.665000E-8	4.361687E-2
5.670000E-8	4.376247E-2
5.675000E-8	4.392006E-2
5.680000E-8	4.407594E-2
5.685000E-8	4.423867E-2
5.690000E-8	4.437913E-2
5.695000E-8	4.445793E-2
5.700000E-8	4.448362E-2
5.705000E-8	4.450247E-2
5.710000E-8	4.446136E-2
5.715000E-8	4.433289E-2
5.720000E-8	4.419756E-2
5.725000E-8	4.406738E-2
5.730000E-8	4.390636E-2
5.735000E-8	4.371965E-2
5.740000E-8	4.356377E-2
5.745000E-8	4.341988E-2
5.750000E-8	4.326572E-2
5.755000E-8	4.313896E-2
5.760000E-8	4.309442E-2
5.765000E-8	4.308243E-2
5.770000E-8	4.310127E-2
5.775000E-8	4.314067E-2
5.780000E-8	4.316808E-2
5.785000E-8	4.318521E-2
5.790000E-8	4.321947E-2
5.795000E-8	4.323831E-2
5.800000E-8	4.321604E-2
5.805000E-8	4.319206E-2
5.810000E-8	4.320748E-2
5.815000E-8	4.325030E-2
5.820000E-8	4.327257E-2
5.825000E-8	4.330169E-2
5.830000E-8	4.332567E-2
5.835000E-8	4.331025E-2
5.840000E-8	4.327086E-2
5.845000E-8	4.322289E-2
5.850000E-8	4.317322E-2
5.855000E-8	4.310470E-2
5.860000E-8	4.302419E-2
5.865000E-8	4.294026E-2
5.870000E-8	4.284604E-2
5.875000E-8	4.279294E-2
5.880000E-8	4.281007E-2
5.885000E-8	4.287345E-2
5.890000E-8	4.294026E-2
5.895000E-8	4.300021E-2
5.900000E-8	4.303447E-2
5.905000E-8	4.304817E-2
5.910000E-8	4.306359E-2
5.915000E-8	4.304646E-2
5.920000E-8	4.299336E-2
5.925000E-8	4.292998E-2
5.930000E-8	4.285290E-2
5.935000E-8	4.274669E-2
5.940000E-8	4.264392E-2
5.945000E-8	4.257882E-2
5.950000E-8	4.252058E-2
5.955000E-8	4.245207E-2
5.960000E-8	4.245549E-2
5.965000E-8	4.253429E-2
5.970000E-8	4.260794E-2
5.975000E-8	4.265591E-2
5.980000E-8	4.273984E-2
5.985000E-8	4.280493E-2
5.990000E-8	4.281350E-2
5.995000E-8	4.275355E-2
6.000000E-8	4.264563E-2
6.005000E-8	4.250345E-2
6.010000E-8	4.238355E-2
6.015000E-8	4.230989E-2
6.020000E-8	4.225508E-2
6.025000E-8	4.220883E-2
6.030000E-8	4.218485E-2
6.035000E-8	4.218656E-2
6.040000E-8	4.224480E-2
6.045000E-8	4.238355E-2
6.050000E-8	4.254799E-2
6.055000E-8	4.270901E-2
6.060000E-8	4.286660E-2
6.065000E-8	4.297794E-2
6.070000E-8	4.298308E-2
6.075000E-8	4.291628E-2
6.080000E-8	4.283919E-2
6.085000E-8	4.277924E-2
6.090000E-8	4.269873E-2
6.095000E-8	4.260623E-2
6.100000E-8	4.252572E-2
6.105000E-8	4.246577E-2
6.110000E-8	4.243151E-2
6.115000E-8	4.241438E-2
6.120000E-8	4.241096E-2
6.125000E-8	4.241781E-2
6.130000E-8	4.242637E-2
6.135000E-8	4.240239E-2
6.140000E-8	4.233045E-2
6.145000E-8	4.222938E-2
6.150000E-8	4.213346E-2
6.155000E-8	4.205466E-2
6.160000E-8	4.197415E-2
6.165000E-8	4.188679E-2
6.170000E-8	4.180971E-2
6.175000E-8	4.176003E-2
6.180000E-8	4.174462E-2
6.185000E-8	4.175318E-2
6.190000E-8	4.175832E-2
6.195000E-8	4.176860E-2
6.200000E-8	4.181999E-2
6.205000E-8	4.187480E-2
6.210000E-8	4.190735E-2
6.215000E-8	4.192448E-2
6.220000E-8	4.193818E-2
6.225000E-8	4.190735E-2
6.230000E-8	4.186795E-2
6.235000E-8	4.184568E-2
6.240000E-8	4.182341E-2
6.245000E-8	4.180457E-2
6.250000E-8	4.179772E-2
6.255000E-8	4.175147E-2
6.260000E-8	4.167096E-2
6.265000E-8	4.161443E-2
6.270000E-8	4.157161E-2
6.275000E-8	4.148254E-2
6.280000E-8	4.137291E-2
6.285000E-8	4.130953E-2
6.290000E-8	4.129240E-2
6.295000E-8	4.131124E-2
6.300000E-8	4.136777E-2
6.305000E-8	4.146541E-2
6.310000E-8	4.153050E-2
6.315000E-8	4.157504E-2
6.320000E-8	4.164184E-2
6.325000E-8	4.168809E-2
6.330000E-8	4.169837E-2
6.335000E-8	4.171550E-2
6.340000E-8	4.174633E-2
6.345000E-8	4.174119E-2
6.350000E-8	4.170351E-2
6.355000E-8	4.172235E-2
6.360000E-8	4.177374E-2
6.365000E-8	4.179258E-2
6.370000E-8	4.179429E-2
6.375000E-8	4.180971E-2
6.380000E-8	4.183883E-2
6.385000E-8	4.185253E-2
6.390000E-8	4.185425E-2
6.395000E-8	4.183712E-2
6.400000E-8	4.179087E-2
6.405000E-8	4.172920E-2
6.410000E-8	4.167953E-2
6.415000E-8	4.160416E-2
6.420000E-8	4.151508E-2
6.425000E-8	4.145170E-2
6.430000E-8	4.141916E-2
6.435000E-8	4.139860E-2
6.440000E-8	4.139518E-2
6.445000E-8	4.143457E-2
6.450000E-8	4.146541E-2
6.455000E-8	4.147740E-2
6.460000E-8	4.152022E-2
6.465000E-8	4.158703E-2
6.470000E-8	4.162300E-2
6.475000E-8	4.165554E-2
6.480000E-8	4.174633E-2
6.485000E-8	4.184568E-2
6.490000E-8	4.188508E-2
6.495000E-8	4.191420E-2
6.500000E-8	4.193304E-2
6.505000E-8	4.189536E-2
6.510000E-8	4.180457E-2
6.515000E-8	4.169666E-2
6.520000E-8	4.154249E-2
6.525000E-8	4.134893E-2
6.530000E-8	4.116907E-2
6.535000E-8	4.101661E-2
6.540000E-8	4.087273E-2
6.545000E-8	4.076995E-2
6.550000E-8	4.074083E-2
6.555000E-8	4.075796E-2
6.560000E-8	4.079050E-2
6.565000E-8	4.085388E-2
6.570000E-8	4.093439E-2
6.575000E-8	4.101661E-2
6.580000E-8	4.110569E-2
6.585000E-8	4.119133E-2
6.590000E-8	4.123930E-2
6.595000E-8	4.125471E-2
6.600000E-8	4.124444E-2
6.605000E-8	4.121874E-2
6.610000E-8	4.117421E-2
6.615000E-8	4.111254E-2
6.620000E-8	4.104745E-2
6.625000E-8	4.100976E-2
6.630000E-8	4.099948E-2
6.635000E-8	4.099435E-2
6.640000E-8	4.102175E-2
6.645000E-8	4.106458E-2
6.650000E-8	4.106629E-2
6.655000E-8	4.102860E-2
6.660000E-8	4.100120E-2
6.665000E-8	4.098407E-2
6.670000E-8	4.094296E-2
6.675000E-8	4.090356E-2
6.680000E-8	4.089671E-2
6.685000E-8	4.091384E-2
6.690000E-8	4.091212E-2
6.695000E-8	4.092583E-2
6.700000E-8	4.094810E-2
6.705000E-8	4.095323E-2
6.710000E-8	4.093268E-2
6.715000E-8	4.093439E-2
6.720000E-8	4.098407E-2
6.725000E-8	4.105430E-2
6.730000E-8	4.110226E-2
6.735000E-8	4.113138E-2
6.740000E-8	4.113138E-2
6.745000E-8	4.108342E-2
6.750000E-8	4.100634E-2
6.755000E-8	4.093439E-2
6.760000E-8	4.087958E-2
6.765000E-8	4.082990E-2
6.770000E-8	4.082305E-2
6.775000E-8	4.087615E-2
6.780000E-8	4.092754E-2
6.785000E-8	4.094981E-2
6.790000E-8	4.097550E-2
6.795000E-8	4.100805E-2
6.800000E-8	4.104060E-2
6.805000E-8	4.104916E-2
6.810000E-8	4.103374E-2
6.815000E-8	4.097893E-2
6.820000E-8	4.087101E-2
6.825000E-8	4.072541E-2
6.830000E-8	4.061578E-2
6.835000E-8	4.057125E-2
6.840000E-8	4.057125E-2
6.845000E-8	4.058152E-2
6.850000E-8	4.061064E-2
6.855000E-8	4.065861E-2
6.860000E-8	4.066717E-2
6.865000E-8	4.063120E-2
6.870000E-8	4.058152E-2
6.875000E-8	4.052671E-2
6.880000E-8	4.047532E-2
6.885000E-8	4.042222E-2
6.890000E-8	4.035884E-2
6.895000E-8	4.028690E-2
6.900000E-8	4.024579E-2
6.905000E-8	4.025264E-2
6.910000E-8	4.028347E-2
6.915000E-8	4.031259E-2
6.920000E-8	4.032116E-2
6.925000E-8	4.029889E-2
6.930000E-8	4.023037E-2
6.935000E-8	4.016185E-2
6.940000E-8	4.013787E-2
6.945000E-8	4.015671E-2
6.950000E-8	4.015500E-2
6.955000E-8	4.011046E-2
6.960000E-8	4.006421E-2
6.965000E-8	4.001283E-2
6.970000E-8	3.991861E-2
6.975000E-8	3.979357E-2
6.980000E-8	3.970107E-2
6.985000E-8	3.964454E-2
6.990000E-8	3.958801E-2
6.995000E-8	3.957774E-2
7.000000E-8	3.965824E-2
7.005000E-8	3.977986E-2
7.010000E-8	3.986037E-2
7.015000E-8	3.990320E-2
7.020000E-8	3.996315E-2
7.025000E-8	3.999227E-2
7.030000E-8	3.995972E-2
7.035000E-8	3.991519E-2
7.040000E-8	3.987065E-2
7.045000E-8	3.978843E-2
7.050000E-8	3.965653E-2
7.055000E-8	3.952806E-2
7.060000E-8	3.944070E-2
7.065000E-8	3.938589E-2
7.070000E-8	3.936019E-2
7.075000E-8	3.939274E-2
7.080000E-8	3.947838E-2
7.085000E-8	3.960000E-2
7.090000E-8	3.973533E-2
7.095000E-8	3.985695E-2
7.100000E-8	3.993403E-2
7.105000E-8	3.997514E-2
7.110000E-8	4.001111E-2
7.115000E-8	4.004537E-2
7.120000E-8	4.007620E-2
7.125000E-8	4.010704E-2
7.130000E-8	4.011732E-2
7.135000E-8	4.010190E-2
7.140000E-8	4.007107E-2
7.145000E-8	4.002310E-2
7.150000E-8	3.993574E-2
7.155000E-8	3.980213E-2
7.160000E-8	3.965482E-2
7.165000E-8	3.949894E-2
7.170000E-8	3.932251E-2
7.175000E-8	3.917005E-2
7.180000E-8	3.906042E-2
7.185000E-8	3.898163E-2
7.190000E-8	3.895765E-2
7.195000E-8	3.899533E-2
7.200000E-8	3.904672E-2
7.205000E-8	3.908612E-2
7.210000E-8	3.911181E-2
7.215000E-8	3.910496E-2
7.220000E-8	3.909468E-2
7.225000E-8	3.911353E-2
7.230000E-8	3.913408E-2
7.235000E-8	3.912552E-2
7.240000E-8	3.915464E-2
7.245000E-8	3.924028E-2
7.250000E-8	3.930195E-2
7.255000E-8	3.932079E-2
7.260000E-8	3.938417E-2
7.265000E-8	3.948181E-2
7.270000E-8	3.956403E-2
7.275000E-8	3.961885E-2
7.280000E-8	3.968051E-2
7.285000E-8	3.972505E-2
7.290000E-8	3.974218E-2
7.295000E-8	3.972676E-2
7.300000E-8	3.967024E-2
7.305000E-8	3.959658E-2
7.310000E-8	3.948695E-2
7.315000E-8	3.932593E-2
7.320000E-8	3.915292E-2
7.325000E-8	3.900561E-2
7.330000E-8	3.886857E-2
7.335000E-8	3.873496E-2
7.340000E-8	3.864932E-2
7.345000E-8	3.860649E-2
7.350000E-8	3.857223E-2
7.355000E-8	3.855168E-2
7.360000E-8	3.855682E-2
7.365000E-8	3.857737E-2
7.370000E-8	3.862020E-2
7.375000E-8	3.869557E-2
7.380000E-8	3.876922E-2
7.385000E-8	3.883603E-2
7.390000E-8	3.890797E-2
7.395000E-8	3.896279E-2
7.400000E-8	3.896279E-2
7.405000E-8	3.891482E-2
7.410000E-8	3.886001E-2
7.415000E-8	3.878464E-2
7.420000E-8	3.869728E-2
7.425000E-8	3.860478E-2
7.430000E-8	3.852598E-2
7.435000E-8	3.844548E-2
7.440000E-8	3.838724E-2
7.445000E-8	3.838038E-2
7.450000E-8	3.842492E-2
7.455000E-8	3.846089E-2
7.460000E-8	3.850543E-2
7.465000E-8	3.856367E-2
7.470000E-8	3.859450E-2
7.475000E-8	3.857909E-2
7.480000E-8	3.856538E-2
7.485000E-8	3.853284E-2
7.490000E-8	3.844034E-2
7.495000E-8	3.831015E-2
7.500000E-8	3.820395E-2
7.505000E-8	3.810974E-2
7.510000E-8	3.802409E-2
7.515000E-8	3.797955E-2
7.520000E-8	3.797613E-2
7.525000E-8	3.797613E-2
7.530000E-8	3.798983E-2
7.535000E-8	3.803608E-2
7.540000E-8	3.808747E-2
7.545000E-8	3.809946E-2
7.550000E-8	3.811488E-2
7.555000E-8	3.818339E-2
7.560000E-8	3.827075E-2
7.565000E-8	3.833413E-2
7.570000E-8	3.839237E-2
7.575000E-8	3.845575E-2
7.580000E-8	3.849173E-2
7.585000E-8	3.848659E-2
7.590000E-8	3.845918E-2
7.595000E-8	3.837867E-2
7.600000E-8	3.829131E-2
7.605000E-8	3.823821E-2
7.610000E-8	3.822108E-2
7.615000E-8	3.822964E-2
7.620000E-8	3.826219E-2
7.625000E-8	3.828960E-2
7.630000E-8	3.828960E-2
7.635000E-8	3.829474E-2
7.640000E-8	3.833927E-2
7.645000E-8	3.837353E-2
7.650000E-8	3.839751E-2
7.655000E-8	3.841807E-2
7.660000E-8	3.843520E-2
7.665000E-8	3.845233E-2
7.670000E-8	3.849001E-2
7.675000E-8	3.853284E-2
7.680000E-8	3.851913E-2
7.685000E-8	3.847288E-2
7.690000E-8	3.843349E-2
7.695000E-8	3.839751E-2
7.700000E-8	3.834784E-2
7.705000E-8	3.828617E-2
7.710000E-8	3.822108E-2
7.715000E-8	3.814571E-2
7.720000E-8	3.806863E-2
7.725000E-8	3.800182E-2
7.730000E-8	3.794529E-2
7.735000E-8	3.788020E-2
7.740000E-8	3.781854E-2
7.745000E-8	3.778599E-2
7.750000E-8	3.777571E-2
7.755000E-8	3.775687E-2
7.760000E-8	3.774145E-2
7.765000E-8	3.776201E-2
7.770000E-8	3.777914E-2
7.775000E-8	3.775516E-2
7.780000E-8	3.771919E-2
7.785000E-8	3.770548E-2
7.790000E-8	3.770548E-2
7.795000E-8	3.768321E-2
7.800000E-8	3.766780E-2
7.805000E-8	3.769349E-2
7.810000E-8	3.773118E-2
7.815000E-8	3.776372E-2
7.820000E-8	3.779798E-2
7.825000E-8	3.784423E-2
7.830000E-8	3.789391E-2
7.835000E-8	3.795729E-2
7.840000E-8	3.802238E-2
7.845000E-8	3.803265E-2
7.850000E-8	3.797441E-2
7.855000E-8	3.789391E-2
7.860000E-8	3.782881E-2
7.865000E-8	3.774831E-2
7.870000E-8	3.763011E-2
7.875000E-8	3.753590E-2
7.880000E-8	3.749136E-2
7.885000E-8	3.750849E-2
7.890000E-8	3.753419E-2
7.895000E-8	3.753076E-2
7.900000E-8	3.752391E-2
7.905000E-8	3.756673E-2
7.910000E-8	3.763696E-2
7.915000E-8	3.767636E-2
7.920000E-8	3.770377E-2
7.925000E-8	3.776372E-2
7.930000E-8	3.782881E-2
7.935000E-8	3.785280E-2
7.940000E-8	3.783567E-2
7.945000E-8	3.779284E-2
7.950000E-8	3.772432E-2
7.955000E-8	3.765752E-2
7.960000E-8	3.763696E-2
7.965000E-8	3.764895E-2
7.970000E-8	3.767294E-2
7.975000E-8	3.769863E-2
7.980000E-8	3.772775E-2
7.985000E-8	3.775344E-2
7.990000E-8	3.777743E-2
7.995000E-8	3.780826E-2
8.000000E-8	3.781854E-2
8.005000E-8	3.779455E-2
8.010000E-8	3.776030E-2
8.015000E-8	3.770377E-2
8.020000E-8	3.762326E-2
8.025000E-8	3.753761E-2
8.030000E-8	3.746567E-2
8.035000E-8	3.741599E-2
8.040000E-8	3.738345E-2
8.045000E-8	3.736460E-2
8.050000E-8	3.734747E-2
8.055000E-8	3.734405E-2
8.060000E-8	3.736974E-2
8.065000E-8	3.740572E-2
8.070000E-8	3.741257E-2
8.075000E-8	3.740572E-2
8.080000E-8	3.740229E-2
8.085000E-8	3.736974E-2
8.090000E-8	3.731835E-2
8.095000E-8	3.724641E-2
8.100000E-8	3.714877E-2
8.105000E-8	3.702373E-2
8.110000E-8	3.690211E-2
8.115000E-8	3.677706E-2
8.120000E-8	3.667942E-2
8.125000E-8	3.663831E-2
8.130000E-8	3.665544E-2
8.135000E-8	3.666229E-2
8.140000E-8	3.665716E-2
8.145000E-8	3.666915E-2
8.150000E-8	3.666572E-2
8.155000E-8	3.663317E-2
8.160000E-8	3.662118E-2
8.165000E-8	3.664517E-2
8.170000E-8	3.665373E-2
8.175000E-8	3.667257E-2
8.180000E-8	3.674280E-2
8.185000E-8	3.684044E-2
8.190000E-8	3.689868E-2
8.195000E-8	3.690553E-2
8.200000E-8	3.692095E-2
8.205000E-8	3.698262E-2
8.210000E-8	3.706655E-2
8.215000E-8	3.711451E-2
8.220000E-8	3.710252E-2
8.225000E-8	3.705799E-2
8.230000E-8	3.699632E-2
8.235000E-8	3.692952E-2
8.240000E-8	3.686785E-2
8.245000E-8	3.679933E-2
8.250000E-8	3.671882E-2
8.255000E-8	3.664859E-2
8.260000E-8	3.660234E-2
8.265000E-8	3.658693E-2
8.270000E-8	3.658521E-2
8.275000E-8	3.659206E-2
8.280000E-8	3.658521E-2
8.285000E-8	3.655438E-2
8.290000E-8	3.653040E-2
8.295000E-8	3.653040E-2
8.300000E-8	3.653382E-2
8.305000E-8	3.654410E-2
8.310000E-8	3.659720E-2
8.315000E-8	3.666058E-2
8.320000E-8	3.668970E-2
8.325000E-8	3.673424E-2
8.330000E-8	3.683702E-2
8.335000E-8	3.695692E-2
8.340000E-8	3.704428E-2
8.345000E-8	3.712993E-2
8.350000E-8	3.722243E-2
8.355000E-8	3.727382E-2
8.360000E-8	3.725669E-2
8.365000E-8	3.718646E-2
8.370000E-8	3.707854E-2
8.375000E-8	3.695521E-2
8.380000E-8	3.680790E-2
8.385000E-8	3.664003E-2
8.390000E-8	3.644989E-2
8.395000E-8	3.625633E-2
8.400000E-8	3.611929E-2
8.405000E-8	3.605420E-2
8.410000E-8	3.604563E-2
8.415000E-8	3.607647E-2
8.420000E-8	3.615012E-2
8.425000E-8	3.628031E-2
8.430000E-8	3.642591E-2
8.435000E-8	3.655952E-2
8.440000E-8	3.663831E-2
8.445000E-8	3.667600E-2
8.450000E-8	3.668456E-2
8.455000E-8	3.666058E-2
8.460000E-8	3.658350E-2
8.465000E-8	3.646359E-2
8.470000E-8	3.633341E-2
8.475000E-8	3.620494E-2
8.480000E-8	3.605077E-2
8.485000E-8	3.591202E-2
8.490000E-8	3.582809E-2
8.495000E-8	3.577841E-2
8.500000E-8	3.572874E-2
8.505000E-8	3.569790E-2
8.510000E-8	3.570818E-2
8.515000E-8	3.576471E-2
8.520000E-8	3.583323E-2
8.525000E-8	3.590003E-2
8.530000E-8	3.597711E-2
8.535000E-8	3.608332E-2
8.540000E-8	3.617410E-2
8.545000E-8	3.623234E-2
8.550000E-8	3.626660E-2
8.555000E-8	3.628716E-2
8.560000E-8	3.625461E-2
8.565000E-8	3.619466E-2
8.570000E-8	3.616725E-2
8.575000E-8	3.615012E-2
8.580000E-8	3.609702E-2
8.585000E-8	3.605762E-2
8.590000E-8	3.606105E-2
8.595000E-8	3.607818E-2
8.600000E-8	3.608332E-2
8.605000E-8	3.610216E-2
8.610000E-8	3.610045E-2
8.615000E-8	3.605762E-2
8.620000E-8	3.601137E-2
8.625000E-8	3.596512E-2
8.630000E-8	3.588119E-2
8.635000E-8	3.577156E-2
8.640000E-8	3.570304E-2
8.645000E-8	3.566193E-2
8.650000E-8	3.561568E-2
8.655000E-8	3.561226E-2
8.660000E-8	3.564823E-2
8.665000E-8	3.566536E-2
8.670000E-8	3.565851E-2
8.675000E-8	3.566536E-2
8.680000E-8	3.565851E-2
8.685000E-8	3.563795E-2
8.690000E-8	3.561740E-2
8.695000E-8	3.558656E-2
8.700000E-8	3.554545E-2
8.705000E-8	3.555059E-2
8.710000E-8	3.561226E-2
8.715000E-8	3.569790E-2
8.720000E-8	3.578355E-2
8.725000E-8	3.589147E-2
8.730000E-8	3.599596E-2
8.735000E-8	3.607133E-2
8.740000E-8	3.610387E-2
8.745000E-8	3.607304E-2
8.750000E-8	3.597369E-2
8.755000E-8	3.584693E-2
8.760000E-8	3.573216E-2
8.765000E-8	3.563795E-2
8.770000E-8	3.556429E-2
8.775000E-8	3.551804E-2
8.780000E-8	3.551291E-2
8.785000E-8	3.550605E-2
8.790000E-8	3.554031E-2
8.795000E-8	3.561397E-2
8.800000E-8	3.567221E-2
8.805000E-8	3.568249E-2
8.810000E-8	3.569962E-2
8.815000E-8	3.573559E-2
8.820000E-8	3.575272E-2
8.825000E-8	3.571675E-2
8.830000E-8	3.565679E-2
8.835000E-8	3.559170E-2
8.840000E-8	3.549578E-2
8.845000E-8	3.535874E-2
8.850000E-8	3.524226E-2
8.855000E-8	3.518402E-2
8.860000E-8	3.514120E-2
8.865000E-8	3.509837E-2
8.870000E-8	3.508295E-2
8.875000E-8	3.510351E-2
8.880000E-8	3.513263E-2
8.885000E-8	3.517888E-2
8.890000E-8	3.524397E-2
8.895000E-8	3.529879E-2
8.900000E-8	3.533133E-2
8.905000E-8	3.535189E-2
8.910000E-8	3.536730E-2
8.915000E-8	3.537416E-2
8.920000E-8	3.536902E-2
8.925000E-8	3.537244E-2
8.930000E-8	3.540842E-2
8.935000E-8	3.544439E-2
8.940000E-8	3.546152E-2
8.945000E-8	3.546666E-2
8.950000E-8	3.548036E-2
8.955000E-8	3.548036E-2
8.960000E-8	3.543925E-2
8.965000E-8	3.539471E-2
8.970000E-8	3.538443E-2
8.975000E-8	3.538443E-2
8.980000E-8	3.538272E-2
8.985000E-8	3.537930E-2
8.990000E-8	3.538272E-2
8.995000E-8	3.537244E-2
9.000000E-8	3.533476E-2
9.005000E-8	3.526624E-2
9.010000E-8	3.521314E-2
9.015000E-8	3.521314E-2
9.020000E-8	3.523712E-2
9.025000E-8	3.522342E-2
9.030000E-8	3.517032E-2
9.035000E-8	3.512920E-2
9.040000E-8	3.509837E-2
9.045000E-8	3.503842E-2
9.050000E-8	3.497675E-2
9.055000E-8	3.498189E-2
9.060000E-8	3.503157E-2
9.065000E-8	3.505555E-2
9.070000E-8	3.504870E-2
9.075000E-8	3.504698E-2
9.080000E-8	3.505555E-2
9.085000E-8	3.502814E-2
9.090000E-8	3.497161E-2
9.095000E-8	3.491509E-2
9.100000E-8	3.490995E-2
9.105000E-8	3.495277E-2
9.110000E-8	3.500587E-2
9.115000E-8	3.507268E-2
9.120000E-8	3.516860E-2
9.125000E-8	3.527652E-2
9.130000E-8	3.533133E-2
9.135000E-8	3.535018E-2
9.140000E-8	3.534332E-2
9.145000E-8	3.529707E-2
9.150000E-8	3.517032E-2
9.155000E-8	3.499217E-2
9.160000E-8	3.481060E-2
9.165000E-8	3.465643E-2
9.170000E-8	3.452282E-2
9.175000E-8	3.441833E-2
9.180000E-8	3.435495E-2
9.185000E-8	3.434296E-2
9.190000E-8	3.436009E-2
9.195000E-8	3.439949E-2
9.200000E-8	3.445944E-2
9.205000E-8	3.455023E-2
9.210000E-8	3.466671E-2
9.215000E-8	3.478148E-2
9.220000E-8	3.485342E-2
9.225000E-8	3.488083E-2
9.230000E-8	3.486541E-2
9.235000E-8	3.481402E-2
9.240000E-8	3.476263E-2
9.245000E-8	3.476777E-2
9.250000E-8	3.479175E-2
9.255000E-8	3.476263E-2
9.260000E-8	3.469069E-2
9.265000E-8	3.461018E-2
9.270000E-8	3.452282E-2
9.275000E-8	3.443546E-2
9.280000E-8	3.434981E-2
9.285000E-8	3.427444E-2
9.290000E-8	3.420079E-2
9.295000E-8	3.414083E-2
9.300000E-8	3.410486E-2
9.305000E-8	3.408773E-2
9.310000E-8	3.406889E-2
9.315000E-8	3.403463E-2
9.320000E-8	3.401236E-2
9.325000E-8	3.398495E-2
9.330000E-8	3.393870E-2
9.335000E-8	3.388732E-2
9.340000E-8	3.386333E-2
9.345000E-8	3.383250E-2
9.350000E-8	3.378283E-2
9.355000E-8	3.375028E-2
9.360000E-8	3.377597E-2
9.365000E-8	3.380852E-2
9.370000E-8	3.383079E-2
9.375000E-8	3.388218E-2
9.380000E-8	3.394556E-2
9.385000E-8	3.397982E-2
9.390000E-8	3.399866E-2
9.395000E-8	3.405176E-2
9.400000E-8	3.412884E-2
9.405000E-8	3.420592E-2
9.410000E-8	3.428643E-2
9.415000E-8	3.433953E-2
9.420000E-8	3.434296E-2
9.425000E-8	3.432583E-2
9.430000E-8	3.429500E-2
9.435000E-8	3.425046E-2
9.440000E-8	3.417509E-2
9.445000E-8	3.409630E-2
9.450000E-8	3.402606E-2
9.455000E-8	3.393870E-2
9.460000E-8	3.387190E-2
9.465000E-8	3.384449E-2
9.470000E-8	3.384620E-2
9.475000E-8	3.383764E-2
9.480000E-8	3.381708E-2
9.485000E-8	3.379996E-2
9.490000E-8	3.379824E-2
9.495000E-8	3.379653E-2
9.500000E-8	3.377255E-2
9.505000E-8	3.376056E-2
9.510000E-8	3.379824E-2
9.515000E-8	3.387019E-2
9.520000E-8	3.393528E-2
9.525000E-8	3.399866E-2
9.530000E-8	3.404491E-2
9.535000E-8	3.409458E-2
9.540000E-8	3.417509E-2
9.545000E-8	3.426416E-2
9.550000E-8	3.430528E-2
9.555000E-8	3.429328E-2
9.560000E-8	3.427444E-2
9.565000E-8	3.421620E-2
9.570000E-8	3.411856E-2
9.575000E-8	3.401921E-2
9.580000E-8	3.391644E-2
9.585000E-8	3.379824E-2
9.590000E-8	3.369547E-2
9.595000E-8	3.363037E-2
9.600000E-8	3.356699E-2
9.605000E-8	3.352417E-2
9.610000E-8	3.349505E-2
9.615000E-8	3.348991E-2
9.620000E-8	3.351047E-2
9.625000E-8	3.357727E-2
9.630000E-8	3.367320E-2
9.635000E-8	3.375371E-2
9.640000E-8	3.382222E-2
9.645000E-8	3.386505E-2
9.650000E-8	3.386505E-2
9.655000E-8	3.383935E-2
9.660000E-8	3.377426E-2
9.665000E-8	3.367148E-2
9.670000E-8	3.356699E-2
9.675000E-8	3.348135E-2
9.680000E-8	3.335973E-2
9.685000E-8	3.320385E-2
9.690000E-8	3.308566E-2
9.695000E-8	3.301200E-2
9.700000E-8	3.295718E-2
9.705000E-8	3.296061E-2
9.710000E-8	3.306339E-2
9.715000E-8	3.317815E-2
9.720000E-8	3.326894E-2
9.725000E-8	3.335973E-2
9.730000E-8	3.345223E-2
9.735000E-8	3.348135E-2
9.740000E-8	3.343338E-2
9.745000E-8	3.333917E-2
9.750000E-8	3.322269E-2
9.755000E-8	3.310278E-2
9.760000E-8	3.298630E-2
9.765000E-8	3.288010E-2
9.770000E-8	3.281158E-2
9.775000E-8	3.280987E-2
9.780000E-8	3.285612E-2
9.785000E-8	3.292121E-2
9.790000E-8	3.297945E-2
9.795000E-8	3.300001E-2
9.800000E-8	3.301714E-2
9.805000E-8	3.308052E-2
9.810000E-8	3.317987E-2
9.815000E-8	3.326209E-2
9.820000E-8	3.331176E-2
9.825000E-8	3.334088E-2
9.830000E-8	3.337857E-2
9.835000E-8	3.340598E-2
9.840000E-8	3.343681E-2
9.845000E-8	3.351732E-2
9.850000E-8	3.362866E-2
9.855000E-8	3.371945E-2
9.860000E-8	3.378796E-2
9.865000E-8	3.383764E-2
9.870000E-8	3.382394E-2
9.875000E-8	3.376398E-2
9.880000E-8	3.375028E-2
9.885000E-8	3.376570E-2
9.890000E-8	3.373144E-2
9.895000E-8	3.367148E-2
9.900000E-8	3.364236E-2
9.905000E-8	3.361153E-2
9.910000E-8	3.353787E-2
9.915000E-8	3.345908E-2
9.920000E-8	3.341797E-2
9.925000E-8	3.340426E-2
9.930000E-8	3.342482E-2
9.935000E-8	3.346593E-2
9.940000E-8	3.351561E-2
9.945000E-8	3.356699E-2
9.950000E-8	3.361667E-2
9.955000E-8	3.365264E-2
9.960000E-8	3.366806E-2
9.965000E-8	3.364750E-2
9.970000E-8	3.358070E-2
9.975000E-8	3.347449E-2
9.980000E-8	3.334945E-2
9.985000E-8	3.320727E-2
9.990000E-8	3.304968E-2
9.995000E-8	3.288695E-2
1.000000E-7	3.273279E-2
1.000500E-7	3.260089E-2
1.001000E-7	3.250325E-2
1.001500E-7	3.243816E-2
1.002000E-7	3.239705E-2
1.002500E-7	3.240048E-2
1.003000E-7	3.246214E-2
1.003500E-7	3.255464E-2
1.004000E-7	3.264371E-2
1.004500E-7	3.272422E-2
1.005000E-7	3.282186E-2
1.005500E-7	3.293492E-2
1.006000E-7	3.303255E-2
1.006500E-7	3.307024E-2
1.007000E-7	3.306681E-2
1.007500E-7	3.304454E-2
1.008000E-7	3.303084E-2
1.008500E-7	3.301542E-2
1.009000E-7	3.299316E-2
1.009500E-7	3.294862E-2
1.010000E-7	3.289552E-2
1.010500E-7	3.282015E-2
1.011000E-7	3.272251E-2
1.011500E-7	3.262487E-2
1.012000E-7	3.254265E-2
1.012500E-7	3.246899E-2
1.013000E-7	3.242103E-2
1.013500E-7	3.240048E-2
1.014000E-7	3.240219E-2
1.014500E-7	3.242617E-2
1.015000E-7	3.246043E-2
1.015500E-7	3.245015E-2
1.016000E-7	3.240561E-2
1.016500E-7	3.239191E-2
1.017000E-7	3.241418E-2
1.017500E-7	3.242274E-2
1.018000E-7	3.242274E-2
1.018500E-7	3.243816E-2
1.019000E-7	3.242446E-2
1.019500E-7	3.238335E-2
1.020000E-7	3.235765E-2
1.020500E-7	3.233538E-2
1.021000E-7	3.228913E-2
1.021500E-7	3.224802E-2
1.022000E-7	3.223946E-2
1.022500E-7	3.222062E-2
1.023000E-7	3.217608E-2
1.023500E-7	3.213154E-2
1.024000E-7	3.211099E-2
1.024500E-7	3.210242E-2
1.025000E-7	3.210071E-2
1.025500E-7	3.209900E-2
1.026000E-7	3.208529E-2
1.026500E-7	3.205446E-2
1.027000E-7	3.199622E-2
1.027500E-7	3.191914E-2
1.028000E-7	3.184548E-2
1.028500E-7	3.179752E-2
1.029000E-7	3.176326E-2
1.029500E-7	3.176668E-2
1.030000E-7	3.181807E-2
1.030500E-7	3.192256E-2
1.031000E-7	3.204761E-2
1.031500E-7	3.216751E-2
1.032000E-7	3.227543E-2
1.032500E-7	3.237649E-2
1.033000E-7	3.246385E-2
1.033500E-7	3.254950E-2
1.034000E-7	3.261288E-2
1.034500E-7	3.263001E-2
1.035000E-7	3.262487E-2
1.035500E-7	3.261459E-2
1.036000E-7	3.260260E-2
1.036500E-7	3.258719E-2
1.037000E-7	3.254950E-2
1.037500E-7	3.248955E-2
1.038000E-7	3.242960E-2
1.038500E-7	3.242960E-2
1.039000E-7	3.243302E-2
1.039500E-7	3.239020E-2
1.040000E-7	3.233710E-2
1.040500E-7	3.227886E-2
1.041000E-7	3.217950E-2
1.041500E-7	3.206988E-2
1.042000E-7	3.199108E-2
1.042500E-7	3.191057E-2
1.043000E-7	3.180608E-2
1.043500E-7	3.171872E-2
1.044000E-7	3.161937E-2
1.044500E-7	3.149775E-2
1.045000E-7	3.142238E-2
1.045500E-7	3.140868E-2
1.046000E-7	3.139669E-2
1.046500E-7	3.138812E-2
1.047000E-7	3.138641E-2
1.047500E-7	3.137442E-2
1.048000E-7	3.138298E-2
1.048500E-7	3.142409E-2
1.049000E-7	3.148576E-2
1.049500E-7	3.153544E-2
1.050000E-7	3.159196E-2
1.050500E-7	3.164506E-2
1.051000E-7	3.167247E-2
1.051500E-7	3.168275E-2
1.052000E-7	3.169131E-2
1.052500E-7	3.168275E-2
1.053000E-7	3.165363E-2
1.053500E-7	3.163993E-2
1.054000E-7	3.163821E-2
1.054500E-7	3.160738E-2
1.055000E-7	3.154400E-2
1.055500E-7	3.146007E-2
1.056000E-7	3.138641E-2
1.056500E-7	3.133159E-2
1.057000E-7	3.131275E-2
1.057500E-7	3.129734E-2
1.058000E-7	3.128877E-2
1.058500E-7	3.129391E-2
1.059000E-7	3.127507E-2
1.059500E-7	3.120997E-2
1.060000E-7	3.115345E-2
1.060500E-7	3.116715E-2
1.061000E-7	3.120484E-2
1.061500E-7	3.125794E-2
1.062000E-7	3.132303E-2
1.062500E-7	3.138470E-2
1.063000E-7	3.141895E-2
1.063500E-7	3.147548E-2
1.064000E-7	3.158168E-2
1.064500E-7	3.167418E-2
1.065000E-7	3.173585E-2
1.065500E-7	3.179238E-2
1.066000E-7	3.183178E-2
1.066500E-7	3.181465E-2
1.067000E-7	3.177011E-2
1.067500E-7	3.173414E-2
1.068000E-7	3.168789E-2
1.068500E-7	3.161594E-2
1.069000E-7	3.154914E-2
1.069500E-7	3.152344E-2
1.070000E-7	3.153030E-2
1.070500E-7	3.154571E-2
1.071000E-7	3.157141E-2
1.071500E-7	3.160395E-2
1.072000E-7	3.163479E-2
1.072500E-7	3.168275E-2
1.073000E-7	3.176326E-2
1.073500E-7	3.183691E-2
1.074000E-7	3.186775E-2
1.074500E-7	3.184891E-2
1.075000E-7	3.181293E-2
1.075500E-7	3.176326E-2
1.076000E-7	3.169817E-2
1.076500E-7	3.161594E-2
1.077000E-7	3.150974E-2
1.077500E-7	3.139497E-2
1.078000E-7	3.132303E-2
1.078500E-7	3.129220E-2
1.079000E-7	3.128192E-2
1.079500E-7	3.129048E-2
1.080000E-7	3.133502E-2
1.080500E-7	3.135215E-2
1.081000E-7	3.133502E-2
1.081500E-7	3.132646E-2
1.082000E-7	3.132988E-2
1.082500E-7	3.130247E-2
1.083000E-7	3.125965E-2
1.083500E-7	3.122025E-2
1.084000E-7	3.117058E-2
1.084500E-7	3.110206E-2
1.085000E-7	3.103183E-2
1.085500E-7	3.095988E-2
1.086000E-7	3.087938E-2
1.086500E-7	3.081428E-2
1.087000E-7	3.081428E-2
1.087500E-7	3.086225E-2
1.088000E-7	3.092220E-2
1.088500E-7	3.098215E-2
1.089000E-7	3.107465E-2
1.089500E-7	3.119798E-2
1.090000E-7	3.134530E-2
1.090500E-7	3.148919E-2
1.091000E-7	3.160224E-2
1.091500E-7	3.165192E-2
1.092000E-7	3.163479E-2
1.092500E-7	3.159025E-2
1.093000E-7	3.151659E-2
1.093500E-7	3.141553E-2
1.094000E-7	3.128877E-2
1.094500E-7	3.113803E-2
1.095000E-7	3.096160E-2
1.095500E-7	3.078174E-2
1.096000E-7	3.062586E-2
1.096500E-7	3.051623E-2
1.097000E-7	3.043743E-2
1.097500E-7	3.042202E-2
1.098000E-7	3.049054E-2
1.098500E-7	3.059503E-2
1.099000E-7	3.070979E-2
1.099500E-7	3.083998E-2
1.100000E-7	3.100442E-2
1.100500E-7	3.115859E-2
1.101000E-7	3.127849E-2
1.101500E-7	3.137784E-2
1.102000E-7	3.143266E-2
1.102500E-7	3.143608E-2
1.103000E-7	3.138812E-2
1.103500E-7	3.131960E-2
1.104000E-7	3.123053E-2
1.104500E-7	3.113632E-2
1.105000E-7	3.102326E-2
1.105500E-7	3.089993E-2
1.106000E-7	3.079373E-2
1.106500E-7	3.070637E-2
1.107000E-7	3.060016E-2
1.107500E-7	3.050081E-2
1.108000E-7	3.042887E-2
1.108500E-7	3.039461E-2
1.109000E-7	3.039290E-2
1.109500E-7	3.043572E-2
1.110000E-7	3.049225E-2
1.110500E-7	3.053679E-2
1.111000E-7	3.056077E-2
1.111500E-7	3.057618E-2
1.112000E-7	3.057447E-2
1.112500E-7	3.054364E-2
1.113000E-7	3.050424E-2
1.113500E-7	3.046998E-2
1.114000E-7	3.043058E-2
1.114500E-7	3.036892E-2
1.115000E-7	3.030211E-2
1.115500E-7	3.024387E-2
1.116000E-7	3.020961E-2
1.116500E-7	3.017878E-2
1.117000E-7	3.016165E-2
1.117500E-7	3.014966E-2
1.118000E-7	3.011197E-2
1.118500E-7	3.006572E-2
1.119000E-7	3.005202E-2
1.119500E-7	3.006230E-2
1.120000E-7	3.010170E-2
1.120500E-7	3.017707E-2
1.121000E-7	3.027642E-2
1.121500E-7	3.040318E-2
1.122000E-7	3.055734E-2
1.122500E-7	3.073377E-2
1.123000E-7	3.089479E-2
1.123500E-7	3.101812E-2
1.124000E-7	3.110206E-2
1.124500E-7	3.112261E-2
1.125000E-7	3.108493E-2
1.125500E-7	3.102498E-2
1.126000E-7	3.093419E-2
1.126500E-7	3.078688E-2
1.127000E-7	3.061729E-2
1.127500E-7	3.047683E-2
1.128000E-7	3.035179E-2
1.128500E-7	3.023188E-2
1.129000E-7	3.014795E-2
1.129500E-7	3.011197E-2
1.130000E-7	3.010512E-2
1.130500E-7	3.012225E-2
1.131000E-7	3.014281E-2
1.131500E-7	3.015822E-2
1.132000E-7	3.018392E-2
1.132500E-7	3.021132E-2
1.133000E-7	3.018906E-2
1.133500E-7	3.010855E-2
1.134000E-7	3.000577E-2
1.134500E-7	2.990299E-2
1.135000E-7	2.979337E-2
1.135500E-7	2.969573E-2
1.136000E-7	2.965462E-2
1.136500E-7	2.968888E-2
1.137000E-7	2.978137E-2
1.137500E-7	2.991841E-2
1.138000E-7	3.010855E-2
1.138500E-7	3.031924E-2
1.139000E-7	3.050938E-2
1.139500E-7	3.067896E-2
1.140000E-7	3.083998E-2
1.140500E-7	3.097016E-2
1.141000E-7	3.103525E-2
1.141500E-7	3.102669E-2
1.142000E-7	3.094447E-2
1.142500E-7	3.080229E-2
1.143000E-7	3.062243E-2
1.143500E-7	3.044771E-2
1.144000E-7	3.028156E-2
1.144500E-7	3.010855E-2
1.145000E-7	2.993383E-2
1.145500E-7	2.978994E-2
1.146000E-7	2.970600E-2
1.146500E-7	2.967003E-2
1.147000E-7	2.965804E-2
1.147500E-7	2.964948E-2
1.148000E-7	2.965462E-2
1.148500E-7	2.972656E-2
1.149000E-7	2.983790E-2
1.149500E-7	2.994239E-2
1.150000E-7	3.005373E-2
1.150500E-7	3.017021E-2
1.151000E-7	3.025415E-2
1.151500E-7	3.026443E-2
1.152000E-7	3.025244E-2
1.152500E-7	3.023017E-2
1.153000E-7	3.021132E-2
1.153500E-7	3.019591E-2
1.154000E-7	3.019591E-2
1.154500E-7	3.017535E-2
1.155000E-7	3.013938E-2
1.155500E-7	3.011540E-2
1.156000E-7	3.010170E-2
1.156500E-7	3.009827E-2
1.157000E-7	3.008971E-2
1.157500E-7	3.005031E-2
1.158000E-7	2.997836E-2
1.158500E-7	2.990813E-2
1.159000E-7	2.982762E-2
1.159500E-7	2.973684E-2
1.160000E-7	2.968374E-2
1.160500E-7	2.966318E-2
1.161000E-7	2.965119E-2
1.161500E-7	2.966318E-2
1.162000E-7	2.970600E-2
1.162500E-7	2.973855E-2
1.163000E-7	2.972827E-2
1.163500E-7	2.972142E-2
1.164000E-7	2.972485E-2
1.164500E-7	2.972142E-2
1.165000E-7	2.969573E-2
1.165500E-7	2.965804E-2
1.166000E-7	2.961522E-2
1.166500E-7	2.957068E-2
1.167000E-7	2.953300E-2
1.167500E-7	2.949702E-2
1.168000E-7	2.948503E-2
1.168500E-7	2.948846E-2
1.169000E-7	2.945763E-2
1.169500E-7	2.940624E-2
1.170000E-7	2.937541E-2
1.170500E-7	2.936170E-2
1.171000E-7	2.934800E-2
1.171500E-7	2.934800E-2
1.172000E-7	2.939253E-2
1.172500E-7	2.946619E-2
1.173000E-7	2.955698E-2
1.173500E-7	2.966832E-2
1.174000E-7	2.977281E-2
1.174500E-7	2.981906E-2
1.175000E-7	2.979165E-2
1.175500E-7	2.972142E-2
1.176000E-7	2.963749E-2
1.176500E-7	2.953642E-2
1.177000E-7	2.943193E-2
1.177500E-7	2.934971E-2
1.178000E-7	2.928291E-2
1.178500E-7	2.919897E-2
1.179000E-7	2.912018E-2
1.179500E-7	2.910133E-2
1.180000E-7	2.915272E-2
1.180500E-7	2.922467E-2
1.181000E-7	2.928291E-2
1.181500E-7	2.933943E-2
1.182000E-7	2.938568E-2
1.182500E-7	2.940795E-2
1.183000E-7	2.939767E-2
1.183500E-7	2.937883E-2
1.184000E-7	2.936855E-2
1.184500E-7	2.935999E-2
1.185000E-7	2.932916E-2
1.185500E-7	2.926578E-2
1.186000E-7	2.919041E-2
1.186500E-7	2.911504E-2
1.187000E-7	2.904652E-2
1.187500E-7	2.901740E-2
1.188000E-7	2.904481E-2
1.188500E-7	2.907221E-2
1.189000E-7	2.906365E-2
1.189500E-7	2.902768E-2
1.190000E-7	2.899513E-2
1.190500E-7	2.895059E-2
1.191000E-7	2.893346E-2
1.191500E-7	2.894888E-2
1.192000E-7	2.896601E-2
1.192500E-7	2.898999E-2
1.193000E-7	2.903795E-2
1.193500E-7	2.910647E-2
1.194000E-7	2.916985E-2
1.194500E-7	2.925207E-2
1.195000E-7	2.937712E-2
1.195500E-7	2.951929E-2
1.196000E-7	2.962036E-2
1.196500E-7	2.964948E-2
1.197000E-7	2.963577E-2
1.197500E-7	2.958952E-2
1.198000E-7	2.951587E-2
1.198500E-7	2.941823E-2
1.199000E-7	2.932916E-2
1.199500E-7	2.924008E-2
1.200000E-7	2.917156E-2
1.200500E-7	2.915615E-2
1.201000E-7	2.916471E-2
1.201500E-7	2.915957E-2
1.202000E-7	2.915101E-2
1.202500E-7	2.917499E-2
1.203000E-7	2.922295E-2
1.203500E-7	2.924180E-2
1.204000E-7	2.924008E-2
1.204500E-7	2.925036E-2
1.205000E-7	2.924008E-2
1.205500E-7	2.914930E-2
1.206000E-7	2.900883E-2
1.206500E-7	2.887694E-2
1.207000E-7	2.875189E-2
1.207500E-7	2.862856E-2
1.208000E-7	2.854291E-2
1.208500E-7	2.850009E-2
1.209000E-7	2.847268E-2
1.209500E-7	2.846412E-2
1.210000E-7	2.846583E-2
1.210500E-7	2.846240E-2
1.211000E-7	2.845898E-2
1.211500E-7	2.848638E-2
1.212000E-7	2.854805E-2
1.212500E-7	2.863884E-2
1.213000E-7	2.873819E-2
1.213500E-7	2.880328E-2
1.214000E-7	2.883240E-2
1.214500E-7	2.886495E-2
1.215000E-7	2.890948E-2
1.215500E-7	2.893518E-2
1.216000E-7	2.895402E-2
1.216500E-7	2.899684E-2
1.217000E-7	2.904823E-2
1.217500E-7	2.908934E-2
1.218000E-7	2.911675E-2
1.218500E-7	2.914758E-2
1.219000E-7	2.918013E-2
1.219500E-7	2.921953E-2
1.220000E-7	2.923666E-2
1.220500E-7	2.921439E-2
1.221000E-7	2.917670E-2
1.221500E-7	2.914758E-2
1.222000E-7	2.909791E-2
1.222500E-7	2.900027E-2
1.223000E-7	2.886152E-2
1.223500E-7	2.872106E-2
1.224000E-7	2.859087E-2
1.224500E-7	2.848125E-2
1.225000E-7	2.840759E-2
1.225500E-7	2.838189E-2
1.226000E-7	2.838875E-2
1.226500E-7	2.839560E-2
1.227000E-7	2.838875E-2
1.227500E-7	2.838018E-2
1.228000E-7	2.837847E-2
1.228500E-7	2.837504E-2
1.229000E-7	2.835106E-2
1.229500E-7	2.831509E-2
1.230000E-7	2.830824E-2
1.230500E-7	2.833564E-2
1.231000E-7	2.837333E-2
1.231500E-7	2.840930E-2
1.232000E-7	2.846925E-2
1.232500E-7	2.854120E-2
1.233000E-7	2.859601E-2
1.233500E-7	2.861314E-2
1.234000E-7	2.861314E-2
1.234500E-7	2.860458E-2
1.235000E-7	2.855662E-2
1.235500E-7	2.846412E-2
1.236000E-7	2.836305E-2
1.236500E-7	2.827055E-2
1.237000E-7	2.819004E-2
1.237500E-7	2.814208E-2
1.238000E-7	2.816435E-2
1.238500E-7	2.822259E-2
1.239000E-7	2.829453E-2
1.239500E-7	2.839217E-2
1.240000E-7	2.851550E-2
1.240500E-7	2.863370E-2
1.241000E-7	2.872106E-2
1.241500E-7	2.876560E-2
1.242000E-7	2.876902E-2
1.242500E-7	2.875532E-2
1.243000E-7	2.873305E-2
1.243500E-7	2.867995E-2
1.244000E-7	2.860286E-2
1.244500E-7	2.851722E-2
1.245000E-7	2.840759E-2
1.245500E-7	2.830652E-2
1.246000E-7	2.824143E-2
1.246500E-7	2.817634E-2
1.247000E-7	2.810954E-2
1.247500E-7	2.809583E-2
1.248000E-7	2.811981E-2
1.248500E-7	2.812324E-2
1.249000E-7	2.813523E-2
1.249500E-7	2.819861E-2
1.250000E-7	2.828597E-2
1.250500E-7	2.832708E-2
1.251000E-7	2.833736E-2
1.251500E-7	2.834592E-2
1.252000E-7	2.835106E-2
1.252500E-7	2.835963E-2
1.253000E-7	2.834764E-2
1.253500E-7	2.831166E-2
1.254000E-7	2.824486E-2
1.254500E-7	2.815407E-2
1.255000E-7	2.803245E-2
1.255500E-7	2.789884E-2
1.256000E-7	2.777037E-2
1.256500E-7	2.765560E-2
1.257000E-7	2.754597E-2
1.257500E-7	2.742607E-2
1.258000E-7	2.730102E-2
1.258500E-7	2.721366E-2
1.259000E-7	2.718112E-2
1.259500E-7	2.718112E-2
1.260000E-7	2.719311E-2
1.260500E-7	2.722394E-2
1.261000E-7	2.728218E-2
1.261500E-7	2.735584E-2
1.262000E-7	2.745005E-2
1.262500E-7	2.755797E-2
1.263000E-7	2.765732E-2
1.263500E-7	2.773783E-2
1.264000E-7	2.782519E-2
1.264500E-7	2.792625E-2
1.265000E-7	2.802389E-2
1.265500E-7	2.810954E-2
1.266000E-7	2.818662E-2
1.266500E-7	2.827055E-2
1.267000E-7	2.834935E-2
1.267500E-7	2.839731E-2
1.268000E-7	2.838532E-2
1.268500E-7	2.832023E-2
1.269000E-7	2.823972E-2
1.269500E-7	2.816606E-2
1.270000E-7	2.806671E-2
1.270500E-7	2.796222E-2
1.271000E-7	2.789028E-2
1.271500E-7	2.785088E-2
1.272000E-7	2.785259E-2
1.272500E-7	2.790912E-2
1.273000E-7	2.799134E-2
1.273500E-7	2.807014E-2
1.274000E-7	2.813180E-2
1.274500E-7	2.817977E-2
1.275000E-7	2.818662E-2
1.275500E-7	2.817977E-2
1.276000E-7	2.814893E-2
1.276500E-7	2.805815E-2
1.277000E-7	2.793310E-2
1.277500E-7	2.781491E-2
1.278000E-7	2.768472E-2
1.278500E-7	2.755454E-2
1.279000E-7	2.746718E-2
1.279500E-7	2.743121E-2
1.280000E-7	2.741750E-2
1.280500E-7	2.742264E-2
1.281000E-7	2.744320E-2
1.281500E-7	2.749287E-2
1.282000E-7	2.754255E-2
1.282500E-7	2.756824E-2
1.283000E-7	2.756653E-2
1.283500E-7	2.753741E-2
1.284000E-7	2.748945E-2
1.284500E-7	2.742436E-2
1.285000E-7	2.737125E-2
1.285500E-7	2.734042E-2
1.286000E-7	2.734042E-2
1.286500E-7	2.738324E-2
1.287000E-7	2.746718E-2
1.287500E-7	2.757509E-2
1.288000E-7	2.770528E-2
1.288500E-7	2.781833E-2
1.289000E-7	2.790056E-2
1.289500E-7	2.792796E-2
1.290000E-7	2.788514E-2
1.290500E-7	2.776866E-2
1.291000E-7	2.763505E-2
1.291500E-7	2.747917E-2
1.292000E-7	2.728389E-2
1.292500E-7	2.708690E-2
1.293000E-7	2.695672E-2
1.293500E-7	2.688991E-2
1.294000E-7	2.687279E-2
1.294500E-7	2.692417E-2
1.295000E-7	2.703894E-2
1.295500E-7	2.719825E-2
1.296000E-7	2.739352E-2
1.296500E-7	2.759908E-2
1.297000E-7	2.780292E-2
1.297500E-7	2.798963E-2
1.298000E-7	2.813009E-2
1.298500E-7	2.819690E-2
1.299000E-7	2.821916E-2
1.299500E-7	2.819176E-2
1.300000E-7	2.808898E-2
1.300500E-7	2.792625E-2
1.301000E-7	2.774639E-2
1.301500E-7	2.754769E-2
1.302000E-7	2.732672E-2
1.302500E-7	2.711774E-2
1.303000E-7	2.695501E-2
1.303500E-7	2.682825E-2
1.304000E-7	2.673575E-2
1.304500E-7	2.669121E-2
1.305000E-7	2.668779E-2
1.305500E-7	2.674260E-2
1.306000E-7	2.685394E-2
1.306500E-7	2.699440E-2
1.307000E-7	2.712288E-2
1.307500E-7	2.725477E-2
1.308000E-7	2.736954E-2
1.308500E-7	2.744662E-2
1.309000E-7	2.748088E-2
1.309500E-7	2.748602E-2
1.310000E-7	2.744320E-2
1.310500E-7	2.734385E-2
1.311000E-7	2.721880E-2
1.311500E-7	2.711089E-2
1.312000E-7	2.700640E-2
1.312500E-7	2.687107E-2
1.313000E-7	2.672547E-2
1.313500E-7	2.659357E-2
1.314000E-7	2.647881E-2
1.314500E-7	2.640172E-2
1.315000E-7	2.635376E-2
1.315500E-7	2.633492E-2
1.316000E-7	2.632293E-2
1.316500E-7	2.633492E-2
1.317000E-7	2.638288E-2
1.317500E-7	2.645654E-2
1.318000E-7	2.656445E-2
1.318500E-7	2.673232E-2
1.319000E-7	2.693274E-2
1.319500E-7	2.708005E-2
1.320000E-7	2.715713E-2
1.320500E-7	2.717255E-2
1.321000E-7	2.710917E-2
1.321500E-7	2.695843E-2
1.322000E-7	2.677001E-2
1.322500E-7	2.658844E-2
1.323000E-7	2.641200E-2
1.323500E-7	2.626983E-2
1.324000E-7	2.616191E-2
1.324500E-7	2.607455E-2
1.325000E-7	2.604029E-2
1.325500E-7	2.605228E-2
1.326000E-7	2.607284E-2
1.326500E-7	2.608654E-2
1.327000E-7	2.612594E-2
1.327500E-7	2.618418E-2
1.328000E-7	2.623043E-2
1.328500E-7	2.626469E-2
1.329000E-7	2.631265E-2
1.329500E-7	2.633492E-2
1.330000E-7	2.633492E-2
1.330500E-7	2.635890E-2
1.331000E-7	2.641543E-2
1.331500E-7	2.647881E-2
1.332000E-7	2.656788E-2
1.332500E-7	2.672033E-2
1.333000E-7	2.690533E-2
1.333500E-7	2.706121E-2
1.334000E-7	2.720510E-2
1.334500E-7	2.733357E-2
1.335000E-7	2.740723E-2
1.335500E-7	2.740551E-2
1.336000E-7	2.735070E-2
1.336500E-7	2.724107E-2
1.337000E-7	2.707320E-2
1.337500E-7	2.688820E-2
1.338000E-7	2.669464E-2
1.338500E-7	2.647538E-2
1.339000E-7	2.625784E-2
1.339500E-7	2.607112E-2
1.340000E-7	2.591182E-2
1.340500E-7	2.577307E-2
1.341000E-7	2.568914E-2
1.341500E-7	2.564460E-2
1.342000E-7	2.562233E-2
1.342500E-7	2.564974E-2
1.343000E-7	2.571826E-2
1.343500E-7	2.580219E-2
1.344000E-7	2.590497E-2
1.344500E-7	2.605057E-2
1.345000E-7	2.620131E-2
1.345500E-7	2.631779E-2
1.346000E-7	2.643084E-2
1.346500E-7	2.653533E-2
1.347000E-7	2.659871E-2
1.347500E-7	2.660728E-2
1.348000E-7	2.659186E-2
1.348500E-7	2.657816E-2
1.349000E-7	2.656959E-2
1.349500E-7	2.657302E-2
1.350000E-7	2.660043E-2
1.350500E-7	2.666209E-2
1.351000E-7	2.674260E-2
1.351500E-7	2.680084E-2
1.352000E-7	2.681797E-2
1.352500E-7	2.682996E-2
1.353000E-7	2.686422E-2
1.353500E-7	2.690019E-2
1.354000E-7	2.691561E-2
1.354500E-7	2.692589E-2
1.355000E-7	2.691561E-2
1.355500E-7	2.686593E-2
1.356000E-7	2.679056E-2
1.356500E-7	2.672205E-2
1.357000E-7	2.666038E-2
1.357500E-7	2.655932E-2
1.358000E-7	2.643770E-2
1.358500E-7	2.635547E-2
1.359000E-7	2.630237E-2
1.359500E-7	2.622700E-2
1.360000E-7	2.613108E-2
1.360500E-7	2.606256E-2
1.361000E-7	2.602659E-2
1.361500E-7	2.601288E-2
1.362000E-7	2.605228E-2
1.362500E-7	2.615335E-2
1.363000E-7	2.626983E-2
1.363500E-7	2.637603E-2
1.364000E-7	2.648737E-2
1.364500E-7	2.657816E-2
1.365000E-7	2.662783E-2
1.365500E-7	2.664496E-2
1.366000E-7	2.659529E-2
1.366500E-7	2.648223E-2
1.367000E-7	2.635034E-2
1.367500E-7	2.620816E-2
1.368000E-7	2.604543E-2
1.368500E-7	2.590839E-2
1.369000E-7	2.582960E-2
1.369500E-7	2.576622E-2
1.370000E-7	2.571997E-2
1.370500E-7	2.574909E-2
1.371000E-7	2.582617E-2
1.371500E-7	2.592381E-2
1.372000E-7	2.605742E-2
1.372500E-7	2.622186E-2
1.373000E-7	2.638288E-2
1.373500E-7	2.653876E-2
1.374000E-7	2.668950E-2
1.374500E-7	2.680427E-2
1.375000E-7	2.686593E-2
1.375500E-7	2.686593E-2
1.376000E-7	2.680255E-2
1.376500E-7	2.669121E-2
1.377000E-7	2.654390E-2
1.377500E-7	2.637774E-2
1.378000E-7	2.620131E-2
1.378500E-7	2.603858E-2
1.379000E-7	2.589812E-2
1.379500E-7	2.578335E-2
1.380000E-7	2.571483E-2
1.380500E-7	2.571141E-2
1.381000E-7	2.573025E-2
1.381500E-7	2.574738E-2
1.382000E-7	2.576965E-2
1.382500E-7	2.578849E-2
1.383000E-7	2.578849E-2
1.383500E-7	2.577478E-2
1.384000E-7	2.576451E-2
1.384500E-7	2.573367E-2
1.385000E-7	2.566687E-2
1.385500E-7	2.559835E-2
1.386000E-7	2.553668E-2
1.386500E-7	2.546988E-2
1.387000E-7	2.540307E-2
1.387500E-7	2.537053E-2
1.388000E-7	2.539451E-2
1.388500E-7	2.545618E-2
1.389000E-7	2.551613E-2
1.389500E-7	2.558636E-2
1.390000E-7	2.568400E-2
1.390500E-7	2.579363E-2
1.391000E-7	2.588441E-2
1.391500E-7	2.597006E-2
1.392000E-7	2.604543E-2
1.392500E-7	2.608825E-2
1.393000E-7	2.608483E-2
1.393500E-7	2.607455E-2
1.394000E-7	2.605228E-2
1.394500E-7	2.600775E-2
1.395000E-7	2.595122E-2
1.395500E-7	2.591011E-2
1.396000E-7	2.588955E-2
1.396500E-7	2.589469E-2
1.397000E-7	2.588613E-2
1.397500E-7	2.587756E-2
1.398000E-7	2.586386E-2
1.398500E-7	2.584330E-2
1.399000E-7	2.577821E-2
1.399500E-7	2.569256E-2
1.400000E-7	2.560692E-2
1.400500E-7	2.552641E-2
1.401000E-7	2.544076E-2
1.401500E-7	2.536025E-2
1.402000E-7	2.529345E-2
1.402500E-7	2.521979E-2
1.403000E-7	2.515812E-2
1.403500E-7	2.514613E-2
1.404000E-7	2.517868E-2
1.404500E-7	2.524377E-2
1.405000E-7	2.533969E-2
1.405500E-7	2.546988E-2
1.406000E-7	2.559835E-2
1.406500E-7	2.568229E-2
1.407000E-7	2.574566E-2
1.407500E-7	2.579363E-2
1.408000E-7	2.578335E-2
1.408500E-7	2.569941E-2
1.409000E-7	2.559492E-2
1.409500E-7	2.549386E-2
1.410000E-7	2.537909E-2
1.410500E-7	2.527803E-2
1.411000E-7	2.520951E-2
1.411500E-7	2.515812E-2
1.412000E-7	2.511359E-2
1.412500E-7	2.509474E-2
1.413000E-7	2.509303E-2
1.413500E-7	2.509303E-2
1.414000E-7	2.510845E-2
1.414500E-7	2.515298E-2
1.415000E-7	2.522150E-2
1.415500E-7	2.526775E-2
1.416000E-7	2.527803E-2
1.416500E-7	2.527803E-2
1.417000E-7	2.531571E-2
1.417500E-7	2.537224E-2
1.418000E-7	2.542534E-2
1.418500E-7	2.546817E-2
1.419000E-7	2.554011E-2
1.419500E-7	2.560349E-2
1.420000E-7	2.562062E-2
1.420500E-7	2.561034E-2
1.421000E-7	2.559492E-2
1.421500E-7	2.556752E-2
1.422000E-7	2.551099E-2
1.422500E-7	2.542020E-2
1.423000E-7	2.532599E-2
1.423500E-7	2.525405E-2
1.424000E-7	2.521294E-2
1.424500E-7	2.519067E-2
1.425000E-7	2.518724E-2
1.425500E-7	2.522150E-2
1.426000E-7	2.527118E-2
1.426500E-7	2.531057E-2
1.427000E-7	2.537053E-2
1.427500E-7	2.546474E-2
1.428000E-7	2.554696E-2
1.428500E-7	2.559492E-2
1.429000E-7	2.563261E-2
1.429500E-7	2.566173E-2
1.430000E-7	2.566002E-2
1.430500E-7	2.564289E-2
1.431000E-7	2.561891E-2
1.431500E-7	2.556238E-2
1.432000E-7	2.546988E-2
1.432500E-7	2.538594E-2
1.433000E-7	2.531743E-2
1.433500E-7	2.524891E-2
1.434000E-7	2.519238E-2
1.434500E-7	2.515984E-2
1.435000E-7	2.513757E-2
1.435500E-7	2.513243E-2
1.436000E-7	2.515641E-2
1.436500E-7	2.518382E-2
1.437000E-7	2.518896E-2
1.437500E-7	2.516326E-2
1.438000E-7	2.511016E-2
1.438500E-7	2.504507E-2
1.439000E-7	2.500910E-2
1.439500E-7	2.498854E-2
1.440000E-7	2.493030E-2
1.440500E-7	2.484637E-2
1.441000E-7	2.476072E-2
1.441500E-7	2.465794E-2
1.442000E-7	2.453803E-2
1.442500E-7	2.446095E-2
1.443000E-7	2.442155E-2
1.443500E-7	2.438901E-2
1.444000E-7	2.438044E-2
1.444500E-7	2.442327E-2
1.445000E-7	2.450035E-2
1.445500E-7	2.459456E-2
1.446000E-7	2.470590E-2
1.446500E-7	2.480012E-2
1.447000E-7	2.484123E-2
1.447500E-7	2.485836E-2
1.448000E-7	2.490974E-2
1.448500E-7	2.497312E-2
1.449000E-7	2.501081E-2
1.449500E-7	2.502965E-2
1.450000E-7	2.505706E-2
1.450500E-7	2.507590E-2
1.451000E-7	2.505877E-2
1.451500E-7	2.502451E-2
1.452000E-7	2.499368E-2
1.452500E-7	2.494058E-2
1.453000E-7	2.486178E-2
1.453500E-7	2.479498E-2
1.454000E-7	2.473674E-2
1.454500E-7	2.469049E-2
1.455000E-7	2.466651E-2
1.455500E-7	2.468364E-2
1.456000E-7	2.471789E-2
1.456500E-7	2.473160E-2
1.457000E-7	2.473160E-2
1.457500E-7	2.476072E-2
1.458000E-7	2.481382E-2
1.458500E-7	2.484465E-2
1.459000E-7	2.485664E-2
1.459500E-7	2.488576E-2
1.460000E-7	2.492174E-2
1.460500E-7	2.493544E-2
1.461000E-7	2.492516E-2
1.461500E-7	2.489433E-2
1.462000E-7	2.486521E-2
1.462500E-7	2.485493E-2
1.463000E-7	2.483095E-2
1.463500E-7	2.478984E-2
1.464000E-7	2.476928E-2
1.464500E-7	2.479155E-2
1.465000E-7	2.479669E-2
1.465500E-7	2.478813E-2
1.466000E-7	2.480354E-2
1.466500E-7	2.483266E-2
1.467000E-7	2.484123E-2
1.467500E-7	2.484123E-2
1.468000E-7	2.483951E-2
1.468500E-7	2.483951E-2
1.469000E-7	2.484979E-2
1.469500E-7	2.484808E-2
1.470000E-7	2.480183E-2
1.470500E-7	2.472646E-2
1.471000E-7	2.462882E-2
1.471500E-7	2.450035E-2
1.472000E-7	2.436331E-2
1.472500E-7	2.424683E-2
1.473000E-7	2.415433E-2
1.473500E-7	2.410980E-2
1.474000E-7	2.411665E-2
1.474500E-7	2.415605E-2
1.475000E-7	2.420744E-2
1.475500E-7	2.429822E-2
1.476000E-7	2.441641E-2
1.476500E-7	2.452776E-2
1.477000E-7	2.464424E-2
1.477500E-7	2.477956E-2
1.478000E-7	2.491146E-2
1.478500E-7	2.501595E-2
1.479000E-7	2.507247E-2
1.479500E-7	2.506220E-2
1.480000E-7	2.497484E-2
1.480500E-7	2.483266E-2
1.481000E-7	2.466822E-2
1.481500E-7	2.450206E-2
1.482000E-7	2.433248E-2
1.482500E-7	2.417831E-2
1.483000E-7	2.407725E-2
1.483500E-7	2.402244E-2
1.484000E-7	2.397961E-2
1.484500E-7	2.396077E-2
1.485000E-7	2.397790E-2
1.485500E-7	2.402244E-2
1.486000E-7	2.409095E-2
1.486500E-7	2.418003E-2
1.487000E-7	2.425711E-2
1.487500E-7	2.432734E-2
1.488000E-7	2.437530E-2
1.488500E-7	2.436160E-2
1.489000E-7	2.427081E-2
1.489500E-7	2.416119E-2
1.490000E-7	2.406526E-2
1.490500E-7	2.397447E-2
1.491000E-7	2.389910E-2
1.491500E-7	2.386656E-2
1.492000E-7	2.385285E-2
1.492500E-7	2.386998E-2
1.493000E-7	2.394364E-2
1.493500E-7	2.403100E-2
1.494000E-7	2.409952E-2
1.494500E-7	2.419373E-2
1.495000E-7	2.430850E-2
1.495500E-7	2.436845E-2
1.496000E-7	2.433933E-2
1.496500E-7	2.424855E-2
1.497000E-7	2.412864E-2
1.497500E-7	2.399160E-2
1.498000E-7	2.386313E-2
1.498500E-7	2.375350E-2
1.499000E-7	2.367642E-2
1.499500E-7	2.364387E-2
1.500000E-7	2.365244E-2
1.500500E-7	2.366443E-2
1.501000E-7	2.369184E-2
1.501500E-7	2.374323E-2
1.502000E-7	2.381003E-2
1.502500E-7	2.387512E-2
1.503000E-7	2.392137E-2
1.503500E-7	2.395906E-2
1.504000E-7	2.399674E-2
1.504500E-7	2.399846E-2
1.505000E-7	2.393508E-2
1.505500E-7	2.385799E-2
1.506000E-7	2.381517E-2
1.506500E-7	2.380318E-2
1.507000E-7	2.378776E-2
1.507500E-7	2.378776E-2
1.508000E-7	2.383744E-2
1.508500E-7	2.390767E-2
1.509000E-7	2.397105E-2
1.509500E-7	2.403957E-2
1.510000E-7	2.410980E-2
1.510500E-7	2.414063E-2
1.511000E-7	2.413720E-2
1.511500E-7	2.412521E-2
1.512000E-7	2.410123E-2
1.512500E-7	2.407211E-2
1.513000E-7	2.405841E-2
1.513500E-7	2.403957E-2
1.514000E-7	2.397447E-2
1.514500E-7	2.389739E-2
1.515000E-7	2.384086E-2
1.515500E-7	2.377920E-2
1.516000E-7	2.370725E-2
1.516500E-7	2.364901E-2
1.517000E-7	2.361475E-2
1.517500E-7	2.359591E-2
1.518000E-7	2.360276E-2
1.518500E-7	2.363188E-2
1.519000E-7	2.367642E-2
1.519500E-7	2.375864E-2
1.520000E-7	2.383401E-2
1.520500E-7	2.387855E-2
1.521000E-7	2.393850E-2
1.521500E-7	2.400702E-2
1.522000E-7	2.402415E-2
1.522500E-7	2.398989E-2
1.523000E-7	2.395563E-2
1.523500E-7	2.390082E-2
1.524000E-7	2.381860E-2
1.524500E-7	2.372610E-2
1.525000E-7	2.364901E-2
1.525500E-7	2.357707E-2
1.526000E-7	2.353253E-2
1.526500E-7	2.348457E-2
1.527000E-7	2.339892E-2
1.527500E-7	2.333897E-2
1.528000E-7	2.333726E-2
1.528500E-7	2.336466E-2
1.529000E-7	2.340577E-2
1.529500E-7	2.348114E-2
1.530000E-7	2.356508E-2
1.530500E-7	2.362161E-2
1.531000E-7	2.362846E-2
1.531500E-7	2.358050E-2
1.532000E-7	2.347429E-2
1.532500E-7	2.333726E-2
1.533000E-7	2.317281E-2
1.533500E-7	2.300323E-2
1.534000E-7	2.285763E-2
1.534500E-7	2.274800E-2
1.535000E-7	2.265893E-2
1.535500E-7	2.261097E-2
1.536000E-7	2.261610E-2
1.536500E-7	2.266064E-2
1.537000E-7	2.271032E-2
1.537500E-7	2.276513E-2
1.538000E-7	2.281823E-2
1.538500E-7	2.288846E-2
1.539000E-7	2.296897E-2
1.539500E-7	2.303406E-2
1.540000E-7	2.307518E-2
1.540500E-7	2.309916E-2
1.541000E-7	2.311971E-2
1.541500E-7	2.312828E-2
1.542000E-7	2.313513E-2
1.542500E-7	2.317110E-2
1.543000E-7	2.322420E-2
1.543500E-7	2.328929E-2
1.544000E-7	2.334582E-2
1.544500E-7	2.339550E-2
1.545000E-7	2.344689E-2
1.545500E-7	2.347772E-2
1.546000E-7	2.349999E-2
1.546500E-7	2.355480E-2
1.547000E-7	2.363017E-2
1.547500E-7	2.369184E-2
1.548000E-7	2.372952E-2
1.548500E-7	2.377577E-2
1.549000E-7	2.380318E-2
1.549500E-7	2.378605E-2
1.550000E-7	2.373295E-2
1.550500E-7	2.367299E-2
1.551000E-7	2.359934E-2
1.551500E-7	2.350855E-2
1.552000E-7	2.341434E-2
1.552500E-7	2.331328E-2
1.553000E-7	2.319851E-2
1.553500E-7	2.308545E-2
1.554000E-7	2.301693E-2
1.554500E-7	2.301180E-2
1.555000E-7	2.305633E-2
1.555500E-7	2.314198E-2
1.556000E-7	2.323448E-2
1.556500E-7	2.330300E-2
1.557000E-7	2.335610E-2
1.557500E-7	2.340749E-2
1.558000E-7	2.343489E-2
1.558500E-7	2.339378E-2
1.559000E-7	2.332013E-2
1.559500E-7	2.324304E-2
1.560000E-7	2.314541E-2
1.560500E-7	2.300837E-2
1.561000E-7	2.287819E-2
1.561500E-7	2.277712E-2
1.562000E-7	2.270518E-2
1.562500E-7	2.266578E-2
1.563000E-7	2.266064E-2
1.563500E-7	2.267948E-2
1.564000E-7	2.272231E-2
1.564500E-7	2.281138E-2
1.565000E-7	2.293300E-2
1.565500E-7	2.303578E-2
1.566000E-7	2.309230E-2
1.566500E-7	2.309402E-2
1.567000E-7	2.303064E-2
1.567500E-7	2.292957E-2
1.568000E-7	2.281652E-2
1.568500E-7	2.269319E-2
1.569000E-7	2.254759E-2
1.569500E-7	2.241398E-2
1.570000E-7	2.231291E-2
1.570500E-7	2.224268E-2
1.571000E-7	2.219814E-2
1.571500E-7	2.220500E-2
1.572000E-7	2.227865E-2
1.572500E-7	2.243967E-2
1.573000E-7	2.264351E-2
1.573500E-7	2.283022E-2
1.574000E-7	2.298268E-2
1.574500E-7	2.314027E-2
1.575000E-7	2.327388E-2
1.575500E-7	2.332527E-2
1.576000E-7	2.328587E-2
1.576500E-7	2.321050E-2
1.577000E-7	2.311457E-2
1.577500E-7	2.299295E-2
1.578000E-7	2.286448E-2
1.578500E-7	2.274458E-2
1.579000E-7	2.263495E-2
1.579500E-7	2.251504E-2
1.580000E-7	2.237972E-2
1.580500E-7	2.225467E-2
1.581000E-7	2.215361E-2
1.581500E-7	2.206282E-2
1.582000E-7	2.197375E-2
1.582500E-7	2.189153E-2
1.583000E-7	2.181273E-2
1.583500E-7	2.174421E-2
1.584000E-7	2.170310E-2
1.584500E-7	2.168769E-2
1.585000E-7	2.169796E-2
1.585500E-7	2.175278E-2
1.586000E-7	2.187954E-2
1.586500E-7	2.205768E-2
1.587000E-7	2.224953E-2
1.587500E-7	2.243453E-2
1.588000E-7	2.259897E-2
1.588500E-7	2.273087E-2
1.589000E-7	2.281309E-2
1.589500E-7	2.284393E-2
1.590000E-7	2.285592E-2
1.590500E-7	2.285592E-2
1.591000E-7	2.284050E-2
1.591500E-7	2.280110E-2
1.592000E-7	2.274286E-2
1.592500E-7	2.265379E-2
1.593000E-7	2.255615E-2
1.593500E-7	2.247564E-2
1.594000E-7	2.242254E-2
1.594500E-7	2.236259E-2
1.595000E-7	2.231634E-2
1.595500E-7	2.232148E-2
1.596000E-7	2.234546E-2
1.596500E-7	2.238657E-2
1.597000E-7	2.246365E-2
1.597500E-7	2.257328E-2
1.598000E-7	2.265036E-2
1.598500E-7	2.268976E-2
1.599000E-7	2.272745E-2
1.599500E-7	2.274800E-2
1.600000E-7	2.272059E-2
1.600500E-7	2.265893E-2
1.601000E-7	2.256129E-2
1.601500E-7	2.244481E-2
1.602000E-7	2.234203E-2
1.602500E-7	2.225467E-2
1.603000E-7	2.219986E-2
1.603500E-7	2.218102E-2
1.604000E-7	2.218444E-2
1.604500E-7	2.217074E-2
1.605000E-7	2.214333E-2
1.605500E-7	2.214676E-2
1.606000E-7	2.216731E-2
1.606500E-7	2.218444E-2
1.607000E-7	2.219643E-2
1.607500E-7	2.218787E-2
1.608000E-7	2.216731E-2
1.608500E-7	2.215532E-2
1.609000E-7	2.213477E-2
1.609500E-7	2.210051E-2
1.610000E-7	2.208338E-2
1.610500E-7	2.211250E-2
1.611000E-7	2.215361E-2
1.611500E-7	2.217588E-2
1.612000E-7	2.219472E-2
1.612500E-7	2.222213E-2
1.613000E-7	2.224097E-2
1.613500E-7	2.224097E-2
1.614000E-7	2.224953E-2
1.614500E-7	2.224953E-2
1.615000E-7	2.222726E-2
1.615500E-7	2.218615E-2
1.616000E-7	2.215189E-2
1.616500E-7	2.212963E-2
1.617000E-7	2.210736E-2
1.617500E-7	2.209708E-2
1.618000E-7	2.207995E-2
1.618500E-7	2.204227E-2
1.619000E-7	2.199430E-2
1.619500E-7	2.197032E-2
1.620000E-7	2.196861E-2
1.620500E-7	2.197032E-2
1.621000E-7	2.196176E-2
1.621500E-7	2.194292E-2
1.622000E-7	2.191893E-2
1.622500E-7	2.190523E-2
1.623000E-7	2.191379E-2
1.623500E-7	2.194292E-2
1.624000E-7	2.197204E-2
1.624500E-7	2.201486E-2
1.625000E-7	2.207824E-2
1.625500E-7	2.210907E-2
1.626000E-7	2.211421E-2
1.626500E-7	2.214504E-2
1.627000E-7	2.219643E-2
1.627500E-7	2.221699E-2
1.628000E-7	2.221185E-2
1.628500E-7	2.218787E-2
1.629000E-7	2.209708E-2
1.629500E-7	2.196347E-2
1.630000E-7	2.184356E-2
1.630500E-7	2.174764E-2
1.631000E-7	2.163801E-2
1.631500E-7	2.153523E-2
1.632000E-7	2.146671E-2
1.632500E-7	2.141533E-2
1.633000E-7	2.137079E-2
1.633500E-7	2.136051E-2
1.634000E-7	2.138278E-2
1.634500E-7	2.142047E-2
1.635000E-7	2.148727E-2
1.635500E-7	2.158320E-2
1.636000E-7	2.168940E-2
1.636500E-7	2.183157E-2
1.637000E-7	2.202000E-2
1.637500E-7	2.220671E-2
1.638000E-7	2.235231E-2
1.638500E-7	2.246365E-2
1.639000E-7	2.255101E-2
1.639500E-7	2.257842E-2
1.640000E-7	2.255101E-2
1.640500E-7	2.247564E-2
1.641000E-7	2.235916E-2
1.641500E-7	2.221699E-2
1.642000E-7	2.208338E-2
1.642500E-7	2.196347E-2
1.643000E-7	2.185555E-2
1.643500E-7	2.176306E-2
1.644000E-7	2.168769E-2
1.644500E-7	2.162773E-2
1.645000E-7	2.158833E-2
1.645500E-7	2.155408E-2
1.646000E-7	2.153181E-2
1.646500E-7	2.153695E-2
1.647000E-7	2.155579E-2
1.647500E-7	2.156264E-2
1.648000E-7	2.158320E-2
1.648500E-7	2.162945E-2
1.649000E-7	2.168083E-2
1.649500E-7	2.175106E-2
1.650000E-7	2.183671E-2
1.650500E-7	2.189838E-2
1.651000E-7	2.192750E-2
1.651500E-7	2.196176E-2
1.652000E-7	2.198745E-2
1.652500E-7	2.196004E-2
1.653000E-7	2.190523E-2
1.653500E-7	2.183157E-2
1.654000E-7	2.172708E-2
1.654500E-7	2.162602E-2
1.655000E-7	2.153523E-2
1.655500E-7	2.142047E-2
1.656000E-7	2.131426E-2
1.656500E-7	2.128343E-2
1.657000E-7	2.129371E-2
1.657500E-7	2.130912E-2
1.658000E-7	2.137593E-2
1.658500E-7	2.148727E-2
1.659000E-7	2.158320E-2
1.659500E-7	2.166028E-2
1.660000E-7	2.173907E-2
1.660500E-7	2.178532E-2
1.661000E-7	2.178875E-2
1.661500E-7	2.179560E-2
1.662000E-7	2.180588E-2
1.662500E-7	2.178361E-2
1.663000E-7	2.174250E-2
1.663500E-7	2.171338E-2
1.664000E-7	2.168940E-2
1.664500E-7	2.168083E-2
1.665000E-7	2.170653E-2
1.665500E-7	2.176477E-2
1.666000E-7	2.184699E-2
1.666500E-7	2.193606E-2
1.667000E-7	2.197717E-2
1.667500E-7	2.194977E-2
1.668000E-7	2.191037E-2
1.668500E-7	2.186412E-2
1.669000E-7	2.177505E-2
1.669500E-7	2.165857E-2
1.670000E-7	2.155921E-2
1.670500E-7	2.148213E-2
1.671000E-7	2.141875E-2
1.671500E-7	2.137593E-2
1.672000E-7	2.133996E-2
1.672500E-7	2.130570E-2
1.673000E-7	2.129542E-2
1.673500E-7	2.132797E-2
1.674000E-7	2.138621E-2
1.674500E-7	2.142903E-2
1.675000E-7	2.147014E-2
1.675500E-7	2.153695E-2
1.676000E-7	2.161403E-2
1.676500E-7	2.167398E-2
1.677000E-7	2.172366E-2
1.677500E-7	2.179218E-2
1.678000E-7	2.185555E-2
1.678500E-7	2.189324E-2
1.679000E-7	2.191551E-2
1.679500E-7	2.193435E-2
1.680000E-7	2.190694E-2
1.680500E-7	2.185042E-2
1.681000E-7	2.181616E-2
1.681500E-7	2.181273E-2
1.682000E-7	2.179389E-2
1.682500E-7	2.178532E-2
1.683000E-7	2.179046E-2
1.683500E-7	2.179560E-2
1.684000E-7	2.178875E-2
1.684500E-7	2.178190E-2
1.685000E-7	2.176306E-2
1.685500E-7	2.172708E-2
1.686000E-7	2.169625E-2
1.686500E-7	2.167741E-2
1.687000E-7	2.166713E-2
1.687500E-7	2.166370E-2
1.688000E-7	2.162431E-2
1.688500E-7	2.155065E-2
1.689000E-7	2.147185E-2
1.689500E-7	2.142218E-2
1.690000E-7	2.140334E-2
1.690500E-7	2.142047E-2
1.691000E-7	2.148898E-2
1.691500E-7	2.158662E-2
1.692000E-7	2.166028E-2
1.692500E-7	2.170995E-2
1.693000E-7	2.175106E-2
1.693500E-7	2.175963E-2
1.694000E-7	2.172023E-2
1.694500E-7	2.166713E-2
1.695000E-7	2.161574E-2
1.695500E-7	2.151639E-2
1.696000E-7	2.135880E-2
1.696500E-7	2.119264E-2
1.697000E-7	2.106760E-2
1.697500E-7	2.096139E-2
1.698000E-7	2.087746E-2
1.698500E-7	2.084320E-2
1.699000E-7	2.087232E-2
1.699500E-7	2.093913E-2
1.700000E-7	2.102477E-2
1.700500E-7	2.114125E-2
1.701000E-7	2.129542E-2
1.701500E-7	2.145130E-2
1.702000E-7	2.157806E-2
1.702500E-7	2.167912E-2
1.703000E-7	2.174935E-2
1.703500E-7	2.178361E-2
1.704000E-7	2.180245E-2
1.704500E-7	2.180417E-2
1.705000E-7	2.178190E-2
1.705500E-7	2.172880E-2
1.706000E-7	2.167569E-2
1.706500E-7	2.162773E-2
1.707000E-7	2.157977E-2
1.707500E-7	2.153181E-2
1.708000E-7	2.146329E-2
1.708500E-7	2.135709E-2
1.709000E-7	2.121491E-2
1.709500E-7	2.108473E-2
1.710000E-7	2.097510E-2
1.710500E-7	2.085519E-2
1.711000E-7	2.076612E-2
1.711500E-7	2.073015E-2
1.712000E-7	2.071473E-2
1.712500E-7	2.071987E-2
1.713000E-7	2.076269E-2
1.713500E-7	2.084663E-2
1.714000E-7	2.089802E-2
1.714500E-7	2.091001E-2
1.715000E-7	2.091686E-2
1.715500E-7	2.090144E-2
1.716000E-7	2.084149E-2
1.716500E-7	2.077126E-2
1.717000E-7	2.071302E-2
1.717500E-7	2.062566E-2
1.718000E-7	2.052288E-2
1.718500E-7	2.045094E-2
1.719000E-7	2.041325E-2
1.719500E-7	2.037728E-2
1.720000E-7	2.036015E-2
1.720500E-7	2.039612E-2
1.721000E-7	2.046293E-2
1.721500E-7	2.053487E-2
1.722000E-7	2.060510E-2
1.722500E-7	2.067876E-2
1.723000E-7	2.072501E-2
1.723500E-7	2.073357E-2
1.724000E-7	2.072501E-2
1.724500E-7	2.071130E-2
1.725000E-7	2.068732E-2
1.725500E-7	2.064107E-2
1.726000E-7	2.059654E-2
1.726500E-7	2.055371E-2
1.727000E-7	2.051603E-2
1.727500E-7	2.049033E-2
1.728000E-7	2.047663E-2
1.728500E-7	2.046807E-2
1.729000E-7	2.048348E-2
1.729500E-7	2.052631E-2
1.730000E-7	2.057941E-2
1.730500E-7	2.065649E-2
1.731000E-7	2.075241E-2
1.731500E-7	2.084149E-2
1.732000E-7	2.091343E-2
1.732500E-7	2.096996E-2
1.733000E-7	2.100593E-2
1.733500E-7	2.100593E-2
1.734000E-7	2.096311E-2
1.734500E-7	2.091686E-2
1.735000E-7	2.089459E-2
1.735500E-7	2.089459E-2
1.736000E-7	2.090487E-2
1.736500E-7	2.091857E-2
1.737000E-7	2.091515E-2
1.737500E-7	2.090829E-2
1.738000E-7	2.091857E-2
1.738500E-7	2.092714E-2
1.739000E-7	2.090144E-2
1.739500E-7	2.085177E-2
1.740000E-7	2.079353E-2
1.740500E-7	2.071130E-2
1.741000E-7	2.061880E-2
1.741500E-7	2.054857E-2
1.742000E-7	2.050232E-2
1.742500E-7	2.045607E-2
1.743000E-7	2.043038E-2
1.743500E-7	2.043381E-2
1.744000E-7	2.045950E-2
1.744500E-7	2.048006E-2
1.745000E-7	2.049205E-2
1.745500E-7	2.050404E-2
1.746000E-7	2.050232E-2
1.746500E-7	2.045779E-2
1.747000E-7	2.038413E-2
1.747500E-7	2.029848E-2
1.748000E-7	2.018200E-2
1.748500E-7	2.004154E-2
1.749000E-7	1.989765E-2
1.749500E-7	1.976404E-2
1.750000E-7	1.962358E-2
1.750500E-7	1.949682E-2
1.751000E-7	1.938548E-2
1.751500E-7	1.926386E-2
1.752000E-7	1.915423E-2
1.752500E-7	1.910284E-2
1.753000E-7	1.910970E-2
1.753500E-7	1.915423E-2
1.754000E-7	1.925701E-2
1.754500E-7	1.938205E-2
1.755000E-7	1.950196E-2
1.755500E-7	1.962701E-2
1.756000E-7	1.976576E-2
1.756500E-7	1.988566E-2
1.757000E-7	1.999872E-2
1.757500E-7	2.011691E-2
1.758000E-7	2.020770E-2
1.758500E-7	2.023168E-2
1.759000E-7	2.019913E-2
1.759500E-7	2.013575E-2
1.760000E-7	2.006552E-2
1.760500E-7	2.000386E-2
1.761000E-7	1.994219E-2
1.761500E-7	1.989594E-2
1.762000E-7	1.988566E-2
1.762500E-7	1.991478E-2
1.763000E-7	1.996617E-2
1.763500E-7	2.004839E-2
1.764000E-7	2.015117E-2
1.764500E-7	2.025223E-2
1.765000E-7	2.033274E-2
1.765500E-7	2.038927E-2
1.766000E-7	2.039783E-2
1.766500E-7	2.038242E-2
1.767000E-7	2.035672E-2
1.767500E-7	2.029848E-2
1.768000E-7	2.019057E-2
1.768500E-7	2.007409E-2
1.769000E-7	1.997816E-2
1.769500E-7	1.990108E-2
1.770000E-7	1.983427E-2
1.770500E-7	1.978802E-2
1.771000E-7	1.976576E-2
1.771500E-7	1.976233E-2
1.772000E-7	1.976576E-2
1.772500E-7	1.975034E-2
1.773000E-7	1.972122E-2
1.773500E-7	1.970238E-2
1.774000E-7	1.967840E-2
1.774500E-7	1.964756E-2
1.775000E-7	1.964242E-2
1.775500E-7	1.966127E-2
1.776000E-7	1.967840E-2
1.776500E-7	1.969381E-2
1.777000E-7	1.973321E-2
1.777500E-7	1.978631E-2
1.778000E-7	1.984626E-2
1.778500E-7	1.992849E-2
1.779000E-7	2.003640E-2
1.779500E-7	2.012548E-2
1.780000E-7	2.019057E-2
1.780500E-7	2.026080E-2
1.781000E-7	2.033445E-2
1.781500E-7	2.035672E-2
1.782000E-7	2.032075E-2
1.782500E-7	2.027964E-2
1.783000E-7	2.024881E-2
1.783500E-7	2.019571E-2
1.784000E-7	2.011691E-2
1.784500E-7	2.002955E-2
1.785000E-7	1.995589E-2
1.785500E-7	1.988052E-2
1.786000E-7	1.978117E-2
1.786500E-7	1.967840E-2
1.787000E-7	1.960474E-2
1.787500E-7	1.954478E-2
1.788000E-7	1.947284E-2
1.788500E-7	1.939576E-2
1.789000E-7	1.934951E-2
1.789500E-7	1.932553E-2
1.790000E-7	1.931696E-2
1.790500E-7	1.932895E-2
1.791000E-7	1.935807E-2
1.791500E-7	1.939747E-2
1.792000E-7	1.945229E-2
1.792500E-7	1.953965E-2
1.793000E-7	1.966469E-2
1.793500E-7	1.981886E-2
1.794000E-7	1.997816E-2
1.794500E-7	2.010663E-2
1.795000E-7	2.019742E-2
1.795500E-7	2.026765E-2
1.796000E-7	2.032589E-2
1.796500E-7	2.034473E-2
1.797000E-7	2.032246E-2
1.797500E-7	2.026251E-2
1.798000E-7	2.017858E-2
1.798500E-7	2.008436E-2
1.799000E-7	2.000386E-2
1.799500E-7	1.993020E-2
1.800000E-7	1.986511E-2
1.800500E-7	1.980001E-2
1.801000E-7	1.972293E-2
1.801500E-7	1.966298E-2
1.802000E-7	1.964756E-2
1.802500E-7	1.965613E-2
1.803000E-7	1.967668E-2
1.803500E-7	1.972807E-2
1.804000E-7	1.980001E-2
1.804500E-7	1.985140E-2
1.805000E-7	1.985825E-2
1.805500E-7	1.984455E-2
1.806000E-7	1.983256E-2
1.806500E-7	1.983085E-2
1.807000E-7	1.984284E-2
1.807500E-7	1.984626E-2
1.808000E-7	1.983085E-2
1.808500E-7	1.980173E-2
1.809000E-7	1.975719E-2
1.809500E-7	1.970066E-2
1.810000E-7	1.966469E-2
1.810500E-7	1.964585E-2
1.811000E-7	1.961330E-2
1.811500E-7	1.957219E-2
1.812000E-7	1.955164E-2
1.812500E-7	1.955849E-2
1.813000E-7	1.958076E-2
1.813500E-7	1.961330E-2
1.814000E-7	1.965613E-2
1.814500E-7	1.967154E-2
1.815000E-7	1.966127E-2
1.815500E-7	1.964756E-2
1.816000E-7	1.963043E-2
1.816500E-7	1.961502E-2
1.817000E-7	1.962015E-2
1.817500E-7	1.962015E-2
1.818000E-7	1.958076E-2
1.818500E-7	1.954136E-2
1.819000E-7	1.952594E-2
1.819500E-7	1.950367E-2
1.820000E-7	1.947455E-2
1.820500E-7	1.947284E-2
1.821000E-7	1.948826E-2
1.821500E-7	1.949340E-2
1.822000E-7	1.952594E-2
1.822500E-7	1.958761E-2
1.823000E-7	1.963900E-2
1.823500E-7	1.965270E-2
1.824000E-7	1.965955E-2
1.824500E-7	1.963900E-2
1.825000E-7	1.958418E-2
1.825500E-7	1.953108E-2
1.826000E-7	1.948997E-2
1.826500E-7	1.944543E-2
1.827000E-7	1.939576E-2
1.827500E-7	1.934780E-2
1.828000E-7	1.927928E-2
1.828500E-7	1.921076E-2
1.829000E-7	1.919877E-2
1.829500E-7	1.922446E-2
1.830000E-7	1.922104E-2
1.830500E-7	1.919706E-2
1.831000E-7	1.916794E-2
1.831500E-7	1.913539E-2
1.832000E-7	1.908914E-2
1.832500E-7	1.903946E-2
1.833000E-7	1.897609E-2
1.833500E-7	1.889729E-2
1.834000E-7	1.882192E-2
1.834500E-7	1.876539E-2
1.835000E-7	1.871914E-2
1.835500E-7	1.869516E-2
1.836000E-7	1.870373E-2
1.836500E-7	1.873970E-2
1.837000E-7	1.878937E-2
1.837500E-7	1.884419E-2
1.838000E-7	1.889386E-2
1.838500E-7	1.892298E-2
1.839000E-7	1.895039E-2
1.839500E-7	1.899493E-2
1.840000E-7	1.904974E-2
1.840500E-7	1.909257E-2
1.841000E-7	1.912683E-2
1.841500E-7	1.919192E-2
1.842000E-7	1.929469E-2
1.842500E-7	1.941974E-2
1.843000E-7	1.955506E-2
1.843500E-7	1.966640E-2
1.844000E-7	1.972807E-2
1.844500E-7	1.974863E-2
1.845000E-7	1.973321E-2
1.845500E-7	1.968011E-2
1.846000E-7	1.960131E-2
1.846500E-7	1.952937E-2
1.847000E-7	1.946256E-2
1.847500E-7	1.940775E-2
1.848000E-7	1.938205E-2
1.848500E-7	1.937692E-2
1.849000E-7	1.935465E-2
1.849500E-7	1.932724E-2
1.850000E-7	1.931182E-2
1.850500E-7	1.928956E-2
1.851000E-7	1.923474E-2
1.851500E-7	1.915081E-2
1.852000E-7	1.906002E-2
1.852500E-7	1.896752E-2
1.853000E-7	1.885104E-2
1.853500E-7	1.869174E-2
1.854000E-7	1.851873E-2
1.854500E-7	1.838512E-2
1.855000E-7	1.828063E-2
1.855500E-7	1.821040E-2
1.856000E-7	1.821382E-2
1.856500E-7	1.828748E-2
1.857000E-7	1.839882E-2
1.857500E-7	1.852729E-2
1.858000E-7	1.866947E-2
1.858500E-7	1.880479E-2
1.859000E-7	1.891271E-2
1.859500E-7	1.898808E-2
1.860000E-7	1.900692E-2
1.860500E-7	1.898808E-2
1.861000E-7	1.897951E-2
1.861500E-7	1.897095E-2
1.862000E-7	1.892812E-2
1.862500E-7	1.887673E-2
1.863000E-7	1.882706E-2
1.863500E-7	1.878424E-2
1.864000E-7	1.874655E-2
1.864500E-7	1.872771E-2
1.865000E-7	1.873113E-2
1.865500E-7	1.874826E-2
1.866000E-7	1.877738E-2
1.866500E-7	1.879109E-2
1.867000E-7	1.878595E-2
1.867500E-7	1.877224E-2
1.868000E-7	1.877567E-2
1.868500E-7	1.879623E-2
1.869000E-7	1.885447E-2
1.869500E-7	1.894183E-2
1.870000E-7	1.901720E-2
1.870500E-7	1.907544E-2
1.871000E-7	1.914395E-2
1.871500E-7	1.920219E-2
1.872000E-7	1.921076E-2
1.872500E-7	1.919877E-2
1.873000E-7	1.916622E-2
1.873500E-7	1.908743E-2
1.874000E-7	1.898122E-2
1.874500E-7	1.888016E-2
1.875000E-7	1.877910E-2
1.875500E-7	1.867289E-2
1.876000E-7	1.860266E-2
1.876500E-7	1.854271E-2
1.877000E-7	1.846220E-2
1.877500E-7	1.841595E-2
1.878000E-7	1.842452E-2
1.878500E-7	1.843822E-2
1.879000E-7	1.846049E-2
1.879500E-7	1.852215E-2
1.880000E-7	1.860951E-2
1.880500E-7	1.869516E-2
1.881000E-7	1.877567E-2
1.881500E-7	1.886132E-2
1.882000E-7	1.895039E-2
1.882500E-7	1.903604E-2
1.883000E-7	1.910798E-2
1.883500E-7	1.916108E-2
1.884000E-7	1.921076E-2
1.884500E-7	1.923474E-2
1.885000E-7	1.920733E-2
1.885500E-7	1.914053E-2
1.886000E-7	1.904974E-2
1.886500E-7	1.895553E-2
1.887000E-7	1.887845E-2
1.887500E-7	1.882021E-2
1.888000E-7	1.876368E-2
1.888500E-7	1.875169E-2
1.889000E-7	1.878595E-2
1.889500E-7	1.880822E-2
1.890000E-7	1.878252E-2
1.890500E-7	1.875169E-2
1.891000E-7	1.872599E-2
1.891500E-7	1.865576E-2
1.892000E-7	1.856669E-2
1.892500E-7	1.849989E-2
1.893000E-7	1.843651E-2
1.893500E-7	1.835942E-2
1.894000E-7	1.830118E-2
1.894500E-7	1.830118E-2
1.895000E-7	1.834229E-2
1.895500E-7	1.841081E-2
1.896000E-7	1.850331E-2
1.896500E-7	1.860951E-2
1.897000E-7	1.870715E-2
1.897500E-7	1.877567E-2
1.898000E-7	1.880650E-2
1.898500E-7	1.879965E-2
1.899000E-7	1.877738E-2
1.899500E-7	1.872771E-2
1.900000E-7	1.866090E-2
1.900500E-7	1.859238E-2
1.901000E-7	1.850160E-2
1.901500E-7	1.839197E-2
1.902000E-7	1.832174E-2
1.902500E-7	1.827720E-2
1.903000E-7	1.822581E-2
1.903500E-7	1.818642E-2
1.904000E-7	1.820868E-2
1.904500E-7	1.826521E-2
1.905000E-7	1.832688E-2
1.905500E-7	1.840739E-2
1.906000E-7	1.850502E-2
1.906500E-7	1.855470E-2
1.907000E-7	1.857526E-2
1.907500E-7	1.858039E-2
1.908000E-7	1.855127E-2
1.908500E-7	1.849817E-2
1.909000E-7	1.846220E-2
1.909500E-7	1.845535E-2
1.910000E-7	1.845364E-2
1.910500E-7	1.844507E-2
1.911000E-7	1.843993E-2
1.911500E-7	1.843993E-2
1.912000E-7	1.847933E-2
1.912500E-7	1.853586E-2
1.913000E-7	1.857868E-2
1.913500E-7	1.859410E-2
1.914000E-7	1.859410E-2
1.914500E-7	1.857012E-2
1.915000E-7	1.851359E-2
1.915500E-7	1.845192E-2
1.916000E-7	1.838512E-2
1.916500E-7	1.830804E-2
1.917000E-7	1.821040E-2
1.917500E-7	1.812475E-2
1.918000E-7	1.807336E-2
1.918500E-7	1.803739E-2
1.919000E-7	1.799799E-2
1.919500E-7	1.797230E-2
1.920000E-7	1.798429E-2
1.920500E-7	1.803396E-2
1.921000E-7	1.811961E-2
1.921500E-7	1.822239E-2
1.922000E-7	1.831660E-2
1.922500E-7	1.839197E-2
1.923000E-7	1.844850E-2
1.923500E-7	1.846220E-2
1.924000E-7	1.843651E-2
1.924500E-7	1.840910E-2
1.925000E-7	1.838683E-2
1.925500E-7	1.834058E-2
1.926000E-7	1.828919E-2
1.926500E-7	1.826350E-2
1.927000E-7	1.826350E-2
1.927500E-7	1.825665E-2
1.928000E-7	1.824466E-2
1.928500E-7	1.826350E-2
1.929000E-7	1.829776E-2
1.929500E-7	1.832003E-2
1.930000E-7	1.832003E-2
1.930500E-7	1.830461E-2
1.931000E-7	1.826007E-2
1.931500E-7	1.820012E-2
1.932000E-7	1.814530E-2
1.932500E-7	1.810077E-2
1.933000E-7	1.806822E-2
1.933500E-7	1.803910E-2
1.934000E-7	1.802711E-2
1.934500E-7	1.804081E-2
1.935000E-7	1.806651E-2
1.935500E-7	1.807850E-2
1.936000E-7	1.808706E-2
1.936500E-7	1.813331E-2
1.937000E-7	1.819327E-2
1.937500E-7	1.823095E-2
1.938000E-7	1.825151E-2
1.938500E-7	1.827206E-2
1.939000E-7	1.826692E-2
1.939500E-7	1.823780E-2
1.940000E-7	1.820697E-2
1.940500E-7	1.815558E-2
1.941000E-7	1.808193E-2
1.941500E-7	1.802882E-2
1.942000E-7	1.800998E-2
1.942500E-7	1.798943E-2
1.943000E-7	1.795859E-2
1.943500E-7	1.794318E-2
1.944000E-7	1.792262E-2
1.944500E-7	1.788836E-2
1.945000E-7	1.784896E-2
1.945500E-7	1.781299E-2
1.946000E-7	1.779415E-2
1.946500E-7	1.779758E-2
1.947000E-7	1.781299E-2
1.947500E-7	1.782327E-2
1.948000E-7	1.784211E-2
1.948500E-7	1.787808E-2
1.949000E-7	1.791748E-2
1.949500E-7	1.795174E-2
1.950000E-7	1.797401E-2
1.950500E-7	1.797401E-2
1.951000E-7	1.796887E-2
1.951500E-7	1.796887E-2
1.952000E-7	1.794146E-2
1.952500E-7	1.788494E-2
1.953000E-7	1.782327E-2
1.953500E-7	1.775989E-2
1.954000E-7	1.768110E-2
1.954500E-7	1.761258E-2
1.955000E-7	1.758003E-2
1.955500E-7	1.756975E-2
1.956000E-7	1.757318E-2
1.956500E-7	1.762799E-2
1.957000E-7	1.771535E-2
1.957500E-7	1.779929E-2
1.958000E-7	1.787295E-2
1.958500E-7	1.796545E-2
1.959000E-7	1.805623E-2
1.959500E-7	1.811276E-2
1.960000E-7	1.813845E-2
1.960500E-7	1.812475E-2
1.961000E-7	1.805966E-2
1.961500E-7	1.796887E-2
1.962000E-7	1.789521E-2
1.962500E-7	1.783183E-2
1.963000E-7	1.775818E-2
1.963500E-7	1.771707E-2
1.964000E-7	1.773934E-2
1.964500E-7	1.780271E-2
1.965000E-7	1.790720E-2
1.965500E-7	1.806993E-2
1.966000E-7	1.827035E-2
1.966500E-7	1.847590E-2
1.967000E-7	1.865063E-2
1.967500E-7	1.877396E-2
1.968000E-7	1.885960E-2
1.968500E-7	1.888530E-2
1.969000E-7	1.880822E-2
1.969500E-7	1.865576E-2
1.970000E-7	1.848276E-2
1.970500E-7	1.828748E-2
1.971000E-7	1.805109E-2
1.971500E-7	1.783869E-2
1.972000E-7	1.769137E-2
1.972500E-7	1.755776E-2
1.973000E-7	1.744128E-2
1.973500E-7	1.737276E-2
1.974000E-7	1.734707E-2
1.974500E-7	1.732480E-2
1.975000E-7	1.730939E-2
1.975500E-7	1.730425E-2
1.976000E-7	1.729739E-2
1.976500E-7	1.728369E-2
1.977000E-7	1.724943E-2
1.977500E-7	1.716892E-2
1.978000E-7	1.706957E-2
1.978500E-7	1.698392E-2
1.979000E-7	1.692226E-2
1.979500E-7	1.685374E-2
1.980000E-7	1.680578E-2
1.980500E-7	1.682291E-2
1.981000E-7	1.688286E-2
1.981500E-7	1.692226E-2
1.982000E-7	1.694110E-2
1.982500E-7	1.697193E-2
1.983000E-7	1.702161E-2
1.983500E-7	1.706272E-2
1.984000E-7	1.709527E-2
1.984500E-7	1.714152E-2
1.985000E-7	1.717920E-2
1.985500E-7	1.718263E-2
1.986000E-7	1.717920E-2
1.986500E-7	1.716550E-2
1.987000E-7	1.712610E-2
1.987500E-7	1.706272E-2
1.988000E-7	1.701818E-2
1.988500E-7	1.701476E-2
1.989000E-7	1.703189E-2
1.989500E-7	1.707300E-2
1.990000E-7	1.714323E-2
1.990500E-7	1.722888E-2
1.991000E-7	1.731110E-2
1.991500E-7	1.738818E-2
1.992000E-7	1.744985E-2
1.992500E-7	1.747212E-2
1.993000E-7	1.745499E-2
1.993500E-7	1.740188E-2
1.994000E-7	1.731795E-2
1.994500E-7	1.718263E-2
1.995000E-7	1.702161E-2
1.995500E-7	1.686402E-2
1.996000E-7	1.672698E-2
1.996500E-7	1.660365E-2
1.997000E-7	1.649573E-2
1.997500E-7	1.642379E-2
1.998000E-7	1.641694E-2
1.998500E-7	1.646490E-2
1.999000E-7	1.655055E-2
1.999500E-7	1.665846E-2
2.000000E-7	1.679207E-2
