Study Name	PremaTech_CVD_SiC_HeandSi
Sample Name	2025-10-15
Run Name	spot04
Operator	Keshav
Date	10/15/2025
Time	18:34
Sign	FIX
Grating Spacing	06.40um
Channel	3
Number Traces	10000
Files in Batch	1
Batch Number	31
dt	50.000001E-12
time stamp (ms)	7:08:02 PM
	
Time	Amplitude
0.000000E+0	1.372848E-5
5.000000E-11	-2.566938E-5
1.000000E-10	-6.678018E-5
1.500000E-10	-1.301593E-4
2.000000E-10	-2.021032E-4
2.500000E-10	-2.740471E-4
3.000000E-10	-3.459910E-4
3.500000E-10	-3.956666E-4
4.000000E-10	-4.247867E-4
4.500000E-10	-4.590457E-4
5.000000E-10	-4.761752E-4
5.500000E-10	-4.487680E-4
6.000000E-10	-3.888148E-4
6.500000E-10	-3.185838E-4
7.000000E-10	-2.654824E-4
7.500000E-10	-2.449270E-4
8.000000E-10	-2.432140E-4
8.500000E-10	-2.346493E-4
9.000000E-10	-2.260845E-4
9.500000E-10	-2.397881E-4
1.000000E-9	-2.534917E-4
1.050000E-9	-2.380752E-4
1.100000E-9	-2.089550E-4
1.150000E-9	-1.849737E-4
1.200000E-9	-1.318723E-4
1.250000E-9	-4.793773E-5
1.300000E-9	2.914503E-5
1.350000E-9	1.113666E-4
1.400000E-9	2.072918E-4
1.450000E-9	2.997911E-4
1.500000E-9	3.597444E-4
1.550000E-9	3.802998E-4
1.600000E-9	3.563185E-4
1.650000E-9	2.758098E-4
1.700000E-9	1.678940E-4
1.750000E-9	6.511698E-5
1.800000E-9	-3.766003E-5
1.850000E-9	-1.609924E-4
1.900000E-9	-3.083061E-4
1.950000E-9	-4.556198E-4
2.000000E-9	-5.858040E-4
2.050000E-9	-6.971458E-4
2.100000E-9	-7.862192E-4
2.150000E-9	-8.290430E-4
2.200000E-9	-8.273300E-4
2.250000E-9	-7.930710E-4
2.300000E-9	-7.519602E-4
2.350000E-9	-7.177012E-4
2.400000E-9	-6.834422E-4
2.450000E-9	-6.474702E-4
2.500000E-9	-6.029335E-4
2.550000E-9	-5.549709E-4
2.600000E-9	-5.224249E-4
2.650000E-9	-5.035824E-4
2.700000E-9	-4.658975E-4
2.750000E-9	-4.162220E-4
2.800000E-9	-3.768241E-4
2.850000E-9	-3.562687E-4
2.900000E-9	-3.374263E-4
2.950000E-9	-3.254356E-4
3.000000E-9	-3.374263E-4
3.050000E-9	-3.716853E-4
3.100000E-9	-4.127961E-4
3.150000E-9	-4.521939E-4
3.200000E-9	-5.121472E-4
3.250000E-9	-6.149242E-4
3.300000E-9	-7.057105E-4
3.350000E-9	-7.570990E-4
3.400000E-9	-7.999228E-4
3.450000E-9	-8.513113E-4
3.500000E-9	-8.581631E-4
3.550000E-9	-8.067746E-4
3.600000E-9	-7.365436E-4
3.650000E-9	-6.474702E-4
3.700000E-9	-5.207119E-4
3.750000E-9	-3.939536E-4
3.800000E-9	-3.202968E-4
3.850000E-9	-3.048802E-4
3.900000E-9	-3.202968E-4
3.950000E-9	-3.614076E-4
4.000000E-9	-4.453421E-4
4.050000E-9	-5.703875E-4
4.100000E-9	-7.091364E-4
4.150000E-9	-8.530243E-4
4.200000E-9	-9.814955E-4
4.250000E-9	-1.082560E-3
4.300000E-9	-1.130522E-3
4.350000E-9	-1.113393E-3
4.400000E-9	-1.046588E-3
4.450000E-9	-9.660790E-4
4.500000E-9	-8.701538E-4
4.550000E-9	-7.245530E-4
4.600000E-9	-5.464062E-4
4.650000E-9	-3.802500E-4
4.700000E-9	-2.329363E-4
4.750000E-9	-8.562263E-5
4.800000E-9	4.798748E-5
4.850000E-9	1.456256E-4
4.900000E-9	2.158566E-4
4.950000E-9	2.672451E-4
5.000000E-9	2.758098E-4
5.050000E-9	2.312731E-4
5.100000E-9	1.541904E-4
5.150000E-9	6.340403E-5
5.200000E-9	-4.279888E-5
5.250000E-9	-1.832608E-4
5.300000E-9	-3.477040E-4
5.350000E-9	-4.933047E-4
5.400000E-9	-6.029335E-4
5.450000E-9	-6.817292E-4
5.500000E-9	-7.177012E-4
5.550000E-9	-7.022846E-4
5.600000E-9	-6.594609E-4
5.650000E-9	-6.200630E-4
5.700000E-9	-5.755263E-4
5.750000E-9	-5.087213E-4
5.800000E-9	-4.333515E-4
5.850000E-9	-3.614076E-4
5.900000E-9	-2.911766E-4
5.950000E-9	-2.243716E-4
6.000000E-9	-1.644183E-4
6.050000E-9	-1.233075E-4
6.100000E-9	-9.932623E-5
6.150000E-9	-9.076148E-5
6.200000E-9	-8.904853E-5
6.250000E-9	-9.418738E-5
6.300000E-9	-1.113169E-4
6.350000E-9	-1.301593E-4
6.400000E-9	-1.541406E-4
6.450000E-9	-1.746960E-4
6.500000E-9	-2.038162E-4
6.550000E-9	-2.586306E-4
6.600000E-9	-3.220097E-4
6.650000E-9	-3.768241E-4
6.700000E-9	-4.162220E-4
6.750000E-9	-4.453421E-4
6.800000E-9	-4.624716E-4
6.850000E-9	-4.590457E-4
6.900000E-9	-4.470551E-4
6.950000E-9	-4.384903E-4
7.000000E-9	-4.316385E-4
7.050000E-9	-4.196479E-4
7.100000E-9	-3.973795E-4
7.150000E-9	-3.699723E-4
7.200000E-9	-3.391392E-4
7.250000E-9	-3.031673E-4
7.300000E-9	-2.552047E-4
7.350000E-9	-2.089550E-4
7.400000E-9	-1.661313E-4
7.450000E-9	-1.250205E-4
7.500000E-9	-8.390968E-5
7.550000E-9	-4.279888E-5
7.600000E-9	-3.401025E-6
7.650000E-9	3.770978E-5
7.700000E-9	5.826518E-5
7.750000E-9	4.113568E-5
7.800000E-9	1.030257E-5
7.850000E-9	6.876675E-6
7.900000E-9	2.487468E-8
7.950000E-9	-3.423413E-5
8.000000E-9	-4.965068E-5
8.050000E-9	-3.937298E-5
8.100000E-9	-5.478953E-5
8.150000E-9	-1.044651E-4
8.200000E-9	-1.541406E-4
8.250000E-9	-2.003903E-4
8.300000E-9	-2.654824E-4
8.350000E-9	-3.288615E-4
8.400000E-9	-3.682594E-4
8.450000E-9	-3.836759E-4
8.500000E-9	-3.939536E-4
8.550000E-9	-4.162220E-4
8.600000E-9	-4.367774E-4
8.650000E-9	-4.264997E-4
8.700000E-9	-3.956666E-4
8.750000E-9	-3.802500E-4
8.800000E-9	-3.648335E-4
8.850000E-9	-3.185838E-4
8.900000E-9	-2.603435E-4
8.950000E-9	-1.866867E-4
9.000000E-9	-1.027521E-4
9.050000E-9	-1.367873E-5
9.100000E-9	5.997813E-5
9.150000E-9	1.182184E-4
9.200000E-9	1.559033E-4
9.250000E-9	1.644681E-4
9.300000E-9	1.353479E-4
9.350000E-9	6.340403E-5
9.400000E-9	-5.650248E-5
9.450000E-9	-2.003903E-4
9.500000E-9	-3.596946E-4
9.550000E-9	-5.327026E-4
9.600000E-9	-6.731645E-4
9.650000E-9	-7.399695E-4
9.700000E-9	-7.399695E-4
9.750000E-9	-6.954328E-4
9.800000E-9	-5.840911E-4
9.850000E-9	-4.282126E-4
9.900000E-9	-2.706212E-4
9.950000E-9	-1.284464E-4
1.000000E-8	-5.113975E-6
1.005000E-8	5.483928E-5
1.010000E-8	3.599683E-5
1.015000E-8	-2.909528E-5
1.020000E-8	-1.421500E-4
1.025000E-8	-3.083061E-4
1.030000E-8	-4.796011E-4
1.035000E-8	-6.337666E-4
1.040000E-8	-7.690897E-4
1.045000E-8	-8.838574E-4
1.050000E-8	-9.609401E-4
1.055000E-8	-9.866344E-4
1.060000E-8	-9.609401E-4
1.065000E-8	-8.941351E-4
1.070000E-8	-7.999228E-4
1.075000E-8	-6.748774E-4
1.080000E-8	-5.378414E-4
1.085000E-8	-4.350644E-4
1.090000E-8	-3.665464E-4
1.095000E-8	-3.048802E-4
1.100000E-8	-2.740471E-4
1.105000E-8	-3.031673E-4
1.110000E-8	-3.665464E-4
1.115000E-8	-4.162220E-4
1.120000E-8	-4.402033E-4
1.125000E-8	-4.333515E-4
1.130000E-8	-4.008054E-4
1.135000E-8	-3.494169E-4
1.140000E-8	-2.774730E-4
1.145000E-8	-1.798349E-4
1.150000E-8	-6.335428E-5
1.155000E-8	5.655223E-5
1.160000E-8	1.867364E-4
1.165000E-8	2.843746E-4
1.170000E-8	3.152077E-4
1.175000E-8	2.723839E-4
1.180000E-8	1.833105E-4
1.185000E-8	7.025583E-5
1.190000E-8	-2.566938E-5
1.195000E-8	-8.048378E-5
1.200000E-8	-8.904853E-5
1.205000E-8	-5.478953E-5
1.210000E-8	1.372848E-5
1.215000E-8	9.937598E-5
1.220000E-8	1.970141E-4
1.225000E-8	3.032170E-4
1.230000E-8	3.922904E-4
1.235000E-8	4.316883E-4
1.240000E-8	4.214106E-4
1.245000E-8	3.734480E-4
1.250000E-8	2.878005E-4
1.255000E-8	1.627551E-4
1.260000E-8	1.372848E-5
1.265000E-8	-1.472888E-4
1.270000E-8	-3.031673E-4
1.275000E-8	-4.367774E-4
1.280000E-8	-5.292767E-4
1.285000E-8	-5.789522E-4
1.290000E-8	-5.977947E-4
1.295000E-8	-6.029335E-4
1.300000E-8	-6.097853E-4
1.305000E-8	-6.320537E-4
1.310000E-8	-6.783033E-4
1.315000E-8	-7.399695E-4
1.320000E-8	-8.067746E-4
1.325000E-8	-8.787185E-4
1.330000E-8	-9.523754E-4
1.335000E-8	-9.832085E-4
1.340000E-8	-9.609401E-4
1.345000E-8	-9.249682E-4
1.350000E-8	-8.701538E-4
1.355000E-8	-7.845062E-4
1.360000E-8	-6.885810E-4
1.365000E-8	-5.892299E-4
1.370000E-8	-4.744623E-4
1.375000E-8	-3.631205E-4
1.380000E-8	-2.723342E-4
1.385000E-8	-1.781219E-4
1.390000E-8	-9.932623E-5
1.395000E-8	-9.247443E-5
1.400000E-8	-1.078910E-4
1.405000E-8	-8.904853E-5
1.410000E-8	-6.164133E-5
1.415000E-8	-6.164133E-5
1.420000E-8	-4.108593E-5
1.425000E-8	-5.113975E-6
1.430000E-8	-1.688075E-6
1.435000E-8	-1.367873E-5
1.440000E-8	8.589625E-6
1.445000E-8	2.058028E-5
1.450000E-8	6.876675E-6
1.455000E-8	6.876675E-6
1.460000E-8	1.886733E-5
1.465000E-8	-2.738233E-5
1.470000E-8	-1.335852E-4
1.475000E-8	-2.500658E-4
1.480000E-8	-3.699723E-4
1.485000E-8	-4.898788E-4
1.490000E-8	-5.926558E-4
1.495000E-8	-7.074235E-4
1.500000E-8	-8.615890E-4
1.505000E-8	-1.002051E-3
1.510000E-8	-1.087698E-3
1.515000E-8	-1.140800E-3
1.520000E-8	-1.149365E-3
1.525000E-8	-1.096263E-3
1.530000E-8	-9.969121E-4
1.535000E-8	-8.633020E-4
1.540000E-8	-6.885810E-4
1.545000E-8	-5.035824E-4
1.550000E-8	-3.442781E-4
1.555000E-8	-1.815478E-4
1.560000E-8	-1.196578E-5
1.565000E-8	1.079407E-4
1.570000E-8	1.507645E-4
1.575000E-8	1.284961E-4
1.580000E-8	5.655223E-5
1.585000E-8	-4.108593E-5
1.590000E-8	-1.318723E-4
1.595000E-8	-2.637694E-4
1.600000E-8	-4.470551E-4
1.605000E-8	-5.943688E-4
1.610000E-8	-6.577479E-4
1.615000E-8	-6.885810E-4
1.620000E-8	-7.159882E-4
1.625000E-8	-7.091364E-4
1.630000E-8	-6.526091E-4
1.635000E-8	-5.412673E-4
1.640000E-8	-4.059443E-4
1.645000E-8	-3.031673E-4
1.650000E-8	-2.569176E-4
1.655000E-8	-2.380752E-4
1.660000E-8	-2.517788E-4
1.665000E-8	-3.340004E-4
1.670000E-8	-4.487680E-4
1.675000E-8	-5.566839E-4
1.680000E-8	-6.834422E-4
1.685000E-8	-8.341818E-4
1.690000E-8	-9.420977E-4
1.695000E-8	-9.609401E-4
1.700000E-8	-9.335329E-4
1.705000E-8	-9.129775E-4
1.710000E-8	-8.855703E-4
1.715000E-8	-8.050616E-4
1.720000E-8	-6.851551E-4
1.725000E-8	-5.755263E-4
1.730000E-8	-4.830270E-4
1.735000E-8	-3.631205E-4
1.740000E-8	-2.277975E-4
1.745000E-8	-1.370111E-4
1.750000E-8	-1.027521E-4
1.755000E-8	-7.877083E-5
1.760000E-8	-8.219673E-5
1.765000E-8	-1.575665E-4
1.770000E-8	-2.706212E-4
1.775000E-8	-3.614076E-4
1.780000E-8	-4.145090E-4
1.785000E-8	-4.521939E-4
1.790000E-8	-4.384903E-4
1.795000E-8	-3.545558E-4
1.800000E-8	-1.935385E-4
1.805000E-8	9.423713E-5
1.810000E-8	5.738631E-4
1.815000E-8	1.260756E-3
1.820000E-8	2.160055E-3
1.825000E-8	3.341990E-3
1.830000E-8	4.852812E-3
1.835000E-8	6.694234E-3
1.840000E-8	8.903939E-3
1.845000E-8	1.151961E-2
1.850000E-8	1.448987E-2
1.855000E-8	1.778559E-2
1.860000E-8	2.145130E-2
1.865000E-8	2.546303E-2
1.870000E-8	2.969230E-2
1.875000E-8	3.406889E-2
1.880000E-8	3.852085E-2
1.885000E-8	4.285804E-2
1.890000E-8	4.690402E-2
1.895000E-8	5.053890E-2
1.900000E-8	5.364277E-2
1.905000E-8	5.608715E-2
1.910000E-8	5.782922E-2
1.915000E-8	5.893236E-2
1.920000E-8	5.943425E-2
1.925000E-8	5.941027E-2
1.930000E-8	5.906254E-2
1.935000E-8	5.857949E-2
1.940000E-8	5.799880E-2
1.945000E-8	5.732561E-2
1.950000E-8	5.668326E-2
1.955000E-8	5.611456E-2
1.960000E-8	5.559211E-2
1.965000E-8	5.516558E-2
1.970000E-8	5.493776E-2
1.975000E-8	5.492234E-2
1.980000E-8	5.506280E-2
1.985000E-8	5.537285E-2
1.990000E-8	5.581308E-2
1.995000E-8	5.628928E-2
2.000000E-8	5.676719E-2
2.005000E-8	5.724682E-2
2.010000E-8	5.765964E-2
2.015000E-8	5.786348E-2
2.020000E-8	5.779496E-2
2.025000E-8	5.749177E-2
2.030000E-8	5.702071E-2
2.035000E-8	5.650511E-2
2.040000E-8	5.587817E-2
2.045000E-8	5.519128E-2
2.050000E-8	5.458489E-2
2.055000E-8	5.417378E-2
2.060000E-8	5.393740E-2
2.065000E-8	5.382434E-2
2.070000E-8	5.384147E-2
2.075000E-8	5.401277E-2
2.080000E-8	5.425258E-2
2.085000E-8	5.454207E-2
2.090000E-8	5.488980E-2
2.095000E-8	5.528206E-2
2.100000E-8	5.564692E-2
2.105000E-8	5.599294E-2
2.110000E-8	5.628242E-2
2.115000E-8	5.641432E-2
2.120000E-8	5.636122E-2
2.125000E-8	5.617280E-2
2.130000E-8	5.586446E-2
2.135000E-8	5.540539E-2
2.140000E-8	5.486582E-2
2.145000E-8	5.436735E-2
2.150000E-8	5.395966E-2
2.155000E-8	5.368388E-2
2.160000E-8	5.353999E-2
2.165000E-8	5.350231E-2
2.170000E-8	5.355541E-2
2.175000E-8	5.370615E-2
2.180000E-8	5.388601E-2
2.185000E-8	5.406929E-2
2.190000E-8	5.428170E-2
2.195000E-8	5.455063E-2
2.200000E-8	5.486410E-2
2.205000E-8	5.521868E-2
2.210000E-8	5.553215E-2
2.215000E-8	5.574970E-2
2.220000E-8	5.584391E-2
2.225000E-8	5.580451E-2
2.230000E-8	5.557498E-2
2.235000E-8	5.519470E-2
2.240000E-8	5.472193E-2
2.245000E-8	5.423716E-2
2.250000E-8	5.376096E-2
2.255000E-8	5.334300E-2
2.260000E-8	5.301069E-2
2.265000E-8	5.278972E-2
2.270000E-8	5.265954E-2
2.275000E-8	5.263213E-2
2.280000E-8	5.270236E-2
2.285000E-8	5.285481E-2
2.290000E-8	5.305180E-2
2.295000E-8	5.330360E-2
2.300000E-8	5.361707E-2
2.305000E-8	5.397166E-2
2.310000E-8	5.430225E-2
2.315000E-8	5.454207E-2
2.320000E-8	5.461572E-2
2.325000E-8	5.457461E-2
2.330000E-8	5.444957E-2
2.335000E-8	5.421489E-2
2.340000E-8	5.384147E-2
2.345000E-8	5.340981E-2
2.350000E-8	5.300726E-2
2.355000E-8	5.268523E-2
2.360000E-8	5.240773E-2
2.365000E-8	5.213709E-2
2.370000E-8	5.197436E-2
2.375000E-8	5.198292E-2
2.380000E-8	5.212167E-2
2.385000E-8	5.228269E-2
2.390000E-8	5.245398E-2
2.395000E-8	5.268009E-2
2.400000E-8	5.294046E-2
2.405000E-8	5.315972E-2
2.410000E-8	5.337897E-2
2.415000E-8	5.360337E-2
2.420000E-8	5.374383E-2
2.425000E-8	5.373356E-2
2.430000E-8	5.359138E-2
2.435000E-8	5.334985E-2
2.440000E-8	5.301412E-2
2.445000E-8	5.267153E-2
2.450000E-8	5.236833E-2
2.455000E-8	5.210625E-2
2.460000E-8	5.190584E-2
2.465000E-8	5.180477E-2
2.470000E-8	5.176195E-2
2.475000E-8	5.173797E-2
2.480000E-8	5.177051E-2
2.485000E-8	5.189556E-2
2.490000E-8	5.206857E-2
2.495000E-8	5.227583E-2
2.500000E-8	5.253792E-2
2.505000E-8	5.280000E-2
2.510000E-8	5.304495E-2
2.515000E-8	5.329161E-2
2.520000E-8	5.349717E-2
2.525000E-8	5.357082E-2
2.530000E-8	5.353485E-2
2.535000E-8	5.348346E-2
2.540000E-8	5.337555E-2
2.545000E-8	5.316314E-2
2.550000E-8	5.291305E-2
2.555000E-8	5.269037E-2
2.560000E-8	5.248139E-2
2.565000E-8	5.230153E-2
2.570000E-8	5.216963E-2
2.575000E-8	5.211310E-2
2.580000E-8	5.210625E-2
2.585000E-8	5.214394E-2
2.590000E-8	5.221588E-2
2.595000E-8	5.235806E-2
2.600000E-8	5.255676E-2
2.605000E-8	5.278629E-2
2.610000E-8	5.302268E-2
2.615000E-8	5.323509E-2
2.620000E-8	5.343721E-2
2.625000E-8	5.355883E-2
2.630000E-8	5.360337E-2
2.635000E-8	5.358624E-2
2.640000E-8	5.353485E-2
2.645000E-8	5.341666E-2
2.650000E-8	5.322310E-2
2.655000E-8	5.300041E-2
2.660000E-8	5.280171E-2
2.665000E-8	5.264583E-2
2.670000E-8	5.253963E-2
2.675000E-8	5.247796E-2
2.680000E-8	5.245569E-2
2.685000E-8	5.245569E-2
2.690000E-8	5.250537E-2
2.695000E-8	5.262185E-2
2.700000E-8	5.278287E-2
2.705000E-8	5.292162E-2
2.710000E-8	5.302268E-2
2.715000E-8	5.314087E-2
2.720000E-8	5.327106E-2
2.725000E-8	5.337041E-2
2.730000E-8	5.341666E-2
2.735000E-8	5.342522E-2
2.740000E-8	5.337212E-2
2.745000E-8	5.326078E-2
2.750000E-8	5.309120E-2
2.755000E-8	5.287023E-2
2.760000E-8	5.264241E-2
2.765000E-8	5.244884E-2
2.770000E-8	5.226384E-2
2.775000E-8	5.207713E-2
2.780000E-8	5.192982E-2
2.785000E-8	5.185787E-2
2.790000E-8	5.180820E-2
2.795000E-8	5.182704E-2
2.800000E-8	5.195037E-2
2.805000E-8	5.213023E-2
2.810000E-8	5.231866E-2
2.815000E-8	5.256532E-2
2.820000E-8	5.283768E-2
2.825000E-8	5.304838E-2
2.830000E-8	5.319055E-2
2.835000E-8	5.326421E-2
2.840000E-8	5.327106E-2
2.845000E-8	5.320597E-2
2.850000E-8	5.307064E-2
2.855000E-8	5.287194E-2
2.860000E-8	5.261157E-2
2.865000E-8	5.231695E-2
2.870000E-8	5.204459E-2
2.875000E-8	5.182019E-2
2.880000E-8	5.162320E-2
2.885000E-8	5.145019E-2
2.890000E-8	5.136283E-2
2.895000E-8	5.137311E-2
2.900000E-8	5.143478E-2
2.905000E-8	5.154783E-2
2.910000E-8	5.174996E-2
2.915000E-8	5.200005E-2
2.920000E-8	5.224329E-2
2.925000E-8	5.244028E-2
2.930000E-8	5.259616E-2
2.935000E-8	5.267666E-2
2.940000E-8	5.263555E-2
2.945000E-8	5.247796E-2
2.950000E-8	5.224329E-2
2.955000E-8	5.195894E-2
2.960000E-8	5.162834E-2
2.965000E-8	5.127547E-2
2.970000E-8	5.098256E-2
2.975000E-8	5.075987E-2
2.980000E-8	5.058173E-2
2.985000E-8	5.050122E-2
2.990000E-8	5.053719E-2
2.995000E-8	5.070506E-2
3.000000E-8	5.096200E-2
3.005000E-8	5.124978E-2
3.010000E-8	5.151528E-2
3.015000E-8	5.178764E-2
3.020000E-8	5.206343E-2
3.025000E-8	5.227070E-2
3.030000E-8	5.236662E-2
3.035000E-8	5.234949E-2
3.040000E-8	5.221931E-2
3.045000E-8	5.199148E-2
3.050000E-8	5.168829E-2
3.055000E-8	5.133885E-2
3.060000E-8	5.097913E-2
3.065000E-8	5.067080E-2
3.070000E-8	5.040015E-2
3.075000E-8	5.017747E-2
3.080000E-8	5.000618E-2
3.085000E-8	4.992053E-2
3.090000E-8	4.989655E-2
3.095000E-8	4.993937E-2
3.100000E-8	5.007127E-2
3.105000E-8	5.026997E-2
3.110000E-8	5.045668E-2
3.115000E-8	5.060571E-2
3.120000E-8	5.074274E-2
3.125000E-8	5.087978E-2
3.130000E-8	5.099626E-2
3.135000E-8	5.106992E-2
3.140000E-8	5.109047E-2
3.145000E-8	5.104422E-2
3.150000E-8	5.094145E-2
3.155000E-8	5.082154E-2
3.160000E-8	5.071876E-2
3.165000E-8	5.058687E-2
3.170000E-8	5.038988E-2
3.175000E-8	5.013465E-2
3.180000E-8	4.990682E-2
3.185000E-8	4.977664E-2
3.190000E-8	4.976465E-2
3.195000E-8	4.980576E-2
3.200000E-8	4.989483E-2
3.205000E-8	5.007298E-2
3.210000E-8	5.034363E-2
3.215000E-8	5.060228E-2
3.220000E-8	5.083182E-2
3.225000E-8	5.104765E-2
3.230000E-8	5.123779E-2
3.235000E-8	5.134570E-2
3.240000E-8	5.135255E-2
3.245000E-8	5.125834E-2
3.250000E-8	5.104080E-2
3.255000E-8	5.075816E-2
3.260000E-8	5.047381E-2
3.265000E-8	5.018604E-2
3.270000E-8	4.995136E-2
3.275000E-8	4.978863E-2
3.280000E-8	4.970298E-2
3.285000E-8	4.966016E-2
3.290000E-8	4.969099E-2
3.295000E-8	4.982632E-2
3.300000E-8	5.001131E-2
3.305000E-8	5.018261E-2
3.310000E-8	5.033164E-2
3.315000E-8	5.044812E-2
3.320000E-8	5.052863E-2
3.325000E-8	5.052520E-2
3.330000E-8	5.043270E-2
3.335000E-8	5.026312E-2
3.340000E-8	5.005585E-2
3.345000E-8	4.980576E-2
3.350000E-8	4.955567E-2
3.355000E-8	4.936211E-2
3.360000E-8	4.921479E-2
3.365000E-8	4.908632E-2
3.370000E-8	4.898697E-2
3.375000E-8	4.896642E-2
3.380000E-8	4.902979E-2
3.385000E-8	4.915313E-2
3.390000E-8	4.931757E-2
3.395000E-8	4.947174E-2
3.400000E-8	4.959507E-2
3.405000E-8	4.973553E-2
3.410000E-8	4.987257E-2
3.415000E-8	4.994965E-2
3.420000E-8	4.996849E-2
3.425000E-8	4.995821E-2
3.430000E-8	4.992567E-2
3.435000E-8	4.984687E-2
3.440000E-8	4.974067E-2
3.445000E-8	4.961734E-2
3.450000E-8	4.949058E-2
3.455000E-8	4.936725E-2
3.460000E-8	4.923192E-2
3.465000E-8	4.905891E-2
3.470000E-8	4.889105E-2
3.475000E-8	4.879169E-2
3.480000E-8	4.875401E-2
3.485000E-8	4.873688E-2
3.490000E-8	4.875915E-2
3.495000E-8	4.883109E-2
3.500000E-8	4.889447E-2
3.505000E-8	4.896128E-2
3.510000E-8	4.906577E-2
3.515000E-8	4.920965E-2
3.520000E-8	4.934498E-2
3.525000E-8	4.945803E-2
3.530000E-8	4.953683E-2
3.535000E-8	4.958650E-2
3.540000E-8	4.958822E-2
3.545000E-8	4.954368E-2
3.550000E-8	4.943405E-2
3.555000E-8	4.925762E-2
3.560000E-8	4.901609E-2
3.565000E-8	4.877456E-2
3.570000E-8	4.857072E-2
3.575000E-8	4.842512E-2
3.580000E-8	4.835660E-2
3.585000E-8	4.841142E-2
3.590000E-8	4.856730E-2
3.595000E-8	4.880368E-2
3.600000E-8	4.905891E-2
3.605000E-8	4.928331E-2
3.610000E-8	4.946660E-2
3.615000E-8	4.961391E-2
3.620000E-8	4.968072E-2
3.625000E-8	4.965502E-2
3.630000E-8	4.955738E-2
3.635000E-8	4.939465E-2
3.640000E-8	4.917711E-2
3.645000E-8	4.897669E-2
3.650000E-8	4.883794E-2
3.655000E-8	4.874544E-2
3.660000E-8	4.867521E-2
3.665000E-8	4.868207E-2
3.670000E-8	4.876086E-2
3.675000E-8	4.885850E-2
3.680000E-8	4.895100E-2
3.685000E-8	4.902123E-2
3.690000E-8	4.903322E-2
3.695000E-8	4.902637E-2
3.700000E-8	4.903493E-2
3.705000E-8	4.899896E-2
3.710000E-8	4.888591E-2
3.715000E-8	4.878313E-2
3.720000E-8	4.870433E-2
3.725000E-8	4.860327E-2
3.730000E-8	4.847480E-2
3.735000E-8	4.837545E-2
3.740000E-8	4.836003E-2
3.745000E-8	4.841998E-2
3.750000E-8	4.846795E-2
3.755000E-8	4.849021E-2
3.760000E-8	4.848336E-2
3.765000E-8	4.847309E-2
3.770000E-8	4.843026E-2
3.775000E-8	4.837373E-2
3.780000E-8	4.836346E-2
3.785000E-8	4.839429E-2
3.790000E-8	4.840799E-2
3.795000E-8	4.841142E-2
3.800000E-8	4.841142E-2
3.805000E-8	4.839943E-2
3.810000E-8	4.836517E-2
3.815000E-8	4.829494E-2
3.820000E-8	4.822813E-2
3.825000E-8	4.813563E-2
3.830000E-8	4.800031E-2
3.835000E-8	4.784957E-2
3.840000E-8	4.768855E-2
3.845000E-8	4.755837E-2
3.850000E-8	4.747615E-2
3.855000E-8	4.738536E-2
3.860000E-8	4.725518E-2
3.865000E-8	4.713527E-2
3.870000E-8	4.707874E-2
3.875000E-8	4.705819E-2
3.880000E-8	4.709245E-2
3.885000E-8	4.718837E-2
3.890000E-8	4.728944E-2
3.895000E-8	4.738022E-2
3.900000E-8	4.750698E-2
3.905000E-8	4.764744E-2
3.910000E-8	4.771939E-2
3.915000E-8	4.776392E-2
3.920000E-8	4.783929E-2
3.925000E-8	4.790610E-2
3.930000E-8	4.790439E-2
3.935000E-8	4.787698E-2
3.940000E-8	4.784786E-2
3.945000E-8	4.779990E-2
3.950000E-8	4.771939E-2
3.955000E-8	4.760119E-2
3.960000E-8	4.746587E-2
3.965000E-8	4.734768E-2
3.970000E-8	4.723805E-2
3.975000E-8	4.715069E-2
3.980000E-8	4.709759E-2
3.985000E-8	4.704791E-2
3.990000E-8	4.698453E-2
3.995000E-8	4.695370E-2
4.000000E-8	4.697597E-2
4.005000E-8	4.702050E-2
4.010000E-8	4.708388E-2
4.015000E-8	4.715583E-2
4.020000E-8	4.717467E-2
4.025000E-8	4.711643E-2
4.030000E-8	4.705134E-2
4.035000E-8	4.697425E-2
4.040000E-8	4.689888E-2
4.045000E-8	4.683208E-2
4.050000E-8	4.676870E-2
4.055000E-8	4.671217E-2
4.060000E-8	4.667620E-2
4.065000E-8	4.660083E-2
4.070000E-8	4.650491E-2
4.075000E-8	4.648949E-2
4.080000E-8	4.655801E-2
4.085000E-8	4.660254E-2
4.090000E-8	4.663680E-2
4.095000E-8	4.672759E-2
4.100000E-8	4.682009E-2
4.105000E-8	4.687833E-2
4.110000E-8	4.689888E-2
4.115000E-8	4.691259E-2
4.120000E-8	4.691773E-2
4.125000E-8	4.693828E-2
4.130000E-8	4.696055E-2
4.135000E-8	4.696055E-2
4.140000E-8	4.695884E-2
4.145000E-8	4.693314E-2
4.150000E-8	4.686120E-2
4.155000E-8	4.678583E-2
4.160000E-8	4.673615E-2
4.165000E-8	4.666764E-2
4.170000E-8	4.659055E-2
4.175000E-8	4.654430E-2
4.180000E-8	4.650662E-2
4.185000E-8	4.644495E-2
4.190000E-8	4.641583E-2
4.195000E-8	4.644153E-2
4.200000E-8	4.642782E-2
4.205000E-8	4.634731E-2
4.210000E-8	4.629079E-2
4.215000E-8	4.627708E-2
4.220000E-8	4.627880E-2
4.225000E-8	4.626167E-2
4.230000E-8	4.625653E-2
4.235000E-8	4.629079E-2
4.240000E-8	4.634560E-2
4.245000E-8	4.640384E-2
4.250000E-8	4.646208E-2
4.255000E-8	4.652546E-2
4.260000E-8	4.657000E-2
4.265000E-8	4.655629E-2
4.270000E-8	4.651347E-2
4.275000E-8	4.649120E-2
4.280000E-8	4.645523E-2
4.285000E-8	4.637472E-2
4.290000E-8	4.628394E-2
4.295000E-8	4.622227E-2
4.300000E-8	4.620343E-2
4.305000E-8	4.619144E-2
4.310000E-8	4.615889E-2
4.315000E-8	4.608181E-2
4.320000E-8	4.599787E-2
4.325000E-8	4.597389E-2
4.330000E-8	4.596190E-2
4.335000E-8	4.592079E-2
4.340000E-8	4.589852E-2
4.345000E-8	4.592935E-2
4.350000E-8	4.593621E-2
4.355000E-8	4.588310E-2
4.360000E-8	4.581287E-2
4.365000E-8	4.573237E-2
4.370000E-8	4.565871E-2
4.375000E-8	4.561760E-2
4.380000E-8	4.557991E-2
4.385000E-8	4.556621E-2
4.390000E-8	4.561246E-2
4.395000E-8	4.572894E-2
4.400000E-8	4.584885E-2
4.405000E-8	4.594648E-2
4.410000E-8	4.607324E-2
4.415000E-8	4.620685E-2
4.420000E-8	4.632505E-2
4.425000E-8	4.638671E-2
4.430000E-8	4.636273E-2
4.435000E-8	4.627537E-2
4.440000E-8	4.615033E-2
4.445000E-8	4.597560E-2
4.450000E-8	4.576662E-2
4.455000E-8	4.558848E-2
4.460000E-8	4.548227E-2
4.465000E-8	4.542746E-2
4.470000E-8	4.542061E-2
4.475000E-8	4.545144E-2
4.480000E-8	4.550797E-2
4.485000E-8	4.556621E-2
4.490000E-8	4.559019E-2
4.495000E-8	4.558334E-2
4.500000E-8	4.557135E-2
4.505000E-8	4.558848E-2
4.510000E-8	4.560561E-2
4.515000E-8	4.560903E-2
4.520000E-8	4.560903E-2
4.525000E-8	4.557991E-2
4.530000E-8	4.550968E-2
4.535000E-8	4.543603E-2
4.540000E-8	4.537950E-2
4.545000E-8	4.534524E-2
4.550000E-8	4.532982E-2
4.555000E-8	4.531954E-2
4.560000E-8	4.530413E-2
4.565000E-8	4.528700E-2
4.570000E-8	4.522362E-2
4.575000E-8	4.509343E-2
4.580000E-8	4.496154E-2
4.585000E-8	4.488959E-2
4.590000E-8	4.488103E-2
4.595000E-8	4.492385E-2
4.600000E-8	4.499751E-2
4.605000E-8	4.507117E-2
4.610000E-8	4.514482E-2
4.615000E-8	4.518422E-2
4.620000E-8	4.518593E-2
4.625000E-8	4.518422E-2
4.630000E-8	4.518936E-2
4.635000E-8	4.517737E-2
4.640000E-8	4.511399E-2
4.645000E-8	4.501978E-2
4.650000E-8	4.494441E-2
4.655000E-8	4.488617E-2
4.660000E-8	4.484848E-2
4.665000E-8	4.482793E-2
4.670000E-8	4.483649E-2
4.675000E-8	4.488617E-2
4.680000E-8	4.499408E-2
4.685000E-8	4.515339E-2
4.690000E-8	4.534010E-2
4.695000E-8	4.549940E-2
4.700000E-8	4.561588E-2
4.705000E-8	4.568269E-2
4.710000E-8	4.568954E-2
4.715000E-8	4.564672E-2
4.720000E-8	4.555936E-2
4.725000E-8	4.541204E-2
4.730000E-8	4.526302E-2
4.735000E-8	4.514482E-2
4.740000E-8	4.504376E-2
4.745000E-8	4.496325E-2
4.750000E-8	4.494783E-2
4.755000E-8	4.497695E-2
4.760000E-8	4.500265E-2
4.765000E-8	4.503691E-2
4.770000E-8	4.506945E-2
4.775000E-8	4.507802E-2
4.780000E-8	4.506260E-2
4.785000E-8	4.503177E-2
4.790000E-8	4.497182E-2
4.795000E-8	4.485362E-2
4.800000E-8	4.469260E-2
4.805000E-8	4.455043E-2
4.810000E-8	4.444765E-2
4.815000E-8	4.439113E-2
4.820000E-8	4.435858E-2
4.825000E-8	4.435173E-2
4.830000E-8	4.437913E-2
4.835000E-8	4.440140E-2
4.840000E-8	4.439626E-2
4.845000E-8	4.435515E-2
4.850000E-8	4.427122E-2
4.855000E-8	4.418215E-2
4.860000E-8	4.413247E-2
4.865000E-8	4.408279E-2
4.870000E-8	4.401942E-2
4.875000E-8	4.398516E-2
4.880000E-8	4.398858E-2
4.885000E-8	4.394062E-2
4.890000E-8	4.387210E-2
4.895000E-8	4.384127E-2
4.900000E-8	4.384469E-2
4.905000E-8	4.385669E-2
4.910000E-8	4.388067E-2
4.915000E-8	4.389951E-2
4.920000E-8	4.383956E-2
4.925000E-8	4.373335E-2
4.930000E-8	4.365113E-2
4.935000E-8	4.360831E-2
4.940000E-8	4.355521E-2
4.945000E-8	4.346613E-2
4.950000E-8	4.338734E-2
4.955000E-8	4.334280E-2
4.960000E-8	4.330683E-2
4.965000E-8	4.330512E-2
4.970000E-8	4.332396E-2
4.975000E-8	4.333595E-2
4.980000E-8	4.335136E-2
4.985000E-8	4.337192E-2
4.990000E-8	4.339076E-2
4.995000E-8	4.339933E-2
5.000000E-8	4.341132E-2
5.005000E-8	4.342502E-2
5.010000E-8	4.343873E-2
5.015000E-8	4.347470E-2
5.020000E-8	4.351923E-2
5.025000E-8	4.356548E-2
5.030000E-8	4.365627E-2
5.035000E-8	4.379331E-2
5.040000E-8	4.392006E-2
5.045000E-8	4.397830E-2
5.050000E-8	4.396289E-2
5.055000E-8	4.389437E-2
5.060000E-8	4.378988E-2
5.065000E-8	4.365798E-2
5.070000E-8	4.349354E-2
5.075000E-8	4.335308E-2
5.080000E-8	4.325715E-2
5.085000E-8	4.319549E-2
5.090000E-8	4.317151E-2
5.095000E-8	4.316465E-2
5.100000E-8	4.313896E-2
5.105000E-8	4.311840E-2
5.110000E-8	4.314067E-2
5.115000E-8	4.320063E-2
5.120000E-8	4.327086E-2
5.125000E-8	4.332224E-2
5.130000E-8	4.335650E-2
5.135000E-8	4.335136E-2
5.140000E-8	4.332910E-2
5.145000E-8	4.328627E-2
5.150000E-8	4.321775E-2
5.155000E-8	4.316294E-2
5.160000E-8	4.314581E-2
5.165000E-8	4.313896E-2
5.170000E-8	4.314581E-2
5.175000E-8	4.320405E-2
5.180000E-8	4.327771E-2
5.185000E-8	4.329312E-2
5.190000E-8	4.329141E-2
5.195000E-8	4.330683E-2
5.200000E-8	4.332224E-2
5.205000E-8	4.333766E-2
5.210000E-8	4.334451E-2
5.215000E-8	4.331539E-2
5.220000E-8	4.326572E-2
5.225000E-8	4.323317E-2
5.230000E-8	4.321947E-2
5.235000E-8	4.321090E-2
5.240000E-8	4.321947E-2
5.245000E-8	4.325887E-2
5.250000E-8	4.331539E-2
5.255000E-8	4.338562E-2
5.260000E-8	4.342160E-2
5.265000E-8	4.341132E-2
5.270000E-8	4.338220E-2
5.275000E-8	4.330683E-2
5.280000E-8	4.318863E-2
5.285000E-8	4.306530E-2
5.290000E-8	4.295396E-2
5.295000E-8	4.282892E-2
5.300000E-8	4.268331E-2
5.305000E-8	4.257540E-2
5.310000E-8	4.252572E-2
5.315000E-8	4.250517E-2
5.320000E-8	4.251373E-2
5.325000E-8	4.255656E-2
5.330000E-8	4.262850E-2
5.335000E-8	4.272614E-2
5.340000E-8	4.283063E-2
5.345000E-8	4.289743E-2
5.350000E-8	4.289229E-2
5.355000E-8	4.284262E-2
5.360000E-8	4.280493E-2
5.365000E-8	4.275355E-2
5.370000E-8	4.271929E-2
5.375000E-8	4.274841E-2
5.380000E-8	4.281179E-2
5.385000E-8	4.287859E-2
5.390000E-8	4.294540E-2
5.395000E-8	4.301563E-2
5.400000E-8	4.303618E-2
5.405000E-8	4.301220E-2
5.410000E-8	4.298308E-2
5.415000E-8	4.294368E-2
5.420000E-8	4.287345E-2
5.425000E-8	4.280836E-2
5.430000E-8	4.275012E-2
5.435000E-8	4.265591E-2
5.440000E-8	4.253429E-2
5.445000E-8	4.241781E-2
5.450000E-8	4.232017E-2
5.455000E-8	4.223966E-2
5.460000E-8	4.218998E-2
5.465000E-8	4.220369E-2
5.470000E-8	4.226022E-2
5.475000E-8	4.232017E-2
5.480000E-8	4.235785E-2
5.485000E-8	4.239211E-2
5.490000E-8	4.240068E-2
5.495000E-8	4.243665E-2
5.500000E-8	4.253257E-2
5.505000E-8	4.263535E-2
5.510000E-8	4.270730E-2
5.515000E-8	4.276211E-2
5.520000E-8	4.284262E-2
5.525000E-8	4.289058E-2
5.530000E-8	4.285290E-2
5.535000E-8	4.277753E-2
5.540000E-8	4.267989E-2
5.545000E-8	4.253086E-2
5.550000E-8	4.230818E-2
5.555000E-8	4.205637E-2
5.560000E-8	4.183883E-2
5.565000E-8	4.163499E-2
5.570000E-8	4.145855E-2
5.575000E-8	4.135407E-2
5.580000E-8	4.133865E-2
5.585000E-8	4.136606E-2
5.590000E-8	4.141573E-2
5.595000E-8	4.147740E-2
5.600000E-8	4.155962E-2
5.605000E-8	4.163328E-2
5.610000E-8	4.167610E-2
5.615000E-8	4.171721E-2
5.620000E-8	4.177031E-2
5.625000E-8	4.181142E-2
5.630000E-8	4.179943E-2
5.635000E-8	4.174804E-2
5.640000E-8	4.170693E-2
5.645000E-8	4.165212E-2
5.650000E-8	4.156133E-2
5.655000E-8	4.147568E-2
5.660000E-8	4.144656E-2
5.665000E-8	4.144828E-2
5.670000E-8	4.145170E-2
5.675000E-8	4.147740E-2
5.680000E-8	4.150823E-2
5.685000E-8	4.152022E-2
5.690000E-8	4.149624E-2
5.695000E-8	4.145170E-2
5.700000E-8	4.139518E-2
5.705000E-8	4.133180E-2
5.710000E-8	4.127870E-2
5.715000E-8	4.123073E-2
5.720000E-8	4.113309E-2
5.725000E-8	4.103032E-2
5.730000E-8	4.097208E-2
5.735000E-8	4.096351E-2
5.740000E-8	4.098749E-2
5.745000E-8	4.105430E-2
5.750000E-8	4.116221E-2
5.755000E-8	4.130268E-2
5.760000E-8	4.143800E-2
5.765000E-8	4.153221E-2
5.770000E-8	4.156476E-2
5.775000E-8	4.154078E-2
5.780000E-8	4.147055E-2
5.785000E-8	4.137462E-2
5.790000E-8	4.125129E-2
5.795000E-8	4.112967E-2
5.800000E-8	4.101490E-2
5.805000E-8	4.095666E-2
5.810000E-8	4.093097E-2
5.815000E-8	4.093268E-2
5.820000E-8	4.098578E-2
5.825000E-8	4.108684E-2
5.830000E-8	4.119133E-2
5.835000E-8	4.129925E-2
5.840000E-8	4.142087E-2
5.845000E-8	4.152879E-2
5.850000E-8	4.160758E-2
5.855000E-8	4.162300E-2
5.860000E-8	4.157846E-2
5.865000E-8	4.147568E-2
5.870000E-8	4.134893E-2
5.875000E-8	4.120675E-2
5.880000E-8	4.104745E-2
5.885000E-8	4.088986E-2
5.890000E-8	4.075625E-2
5.895000E-8	4.065176E-2
5.900000E-8	4.056268E-2
5.905000E-8	4.052328E-2
5.910000E-8	4.053185E-2
5.915000E-8	4.057125E-2
5.920000E-8	4.062606E-2
5.925000E-8	4.068944E-2
5.930000E-8	4.078879E-2
5.935000E-8	4.087101E-2
5.940000E-8	4.091555E-2
5.945000E-8	4.096865E-2
5.950000E-8	4.104573E-2
5.955000E-8	4.109198E-2
5.960000E-8	4.107314E-2
5.965000E-8	4.103374E-2
5.970000E-8	4.101490E-2
5.975000E-8	4.099263E-2
5.980000E-8	4.094981E-2
5.985000E-8	4.088814E-2
5.990000E-8	4.082134E-2
5.995000E-8	4.075282E-2
6.000000E-8	4.068944E-2
6.005000E-8	4.062777E-2
6.010000E-8	4.054384E-2
6.015000E-8	4.047875E-2
6.020000E-8	4.043764E-2
6.025000E-8	4.037254E-2
6.030000E-8	4.029717E-2
6.035000E-8	4.028176E-2
6.040000E-8	4.030574E-2
6.045000E-8	4.032458E-2
6.050000E-8	4.034171E-2
6.055000E-8	4.037597E-2
6.060000E-8	4.038967E-2
6.065000E-8	4.036741E-2
6.070000E-8	4.033315E-2
6.075000E-8	4.028005E-2
6.080000E-8	4.021324E-2
6.085000E-8	4.018755E-2
6.090000E-8	4.018926E-2
6.095000E-8	4.020125E-2
6.100000E-8	4.022181E-2
6.105000E-8	4.026120E-2
6.110000E-8	4.029889E-2
6.115000E-8	4.031088E-2
6.120000E-8	4.028005E-2
6.125000E-8	4.020981E-2
6.130000E-8	4.013616E-2
6.135000E-8	4.009847E-2
6.140000E-8	4.007792E-2
6.145000E-8	4.004366E-2
6.150000E-8	3.999056E-2
6.155000E-8	3.993060E-2
6.160000E-8	3.984838E-2
6.165000E-8	3.977301E-2
6.170000E-8	3.974389E-2
6.175000E-8	3.979528E-2
6.180000E-8	3.985352E-2
6.185000E-8	3.988093E-2
6.190000E-8	3.991519E-2
6.195000E-8	3.997685E-2
6.200000E-8	4.001283E-2
6.205000E-8	4.000426E-2
6.210000E-8	3.997171E-2
6.215000E-8	3.993232E-2
6.220000E-8	3.989977E-2
6.225000E-8	3.988093E-2
6.230000E-8	3.984496E-2
6.235000E-8	3.979185E-2
6.240000E-8	3.975588E-2
6.245000E-8	3.974218E-2
6.250000E-8	3.972676E-2
6.255000E-8	3.967366E-2
6.260000E-8	3.961885E-2
6.265000E-8	3.960172E-2
6.270000E-8	3.962056E-2
6.275000E-8	3.968223E-2
6.280000E-8	3.974732E-2
6.285000E-8	3.974389E-2
6.290000E-8	3.968051E-2
6.295000E-8	3.960343E-2
6.300000E-8	3.953663E-2
6.305000E-8	3.947325E-2
6.310000E-8	3.942871E-2
6.315000E-8	3.943385E-2
6.320000E-8	3.945440E-2
6.325000E-8	3.944584E-2
6.330000E-8	3.939274E-2
6.335000E-8	3.931223E-2
6.340000E-8	3.923686E-2
6.345000E-8	3.915978E-2
6.350000E-8	3.909982E-2
6.355000E-8	3.911010E-2
6.360000E-8	3.919232E-2
6.365000E-8	3.929339E-2
6.370000E-8	3.935163E-2
6.375000E-8	3.937561E-2
6.380000E-8	3.938931E-2
6.385000E-8	3.940987E-2
6.390000E-8	3.942528E-2
6.395000E-8	3.942357E-2
6.400000E-8	3.941843E-2
6.405000E-8	3.943899E-2
6.410000E-8	3.946468E-2
6.415000E-8	3.948695E-2
6.420000E-8	3.951950E-2
6.425000E-8	3.957945E-2
6.430000E-8	3.963084E-2
6.435000E-8	3.965824E-2
6.440000E-8	3.964797E-2
6.445000E-8	3.958973E-2
6.450000E-8	3.953149E-2
6.455000E-8	3.952463E-2
6.460000E-8	3.952463E-2
6.465000E-8	3.947838E-2
6.470000E-8	3.942700E-2
6.475000E-8	3.943899E-2
6.480000E-8	3.949038E-2
6.485000E-8	3.951264E-2
6.490000E-8	3.953491E-2
6.495000E-8	3.961199E-2
6.500000E-8	3.970963E-2
6.505000E-8	3.974732E-2
6.510000E-8	3.974218E-2
6.515000E-8	3.973190E-2
6.520000E-8	3.964111E-2
6.525000E-8	3.945954E-2
6.530000E-8	3.927112E-2
6.535000E-8	3.911010E-2
6.540000E-8	3.895593E-2
6.545000E-8	3.881719E-2
6.550000E-8	3.875381E-2
6.555000E-8	3.872297E-2
6.560000E-8	3.869385E-2
6.565000E-8	3.867844E-2
6.570000E-8	3.869557E-2
6.575000E-8	3.875723E-2
6.580000E-8	3.886001E-2
6.585000E-8	3.901418E-2
6.590000E-8	3.915292E-2
6.595000E-8	3.924714E-2
6.600000E-8	3.930538E-2
6.605000E-8	3.933450E-2
6.610000E-8	3.931908E-2
6.615000E-8	3.928825E-2
6.620000E-8	3.926255E-2
6.625000E-8	3.920089E-2
6.630000E-8	3.912209E-2
6.635000E-8	3.904501E-2
6.640000E-8	3.893881E-2
6.645000E-8	3.879834E-2
6.650000E-8	3.869728E-2
6.655000E-8	3.864932E-2
6.660000E-8	3.858422E-2
6.665000E-8	3.847288E-2
6.670000E-8	3.838895E-2
6.675000E-8	3.836497E-2
6.680000E-8	3.838724E-2
6.685000E-8	3.842835E-2
6.690000E-8	3.850029E-2
6.695000E-8	3.858936E-2
6.700000E-8	3.867672E-2
6.705000E-8	3.875209E-2
6.710000E-8	3.881547E-2
6.715000E-8	3.885658E-2
6.720000E-8	3.888913E-2
6.725000E-8	3.892853E-2
6.730000E-8	3.895422E-2
6.735000E-8	3.895251E-2
6.740000E-8	3.892339E-2
6.745000E-8	3.888399E-2
6.750000E-8	3.883945E-2
6.755000E-8	3.878293E-2
6.760000E-8	3.872811E-2
6.765000E-8	3.866816E-2
6.770000E-8	3.860307E-2
6.775000E-8	3.853284E-2
6.780000E-8	3.845747E-2
6.785000E-8	3.837696E-2
6.790000E-8	3.827932E-2
6.795000E-8	3.817826E-2
6.800000E-8	3.808576E-2
6.805000E-8	3.801381E-2
6.810000E-8	3.796928E-2
6.815000E-8	3.793673E-2
6.820000E-8	3.794358E-2
6.825000E-8	3.799497E-2
6.830000E-8	3.805664E-2
6.835000E-8	3.810802E-2
6.840000E-8	3.816455E-2
6.845000E-8	3.821937E-2
6.850000E-8	3.824163E-2
6.855000E-8	3.823992E-2
6.860000E-8	3.823478E-2
6.865000E-8	3.825020E-2
6.870000E-8	3.825363E-2
6.875000E-8	3.822964E-2
6.880000E-8	3.817826E-2
6.885000E-8	3.813201E-2
6.890000E-8	3.810289E-2
6.895000E-8	3.809603E-2
6.900000E-8	3.807205E-2
6.905000E-8	3.804293E-2
6.910000E-8	3.804978E-2
6.915000E-8	3.809432E-2
6.920000E-8	3.811830E-2
6.925000E-8	3.812515E-2
6.930000E-8	3.815599E-2
6.935000E-8	3.819196E-2
6.940000E-8	3.820566E-2
6.945000E-8	3.820224E-2
6.950000E-8	3.817826E-2
6.955000E-8	3.812515E-2
6.960000E-8	3.806691E-2
6.965000E-8	3.804636E-2
6.970000E-8	3.802580E-2
6.975000E-8	3.802238E-2
6.980000E-8	3.804122E-2
6.985000E-8	3.805492E-2
6.990000E-8	3.803265E-2
6.995000E-8	3.801895E-2
7.000000E-8	3.801895E-2
7.005000E-8	3.797955E-2
7.010000E-8	3.793159E-2
7.015000E-8	3.792645E-2
7.020000E-8	3.793159E-2
7.025000E-8	3.788534E-2
7.030000E-8	3.784766E-2
7.035000E-8	3.786821E-2
7.040000E-8	3.789562E-2
7.045000E-8	3.790418E-2
7.050000E-8	3.792303E-2
7.055000E-8	3.794187E-2
7.060000E-8	3.792131E-2
7.065000E-8	3.787849E-2
7.070000E-8	3.783395E-2
7.075000E-8	3.779969E-2
7.080000E-8	3.777571E-2
7.085000E-8	3.774488E-2
7.090000E-8	3.769349E-2
7.095000E-8	3.763696E-2
7.100000E-8	3.761470E-2
7.105000E-8	3.762497E-2
7.110000E-8	3.762155E-2
7.115000E-8	3.763354E-2
7.120000E-8	3.767807E-2
7.125000E-8	3.771747E-2
7.130000E-8	3.774659E-2
7.135000E-8	3.777571E-2
7.140000E-8	3.778085E-2
7.145000E-8	3.777057E-2
7.150000E-8	3.776372E-2
7.155000E-8	3.774488E-2
7.160000E-8	3.767979E-2
7.165000E-8	3.758900E-2
7.170000E-8	3.750678E-2
7.175000E-8	3.745196E-2
7.180000E-8	3.741085E-2
7.185000E-8	3.739030E-2
7.190000E-8	3.736803E-2
7.195000E-8	3.736632E-2
7.200000E-8	3.739372E-2
7.205000E-8	3.744340E-2
7.210000E-8	3.748622E-2
7.215000E-8	3.750849E-2
7.220000E-8	3.751534E-2
7.225000E-8	3.752905E-2
7.230000E-8	3.753076E-2
7.235000E-8	3.750678E-2
7.240000E-8	3.746053E-2
7.245000E-8	3.741085E-2
7.250000E-8	3.736289E-2
7.255000E-8	3.729780E-2
7.260000E-8	3.722757E-2
7.265000E-8	3.716933E-2
7.270000E-8	3.713678E-2
7.275000E-8	3.706141E-2
7.280000E-8	3.694836E-2
7.285000E-8	3.685757E-2
7.290000E-8	3.680790E-2
7.295000E-8	3.677021E-2
7.300000E-8	3.672054E-2
7.305000E-8	3.671026E-2
7.310000E-8	3.673424E-2
7.315000E-8	3.676507E-2
7.320000E-8	3.680104E-2
7.325000E-8	3.686100E-2
7.330000E-8	3.694322E-2
7.335000E-8	3.704771E-2
7.340000E-8	3.713507E-2
7.345000E-8	3.717961E-2
7.350000E-8	3.718474E-2
7.355000E-8	3.717961E-2
7.360000E-8	3.714877E-2
7.365000E-8	3.709396E-2
7.370000E-8	3.704942E-2
7.375000E-8	3.702201E-2
7.380000E-8	3.699803E-2
7.385000E-8	3.699118E-2
7.390000E-8	3.699118E-2
7.395000E-8	3.697234E-2
7.400000E-8	3.694151E-2
7.405000E-8	3.692095E-2
7.410000E-8	3.692438E-2
7.415000E-8	3.693465E-2
7.420000E-8	3.695692E-2
7.425000E-8	3.697576E-2
7.430000E-8	3.696891E-2
7.435000E-8	3.694664E-2
7.440000E-8	3.690725E-2
7.445000E-8	3.686100E-2
7.450000E-8	3.681989E-2
7.455000E-8	3.678905E-2
7.460000E-8	3.675308E-2
7.465000E-8	3.669998E-2
7.470000E-8	3.664517E-2
7.475000E-8	3.663146E-2
7.480000E-8	3.665887E-2
7.485000E-8	3.672910E-2
7.490000E-8	3.680618E-2
7.495000E-8	3.684901E-2
7.500000E-8	3.684558E-2
7.505000E-8	3.679419E-2
7.510000E-8	3.669313E-2
7.515000E-8	3.655438E-2
7.520000E-8	3.641734E-2
7.525000E-8	3.628716E-2
7.530000E-8	3.613471E-2
7.535000E-8	3.597883E-2
7.540000E-8	3.585550E-2
7.545000E-8	3.576128E-2
7.550000E-8	3.570304E-2
7.555000E-8	3.570304E-2
7.560000E-8	3.572189E-2
7.565000E-8	3.574929E-2
7.570000E-8	3.578869E-2
7.575000E-8	3.584179E-2
7.580000E-8	3.589489E-2
7.585000E-8	3.597540E-2
7.590000E-8	3.604735E-2
7.595000E-8	3.607818E-2
7.600000E-8	3.606961E-2
7.605000E-8	3.607475E-2
7.610000E-8	3.606961E-2
7.615000E-8	3.604392E-2
7.620000E-8	3.604563E-2
7.625000E-8	3.608332E-2
7.630000E-8	3.612100E-2
7.635000E-8	3.612614E-2
7.640000E-8	3.612614E-2
7.645000E-8	3.612785E-2
7.650000E-8	3.610216E-2
7.655000E-8	3.605077E-2
7.660000E-8	3.597883E-2
7.665000E-8	3.589832E-2
7.670000E-8	3.583323E-2
7.675000E-8	3.580068E-2
7.680000E-8	3.581096E-2
7.685000E-8	3.583837E-2
7.690000E-8	3.589489E-2
7.695000E-8	3.599767E-2
7.700000E-8	3.613985E-2
7.705000E-8	3.627174E-2
7.710000E-8	3.636938E-2
7.715000E-8	3.640535E-2
7.720000E-8	3.638480E-2
7.725000E-8	3.633512E-2
7.730000E-8	3.625633E-2
7.735000E-8	3.615869E-2
7.740000E-8	3.607133E-2
7.745000E-8	3.600623E-2
7.750000E-8	3.593087E-2
7.755000E-8	3.584008E-2
7.760000E-8	3.578526E-2
7.765000E-8	3.579383E-2
7.770000E-8	3.581610E-2
7.775000E-8	3.585036E-2
7.780000E-8	3.589147E-2
7.785000E-8	3.589832E-2
7.790000E-8	3.586577E-2
7.795000E-8	3.580925E-2
7.800000E-8	3.576128E-2
7.805000E-8	3.571846E-2
7.810000E-8	3.570304E-2
7.815000E-8	3.572874E-2
7.820000E-8	3.579212E-2
7.825000E-8	3.587434E-2
7.830000E-8	3.594628E-2
7.835000E-8	3.599596E-2
7.840000E-8	3.600281E-2
7.845000E-8	3.595485E-2
7.850000E-8	3.585207E-2
7.855000E-8	3.573730E-2
7.860000E-8	3.565851E-2
7.865000E-8	3.561226E-2
7.870000E-8	3.556601E-2
7.875000E-8	3.551976E-2
7.880000E-8	3.550605E-2
7.885000E-8	3.550263E-2
7.890000E-8	3.550948E-2
7.895000E-8	3.554374E-2
7.900000E-8	3.559513E-2
7.905000E-8	3.567906E-2
7.910000E-8	3.577670E-2
7.915000E-8	3.586063E-2
7.920000E-8	3.590860E-2
7.925000E-8	3.593087E-2
7.930000E-8	3.592059E-2
7.935000E-8	3.586063E-2
7.940000E-8	3.578526E-2
7.945000E-8	3.571846E-2
7.950000E-8	3.567221E-2
7.955000E-8	3.563966E-2
7.960000E-8	3.563452E-2
7.965000E-8	3.564994E-2
7.970000E-8	3.568249E-2
7.975000E-8	3.573216E-2
7.980000E-8	3.580411E-2
7.985000E-8	3.587948E-2
7.990000E-8	3.595142E-2
7.995000E-8	3.601994E-2
8.000000E-8	3.606276E-2
8.005000E-8	3.605934E-2
8.010000E-8	3.601651E-2
8.015000E-8	3.593429E-2
8.020000E-8	3.582980E-2
8.025000E-8	3.573216E-2
8.030000E-8	3.566022E-2
8.035000E-8	3.560027E-2
8.040000E-8	3.551291E-2
8.045000E-8	3.537930E-2
8.050000E-8	3.525596E-2
8.055000E-8	3.519944E-2
8.060000E-8	3.519258E-2
8.065000E-8	3.520971E-2
8.070000E-8	3.523541E-2
8.075000E-8	3.526795E-2
8.080000E-8	3.529193E-2
8.085000E-8	3.529193E-2
8.090000E-8	3.526967E-2
8.095000E-8	3.523883E-2
8.100000E-8	3.521656E-2
8.105000E-8	3.517888E-2
8.110000E-8	3.510351E-2
8.115000E-8	3.500073E-2
8.120000E-8	3.490995E-2
8.125000E-8	3.483800E-2
8.130000E-8	3.481231E-2
8.135000E-8	3.484314E-2
8.140000E-8	3.492194E-2
8.145000E-8	3.500587E-2
8.150000E-8	3.507439E-2
8.155000E-8	3.513777E-2
8.160000E-8	3.519087E-2
8.165000E-8	3.522342E-2
8.170000E-8	3.523541E-2
8.175000E-8	3.525254E-2
8.180000E-8	3.529193E-2
8.185000E-8	3.535189E-2
8.190000E-8	3.539300E-2
8.195000E-8	3.540670E-2
8.200000E-8	3.538443E-2
8.205000E-8	3.533133E-2
8.210000E-8	3.527652E-2
8.215000E-8	3.524226E-2
8.220000E-8	3.520457E-2
8.225000E-8	3.512749E-2
8.230000E-8	3.504870E-2
8.235000E-8	3.497675E-2
8.240000E-8	3.488768E-2
8.245000E-8	3.476435E-2
8.250000E-8	3.462388E-2
8.255000E-8	3.444916E-2
8.260000E-8	3.427616E-2
8.265000E-8	3.414426E-2
8.270000E-8	3.407917E-2
8.275000E-8	3.405347E-2
8.280000E-8	3.404833E-2
8.285000E-8	3.410657E-2
8.290000E-8	3.425560E-2
8.295000E-8	3.450055E-2
8.300000E-8	3.477976E-2
8.305000E-8	3.503842E-2
8.310000E-8	3.524226E-2
8.315000E-8	3.538272E-2
8.320000E-8	3.544439E-2
8.325000E-8	3.541184E-2
8.330000E-8	3.531249E-2
8.335000E-8	3.520286E-2
8.340000E-8	3.512235E-2
8.345000E-8	3.507268E-2
8.350000E-8	3.506069E-2
8.355000E-8	3.504013E-2
8.360000E-8	3.498360E-2
8.365000E-8	3.490652E-2
8.370000E-8	3.484828E-2
8.375000E-8	3.479518E-2
8.380000E-8	3.472152E-2
8.385000E-8	3.464444E-2
8.390000E-8	3.456907E-2
8.395000E-8	3.448342E-2
8.400000E-8	3.438750E-2
8.405000E-8	3.428815E-2
8.410000E-8	3.420592E-2
8.415000E-8	3.416824E-2
8.420000E-8	3.418879E-2
8.425000E-8	3.424361E-2
8.430000E-8	3.430014E-2
8.435000E-8	3.440463E-2
8.440000E-8	3.456222E-2
8.445000E-8	3.469925E-2
8.450000E-8	3.479004E-2
8.455000E-8	3.487740E-2
8.460000E-8	3.495448E-2
8.465000E-8	3.495448E-2
8.470000E-8	3.488597E-2
8.475000E-8	3.480374E-2
8.480000E-8	3.472152E-2
8.485000E-8	3.464615E-2
8.490000E-8	3.457935E-2
8.495000E-8	3.453138E-2
8.500000E-8	3.448685E-2
8.505000E-8	3.442690E-2
8.510000E-8	3.434981E-2
8.515000E-8	3.426245E-2
8.520000E-8	3.419565E-2
8.525000E-8	3.412028E-2
8.530000E-8	3.401065E-2
8.535000E-8	3.387704E-2
8.540000E-8	3.373486E-2
8.545000E-8	3.359783E-2
8.550000E-8	3.351047E-2
8.555000E-8	3.347449E-2
8.560000E-8	3.346422E-2
8.565000E-8	3.347792E-2
8.570000E-8	3.351903E-2
8.575000E-8	3.354130E-2
8.580000E-8	3.356871E-2
8.585000E-8	3.363209E-2
8.590000E-8	3.373315E-2
8.595000E-8	3.381880E-2
8.600000E-8	3.389588E-2
8.605000E-8	3.399352E-2
8.610000E-8	3.407231E-2
8.615000E-8	3.413055E-2
8.620000E-8	3.419736E-2
8.625000E-8	3.427102E-2
8.630000E-8	3.430185E-2
8.635000E-8	3.431041E-2
8.640000E-8	3.432069E-2
8.645000E-8	3.429157E-2
8.650000E-8	3.421963E-2
8.655000E-8	3.415967E-2
8.660000E-8	3.410315E-2
8.665000E-8	3.401236E-2
8.670000E-8	3.390616E-2
8.675000E-8	3.383593E-2
8.680000E-8	3.381195E-2
8.685000E-8	3.380338E-2
8.690000E-8	3.380852E-2
8.695000E-8	3.381708E-2
8.700000E-8	3.382051E-2
8.705000E-8	3.379139E-2
8.710000E-8	3.373829E-2
8.715000E-8	3.371259E-2
8.720000E-8	3.367148E-2
8.725000E-8	3.362866E-2
8.730000E-8	3.361838E-2
8.735000E-8	3.362352E-2
8.740000E-8	3.361153E-2
8.745000E-8	3.360639E-2
8.750000E-8	3.364236E-2
8.755000E-8	3.369375E-2
8.760000E-8	3.372801E-2
8.765000E-8	3.377940E-2
8.770000E-8	3.385820E-2
8.775000E-8	3.393357E-2
8.780000E-8	3.396782E-2
8.785000E-8	3.398153E-2
8.790000E-8	3.396611E-2
8.795000E-8	3.391644E-2
8.800000E-8	3.385306E-2
8.805000E-8	3.381708E-2
8.810000E-8	3.377769E-2
8.815000E-8	3.371945E-2
8.820000E-8	3.366463E-2
8.825000E-8	3.360810E-2
8.830000E-8	3.352760E-2
8.835000E-8	3.344537E-2
8.840000E-8	3.340769E-2
8.845000E-8	3.338371E-2
8.850000E-8	3.337172E-2
8.855000E-8	3.341454E-2
8.860000E-8	3.350533E-2
8.865000E-8	3.358584E-2
8.870000E-8	3.365607E-2
8.875000E-8	3.374171E-2
8.880000E-8	3.383250E-2
8.885000E-8	3.388903E-2
8.890000E-8	3.390273E-2
8.895000E-8	3.390273E-2
8.900000E-8	3.389759E-2
8.905000E-8	3.385477E-2
8.910000E-8	3.375884E-2
8.915000E-8	3.363380E-2
8.920000E-8	3.348991E-2
8.925000E-8	3.332547E-2
8.930000E-8	3.318843E-2
8.935000E-8	3.310107E-2
8.940000E-8	3.304968E-2
8.945000E-8	3.301542E-2
8.950000E-8	3.300515E-2
8.955000E-8	3.303598E-2
8.960000E-8	3.309765E-2
8.965000E-8	3.317302E-2
8.970000E-8	3.322269E-2
8.975000E-8	3.325695E-2
8.980000E-8	3.325181E-2
8.985000E-8	3.317987E-2
8.990000E-8	3.307709E-2
8.995000E-8	3.300343E-2
9.000000E-8	3.296746E-2
9.005000E-8	3.291950E-2
9.010000E-8	3.288181E-2
9.015000E-8	3.289038E-2
9.020000E-8	3.292121E-2
9.025000E-8	3.292464E-2
9.030000E-8	3.291950E-2
9.035000E-8	3.296061E-2
9.040000E-8	3.300172E-2
9.045000E-8	3.298973E-2
9.050000E-8	3.293834E-2
9.055000E-8	3.288181E-2
9.060000E-8	3.279959E-2
9.065000E-8	3.266427E-2
9.070000E-8	3.252895E-2
9.075000E-8	3.243473E-2
9.080000E-8	3.236793E-2
9.085000E-8	3.234737E-2
9.090000E-8	3.238163E-2
9.095000E-8	3.246214E-2
9.100000E-8	3.255464E-2
9.105000E-8	3.259746E-2
9.110000E-8	3.257006E-2
9.115000E-8	3.250668E-2
9.120000E-8	3.242788E-2
9.125000E-8	3.234909E-2
9.130000E-8	3.229085E-2
9.135000E-8	3.226515E-2
9.140000E-8	3.225487E-2
9.145000E-8	3.226001E-2
9.150000E-8	3.231997E-2
9.155000E-8	3.240904E-2
9.160000E-8	3.248784E-2
9.165000E-8	3.258547E-2
9.170000E-8	3.272080E-2
9.175000E-8	3.286297E-2
9.180000E-8	3.300001E-2
9.185000E-8	3.313019E-2
9.190000E-8	3.321755E-2
9.195000E-8	3.321927E-2
9.200000E-8	3.316616E-2
9.205000E-8	3.308394E-2
9.210000E-8	3.299487E-2
9.215000E-8	3.293834E-2
9.220000E-8	3.289038E-2
9.225000E-8	3.283899E-2
9.230000E-8	3.279103E-2
9.235000E-8	3.278418E-2
9.240000E-8	3.279445E-2
9.245000E-8	3.278589E-2
9.250000E-8	3.276876E-2
9.255000E-8	3.275506E-2
9.260000E-8	3.272936E-2
9.265000E-8	3.268996E-2
9.270000E-8	3.261459E-2
9.275000E-8	3.253922E-2
9.280000E-8	3.247071E-2
9.285000E-8	3.240390E-2
9.290000E-8	3.234566E-2
9.295000E-8	3.230112E-2
9.300000E-8	3.223089E-2
9.305000E-8	3.211955E-2
9.310000E-8	3.201164E-2
9.315000E-8	3.194654E-2
9.320000E-8	3.189515E-2
9.325000E-8	3.186775E-2
9.330000E-8	3.188316E-2
9.335000E-8	3.192770E-2
9.340000E-8	3.197738E-2
9.345000E-8	3.203390E-2
9.350000E-8	3.208701E-2
9.355000E-8	3.211099E-2
9.360000E-8	3.212469E-2
9.365000E-8	3.215038E-2
9.370000E-8	3.219150E-2
9.375000E-8	3.221719E-2
9.380000E-8	3.218978E-2
9.385000E-8	3.213325E-2
9.390000E-8	3.205617E-2
9.395000E-8	3.196539E-2
9.400000E-8	3.186261E-2
9.405000E-8	3.177182E-2
9.410000E-8	3.170673E-2
9.415000E-8	3.164164E-2
9.420000E-8	3.156113E-2
9.425000E-8	3.149090E-2
9.430000E-8	3.142409E-2
9.435000E-8	3.136414E-2
9.440000E-8	3.132988E-2
9.445000E-8	3.132132E-2
9.450000E-8	3.133673E-2
9.455000E-8	3.137784E-2
9.460000E-8	3.144465E-2
9.465000E-8	3.153201E-2
9.470000E-8	3.161252E-2
9.475000E-8	3.166391E-2
9.480000E-8	3.166048E-2
9.485000E-8	3.162108E-2
9.490000E-8	3.156969E-2
9.495000E-8	3.153201E-2
9.500000E-8	3.151317E-2
9.505000E-8	3.154057E-2
9.510000E-8	3.160053E-2
9.515000E-8	3.168617E-2
9.520000E-8	3.179580E-2
9.525000E-8	3.190543E-2
9.530000E-8	3.199451E-2
9.535000E-8	3.205789E-2
9.540000E-8	3.210756E-2
9.545000E-8	3.213154E-2
9.550000E-8	3.210756E-2
9.555000E-8	3.204589E-2
9.560000E-8	3.196025E-2
9.565000E-8	3.184891E-2
9.570000E-8	3.172900E-2
9.575000E-8	3.159368E-2
9.580000E-8	3.144294E-2
9.585000E-8	3.132988E-2
9.590000E-8	3.126993E-2
9.595000E-8	3.121683E-2
9.600000E-8	3.115345E-2
9.605000E-8	3.110720E-2
9.610000E-8	3.108664E-2
9.615000E-8	3.108493E-2
9.620000E-8	3.112775E-2
9.625000E-8	3.119285E-2
9.630000E-8	3.121340E-2
9.635000E-8	3.120141E-2
9.640000E-8	3.121511E-2
9.645000E-8	3.124766E-2
9.650000E-8	3.126479E-2
9.655000E-8	3.126822E-2
9.660000E-8	3.128192E-2
9.665000E-8	3.131960E-2
9.670000E-8	3.137613E-2
9.675000E-8	3.139669E-2
9.680000E-8	3.138983E-2
9.685000E-8	3.139326E-2
9.690000E-8	3.140868E-2
9.695000E-8	3.139669E-2
9.700000E-8	3.136585E-2
9.705000E-8	3.133502E-2
9.710000E-8	3.130247E-2
9.715000E-8	3.128021E-2
9.720000E-8	3.128363E-2
9.725000E-8	3.132817E-2
9.730000E-8	3.139497E-2
9.735000E-8	3.146178E-2
9.740000E-8	3.151488E-2
9.745000E-8	3.156456E-2
9.750000E-8	3.161423E-2
9.755000E-8	3.165705E-2
9.760000E-8	3.166733E-2
9.765000E-8	3.163993E-2
9.770000E-8	3.157312E-2
9.775000E-8	3.149090E-2
9.780000E-8	3.142409E-2
9.785000E-8	3.135558E-2
9.790000E-8	3.126650E-2
9.795000E-8	3.118428E-2
9.800000E-8	3.112433E-2
9.805000E-8	3.107294E-2
9.810000E-8	3.102155E-2
9.815000E-8	3.098044E-2
9.820000E-8	3.096845E-2
9.825000E-8	3.100613E-2
9.830000E-8	3.111405E-2
9.835000E-8	3.125965E-2
9.840000E-8	3.140183E-2
9.845000E-8	3.152516E-2
9.850000E-8	3.164506E-2
9.855000E-8	3.177011E-2
9.860000E-8	3.191228E-2
9.865000E-8	3.204761E-2
9.870000E-8	3.212298E-2
9.875000E-8	3.213668E-2
9.880000E-8	3.211099E-2
9.885000E-8	3.203390E-2
9.890000E-8	3.190886E-2
9.895000E-8	3.176840E-2
9.900000E-8	3.160395E-2
9.905000E-8	3.137956E-2
9.910000E-8	3.112433E-2
9.915000E-8	3.088965E-2
9.920000E-8	3.070123E-2
9.925000E-8	3.057104E-2
9.930000E-8	3.050767E-2
9.935000E-8	3.050424E-2
9.940000E-8	3.054192E-2
9.945000E-8	3.061901E-2
9.950000E-8	3.072178E-2
9.955000E-8	3.082285E-2
9.960000E-8	3.090336E-2
9.965000E-8	3.097016E-2
9.970000E-8	3.100271E-2
9.975000E-8	3.098387E-2
9.980000E-8	3.093933E-2
9.985000E-8	3.088109E-2
9.990000E-8	3.080914E-2
9.995000E-8	3.075433E-2
1.000000E-7	3.070123E-2
1.000500E-7	3.064813E-2
1.001000E-7	3.059674E-2
1.001500E-7	3.055905E-2
1.002000E-7	3.052137E-2
1.002500E-7	3.050938E-2
1.003000E-7	3.053850E-2
1.003500E-7	3.056762E-2
1.004000E-7	3.057790E-2
1.004500E-7	3.058989E-2
1.005000E-7	3.061216E-2
1.005500E-7	3.061387E-2
1.006000E-7	3.061216E-2
1.006500E-7	3.063956E-2
1.007000E-7	3.066183E-2
1.007500E-7	3.068067E-2
1.008000E-7	3.071151E-2
1.008500E-7	3.075090E-2
1.009000E-7	3.076461E-2
1.009500E-7	3.072178E-2
1.010000E-7	3.064299E-2
1.010500E-7	3.059503E-2
1.011000E-7	3.059160E-2
1.011500E-7	3.062757E-2
1.012000E-7	3.071493E-2
1.012500E-7	3.084683E-2
1.013000E-7	3.095988E-2
1.013500E-7	3.102155E-2
1.014000E-7	3.104724E-2
1.014500E-7	3.102669E-2
1.015000E-7	3.095132E-2
1.015500E-7	3.084512E-2
1.016000E-7	3.073377E-2
1.016500E-7	3.061387E-2
1.017000E-7	3.050424E-2
1.017500E-7	3.042544E-2
1.018000E-7	3.033123E-2
1.018500E-7	3.021304E-2
1.019000E-7	3.012396E-2
1.019500E-7	3.009656E-2
1.020000E-7	3.008628E-2
1.020500E-7	3.008799E-2
1.021000E-7	3.011883E-2
1.021500E-7	3.014966E-2
1.022000E-7	3.018049E-2
1.022500E-7	3.023359E-2
1.023000E-7	3.029183E-2
1.023500E-7	3.031410E-2
1.024000E-7	3.033637E-2
1.024500E-7	3.038776E-2
1.025000E-7	3.043401E-2
1.025500E-7	3.048540E-2
1.026000E-7	3.056933E-2
1.026500E-7	3.065669E-2
1.027000E-7	3.072350E-2
1.027500E-7	3.081257E-2
1.028000E-7	3.090850E-2
1.028500E-7	3.094961E-2
1.029000E-7	3.094789E-2
1.029500E-7	3.093248E-2
1.030000E-7	3.092391E-2
1.030500E-7	3.093419E-2
1.031000E-7	3.096674E-2
1.031500E-7	3.097530E-2
1.032000E-7	3.093590E-2
1.032500E-7	3.087595E-2
1.033000E-7	3.079544E-2
1.033500E-7	3.069095E-2
1.034000E-7	3.059503E-2
1.034500E-7	3.052479E-2
1.035000E-7	3.046313E-2
1.035500E-7	3.042202E-2
1.036000E-7	3.042030E-2
1.036500E-7	3.042716E-2
1.037000E-7	3.043058E-2
1.037500E-7	3.045114E-2
1.038000E-7	3.046655E-2
1.038500E-7	3.044257E-2
1.039000E-7	3.037748E-2
1.039500E-7	3.029355E-2
1.040000E-7	3.019248E-2
1.040500E-7	3.009484E-2
1.041000E-7	3.004688E-2
1.041500E-7	3.003318E-2
1.042000E-7	3.002119E-2
1.042500E-7	3.003147E-2
1.043000E-7	3.008799E-2
1.043500E-7	3.016850E-2
1.044000E-7	3.025586E-2
1.044500E-7	3.036378E-2
1.045000E-7	3.047855E-2
1.045500E-7	3.054878E-2
1.046000E-7	3.059503E-2
1.046500E-7	3.062072E-2
1.047000E-7	3.057790E-2
1.047500E-7	3.048197E-2
1.048000E-7	3.039290E-2
1.048500E-7	3.029526E-2
1.049000E-7	3.014795E-2
1.049500E-7	3.000577E-2
1.050000E-7	2.994239E-2
1.050500E-7	2.992698E-2
1.051000E-7	2.991498E-2
1.051500E-7	2.990128E-2
1.052000E-7	2.989272E-2
1.052500E-7	2.987730E-2
1.053000E-7	2.988073E-2
1.053500E-7	2.989957E-2
1.054000E-7	2.990985E-2
1.054500E-7	2.990813E-2
1.055000E-7	2.990985E-2
1.055500E-7	2.991156E-2
1.056000E-7	2.987387E-2
1.056500E-7	2.980878E-2
1.057000E-7	2.973341E-2
1.057500E-7	2.967003E-2
1.058000E-7	2.960837E-2
1.058500E-7	2.955184E-2
1.059000E-7	2.949874E-2
1.059500E-7	2.945591E-2
1.060000E-7	2.943707E-2
1.060500E-7	2.943365E-2
1.061000E-7	2.942851E-2
1.061500E-7	2.943707E-2
1.062000E-7	2.947647E-2
1.062500E-7	2.951244E-2
1.063000E-7	2.952443E-2
1.063500E-7	2.953471E-2
1.064000E-7	2.955013E-2
1.064500E-7	2.954670E-2
1.065000E-7	2.955869E-2
1.065500E-7	2.961008E-2
1.066000E-7	2.966147E-2
1.066500E-7	2.969573E-2
1.067000E-7	2.974883E-2
1.067500E-7	2.980364E-2
1.068000E-7	2.983961E-2
1.068500E-7	2.987730E-2
1.069000E-7	2.991841E-2
1.069500E-7	2.993040E-2
1.070000E-7	2.990128E-2
1.070500E-7	2.986531E-2
1.071000E-7	2.981906E-2
1.071500E-7	2.975911E-2
1.072000E-7	2.971286E-2
1.072500E-7	2.968031E-2
1.073000E-7	2.964091E-2
1.073500E-7	2.961522E-2
1.074000E-7	2.960665E-2
1.074500E-7	2.959295E-2
1.075000E-7	2.958439E-2
1.075500E-7	2.957582E-2
1.076000E-7	2.953300E-2
1.076500E-7	2.946448E-2
1.077000E-7	2.942851E-2
1.077500E-7	2.943022E-2
1.078000E-7	2.941480E-2
1.078500E-7	2.936855E-2
1.079000E-7	2.934457E-2
1.079500E-7	2.936170E-2
1.080000E-7	2.939425E-2
1.080500E-7	2.943707E-2
1.081000E-7	2.950559E-2
1.081500E-7	2.956726E-2
1.082000E-7	2.961351E-2
1.082500E-7	2.964605E-2
1.083000E-7	2.969059E-2
1.083500E-7	2.972313E-2
1.084000E-7	2.972485E-2
1.084500E-7	2.968031E-2
1.085000E-7	2.961008E-2
1.085500E-7	2.955527E-2
1.086000E-7	2.952614E-2
1.086500E-7	2.951415E-2
1.087000E-7	2.949360E-2
1.087500E-7	2.947304E-2
1.088000E-7	2.945078E-2
1.088500E-7	2.939767E-2
1.089000E-7	2.932230E-2
1.089500E-7	2.923666E-2
1.090000E-7	2.915615E-2
1.090500E-7	2.907050E-2
1.091000E-7	2.897629E-2
1.091500E-7	2.891120E-2
1.092000E-7	2.888721E-2
1.092500E-7	2.886666E-2
1.093000E-7	2.881013E-2
1.093500E-7	2.876731E-2
1.094000E-7	2.874847E-2
1.094500E-7	2.872962E-2
1.095000E-7	2.873476E-2
1.095500E-7	2.880157E-2
1.096000E-7	2.888550E-2
1.096500E-7	2.894032E-2
1.097000E-7	2.896601E-2
1.097500E-7	2.895402E-2
1.098000E-7	2.889235E-2
1.098500E-7	2.882041E-2
1.099000E-7	2.874675E-2
1.099500E-7	2.865083E-2
1.100000E-7	2.857546E-2
1.100500E-7	2.855662E-2
1.101000E-7	2.854976E-2
1.101500E-7	2.854120E-2
1.102000E-7	2.857203E-2
1.102500E-7	2.863712E-2
1.103000E-7	2.871421E-2
1.103500E-7	2.877245E-2
1.104000E-7	2.878786E-2
1.104500E-7	2.876046E-2
1.105000E-7	2.875018E-2
1.105500E-7	2.873647E-2
1.106000E-7	2.867823E-2
1.106500E-7	2.859259E-2
1.107000E-7	2.850523E-2
1.107500E-7	2.842301E-2
1.108000E-7	2.836990E-2
1.108500E-7	2.836819E-2
1.109000E-7	2.839560E-2
1.109500E-7	2.844870E-2
1.110000E-7	2.850865E-2
1.110500E-7	2.852407E-2
1.111000E-7	2.846925E-2
1.111500E-7	2.840759E-2
1.112000E-7	2.836648E-2
1.112500E-7	2.829967E-2
1.113000E-7	2.821574E-2
1.113500E-7	2.815578E-2
1.114000E-7	2.812838E-2
1.114500E-7	2.812838E-2
1.115000E-7	2.815750E-2
1.115500E-7	2.822088E-2
1.116000E-7	2.830310E-2
1.116500E-7	2.840588E-2
1.117000E-7	2.851550E-2
1.117500E-7	2.859259E-2
1.118000E-7	2.863712E-2
1.118500E-7	2.866111E-2
1.119000E-7	2.868680E-2
1.119500E-7	2.871249E-2
1.120000E-7	2.873819E-2
1.120500E-7	2.877245E-2
1.121000E-7	2.879814E-2
1.121500E-7	2.878786E-2
1.122000E-7	2.873990E-2
1.122500E-7	2.868851E-2
1.123000E-7	2.866967E-2
1.123500E-7	2.865425E-2
1.124000E-7	2.860458E-2
1.124500E-7	2.854976E-2
1.125000E-7	2.849152E-2
1.125500E-7	2.837504E-2
1.126000E-7	2.820717E-2
1.126500E-7	2.806671E-2
1.127000E-7	2.795194E-2
1.127500E-7	2.782347E-2
1.128000E-7	2.773954E-2
1.128500E-7	2.771727E-2
1.129000E-7	2.772070E-2
1.129500E-7	2.773783E-2
1.130000E-7	2.778579E-2
1.130500E-7	2.785944E-2
1.131000E-7	2.795366E-2
1.131500E-7	2.805129E-2
1.132000E-7	2.813866E-2
1.132500E-7	2.819347E-2
1.133000E-7	2.821060E-2
1.133500E-7	2.821231E-2
1.134000E-7	2.821403E-2
1.134500E-7	2.819861E-2
1.135000E-7	2.815236E-2
1.135500E-7	2.810268E-2
1.136000E-7	2.806842E-2
1.136500E-7	2.801704E-2
1.137000E-7	2.794509E-2
1.137500E-7	2.790398E-2
1.138000E-7	2.791255E-2
1.138500E-7	2.792968E-2
1.139000E-7	2.795708E-2
1.139500E-7	2.797593E-2
1.140000E-7	2.797593E-2
1.140500E-7	2.798449E-2
1.141000E-7	2.801190E-2
1.141500E-7	2.800847E-2
1.142000E-7	2.799648E-2
1.142500E-7	2.801704E-2
1.143000E-7	2.804273E-2
1.143500E-7	2.803759E-2
1.144000E-7	2.801018E-2
1.144500E-7	2.799134E-2
1.145000E-7	2.796736E-2
1.145500E-7	2.792968E-2
1.146000E-7	2.790056E-2
1.146500E-7	2.786972E-2
1.147000E-7	2.780463E-2
1.147500E-7	2.772755E-2
1.148000E-7	2.766417E-2
1.148500E-7	2.762991E-2
1.149000E-7	2.764019E-2
1.149500E-7	2.767616E-2
1.150000E-7	2.770357E-2
1.150500E-7	2.769671E-2
1.151000E-7	2.766759E-2
1.151500E-7	2.762820E-2
1.152000E-7	2.760935E-2
1.152500E-7	2.761792E-2
1.153000E-7	2.762648E-2
1.153500E-7	2.763505E-2
1.154000E-7	2.766759E-2
1.154500E-7	2.770870E-2
1.155000E-7	2.774296E-2
1.155500E-7	2.778921E-2
1.156000E-7	2.785602E-2
1.156500E-7	2.790227E-2
1.157000E-7	2.791597E-2
1.157500E-7	2.794509E-2
1.158000E-7	2.797250E-2
1.158500E-7	2.796736E-2
1.159000E-7	2.794852E-2
1.159500E-7	2.795194E-2
1.160000E-7	2.795366E-2
1.160500E-7	2.792454E-2
1.161000E-7	2.788171E-2
1.161500E-7	2.785088E-2
1.162000E-7	2.783375E-2
1.162500E-7	2.781148E-2
1.163000E-7	2.779435E-2
1.163500E-7	2.779093E-2
1.164000E-7	2.779607E-2
1.164500E-7	2.778236E-2
1.165000E-7	2.775324E-2
1.165500E-7	2.775153E-2
1.166000E-7	2.776695E-2
1.166500E-7	2.777894E-2
1.167000E-7	2.776695E-2
1.167500E-7	2.775495E-2
1.168000E-7	2.776523E-2
1.168500E-7	2.777894E-2
1.169000E-7	2.777551E-2
1.169500E-7	2.774639E-2
1.170000E-7	2.770870E-2
1.170500E-7	2.766417E-2
1.171000E-7	2.762648E-2
1.171500E-7	2.761449E-2
1.172000E-7	2.764533E-2
1.172500E-7	2.770699E-2
1.173000E-7	2.776695E-2
1.173500E-7	2.783204E-2
1.174000E-7	2.789199E-2
1.174500E-7	2.792796E-2
1.175000E-7	2.793139E-2
1.175500E-7	2.792282E-2
1.176000E-7	2.789542E-2
1.176500E-7	2.784574E-2
1.177000E-7	2.777208E-2
1.177500E-7	2.767273E-2
1.178000E-7	2.756482E-2
1.178500E-7	2.744662E-2
1.179000E-7	2.731473E-2
1.179500E-7	2.719825E-2
1.180000E-7	2.714172E-2
1.180500E-7	2.713144E-2
1.181000E-7	2.713315E-2
1.181500E-7	2.716227E-2
1.182000E-7	2.726505E-2
1.182500E-7	2.739866E-2
1.183000E-7	2.749116E-2
1.183500E-7	2.756139E-2
1.184000E-7	2.762991E-2
1.184500E-7	2.767273E-2
1.185000E-7	2.768130E-2
1.185500E-7	2.766588E-2
1.186000E-7	2.764361E-2
1.186500E-7	2.760593E-2
1.187000E-7	2.754940E-2
1.187500E-7	2.747574E-2
1.188000E-7	2.737811E-2
1.188500E-7	2.725135E-2
1.189000E-7	2.709718E-2
1.189500E-7	2.693616E-2
1.190000E-7	2.681283E-2
1.190500E-7	2.673746E-2
1.191000E-7	2.667237E-2
1.191500E-7	2.664325E-2
1.192000E-7	2.667408E-2
1.192500E-7	2.672718E-2
1.193000E-7	2.677515E-2
1.193500E-7	2.685223E-2
1.194000E-7	2.697728E-2
1.194500E-7	2.709889E-2
1.195000E-7	2.717426E-2
1.195500E-7	2.722565E-2
1.196000E-7	2.727019E-2
1.196500E-7	2.729075E-2
1.197000E-7	2.728903E-2
1.197500E-7	2.727190E-2
1.198000E-7	2.720852E-2
1.198500E-7	2.709718E-2
1.199000E-7	2.699440E-2
1.199500E-7	2.692931E-2
1.200000E-7	2.686765E-2
1.200500E-7	2.682482E-2
1.201000E-7	2.682996E-2
1.201500E-7	2.687107E-2
1.202000E-7	2.692589E-2
1.202500E-7	2.698070E-2
1.203000E-7	2.701839E-2
1.203500E-7	2.702866E-2
1.204000E-7	2.700640E-2
1.204500E-7	2.694302E-2
1.205000E-7	2.684024E-2
1.205500E-7	2.672376E-2
1.206000E-7	2.659186E-2
1.206500E-7	2.643427E-2
1.207000E-7	2.627839E-2
1.207500E-7	2.619788E-2
1.208000E-7	2.618075E-2
1.208500E-7	2.618589E-2
1.209000E-7	2.624242E-2
1.209500E-7	2.641200E-2
1.210000E-7	2.661584E-2
1.210500E-7	2.678371E-2
1.211000E-7	2.693788E-2
1.211500E-7	2.708519E-2
1.212000E-7	2.717940E-2
1.212500E-7	2.718626E-2
1.213000E-7	2.716227E-2
1.213500E-7	2.712116E-2
1.214000E-7	2.706292E-2
1.214500E-7	2.698070E-2
1.215000E-7	2.687279E-2
1.215500E-7	2.675802E-2
1.216000E-7	2.667066E-2
1.216500E-7	2.662098E-2
1.217000E-7	2.659015E-2
1.217500E-7	2.658672E-2
1.218000E-7	2.660214E-2
1.218500E-7	2.660043E-2
1.219000E-7	2.658330E-2
1.219500E-7	2.660214E-2
1.220000E-7	2.665353E-2
1.220500E-7	2.669635E-2
1.221000E-7	2.674089E-2
1.221500E-7	2.682825E-2
1.222000E-7	2.692760E-2
1.222500E-7	2.702181E-2
1.223000E-7	2.714001E-2
1.223500E-7	2.726848E-2
1.224000E-7	2.735926E-2
1.224500E-7	2.738496E-2
1.225000E-7	2.737639E-2
1.225500E-7	2.733357E-2
1.226000E-7	2.726162E-2
1.226500E-7	2.716227E-2
1.227000E-7	2.704579E-2
1.227500E-7	2.690533E-2
1.228000E-7	2.674260E-2
1.228500E-7	2.658501E-2
1.229000E-7	2.643598E-2
1.229500E-7	2.630409E-2
1.230000E-7	2.621844E-2
1.230500E-7	2.619274E-2
1.231000E-7	2.620645E-2
1.231500E-7	2.623557E-2
1.232000E-7	2.628010E-2
1.232500E-7	2.633663E-2
1.233000E-7	2.639487E-2
1.233500E-7	2.645140E-2
1.234000E-7	2.650621E-2
1.234500E-7	2.653362E-2
1.235000E-7	2.652506E-2
1.235500E-7	2.647538E-2
1.236000E-7	2.640172E-2
1.236500E-7	2.632807E-2
1.237000E-7	2.624927E-2
1.237500E-7	2.614136E-2
1.238000E-7	2.603344E-2
1.238500E-7	2.595122E-2
1.239000E-7	2.592210E-2
1.239500E-7	2.592724E-2
1.240000E-7	2.595807E-2
1.240500E-7	2.602145E-2
1.241000E-7	2.611395E-2
1.241500E-7	2.619274E-2
1.242000E-7	2.626126E-2
1.242500E-7	2.631950E-2
1.243000E-7	2.636575E-2
1.243500E-7	2.639659E-2
1.244000E-7	2.641029E-2
1.244500E-7	2.640686E-2
1.245000E-7	2.639316E-2
1.245500E-7	2.636404E-2
1.246000E-7	2.630409E-2
1.246500E-7	2.620816E-2
1.247000E-7	2.609511E-2
1.247500E-7	2.600946E-2
1.248000E-7	2.595978E-2
1.248500E-7	2.593409E-2
1.249000E-7	2.591011E-2
1.249500E-7	2.588099E-2
1.250000E-7	2.585872E-2
1.250500E-7	2.583816E-2
1.251000E-7	2.581418E-2
1.251500E-7	2.578849E-2
1.252000E-7	2.575765E-2
1.252500E-7	2.571654E-2
1.253000E-7	2.569770E-2
1.253500E-7	2.572511E-2
1.254000E-7	2.579534E-2
1.254500E-7	2.587756E-2
1.255000E-7	2.598548E-2
1.255500E-7	2.612765E-2
1.256000E-7	2.627325E-2
1.256500E-7	2.636404E-2
1.257000E-7	2.639659E-2
1.257500E-7	2.641029E-2
1.258000E-7	2.639659E-2
1.258500E-7	2.631265E-2
1.259000E-7	2.619274E-2
1.259500E-7	2.608825E-2
1.260000E-7	2.598376E-2
1.260500E-7	2.583988E-2
1.261000E-7	2.570798E-2
1.261500E-7	2.562747E-2
1.262000E-7	2.557780E-2
1.262500E-7	2.554182E-2
1.263000E-7	2.554354E-2
1.263500E-7	2.558807E-2
1.264000E-7	2.562062E-2
1.264500E-7	2.563604E-2
1.265000E-7	2.565488E-2
1.265500E-7	2.569256E-2
1.266000E-7	2.575765E-2
1.266500E-7	2.582103E-2
1.267000E-7	2.587927E-2
1.267500E-7	2.595636E-2
1.268000E-7	2.605400E-2
1.268500E-7	2.614136E-2
1.269000E-7	2.618932E-2
1.269500E-7	2.620645E-2
1.270000E-7	2.619617E-2
1.270500E-7	2.615506E-2
1.271000E-7	2.606599E-2
1.271500E-7	2.593066E-2
1.272000E-7	2.578335E-2
1.272500E-7	2.563261E-2
1.273000E-7	2.548016E-2
1.273500E-7	2.537567E-2
1.274000E-7	2.537224E-2
1.274500E-7	2.545275E-2
1.275000E-7	2.558293E-2
1.275500E-7	2.573025E-2
1.276000E-7	2.589469E-2
1.276500E-7	2.606085E-2
1.277000E-7	2.622700E-2
1.277500E-7	2.635890E-2
1.278000E-7	2.639659E-2
1.278500E-7	2.633149E-2
1.279000E-7	2.621501E-2
1.279500E-7	2.607455E-2
1.280000E-7	2.589298E-2
1.280500E-7	2.567886E-2
1.281000E-7	2.548530E-2
1.281500E-7	2.536539E-2
1.282000E-7	2.531229E-2
1.282500E-7	2.532942E-2
1.283000E-7	2.539622E-2
1.283500E-7	2.549386E-2
1.284000E-7	2.559150E-2
1.284500E-7	2.567886E-2
1.285000E-7	2.574566E-2
1.285500E-7	2.577136E-2
1.286000E-7	2.573539E-2
1.286500E-7	2.562576E-2
1.287000E-7	2.546988E-2
1.287500E-7	2.530030E-2
1.288000E-7	2.512900E-2
1.288500E-7	2.495428E-2
1.289000E-7	2.480183E-2
1.289500E-7	2.469220E-2
1.290000E-7	2.463910E-2
1.290500E-7	2.464252E-2
1.291000E-7	2.469905E-2
1.291500E-7	2.479669E-2
1.292000E-7	2.490632E-2
1.292500E-7	2.499539E-2
1.293000E-7	2.505021E-2
1.293500E-7	2.509303E-2
1.294000E-7	2.510673E-2
1.294500E-7	2.508104E-2
1.295000E-7	2.505363E-2
1.295500E-7	2.506048E-2
1.296000E-7	2.509132E-2
1.296500E-7	2.511530E-2
1.297000E-7	2.517868E-2
1.297500E-7	2.530030E-2
1.298000E-7	2.542363E-2
1.298500E-7	2.552469E-2
1.299000E-7	2.561548E-2
1.299500E-7	2.566002E-2
1.300000E-7	2.562747E-2
1.300500E-7	2.555724E-2
1.301000E-7	2.547844E-2
1.301500E-7	2.539108E-2
1.302000E-7	2.530886E-2
1.302500E-7	2.522493E-2
1.303000E-7	2.512386E-2
1.303500E-7	2.501937E-2
1.304000E-7	2.494572E-2
1.304500E-7	2.491488E-2
1.305000E-7	2.490974E-2
1.305500E-7	2.494229E-2
1.306000E-7	2.500396E-2
1.306500E-7	2.505535E-2
1.307000E-7	2.511187E-2
1.307500E-7	2.518210E-2
1.308000E-7	2.524377E-2
1.308500E-7	2.527289E-2
1.309000E-7	2.528488E-2
1.309500E-7	2.528488E-2
1.310000E-7	2.526090E-2
1.310500E-7	2.521808E-2
1.311000E-7	2.516497E-2
1.311500E-7	2.509132E-2
1.312000E-7	2.501252E-2
1.312500E-7	2.494229E-2
1.313000E-7	2.487720E-2
1.313500E-7	2.481039E-2
1.314000E-7	2.477442E-2
1.314500E-7	2.477785E-2
1.315000E-7	2.481382E-2
1.315500E-7	2.486521E-2
1.316000E-7	2.491488E-2
1.316500E-7	2.493886E-2
1.317000E-7	2.494400E-2
1.317500E-7	2.497484E-2
1.318000E-7	2.502451E-2
1.318500E-7	2.504164E-2
1.319000E-7	2.503136E-2
1.319500E-7	2.505363E-2
1.320000E-7	2.510502E-2
1.320500E-7	2.513414E-2
1.321000E-7	2.514784E-2
1.321500E-7	2.518210E-2
1.322000E-7	2.521808E-2
1.322500E-7	2.521122E-2
1.323000E-7	2.518724E-2
1.323500E-7	2.514271E-2
1.324000E-7	2.507933E-2
1.324500E-7	2.501423E-2
1.325000E-7	2.496456E-2
1.325500E-7	2.490974E-2
1.326000E-7	2.484979E-2
1.326500E-7	2.481382E-2
1.327000E-7	2.477956E-2
1.327500E-7	2.472303E-2
1.328000E-7	2.467507E-2
1.328500E-7	2.467850E-2
1.329000E-7	2.470419E-2
1.329500E-7	2.474359E-2
1.330000E-7	2.480868E-2
1.330500E-7	2.487891E-2
1.331000E-7	2.493373E-2
1.331500E-7	2.500910E-2
1.332000E-7	2.508275E-2
1.332500E-7	2.508789E-2
1.333000E-7	2.501766E-2
1.333500E-7	2.493030E-2
1.334000E-7	2.483609E-2
1.334500E-7	2.469049E-2
1.335000E-7	2.451234E-2
1.335500E-7	2.434618E-2
1.336000E-7	2.422799E-2
1.336500E-7	2.415947E-2
1.337000E-7	2.413035E-2
1.337500E-7	2.414406E-2
1.338000E-7	2.420572E-2
1.338500E-7	2.429651E-2
1.339000E-7	2.437359E-2
1.339500E-7	2.441813E-2
1.340000E-7	2.443868E-2
1.340500E-7	2.442669E-2
1.341000E-7	2.438901E-2
1.341500E-7	2.434105E-2
1.342000E-7	2.430850E-2
1.342500E-7	2.428280E-2
1.343000E-7	2.424341E-2
1.343500E-7	2.418003E-2
1.344000E-7	2.411836E-2
1.344500E-7	2.405498E-2
1.345000E-7	2.398475E-2
1.345500E-7	2.393165E-2
1.346000E-7	2.393508E-2
1.346500E-7	2.398989E-2
1.347000E-7	2.407554E-2
1.347500E-7	2.416975E-2
1.348000E-7	2.427595E-2
1.348500E-7	2.436674E-2
1.349000E-7	2.444211E-2
1.349500E-7	2.450035E-2
1.350000E-7	2.454660E-2
1.350500E-7	2.458771E-2
1.351000E-7	2.465451E-2
1.351500E-7	2.470762E-2
1.352000E-7	2.469734E-2
1.352500E-7	2.463396E-2
1.353000E-7	2.455003E-2
1.353500E-7	2.444896E-2
1.354000E-7	2.433077E-2
1.354500E-7	2.422456E-2
1.355000E-7	2.413892E-2
1.355500E-7	2.404128E-2
1.356000E-7	2.395221E-2
1.356500E-7	2.388197E-2
1.357000E-7	2.381688E-2
1.357500E-7	2.376721E-2
1.358000E-7	2.378434E-2
1.358500E-7	2.385799E-2
1.359000E-7	2.393336E-2
1.359500E-7	2.400017E-2
1.360000E-7	2.408239E-2
1.360500E-7	2.416804E-2
1.361000E-7	2.424169E-2
1.361500E-7	2.428109E-2
1.362000E-7	2.426910E-2
1.362500E-7	2.423998E-2
1.363000E-7	2.423142E-2
1.363500E-7	2.418688E-2
1.364000E-7	2.406012E-2
1.364500E-7	2.391623E-2
1.365000E-7	2.379975E-2
1.365500E-7	2.366272E-2
1.366000E-7	2.350513E-2
1.366500E-7	2.340749E-2
1.367000E-7	2.337323E-2
1.367500E-7	2.334240E-2
1.368000E-7	2.332527E-2
1.368500E-7	2.336980E-2
1.369000E-7	2.343147E-2
1.369500E-7	2.348971E-2
1.370000E-7	2.355309E-2
1.370500E-7	2.359591E-2
1.371000E-7	2.358735E-2
1.371500E-7	2.356165E-2
1.372000E-7	2.354624E-2
1.372500E-7	2.352568E-2
1.373000E-7	2.351540E-2
1.373500E-7	2.352054E-2
1.374000E-7	2.354452E-2
1.374500E-7	2.359077E-2
1.375000E-7	2.364730E-2
1.375500E-7	2.368841E-2
1.376000E-7	2.370211E-2
1.376500E-7	2.371411E-2
1.377000E-7	2.372096E-2
1.377500E-7	2.369698E-2
1.378000E-7	2.367813E-2
1.378500E-7	2.368670E-2
1.379000E-7	2.369869E-2
1.379500E-7	2.371068E-2
1.380000E-7	2.374151E-2
1.380500E-7	2.380489E-2
1.381000E-7	2.388026E-2
1.381500E-7	2.396420E-2
1.382000E-7	2.406697E-2
1.382500E-7	2.416975E-2
1.383000E-7	2.425711E-2
1.383500E-7	2.430850E-2
1.384000E-7	2.432049E-2
1.384500E-7	2.426568E-2
1.385000E-7	2.415262E-2
1.385500E-7	2.401045E-2
1.386000E-7	2.386656E-2
1.386500E-7	2.372610E-2
1.387000E-7	2.359249E-2
1.387500E-7	2.349485E-2
1.388000E-7	2.345374E-2
1.388500E-7	2.345031E-2
1.389000E-7	2.347601E-2
1.389500E-7	2.355823E-2
1.390000E-7	2.369012E-2
1.390500E-7	2.382031E-2
1.391000E-7	2.390424E-2
1.391500E-7	2.398133E-2
1.392000E-7	2.404299E-2
1.392500E-7	2.405498E-2
1.393000E-7	2.402758E-2
1.393500E-7	2.395906E-2
1.394000E-7	2.386313E-2
1.394500E-7	2.374323E-2
1.395000E-7	2.363017E-2
1.395500E-7	2.353938E-2
1.396000E-7	2.347258E-2
1.396500E-7	2.342976E-2
1.397000E-7	2.346230E-2
1.397500E-7	2.356508E-2
1.398000E-7	2.368499E-2
1.398500E-7	2.381003E-2
1.399000E-7	2.395049E-2
1.399500E-7	2.405156E-2
1.400000E-7	2.408068E-2
1.400500E-7	2.408924E-2
1.401000E-7	2.409609E-2
1.401500E-7	2.406183E-2
1.402000E-7	2.399674E-2
1.402500E-7	2.394364E-2
1.403000E-7	2.387855E-2
1.403500E-7	2.377920E-2
1.404000E-7	2.369869E-2
1.404500E-7	2.366443E-2
1.405000E-7	2.361647E-2
1.405500E-7	2.354624E-2
1.406000E-7	2.349656E-2
1.406500E-7	2.346573E-2
1.407000E-7	2.344175E-2
1.407500E-7	2.343489E-2
1.408000E-7	2.343147E-2
1.408500E-7	2.342290E-2
1.409000E-7	2.343832E-2
1.409500E-7	2.347943E-2
1.410000E-7	2.351198E-2
1.410500E-7	2.355138E-2
1.411000E-7	2.360276E-2
1.411500E-7	2.363017E-2
1.412000E-7	2.361647E-2
1.412500E-7	2.361475E-2
1.413000E-7	2.360790E-2
1.413500E-7	2.356850E-2
1.414000E-7	2.352397E-2
1.414500E-7	2.351026E-2
1.415000E-7	2.348457E-2
1.415500E-7	2.343661E-2
1.416000E-7	2.341777E-2
1.416500E-7	2.343489E-2
1.417000E-7	2.346230E-2
1.417500E-7	2.348971E-2
1.418000E-7	2.354452E-2
1.418500E-7	2.360105E-2
1.419000E-7	2.365929E-2
1.419500E-7	2.373466E-2
1.420000E-7	2.379119E-2
1.420500E-7	2.380318E-2
1.421000E-7	2.377577E-2
1.421500E-7	2.370211E-2
1.422000E-7	2.356850E-2
1.422500E-7	2.341263E-2
1.423000E-7	2.326531E-2
1.423500E-7	2.308545E-2
1.424000E-7	2.289532E-2
1.424500E-7	2.274971E-2
1.425000E-7	2.265722E-2
1.425500E-7	2.258356E-2
1.426000E-7	2.254245E-2
1.426500E-7	2.257157E-2
1.427000E-7	2.264009E-2
1.427500E-7	2.268634E-2
1.428000E-7	2.270004E-2
1.428500E-7	2.272231E-2
1.429000E-7	2.275143E-2
1.429500E-7	2.275657E-2
1.430000E-7	2.273601E-2
1.430500E-7	2.271374E-2
1.431000E-7	2.267777E-2
1.431500E-7	2.260583E-2
1.432000E-7	2.254073E-2
1.432500E-7	2.251504E-2
1.433000E-7	2.249791E-2
1.433500E-7	2.247907E-2
1.434000E-7	2.251161E-2
1.434500E-7	2.259726E-2
1.435000E-7	2.269661E-2
1.435500E-7	2.279425E-2
1.436000E-7	2.292444E-2
1.436500E-7	2.307004E-2
1.437000E-7	2.318309E-2
1.437500E-7	2.327902E-2
1.438000E-7	2.336980E-2
1.438500E-7	2.343318E-2
1.439000E-7	2.345888E-2
1.439500E-7	2.347429E-2
1.440000E-7	2.349313E-2
1.440500E-7	2.350855E-2
1.441000E-7	2.352054E-2
1.441500E-7	2.353425E-2
1.442000E-7	2.353082E-2
1.442500E-7	2.347601E-2
1.443000E-7	2.339378E-2
1.443500E-7	2.332527E-2
1.444000E-7	2.324304E-2
1.444500E-7	2.314027E-2
1.445000E-7	2.306147E-2
1.445500E-7	2.301351E-2
1.446000E-7	2.296041E-2
1.446500E-7	2.290217E-2
1.447000E-7	2.286791E-2
1.447500E-7	2.284735E-2
1.448000E-7	2.281481E-2
1.448500E-7	2.279596E-2
1.449000E-7	2.277541E-2
1.449500E-7	2.274286E-2
1.450000E-7	2.273087E-2
1.450500E-7	2.272573E-2
1.451000E-7	2.268634E-2
1.451500E-7	2.264694E-2
1.452000E-7	2.265722E-2
1.452500E-7	2.267434E-2
1.453000E-7	2.265550E-2
1.453500E-7	2.263323E-2
1.454000E-7	2.262296E-2
1.454500E-7	2.259384E-2
1.455000E-7	2.256814E-2
1.455500E-7	2.258698E-2
1.456000E-7	2.260754E-2
1.456500E-7	2.261610E-2
1.457000E-7	2.264865E-2
1.457500E-7	2.273430E-2
1.458000E-7	2.283365E-2
1.458500E-7	2.291758E-2
1.459000E-7	2.299638E-2
1.459500E-7	2.309402E-2
1.460000E-7	2.319508E-2
1.460500E-7	2.326017E-2
1.461000E-7	2.329443E-2
1.461500E-7	2.329101E-2
1.462000E-7	2.325503E-2
1.462500E-7	2.318138E-2
1.463000E-7	2.308203E-2
1.463500E-7	2.297754E-2
1.464000E-7	2.289703E-2
1.464500E-7	2.280795E-2
1.465000E-7	2.271032E-2
1.465500E-7	2.262467E-2
1.466000E-7	2.256300E-2
1.466500E-7	2.251333E-2
1.467000E-7	2.249791E-2
1.467500E-7	2.250648E-2
1.468000E-7	2.251161E-2
1.468500E-7	2.249962E-2
1.469000E-7	2.249791E-2
1.469500E-7	2.252018E-2
1.470000E-7	2.255273E-2
1.470500E-7	2.256814E-2
1.471000E-7	2.256814E-2
1.471500E-7	2.256985E-2
1.472000E-7	2.259212E-2
1.472500E-7	2.262296E-2
1.473000E-7	2.262810E-2
1.473500E-7	2.260240E-2
1.474000E-7	2.256814E-2
1.474500E-7	2.255101E-2
1.475000E-7	2.255958E-2
1.475500E-7	2.257842E-2
1.476000E-7	2.260754E-2
1.476500E-7	2.266578E-2
1.477000E-7	2.274629E-2
1.477500E-7	2.282337E-2
1.478000E-7	2.289018E-2
1.478500E-7	2.295013E-2
1.479000E-7	2.300323E-2
1.479500E-7	2.303235E-2
1.480000E-7	2.302550E-2
1.480500E-7	2.298953E-2
1.481000E-7	2.293471E-2
1.481500E-7	2.287305E-2
1.482000E-7	2.279768E-2
1.482500E-7	2.270689E-2
1.483000E-7	2.261953E-2
1.483500E-7	2.256472E-2
1.484000E-7	2.252703E-2
1.484500E-7	2.248763E-2
1.485000E-7	2.243796E-2
1.485500E-7	2.239685E-2
1.486000E-7	2.236601E-2
1.486500E-7	2.233518E-2
1.487000E-7	2.230435E-2
1.487500E-7	2.226666E-2
1.488000E-7	2.222726E-2
1.488500E-7	2.218444E-2
1.489000E-7	2.216731E-2
1.489500E-7	2.217245E-2
1.490000E-7	2.215361E-2
1.490500E-7	2.208852E-2
1.491000E-7	2.200287E-2
1.491500E-7	2.192407E-2
1.492000E-7	2.185042E-2
1.492500E-7	2.179560E-2
1.493000E-7	2.176306E-2
1.493500E-7	2.174079E-2
1.494000E-7	2.174935E-2
1.494500E-7	2.179903E-2
1.495000E-7	2.188296E-2
1.495500E-7	2.198403E-2
1.496000E-7	2.207481E-2
1.496500E-7	2.213477E-2
1.497000E-7	2.217588E-2
1.497500E-7	2.220500E-2
1.498000E-7	2.221527E-2
1.498500E-7	2.222898E-2
1.499000E-7	2.224782E-2
1.499500E-7	2.223412E-2
1.500000E-7	2.220157E-2
1.500500E-7	2.219301E-2
1.501000E-7	2.221356E-2
1.501500E-7	2.223754E-2
1.502000E-7	2.227351E-2
1.502500E-7	2.234375E-2
1.503000E-7	2.242254E-2
1.503500E-7	2.246536E-2
1.504000E-7	2.246879E-2
1.504500E-7	2.244310E-2
1.505000E-7	2.238828E-2
1.505500E-7	2.229750E-2
1.506000E-7	2.218958E-2
1.506500E-7	2.209537E-2
1.507000E-7	2.200629E-2
1.507500E-7	2.192921E-2
1.508000E-7	2.189324E-2
1.508500E-7	2.190009E-2
1.509000E-7	2.191893E-2
1.509500E-7	2.196690E-2
1.510000E-7	2.206796E-2
1.510500E-7	2.219129E-2
1.511000E-7	2.229578E-2
1.511500E-7	2.238314E-2
1.512000E-7	2.245166E-2
1.512500E-7	2.246879E-2
1.513000E-7	2.243796E-2
1.513500E-7	2.238143E-2
1.514000E-7	2.229921E-2
1.514500E-7	2.219129E-2
1.515000E-7	2.207653E-2
1.515500E-7	2.195662E-2
1.516000E-7	2.181616E-2
1.516500E-7	2.167056E-2
1.517000E-7	2.153352E-2
1.517500E-7	2.141875E-2
1.518000E-7	2.133482E-2
1.518500E-7	2.129028E-2
1.519000E-7	2.128172E-2
1.519500E-7	2.132625E-2
1.520000E-7	2.142903E-2
1.520500E-7	2.155750E-2
1.521000E-7	2.168083E-2
1.521500E-7	2.181102E-2
1.522000E-7	2.195319E-2
1.522500E-7	2.208338E-2
1.523000E-7	2.219301E-2
1.523500E-7	2.225467E-2
1.524000E-7	2.225125E-2
1.524500E-7	2.219472E-2
1.525000E-7	2.210565E-2
1.525500E-7	2.198060E-2
1.526000E-7	2.182643E-2
1.526500E-7	2.167398E-2
1.527000E-7	2.154722E-2
1.527500E-7	2.143759E-2
1.528000E-7	2.134852E-2
1.528500E-7	2.130741E-2
1.529000E-7	2.131598E-2
1.529500E-7	2.138278E-2
1.530000E-7	2.148556E-2
1.530500E-7	2.159519E-2
1.531000E-7	2.170653E-2
1.531500E-7	2.181444E-2
1.532000E-7	2.187268E-2
1.532500E-7	2.185213E-2
1.533000E-7	2.176134E-2
1.533500E-7	2.162259E-2
1.534000E-7	2.144273E-2
1.534500E-7	2.124574E-2
1.535000E-7	2.104533E-2
1.535500E-7	2.086890E-2
1.536000E-7	2.073700E-2
1.536500E-7	2.066163E-2
1.537000E-7	2.065820E-2
1.537500E-7	2.072158E-2
1.538000E-7	2.083121E-2
1.538500E-7	2.094769E-2
1.539000E-7	2.110014E-2
1.539500E-7	2.127829E-2
1.540000E-7	2.145301E-2
1.540500E-7	2.158148E-2
1.541000E-7	2.166542E-2
1.541500E-7	2.170824E-2
1.542000E-7	2.168940E-2
1.542500E-7	2.162773E-2
1.543000E-7	2.153695E-2
1.543500E-7	2.145130E-2
1.544000E-7	2.136736E-2
1.544500E-7	2.126801E-2
1.545000E-7	2.116524E-2
1.545500E-7	2.108987E-2
1.546000E-7	2.108130E-2
1.546500E-7	2.112241E-2
1.547000E-7	2.118922E-2
1.547500E-7	2.127658E-2
1.548000E-7	2.138621E-2
1.548500E-7	2.150954E-2
1.549000E-7	2.160375E-2
1.549500E-7	2.165857E-2
1.550000E-7	2.167741E-2
1.550500E-7	2.165514E-2
1.551000E-7	2.157806E-2
1.551500E-7	2.148384E-2
1.552000E-7	2.138963E-2
1.552500E-7	2.129371E-2
1.553000E-7	2.120292E-2
1.553500E-7	2.114297E-2
1.554000E-7	2.112241E-2
1.554500E-7	2.113440E-2
1.555000E-7	2.119949E-2
1.555500E-7	2.129542E-2
1.556000E-7	2.139477E-2
1.556500E-7	2.148727E-2
1.557000E-7	2.157634E-2
1.557500E-7	2.161403E-2
1.558000E-7	2.160546E-2
1.558500E-7	2.158148E-2
1.559000E-7	2.152667E-2
1.559500E-7	2.142389E-2
1.560000E-7	2.130741E-2
1.560500E-7	2.122176E-2
1.561000E-7	2.116524E-2
1.561500E-7	2.111899E-2
1.562000E-7	2.109672E-2
1.562500E-7	2.111385E-2
1.563000E-7	2.114125E-2
1.563500E-7	2.114297E-2
1.564000E-7	2.112584E-2
1.564500E-7	2.111727E-2
1.565000E-7	2.110528E-2
1.565500E-7	2.106417E-2
1.566000E-7	2.102306E-2
1.566500E-7	2.099908E-2
1.567000E-7	2.097681E-2
1.567500E-7	2.092542E-2
1.568000E-7	2.086033E-2
1.568500E-7	2.080380E-2
1.569000E-7	2.076612E-2
1.569500E-7	2.074728E-2
1.570000E-7	2.073700E-2
1.570500E-7	2.074728E-2
1.571000E-7	2.075584E-2
1.571500E-7	2.076269E-2
1.572000E-7	2.075070E-2
1.572500E-7	2.070959E-2
1.573000E-7	2.064964E-2
1.573500E-7	2.056742E-2
1.574000E-7	2.048691E-2
1.574500E-7	2.041839E-2
1.575000E-7	2.034473E-2
1.575500E-7	2.028307E-2
1.576000E-7	2.026422E-2
1.576500E-7	2.031733E-2
1.577000E-7	2.042524E-2
1.577500E-7	2.055371E-2
1.578000E-7	2.069589E-2
1.578500E-7	2.087232E-2
1.579000E-7	2.105218E-2
1.579500E-7	2.117209E-2
1.580000E-7	2.123718E-2
1.580500E-7	2.127829E-2
1.581000E-7	2.129371E-2
1.581500E-7	2.126287E-2
1.582000E-7	2.118922E-2
1.582500E-7	2.108815E-2
1.583000E-7	2.098024E-2
1.583500E-7	2.087917E-2
1.584000E-7	2.078839E-2
1.584500E-7	2.069931E-2
1.585000E-7	2.062394E-2
1.585500E-7	2.055029E-2
1.586000E-7	2.048862E-2
1.586500E-7	2.044066E-2
1.587000E-7	2.039612E-2
1.587500E-7	2.035672E-2
1.588000E-7	2.034645E-2
1.588500E-7	2.036186E-2
1.589000E-7	2.039783E-2
1.589500E-7	2.045950E-2
1.590000E-7	2.053316E-2
1.590500E-7	2.059482E-2
1.591000E-7	2.064964E-2
1.591500E-7	2.072843E-2
1.592000E-7	2.078839E-2
1.592500E-7	2.081408E-2
1.593000E-7	2.082436E-2
1.593500E-7	2.081579E-2
1.594000E-7	2.078667E-2
1.594500E-7	2.073529E-2
1.595000E-7	2.067362E-2
1.595500E-7	2.062223E-2
1.596000E-7	2.059140E-2
1.596500E-7	2.057255E-2
1.597000E-7	2.056742E-2
1.597500E-7	2.059654E-2
1.598000E-7	2.065992E-2
1.598500E-7	2.071987E-2
1.599000E-7	2.077468E-2
1.599500E-7	2.083635E-2
1.600000E-7	2.088089E-2
1.600500E-7	2.088260E-2
1.601000E-7	2.083292E-2
1.601500E-7	2.075584E-2
1.602000E-7	2.069075E-2
1.602500E-7	2.064107E-2
1.603000E-7	2.058455E-2
1.603500E-7	2.052288E-2
1.604000E-7	2.048177E-2
1.604500E-7	2.045265E-2
1.605000E-7	2.042353E-2
1.605500E-7	2.039955E-2
1.606000E-7	2.038242E-2
1.606500E-7	2.038070E-2
1.607000E-7	2.039783E-2
1.607500E-7	2.041154E-2
1.608000E-7	2.043038E-2
1.608500E-7	2.046635E-2
1.609000E-7	2.051603E-2
1.609500E-7	2.055714E-2
1.610000E-7	2.059140E-2
1.610500E-7	2.062394E-2
1.611000E-7	2.063080E-2
1.611500E-7	2.062566E-2
1.612000E-7	2.061709E-2
1.612500E-7	2.059311E-2
1.613000E-7	2.054343E-2
1.613500E-7	2.050575E-2
1.614000E-7	2.049890E-2
1.614500E-7	2.049719E-2
1.615000E-7	2.047663E-2
1.615500E-7	2.047320E-2
1.616000E-7	2.049376E-2
1.616500E-7	2.050575E-2
1.617000E-7	2.053316E-2
1.617500E-7	2.061367E-2
1.618000E-7	2.070617E-2
1.618500E-7	2.073529E-2
1.619000E-7	2.072672E-2
1.619500E-7	2.072501E-2
1.620000E-7	2.069589E-2
1.620500E-7	2.059996E-2
1.621000E-7	2.048519E-2
1.621500E-7	2.038756E-2
1.622000E-7	2.028478E-2
1.622500E-7	2.016145E-2
1.623000E-7	2.003469E-2
1.623500E-7	1.993705E-2
1.624000E-7	1.987710E-2
1.624500E-7	1.982057E-2
1.625000E-7	1.976404E-2
1.625500E-7	1.975548E-2
1.626000E-7	1.978117E-2
1.626500E-7	1.978974E-2
1.627000E-7	1.977775E-2
1.627500E-7	1.978117E-2
1.628000E-7	1.978460E-2
1.628500E-7	1.975034E-2
1.629000E-7	1.967668E-2
1.629500E-7	1.959103E-2
1.630000E-7	1.949511E-2
1.630500E-7	1.940261E-2
1.631000E-7	1.932553E-2
1.631500E-7	1.926900E-2
1.632000E-7	1.927585E-2
1.632500E-7	1.936150E-2
1.633000E-7	1.950539E-2
1.633500E-7	1.968696E-2
1.634000E-7	1.990793E-2
1.634500E-7	2.013233E-2
1.635000E-7	2.032932E-2
1.635500E-7	2.048862E-2
1.636000E-7	2.059825E-2
1.636500E-7	2.064279E-2
1.637000E-7	2.062394E-2
1.637500E-7	2.056056E-2
1.638000E-7	2.044922E-2
1.638500E-7	2.028649E-2
1.639000E-7	2.009635E-2
1.639500E-7	1.993191E-2
1.640000E-7	1.983427E-2
1.640500E-7	1.978460E-2
1.641000E-7	1.975548E-2
1.641500E-7	1.973835E-2
1.642000E-7	1.973835E-2
1.642500E-7	1.973321E-2
1.643000E-7	1.970066E-2
1.643500E-7	1.966127E-2
1.644000E-7	1.963043E-2
1.644500E-7	1.962015E-2
1.645000E-7	1.960645E-2
1.645500E-7	1.959617E-2
1.646000E-7	1.959617E-2
1.646500E-7	1.961844E-2
1.647000E-7	1.966812E-2
1.647500E-7	1.971951E-2
1.648000E-7	1.978460E-2
1.648500E-7	1.987196E-2
1.649000E-7	1.995932E-2
1.649500E-7	2.001756E-2
1.650000E-7	2.006895E-2
1.650500E-7	2.011691E-2
1.651000E-7	2.012205E-2
1.651500E-7	2.008436E-2
1.652000E-7	2.003469E-2
1.652500E-7	1.996103E-2
1.653000E-7	1.986168E-2
1.653500E-7	1.976576E-2
1.654000E-7	1.969552E-2
1.654500E-7	1.965613E-2
1.655000E-7	1.965441E-2
1.655500E-7	1.967840E-2
1.656000E-7	1.971265E-2
1.656500E-7	1.976747E-2
1.657000E-7	1.982913E-2
1.657500E-7	1.985825E-2
1.658000E-7	1.984626E-2
1.658500E-7	1.983599E-2
1.659000E-7	1.983256E-2
1.659500E-7	1.978631E-2
1.660000E-7	1.970923E-2
1.660500E-7	1.964071E-2
1.661000E-7	1.957391E-2
1.661500E-7	1.949682E-2
1.662000E-7	1.945057E-2
1.662500E-7	1.944886E-2
1.663000E-7	1.945742E-2
1.663500E-7	1.943858E-2
1.664000E-7	1.941631E-2
1.664500E-7	1.941974E-2
1.665000E-7	1.945742E-2
1.665500E-7	1.948997E-2
1.666000E-7	1.950881E-2
1.666500E-7	1.954307E-2
1.667000E-7	1.958418E-2
1.667500E-7	1.960474E-2
1.668000E-7	1.961844E-2
1.668500E-7	1.963215E-2
1.669000E-7	1.963728E-2
1.669500E-7	1.962358E-2
1.670000E-7	1.960645E-2
1.670500E-7	1.957391E-2
1.671000E-7	1.954307E-2
1.671500E-7	1.953793E-2
1.672000E-7	1.954821E-2
1.672500E-7	1.953793E-2
1.673000E-7	1.951053E-2
1.673500E-7	1.948141E-2
1.674000E-7	1.944030E-2
1.674500E-7	1.939576E-2
1.675000E-7	1.936664E-2
1.675500E-7	1.935122E-2
1.676000E-7	1.934266E-2
1.676500E-7	1.934266E-2
1.677000E-7	1.933923E-2
1.677500E-7	1.934094E-2
1.678000E-7	1.937349E-2
1.678500E-7	1.944030E-2
1.679000E-7	1.952252E-2
1.679500E-7	1.961502E-2
1.680000E-7	1.970580E-2
1.680500E-7	1.976404E-2
1.681000E-7	1.978117E-2
1.681500E-7	1.976747E-2
1.682000E-7	1.970752E-2
1.682500E-7	1.960303E-2
1.683000E-7	1.947969E-2
1.683500E-7	1.936150E-2
1.684000E-7	1.926729E-2
1.684500E-7	1.921419E-2
1.685000E-7	1.921419E-2
1.685500E-7	1.924844E-2
1.686000E-7	1.930668E-2
1.686500E-7	1.938034E-2
1.687000E-7	1.943516E-2
1.687500E-7	1.945400E-2
1.688000E-7	1.944543E-2
1.688500E-7	1.940946E-2
1.689000E-7	1.935293E-2
1.689500E-7	1.929469E-2
1.690000E-7	1.923817E-2
1.690500E-7	1.916108E-2
1.691000E-7	1.909771E-2
1.691500E-7	1.908400E-2
1.692000E-7	1.912854E-2
1.692500E-7	1.921419E-2
1.693000E-7	1.934608E-2
1.693500E-7	1.949511E-2
1.694000E-7	1.964414E-2
1.694500E-7	1.978117E-2
1.695000E-7	1.989423E-2
1.695500E-7	1.996788E-2
1.696000E-7	1.997816E-2
1.696500E-7	1.994048E-2
1.697000E-7	1.984113E-2
1.697500E-7	1.969039E-2
1.698000E-7	1.952937E-2
1.698500E-7	1.939405E-2
1.699000E-7	1.928613E-2
1.699500E-7	1.921761E-2
1.700000E-7	1.918849E-2
1.700500E-7	1.917650E-2
1.701000E-7	1.915595E-2
1.701500E-7	1.913368E-2
1.702000E-7	1.912854E-2
1.702500E-7	1.911826E-2
1.703000E-7	1.909942E-2
1.703500E-7	1.907886E-2
1.704000E-7	1.906002E-2
1.704500E-7	1.903946E-2
1.705000E-7	1.902234E-2
1.705500E-7	1.902919E-2
1.706000E-7	1.906516E-2
1.706500E-7	1.909428E-2
1.707000E-7	1.909771E-2
1.707500E-7	1.909942E-2
1.708000E-7	1.910798E-2
1.708500E-7	1.911141E-2
1.709000E-7	1.909085E-2
1.709500E-7	1.907030E-2
1.710000E-7	1.903946E-2
1.710500E-7	1.896409E-2
1.711000E-7	1.885275E-2
1.711500E-7	1.876539E-2
1.712000E-7	1.871914E-2
1.712500E-7	1.868317E-2
1.713000E-7	1.866947E-2
1.713500E-7	1.872428E-2
1.714000E-7	1.882021E-2
1.714500E-7	1.890757E-2
1.715000E-7	1.900521E-2
1.715500E-7	1.911483E-2
1.716000E-7	1.919192E-2
1.716500E-7	1.921076E-2
1.717000E-7	1.918678E-2
1.717500E-7	1.913368E-2
1.718000E-7	1.905659E-2
1.718500E-7	1.900349E-2
1.719000E-7	1.898122E-2
1.719500E-7	1.896067E-2
1.720000E-7	1.894011E-2
1.720500E-7	1.893840E-2
1.721000E-7	1.892641E-2
1.721500E-7	1.890243E-2
1.722000E-7	1.888701E-2
1.722500E-7	1.888530E-2
1.723000E-7	1.887160E-2
1.723500E-7	1.885275E-2
1.724000E-7	1.882877E-2
1.724500E-7	1.878081E-2
1.725000E-7	1.871400E-2
1.725500E-7	1.866262E-2
1.726000E-7	1.861294E-2
1.726500E-7	1.853757E-2
1.727000E-7	1.846220E-2
1.727500E-7	1.843993E-2
1.728000E-7	1.846734E-2
1.728500E-7	1.852215E-2
1.729000E-7	1.858382E-2
1.729500E-7	1.866947E-2
1.730000E-7	1.877224E-2
1.730500E-7	1.889386E-2
1.731000E-7	1.899322E-2
1.731500E-7	1.906002E-2
1.732000E-7	1.911655E-2
1.732500E-7	1.917821E-2
1.733000E-7	1.922446E-2
1.733500E-7	1.924331E-2
1.734000E-7	1.922960E-2
1.734500E-7	1.916622E-2
1.735000E-7	1.907715E-2
1.735500E-7	1.898979E-2
1.736000E-7	1.890414E-2
1.736500E-7	1.881849E-2
1.737000E-7	1.877396E-2
1.737500E-7	1.877910E-2
1.738000E-7	1.881336E-2
1.738500E-7	1.886474E-2
1.739000E-7	1.893497E-2
1.739500E-7	1.901891E-2
1.740000E-7	1.909771E-2
1.740500E-7	1.914909E-2
1.741000E-7	1.916108E-2
1.741500E-7	1.911312E-2
1.742000E-7	1.903433E-2
1.742500E-7	1.893497E-2
1.743000E-7	1.879965E-2
1.743500E-7	1.863863E-2
1.744000E-7	1.849475E-2
1.744500E-7	1.838512E-2
1.745000E-7	1.832516E-2
1.745500E-7	1.830975E-2
1.746000E-7	1.833544E-2
1.746500E-7	1.839711E-2
1.747000E-7	1.848789E-2
1.747500E-7	1.857354E-2
1.748000E-7	1.866262E-2
1.748500E-7	1.875340E-2
1.749000E-7	1.883562E-2
1.749500E-7	1.887845E-2
1.750000E-7	1.886646E-2
1.750500E-7	1.879109E-2
1.751000E-7	1.866262E-2
1.751500E-7	1.850845E-2
1.752000E-7	1.836285E-2
1.752500E-7	1.821554E-2
1.753000E-7	1.807336E-2
1.753500E-7	1.795345E-2
1.754000E-7	1.788494E-2
1.754500E-7	1.787980E-2
1.755000E-7	1.793119E-2
1.755500E-7	1.800313E-2
1.756000E-7	1.808535E-2
1.756500E-7	1.818128E-2
1.757000E-7	1.828063E-2
1.757500E-7	1.835086E-2
1.758000E-7	1.840396E-2
1.758500E-7	1.844850E-2
1.759000E-7	1.848276E-2
1.759500E-7	1.849646E-2
1.760000E-7	1.851188E-2
1.760500E-7	1.851873E-2
1.761000E-7	1.850502E-2
1.761500E-7	1.847933E-2
1.762000E-7	1.842452E-2
1.762500E-7	1.834572E-2
1.763000E-7	1.828063E-2
1.763500E-7	1.824808E-2
1.764000E-7	1.821554E-2
1.764500E-7	1.817442E-2
1.765000E-7	1.817956E-2
1.765500E-7	1.821554E-2
1.766000E-7	1.824294E-2
1.766500E-7	1.825836E-2
1.767000E-7	1.828577E-2
1.767500E-7	1.832688E-2
1.768000E-7	1.836114E-2
1.768500E-7	1.839882E-2
1.769000E-7	1.843993E-2
1.769500E-7	1.847590E-2
1.770000E-7	1.849646E-2
1.770500E-7	1.851188E-2
1.771000E-7	1.851188E-2
1.771500E-7	1.848447E-2
1.772000E-7	1.843651E-2
1.772500E-7	1.836628E-2
1.773000E-7	1.826521E-2
1.773500E-7	1.816929E-2
1.774000E-7	1.810933E-2
1.774500E-7	1.808021E-2
1.775000E-7	1.805966E-2
1.775500E-7	1.805794E-2
1.776000E-7	1.810077E-2
1.776500E-7	1.814702E-2
1.777000E-7	1.818299E-2
1.777500E-7	1.823609E-2
1.778000E-7	1.830632E-2
1.778500E-7	1.834915E-2
1.779000E-7	1.835086E-2
1.779500E-7	1.835086E-2
1.780000E-7	1.834229E-2
1.780500E-7	1.832174E-2
1.781000E-7	1.829604E-2
1.781500E-7	1.827378E-2
1.782000E-7	1.824294E-2
1.782500E-7	1.819155E-2
1.783000E-7	1.811961E-2
1.783500E-7	1.804767E-2
1.784000E-7	1.798600E-2
1.784500E-7	1.793290E-2
1.785000E-7	1.786952E-2
1.785500E-7	1.780614E-2
1.786000E-7	1.777531E-2
1.786500E-7	1.777359E-2
1.787000E-7	1.777188E-2
1.787500E-7	1.775304E-2
1.788000E-7	1.773248E-2
1.788500E-7	1.772049E-2
1.789000E-7	1.771364E-2
1.789500E-7	1.768795E-2
1.790000E-7	1.762799E-2
1.790500E-7	1.757489E-2
1.791000E-7	1.754749E-2
1.791500E-7	1.754749E-2
1.792000E-7	1.758860E-2
1.792500E-7	1.766739E-2
1.793000E-7	1.777188E-2
1.793500E-7	1.790207E-2
1.794000E-7	1.805281E-2
1.794500E-7	1.816586E-2
1.795000E-7	1.825665E-2
1.795500E-7	1.835771E-2
1.796000E-7	1.845706E-2
1.796500E-7	1.849475E-2
1.797000E-7	1.849646E-2
1.797500E-7	1.849817E-2
1.798000E-7	1.847762E-2
1.798500E-7	1.839540E-2
1.799000E-7	1.827891E-2
1.799500E-7	1.816243E-2
1.800000E-7	1.805623E-2
1.800500E-7	1.795688E-2
1.801000E-7	1.786438E-2
1.801500E-7	1.778730E-2
1.802000E-7	1.772563E-2
1.802500E-7	1.768966E-2
1.803000E-7	1.767082E-2
1.803500E-7	1.766225E-2
1.804000E-7	1.767253E-2
1.804500E-7	1.771707E-2
1.805000E-7	1.777359E-2
1.805500E-7	1.781299E-2
1.806000E-7	1.783183E-2
1.806500E-7	1.783012E-2
1.807000E-7	1.781299E-2
1.807500E-7	1.779758E-2
1.808000E-7	1.779415E-2
1.808500E-7	1.779244E-2
1.809000E-7	1.779244E-2
1.809500E-7	1.778901E-2
1.810000E-7	1.781128E-2
1.810500E-7	1.787637E-2
1.811000E-7	1.796373E-2
1.811500E-7	1.804081E-2
1.812000E-7	1.811276E-2
1.812500E-7	1.817614E-2
1.813000E-7	1.820012E-2
1.813500E-7	1.817100E-2
1.814000E-7	1.811105E-2
1.814500E-7	1.801169E-2
1.815000E-7	1.786438E-2
1.815500E-7	1.767596E-2
1.816000E-7	1.747383E-2
1.816500E-7	1.730253E-2
1.817000E-7	1.719290E-2
1.817500E-7	1.713638E-2
1.818000E-7	1.712781E-2
1.818500E-7	1.717749E-2
1.819000E-7	1.728883E-2
1.819500E-7	1.743786E-2
1.820000E-7	1.759545E-2
1.820500E-7	1.772563E-2
1.821000E-7	1.781299E-2
1.821500E-7	1.786952E-2
1.822000E-7	1.789179E-2
1.822500E-7	1.785410E-2
1.823000E-7	1.778045E-2
1.823500E-7	1.771364E-2
1.824000E-7	1.766568E-2
1.824500E-7	1.762971E-2
1.825000E-7	1.760915E-2
1.825500E-7	1.760915E-2
1.826000E-7	1.763827E-2
1.826500E-7	1.768623E-2
1.827000E-7	1.774790E-2
1.827500E-7	1.780100E-2
1.828000E-7	1.785410E-2
1.828500E-7	1.790035E-2
1.829000E-7	1.791920E-2
1.829500E-7	1.789521E-2
1.830000E-7	1.785924E-2
1.830500E-7	1.781813E-2
1.831000E-7	1.774790E-2
1.831500E-7	1.763998E-2
1.832000E-7	1.751665E-2
1.832500E-7	1.740874E-2
1.833000E-7	1.732480E-2
1.833500E-7	1.724601E-2
1.834000E-7	1.717406E-2
1.834500E-7	1.713466E-2
1.835000E-7	1.711068E-2
1.835500E-7	1.707985E-2
1.836000E-7	1.703531E-2
1.836500E-7	1.699934E-2
1.837000E-7	1.696851E-2
1.837500E-7	1.695994E-2
1.838000E-7	1.696851E-2
1.838500E-7	1.699420E-2
1.839000E-7	1.701990E-2
1.839500E-7	1.704730E-2
1.840000E-7	1.705758E-2
1.840500E-7	1.705073E-2
1.841000E-7	1.702504E-2
1.841500E-7	1.699934E-2
1.842000E-7	1.699249E-2
1.842500E-7	1.699763E-2
1.843000E-7	1.699420E-2
1.843500E-7	1.697536E-2
1.844000E-7	1.694453E-2
1.844500E-7	1.690170E-2
1.845000E-7	1.686231E-2
1.845500E-7	1.684689E-2
1.846000E-7	1.685545E-2
1.846500E-7	1.688115E-2
1.847000E-7	1.692568E-2
1.847500E-7	1.696508E-2
1.848000E-7	1.699934E-2
1.848500E-7	1.705073E-2
1.849000E-7	1.710897E-2
1.849500E-7	1.714323E-2
1.850000E-7	1.714837E-2
1.850500E-7	1.713638E-2
1.851000E-7	1.711411E-2
1.851500E-7	1.706957E-2
1.852000E-7	1.702504E-2
1.852500E-7	1.699420E-2
1.853000E-7	1.696166E-2
1.853500E-7	1.693596E-2
1.854000E-7	1.693939E-2
1.854500E-7	1.695823E-2
1.855000E-7	1.698050E-2
1.855500E-7	1.698564E-2
1.856000E-7	1.696166E-2
1.856500E-7	1.691541E-2
1.857000E-7	1.688115E-2
1.857500E-7	1.685374E-2
1.858000E-7	1.683490E-2
1.858500E-7	1.683661E-2
1.859000E-7	1.684175E-2
1.859500E-7	1.685031E-2
1.860000E-7	1.688115E-2
1.860500E-7	1.694967E-2
1.861000E-7	1.704216E-2
1.861500E-7	1.711582E-2
1.862000E-7	1.715351E-2
1.862500E-7	1.716892E-2
1.863000E-7	1.717064E-2
1.863500E-7	1.712439E-2
1.864000E-7	1.703017E-2
1.864500E-7	1.693596E-2
1.865000E-7	1.685717E-2
1.865500E-7	1.678522E-2
1.866000E-7	1.673726E-2
1.866500E-7	1.672356E-2
1.867000E-7	1.670471E-2
1.867500E-7	1.665504E-2
1.868000E-7	1.662592E-2
1.868500E-7	1.664990E-2
1.869000E-7	1.668758E-2
1.869500E-7	1.670300E-2
1.870000E-7	1.671499E-2
1.870500E-7	1.674069E-2
1.871000E-7	1.677837E-2
1.871500E-7	1.681948E-2
1.872000E-7	1.687258E-2
1.872500E-7	1.692568E-2
1.873000E-7	1.698906E-2
1.873500E-7	1.705929E-2
1.874000E-7	1.712267E-2
1.874500E-7	1.717064E-2
1.875000E-7	1.720147E-2
1.875500E-7	1.719462E-2
1.876000E-7	1.716550E-2
1.876500E-7	1.713980E-2
1.877000E-7	1.711240E-2
1.877500E-7	1.706443E-2
1.878000E-7	1.701304E-2
1.878500E-7	1.696508E-2
1.879000E-7	1.689656E-2
1.879500E-7	1.681263E-2
1.880000E-7	1.674240E-2
1.880500E-7	1.667731E-2
1.881000E-7	1.660194E-2
1.881500E-7	1.653171E-2
1.882000E-7	1.648546E-2
1.882500E-7	1.646833E-2
1.883000E-7	1.648032E-2
1.883500E-7	1.651458E-2
1.884000E-7	1.655226E-2
1.884500E-7	1.660194E-2
1.885000E-7	1.668758E-2
1.885500E-7	1.678008E-2
1.886000E-7	1.687087E-2
1.886500E-7	1.696337E-2
1.887000E-7	1.705244E-2
1.887500E-7	1.713466E-2
1.888000E-7	1.720318E-2
1.888500E-7	1.724601E-2
1.889000E-7	1.724429E-2
1.889500E-7	1.722202E-2
1.890000E-7	1.721003E-2
1.890500E-7	1.719633E-2
1.891000E-7	1.714323E-2
1.891500E-7	1.707129E-2
1.892000E-7	1.698906E-2
1.892500E-7	1.688115E-2
1.893000E-7	1.675610E-2
1.893500E-7	1.664133E-2
1.894000E-7	1.651629E-2
1.894500E-7	1.639124E-2
1.895000E-7	1.629703E-2
1.895500E-7	1.623537E-2
1.896000E-7	1.620282E-2
1.896500E-7	1.621824E-2
1.897000E-7	1.628333E-2
1.897500E-7	1.638268E-2
1.898000E-7	1.649573E-2
1.898500E-7	1.662592E-2
1.899000E-7	1.675953E-2
1.899500E-7	1.687601E-2
1.900000E-7	1.695480E-2
1.900500E-7	1.700619E-2
1.901000E-7	1.701476E-2
1.901500E-7	1.697022E-2
1.902000E-7	1.688286E-2
1.902500E-7	1.681092E-2
1.903000E-7	1.678008E-2
1.903500E-7	1.676638E-2
1.904000E-7	1.674411E-2
1.904500E-7	1.672013E-2
1.905000E-7	1.670129E-2
1.905500E-7	1.669272E-2
1.906000E-7	1.669444E-2
1.906500E-7	1.667902E-2
1.907000E-7	1.664305E-2
1.907500E-7	1.661564E-2
1.908000E-7	1.661221E-2
1.908500E-7	1.660022E-2
1.909000E-7	1.655740E-2
1.909500E-7	1.650259E-2
1.910000E-7	1.647004E-2
1.910500E-7	1.645976E-2
1.911000E-7	1.644606E-2
1.911500E-7	1.641865E-2
1.912000E-7	1.641180E-2
1.912500E-7	1.645634E-2
1.913000E-7	1.652485E-2
1.913500E-7	1.658652E-2
1.914000E-7	1.664647E-2
1.914500E-7	1.670300E-2
1.915000E-7	1.675268E-2
1.915500E-7	1.676124E-2
1.916000E-7	1.672870E-2
1.916500E-7	1.670643E-2
1.917000E-7	1.670985E-2
1.917500E-7	1.670129E-2
1.918000E-7	1.668073E-2
1.918500E-7	1.667902E-2
1.919000E-7	1.668416E-2
1.919500E-7	1.666360E-2
1.920000E-7	1.665333E-2
1.920500E-7	1.668245E-2
1.921000E-7	1.675096E-2
1.921500E-7	1.681092E-2
1.922000E-7	1.685888E-2
1.922500E-7	1.688286E-2
1.923000E-7	1.688629E-2
1.923500E-7	1.686744E-2
1.924000E-7	1.682119E-2
1.924500E-7	1.676295E-2
1.925000E-7	1.671499E-2
1.925500E-7	1.667045E-2
1.926000E-7	1.662421E-2
1.926500E-7	1.658309E-2
1.927000E-7	1.658138E-2
1.927500E-7	1.661907E-2
1.928000E-7	1.667559E-2
1.928500E-7	1.672870E-2
1.929000E-7	1.677837E-2
1.929500E-7	1.683319E-2
1.930000E-7	1.688800E-2
1.930500E-7	1.691541E-2
1.931000E-7	1.691369E-2
1.931500E-7	1.688800E-2
1.932000E-7	1.685031E-2
1.932500E-7	1.682119E-2
1.933000E-7	1.679036E-2
1.933500E-7	1.673897E-2
1.934000E-7	1.667388E-2
1.934500E-7	1.660022E-2
1.935000E-7	1.654712E-2
1.935500E-7	1.653513E-2
1.936000E-7	1.654027E-2
1.936500E-7	1.658138E-2
1.937000E-7	1.666360E-2
1.937500E-7	1.675782E-2
1.938000E-7	1.681434E-2
1.938500E-7	1.683832E-2
1.939000E-7	1.683661E-2
1.939500E-7	1.679893E-2
1.940000E-7	1.673383E-2
1.940500E-7	1.665333E-2
1.941000E-7	1.657282E-2
1.941500E-7	1.649060E-2
1.942000E-7	1.640495E-2
1.942500E-7	1.630560E-2
1.943000E-7	1.621652E-2
1.943500E-7	1.617027E-2
1.944000E-7	1.614972E-2
1.944500E-7	1.614801E-2
1.945000E-7	1.617199E-2
1.945500E-7	1.620796E-2
1.946000E-7	1.620282E-2
1.946500E-7	1.614629E-2
1.947000E-7	1.605208E-2
1.947500E-7	1.593046E-2
1.948000E-7	1.579342E-2
1.948500E-7	1.563755E-2
1.949000E-7	1.550907E-2
1.949500E-7	1.543542E-2
1.950000E-7	1.542857E-2
1.950500E-7	1.546111E-2
1.951000E-7	1.550736E-2
1.951500E-7	1.559301E-2
1.952000E-7	1.573690E-2
1.952500E-7	1.592361E-2
1.953000E-7	1.612060E-2
1.953500E-7	1.631074E-2
1.954000E-7	1.646833E-2
1.954500E-7	1.657110E-2
1.955000E-7	1.662763E-2
1.955500E-7	1.664305E-2
1.956000E-7	1.659680E-2
1.956500E-7	1.651800E-2
1.957000E-7	1.647004E-2
1.957500E-7	1.646319E-2
1.958000E-7	1.644092E-2
1.958500E-7	1.639296E-2
1.959000E-7	1.634671E-2
1.959500E-7	1.631759E-2
1.960000E-7	1.630560E-2
1.960500E-7	1.629189E-2
1.961000E-7	1.627305E-2
1.961500E-7	1.625421E-2
1.962000E-7	1.621995E-2
1.962500E-7	1.616513E-2
1.963000E-7	1.609490E-2
1.963500E-7	1.602810E-2
1.964000E-7	1.594588E-2
1.964500E-7	1.584139E-2
1.965000E-7	1.574717E-2
1.965500E-7	1.567180E-2
1.966000E-7	1.560500E-2
1.966500E-7	1.552620E-2
1.967000E-7	1.547995E-2
1.967500E-7	1.548852E-2
1.968000E-7	1.552620E-2
1.968500E-7	1.556560E-2
1.969000E-7	1.562898E-2
1.969500E-7	1.571634E-2
1.970000E-7	1.577458E-2
1.970500E-7	1.579000E-2
1.971000E-7	1.579342E-2
1.971500E-7	1.578486E-2
1.972000E-7	1.575403E-2
1.972500E-7	1.571977E-2
1.973000E-7	1.568208E-2
1.973500E-7	1.562898E-2
1.974000E-7	1.557588E-2
1.974500E-7	1.555532E-2
1.975000E-7	1.557245E-2
1.975500E-7	1.562213E-2
1.976000E-7	1.570949E-2
1.976500E-7	1.580370E-2
1.977000E-7	1.587736E-2
1.977500E-7	1.593046E-2
1.978000E-7	1.599727E-2
1.978500E-7	1.608463E-2
1.979000E-7	1.617370E-2
1.979500E-7	1.626106E-2
1.980000E-7	1.634499E-2
1.980500E-7	1.639981E-2
1.981000E-7	1.642208E-2
1.981500E-7	1.642036E-2
1.982000E-7	1.637240E-2
1.982500E-7	1.626791E-2
1.983000E-7	1.615314E-2
1.983500E-7	1.606921E-2
1.984000E-7	1.598870E-2
1.984500E-7	1.588592E-2
1.985000E-7	1.579685E-2
1.985500E-7	1.572319E-2
1.986000E-7	1.565639E-2
1.986500E-7	1.560329E-2
1.987000E-7	1.557417E-2
1.987500E-7	1.556389E-2
1.988000E-7	1.556903E-2
1.988500E-7	1.558444E-2
1.989000E-7	1.560671E-2
1.989500E-7	1.564268E-2
1.990000E-7	1.570264E-2
1.990500E-7	1.578315E-2
1.991000E-7	1.584653E-2
1.991500E-7	1.588764E-2
1.992000E-7	1.592018E-2
1.992500E-7	1.593217E-2
1.993000E-7	1.590134E-2
1.993500E-7	1.584310E-2
1.994000E-7	1.577287E-2
1.994500E-7	1.568208E-2
1.995000E-7	1.555704E-2
1.995500E-7	1.542171E-2
1.996000E-7	1.530009E-2
1.996500E-7	1.521445E-2
1.997000E-7	1.518533E-2
1.997500E-7	1.521616E-2
1.998000E-7	1.527440E-2
1.998500E-7	1.532065E-2
1.999000E-7	1.536690E-2
1.999500E-7	1.543199E-2
2.000000E-7	1.548167E-2
