Study Name	PremaTech_CVD_SiC_HeandSi
Sample Name	2025-10-15
Run Name	spot04
Operator	Keshav
Date	10/15/2025
Time	18:34
Sign	FIX
Grating Spacing	06.40um
Channel	3
Number Traces	10000
Files in Batch	1
Batch Number	11
dt	50.000001E-12
time stamp (ms)	6:46:14 PM
	
Time	Amplitude
0.000000E+0	-1.181687E-4
5.000000E-11	-8.562263E-5
1.000000E-10	-6.164133E-5
1.500000E-10	-2.053053E-5
2.000000E-10	5.163725E-6
2.500000E-10	-2.909528E-5
3.000000E-10	-1.044651E-4
3.500000E-10	-1.901126E-4
4.000000E-10	-2.757601E-4
4.500000E-10	-3.716853E-4
5.000000E-10	-4.778882E-4
5.500000E-10	-5.840911E-4
6.000000E-10	-6.783033E-4
6.500000E-10	-7.468213E-4
7.000000E-10	-7.690897E-4
7.500000E-10	-7.485343E-4
8.000000E-10	-7.177012E-4
8.500000E-10	-6.817292E-4
9.000000E-10	-6.149242E-4
9.500000E-10	-5.172860E-4
1.000000E-9	-4.384903E-4
1.050000E-9	-4.059443E-4
1.100000E-9	-3.888148E-4
1.150000E-9	-3.716853E-4
1.200000E-9	-3.579817E-4
1.250000E-9	-3.545558E-4
1.300000E-9	-3.477040E-4
1.350000E-9	-3.322874E-4
1.400000E-9	-3.185838E-4
1.450000E-9	-3.083061E-4
1.500000E-9	-2.997414E-4
1.550000E-9	-3.202968E-4
1.600000E-9	-3.939536E-4
1.650000E-9	-4.864529E-4
1.700000E-9	-5.652486E-4
1.750000E-9	-6.457573E-4
1.800000E-9	-7.262659E-4
1.850000E-9	-7.690897E-4
1.900000E-9	-7.622379E-4
1.950000E-9	-7.485343E-4
2.000000E-9	-7.108494E-4
2.050000E-9	-6.046465E-4
2.100000E-9	-4.487680E-4
2.150000E-9	-2.860378E-4
2.200000E-9	-1.352982E-4
2.250000E-9	-6.826926E-6
2.300000E-9	6.340403E-5
2.350000E-9	6.682993E-5
2.400000E-9	2.571913E-5
2.450000E-9	-6.506723E-5
2.500000E-9	-1.952514E-4
2.550000E-9	-3.374263E-4
2.600000E-9	-4.796011E-4
2.650000E-9	-6.132112E-4
2.700000E-9	-7.211271E-4
2.750000E-9	-7.690897E-4
2.800000E-9	-7.519602E-4
2.850000E-9	-6.868681E-4
2.900000E-9	-5.960817E-4
2.950000E-9	-4.727493E-4
3.000000E-9	-3.254356E-4
3.050000E-9	-1.918255E-4
3.100000E-9	-1.044651E-4
3.150000E-9	-7.020608E-5
3.200000E-9	-8.390968E-5
3.250000E-9	-1.524277E-4
3.300000E-9	-2.620565E-4
3.350000E-9	-3.939536E-4
3.400000E-9	-5.224249E-4
3.450000E-9	-6.286278E-4
3.500000E-9	-7.177012E-4
3.550000E-9	-7.947839E-4
3.600000E-9	-8.358948E-4
3.650000E-9	-8.273300E-4
3.700000E-9	-7.810803E-4
3.750000E-9	-7.159882E-4
3.800000E-9	-6.234889E-4
3.850000E-9	-5.155731E-4
3.900000E-9	-4.299256E-4
3.950000E-9	-3.768241E-4
4.000000E-9	-3.442781E-4
4.050000E-9	-3.237227E-4
4.100000E-9	-3.288615E-4
4.150000E-9	-3.545558E-4
4.200000E-9	-4.008054E-4
4.250000E-9	-4.796011E-4
4.300000E-9	-5.875170E-4
4.350000E-9	-6.937199E-4
4.400000E-9	-7.947839E-4
4.450000E-9	-8.855703E-4
4.500000E-9	-9.472365E-4
4.550000E-9	-9.677919E-4
4.600000E-9	-9.558013E-4
4.650000E-9	-9.061257E-4
4.700000E-9	-8.153394E-4
4.750000E-9	-6.954328E-4
4.800000E-9	-5.738134E-4
4.850000E-9	-4.453421E-4
4.900000E-9	-3.237227E-4
4.950000E-9	-1.935385E-4
5.000000E-9	-8.390968E-5
5.050000E-9	-1.688075E-6
5.100000E-9	4.798748E-5
5.150000E-9	7.710763E-5
5.200000E-9	8.909828E-5
5.250000E-9	6.682993E-5
5.300000E-9	1.544143E-5
5.350000E-9	-5.821543E-5
5.400000E-9	-1.318723E-4
5.450000E-9	-1.969644E-4
5.500000E-9	-2.329363E-4
5.550000E-9	-2.295104E-4
5.600000E-9	-2.072421E-4
5.650000E-9	-1.815478E-4
5.700000E-9	-1.250205E-4
5.750000E-9	-2.395643E-5
5.800000E-9	8.224648E-5
5.850000E-9	1.661810E-4
5.900000E-9	2.552544E-4
5.950000E-9	3.306242E-4
6.000000E-9	3.409019E-4
6.050000E-9	3.032170E-4
6.100000E-9	2.312731E-4
6.150000E-9	1.216443E-4
6.200000E-9	-1.025283E-5
6.250000E-9	-1.352982E-4
6.300000E-9	-2.637694E-4
6.350000E-9	-3.699723E-4
6.400000E-9	-4.196479E-4
6.450000E-9	-4.402033E-4
6.500000E-9	-4.590457E-4
6.550000E-9	-4.247867E-4
6.600000E-9	-3.391392E-4
6.650000E-9	-2.757601E-4
6.700000E-9	-2.397881E-4
6.750000E-9	-2.038162E-4
6.800000E-9	-1.935385E-4
6.850000E-9	-2.552047E-4
6.900000E-9	-3.425651E-4
6.950000E-9	-4.196479E-4
7.000000E-9	-4.813141E-4
7.050000E-9	-5.241378E-4
7.100000E-9	-5.327026E-4
7.150000E-9	-4.864529E-4
7.200000E-9	-4.042313E-4
7.250000E-9	-3.185838E-4
7.300000E-9	-2.397881E-4
7.350000E-9	-1.609924E-4
7.400000E-9	-1.096039E-4
7.450000E-9	-1.027521E-4
7.500000E-9	-1.147428E-4
7.550000E-9	-1.404370E-4
7.600000E-9	-1.918255E-4
7.650000E-9	-2.483529E-4
7.700000E-9	-3.083061E-4
7.750000E-9	-3.751112E-4
7.800000E-9	-4.282126E-4
7.850000E-9	-4.453421E-4
7.900000E-9	-4.419162E-4
7.950000E-9	-4.299256E-4
8.000000E-9	-3.853889E-4
8.050000E-9	-3.305745E-4
8.100000E-9	-2.928896E-4
8.150000E-9	-2.826119E-4
8.200000E-9	-3.014543E-4
8.250000E-9	-3.528428E-4
8.300000E-9	-4.299256E-4
8.350000E-9	-5.035824E-4
8.400000E-9	-5.669616E-4
8.450000E-9	-6.320537E-4
8.500000E-9	-6.577479E-4
8.550000E-9	-6.286278E-4
8.600000E-9	-5.686745E-4
8.650000E-9	-5.155731E-4
8.700000E-9	-4.641846E-4
8.750000E-9	-4.110831E-4
8.800000E-9	-3.768241E-4
8.850000E-9	-3.528428E-4
8.900000E-9	-3.220097E-4
8.950000E-9	-2.997414E-4
9.000000E-9	-3.134450E-4
9.050000E-9	-3.596946E-4
9.100000E-9	-4.196479E-4
9.150000E-9	-4.676105E-4
9.200000E-9	-4.915918E-4
9.250000E-9	-5.052954E-4
9.300000E-9	-5.207119E-4
9.350000E-9	-5.052954E-4
9.400000E-9	-4.590457E-4
9.450000E-9	-4.230738E-4
9.500000E-9	-3.836759E-4
9.550000E-9	-3.254356E-4
9.600000E-9	-2.808989E-4
9.650000E-9	-2.740471E-4
9.700000E-9	-2.603435E-4
9.750000E-9	-2.449270E-4
9.800000E-9	-2.552047E-4
9.850000E-9	-2.671953E-4
9.900000E-9	-2.500658E-4
9.950000E-9	-2.295104E-4
1.000000E-8	-2.106680E-4
1.005000E-8	-1.678442E-4
1.010000E-8	-1.096039E-4
1.015000E-8	-4.965068E-5
1.020000E-8	2.058028E-5
1.025000E-8	1.165055E-4
1.030000E-8	2.021530E-4
1.035000E-8	2.466897E-4
1.040000E-8	2.381249E-4
1.045000E-8	1.953012E-4
1.050000E-8	1.473386E-4
1.055000E-8	6.340403E-5
1.060000E-8	-7.191903E-5
1.065000E-8	-2.277975E-4
1.070000E-8	-3.648335E-4
1.075000E-8	-4.950177E-4
1.080000E-8	-6.166371E-4
1.085000E-8	-6.851551E-4
1.090000E-8	-6.920069E-4
1.095000E-8	-6.748774E-4
1.100000E-8	-6.406184E-4
1.105000E-8	-5.669616E-4
1.110000E-8	-4.933047E-4
1.115000E-8	-4.299256E-4
1.120000E-8	-3.648335E-4
1.125000E-8	-2.928896E-4
1.130000E-8	-2.466399E-4
1.135000E-8	-2.243716E-4
1.140000E-8	-2.106680E-4
1.145000E-8	-1.986773E-4
1.150000E-8	-1.883996E-4
1.155000E-8	-1.575665E-4
1.160000E-8	-1.096039E-4
1.165000E-8	-6.164133E-5
1.170000E-8	-1.196578E-5
1.175000E-8	2.914503E-5
1.180000E-8	3.428388E-5
1.185000E-8	-1.688075E-6
1.190000E-8	-8.733558E-5
1.195000E-8	-2.209457E-4
1.200000E-8	-3.973795E-4
1.205000E-8	-6.063594E-4
1.210000E-8	-8.273300E-4
1.215000E-8	-1.036310E-3
1.220000E-8	-1.197327E-3
1.225000E-8	-1.284688E-3
1.230000E-8	-1.281262E-3
1.235000E-8	-1.200753E-3
1.240000E-8	-1.060291E-3
1.245000E-8	-8.684408E-4
1.250000E-8	-6.286278E-4
1.255000E-8	-3.922407E-4
1.260000E-8	-2.158068E-4
1.265000E-8	-1.164557E-4
1.270000E-8	-7.877083E-5
1.275000E-8	-1.010392E-4
1.280000E-8	-1.644183E-4
1.285000E-8	-2.415011E-4
1.290000E-8	-3.202968E-4
1.295000E-8	-3.802500E-4
1.300000E-8	-3.973795E-4
1.305000E-8	-3.682594E-4
1.310000E-8	-3.014543E-4
1.315000E-8	-1.969644E-4
1.320000E-8	-9.076148E-5
1.325000E-8	2.487468E-8
1.330000E-8	7.710763E-5
1.335000E-8	1.353479E-4
1.340000E-8	1.439127E-4
1.345000E-8	1.113666E-4
1.350000E-8	5.826518E-5
1.355000E-8	-1.025283E-5
1.360000E-8	-7.877083E-5
1.365000E-8	-1.130298E-4
1.370000E-8	-1.404370E-4
1.375000E-8	-1.764090E-4
1.380000E-8	-1.781219E-4
1.385000E-8	-1.318723E-4
1.390000E-8	-9.247443E-5
1.395000E-8	-9.076148E-5
1.400000E-8	-1.096039E-4
1.405000E-8	-1.421500E-4
1.410000E-8	-2.055291E-4
1.415000E-8	-2.860378E-4
1.420000E-8	-3.528428E-4
1.425000E-8	-3.973795E-4
1.430000E-8	-4.487680E-4
1.435000E-8	-4.727493E-4
1.440000E-8	-4.453421E-4
1.445000E-8	-3.922407E-4
1.450000E-8	-3.425651E-4
1.455000E-8	-2.552047E-4
1.460000E-8	-1.352982E-4
1.465000E-8	-7.363198E-5
1.470000E-8	-8.390968E-5
1.475000E-8	-9.932623E-5
1.480000E-8	-1.096039E-4
1.485000E-8	-1.370111E-4
1.490000E-8	-1.592795E-4
1.495000E-8	-2.089550E-4
1.500000E-8	-3.202968E-4
1.505000E-8	-4.470551E-4
1.510000E-8	-5.138601E-4
1.515000E-8	-5.532580E-4
1.520000E-8	-5.926558E-4
1.525000E-8	-6.217760E-4
1.530000E-8	-6.423314E-4
1.535000E-8	-6.817292E-4
1.540000E-8	-7.194141E-4
1.545000E-8	-7.433954E-4
1.550000E-8	-7.759415E-4
1.555000E-8	-7.673767E-4
1.560000E-8	-6.714515E-4
1.565000E-8	-5.429803E-4
1.570000E-8	-4.282126E-4
1.575000E-8	-2.808989E-4
1.580000E-8	-9.590033E-5
1.585000E-8	9.766303E-5
1.590000E-8	2.689580E-4
1.595000E-8	3.665962E-4
1.600000E-8	3.546055E-4
1.605000E-8	2.946523E-4
1.610000E-8	2.638192E-4
1.615000E-8	2.449767E-4
1.620000E-8	1.678940E-4
1.625000E-8	5.826518E-5
1.630000E-8	-3.080823E-5
1.635000E-8	-7.191903E-5
1.640000E-8	-6.335428E-5
1.645000E-8	-2.566938E-5
1.650000E-8	3.450775E-6
1.655000E-8	3.770978E-5
1.660000E-8	6.682993E-5
1.665000E-8	3.942273E-5
1.670000E-8	-3.423413E-5
1.675000E-8	-8.904853E-5
1.680000E-8	-1.250205E-4
1.685000E-8	-1.815478E-4
1.690000E-8	-2.140939E-4
1.695000E-8	-1.541406E-4
1.700000E-8	-3.594708E-5
1.705000E-8	8.909828E-5
1.710000E-8	2.175695E-4
1.715000E-8	3.631703E-4
1.720000E-8	5.002063E-4
1.725000E-8	6.098351E-4
1.730000E-8	6.749272E-4
1.735000E-8	6.852049E-4
1.740000E-8	6.389552E-4
1.745000E-8	5.464559E-4
1.750000E-8	4.145588E-4
1.755000E-8	2.843746E-4
1.760000E-8	1.867364E-4
1.765000E-8	1.028019E-4
1.770000E-8	3.257093E-5
1.775000E-8	1.737825E-6
1.780000E-8	6.876675E-6
1.785000E-8	3.428388E-5
1.790000E-8	1.165055E-4
1.795000E-8	2.792357E-4
1.800000E-8	5.036322E-4
1.805000E-8	8.256668E-4
1.810000E-8	1.308719E-3
1.815000E-8	1.952788E-3
1.820000E-8	2.739032E-3
1.825000E-8	3.708562E-3
1.830000E-8	4.876794E-3
1.835000E-8	6.230024E-3
1.840000E-8	7.776818E-3
1.845000E-8	9.548008E-3
1.850000E-8	1.149221E-2
1.855000E-8	1.361626E-2
1.860000E-8	1.601439E-2
1.865000E-8	1.868660E-2
1.870000E-8	2.152667E-2
1.875000E-8	2.449350E-2
1.880000E-8	2.754426E-2
1.885000E-8	3.056077E-2
1.890000E-8	3.342996E-2
1.895000E-8	3.611586E-2
1.900000E-8	3.855510E-2
1.905000E-8	4.061407E-2
1.910000E-8	4.226364E-2
1.915000E-8	4.353979E-2
1.920000E-8	4.443395E-2
1.925000E-8	4.495982E-2
1.930000E-8	4.521163E-2
1.935000E-8	4.522362E-2
1.940000E-8	4.501464E-2
1.945000E-8	4.462409E-2
1.950000E-8	4.412733E-2
1.955000E-8	4.356206E-2
1.960000E-8	4.294882E-2
1.965000E-8	4.240753E-2
1.970000E-8	4.201526E-2
1.975000E-8	4.176517E-2
1.980000E-8	4.161272E-2
1.985000E-8	4.153906E-2
1.990000E-8	4.150309E-2
1.995000E-8	4.149453E-2
2.000000E-8	4.155791E-2
2.005000E-8	4.167267E-2
2.010000E-8	4.173434E-2
2.015000E-8	4.167610E-2
2.020000E-8	4.149967E-2
2.025000E-8	4.122731E-2
2.030000E-8	4.087101E-2
2.035000E-8	4.050273E-2
2.040000E-8	4.014815E-2
2.045000E-8	3.980213E-2
2.050000E-8	3.947838E-2
2.055000E-8	3.921459E-2
2.060000E-8	3.903130E-2
2.065000E-8	3.892168E-2
2.070000E-8	3.890283E-2
2.075000E-8	3.897649E-2
2.080000E-8	3.911181E-2
2.085000E-8	3.925570E-2
2.090000E-8	3.932593E-2
2.095000E-8	3.928996E-2
2.100000E-8	3.921630E-2
2.105000E-8	3.916149E-2
2.110000E-8	3.901931E-2
2.115000E-8	3.876408E-2
2.120000E-8	3.845575E-2
2.125000E-8	3.818168E-2
2.130000E-8	3.794016E-2
2.135000E-8	3.768835E-2
2.140000E-8	3.740743E-2
2.145000E-8	3.714192E-2
2.150000E-8	3.698604E-2
2.155000E-8	3.692609E-2
2.160000E-8	3.686614E-2
2.165000E-8	3.684215E-2
2.170000E-8	3.689183E-2
2.175000E-8	3.693294E-2
2.180000E-8	3.691067E-2
2.185000E-8	3.691752E-2
2.190000E-8	3.700660E-2
2.195000E-8	3.709053E-2
2.200000E-8	3.713507E-2
2.205000E-8	3.719502E-2
2.210000E-8	3.725155E-2
2.215000E-8	3.728067E-2
2.220000E-8	3.726354E-2
2.225000E-8	3.718474E-2
2.230000E-8	3.702030E-2
2.235000E-8	3.680790E-2
2.240000E-8	3.656294E-2
2.245000E-8	3.623748E-2
2.250000E-8	3.587948E-2
2.255000E-8	3.557971E-2
2.260000E-8	3.536217E-2
2.265000E-8	3.519087E-2
2.270000E-8	3.510180E-2
2.275000E-8	3.511893E-2
2.280000E-8	3.522342E-2
2.285000E-8	3.538443E-2
2.290000E-8	3.560198E-2
2.295000E-8	3.584179E-2
2.300000E-8	3.607475E-2
2.305000E-8	3.629572E-2
2.310000E-8	3.646531E-2
2.315000E-8	3.652183E-2
2.320000E-8	3.644646E-2
2.325000E-8	3.623234E-2
2.330000E-8	3.592573E-2
2.335000E-8	3.558142E-2
2.340000E-8	3.520286E-2
2.345000E-8	3.481060E-2
2.350000E-8	3.449199E-2
2.355000E-8	3.431898E-2
2.360000E-8	3.421278E-2
2.365000E-8	3.412199E-2
2.370000E-8	3.408944E-2
2.375000E-8	3.415282E-2
2.380000E-8	3.430356E-2
2.385000E-8	3.447657E-2
2.390000E-8	3.462388E-2
2.395000E-8	3.471638E-2
2.400000E-8	3.475749E-2
2.405000E-8	3.474379E-2
2.410000E-8	3.469754E-2
2.415000E-8	3.464787E-2
2.420000E-8	3.456736E-2
2.425000E-8	3.440463E-2
2.430000E-8	3.420250E-2
2.435000E-8	3.399866E-2
2.440000E-8	3.378625E-2
2.445000E-8	3.358584E-2
2.450000E-8	3.345051E-2
2.455000E-8	3.336658E-2
2.460000E-8	3.330149E-2
2.465000E-8	3.325352E-2
2.470000E-8	3.323126E-2
2.475000E-8	3.324153E-2
2.480000E-8	3.330834E-2
2.485000E-8	3.340769E-2
2.490000E-8	3.348991E-2
2.495000E-8	3.358241E-2
2.500000E-8	3.371431E-2
2.505000E-8	3.385134E-2
2.510000E-8	3.393185E-2
2.515000E-8	3.396097E-2
2.520000E-8	3.395755E-2
2.525000E-8	3.391815E-2
2.530000E-8	3.382394E-2
2.535000E-8	3.364750E-2
2.540000E-8	3.340940E-2
2.545000E-8	3.315075E-2
2.550000E-8	3.290408E-2
2.555000E-8	3.264885E-2
2.560000E-8	3.239191E-2
2.565000E-8	3.217265E-2
2.570000E-8	3.201335E-2
2.575000E-8	3.194312E-2
2.580000E-8	3.196881E-2
2.585000E-8	3.208872E-2
2.590000E-8	3.229941E-2
2.595000E-8	3.257006E-2
2.600000E-8	3.289552E-2
2.605000E-8	3.321413E-2
2.610000E-8	3.347792E-2
2.615000E-8	3.367834E-2
2.620000E-8	3.382222E-2
2.625000E-8	3.387361E-2
2.630000E-8	3.379996E-2
2.635000E-8	3.364065E-2
2.640000E-8	3.341968E-2
2.645000E-8	3.317987E-2
2.650000E-8	3.292121E-2
2.655000E-8	3.263686E-2
2.660000E-8	3.237135E-2
2.665000E-8	3.217950E-2
2.670000E-8	3.206645E-2
2.675000E-8	3.200992E-2
2.680000E-8	3.204418E-2
2.685000E-8	3.216409E-2
2.690000E-8	3.233024E-2
2.695000E-8	3.254265E-2
2.700000E-8	3.280131E-2
2.705000E-8	3.303769E-2
2.710000E-8	3.321413E-2
2.715000E-8	3.333232E-2
2.720000E-8	3.336658E-2
2.725000E-8	3.328950E-2
2.730000E-8	3.313876E-2
2.735000E-8	3.294691E-2
2.740000E-8	3.272594E-2
2.745000E-8	3.249469E-2
2.750000E-8	3.227714E-2
2.755000E-8	3.209728E-2
2.760000E-8	3.195340E-2
2.765000E-8	3.184205E-2
2.770000E-8	3.175812E-2
2.775000E-8	3.171872E-2
2.780000E-8	3.171358E-2
2.785000E-8	3.172557E-2
2.790000E-8	3.177182E-2
2.795000E-8	3.185233E-2
2.800000E-8	3.194997E-2
2.805000E-8	3.202534E-2
2.810000E-8	3.205617E-2
2.815000E-8	3.205446E-2
2.820000E-8	3.202191E-2
2.825000E-8	3.195340E-2
2.830000E-8	3.181293E-2
2.835000E-8	3.163993E-2
2.840000E-8	3.147206E-2
2.845000E-8	3.130933E-2
2.850000E-8	3.113803E-2
2.855000E-8	3.097701E-2
2.860000E-8	3.082970E-2
2.865000E-8	3.070979E-2
2.870000E-8	3.064984E-2
2.875000E-8	3.064470E-2
2.880000E-8	3.066868E-2
2.885000E-8	3.072178E-2
2.890000E-8	3.081086E-2
2.895000E-8	3.090164E-2
2.900000E-8	3.099072E-2
2.905000E-8	3.107465E-2
2.910000E-8	3.111919E-2
2.915000E-8	3.112604E-2
2.920000E-8	3.112261E-2
2.925000E-8	3.106095E-2
2.930000E-8	3.093076E-2
2.935000E-8	3.079202E-2
2.940000E-8	3.067040E-2
2.945000E-8	3.053336E-2
2.950000E-8	3.038091E-2
2.955000E-8	3.025929E-2
2.960000E-8	3.011540E-2
2.965000E-8	2.996809E-2
2.970000E-8	2.986531E-2
2.975000E-8	2.980022E-2
2.980000E-8	2.974883E-2
2.985000E-8	2.974883E-2
2.990000E-8	2.980707E-2
2.995000E-8	2.989100E-2
3.000000E-8	3.001091E-2
3.005000E-8	3.017021E-2
3.010000E-8	3.032267E-2
3.015000E-8	3.042716E-2
3.020000E-8	3.049054E-2
3.025000E-8	3.051109E-2
3.030000E-8	3.044429E-2
3.035000E-8	3.030554E-2
3.040000E-8	3.012396E-2
3.045000E-8	2.987559E-2
3.050000E-8	2.957239E-2
3.055000E-8	2.926235E-2
3.060000E-8	2.900198E-2
3.065000E-8	2.879129E-2
3.070000E-8	2.864226E-2
3.075000E-8	2.857888E-2
3.080000E-8	2.859259E-2
3.085000E-8	2.867481E-2
3.090000E-8	2.879985E-2
3.095000E-8	2.894203E-2
3.100000E-8	2.909619E-2
3.105000E-8	2.924008E-2
3.110000E-8	2.932744E-2
3.115000E-8	2.932059E-2
3.120000E-8	2.923494E-2
3.125000E-8	2.910647E-2
3.130000E-8	2.893689E-2
3.135000E-8	2.874333E-2
3.140000E-8	2.851379E-2
3.145000E-8	2.827227E-2
3.150000E-8	2.806157E-2
3.155000E-8	2.791597E-2
3.160000E-8	2.782690E-2
3.165000E-8	2.781491E-2
3.170000E-8	2.788000E-2
3.175000E-8	2.799477E-2
3.180000E-8	2.814893E-2
3.185000E-8	2.832365E-2
3.190000E-8	2.846240E-2
3.195000E-8	2.853777E-2
3.200000E-8	2.856861E-2
3.205000E-8	2.852407E-2
3.210000E-8	2.837847E-2
3.215000E-8	2.818319E-2
3.220000E-8	2.798620E-2
3.225000E-8	2.779949E-2
3.230000E-8	2.764704E-2
3.235000E-8	2.755454E-2
3.240000E-8	2.752713E-2
3.245000E-8	2.753056E-2
3.250000E-8	2.755454E-2
3.255000E-8	2.758366E-2
3.260000E-8	2.762991E-2
3.265000E-8	2.773269E-2
3.270000E-8	2.785088E-2
3.275000E-8	2.795023E-2
3.280000E-8	2.804787E-2
3.285000E-8	2.814722E-2
3.290000E-8	2.822430E-2
3.295000E-8	2.827740E-2
3.300000E-8	2.832708E-2
3.305000E-8	2.836990E-2
3.310000E-8	2.840074E-2
3.315000E-8	2.841958E-2
3.320000E-8	2.842129E-2
3.325000E-8	2.836134E-2
3.330000E-8	2.822259E-2
3.335000E-8	2.801875E-2
3.340000E-8	2.778065E-2
3.345000E-8	2.753741E-2
3.350000E-8	2.729931E-2
3.355000E-8	2.706464E-2
3.360000E-8	2.683167E-2
3.365000E-8	2.663469E-2
3.370000E-8	2.650793E-2
3.375000E-8	2.644626E-2
3.380000E-8	2.644969E-2
3.385000E-8	2.652677E-2
3.390000E-8	2.665181E-2
3.395000E-8	2.678200E-2
3.400000E-8	2.691218E-2
3.405000E-8	2.701839E-2
3.410000E-8	2.707834E-2
3.415000E-8	2.709889E-2
3.420000E-8	2.709033E-2
3.425000E-8	2.703723E-2
3.430000E-8	2.693103E-2
3.435000E-8	2.679228E-2
3.440000E-8	2.662098E-2
3.445000E-8	2.646510E-2
3.450000E-8	2.635719E-2
3.455000E-8	2.628524E-2
3.460000E-8	2.624071E-2
3.465000E-8	2.624242E-2
3.470000E-8	2.629895E-2
3.475000E-8	2.637946E-2
3.480000E-8	2.649422E-2
3.485000E-8	2.663126E-2
3.490000E-8	2.673575E-2
3.495000E-8	2.677001E-2
3.500000E-8	2.673575E-2
3.505000E-8	2.666038E-2
3.510000E-8	2.654390E-2
3.515000E-8	2.637260E-2
3.520000E-8	2.615849E-2
3.525000E-8	2.596663E-2
3.530000E-8	2.579705E-2
3.535000E-8	2.562747E-2
3.540000E-8	2.549386E-2
3.545000E-8	2.544418E-2
3.550000E-8	2.543048E-2
3.555000E-8	2.542706E-2
3.560000E-8	2.548701E-2
3.565000E-8	2.561719E-2
3.570000E-8	2.575937E-2
3.575000E-8	2.589469E-2
3.580000E-8	2.603344E-2
3.585000E-8	2.614307E-2
3.590000E-8	2.621673E-2
3.595000E-8	2.626298E-2
3.600000E-8	2.626298E-2
3.605000E-8	2.623728E-2
3.610000E-8	2.619617E-2
3.615000E-8	2.613793E-2
3.620000E-8	2.608140E-2
3.625000E-8	2.604200E-2
3.630000E-8	2.601460E-2
3.635000E-8	2.599404E-2
3.640000E-8	2.599575E-2
3.645000E-8	2.597177E-2
3.650000E-8	2.592210E-2
3.655000E-8	2.588613E-2
3.660000E-8	2.587242E-2
3.665000E-8	2.582960E-2
3.670000E-8	2.575252E-2
3.675000E-8	2.565659E-2
3.680000E-8	2.555553E-2
3.685000E-8	2.544932E-2
3.690000E-8	2.538252E-2
3.695000E-8	2.538423E-2
3.700000E-8	2.540307E-2
3.705000E-8	2.540821E-2
3.710000E-8	2.539965E-2
3.715000E-8	2.540307E-2
3.720000E-8	2.543219E-2
3.725000E-8	2.545618E-2
3.730000E-8	2.545618E-2
3.735000E-8	2.542706E-2
3.740000E-8	2.538423E-2
3.745000E-8	2.531400E-2
3.750000E-8	2.521465E-2
3.755000E-8	2.512558E-2
3.760000E-8	2.507761E-2
3.765000E-8	2.503650E-2
3.770000E-8	2.498854E-2
3.775000E-8	2.492859E-2
3.780000E-8	2.488748E-2
3.785000E-8	2.486692E-2
3.790000E-8	2.484123E-2
3.795000E-8	2.481725E-2
3.800000E-8	2.480354E-2
3.805000E-8	2.480012E-2
3.810000E-8	2.477271E-2
3.815000E-8	2.471276E-2
3.820000E-8	2.462368E-2
3.825000E-8	2.451405E-2
3.830000E-8	2.438387E-2
3.835000E-8	2.426568E-2
3.840000E-8	2.419031E-2
3.845000E-8	2.413549E-2
3.850000E-8	2.408239E-2
3.855000E-8	2.404128E-2
3.860000E-8	2.400702E-2
3.865000E-8	2.398133E-2
3.870000E-8	2.397105E-2
3.875000E-8	2.396420E-2
3.880000E-8	2.392480E-2
3.885000E-8	2.385628E-2
3.890000E-8	2.378776E-2
3.895000E-8	2.372952E-2
3.900000E-8	2.366614E-2
3.905000E-8	2.358392E-2
3.910000E-8	2.351198E-2
3.915000E-8	2.348457E-2
3.920000E-8	2.350341E-2
3.925000E-8	2.355480E-2
3.930000E-8	2.363531E-2
3.935000E-8	2.376892E-2
3.940000E-8	2.393850E-2
3.945000E-8	2.409952E-2
3.950000E-8	2.423998E-2
3.955000E-8	2.434618E-2
3.960000E-8	2.440614E-2
3.965000E-8	2.440785E-2
3.970000E-8	2.435817E-2
3.975000E-8	2.429137E-2
3.980000E-8	2.422628E-2
3.985000E-8	2.417489E-2
3.990000E-8	2.413207E-2
3.995000E-8	2.410466E-2
4.000000E-8	2.410808E-2
4.005000E-8	2.413035E-2
4.010000E-8	2.417489E-2
4.015000E-8	2.425882E-2
4.020000E-8	2.435132E-2
4.025000E-8	2.439757E-2
4.030000E-8	2.440956E-2
4.035000E-8	2.440785E-2
4.040000E-8	2.434961E-2
4.045000E-8	2.422970E-2
4.050000E-8	2.409267E-2
4.055000E-8	2.396077E-2
4.060000E-8	2.383744E-2
4.065000E-8	2.373637E-2
4.070000E-8	2.366786E-2
4.075000E-8	2.361989E-2
4.080000E-8	2.359077E-2
4.085000E-8	2.355480E-2
4.090000E-8	2.350170E-2
4.095000E-8	2.345888E-2
4.100000E-8	2.343318E-2
4.105000E-8	2.339207E-2
4.110000E-8	2.332527E-2
4.115000E-8	2.326703E-2
4.120000E-8	2.324647E-2
4.125000E-8	2.325161E-2
4.130000E-8	2.326189E-2
4.135000E-8	2.326017E-2
4.140000E-8	2.325846E-2
4.145000E-8	2.324990E-2
4.150000E-8	2.321735E-2
4.155000E-8	2.318309E-2
4.160000E-8	2.316767E-2
4.165000E-8	2.313855E-2
4.170000E-8	2.307860E-2
4.175000E-8	2.301351E-2
4.180000E-8	2.296726E-2
4.185000E-8	2.290045E-2
4.190000E-8	2.278569E-2
4.195000E-8	2.267606E-2
4.200000E-8	2.258356E-2
4.205000E-8	2.251333E-2
4.210000E-8	2.246536E-2
4.215000E-8	2.244138E-2
4.220000E-8	2.241569E-2
4.225000E-8	2.238143E-2
4.230000E-8	2.236773E-2
4.235000E-8	2.238486E-2
4.240000E-8	2.242254E-2
4.245000E-8	2.248078E-2
4.250000E-8	2.256300E-2
4.255000E-8	2.264522E-2
4.260000E-8	2.272231E-2
4.265000E-8	2.278397E-2
4.270000E-8	2.282166E-2
4.275000E-8	2.282851E-2
4.280000E-8	2.281652E-2
4.285000E-8	2.280453E-2
4.290000E-8	2.278397E-2
4.295000E-8	2.275828E-2
4.300000E-8	2.274458E-2
4.305000E-8	2.271032E-2
4.310000E-8	2.263323E-2
4.315000E-8	2.253388E-2
4.320000E-8	2.244652E-2
4.325000E-8	2.237287E-2
4.330000E-8	2.228037E-2
4.335000E-8	2.219301E-2
4.340000E-8	2.214162E-2
4.345000E-8	2.208852E-2
4.350000E-8	2.200287E-2
4.355000E-8	2.191722E-2
4.360000E-8	2.187611E-2
4.365000E-8	2.186926E-2
4.370000E-8	2.186069E-2
4.375000E-8	2.185213E-2
4.380000E-8	2.186583E-2
4.385000E-8	2.191037E-2
4.390000E-8	2.195662E-2
4.395000E-8	2.200972E-2
4.400000E-8	2.205597E-2
4.405000E-8	2.207824E-2
4.410000E-8	2.206796E-2
4.415000E-8	2.204569E-2
4.420000E-8	2.203541E-2
4.425000E-8	2.203370E-2
4.430000E-8	2.204398E-2
4.435000E-8	2.207995E-2
4.440000E-8	2.211421E-2
4.445000E-8	2.212791E-2
4.450000E-8	2.213134E-2
4.455000E-8	2.213477E-2
4.460000E-8	2.210051E-2
4.465000E-8	2.204055E-2
4.470000E-8	2.196176E-2
4.475000E-8	2.185727E-2
4.480000E-8	2.172537E-2
4.485000E-8	2.158833E-2
4.490000E-8	2.146843E-2
4.495000E-8	2.138107E-2
4.500000E-8	2.132625E-2
4.505000E-8	2.128857E-2
4.510000E-8	2.127658E-2
4.515000E-8	2.128000E-2
4.520000E-8	2.130398E-2
4.525000E-8	2.131084E-2
4.530000E-8	2.129371E-2
4.535000E-8	2.127829E-2
4.540000E-8	2.124917E-2
4.545000E-8	2.118408E-2
4.550000E-8	2.108815E-2
4.555000E-8	2.100936E-2
4.560000E-8	2.095454E-2
4.565000E-8	2.088774E-2
4.570000E-8	2.084320E-2
4.575000E-8	2.085177E-2
4.580000E-8	2.087746E-2
4.585000E-8	2.087403E-2
4.590000E-8	2.086890E-2
4.595000E-8	2.090658E-2
4.600000E-8	2.095283E-2
4.605000E-8	2.098024E-2
4.610000E-8	2.099565E-2
4.615000E-8	2.099051E-2
4.620000E-8	2.095968E-2
4.625000E-8	2.094255E-2
4.630000E-8	2.093570E-2
4.635000E-8	2.092028E-2
4.640000E-8	2.090658E-2
4.645000E-8	2.091686E-2
4.650000E-8	2.091686E-2
4.655000E-8	2.087917E-2
4.660000E-8	2.082778E-2
4.665000E-8	2.073186E-2
4.670000E-8	2.060339E-2
4.675000E-8	2.048348E-2
4.680000E-8	2.037043E-2
4.685000E-8	2.025395E-2
4.690000E-8	2.018543E-2
4.695000E-8	2.018714E-2
4.700000E-8	2.020941E-2
4.705000E-8	2.025223E-2
4.710000E-8	2.034645E-2
4.715000E-8	2.045950E-2
4.720000E-8	2.054857E-2
4.725000E-8	2.062566E-2
4.730000E-8	2.070959E-2
4.735000E-8	2.079353E-2
4.740000E-8	2.087575E-2
4.745000E-8	2.092542E-2
4.750000E-8	2.093056E-2
4.755000E-8	2.089288E-2
4.760000E-8	2.081408E-2
4.765000E-8	2.069589E-2
4.770000E-8	2.057941E-2
4.775000E-8	2.048862E-2
4.780000E-8	2.041325E-2
4.785000E-8	2.034645E-2
4.790000E-8	2.030020E-2
4.795000E-8	2.026422E-2
4.800000E-8	2.022483E-2
4.805000E-8	2.020598E-2
4.810000E-8	2.021112E-2
4.815000E-8	2.024196E-2
4.820000E-8	2.026422E-2
4.825000E-8	2.026251E-2
4.830000E-8	2.024024E-2
4.835000E-8	2.019228E-2
4.840000E-8	2.013575E-2
4.845000E-8	2.006895E-2
4.850000E-8	2.000728E-2
4.855000E-8	1.995418E-2
4.860000E-8	1.991650E-2
4.865000E-8	1.989937E-2
4.870000E-8	1.989251E-2
4.875000E-8	1.988737E-2
4.880000E-8	1.990108E-2
4.885000E-8	1.996103E-2
4.890000E-8	2.006038E-2
4.895000E-8	2.014432E-2
4.900000E-8	2.020770E-2
4.905000E-8	2.025909E-2
4.910000E-8	2.028992E-2
4.915000E-8	2.028992E-2
4.920000E-8	2.025737E-2
4.925000E-8	2.018029E-2
4.930000E-8	2.004325E-2
4.935000E-8	1.985997E-2
4.940000E-8	1.967668E-2
4.945000E-8	1.949168E-2
4.950000E-8	1.930840E-2
4.955000E-8	1.916280E-2
4.960000E-8	1.908058E-2
4.965000E-8	1.904632E-2
4.970000E-8	1.905659E-2
4.975000E-8	1.909428E-2
4.980000E-8	1.915081E-2
4.985000E-8	1.922789E-2
4.990000E-8	1.932381E-2
4.995000E-8	1.938719E-2
5.000000E-8	1.940946E-2
5.005000E-8	1.939405E-2
5.010000E-8	1.934094E-2
5.015000E-8	1.922104E-2
5.020000E-8	1.906173E-2
5.025000E-8	1.890072E-2
5.030000E-8	1.876368E-2
5.035000E-8	1.865234E-2
5.040000E-8	1.857354E-2
5.045000E-8	1.851188E-2
5.050000E-8	1.849303E-2
5.055000E-8	1.852558E-2
5.060000E-8	1.860095E-2
5.065000E-8	1.871914E-2
5.070000E-8	1.888016E-2
5.075000E-8	1.904974E-2
5.080000E-8	1.919192E-2
5.085000E-8	1.929641E-2
5.090000E-8	1.935293E-2
5.095000E-8	1.934094E-2
5.100000E-8	1.929298E-2
5.105000E-8	1.923817E-2
5.110000E-8	1.917650E-2
5.115000E-8	1.911312E-2
5.120000E-8	1.907372E-2
5.125000E-8	1.904974E-2
5.130000E-8	1.903946E-2
5.135000E-8	1.905831E-2
5.140000E-8	1.908743E-2
5.145000E-8	1.908400E-2
5.150000E-8	1.906516E-2
5.155000E-8	1.905146E-2
5.160000E-8	1.902576E-2
5.165000E-8	1.897609E-2
5.170000E-8	1.891785E-2
5.175000E-8	1.884590E-2
5.180000E-8	1.873113E-2
5.185000E-8	1.861123E-2
5.190000E-8	1.852387E-2
5.195000E-8	1.846049E-2
5.200000E-8	1.838512E-2
5.205000E-8	1.834229E-2
5.210000E-8	1.837484E-2
5.215000E-8	1.846391E-2
5.220000E-8	1.855984E-2
5.225000E-8	1.865748E-2
5.230000E-8	1.875169E-2
5.235000E-8	1.880650E-2
5.240000E-8	1.882535E-2
5.245000E-8	1.880308E-2
5.250000E-8	1.875340E-2
5.255000E-8	1.868317E-2
5.260000E-8	1.860780E-2
5.265000E-8	1.852558E-2
5.270000E-8	1.842965E-2
5.275000E-8	1.834915E-2
5.280000E-8	1.829776E-2
5.285000E-8	1.828234E-2
5.290000E-8	1.827720E-2
5.295000E-8	1.827206E-2
5.300000E-8	1.826692E-2
5.305000E-8	1.826179E-2
5.310000E-8	1.824123E-2
5.315000E-8	1.816929E-2
5.320000E-8	1.805966E-2
5.325000E-8	1.796716E-2
5.330000E-8	1.789521E-2
5.335000E-8	1.781471E-2
5.340000E-8	1.773248E-2
5.345000E-8	1.769822E-2
5.350000E-8	1.771022E-2
5.355000E-8	1.771707E-2
5.360000E-8	1.772734E-2
5.365000E-8	1.779586E-2
5.370000E-8	1.791577E-2
5.375000E-8	1.801169E-2
5.380000E-8	1.806137E-2
5.385000E-8	1.808021E-2
5.390000E-8	1.808535E-2
5.395000E-8	1.805109E-2
5.400000E-8	1.797230E-2
5.405000E-8	1.785924E-2
5.410000E-8	1.772392E-2
5.415000E-8	1.757489E-2
5.420000E-8	1.744642E-2
5.425000E-8	1.736420E-2
5.430000E-8	1.734022E-2
5.435000E-8	1.735392E-2
5.440000E-8	1.740702E-2
5.445000E-8	1.749096E-2
5.450000E-8	1.757147E-2
5.455000E-8	1.763313E-2
5.460000E-8	1.768795E-2
5.465000E-8	1.771535E-2
5.470000E-8	1.768281E-2
5.475000E-8	1.759887E-2
5.480000E-8	1.746526E-2
5.485000E-8	1.730767E-2
5.490000E-8	1.713295E-2
5.495000E-8	1.697879E-2
5.500000E-8	1.686744E-2
5.505000E-8	1.683319E-2
5.510000E-8	1.686059E-2
5.515000E-8	1.691369E-2
5.520000E-8	1.699763E-2
5.525000E-8	1.713466E-2
5.530000E-8	1.730596E-2
5.535000E-8	1.748582E-2
5.540000E-8	1.766397E-2
5.545000E-8	1.781984E-2
5.550000E-8	1.794318E-2
5.555000E-8	1.802369E-2
5.560000E-8	1.806480E-2
5.565000E-8	1.805794E-2
5.570000E-8	1.800656E-2
5.575000E-8	1.792605E-2
5.580000E-8	1.783012E-2
5.585000E-8	1.770508E-2
5.590000E-8	1.756804E-2
5.595000E-8	1.744985E-2
5.600000E-8	1.734022E-2
5.605000E-8	1.722888E-2
5.610000E-8	1.714323E-2
5.615000E-8	1.708670E-2
5.620000E-8	1.703189E-2
5.625000E-8	1.699763E-2
5.630000E-8	1.702161E-2
5.635000E-8	1.709869E-2
5.640000E-8	1.718605E-2
5.645000E-8	1.728369E-2
5.650000E-8	1.739161E-2
5.655000E-8	1.745841E-2
5.660000E-8	1.747040E-2
5.665000E-8	1.747212E-2
5.670000E-8	1.746184E-2
5.675000E-8	1.741216E-2
5.680000E-8	1.732309E-2
5.685000E-8	1.721517E-2
5.690000E-8	1.708670E-2
5.695000E-8	1.696166E-2
5.700000E-8	1.685031E-2
5.705000E-8	1.675439E-2
5.710000E-8	1.668758E-2
5.715000E-8	1.666703E-2
5.720000E-8	1.667217E-2
5.725000E-8	1.666360E-2
5.730000E-8	1.664990E-2
5.735000E-8	1.664990E-2
5.740000E-8	1.665161E-2
5.745000E-8	1.663791E-2
5.750000E-8	1.661907E-2
5.755000E-8	1.659851E-2
5.760000E-8	1.656768E-2
5.765000E-8	1.651286E-2
5.770000E-8	1.646319E-2
5.775000E-8	1.644092E-2
5.780000E-8	1.641694E-2
5.785000E-8	1.637925E-2
5.790000E-8	1.634842E-2
5.795000E-8	1.632444E-2
5.800000E-8	1.627476E-2
5.805000E-8	1.622509E-2
5.810000E-8	1.621652E-2
5.815000E-8	1.622680E-2
5.820000E-8	1.621138E-2
5.825000E-8	1.619425E-2
5.830000E-8	1.619083E-2
5.835000E-8	1.617713E-2
5.840000E-8	1.616171E-2
5.845000E-8	1.617027E-2
5.850000E-8	1.617884E-2
5.855000E-8	1.618740E-2
5.860000E-8	1.621652E-2
5.865000E-8	1.625763E-2
5.870000E-8	1.627990E-2
5.875000E-8	1.626277E-2
5.880000E-8	1.619597E-2
5.885000E-8	1.610176E-2
5.890000E-8	1.599727E-2
5.895000E-8	1.589791E-2
5.900000E-8	1.579171E-2
5.905000E-8	1.570264E-2
5.910000E-8	1.565468E-2
5.915000E-8	1.564954E-2
5.920000E-8	1.567180E-2
5.925000E-8	1.572833E-2
5.930000E-8	1.581912E-2
5.935000E-8	1.594245E-2
5.940000E-8	1.605551E-2
5.945000E-8	1.612060E-2
5.950000E-8	1.614801E-2
5.955000E-8	1.617884E-2
5.960000E-8	1.618226E-2
5.965000E-8	1.614629E-2
5.970000E-8	1.608463E-2
5.975000E-8	1.602639E-2
5.980000E-8	1.595787E-2
5.985000E-8	1.588421E-2
5.990000E-8	1.580370E-2
5.995000E-8	1.570778E-2
6.000000E-8	1.562727E-2
6.005000E-8	1.559472E-2
6.010000E-8	1.559301E-2
6.015000E-8	1.558616E-2
6.020000E-8	1.557759E-2
6.025000E-8	1.558958E-2
6.030000E-8	1.560843E-2
6.035000E-8	1.564782E-2
6.040000E-8	1.571977E-2
6.045000E-8	1.581227E-2
6.050000E-8	1.590305E-2
6.055000E-8	1.599384E-2
6.060000E-8	1.606921E-2
6.065000E-8	1.609662E-2
6.070000E-8	1.608291E-2
6.075000E-8	1.604865E-2
6.080000E-8	1.597842E-2
6.085000E-8	1.585509E-2
6.090000E-8	1.571634E-2
6.095000E-8	1.560671E-2
6.100000E-8	1.552278E-2
6.105000E-8	1.547139E-2
6.110000E-8	1.547139E-2
6.115000E-8	1.551250E-2
6.120000E-8	1.555019E-2
6.125000E-8	1.556560E-2
6.130000E-8	1.558958E-2
6.135000E-8	1.561699E-2
6.140000E-8	1.560671E-2
6.145000E-8	1.555190E-2
6.150000E-8	1.546454E-2
6.155000E-8	1.536347E-2
6.160000E-8	1.525898E-2
6.165000E-8	1.516991E-2
6.170000E-8	1.509797E-2
6.175000E-8	1.502602E-2
6.180000E-8	1.494894E-2
6.185000E-8	1.488727E-2
6.190000E-8	1.481876E-2
6.195000E-8	1.470913E-2
6.200000E-8	1.458408E-2
6.205000E-8	1.449501E-2
6.210000E-8	1.444533E-2
6.215000E-8	1.442820E-2
6.220000E-8	1.445218E-2
6.225000E-8	1.452413E-2
6.230000E-8	1.461149E-2
6.235000E-8	1.470228E-2
6.240000E-8	1.483417E-2
6.245000E-8	1.498491E-2
6.250000E-8	1.510996E-2
6.255000E-8	1.519903E-2
6.260000E-8	1.524871E-2
6.265000E-8	1.523158E-2
6.270000E-8	1.516135E-2
6.275000E-8	1.507227E-2
6.280000E-8	1.501575E-2
6.285000E-8	1.501061E-2
6.290000E-8	1.502774E-2
6.295000E-8	1.504658E-2
6.300000E-8	1.509283E-2
6.305000E-8	1.517162E-2
6.310000E-8	1.522986E-2
6.315000E-8	1.524185E-2
6.320000E-8	1.521445E-2
6.325000E-8	1.516306E-2
6.330000E-8	1.507570E-2
6.335000E-8	1.496264E-2
6.340000E-8	1.483075E-2
6.345000E-8	1.468515E-2
6.350000E-8	1.456695E-2
6.355000E-8	1.450529E-2
6.360000E-8	1.447617E-2
6.365000E-8	1.448473E-2
6.370000E-8	1.456181E-2
6.375000E-8	1.469542E-2
6.380000E-8	1.481533E-2
6.385000E-8	1.490612E-2
6.390000E-8	1.498149E-2
6.395000E-8	1.503287E-2
6.400000E-8	1.502602E-2
6.405000E-8	1.496264E-2
6.410000E-8	1.487357E-2
6.415000E-8	1.477079E-2
6.420000E-8	1.464575E-2
6.425000E-8	1.452242E-2
6.430000E-8	1.441793E-2
6.435000E-8	1.431857E-2
6.440000E-8	1.421751E-2
6.445000E-8	1.417469E-2
6.450000E-8	1.421237E-2
6.455000E-8	1.428089E-2
6.460000E-8	1.435283E-2
6.465000E-8	1.443848E-2
6.470000E-8	1.450357E-2
6.475000E-8	1.450700E-2
6.480000E-8	1.446418E-2
6.485000E-8	1.440593E-2
6.490000E-8	1.432885E-2
6.495000E-8	1.423293E-2
6.500000E-8	1.414728E-2
6.505000E-8	1.409418E-2
6.510000E-8	1.407534E-2
6.515000E-8	1.408219E-2
6.520000E-8	1.413358E-2
6.525000E-8	1.424320E-2
6.530000E-8	1.439223E-2
6.535000E-8	1.453612E-2
6.540000E-8	1.466288E-2
6.545000E-8	1.479477E-2
6.550000E-8	1.489584E-2
6.555000E-8	1.493181E-2
6.560000E-8	1.491297E-2
6.565000E-8	1.486158E-2
6.570000E-8	1.478278E-2
6.575000E-8	1.468857E-2
6.580000E-8	1.463547E-2
6.585000E-8	1.463547E-2
6.590000E-8	1.465603E-2
6.595000E-8	1.469028E-2
6.600000E-8	1.475195E-2
6.605000E-8	1.483589E-2
6.610000E-8	1.490954E-2
6.615000E-8	1.495237E-2
6.620000E-8	1.495065E-2
6.625000E-8	1.490612E-2
6.630000E-8	1.481876E-2
6.635000E-8	1.468857E-2
6.640000E-8	1.452927E-2
6.645000E-8	1.434427E-2
6.650000E-8	1.415927E-2
6.655000E-8	1.399483E-2
6.660000E-8	1.386122E-2
6.665000E-8	1.375330E-2
6.670000E-8	1.366765E-2
6.675000E-8	1.361113E-2
6.680000E-8	1.358029E-2
6.685000E-8	1.357002E-2
6.690000E-8	1.357002E-2
6.695000E-8	1.357344E-2
6.700000E-8	1.358886E-2
6.705000E-8	1.362826E-2
6.710000E-8	1.370020E-2
6.715000E-8	1.378413E-2
6.720000E-8	1.385950E-2
6.725000E-8	1.391089E-2
6.730000E-8	1.392631E-2
6.735000E-8	1.391774E-2
6.740000E-8	1.391089E-2
6.745000E-8	1.389890E-2
6.750000E-8	1.388520E-2
6.755000E-8	1.386293E-2
6.760000E-8	1.383552E-2
6.765000E-8	1.381154E-2
6.770000E-8	1.380983E-2
6.775000E-8	1.383210E-2
6.780000E-8	1.386807E-2
6.785000E-8	1.390233E-2
6.790000E-8	1.393145E-2
6.795000E-8	1.395200E-2
6.800000E-8	1.395200E-2
6.805000E-8	1.393316E-2
6.810000E-8	1.389719E-2
6.815000E-8	1.382867E-2
6.820000E-8	1.373617E-2
6.825000E-8	1.362654E-2
6.830000E-8	1.351177E-2
6.835000E-8	1.339701E-2
6.840000E-8	1.327710E-2
6.845000E-8	1.317432E-2
6.850000E-8	1.312636E-2
6.855000E-8	1.316918E-2
6.860000E-8	1.327881E-2
6.865000E-8	1.343298E-2
6.870000E-8	1.362140E-2
6.875000E-8	1.381839E-2
6.880000E-8	1.399311E-2
6.885000E-8	1.414728E-2
6.890000E-8	1.427404E-2
6.895000E-8	1.432200E-2
6.900000E-8	1.427061E-2
6.905000E-8	1.415242E-2
6.910000E-8	1.399483E-2
6.915000E-8	1.378413E-2
6.920000E-8	1.353233E-2
6.925000E-8	1.328567E-2
6.930000E-8	1.305956E-2
6.935000E-8	1.286257E-2
6.940000E-8	1.274266E-2
6.945000E-8	1.271525E-2
6.950000E-8	1.275808E-2
6.955000E-8	1.283859E-2
6.960000E-8	1.295507E-2
6.965000E-8	1.308354E-2
6.970000E-8	1.317946E-2
6.975000E-8	1.322914E-2
6.980000E-8	1.324455E-2
6.985000E-8	1.323942E-2
6.990000E-8	1.320173E-2
6.995000E-8	1.312807E-2
7.000000E-8	1.303900E-2
7.005000E-8	1.297048E-2
7.010000E-8	1.291909E-2
7.015000E-8	1.290196E-2
7.020000E-8	1.290025E-2
7.025000E-8	1.291567E-2
7.030000E-8	1.295507E-2
7.035000E-8	1.301845E-2
7.040000E-8	1.310581E-2
7.045000E-8	1.321372E-2
7.050000E-8	1.332849E-2
7.055000E-8	1.340386E-2
7.060000E-8	1.342099E-2
7.065000E-8	1.341414E-2
7.070000E-8	1.337474E-2
7.075000E-8	1.330793E-2
7.080000E-8	1.324455E-2
7.085000E-8	1.318289E-2
7.090000E-8	1.310409E-2
7.095000E-8	1.302358E-2
7.100000E-8	1.296877E-2
7.105000E-8	1.291396E-2
7.110000E-8	1.285400E-2
7.115000E-8	1.282146E-2
7.120000E-8	1.281118E-2
7.125000E-8	1.278720E-2
7.130000E-8	1.274780E-2
7.135000E-8	1.268956E-2
7.140000E-8	1.259535E-2
7.145000E-8	1.250113E-2
7.150000E-8	1.243090E-2
7.155000E-8	1.236581E-2
7.160000E-8	1.227160E-2
7.165000E-8	1.218424E-2
7.170000E-8	1.213628E-2
7.175000E-8	1.212257E-2
7.180000E-8	1.213456E-2
7.185000E-8	1.219280E-2
7.190000E-8	1.227845E-2
7.195000E-8	1.235896E-2
7.200000E-8	1.243262E-2
7.205000E-8	1.251998E-2
7.210000E-8	1.258507E-2
7.215000E-8	1.261076E-2
7.220000E-8	1.263132E-2
7.225000E-8	1.265530E-2
7.230000E-8	1.264331E-2
7.235000E-8	1.260049E-2
7.240000E-8	1.257479E-2
7.245000E-8	1.255252E-2
7.250000E-8	1.252683E-2
7.255000E-8	1.253368E-2
7.260000E-8	1.259192E-2
7.265000E-8	1.266558E-2
7.270000E-8	1.274609E-2
7.275000E-8	1.280947E-2
7.280000E-8	1.283859E-2
7.285000E-8	1.283345E-2
7.290000E-8	1.281460E-2
7.295000E-8	1.276150E-2
7.300000E-8	1.268785E-2
7.305000E-8	1.261419E-2
7.310000E-8	1.251826E-2
7.315000E-8	1.237780E-2
7.320000E-8	1.224077E-2
7.325000E-8	1.212771E-2
7.330000E-8	1.201466E-2
7.335000E-8	1.192558E-2
7.340000E-8	1.192044E-2
7.345000E-8	1.197526E-2
7.350000E-8	1.203179E-2
7.355000E-8	1.208489E-2
7.360000E-8	1.215854E-2
7.365000E-8	1.222706E-2
7.370000E-8	1.227845E-2
7.375000E-8	1.231614E-2
7.380000E-8	1.234183E-2
7.385000E-8	1.234012E-2
7.390000E-8	1.232127E-2
7.395000E-8	1.230415E-2
7.400000E-8	1.226303E-2
7.405000E-8	1.217396E-2
7.410000E-8	1.207118E-2
7.415000E-8	1.196841E-2
7.420000E-8	1.186906E-2
7.425000E-8	1.177484E-2
7.430000E-8	1.171489E-2
7.435000E-8	1.167892E-2
7.440000E-8	1.165494E-2
7.445000E-8	1.166521E-2
7.450000E-8	1.170633E-2
7.455000E-8	1.174744E-2
7.460000E-8	1.178855E-2
7.465000E-8	1.184336E-2
7.470000E-8	1.190674E-2
7.475000E-8	1.196327E-2
7.480000E-8	1.200780E-2
7.485000E-8	1.204549E-2
7.490000E-8	1.207118E-2
7.495000E-8	1.209003E-2
7.500000E-8	1.209345E-2
7.505000E-8	1.206091E-2
7.510000E-8	1.198725E-2
7.515000E-8	1.187591E-2
7.520000E-8	1.173545E-2
7.525000E-8	1.156929E-2
7.530000E-8	1.139457E-2
7.535000E-8	1.122499E-2
7.540000E-8	1.107596E-2
7.545000E-8	1.098689E-2
7.550000E-8	1.096633E-2
7.555000E-8	1.098517E-2
7.560000E-8	1.105027E-2
7.565000E-8	1.116846E-2
7.570000E-8	1.133804E-2
7.575000E-8	1.153503E-2
7.580000E-8	1.173545E-2
7.585000E-8	1.193072E-2
7.590000E-8	1.210544E-2
7.595000E-8	1.223734E-2
7.600000E-8	1.231442E-2
7.605000E-8	1.233327E-2
7.610000E-8	1.229558E-2
7.615000E-8	1.222192E-2
7.620000E-8	1.211572E-2
7.625000E-8	1.199410E-2
7.630000E-8	1.188276E-2
7.635000E-8	1.177484E-2
7.640000E-8	1.166008E-2
7.645000E-8	1.157614E-2
7.650000E-8	1.154360E-2
7.655000E-8	1.152989E-2
7.660000E-8	1.152989E-2
7.665000E-8	1.157272E-2
7.670000E-8	1.163096E-2
7.675000E-8	1.167035E-2
7.680000E-8	1.172003E-2
7.685000E-8	1.178683E-2
7.690000E-8	1.182794E-2
7.695000E-8	1.182966E-2
7.700000E-8	1.181595E-2
7.705000E-8	1.178170E-2
7.710000E-8	1.173202E-2
7.715000E-8	1.168920E-2
7.720000E-8	1.164466E-2
7.725000E-8	1.157785E-2
7.730000E-8	1.149735E-2
7.735000E-8	1.143739E-2
7.740000E-8	1.139457E-2
7.745000E-8	1.136031E-2
7.750000E-8	1.135688E-2
7.755000E-8	1.138600E-2
7.760000E-8	1.143054E-2
7.765000E-8	1.147165E-2
7.770000E-8	1.150762E-2
7.775000E-8	1.153674E-2
7.780000E-8	1.155216E-2
7.785000E-8	1.154873E-2
7.790000E-8	1.153846E-2
7.795000E-8	1.149735E-2
7.800000E-8	1.140656E-2
7.805000E-8	1.129522E-2
7.810000E-8	1.118730E-2
7.815000E-8	1.108110E-2
7.820000E-8	1.098346E-2
7.825000E-8	1.091152E-2
7.830000E-8	1.088240E-2
7.835000E-8	1.090466E-2
7.840000E-8	1.096462E-2
7.845000E-8	1.103828E-2
7.850000E-8	1.113249E-2
7.855000E-8	1.125239E-2
7.860000E-8	1.137573E-2
7.865000E-8	1.149563E-2
7.870000E-8	1.160355E-2
7.875000E-8	1.166350E-2
7.880000E-8	1.167207E-2
7.885000E-8	1.165151E-2
7.890000E-8	1.159670E-2
7.895000E-8	1.149563E-2
7.900000E-8	1.138600E-2
7.905000E-8	1.129008E-2
7.910000E-8	1.117531E-2
7.915000E-8	1.104341E-2
7.920000E-8	1.091666E-2
7.925000E-8	1.078990E-2
7.930000E-8	1.066656E-2
7.935000E-8	1.058434E-2
7.940000E-8	1.055694E-2
7.945000E-8	1.055008E-2
7.950000E-8	1.055522E-2
7.955000E-8	1.060147E-2
7.960000E-8	1.069397E-2
7.965000E-8	1.081388E-2
7.970000E-8	1.094406E-2
7.975000E-8	1.108281E-2
7.980000E-8	1.123355E-2
7.985000E-8	1.137059E-2
7.990000E-8	1.147508E-2
7.995000E-8	1.151619E-2
8.000000E-8	1.149392E-2
8.005000E-8	1.140999E-2
8.010000E-8	1.127638E-2
8.015000E-8	1.110679E-2
8.020000E-8	1.092008E-2
8.025000E-8	1.074879E-2
8.030000E-8	1.058263E-2
8.035000E-8	1.044217E-2
8.040000E-8	1.035652E-2
8.045000E-8	1.033083E-2
8.050000E-8	1.034453E-2
8.055000E-8	1.040791E-2
8.060000E-8	1.050041E-2
8.065000E-8	1.057407E-2
8.070000E-8	1.062888E-2
8.075000E-8	1.067170E-2
8.080000E-8	1.068712E-2
8.085000E-8	1.065457E-2
8.090000E-8	1.060147E-2
8.095000E-8	1.055008E-2
8.100000E-8	1.049527E-2
8.105000E-8	1.045073E-2
8.110000E-8	1.043874E-2
8.115000E-8	1.047643E-2
8.120000E-8	1.056036E-2
8.125000E-8	1.066485E-2
8.130000E-8	1.076249E-2
8.135000E-8	1.084300E-2
8.140000E-8	1.091666E-2
8.145000E-8	1.096804E-2
8.150000E-8	1.097318E-2
8.155000E-8	1.093721E-2
8.160000E-8	1.089781E-2
8.165000E-8	1.086527E-2
8.170000E-8	1.082587E-2
8.175000E-8	1.078133E-2
8.180000E-8	1.075221E-2
8.185000E-8	1.074879E-2
8.190000E-8	1.075735E-2
8.195000E-8	1.076078E-2
8.200000E-8	1.078647E-2
8.205000E-8	1.082416E-2
8.210000E-8	1.083957E-2
8.215000E-8	1.082416E-2
8.220000E-8	1.080360E-2
8.225000E-8	1.080189E-2
8.230000E-8	1.081730E-2
8.235000E-8	1.082758E-2
8.240000E-8	1.084300E-2
8.245000E-8	1.086527E-2
8.250000E-8	1.088068E-2
8.255000E-8	1.086698E-2
8.260000E-8	1.081902E-2
8.265000E-8	1.075050E-2
8.270000E-8	1.065457E-2
8.275000E-8	1.053467E-2
8.280000E-8	1.039763E-2
8.285000E-8	1.027773E-2
8.290000E-8	1.017666E-2
8.295000E-8	1.010129E-2
8.300000E-8	1.006703E-2
8.305000E-8	1.007388E-2
8.310000E-8	1.011157E-2
8.315000E-8	1.017837E-2
8.320000E-8	1.026745E-2
8.325000E-8	1.036509E-2
8.330000E-8	1.047300E-2
8.335000E-8	1.058263E-2
8.340000E-8	1.067856E-2
8.345000E-8	1.073851E-2
8.350000E-8	1.076249E-2
8.355000E-8	1.075735E-2
8.360000E-8	1.072309E-2
8.365000E-8	1.064772E-2
8.370000E-8	1.055180E-2
8.375000E-8	1.044731E-2
8.380000E-8	1.033768E-2
8.385000E-8	1.022120E-2
8.390000E-8	1.010814E-2
8.395000E-8	1.001393E-2
8.400000E-8	9.929996E-3
8.405000E-8	9.871756E-3
8.410000E-8	9.844349E-3
8.415000E-8	9.849488E-3
8.420000E-8	9.856339E-3
8.425000E-8	9.868330E-3
8.430000E-8	9.933422E-3
8.435000E-8	1.003277E-2
8.440000E-8	1.012870E-2
8.445000E-8	1.023833E-2
8.450000E-8	1.038050E-2
8.455000E-8	1.050897E-2
8.460000E-8	1.060832E-2
8.465000E-8	1.068369E-2
8.470000E-8	1.072652E-2
8.475000E-8	1.072138E-2
8.480000E-8	1.068883E-2
8.485000E-8	1.063231E-2
8.490000E-8	1.051583E-2
8.495000E-8	1.034282E-2
8.500000E-8	1.015611E-2
8.505000E-8	9.974533E-3
8.510000E-8	9.808377E-3
8.515000E-8	9.676480E-3
8.520000E-8	9.587406E-3
8.525000E-8	9.539444E-3
8.530000E-8	9.529166E-3
8.535000E-8	9.530879E-3
8.540000E-8	9.539444E-3
8.545000E-8	9.585693E-3
8.550000E-8	9.671341E-3
8.555000E-8	9.765553E-3
8.560000E-8	9.863191E-3
8.565000E-8	9.979672E-3
8.570000E-8	1.007731E-2
8.575000E-8	1.013212E-2
8.580000E-8	1.014412E-2
8.585000E-8	1.010986E-2
8.590000E-8	1.004648E-2
8.595000E-8	1.000194E-2
8.600000E-8	9.981385E-3
8.605000E-8	9.940274E-3
8.610000E-8	9.894024E-3
8.615000E-8	9.868330E-3
8.620000E-8	9.827219E-3
8.625000E-8	9.750137E-3
8.630000E-8	9.688470E-3
8.635000E-8	9.671341E-3
8.640000E-8	9.652498E-3
8.645000E-8	9.595971E-3
8.650000E-8	9.527453E-3
8.655000E-8	9.493194E-3
8.660000E-8	9.505185E-3
8.665000E-8	9.551434E-3
8.670000E-8	9.640508E-3
8.675000E-8	9.779257E-3
8.680000E-8	9.965968E-3
8.685000E-8	1.015268E-2
8.690000E-8	1.029999E-2
8.695000E-8	1.041134E-2
8.700000E-8	1.050555E-2
8.705000E-8	1.056207E-2
8.710000E-8	1.056036E-2
8.715000E-8	1.050041E-2
8.720000E-8	1.037708E-2
8.725000E-8	1.019722E-2
8.730000E-8	1.000194E-2
8.735000E-8	9.844349E-3
8.740000E-8	9.729581E-3
8.745000E-8	9.654211E-3
8.750000E-8	9.637082E-3
8.755000E-8	9.679906E-3
8.760000E-8	9.744998E-3
8.765000E-8	9.794673E-3
8.770000E-8	9.839210E-3
8.775000E-8	9.899163E-3
8.780000E-8	9.950552E-3
8.785000E-8	9.976246E-3
8.790000E-8	9.981385E-3
8.795000E-8	9.969394E-3
8.800000E-8	9.945413E-3
8.805000E-8	9.890598E-3
8.810000E-8	9.810090E-3
8.815000E-8	9.736433E-3
8.820000E-8	9.678193E-3
8.825000E-8	9.604536E-3
8.830000E-8	9.524027E-3
8.835000E-8	9.464074E-3
8.840000E-8	9.428102E-3
8.845000E-8	9.407547E-3
8.850000E-8	9.424676E-3
8.855000E-8	9.488055E-3
8.860000E-8	9.559999E-3
8.865000E-8	9.630230E-3
8.870000E-8	9.714165E-3
8.875000E-8	9.782683E-3
8.880000E-8	9.813516E-3
8.885000E-8	9.830645E-3
8.890000E-8	9.815229E-3
8.895000E-8	9.753562E-3
8.900000E-8	9.679906E-3
8.905000E-8	9.625091E-3
8.910000E-8	9.577129E-3
8.915000E-8	9.529166E-3
8.920000E-8	9.505185E-3
8.925000E-8	9.489768E-3
8.930000E-8	9.482916E-3
8.935000E-8	9.506898E-3
8.940000E-8	9.534305E-3
8.945000E-8	9.522314E-3
8.950000E-8	9.482916E-3
8.955000E-8	9.429815E-3
8.960000E-8	9.345880E-3
8.965000E-8	9.246529E-3
8.970000E-8	9.167734E-3
8.975000E-8	9.097503E-3
8.980000E-8	9.032410E-3
8.985000E-8	8.991300E-3
8.990000E-8	8.979309E-3
8.995000E-8	8.991300E-3
9.000000E-8	9.022133E-3
9.005000E-8	9.070095E-3
9.010000E-8	9.118058E-3
9.015000E-8	9.152317E-3
9.020000E-8	9.179724E-3
9.025000E-8	9.210557E-3
9.030000E-8	9.234539E-3
9.035000E-8	9.219122E-3
9.040000E-8	9.169447E-3
9.045000E-8	9.109493E-3
9.050000E-8	9.052966E-3
9.055000E-8	8.994726E-3
9.060000E-8	8.939911E-3
9.065000E-8	8.898800E-3
9.070000E-8	8.869680E-3
9.075000E-8	8.849125E-3
9.080000E-8	8.838847E-3
9.085000E-8	8.861115E-3
9.090000E-8	8.905652E-3
9.095000E-8	8.936485E-3
9.100000E-8	8.953615E-3
9.105000E-8	8.960467E-3
9.110000E-8	8.953615E-3
9.115000E-8	8.905652E-3
9.120000E-8	8.830282E-3
9.125000E-8	8.744635E-3
9.130000E-8	8.648710E-3
9.135000E-8	8.552784E-3
9.140000E-8	8.461998E-3
9.145000E-8	8.376351E-3
9.150000E-8	8.297555E-3
9.155000E-8	8.253018E-3
9.160000E-8	8.261583E-3
9.165000E-8	8.312971E-3
9.170000E-8	8.391767E-3
9.175000E-8	8.484266E-3
9.180000E-8	8.593895E-3
9.185000E-8	8.712089E-3
9.190000E-8	8.828569E-3
9.195000E-8	8.945050E-3
9.200000E-8	9.052966E-3
9.205000E-8	9.130049E-3
9.210000E-8	9.169447E-3
9.215000E-8	9.195141E-3
9.220000E-8	9.203706E-3
9.225000E-8	9.155743E-3
9.230000E-8	9.063244E-3
9.235000E-8	8.958754E-3
9.240000E-8	8.850838E-3
9.245000E-8	8.751487E-3
9.250000E-8	8.670978E-3
9.255000E-8	8.616164E-3
9.260000E-8	8.595608E-3
9.265000E-8	8.621302E-3
9.270000E-8	8.676117E-3
9.275000E-8	8.718941E-3
9.280000E-8	8.744635E-3
9.285000E-8	8.770329E-3
9.290000E-8	8.787459E-3
9.295000E-8	8.756626E-3
9.300000E-8	8.676117E-3
9.305000E-8	8.571627E-3
9.310000E-8	8.451720E-3
9.315000E-8	8.330101E-3
9.320000E-8	8.218759E-3
9.325000E-8	8.160519E-3
9.330000E-8	8.160519E-3
9.335000E-8	8.194778E-3
9.340000E-8	8.239315E-3
9.345000E-8	8.290703E-3
9.350000E-8	8.333527E-3
9.355000E-8	8.362647E-3
9.360000E-8	8.381489E-3
9.365000E-8	8.402045E-3
9.370000E-8	8.431165E-3
9.375000E-8	8.472276E-3
9.380000E-8	8.527090E-3
9.385000E-8	8.585331E-3
9.390000E-8	8.648710E-3
9.395000E-8	8.701811E-3
9.400000E-8	8.727505E-3
9.405000E-8	8.734357E-3
9.410000E-8	8.727505E-3
9.415000E-8	8.701811E-3
9.420000E-8	8.653849E-3
9.425000E-8	8.590469E-3
9.430000E-8	8.509961E-3
9.435000E-8	8.402045E-3
9.440000E-8	8.280425E-3
9.445000E-8	8.189639E-3
9.450000E-8	8.163945E-3
9.455000E-8	8.193065E-3
9.460000E-8	8.263296E-3
9.465000E-8	8.366073E-3
9.470000E-8	8.501396E-3
9.475000E-8	8.640145E-3
9.480000E-8	8.748061E-3
9.485000E-8	8.818292E-3
9.490000E-8	8.866254E-3
9.495000E-8	8.876532E-3
9.500000E-8	8.820005E-3
9.505000E-8	8.737783E-3
9.510000E-8	8.657274E-3
9.515000E-8	8.571627E-3
9.520000E-8	8.494544E-3
9.525000E-8	8.458572E-3
9.530000E-8	8.451720E-3
9.535000E-8	8.431165E-3
9.540000E-8	8.393480E-3
9.545000E-8	8.360934E-3
9.550000E-8	8.331814E-3
9.555000E-8	8.285564E-3
9.560000E-8	8.241028E-3
9.565000E-8	8.234176E-3
9.570000E-8	8.254731E-3
9.575000E-8	8.263296E-3
9.580000E-8	8.247879E-3
9.585000E-8	8.218759E-3
9.590000E-8	8.187926E-3
9.595000E-8	8.139964E-3
9.600000E-8	8.088575E-3
9.605000E-8	8.064594E-3
9.610000E-8	8.049177E-3
9.615000E-8	8.028622E-3
9.620000E-8	8.021770E-3
9.625000E-8	8.023483E-3
9.630000E-8	8.006353E-3
9.635000E-8	7.987511E-3
9.640000E-8	8.004640E-3
9.645000E-8	8.042325E-3
9.650000E-8	8.066307E-3
9.655000E-8	8.086862E-3
9.660000E-8	8.114269E-3
9.665000E-8	8.126260E-3
9.670000E-8	8.126260E-3
9.675000E-8	8.121121E-3
9.680000E-8	8.092001E-3
9.685000E-8	8.028622E-3
9.690000E-8	7.961817E-3
9.695000E-8	7.908715E-3
9.700000E-8	7.865892E-3
9.705000E-8	7.845336E-3
9.710000E-8	7.867604E-3
9.715000E-8	7.900151E-3
9.720000E-8	7.924132E-3
9.725000E-8	7.925845E-3
9.730000E-8	7.920706E-3
9.735000E-8	7.910428E-3
9.740000E-8	7.889873E-3
9.745000E-8	7.871030E-3
9.750000E-8	7.860753E-3
9.755000E-8	7.855614E-3
9.760000E-8	7.865892E-3
9.765000E-8	7.910428E-3
9.770000E-8	7.961817E-3
9.775000E-8	7.984085E-3
9.780000E-8	7.985798E-3
9.785000E-8	7.980659E-3
9.790000E-8	7.942974E-3
9.795000E-8	7.879595E-3
9.800000E-8	7.833345E-3
9.805000E-8	7.807651E-3
9.810000E-8	7.790522E-3
9.815000E-8	7.787096E-3
9.820000E-8	7.785383E-3
9.825000E-8	7.768253E-3
9.830000E-8	7.759689E-3
9.835000E-8	7.785383E-3
9.840000E-8	7.833345E-3
9.845000E-8	7.881308E-3
9.850000E-8	7.937835E-3
9.855000E-8	8.004640E-3
9.860000E-8	8.050890E-3
9.865000E-8	8.054316E-3
9.870000E-8	8.020057E-3
9.875000E-8	7.946400E-3
9.880000E-8	7.850475E-3
9.885000E-8	7.747698E-3
9.890000E-8	7.662050E-3
9.895000E-8	7.584968E-3
9.900000E-8	7.504459E-3
9.905000E-8	7.410247E-3
9.910000E-8	7.329738E-3
9.915000E-8	7.283488E-3
9.920000E-8	7.268072E-3
9.925000E-8	7.271498E-3
9.930000E-8	7.317747E-3
9.935000E-8	7.401682E-3
9.940000E-8	7.463348E-3
9.945000E-8	7.492468E-3
9.950000E-8	7.519876E-3
9.955000E-8	7.543857E-3
9.960000E-8	7.521589E-3
9.965000E-8	7.454784E-3
9.970000E-8	7.372562E-3
9.975000E-8	7.264646E-3
9.980000E-8	7.153304E-3
9.985000E-8	7.074509E-3
9.990000E-8	7.035111E-3
9.995000E-8	7.024833E-3
1.000000E-7	7.052240E-3
1.000500E-7	7.129323E-3
1.001000E-7	7.226961E-3
1.001500E-7	7.336590E-3
1.002000E-7	7.461635E-3
1.002500E-7	7.605523E-3
1.003000E-7	7.756263E-3
1.003500E-7	7.879595E-3
1.004000E-7	7.963530E-3
1.004500E-7	8.016631E-3
1.005000E-7	8.020057E-3
1.005500E-7	7.951539E-3
1.006000E-7	7.833345E-3
1.006500E-7	7.699735E-3
1.007000E-7	7.552422E-3
1.007500E-7	7.403395E-3
1.008000E-7	7.298905E-3
1.008500E-7	7.235526E-3
1.009000E-7	7.189276E-3
1.009500E-7	7.163582E-3
1.010000E-7	7.177286E-3
1.010500E-7	7.226961E-3
1.011000E-7	7.298905E-3
1.011500E-7	7.367423E-3
1.012000E-7	7.413673E-3
1.012500E-7	7.435941E-3
1.013000E-7	7.423950E-3
1.013500E-7	7.375988E-3
1.014000E-7	7.309183E-3
1.014500E-7	7.232100E-3
1.015000E-7	7.161869E-3
1.015500E-7	7.124184E-3
1.016000E-7	7.127610E-3
1.016500E-7	7.139601E-3
1.017000E-7	7.160156E-3
1.017500E-7	7.185850E-3
1.018000E-7	7.202980E-3
1.018500E-7	7.202980E-3
1.019000E-7	7.211545E-3
1.019500E-7	7.232100E-3
1.020000E-7	7.237239E-3
1.020500E-7	7.208119E-3
1.021000E-7	7.155017E-3
1.021500E-7	7.089925E-3
1.022000E-7	7.026546E-3
1.022500E-7	6.982009E-3
1.023000E-7	6.961454E-3
1.023500E-7	6.959741E-3
1.024000E-7	6.985435E-3
1.024500E-7	7.057379E-3
1.025000E-7	7.175573E-3
1.025500E-7	7.310896E-3
1.026000E-7	7.449645E-3
1.026500E-7	7.569551E-3
1.027000E-7	7.632930E-3
1.027500E-7	7.636356E-3
1.028000E-7	7.591820E-3
1.028500E-7	7.509598E-3
1.029000E-7	7.386265E-3
1.029500E-7	7.235526E-3
1.030000E-7	7.086499E-3
1.030500E-7	6.954602E-3
1.031000E-7	6.855251E-3
1.031500E-7	6.810714E-3
1.032000E-7	6.831270E-3
1.032500E-7	6.915204E-3
1.033000E-7	7.035111E-3
1.033500E-7	7.158443E-3
1.034000E-7	7.268072E-3
1.034500E-7	7.367423E-3
1.035000E-7	7.418812E-3
1.035500E-7	7.405108E-3
1.036000E-7	7.355432E-3
1.036500E-7	7.302331E-3
1.037000E-7	7.223535E-3
1.037500E-7	7.139601E-3
1.038000E-7	7.095064E-3
1.038500E-7	7.089925E-3
1.039000E-7	7.127610E-3
1.039500E-7	7.216683E-3
1.040000E-7	7.333164E-3
1.040500E-7	7.458209E-3
1.041000E-7	7.590107E-3
1.041500E-7	7.711726E-3
1.042000E-7	7.781957E-3
1.042500E-7	7.790522E-3
1.043000E-7	7.754550E-3
1.043500E-7	7.667189E-3
1.044000E-7	7.528440E-3
1.044500E-7	7.360571E-3
1.045000E-7	7.197841E-3
1.045500E-7	7.035111E-3
1.046000E-7	6.877519E-3
1.046500E-7	6.747335E-3
1.047000E-7	6.677104E-3
1.047500E-7	6.637706E-3
1.048000E-7	6.618864E-3
1.048500E-7	6.630855E-3
1.049000E-7	6.658262E-3
1.049500E-7	6.654836E-3
1.050000E-7	6.625716E-3
1.050500E-7	6.613725E-3
1.051000E-7	6.610299E-3
1.051500E-7	6.600021E-3
1.052000E-7	6.612012E-3
1.052500E-7	6.671965E-3
1.053000E-7	6.737057E-3
1.053500E-7	6.795298E-3
1.054000E-7	6.868955E-3
1.054500E-7	6.963167E-3
1.055000E-7	7.036824E-3
1.055500E-7	7.101916E-3
1.056000E-7	7.160156E-3
1.056500E-7	7.190989E-3
1.057000E-7	7.177286E-3
1.057500E-7	7.129323E-3
1.058000E-7	7.040250E-3
1.058500E-7	6.944324E-3
1.059000E-7	6.892936E-3
1.059500E-7	6.875806E-3
1.060000E-7	6.858677E-3
1.060500E-7	6.839834E-3
1.061000E-7	6.831270E-3
1.061500E-7	6.827844E-3
1.062000E-7	6.822705E-3
1.062500E-7	6.819279E-3
1.063000E-7	6.812427E-3
1.063500E-7	6.786733E-3
1.064000E-7	6.750761E-3
1.064500E-7	6.719928E-3
1.065000E-7	6.704511E-3
1.065500E-7	6.723354E-3
1.066000E-7	6.779881E-3
1.066500E-7	6.851825E-3
1.067000E-7	6.923769E-3
1.067500E-7	6.982009E-3
1.068000E-7	7.002565E-3
1.068500E-7	6.999139E-3
1.069000E-7	6.994000E-3
1.069500E-7	6.982009E-3
1.070000E-7	6.928908E-3
1.070500E-7	6.856964E-3
1.071000E-7	6.797011E-3
1.071500E-7	6.725067E-3
1.072000E-7	6.632567E-3
1.072500E-7	6.564049E-3
1.073000E-7	6.546920E-3
1.073500E-7	6.560624E-3
1.074000E-7	6.608586E-3
1.074500E-7	6.701085E-3
1.075000E-7	6.824418E-3
1.075500E-7	6.944324E-3
1.076000E-7	7.045388E-3
1.076500E-7	7.107055E-3
1.077000E-7	7.134462E-3
1.077500E-7	7.134462E-3
1.078000E-7	7.098490E-3
1.078500E-7	7.026546E-3
1.079000E-7	6.944324E-3
1.079500E-7	6.870668E-3
1.080000E-7	6.802150E-3
1.080500E-7	6.725067E-3
1.081000E-7	6.659975E-3
1.081500E-7	6.635993E-3
1.082000E-7	6.637706E-3
1.082500E-7	6.653123E-3
1.083000E-7	6.683956E-3
1.083500E-7	6.721641E-3
1.084000E-7	6.731919E-3
1.084500E-7	6.713076E-3
1.085000E-7	6.659975E-3
1.085500E-7	6.569188E-3
1.086000E-7	6.471550E-3
1.086500E-7	6.387616E-3
1.087000E-7	6.308820E-3
1.087500E-7	6.211182E-3
1.088000E-7	6.134099E-3
1.088500E-7	6.094701E-3
1.089000E-7	6.075859E-3
1.089500E-7	6.079285E-3
1.090000E-7	6.103266E-3
1.090500E-7	6.123821E-3
1.091000E-7	6.142664E-3
1.091500E-7	6.180349E-3
1.092000E-7	6.194052E-3
1.092500E-7	6.152941E-3
1.093000E-7	6.099840E-3
1.093500E-7	6.055303E-3
1.094000E-7	5.988498E-3
1.094500E-7	5.911416E-3
1.095000E-7	5.877157E-3
1.095500E-7	5.880582E-3
1.096000E-7	5.890860E-3
1.096500E-7	5.926832E-3
1.097000E-7	5.997063E-3
1.097500E-7	6.082711E-3
1.098000E-7	6.168358E-3
1.098500E-7	6.259144E-3
1.099000E-7	6.341366E-3
1.099500E-7	6.382477E-3
1.100000E-7	6.413310E-3
1.100500E-7	6.447569E-3
1.101000E-7	6.457847E-3
1.101500E-7	6.423588E-3
1.102000E-7	6.377338E-3
1.102500E-7	6.337940E-3
1.103000E-7	6.295116E-3
1.103500E-7	6.242015E-3
1.104000E-7	6.190626E-3
1.104500E-7	6.120395E-3
1.105000E-7	6.021044E-3
1.105500E-7	5.919980E-3
1.106000E-7	5.849749E-3
1.106500E-7	5.824055E-3
1.107000E-7	5.842898E-3
1.107500E-7	5.909703E-3
1.108000E-7	6.045026E-3
1.108500E-7	6.240302E-3
1.109000E-7	6.450995E-3
1.109500E-7	6.635993E-3
1.110000E-7	6.824418E-3
1.110500E-7	7.038537E-3
1.111000E-7	7.223535E-3
1.111500E-7	7.338303E-3
1.112000E-7	7.377701E-3
1.112500E-7	7.355432E-3
1.113000E-7	7.240665E-3
1.113500E-7	7.028259E-3
1.114000E-7	6.759326E-3
1.114500E-7	6.492106E-3
1.115000E-7	6.235163E-3
1.115500E-7	5.993637E-3
1.116000E-7	5.815490E-3
1.116500E-7	5.717852E-3
1.117000E-7	5.700723E-3
1.117500E-7	5.760676E-3
1.118000E-7	5.890860E-3
1.118500E-7	6.067294E-3
1.119000E-7	6.262570E-3
1.119500E-7	6.464698E-3
1.120000E-7	6.646271E-3
1.120500E-7	6.778168E-3
1.121000E-7	6.855251E-3
1.121500E-7	6.868955E-3
1.122000E-7	6.826131E-3
1.122500E-7	6.735344E-3
1.123000E-7	6.603447E-3
1.123500E-7	6.442430E-3
1.124000E-7	6.264283E-3
1.124500E-7	6.089562E-3
1.125000E-7	5.919980E-3
1.125500E-7	5.777805E-3
1.126000E-7	5.692158E-3
1.126500E-7	5.652760E-3
1.127000E-7	5.649334E-3
1.127500E-7	5.685306E-3
1.128000E-7	5.748685E-3
1.128500E-7	5.810351E-3
1.129000E-7	5.868592E-3
1.129500E-7	5.937110E-3
1.130000E-7	6.019331E-3
1.130500E-7	6.080998E-3
1.131000E-7	6.111831E-3
1.131500E-7	6.137525E-3
1.132000E-7	6.170071E-3
1.132500E-7	6.199191E-3
1.133000E-7	6.218034E-3
1.133500E-7	6.236876E-3
1.134000E-7	6.257431E-3
1.134500E-7	6.262570E-3
1.135000E-7	6.255718E-3
1.135500E-7	6.245441E-3
1.136000E-7	6.219747E-3
1.136500E-7	6.164932E-3
1.137000E-7	6.104979E-3
1.137500E-7	6.057016E-3
1.138000E-7	6.009054E-3
1.138500E-7	5.947387E-3
1.139000E-7	5.884008E-3
1.139500E-7	5.825768E-3
1.140000E-7	5.794935E-3
1.140500E-7	5.815490E-3
1.141000E-7	5.863453E-3
1.141500E-7	5.914841E-3
1.142000E-7	5.979934E-3
1.142500E-7	6.062155E-3
1.143000E-7	6.103266E-3
1.143500E-7	6.072433E-3
1.144000E-7	6.002202E-3
1.144500E-7	5.901138E-3
1.145000E-7	5.764102E-3
1.145500E-7	5.616788E-3
1.146000E-7	5.483178E-3
1.146500E-7	5.349568E-3
1.147000E-7	5.221097E-3
1.147500E-7	5.137162E-3
1.148000E-7	5.082348E-3
1.148500E-7	5.063505E-3
1.149000E-7	5.120033E-3
1.149500E-7	5.239939E-3
1.150000E-7	5.354707E-3
1.150500E-7	5.445493E-3
1.151000E-7	5.536279E-3
1.151500E-7	5.637343E-3
1.152000E-7	5.729843E-3
1.152500E-7	5.798361E-3
1.153000E-7	5.830907E-3
1.153500E-7	5.863453E-3
1.154000E-7	5.911416E-3
1.154500E-7	5.935397E-3
1.155000E-7	5.923406E-3
1.155500E-7	5.925119E-3
1.156000E-7	5.937110E-3
1.156500E-7	5.921693E-3
1.157000E-7	5.904564E-3
1.157500E-7	5.916554E-3
1.158000E-7	5.916554E-3
1.158500E-7	5.907990E-3
1.159000E-7	5.892573E-3
1.159500E-7	5.849749E-3
1.160000E-7	5.782944E-3
1.160500E-7	5.767528E-3
1.161000E-7	5.805213E-3
1.161500E-7	5.849749E-3
1.162000E-7	5.894286E-3
1.162500E-7	5.954239E-3
1.163000E-7	6.009054E-3
1.163500E-7	6.034748E-3
1.164000E-7	6.046739E-3
1.164500E-7	6.045026E-3
1.165000E-7	6.017618E-3
1.165500E-7	5.955952E-3
1.166000E-7	5.866879E-3
1.166500E-7	5.765815E-3
1.167000E-7	5.676741E-3
1.167500E-7	5.591094E-3
1.168000E-7	5.503733E-3
1.168500E-7	5.431789E-3
1.169000E-7	5.382114E-3
1.169500E-7	5.351281E-3
1.170000E-7	5.351281E-3
1.170500E-7	5.366697E-3
1.171000E-7	5.390679E-3
1.171500E-7	5.430077E-3
1.172000E-7	5.493456E-3
1.172500E-7	5.558548E-3
1.173000E-7	5.603084E-3
1.173500E-7	5.621927E-3
1.174000E-7	5.604797E-3
1.174500E-7	5.553409E-3
1.175000E-7	5.491743E-3
1.175500E-7	5.412947E-3
1.176000E-7	5.318735E-3
1.176500E-7	5.257069E-3
1.177000E-7	5.227948E-3
1.177500E-7	5.193689E-3
1.178000E-7	5.173134E-3
1.178500E-7	5.221097E-3
1.179000E-7	5.313596E-3
1.179500E-7	5.390679E-3
1.180000E-7	5.488317E-3
1.180500E-7	5.618501E-3
1.181000E-7	5.750398E-3
1.181500E-7	5.873731E-3
1.182000E-7	5.991924E-3
1.182500E-7	6.079285E-3
1.183000E-7	6.127247E-3
1.183500E-7	6.154654E-3
1.184000E-7	6.166645E-3
1.184500E-7	6.134099E-3
1.185000E-7	6.072433E-3
1.185500E-7	6.017618E-3
1.186000E-7	5.950813E-3
1.186500E-7	5.870305E-3
1.187000E-7	5.813777E-3
1.187500E-7	5.800074E-3
1.188000E-7	5.777805E-3
1.188500E-7	5.717852E-3
1.189000E-7	5.645908E-3
1.189500E-7	5.561974E-3
1.190000E-7	5.460910E-3
1.190500E-7	5.341003E-3
1.191000E-7	5.226235E-3
1.191500E-7	5.140588E-3
1.192000E-7	5.082348E-3
1.192500E-7	5.046376E-3
1.193000E-7	5.022394E-3
1.193500E-7	5.027533E-3
1.194000E-7	5.080635E-3
1.194500E-7	5.173134E-3
1.195000E-7	5.289615E-3
1.195500E-7	5.402669E-3
1.196000E-7	5.486604E-3
1.196500E-7	5.529428E-3
1.197000E-7	5.548270E-3
1.197500E-7	5.553409E-3
1.198000E-7	5.526002E-3
1.198500E-7	5.448919E-3
1.199000E-7	5.334151E-3
1.199500E-7	5.231374E-3
1.200000E-7	5.145727E-3
1.200500E-7	5.063505E-3
1.201000E-7	5.000126E-3
1.201500E-7	4.996700E-3
1.202000E-7	5.025820E-3
1.202500E-7	5.061792E-3
1.203000E-7	5.135449E-3
1.203500E-7	5.239939E-3
1.204000E-7	5.323874E-3
1.204500E-7	5.395818E-3
1.205000E-7	5.460910E-3
1.205500E-7	5.500307E-3
1.206000E-7	5.505446E-3
1.206500E-7	5.484891E-3
1.207000E-7	5.447206E-3
1.207500E-7	5.394105E-3
1.208000E-7	5.366697E-3
1.208500E-7	5.354707E-3
1.209000E-7	5.351281E-3
1.209500E-7	5.351281E-3
1.210000E-7	5.351281E-3
1.210500E-7	5.337577E-3
1.211000E-7	5.329012E-3
1.211500E-7	5.337577E-3
1.212000E-7	5.332438E-3
1.212500E-7	5.289615E-3
1.213000E-7	5.233087E-3
1.213500E-7	5.162856E-3
1.214000E-7	5.066931E-3
1.214500E-7	4.969293E-3
1.215000E-7	4.907627E-3
1.215500E-7	4.878507E-3
1.216000E-7	4.873368E-3
1.216500E-7	4.900775E-3
1.217000E-7	4.950451E-3
1.217500E-7	4.996700E-3
1.218000E-7	5.022394E-3
1.218500E-7	5.030959E-3
1.219000E-7	5.015543E-3
1.219500E-7	4.982997E-3
1.220000E-7	4.943599E-3
1.220500E-7	4.895636E-3
1.221000E-7	4.828831E-3
1.221500E-7	4.767165E-3
1.222000E-7	4.738045E-3
1.222500E-7	4.722628E-3
1.223000E-7	4.729480E-3
1.223500E-7	4.787720E-3
1.224000E-7	4.880220E-3
1.224500E-7	4.969293E-3
1.225000E-7	5.051515E-3
1.225500E-7	5.126884E-3
1.226000E-7	5.183412E-3
1.226500E-7	5.221097E-3
1.227000E-7	5.239939E-3
1.227500E-7	5.236513E-3
1.228000E-7	5.243365E-3
1.228500E-7	5.293041E-3
1.229000E-7	5.358133E-3
1.229500E-7	5.430077E-3
1.230000E-7	5.517437E-3
1.230500E-7	5.611649E-3
1.231000E-7	5.687019E-3
1.231500E-7	5.734982E-3
1.232000E-7	5.753824E-3
1.232500E-7	5.746972E-3
1.233000E-7	5.697297E-3
1.233500E-7	5.579103E-3
1.234000E-7	5.404382E-3
1.234500E-7	5.233087E-3
1.235000E-7	5.072070E-3
1.235500E-7	4.919617E-3
1.236000E-7	4.809989E-3
1.236500E-7	4.762026E-3
1.237000E-7	4.768878E-3
1.237500E-7	4.825405E-3
1.238000E-7	4.931608E-3
1.238500E-7	5.049802E-3
1.239000E-7	5.164569E-3
1.239500E-7	5.282763E-3
1.240000E-7	5.383827E-3
1.240500E-7	5.447206E-3
1.241000E-7	5.481465E-3
1.241500E-7	5.476326E-3
1.242000E-7	5.414660E-3
1.242500E-7	5.323874E-3
1.243000E-7	5.209106E-3
1.243500E-7	5.044663E-3
1.244000E-7	4.845961E-3
1.244500E-7	4.659249E-3
1.245000E-7	4.503371E-3
1.245500E-7	4.376612E-3
1.246000E-7	4.284113E-3
1.246500E-7	4.241289E-3
1.247000E-7	4.251567E-3
1.247500E-7	4.313233E-3
1.248000E-7	4.416010E-3
1.248500E-7	4.556472E-3
1.249000E-7	4.720915E-3
1.249500E-7	4.875081E-3
1.250000E-7	4.986422E-3
1.250500E-7	5.054940E-3
1.251000E-7	5.102903E-3
1.251500E-7	5.126884E-3
1.252000E-7	5.101190E-3
1.252500E-7	5.036098E-3
1.253000E-7	4.974432E-3
1.253500E-7	4.935034E-3
1.254000E-7	4.919617E-3
1.254500E-7	4.923043E-3
1.255000E-7	4.952163E-3
1.255500E-7	4.989848E-3
1.256000E-7	5.018969E-3
1.256500E-7	5.039524E-3
1.257000E-7	5.025820E-3
1.257500E-7	4.974432E-3
1.258000E-7	4.914479E-3
1.258500E-7	4.869942E-3
1.259000E-7	4.816840E-3
1.259500E-7	4.751748E-3
1.260000E-7	4.714063E-3
1.260500E-7	4.688369E-3
1.261000E-7	4.655823E-3
1.261500E-7	4.643832E-3
1.262000E-7	4.681517E-3
1.262500E-7	4.731193E-3
1.263000E-7	4.760313E-3
1.263500E-7	4.767165E-3
1.264000E-7	4.767165E-3
1.264500E-7	4.753461E-3
1.265000E-7	4.720915E-3
1.265500E-7	4.683230E-3
1.266000E-7	4.662675E-3
1.266500E-7	4.662675E-3
1.267000E-7	4.669527E-3
1.267500E-7	4.693508E-3
1.268000E-7	4.753461E-3
1.268500E-7	4.828831E-3
1.269000E-7	4.912766E-3
1.269500E-7	4.994987E-3
1.270000E-7	5.078922E-3
1.270500E-7	5.149153E-3
1.271000E-7	5.190264E-3
1.271500E-7	5.193689E-3
1.272000E-7	5.149153E-3
1.272500E-7	5.065218E-3
1.273000E-7	4.960728E-3
1.273500E-7	4.839109E-3
1.274000E-7	4.720915E-3
1.274500E-7	4.631842E-3
1.275000E-7	4.570176E-3
1.275500E-7	4.493093E-3
1.276000E-7	4.419436E-3
1.276500E-7	4.380038E-3
1.277000E-7	4.366335E-3
1.277500E-7	4.332076E-3
1.278000E-7	4.308094E-3
1.278500E-7	4.326937E-3
1.279000E-7	4.337214E-3
1.279500E-7	4.332076E-3
1.280000E-7	4.374899E-3
1.280500E-7	4.436566E-3
1.281000E-7	4.443417E-3
1.281500E-7	4.426288E-3
1.282000E-7	4.446843E-3
1.282500E-7	4.460547E-3
1.283000E-7	4.434853E-3
1.283500E-7	4.412584E-3
1.284000E-7	4.414297E-3
1.284500E-7	4.429714E-3
1.285000E-7	4.450269E-3
1.285500E-7	4.462260E-3
1.286000E-7	4.472537E-3
1.286500E-7	4.496519E-3
1.287000E-7	4.522213E-3
1.287500E-7	4.541055E-3
1.288000E-7	4.573602E-3
1.288500E-7	4.616425E-3
1.289000E-7	4.631842E-3
1.289500E-7	4.604435E-3
1.290000E-7	4.554759E-3
1.290500E-7	4.487954E-3
1.291000E-7	4.398881E-3
1.291500E-7	4.301242E-3
1.292000E-7	4.220734E-3
1.292500E-7	4.177910E-3
1.293000E-7	4.160781E-3
1.293500E-7	4.145364E-3
1.294000E-7	4.145364E-3
1.294500E-7	4.184762E-3
1.295000E-7	4.249854E-3
1.295500E-7	4.313233E-3
1.296000E-7	4.393742E-3
1.296500E-7	4.482815E-3
1.297000E-7	4.534204E-3
1.297500E-7	4.558185E-3
1.298000E-7	4.582166E-3
1.298500E-7	4.583879E-3
1.299000E-7	4.566750E-3
1.299500E-7	4.551333E-3
1.300000E-7	4.547907E-3
1.300500E-7	4.547907E-3
1.301000E-7	4.554759E-3
1.301500E-7	4.582166E-3
1.302000E-7	4.621564E-3
1.302500E-7	4.672953E-3
1.303000E-7	4.731193E-3
1.303500E-7	4.801424E-3
1.304000E-7	4.857951E-3
1.304500E-7	4.881933E-3
1.305000E-7	4.876794E-3
1.305500E-7	4.821979E-3
1.306000E-7	4.726054E-3
1.306500E-7	4.599296E-3
1.307000E-7	4.431427E-3
1.307500E-7	4.217308E-3
1.308000E-7	3.998050E-3
1.308500E-7	3.807913E-3
1.309000E-7	3.643470E-3
1.309500E-7	3.523563E-3
1.310000E-7	3.480739E-3
1.310500E-7	3.521850E-3
1.311000E-7	3.617775E-3
1.311500E-7	3.747960E-3
1.312000E-7	3.900412E-3
1.312500E-7	4.056291E-3
1.313000E-7	4.213882E-3
1.313500E-7	4.369760E-3
1.314000E-7	4.487954E-3
1.314500E-7	4.544481E-3
1.315000E-7	4.546194E-3
1.315500E-7	4.493093E-3
1.316000E-7	4.397168E-3
1.316500E-7	4.284113E-3
1.317000E-7	4.176197E-3
1.317500E-7	4.069994E-3
1.318000E-7	3.967217E-3
1.318500E-7	3.890134E-3
1.319000E-7	3.828468E-3
1.319500E-7	3.785644E-3
1.320000E-7	3.735969E-3
1.320500E-7	3.664025E-3
1.321000E-7	3.607498E-3
1.321500E-7	3.578378E-3
1.322000E-7	3.550970E-3
1.322500E-7	3.508147E-3
1.323000E-7	3.494443E-3
1.323500E-7	3.526989E-3
1.324000E-7	3.573239E-3
1.324500E-7	3.621201E-3
1.325000E-7	3.694858E-3
1.325500E-7	3.766802E-3
1.326000E-7	3.807913E-3
1.326500E-7	3.838746E-3
1.327000E-7	3.873005E-3
1.327500E-7	3.896986E-3
1.328000E-7	3.883283E-3
1.328500E-7	3.859301E-3
1.329000E-7	3.849024E-3
1.329500E-7	3.837033E-3
1.330000E-7	3.801061E-3
1.330500E-7	3.744534E-3
1.331000E-7	3.684580E-3
1.331500E-7	3.638331E-3
1.332000E-7	3.602359E-3
1.332500E-7	3.566387E-3
1.333000E-7	3.538980E-3
1.333500E-7	3.509860E-3
1.334000E-7	3.482452E-3
1.334500E-7	3.487591E-3
1.335000E-7	3.538980E-3
1.335500E-7	3.592081E-3
1.336000E-7	3.628053E-3
1.336500E-7	3.684580E-3
1.337000E-7	3.782219E-3
1.337500E-7	3.866153E-3
1.338000E-7	3.914116E-3
1.338500E-7	3.936384E-3
1.339000E-7	3.946662E-3
1.339500E-7	3.944949E-3
1.340000E-7	3.917542E-3
1.340500E-7	3.861014E-3
1.341000E-7	3.794209E-3
1.341500E-7	3.730830E-3
1.342000E-7	3.674303E-3
1.342500E-7	3.657173E-3
1.343000E-7	3.693145E-3
1.343500E-7	3.751385E-3
1.344000E-7	3.806200E-3
1.344500E-7	3.854162E-3
1.345000E-7	3.891847E-3
1.345500E-7	3.903838E-3
1.346000E-7	3.915829E-3
1.346500E-7	3.927819E-3
1.347000E-7	3.924393E-3
1.347500E-7	3.922680E-3
1.348000E-7	3.946662E-3
1.348500E-7	3.992911E-3
1.349000E-7	4.028883E-3
1.349500E-7	4.069994E-3
1.350000E-7	4.136799E-3
1.350500E-7	4.210456E-3
1.351000E-7	4.265271E-3
1.351500E-7	4.273835E-3
1.352000E-7	4.237863E-3
1.352500E-7	4.174484E-3
1.353000E-7	4.088837E-3
1.353500E-7	3.986060E-3
1.354000E-7	3.886709E-3
1.354500E-7	3.783932E-3
1.355000E-7	3.694858E-3
1.355500E-7	3.670877E-3
1.356000E-7	3.698284E-3
1.356500E-7	3.751385E-3
1.357000E-7	3.833607E-3
1.357500E-7	3.960365E-3
1.358000E-7	4.093975E-3
1.358500E-7	4.208743E-3
1.359000E-7	4.304668E-3
1.359500E-7	4.357770E-3
1.360000E-7	4.378325E-3
1.360500E-7	4.380038E-3
1.361000E-7	4.350918E-3
1.361500E-7	4.275548E-3
1.362000E-7	4.181336E-3
1.362500E-7	4.073420E-3
1.363000E-7	3.956939E-3
1.363500E-7	3.842172E-3
1.364000E-7	3.751385E-3
1.364500E-7	3.682867E-3
1.365000E-7	3.646896E-3
1.365500E-7	3.660599E-3
1.366000E-7	3.711988E-3
1.366500E-7	3.780506E-3
1.367000E-7	3.867866E-3
1.367500E-7	3.975782E-3
1.368000E-7	4.061429E-3
1.368500E-7	4.105966E-3
1.369000E-7	4.109392E-3
1.369500E-7	4.069994E-3
1.370000E-7	3.998050E-3
1.370500E-7	3.917542E-3
1.371000E-7	3.842172E-3
1.371500E-7	3.768515E-3
1.372000E-7	3.722265E-3
1.372500E-7	3.713701E-3
1.373000E-7	3.706849E-3
1.373500E-7	3.711988E-3
1.374000E-7	3.754811E-3
1.374500E-7	3.819903E-3
1.375000E-7	3.862727E-3
1.375500E-7	3.884996E-3
1.376000E-7	3.893560E-3
1.376500E-7	3.852450E-3
1.377000E-7	3.777080E-3
1.377500E-7	3.696571E-3
1.378000E-7	3.638331E-3
1.378500E-7	3.619488E-3
1.379000E-7	3.638331E-3
1.379500E-7	3.677729E-3
1.380000E-7	3.729117E-3
1.380500E-7	3.789070E-3
1.381000E-7	3.845598E-3
1.381500E-7	3.888421E-3
1.382000E-7	3.919255E-3
1.382500E-7	3.927819E-3
1.383000E-7	3.891847E-3
1.383500E-7	3.826755E-3
1.384000E-7	3.735969E-3
1.384500E-7	3.602359E-3
1.385000E-7	3.453332E-3
1.385500E-7	3.353981E-3
1.386000E-7	3.302593E-3
1.386500E-7	3.268334E-3
1.387000E-7	3.263195E-3
1.387500E-7	3.319722E-3
1.388000E-7	3.437916E-3
1.388500E-7	3.574952E-3
1.389000E-7	3.699997E-3
1.389500E-7	3.804487E-3
1.390000E-7	3.890134E-3
1.390500E-7	3.955227E-3
1.391000E-7	3.986060E-3
1.391500E-7	3.975782E-3
1.392000E-7	3.939810E-3
1.392500E-7	3.888421E-3
1.393000E-7	3.825042E-3
1.393500E-7	3.756524E-3
1.394000E-7	3.688006E-3
1.394500E-7	3.631479E-3
1.395000E-7	3.590368E-3
1.395500E-7	3.569813E-3
1.396000E-7	3.573239E-3
1.396500E-7	3.574952E-3
1.397000E-7	3.561248E-3
1.397500E-7	3.554396E-3
1.398000E-7	3.561248E-3
1.398500E-7	3.568100E-3
1.399000E-7	3.574952E-3
1.399500E-7	3.593794E-3
1.400000E-7	3.612637E-3
1.400500E-7	3.609211E-3
1.401000E-7	3.590368E-3
1.401500E-7	3.586942E-3
1.402000E-7	3.588655E-3
1.402500E-7	3.578378E-3
1.403000E-7	3.592081E-3
1.403500E-7	3.645183E-3
1.404000E-7	3.706849E-3
1.404500E-7	3.777080E-3
1.405000E-7	3.849024E-3
1.405500E-7	3.917542E-3
1.406000E-7	3.992911E-3
1.406500E-7	4.085411E-3
1.407000E-7	4.157355E-3
1.407500E-7	4.186475E-3
1.408000E-7	4.177910E-3
1.408500E-7	4.136799E-3
1.409000E-7	4.056291E-3
1.409500E-7	3.932958E-3
1.410000E-7	3.780506E-3
1.410500E-7	3.633192E-3
1.411000E-7	3.526989E-3
1.411500E-7	3.470462E-3
1.412000E-7	3.439629E-3
1.412500E-7	3.427638E-3
1.413000E-7	3.444767E-3
1.413500E-7	3.484165E-3
1.414000E-7	3.516711E-3
1.414500E-7	3.538980E-3
1.415000E-7	3.544119E-3
1.415500E-7	3.533841E-3
1.416000E-7	3.494443E-3
1.416500E-7	3.425925E-3
1.417000E-7	3.341990E-3
1.417500E-7	3.266621E-3
1.418000E-7	3.234075E-3
1.418500E-7	3.225510E-3
1.419000E-7	3.230649E-3
1.419500E-7	3.268334E-3
1.420000E-7	3.369398E-3
1.420500E-7	3.520137E-3
1.421000E-7	3.684580E-3
1.421500E-7	3.840459E-3
1.422000E-7	3.975782E-3
1.422500E-7	4.083698E-3
1.423000E-7	4.159068E-3
1.423500E-7	4.188188E-3
1.424000E-7	4.183049E-3
1.424500E-7	4.155642E-3
1.425000E-7	4.105966E-3
1.425500E-7	4.030596E-3
1.426000E-7	3.944949E-3
1.426500E-7	3.867866E-3
1.427000E-7	3.785644E-3
1.427500E-7	3.713701E-3
1.428000E-7	3.670877E-3
1.428500E-7	3.646896E-3
1.429000E-7	3.636618E-3
1.429500E-7	3.658886E-3
1.430000E-7	3.694858E-3
1.430500E-7	3.720552E-3
1.431000E-7	3.727404E-3
1.431500E-7	3.706849E-3
1.432000E-7	3.660599E-3
1.432500E-7	3.597220E-3
1.433000E-7	3.537267E-3
1.433500E-7	3.453332E-3
1.434000E-7	3.341990E-3
1.434500E-7	3.239213E-3
1.435000E-7	3.167270E-3
1.435500E-7	3.107316E-3
1.436000E-7	3.064493E-3
1.436500E-7	3.071344E-3
1.437000E-7	3.121020E-3
1.437500E-7	3.179260E-3
1.438000E-7	3.264908E-3
1.438500E-7	3.384814E-3
1.439000E-7	3.499582E-3
1.439500E-7	3.586942E-3
1.440000E-7	3.665738E-3
1.440500E-7	3.735969E-3
1.441000E-7	3.765089E-3
1.441500E-7	3.780506E-3
1.442000E-7	3.789070E-3
1.442500E-7	3.771941E-3
1.443000E-7	3.711988E-3
1.443500E-7	3.617775E-3
1.444000E-7	3.497869E-3
1.444500E-7	3.362546E-3
1.445000E-7	3.235788E-3
1.445500E-7	3.091900E-3
1.446000E-7	2.942873E-3
1.446500E-7	2.828105E-3
1.447000E-7	2.756162E-3
1.447500E-7	2.687644E-3
1.448000E-7	2.636255E-3
1.448500E-7	2.631116E-3
1.449000E-7	2.665375E-3
1.449500E-7	2.703060E-3
1.450000E-7	2.737319E-3
1.450500E-7	2.756162E-3
1.451000E-7	2.740745E-3
1.451500E-7	2.677366E-3
1.452000E-7	2.600283E-3
1.452500E-7	2.538617E-3
1.453000E-7	2.511210E-3
1.453500E-7	2.535191E-3
1.454000E-7	2.607135E-3
1.454500E-7	2.713338E-3
1.455000E-7	2.840096E-3
1.455500E-7	2.975419E-3
1.456000E-7	3.085048E-3
1.456500E-7	3.153566E-3
1.457000E-7	3.213519E-3
1.457500E-7	3.261482E-3
1.458000E-7	3.251204E-3
1.458500E-7	3.189538E-3
1.459000E-7	3.095326E-3
1.459500E-7	2.978845E-3
1.460000E-7	2.848661E-3
1.460500E-7	2.763013E-3
1.461000E-7	2.733893E-3
1.461500E-7	2.728754E-3
1.462000E-7	2.756162E-3
1.462500E-7	2.843522E-3
1.463000E-7	2.965141E-3
1.463500E-7	3.086761E-3
1.464000E-7	3.213519E-3
1.464500E-7	3.312870E-3
1.465000E-7	3.345416E-3
1.465500E-7	3.328287E-3
1.466000E-7	3.292315E-3
1.466500E-7	3.237500E-3
1.467000E-7	3.160418E-3
1.467500E-7	3.093613E-3
1.468000E-7	3.037085E-3
1.468500E-7	2.990836E-3
1.469000E-7	2.960003E-3
1.469500E-7	2.948012E-3
1.470000E-7	2.932595E-3
1.470500E-7	2.920605E-3
1.471000E-7	2.922318E-3
1.471500E-7	2.920605E-3
1.472000E-7	2.906901E-3
1.472500E-7	2.901762E-3
1.473000E-7	2.917179E-3
1.473500E-7	2.942873E-3
1.474000E-7	2.963428E-3
1.474500E-7	3.001113E-3
1.475000E-7	3.064493E-3
1.475500E-7	3.131298E-3
1.476000E-7	3.201529E-3
1.476500E-7	3.288889E-3
1.477000E-7	3.384814E-3
1.477500E-7	3.446480E-3
1.478000E-7	3.470462E-3
1.478500E-7	3.467036E-3
1.479000E-7	3.432777E-3
1.479500E-7	3.365972E-3
1.480000E-7	3.294028E-3
1.480500E-7	3.225510E-3
1.481000E-7	3.151853E-3
1.481500E-7	3.091900E-3
1.482000E-7	3.062780E-3
1.482500E-7	3.061067E-3
1.483000E-7	3.081622E-3
1.483500E-7	3.124446E-3
1.484000E-7	3.194677E-3
1.484500E-7	3.254630E-3
1.485000E-7	3.290602E-3
1.485500E-7	3.321435E-3
1.486000E-7	3.359120E-3
1.486500E-7	3.386527E-3
1.487000E-7	3.376249E-3
1.487500E-7	3.336852E-3
1.488000E-7	3.282037E-3
1.488500E-7	3.206667E-3
1.489000E-7	3.126159E-3
1.489500E-7	3.049076E-3
1.490000E-7	2.989123E-3
1.490500E-7	2.936021E-3
1.491000E-7	2.906901E-3
1.491500E-7	2.936021E-3
1.492000E-7	3.016530E-3
1.492500E-7	3.097039E-3
1.493000E-7	3.148427E-3
1.493500E-7	3.180973E-3
1.494000E-7	3.204954E-3
1.494500E-7	3.215232E-3
1.495000E-7	3.210093E-3
1.495500E-7	3.206667E-3
1.496000E-7	3.196390E-3
1.496500E-7	3.167270E-3
1.497000E-7	3.160418E-3
1.497500E-7	3.187825E-3
1.498000E-7	3.237500E-3
1.498500E-7	3.300880E-3
1.499000E-7	3.372824E-3
1.499500E-7	3.448193E-3
1.500000E-7	3.508147E-3
1.500500E-7	3.557822E-3
1.501000E-7	3.588655E-3
1.501500E-7	3.586942E-3
1.502000E-7	3.556109E-3
1.502500E-7	3.518424E-3
1.503000E-7	3.473888E-3
1.503500E-7	3.417360E-3
1.504000E-7	3.359120E-3
1.504500E-7	3.304306E-3
1.505000E-7	3.239213E-3
1.505500E-7	3.170695E-3
1.506000E-7	3.121020E-3
1.506500E-7	3.100464E-3
1.507000E-7	3.088474E-3
1.507500E-7	3.057641E-3
1.508000E-7	3.001113E-3
1.508500E-7	2.912040E-3
1.509000E-7	2.788708E-3
1.509500E-7	2.653385E-3
1.510000E-7	2.524913E-3
1.510500E-7	2.422136E-3
1.511000E-7	2.358757E-3
1.511500E-7	2.353618E-3
1.512000E-7	2.384451E-3
1.512500E-7	2.446118E-3
1.513000E-7	2.554033E-3
1.513500E-7	2.701347E-3
1.514000E-7	2.850374E-3
1.514500E-7	2.963428E-3
1.515000E-7	3.050789E-3
1.515500E-7	3.117594E-3
1.516000E-7	3.148427E-3
1.516500E-7	3.117594E-3
1.517000E-7	3.042224E-3
1.517500E-7	2.968567E-3
1.518000E-7	2.903475E-3
1.518500E-7	2.846948E-3
1.519000E-7	2.798985E-3
1.519500E-7	2.769865E-3
1.520000E-7	2.757874E-3
1.520500E-7	2.752736E-3
1.521000E-7	2.744171E-3
1.521500E-7	2.730467E-3
1.522000E-7	2.709912E-3
1.522500E-7	2.684218E-3
1.523000E-7	2.682505E-3
1.523500E-7	2.704773E-3
1.524000E-7	2.718477E-3
1.524500E-7	2.715051E-3
1.525000E-7	2.699634E-3
1.525500E-7	2.670514E-3
1.526000E-7	2.634542E-3
1.526500E-7	2.620838E-3
1.527000E-7	2.634542E-3
1.527500E-7	2.641394E-3
1.528000E-7	2.627690E-3
1.528500E-7	2.613987E-3
1.529000E-7	2.608848E-3
1.529500E-7	2.613987E-3
1.530000E-7	2.620838E-3
1.530500E-7	2.639681E-3
1.531000E-7	2.694495E-3
1.531500E-7	2.769865E-3
1.532000E-7	2.831531E-3
1.532500E-7	2.870929E-3
1.533000E-7	2.915466E-3
1.533500E-7	2.956577E-3
1.534000E-7	2.992549E-3
1.534500E-7	3.054215E-3
1.535000E-7	3.148427E-3
1.535500E-7	3.230649E-3
1.536000E-7	3.300880E-3
1.536500E-7	3.360833E-3
1.537000E-7	3.389953E-3
1.537500E-7	3.379675E-3
1.538000E-7	3.355694E-3
1.538500E-7	3.328287E-3
1.539000E-7	3.258056E-3
1.539500E-7	3.134723E-3
1.540000E-7	2.997687E-3
1.540500E-7	2.821254E-3
1.541000E-7	2.593431E-3
1.541500E-7	2.351905E-3
1.542000E-7	2.165194E-3
1.542500E-7	2.047000E-3
1.543000E-7	1.992186E-3
1.543500E-7	1.987047E-3
1.544000E-7	2.026445E-3
1.544500E-7	2.098389E-3
1.545000E-7	2.194314E-3
1.545500E-7	2.291952E-3
1.546000E-7	2.386164E-3
1.546500E-7	2.471812E-3
1.547000E-7	2.535191E-3
1.547500E-7	2.557459E-3
1.548000E-7	2.552320E-3
1.548500E-7	2.530052E-3
1.549000E-7	2.473525E-3
1.549500E-7	2.389590E-3
1.550000E-7	2.312507E-3
1.550500E-7	2.255980E-3
1.551000E-7	2.221721E-3
1.551500E-7	2.199453E-3
1.552000E-7	2.211443E-3
1.552500E-7	2.233712E-3
1.553000E-7	2.240564E-3
1.553500E-7	2.245702E-3
1.554000E-7	2.288526E-3
1.554500E-7	2.360470E-3
1.555000E-7	2.423849E-3
1.555500E-7	2.475238E-3
1.556000E-7	2.538617E-3
1.556500E-7	2.607135E-3
1.557000E-7	2.682505E-3
1.557500E-7	2.766439E-3
1.558000E-7	2.828105E-3
1.558500E-7	2.867503E-3
1.559000E-7	2.913753E-3
1.559500E-7	2.977132E-3
1.560000E-7	3.007965E-3
1.560500E-7	3.013104E-3
1.561000E-7	3.021669E-3
1.561500E-7	3.033659E-3
1.562000E-7	3.038798E-3
1.562500E-7	3.043937E-3
1.563000E-7	3.057641E-3
1.563500E-7	3.050789E-3
1.564000E-7	3.004539E-3
1.564500E-7	2.924031E-3
1.565000E-7	2.828105E-3
1.565500E-7	2.716764E-3
1.566000E-7	2.584867E-3
1.566500E-7	2.437553E-3
1.567000E-7	2.290239E-3
1.567500E-7	2.154916E-3
1.568000E-7	2.048713E-3
1.568500E-7	1.992186E-3
1.569000E-7	1.983621E-3
1.569500E-7	1.990473E-3
1.570000E-7	2.014454E-3
1.570500E-7	2.058991E-3
1.571000E-7	2.127509E-3
1.571500E-7	2.201166E-3
1.572000E-7	2.267971E-3
1.572500E-7	2.317646E-3
1.573000E-7	2.362183E-3
1.573500E-7	2.396442E-3
1.574000E-7	2.437553E-3
1.574500E-7	2.475238E-3
1.575000E-7	2.497506E-3
1.575500E-7	2.464960E-3
1.576000E-7	2.389590E-3
1.576500E-7	2.307369E-3
1.577000E-7	2.238851E-3
1.577500E-7	2.194314E-3
1.578000E-7	2.160055E-3
1.578500E-7	2.144638E-3
1.579000E-7	2.166907E-3
1.579500E-7	2.223434E-3
1.580000E-7	2.297091E-3
1.580500E-7	2.375887E-3
1.581000E-7	2.470099E-3
1.581500E-7	2.552320E-3
1.582000E-7	2.624264E-3
1.582500E-7	2.687644E-3
1.583000E-7	2.715051E-3
1.583500E-7	2.694495E-3
1.584000E-7	2.643107E-3
1.584500E-7	2.572876E-3
1.585000E-7	2.468386E-3
1.585500E-7	2.319359E-3
1.586000E-7	2.163481E-3
1.586500E-7	2.048713E-3
1.587000E-7	1.968204E-3
1.587500E-7	1.908251E-3
1.588000E-7	1.885983E-3
1.588500E-7	1.908251E-3
1.589000E-7	1.932233E-3
1.589500E-7	1.940797E-3
1.590000E-7	1.964779E-3
1.590500E-7	2.002463E-3
1.591000E-7	2.016167E-3
1.591500E-7	2.014454E-3
1.592000E-7	2.009315E-3
1.592500E-7	1.990473E-3
1.593000E-7	1.961353E-3
1.593500E-7	1.933945E-3
1.594000E-7	1.918529E-3
1.594500E-7	1.920242E-3
1.595000E-7	1.940797E-3
1.595500E-7	1.959640E-3
1.596000E-7	1.987047E-3
1.596500E-7	2.053852E-3
1.597000E-7	2.137787E-3
1.597500E-7	2.208017E-3
1.598000E-7	2.264545E-3
1.598500E-7	2.309082E-3
1.599000E-7	2.345053E-3
1.599500E-7	2.365609E-3
1.600000E-7	2.372461E-3
1.600500E-7	2.367322E-3
1.601000E-7	2.367322E-3
1.601500E-7	2.375887E-3
1.602000E-7	2.382738E-3
1.602500E-7	2.405007E-3
1.603000E-7	2.459821E-3
1.603500E-7	2.523200E-3
1.604000E-7	2.578015E-3
1.604500E-7	2.641394E-3
1.605000E-7	2.709912E-3
1.605500E-7	2.778430E-3
1.606000E-7	2.833244E-3
1.606500E-7	2.858939E-3
1.607000E-7	2.838383E-3
1.607500E-7	2.788708E-3
1.608000E-7	2.709912E-3
1.608500E-7	2.584867E-3
1.609000E-7	2.434127E-3
1.609500E-7	2.302230E-3
1.610000E-7	2.166907E-3
1.610500E-7	2.031584E-3
1.611000E-7	1.933945E-3
1.611500E-7	1.887696E-3
1.612000E-7	1.856863E-3
1.612500E-7	1.872279E-3
1.613000E-7	1.956214E-3
1.613500E-7	2.060704E-3
1.614000E-7	2.148064E-3
1.614500E-7	2.245702E-3
1.615000E-7	2.362183E-3
1.615500E-7	2.458108E-3
1.616000E-7	2.542043E-3
1.616500E-7	2.612274E-3
1.617000E-7	2.649959E-3
1.617500E-7	2.639681E-3
1.618000E-7	2.581441E-3
1.618500E-7	2.482090E-3
1.619000E-7	2.357044E-3
1.619500E-7	2.218295E-3
1.620000E-7	2.072694E-3
1.620500E-7	1.945936E-3
1.621000E-7	1.870566E-3
1.621500E-7	1.846585E-3
1.622000E-7	1.855150E-3
1.622500E-7	1.908251E-3
1.623000E-7	1.987047E-3
1.623500E-7	2.064130E-3
1.624000E-7	2.142925E-3
1.624500E-7	2.231999E-3
1.625000E-7	2.303943E-3
1.625500E-7	2.353618E-3
1.626000E-7	2.396442E-3
1.626500E-7	2.416997E-3
1.627000E-7	2.389590E-3
1.627500E-7	2.341628E-3
1.628000E-7	2.298804E-3
1.628500E-7	2.254267E-3
1.629000E-7	2.214869E-3
1.629500E-7	2.177184E-3
1.630000E-7	2.154916E-3
1.630500E-7	2.160055E-3
1.631000E-7	2.199453E-3
1.631500E-7	2.230286E-3
1.632000E-7	2.242276E-3
1.632500E-7	2.247415E-3
1.633000E-7	2.245702E-3
1.633500E-7	2.231999E-3
1.634000E-7	2.235425E-3
1.634500E-7	2.254267E-3
1.635000E-7	2.266258E-3
1.635500E-7	2.271397E-3
1.636000E-7	2.266258E-3
1.636500E-7	2.242276E-3
1.637000E-7	2.206305E-3
1.637500E-7	2.177184E-3
1.638000E-7	2.156629E-3
1.638500E-7	2.127509E-3
1.639000E-7	2.098389E-3
1.639500E-7	2.086398E-3
1.640000E-7	2.096676E-3
1.640500E-7	2.112092E-3
1.641000E-7	2.130935E-3
1.641500E-7	2.180610E-3
1.642000E-7	2.278248E-3
1.642500E-7	2.374174E-3
1.643000E-7	2.434127E-3
1.643500E-7	2.463247E-3
1.644000E-7	2.456395E-3
1.644500E-7	2.411859E-3
1.645000E-7	2.360470E-3
1.645500E-7	2.312507E-3
1.646000E-7	2.243989E-3
1.646500E-7	2.172046E-3
1.647000E-7	2.132648E-3
1.647500E-7	2.108666E-3
1.648000E-7	2.079546E-3
1.648500E-7	2.055565E-3
1.649000E-7	2.055565E-3
1.649500E-7	2.074407E-3
1.650000E-7	2.117231E-3
1.650500E-7	2.177184E-3
1.651000E-7	2.237138E-3
1.651500E-7	2.293665E-3
1.652000E-7	2.369035E-3
1.652500E-7	2.454682E-3
1.653000E-7	2.531765E-3
1.653500E-7	2.608848E-3
1.654000E-7	2.689356E-3
1.654500E-7	2.733893E-3
1.655000E-7	2.725328E-3
1.655500E-7	2.679079E-3
1.656000E-7	2.605422E-3
1.656500E-7	2.504358E-3
1.657000E-7	2.382738E-3
1.657500E-7	2.255980E-3
1.658000E-7	2.127509E-3
1.658500E-7	2.000751E-3
1.659000E-7	1.894548E-3
1.659500E-7	1.824317E-3
1.660000E-7	1.812326E-3
1.660500E-7	1.867140E-3
1.661000E-7	1.975056E-3
1.661500E-7	2.120657E-3
1.662000E-7	2.281674E-3
1.662500E-7	2.423849E-3
1.663000E-7	2.524913E-3
1.663500E-7	2.581441E-3
1.664000E-7	2.591718E-3
1.664500E-7	2.542043E-3
1.665000E-7	2.440979E-3
1.665500E-7	2.303943E-3
1.666000E-7	2.137787E-3
1.666500E-7	1.956214E-3
1.667000E-7	1.803761E-3
1.667500E-7	1.690707E-3
1.668000E-7	1.593068E-3
1.668500E-7	1.510847E-3
1.669000E-7	1.444042E-3
1.669500E-7	1.392653E-3
1.670000E-7	1.349830E-3
1.670500E-7	1.325848E-3
1.671000E-7	1.334413E-3
1.671500E-7	1.349830E-3
1.672000E-7	1.368672E-3
1.672500E-7	1.394366E-3
1.673000E-7	1.438903E-3
1.673500E-7	1.492004E-3
1.674000E-7	1.563948E-3
1.674500E-7	1.666725E-3
1.675000E-7	1.784919E-3
1.675500E-7	1.897974E-3
1.676000E-7	1.992186E-3
1.676500E-7	2.062417E-3
1.677000E-7	2.093250E-3
1.677500E-7	2.089824E-3
1.678000E-7	2.058991E-3
1.678500E-7	1.997325E-3
1.679000E-7	1.911677E-3
1.679500E-7	1.827743E-3
1.680000E-7	1.757512E-3
1.680500E-7	1.702697E-3
1.681000E-7	1.661586E-3
1.681500E-7	1.634179E-3
1.682000E-7	1.635892E-3
1.682500E-7	1.659873E-3
1.683000E-7	1.682142E-3
1.683500E-7	1.706123E-3
1.684000E-7	1.772928E-3
1.684500E-7	1.872279E-3
1.685000E-7	1.957927E-3
1.685500E-7	2.014454E-3
1.686000E-7	2.079546E-3
1.686500E-7	2.136074E-3
1.687000E-7	2.168620E-3
1.687500E-7	2.187462E-3
1.688000E-7	2.196027E-3
1.688500E-7	2.163481E-3
1.689000E-7	2.103528E-3
1.689500E-7	2.033297E-3
1.690000E-7	1.930520E-3
1.690500E-7	1.781493E-3
1.691000E-7	1.608485E-3
1.691500E-7	1.450894E-3
1.692000E-7	1.310432E-3
1.692500E-7	1.193951E-3
1.693000E-7	1.127146E-3
1.693500E-7	1.127146E-3
1.694000E-7	1.202516E-3
1.694500E-7	1.356681E-3
1.695000E-7	1.575939E-3
1.695500E-7	1.829456E-3
1.696000E-7	2.076120E-3
1.696500E-7	2.302230E-3
1.697000E-7	2.494080E-3
1.697500E-7	2.636255E-3
1.698000E-7	2.704773E-3
1.698500E-7	2.696208E-3
1.699000E-7	2.617413E-3
1.699500E-7	2.487228E-3
1.700000E-7	2.345053E-3
1.700500E-7	2.199453E-3
1.701000E-7	2.041861E-3
1.701500E-7	1.894548E-3
1.702000E-7	1.800335E-3
1.702500E-7	1.760938E-3
1.703000E-7	1.754086E-3
1.703500E-7	1.771215E-3
1.704000E-7	1.786632E-3
1.704500E-7	1.771215E-3
1.705000E-7	1.728391E-3
1.705500E-7	1.673577E-3
1.706000E-7	1.606772E-3
1.706500E-7	1.536541E-3
1.707000E-7	1.490291E-3
1.707500E-7	1.459458E-3
1.708000E-7	1.432051E-3
1.708500E-7	1.444042E-3
1.709000E-7	1.497143E-3
1.709500E-7	1.550245E-3
1.710000E-7	1.606772E-3
1.710500E-7	1.702697E-3
1.711000E-7	1.831168E-3
1.711500E-7	1.944223E-3
1.712000E-7	2.035010E-3
1.712500E-7	2.110379E-3
1.713000E-7	2.163481E-3
1.713500E-7	2.197740E-3
1.714000E-7	2.225147E-3
1.714500E-7	2.226860E-3
1.715000E-7	2.206305E-3
1.715500E-7	2.166907E-3
1.716000E-7	2.093250E-3
1.716500E-7	1.995612E-3
1.717000E-7	1.911677E-3
1.717500E-7	1.846585E-3
1.718000E-7	1.800335E-3
1.718500E-7	1.783206E-3
1.719000E-7	1.802048E-3
1.719500E-7	1.826030E-3
1.720000E-7	1.843159E-3
1.720500E-7	1.873992E-3
1.721000E-7	1.906538E-3
1.721500E-7	1.915103E-3
1.722000E-7	1.899686E-3
1.722500E-7	1.862002E-3
1.723000E-7	1.790058E-3
1.723500E-7	1.690707E-3
1.724000E-7	1.593068E-3
1.724500E-7	1.505708E-3
1.725000E-7	1.426912E-3
1.725500E-7	1.396079E-3
1.726000E-7	1.433764E-3
1.726500E-7	1.507421E-3
1.727000E-7	1.577652E-3
1.727500E-7	1.654735E-3
1.728000E-7	1.766076E-3
1.728500E-7	1.891122E-3
1.729000E-7	1.985334E-3
1.729500E-7	2.035010E-3
1.730000E-7	2.048713E-3
1.730500E-7	2.019593E-3
1.731000E-7	1.957927E-3
1.731500E-7	1.903112E-3
1.732000E-7	1.873992E-3
1.732500E-7	1.832881E-3
1.733000E-7	1.790058E-3
1.733500E-7	1.788345E-3
1.734000E-7	1.815752E-3
1.734500E-7	1.829456E-3
1.735000E-7	1.862002E-3
1.735500E-7	1.927094E-3
1.736000E-7	1.964779E-3
1.736500E-7	1.964779E-3
1.737000E-7	1.944223E-3
1.737500E-7	1.896261E-3
1.738000E-7	1.831168E-3
1.738500E-7	1.779780E-3
1.739000E-7	1.759225E-3
1.739500E-7	1.754086E-3
1.740000E-7	1.766076E-3
1.740500E-7	1.786632E-3
1.741000E-7	1.795197E-3
1.741500E-7	1.771215E-3
1.742000E-7	1.726679E-3
1.742500E-7	1.699271E-3
1.743000E-7	1.697558E-3
1.743500E-7	1.690707E-3
1.744000E-7	1.665012E-3
1.744500E-7	1.635892E-3
1.745000E-7	1.594781E-3
1.745500E-7	1.515986E-3
1.746000E-7	1.454319E-3
1.746500E-7	1.457745E-3
1.747000E-7	1.483440E-3
1.747500E-7	1.497143E-3
1.748000E-7	1.512560E-3
1.748500E-7	1.534828E-3
1.749000E-7	1.560522E-3
1.749500E-7	1.581078E-3
1.750000E-7	1.611911E-3
1.750500E-7	1.659873E-3
1.751000E-7	1.723253E-3
1.751500E-7	1.791771E-3
1.752000E-7	1.880844E-3
1.752500E-7	1.988760E-3
1.753000E-7	2.079546E-3
1.753500E-7	2.156629E-3
1.754000E-7	2.254267E-3
1.754500E-7	2.339915E-3
1.755000E-7	2.370748E-3
1.755500E-7	2.374174E-3
1.756000E-7	2.363896E-3
1.756500E-7	2.297091E-3
1.757000E-7	2.178897E-3
1.757500E-7	2.040148E-3
1.758000E-7	1.877418E-3
1.758500E-7	1.673577E-3
1.759000E-7	1.468023E-3
1.759500E-7	1.283024E-3
1.760000E-7	1.139137E-3
1.760500E-7	1.060341E-3
1.761000E-7	1.032934E-3
1.761500E-7	1.046637E-3
1.762000E-7	1.113442E-3
1.762500E-7	1.223071E-3
1.763000E-7	1.342978E-3
1.763500E-7	1.444042E-3
1.764000E-7	1.524550E-3
1.764500E-7	1.572513E-3
1.765000E-7	1.574226E-3
1.765500E-7	1.531402E-3
1.766000E-7	1.457745E-3
1.766500E-7	1.363533E-3
1.767000E-7	1.259043E-3
1.767500E-7	1.161405E-3
1.768000E-7	1.086035E-3
1.768500E-7	1.056915E-3
1.769000E-7	1.072332E-3
1.769500E-7	1.149414E-3
1.770000E-7	1.264182E-3
1.770500E-7	1.378950E-3
1.771000E-7	1.478301E-3
1.771500E-7	1.591355E-3
1.772000E-7	1.692420E-3
1.772500E-7	1.736956E-3
1.773000E-7	1.736956E-3
1.773500E-7	1.723253E-3
1.774000E-7	1.683855E-3
1.774500E-7	1.606772E-3
1.775000E-7	1.498856E-3
1.775500E-7	1.390940E-3
1.776000E-7	1.295015E-3
1.776500E-7	1.235062E-3
1.777000E-7	1.209368E-3
1.777500E-7	1.211081E-3
1.778000E-7	1.250478E-3
1.778500E-7	1.329274E-3
1.779000E-7	1.409783E-3
1.779500E-7	1.459458E-3
1.780000E-7	1.498856E-3
1.780500E-7	1.533115E-3
1.781000E-7	1.531402E-3
1.781500E-7	1.493717E-3
1.782000E-7	1.464597E-3
1.782500E-7	1.426912E-3
1.783000E-7	1.351542E-3
1.783500E-7	1.274460E-3
1.784000E-7	1.236775E-3
1.784500E-7	1.259043E-3
1.785000E-7	1.329274E-3
1.785500E-7	1.456032E-3
1.786000E-7	1.615337E-3
1.786500E-7	1.791771E-3
1.787000E-7	1.966492E-3
1.787500E-7	2.129222E-3
1.788000E-7	2.264545E-3
1.788500E-7	2.355331E-3
1.789000E-7	2.377600E-3
1.789500E-7	2.327924E-3
1.790000E-7	2.228573E-3
1.790500E-7	2.110379E-3
1.791000E-7	1.987047E-3
1.791500E-7	1.850011E-3
1.792000E-7	1.709549E-3
1.792500E-7	1.591355E-3
1.793000E-7	1.505708E-3
1.793500E-7	1.445755E-3
1.794000E-7	1.418348E-3
1.794500E-7	1.420060E-3
1.795000E-7	1.425199E-3
1.795500E-7	1.430338E-3
1.796000E-7	1.447468E-3
1.796500E-7	1.464597E-3
1.797000E-7	1.481727E-3
1.797500E-7	1.497143E-3
1.798000E-7	1.514273E-3
1.798500E-7	1.517699E-3
1.799000E-7	1.502282E-3
1.799500E-7	1.481727E-3
1.800000E-7	1.473162E-3
1.800500E-7	1.469736E-3
1.801000E-7	1.462884E-3
1.801500E-7	1.452607E-3
1.802000E-7	1.459458E-3
1.802500E-7	1.486866E-3
1.803000E-7	1.522837E-3
1.803500E-7	1.572513E-3
1.804000E-7	1.639318E-3
1.804500E-7	1.692420E-3
1.805000E-7	1.733530E-3
1.805500E-7	1.805474E-3
1.806000E-7	1.896261E-3
1.806500E-7	1.957927E-3
1.807000E-7	1.973343E-3
1.807500E-7	1.968204E-3
1.808000E-7	1.945936E-3
1.808500E-7	1.909964E-3
1.809000E-7	1.862002E-3
1.809500E-7	1.783206E-3
1.810000E-7	1.649596E-3
1.810500E-7	1.529689E-3
1.811000E-7	1.461171E-3
1.811500E-7	1.408070E-3
1.812000E-7	1.353255E-3
1.812500E-7	1.315571E-3
1.813000E-7	1.313858E-3
1.813500E-7	1.332700E-3
1.814000E-7	1.377237E-3
1.814500E-7	1.466310E-3
1.815000E-7	1.584504E-3
1.815500E-7	1.709549E-3
1.816000E-7	1.829456E-3
1.816500E-7	1.921955E-3
1.817000E-7	1.975056E-3
1.817500E-7	1.978482E-3
1.818000E-7	1.944223E-3
1.818500E-7	1.875705E-3
1.819000E-7	1.778067E-3
1.819500E-7	1.647883E-3
1.820000E-7	1.505708E-3
1.820500E-7	1.360107E-3
1.821000E-7	1.217932E-3
1.821500E-7	1.104878E-3
1.822000E-7	1.027795E-3
1.822500E-7	9.541381E-4
1.823000E-7	8.873330E-4
1.823500E-7	8.804812E-4
1.824000E-7	9.267309E-4
1.824500E-7	9.712676E-4
1.825000E-7	1.003814E-3
1.825500E-7	1.043211E-3
1.826000E-7	1.062054E-3
1.826500E-7	1.063767E-3
1.827000E-7	1.077470E-3
1.827500E-7	1.099739E-3
1.828000E-7	1.122007E-3
1.828500E-7	1.142563E-3
1.829000E-7	1.166544E-3
1.829500E-7	1.187099E-3
1.830000E-7	1.214506E-3
1.830500E-7	1.269321E-3
1.831000E-7	1.346404E-3
1.831500E-7	1.408070E-3
1.832000E-7	1.440616E-3
1.832500E-7	1.437190E-3
1.833000E-7	1.399505E-3
1.833500E-7	1.324135E-3
1.834000E-7	1.211081E-3
1.834500E-7	1.082609E-3
1.835000E-7	9.695546E-4
1.835500E-7	8.702035E-4
1.836000E-7	8.085373E-4
1.836500E-7	7.948337E-4
1.837000E-7	8.342316E-4
1.837500E-7	9.147402E-4
1.838000E-7	1.034647E-3
1.838500E-7	1.166544E-3
1.839000E-7	1.284737E-3
1.839500E-7	1.389227E-3
1.840000E-7	1.502282E-3
1.840500E-7	1.622189E-3
1.841000E-7	1.714688E-3
1.841500E-7	1.757512E-3
1.842000E-7	1.754086E-3
1.842500E-7	1.728391E-3
1.843000E-7	1.685568E-3
1.843500E-7	1.635892E-3
1.844000E-7	1.596494E-3
1.844500E-7	1.570800E-3
1.845000E-7	1.548532E-3
1.845500E-7	1.533115E-3
1.846000E-7	1.536541E-3
1.846500E-7	1.534828E-3
1.847000E-7	1.519412E-3
1.847500E-7	1.509134E-3
1.848000E-7	1.514273E-3
1.848500E-7	1.517699E-3
1.849000E-7	1.533115E-3
1.849500E-7	1.563948E-3
1.850000E-7	1.577652E-3
1.850500E-7	1.560522E-3
1.851000E-7	1.550245E-3
1.851500E-7	1.563948E-3
1.852000E-7	1.577652E-3
1.852500E-7	1.591355E-3
1.853000E-7	1.615337E-3
1.853500E-7	1.639318E-3
1.854000E-7	1.661586E-3
1.854500E-7	1.678716E-3
1.855000E-7	1.680429E-3
1.855500E-7	1.678716E-3
1.856000E-7	1.687281E-3
1.856500E-7	1.707836E-3
1.857000E-7	1.740382E-3
1.857500E-7	1.781493E-3
1.858000E-7	1.815752E-3
1.858500E-7	1.822604E-3
1.859000E-7	1.812326E-3
1.859500E-7	1.805474E-3
1.860000E-7	1.810613E-3
1.860500E-7	1.807187E-3
1.861000E-7	1.798622E-3
1.861500E-7	1.776354E-3
1.862000E-7	1.716401E-3
1.862500E-7	1.639318E-3
1.863000E-7	1.546819E-3
1.863500E-7	1.430338E-3
1.864000E-7	1.276173E-3
1.864500E-7	1.139137E-3
1.865000E-7	1.056915E-3
1.865500E-7	9.918230E-4
1.866000E-7	9.404345E-4
1.866500E-7	9.318697E-4
1.867000E-7	9.712676E-4
1.867500E-7	1.055202E-3
1.868000E-7	1.178535E-3
1.868500E-7	1.315571E-3
1.869000E-7	1.440616E-3
1.869500E-7	1.553671E-3
1.870000E-7	1.644457E-3
1.870500E-7	1.685568E-3
1.871000E-7	1.658161E-3
1.871500E-7	1.582791E-3
1.872000E-7	1.485153E-3
1.872500E-7	1.372098E-3
1.873000E-7	1.243627E-3
1.873500E-7	1.122007E-3
1.874000E-7	1.036360E-3
1.874500E-7	1.003814E-3
1.875000E-7	1.014091E-3
1.875500E-7	1.062054E-3
1.876000E-7	1.137424E-3
1.876500E-7	1.221358E-3
1.877000E-7	1.298441E-3
1.877500E-7	1.363533E-3
1.878000E-7	1.401218E-3
1.878500E-7	1.406357E-3
1.879000E-7	1.389227E-3
1.879500E-7	1.360107E-3
1.880000E-7	1.315571E-3
1.880500E-7	1.265895E-3
1.881000E-7	1.209368E-3
1.881500E-7	1.145988E-3
1.882000E-7	1.087748E-3
1.882500E-7	1.031221E-3
1.883000E-7	9.798323E-4
1.883500E-7	9.421474E-4
1.884000E-7	9.284438E-4
1.884500E-7	9.267309E-4
1.885000E-7	9.455733E-4
1.885500E-7	9.883971E-4
1.886000E-7	1.038073E-3
1.886500E-7	1.080896E-3
1.887000E-7	1.127146E-3
1.887500E-7	1.168257E-3
1.888000E-7	1.200803E-3
1.888500E-7	1.236775E-3
1.889000E-7	1.271034E-3
1.889500E-7	1.284737E-3
1.890000E-7	1.283024E-3
1.890500E-7	1.276173E-3
1.891000E-7	1.247053E-3
1.891500E-7	1.181960E-3
1.892000E-7	1.101452E-3
1.892500E-7	1.031221E-3
1.893000E-7	9.507122E-4
1.893500E-7	8.684906E-4
1.894000E-7	8.222409E-4
1.894500E-7	8.068243E-4
1.895000E-7	8.033984E-4
1.895500E-7	8.427963E-4
1.896000E-7	9.198791E-4
1.896500E-7	9.952489E-4
1.897000E-7	1.050063E-3
1.897500E-7	1.103165E-3
1.898000E-7	1.140850E-3
1.898500E-7	1.139137E-3
1.899000E-7	1.113442E-3
1.899500E-7	1.082609E-3
1.900000E-7	1.014091E-3
1.900500E-7	9.130273E-4
1.901000E-7	8.342316E-4
1.901500E-7	7.828430E-4
1.902000E-7	7.485840E-4
1.902500E-7	7.554358E-4
1.903000E-7	8.256668E-4
1.903500E-7	9.352956E-4
1.904000E-7	1.058628E-3
1.904500E-7	1.200803E-3
1.905000E-7	1.349830E-3
1.905500E-7	1.481727E-3
1.906000E-7	1.587930E-3
1.906500E-7	1.649596E-3
1.907000E-7	1.663299E-3
1.907500E-7	1.663299E-3
1.908000E-7	1.651309E-3
1.908500E-7	1.625614E-3
1.909000E-7	1.570800E-3
1.909500E-7	1.476588E-3
1.910000E-7	1.344691E-3
1.910500E-7	1.183673E-3
1.911000E-7	9.952489E-4
1.911500E-7	7.691394E-4
1.912000E-7	5.259005E-4
1.912500E-7	2.997911E-4
1.913000E-7	9.766303E-5
1.913500E-7	-5.478953E-5
1.914000E-7	-1.233075E-4
1.914500E-7	-1.078910E-4
1.915000E-7	-3.423413E-5
1.915500E-7	1.096537E-4
1.916000E-7	3.134947E-4
1.916500E-7	5.498818E-4
1.917000E-7	8.068243E-4
1.917500E-7	1.070619E-3
1.918000E-7	1.298441E-3
1.918500E-7	1.432051E-3
1.919000E-7	1.469736E-3
1.919500E-7	1.421773E-3
1.920000E-7	1.307006E-3
1.920500E-7	1.152840E-3
1.921000E-7	9.798323E-4
1.921500E-7	8.153891E-4
1.922000E-7	6.629365E-4
1.922500E-7	5.430300E-4
1.923000E-7	4.865027E-4
1.923500E-7	5.241876E-4
1.924000E-7	6.269646E-4
1.924500E-7	7.537229E-4
1.925000E-7	8.958978E-4
1.925500E-7	1.053489E-3
1.926000E-7	1.178535E-3
1.926500E-7	1.226497E-3
1.927000E-7	1.209368E-3
1.927500E-7	1.147701E-3
1.928000E-7	1.053489E-3
1.928500E-7	9.524251E-4
1.929000E-7	8.753424E-4
1.929500E-7	8.136761E-4
1.930000E-7	7.828430E-4
1.930500E-7	8.068243E-4
1.931000E-7	8.907589E-4
1.931500E-7	1.015804E-3
1.932000E-7	1.178535E-3
1.932500E-7	1.356681E-3
1.933000E-7	1.510847E-3
1.933500E-7	1.632466E-3
1.934000E-7	1.719827E-3
1.934500E-7	1.767789E-3
1.935000E-7	1.778067E-3
1.935500E-7	1.738669E-3
1.936000E-7	1.635892E-3
1.936500E-7	1.481727E-3
1.937000E-7	1.310432E-3
1.937500E-7	1.132285E-3
1.938000E-7	9.387215E-4
1.938500E-7	7.520099E-4
1.939000E-7	5.875667E-4
1.939500E-7	4.625214E-4
1.940000E-7	4.008552E-4
1.940500E-7	4.162717E-4
1.941000E-7	4.676602E-4
1.941500E-7	5.293264E-4
1.942000E-7	6.201128E-4
1.942500E-7	7.280286E-4
1.943000E-7	8.222409E-4
1.943500E-7	9.250179E-4
1.944000E-7	1.036360E-3
1.944500E-7	1.118581E-3
1.945000E-7	1.163118E-3
1.945500E-7	1.188812E-3
1.946000E-7	1.187099E-3
1.946500E-7	1.161405E-3
1.947000E-7	1.135711E-3
1.947500E-7	1.098026E-3
1.948000E-7	1.044924E-3
1.948500E-7	9.952489E-4
1.949000E-7	9.644158E-4
1.949500E-7	9.284438E-4
1.950000E-7	8.839071E-4
1.950500E-7	8.616388E-4
1.951000E-7	8.821942E-4
1.951500E-7	9.267309E-4
1.952000E-7	9.678417E-4
1.952500E-7	9.866841E-4
1.953000E-7	9.798323E-4
1.953500E-7	9.695546E-4
1.954000E-7	9.524251E-4
1.954500E-7	9.130273E-4
1.955000E-7	8.616388E-4
1.955500E-7	8.171020E-4
1.956000E-7	7.571488E-4
1.956500E-7	6.749272E-4
1.957000E-7	5.944185E-4
1.957500E-7	5.207617E-4
1.958000E-7	4.693732E-4
1.958500E-7	4.676602E-4
1.959000E-7	5.464559E-4
1.959500E-7	6.732142E-4
1.960000E-7	8.153891E-4
1.960500E-7	9.661287E-4
1.961000E-7	1.111729E-3
1.961500E-7	1.229923E-3
1.962000E-7	1.318996E-3
1.962500E-7	1.373811E-3
1.963000E-7	1.384089E-3
1.963500E-7	1.348117E-3
1.964000E-7	1.277886E-3
1.964500E-7	1.176822E-3
1.965000E-7	1.065480E-3
1.965500E-7	9.832582E-4
1.966000E-7	9.335827E-4
1.966500E-7	9.181661E-4
1.967000E-7	9.404345E-4
1.967500E-7	9.798323E-4
1.968000E-7	1.027795E-3
1.968500E-7	1.091174E-3
1.969000E-7	1.142563E-3
1.969500E-7	1.163118E-3
1.970000E-7	1.159692E-3
1.970500E-7	1.135711E-3
1.971000E-7	1.082609E-3
1.971500E-7	1.020943E-3
1.972000E-7	9.729805E-4
1.972500E-7	9.301568E-4
1.973000E-7	8.907589E-4
1.973500E-7	8.684906E-4
1.974000E-7	8.513611E-4
1.974500E-7	8.222409E-4
1.975000E-7	7.965466E-4
1.975500E-7	7.828430E-4
1.976000E-7	7.537229E-4
1.976500E-7	7.228898E-4
1.977000E-7	7.023344E-4
1.977500E-7	6.800660E-4
1.978000E-7	6.509459E-4
1.978500E-7	6.492329E-4
1.979000E-7	6.834919E-4
1.979500E-7	7.246027E-4
1.980000E-7	7.485840E-4
1.980500E-7	7.674265E-4
1.981000E-7	7.879819E-4
1.981500E-7	8.136761E-4
1.982000E-7	8.410834E-4
1.982500E-7	8.633517E-4
1.983000E-7	8.873330E-4
1.983500E-7	8.907589E-4
1.984000E-7	8.736294E-4
1.984500E-7	8.445093E-4
1.985000E-7	8.153891E-4
1.985500E-7	7.845560E-4
1.986000E-7	7.674265E-4
1.986500E-7	7.965466E-4
1.987000E-7	8.753424E-4
1.987500E-7	9.849712E-4
1.988000E-7	1.110017E-3
1.988500E-7	1.255617E-3
1.989000E-7	1.396079E-3
1.989500E-7	1.488578E-3
1.990000E-7	1.507421E-3
1.990500E-7	1.485153E-3
1.991000E-7	1.447468E-3
1.991500E-7	1.387514E-3
1.992000E-7	1.298441E-3
1.992500E-7	1.212794E-3
1.993000E-7	1.132285E-3
1.993500E-7	1.063767E-3
1.994000E-7	1.000388E-3
1.994500E-7	9.592769E-4
1.995000E-7	9.592769E-4
1.995500E-7	1.008952E-3
1.996000E-7	1.091174E-3
1.996500E-7	1.181960E-3
1.997000E-7	1.265895E-3
1.997500E-7	1.329274E-3
1.998000E-7	1.366959E-3
1.998500E-7	1.377237E-3
1.999000E-7	1.356681E-3
1.999500E-7	1.312145E-3
2.000000E-7	1.265895E-3
