Study Name	PremaTech_CVD_SiC_HeandSi
Sample Name	2025-10-15
Run Name	spot04
Operator	Keshav
Date	10/15/2025
Time	18:34
Sign	POS
Grating Spacing	06.40um
Channel	3
Number Traces	10000
Files in Batch	1
Batch Number	6
dt	50.000001E-12
time stamp (ms)	6:40:48 PM
	
Time	Amplitude
0.000000E+0	-2.997546E-4
5.000000E-11	-2.911898E-4
1.000000E-10	-2.911898E-4
1.500000E-10	-2.997546E-4
2.000000E-10	-3.271618E-4
2.500000E-10	-3.854021E-4
3.000000E-10	-4.402165E-4
3.500000E-10	-4.641978E-4
4.000000E-10	-4.830402E-4
4.500000E-10	-4.984568E-4
5.000000E-10	-4.710496E-4
5.500000E-10	-4.076704E-4
6.000000E-10	-3.374395E-4
6.500000E-10	-2.415143E-4
7.000000E-10	-1.181819E-4
7.500000E-10	-2.054371E-5
8.000000E-10	4.626134E-5
8.500000E-10	1.079275E-4
9.000000E-10	1.438995E-4
9.500000E-10	1.353347E-4
1.000000E-9	1.010757E-4
1.050000E-9	6.510379E-5
1.100000E-9	1.371529E-5
1.150000E-9	-4.795091E-5
1.200000E-9	-1.027653E-4
1.250000E-9	-1.370243E-4
1.300000E-9	-1.490150E-4
1.350000E-9	-1.421632E-4
1.400000E-9	-1.250337E-4
1.450000E-9	-9.248761E-5
1.500000E-9	-5.480271E-5
1.550000E-9	-4.452501E-5
1.600000E-9	-7.878401E-5
1.650000E-9	-1.353114E-4
1.700000E-9	-2.106812E-4
1.750000E-9	-3.031805E-4
1.800000E-9	-4.025316E-4
1.850000E-9	-4.967438E-4
1.900000E-9	-5.806784E-4
1.950000E-9	-6.354928E-4
2.000000E-9	-6.491964E-4
2.050000E-9	-6.235021E-4
2.100000E-9	-5.652618E-4
2.150000E-9	-4.779014E-4
2.200000E-9	-3.751244E-4
2.250000E-9	-2.723474E-4
2.300000E-9	-1.866999E-4
2.350000E-9	-1.353114E-4
2.400000E-9	-1.318855E-4
2.450000E-9	-1.695704E-4
2.500000E-9	-2.398013E-4
2.550000E-9	-3.391524E-4
2.600000E-9	-4.556330E-4
2.650000E-9	-5.635489E-4
2.700000E-9	-6.543352E-4
2.750000E-9	-7.262791E-4
2.800000E-9	-7.536863E-4
2.850000E-9	-7.160014E-4
2.900000E-9	-6.389187E-4
2.950000E-9	-5.498453E-4
3.000000E-9	-4.522071E-4
3.050000E-9	-3.511431E-4
3.100000E-9	-2.774862E-4
3.150000E-9	-2.380884E-4
3.200000E-9	-2.175330E-4
3.250000E-9	-2.055423E-4
3.300000E-9	-2.072553E-4
3.350000E-9	-2.226718E-4
3.400000E-9	-2.380884E-4
3.450000E-9	-2.466531E-4
3.500000E-9	-2.466531E-4
3.550000E-9	-2.363754E-4
3.600000E-9	-2.089682E-4
3.650000E-9	-1.541538E-4
3.700000E-9	-9.591351E-5
3.750000E-9	-6.336746E-5
3.800000E-9	-4.623796E-5
3.850000E-9	-3.082141E-5
3.900000E-9	-2.396961E-5
3.950000E-9	-2.910846E-5
4.000000E-9	-3.082141E-5
4.050000E-9	-3.596026E-5
4.100000E-9	-6.165451E-5
4.150000E-9	-1.096171E-4
4.200000E-9	-1.712833E-4
4.250000E-9	-2.466531E-4
4.300000E-9	-3.134582E-4
4.350000E-9	-3.682726E-4
4.400000E-9	-4.213740E-4
4.450000E-9	-4.761884E-4
4.500000E-9	-5.207251E-4
4.550000E-9	-5.635489E-4
4.600000E-9	-6.063726E-4
4.650000E-9	-6.320669E-4
4.700000E-9	-6.440575E-4
4.750000E-9	-6.543352E-4
4.800000E-9	-6.509093E-4
4.850000E-9	-6.354928E-4
4.900000E-9	-6.115115E-4
4.950000E-9	-5.686877E-4
5.000000E-9	-5.104474E-4
5.050000E-9	-4.504942E-4
5.100000E-9	-3.888280E-4
5.150000E-9	-3.323006E-4
5.200000E-9	-2.929028E-4
5.250000E-9	-2.757733E-4
5.300000E-9	-2.637826E-4
5.350000E-9	-2.535049E-4
5.400000E-9	-2.603567E-4
5.450000E-9	-2.860510E-4
5.500000E-9	-3.203100E-4
5.550000E-9	-3.648467E-4
5.600000E-9	-4.230870E-4
5.650000E-9	-4.881791E-4
5.700000E-9	-5.447064E-4
5.750000E-9	-5.755395E-4
5.800000E-9	-5.772525E-4
5.850000E-9	-5.669748E-4
5.900000E-9	-5.395676E-4
5.950000E-9	-4.830402E-4
6.000000E-9	-4.042445E-4
6.050000E-9	-3.185970E-4
6.100000E-9	-2.449402E-4
6.150000E-9	-1.935517E-4
6.200000E-9	-1.575797E-4
6.250000E-9	-1.318855E-4
6.300000E-9	-1.181819E-4
6.350000E-9	-1.267466E-4
6.400000E-9	-1.404502E-4
6.450000E-9	-1.438761E-4
6.500000E-9	-1.404502E-4
6.550000E-9	-1.284596E-4
6.600000E-9	-1.113301E-4
6.650000E-9	-9.420056E-5
6.700000E-9	-7.878401E-5
6.750000E-9	-5.308976E-5
6.800000E-9	-2.225666E-5
6.850000E-9	-5.127157E-6
6.900000E-9	1.169292E-8
6.950000E-9	-5.127157E-6
7.000000E-9	-2.396961E-5
7.050000E-9	-6.336746E-5
7.100000E-9	-1.096171E-4
7.150000E-9	-1.592927E-4
7.200000E-9	-2.175330E-4
7.250000E-9	-2.672085E-4
7.300000E-9	-2.997546E-4
7.350000E-9	-3.220229E-4
7.400000E-9	-3.425783E-4
7.450000E-9	-3.460042E-4
7.500000E-9	-3.408654E-4
7.550000E-9	-3.254488E-4
7.600000E-9	-3.014675E-4
7.650000E-9	-2.706344E-4
7.700000E-9	-2.415143E-4
7.750000E-9	-2.089682E-4
7.800000E-9	-1.781351E-4
7.850000E-9	-1.627186E-4
7.900000E-9	-1.610056E-4
7.950000E-9	-1.695704E-4
8.000000E-9	-2.004035E-4
8.050000E-9	-2.483661E-4
8.100000E-9	-2.946157E-4
8.150000E-9	-3.408654E-4
8.200000E-9	-4.025316E-4
8.250000E-9	-4.727625E-4
8.300000E-9	-5.378546E-4
8.350000E-9	-5.892431E-4
8.400000E-9	-6.269280E-4
8.450000E-9	-6.457705E-4
8.500000E-9	-6.560482E-4
8.550000E-9	-6.543352E-4
8.600000E-9	-6.440575E-4
8.650000E-9	-6.372057E-4
8.700000E-9	-6.389187E-4
8.750000E-9	-6.526223E-4
8.800000E-9	-6.731777E-4
8.850000E-9	-6.988719E-4
8.900000E-9	-7.040108E-4
8.950000E-9	-6.920201E-4
9.000000E-9	-6.766036E-4
9.050000E-9	-6.543352E-4
9.100000E-9	-6.080856E-4
9.150000E-9	-5.584100E-4
9.200000E-9	-5.224381E-4
9.250000E-9	-4.898920E-4
9.300000E-9	-4.590589E-4
9.350000E-9	-4.367906E-4
9.400000E-9	-4.213740E-4
9.450000E-9	-4.128093E-4
9.500000E-9	-4.162352E-4
9.550000E-9	-4.265129E-4
9.600000E-9	-4.316517E-4
9.650000E-9	-4.333647E-4
9.700000E-9	-4.367906E-4
9.750000E-9	-4.385035E-4
9.800000E-9	-4.316517E-4
9.850000E-9	-4.230870E-4
9.900000E-9	-4.128093E-4
9.950000E-9	-3.956798E-4
1.000000E-8	-3.614208E-4
1.005000E-8	-3.237359E-4
1.010000E-8	-2.894769E-4
1.015000E-8	-2.620697E-4
1.020000E-8	-2.432272E-4
1.025000E-8	-2.278107E-4
1.030000E-8	-2.055423E-4
1.035000E-8	-1.798481E-4
1.040000E-8	-1.678574E-4
1.045000E-8	-1.644315E-4
1.050000E-8	-1.627186E-4
1.055000E-8	-1.712833E-4
1.060000E-8	-2.038294E-4
1.065000E-8	-2.415143E-4
1.070000E-8	-2.860510E-4
1.075000E-8	-3.579949E-4
1.080000E-8	-4.504942E-4
1.085000E-8	-5.310028E-4
1.090000E-8	-5.943820E-4
1.095000E-8	-6.440575E-4
1.100000E-8	-6.731777E-4
1.105000E-8	-6.748906E-4
1.110000E-8	-6.560482E-4
1.115000E-8	-6.303539E-4
1.120000E-8	-5.909561E-4
1.125000E-8	-5.310028E-4
1.130000E-8	-4.693366E-4
1.135000E-8	-4.282258E-4
1.140000E-8	-4.128093E-4
1.145000E-8	-4.179481E-4
1.150000E-8	-4.385035E-4
1.155000E-8	-4.659107E-4
1.160000E-8	-4.950309E-4
1.165000E-8	-5.172992E-4
1.170000E-8	-5.258640E-4
1.175000E-8	-5.190122E-4
1.180000E-8	-5.172992E-4
1.185000E-8	-5.053086E-4
1.190000E-8	-4.744755E-4
1.195000E-8	-4.436424E-4
1.200000E-8	-4.299388E-4
1.205000E-8	-4.179481E-4
1.210000E-8	-4.110963E-4
1.215000E-8	-4.367906E-4
1.220000E-8	-4.796143E-4
1.225000E-8	-5.155863E-4
1.230000E-8	-5.635489E-4
1.235000E-8	-6.372057E-4
1.240000E-8	-6.937331E-4
1.245000E-8	-7.160014E-4
1.250000E-8	-7.228532E-4
1.255000E-8	-7.160014E-4
1.260000E-8	-6.903072E-4
1.265000E-8	-6.457705E-4
1.270000E-8	-6.012338E-4
1.275000E-8	-5.515582E-4
1.280000E-8	-5.053086E-4
1.285000E-8	-4.727625E-4
1.290000E-8	-4.522071E-4
1.295000E-8	-4.436424E-4
1.300000E-8	-4.470683E-4
1.305000E-8	-4.522071E-4
1.310000E-8	-4.453553E-4
1.315000E-8	-4.282258E-4
1.320000E-8	-4.042445E-4
1.325000E-8	-3.614208E-4
1.330000E-8	-3.134582E-4
1.335000E-8	-2.706344E-4
1.340000E-8	-2.226718E-4
1.345000E-8	-1.815610E-4
1.350000E-8	-1.712833E-4
1.355000E-8	-1.918387E-4
1.360000E-8	-2.192459E-4
1.365000E-8	-2.569308E-4
1.370000E-8	-3.134582E-4
1.375000E-8	-3.648467E-4
1.380000E-8	-3.956798E-4
1.385000E-8	-4.213740E-4
1.390000E-8	-4.367906E-4
1.395000E-8	-4.196611E-4
1.400000E-8	-3.682726E-4
1.405000E-8	-2.929028E-4
1.410000E-8	-1.918387E-4
1.415000E-8	-7.193221E-5
1.420000E-8	4.112249E-5
1.425000E-8	1.301959E-4
1.430000E-8	2.072786E-4
1.435000E-8	2.740837E-4
1.440000E-8	3.220463E-4
1.445000E-8	3.494535E-4
1.450000E-8	3.614442E-4
1.455000E-8	3.580183E-4
1.460000E-8	3.323240E-4
1.465000E-8	2.895003E-4
1.470000E-8	2.363988E-4
1.475000E-8	1.781585E-4
1.480000E-8	1.130664E-4
1.485000E-8	5.311314E-5
1.490000E-8	2.741889E-5
1.495000E-8	3.255774E-5
1.500000E-8	3.769659E-5
1.505000E-8	3.598364E-5
1.510000E-8	3.084479E-5
1.515000E-8	5.150543E-6
1.520000E-8	-4.795091E-5
1.525000E-8	-1.147560E-4
1.530000E-8	-1.935517E-4
1.535000E-8	-3.048934E-4
1.540000E-8	-4.367906E-4
1.545000E-8	-5.566971E-4
1.550000E-8	-6.629000E-4
1.555000E-8	-7.639640E-4
1.560000E-8	-8.530374E-4
1.565000E-8	-9.112777E-4
1.570000E-8	-9.249813E-4
1.575000E-8	-8.958612E-4
1.580000E-8	-8.478986E-4
1.585000E-8	-7.810935E-4
1.590000E-8	-6.903072E-4
1.595000E-8	-5.909561E-4
1.600000E-8	-5.207251E-4
1.605000E-8	-4.881791E-4
1.610000E-8	-4.813273E-4
1.615000E-8	-4.916050E-4
1.620000E-8	-5.155863E-4
1.625000E-8	-5.498453E-4
1.630000E-8	-5.926690E-4
1.635000E-8	-6.200762E-4
1.640000E-8	-6.132244E-4
1.645000E-8	-5.841043E-4
1.650000E-8	-5.429935E-4
1.655000E-8	-4.813273E-4
1.660000E-8	-4.093834E-4
1.665000E-8	-3.391524E-4
1.670000E-8	-2.843380E-4
1.675000E-8	-2.466531E-4
1.680000E-8	-2.295236E-4
1.685000E-8	-2.141071E-4
1.690000E-8	-1.986905E-4
1.695000E-8	-2.072553E-4
1.700000E-8	-2.329495E-4
1.705000E-8	-2.500790E-4
1.710000E-8	-2.740603E-4
1.715000E-8	-3.185970E-4
1.720000E-8	-3.511431E-4
1.725000E-8	-3.648467E-4
1.730000E-8	-3.836891E-4
1.735000E-8	-4.059575E-4
1.740000E-8	-3.956798E-4
1.745000E-8	-3.579949E-4
1.750000E-8	-3.340136E-4
1.755000E-8	-3.134582E-4
1.760000E-8	-2.826251E-4
1.765000E-8	-2.569308E-4
1.770000E-8	-2.415143E-4
1.775000E-8	-2.123941E-4
1.780000E-8	-1.712833E-4
1.785000E-8	-1.455891E-4
1.790000E-8	-1.438761E-4
1.795000E-8	-1.507279E-4
1.800000E-8	-1.815610E-4
1.805000E-8	-2.449402E-4
1.810000E-8	-3.134582E-4
1.815000E-8	-3.768373E-4
1.820000E-8	-4.299388E-4
1.825000E-8	-4.367906E-4
1.830000E-8	-3.597078E-4
1.835000E-8	-1.969776E-4
1.840000E-8	8.908510E-5
1.845000E-8	5.687111E-4
1.850000E-8	1.291576E-3
1.855000E-8	2.295365E-3
1.860000E-8	3.640031E-3
1.865000E-8	5.359832E-3
1.870000E-8	7.418798E-3
1.875000E-8	9.763827E-3
1.880000E-8	1.234353E-2
1.885000E-8	1.505342E-2
1.890000E-8	1.777016E-2
1.895000E-8	2.037384E-2
1.900000E-8	2.277197E-2
1.905000E-8	2.489603E-2
1.910000E-8	2.673060E-2
1.915000E-8	2.827054E-2
1.920000E-8	2.949530E-2
1.925000E-8	3.035006E-2
1.930000E-8	3.079371E-2
1.935000E-8	3.082455E-2
1.940000E-8	3.044770E-2
1.945000E-8	2.966831E-2
1.950000E-8	2.852234E-2
1.955000E-8	2.712971E-2
1.960000E-8	2.563774E-2
1.965000E-8	2.416802E-2
1.970000E-8	2.281479E-2
1.975000E-8	2.164485E-2
1.980000E-8	2.070615E-2
1.985000E-8	2.002097E-2
1.990000E-8	1.961843E-2
1.995000E-8	1.945399E-2
2.000000E-8	1.944542E-2
2.005000E-8	1.958074E-2
2.010000E-8	1.986167E-2
2.015000E-8	2.019912E-2
2.020000E-8	2.050231E-2
2.025000E-8	2.075411E-2
2.030000E-8	2.096138E-2
2.035000E-8	2.104360E-2
2.040000E-8	2.100421E-2
2.045000E-8	2.086717E-2
2.050000E-8	2.058625E-2
2.055000E-8	2.015116E-2
2.060000E-8	1.962528E-2
2.065000E-8	1.905487E-2
2.070000E-8	1.843821E-2
2.075000E-8	1.782154E-2
2.080000E-8	1.729053E-2
2.085000E-8	1.686058E-2
2.090000E-8	1.654711E-2
2.095000E-8	1.639808E-2
2.100000E-8	1.642720E-2
2.105000E-8	1.662590E-2
2.110000E-8	1.698391E-2
2.115000E-8	1.742243E-2
2.120000E-8	1.787636E-2
2.125000E-8	1.834571E-2
2.130000E-8	1.879450E-2
2.135000E-8	1.912339E-2
2.140000E-8	1.929297E-2
2.145000E-8	1.931866E-2
2.150000E-8	1.918334E-2
2.155000E-8	1.886987E-2
2.160000E-8	1.841080E-2
2.165000E-8	1.785580E-2
2.170000E-8	1.724599E-2
2.175000E-8	1.663618E-2
2.180000E-8	1.608804E-2
2.185000E-8	1.564781E-2
2.190000E-8	1.534119E-2
2.195000E-8	1.518531E-2
2.200000E-8	1.521101E-2
2.205000E-8	1.541314E-2
2.210000E-8	1.572832E-2
2.215000E-8	1.611202E-2
2.220000E-8	1.656595E-2
2.225000E-8	1.702331E-2
2.230000E-8	1.740701E-2
2.235000E-8	1.769650E-2
2.240000E-8	1.789177E-2
2.245000E-8	1.792261E-2
2.250000E-8	1.775645E-2
2.255000E-8	1.745840E-2
2.260000E-8	1.707641E-2
2.265000E-8	1.659678E-2
2.270000E-8	1.608290E-2
2.275000E-8	1.561184E-2
2.280000E-8	1.518360E-2
2.285000E-8	1.480675E-2
2.290000E-8	1.456865E-2
2.295000E-8	1.450870E-2
2.300000E-8	1.458921E-2
2.305000E-8	1.479819E-2
2.310000E-8	1.511851E-2
2.315000E-8	1.551591E-2
2.320000E-8	1.593730E-2
2.325000E-8	1.635526E-2
2.330000E-8	1.671327E-2
2.335000E-8	1.697706E-2
2.340000E-8	1.712780E-2
2.345000E-8	1.713123E-2
2.350000E-8	1.697706E-2
2.355000E-8	1.670127E-2
2.360000E-8	1.632100E-2
2.365000E-8	1.582767E-2
2.370000E-8	1.528638E-2
2.375000E-8	1.478791E-2
2.380000E-8	1.435111E-2
2.385000E-8	1.396569E-2
2.390000E-8	1.368477E-2
2.395000E-8	1.355116E-2
2.400000E-8	1.356829E-2
2.405000E-8	1.372074E-2
2.410000E-8	1.399139E-2
2.415000E-8	1.435967E-2
2.420000E-8	1.479134E-2
2.425000E-8	1.523156E-2
2.430000E-8	1.562554E-2
2.435000E-8	1.593901E-2
2.440000E-8	1.614628E-2
2.445000E-8	1.621137E-2
2.450000E-8	1.614457E-2
2.455000E-8	1.595785E-2
2.460000E-8	1.566837E-2
2.465000E-8	1.530008E-2
2.470000E-8	1.489754E-2
2.475000E-8	1.450013E-2
2.480000E-8	1.414555E-2
2.485000E-8	1.387148E-2
2.490000E-8	1.369505E-2
2.495000E-8	1.364366E-2
2.500000E-8	1.372759E-2
2.505000E-8	1.391430E-2
2.510000E-8	1.416953E-2
2.515000E-8	1.447958E-2
2.520000E-8	1.484444E-2
2.525000E-8	1.520930E-2
2.530000E-8	1.551934E-2
2.535000E-8	1.573346E-2
2.540000E-8	1.583281E-2
2.545000E-8	1.581397E-2
2.550000E-8	1.567864E-2
2.555000E-8	1.544911E-2
2.560000E-8	1.514420E-2
2.565000E-8	1.477249E-2
2.570000E-8	1.436310E-2
2.575000E-8	1.396741E-2
2.580000E-8	1.363167E-2
2.585000E-8	1.339528E-2
2.590000E-8	1.325996E-2
2.595000E-8	1.323255E-2
2.600000E-8	1.332676E-2
2.605000E-8	1.353746E-2
2.610000E-8	1.382523E-2
2.615000E-8	1.413699E-2
2.620000E-8	1.446245E-2
2.625000E-8	1.479134E-2
2.630000E-8	1.507740E-2
2.635000E-8	1.526411E-2
2.640000E-8	1.537203E-2
2.645000E-8	1.541142E-2
2.650000E-8	1.535661E-2
2.655000E-8	1.518874E-2
2.660000E-8	1.494893E-2
2.665000E-8	1.466629E-2
2.670000E-8	1.433740E-2
2.675000E-8	1.400167E-2
2.680000E-8	1.370875E-2
2.685000E-8	1.347750E-2
2.690000E-8	1.331991E-2
2.695000E-8	1.325996E-2
2.700000E-8	1.329250E-2
2.705000E-8	1.340556E-2
2.710000E-8	1.361111E-2
2.715000E-8	1.388518E-2
2.720000E-8	1.416782E-2
2.725000E-8	1.441963E-2
2.730000E-8	1.462347E-2
2.735000E-8	1.476564E-2
2.740000E-8	1.482217E-2
2.745000E-8	1.479647E-2
2.750000E-8	1.471083E-2
2.755000E-8	1.455837E-2
2.760000E-8	1.435111E-2
2.765000E-8	1.411815E-2
2.770000E-8	1.388690E-2
2.775000E-8	1.368306E-2
2.780000E-8	1.351005E-2
2.785000E-8	1.338843E-2
2.790000E-8	1.332334E-2
2.795000E-8	1.330107E-2
2.800000E-8	1.332334E-2
2.805000E-8	1.340898E-2
2.810000E-8	1.353917E-2
2.815000E-8	1.368991E-2
2.820000E-8	1.384407E-2
2.825000E-8	1.398625E-2
2.830000E-8	1.408560E-2
2.835000E-8	1.413699E-2
2.840000E-8	1.414555E-2
2.845000E-8	1.408731E-2
2.850000E-8	1.395370E-2
2.855000E-8	1.376870E-2
2.860000E-8	1.355116E-2
2.865000E-8	1.330963E-2
2.870000E-8	1.308010E-2
2.875000E-8	1.288482E-2
2.880000E-8	1.273237E-2
2.885000E-8	1.263473E-2
2.890000E-8	1.262103E-2
2.895000E-8	1.266899E-2
2.900000E-8	1.276834E-2
2.905000E-8	1.293278E-2
2.910000E-8	1.313149E-2
2.915000E-8	1.330792E-2
2.920000E-8	1.344153E-2
2.925000E-8	1.353403E-2
2.930000E-8	1.356829E-2
2.935000E-8	1.351519E-2
2.940000E-8	1.339528E-2
2.945000E-8	1.322912E-2
2.950000E-8	1.302528E-2
2.955000E-8	1.280260E-2
2.960000E-8	1.259533E-2
2.965000E-8	1.241376E-2
2.970000E-8	1.226302E-2
2.975000E-8	1.216881E-2
2.980000E-8	1.212941E-2
2.985000E-8	1.213455E-2
2.990000E-8	1.219622E-2
2.995000E-8	1.230756E-2
3.000000E-8	1.243432E-2
3.005000E-8	1.257478E-2
3.010000E-8	1.271010E-2
3.015000E-8	1.279232E-2
3.020000E-8	1.282316E-2
3.025000E-8	1.286255E-2
3.030000E-8	1.290366E-2
3.035000E-8	1.287968E-2
3.040000E-8	1.278376E-2
3.045000E-8	1.266556E-2
3.050000E-8	1.252853E-2
3.055000E-8	1.237436E-2
3.060000E-8	1.223048E-2
3.065000E-8	1.212256E-2
3.070000E-8	1.204548E-2
3.075000E-8	1.197182E-2
3.080000E-8	1.191187E-2
3.085000E-8	1.188446E-2
3.090000E-8	1.189645E-2
3.095000E-8	1.194099E-2
3.100000E-8	1.200779E-2
3.105000E-8	1.210372E-2
3.110000E-8	1.222534E-2
3.115000E-8	1.235038E-2
3.120000E-8	1.246686E-2
3.125000E-8	1.254908E-2
3.130000E-8	1.259019E-2
3.135000E-8	1.259876E-2
3.140000E-8	1.256964E-2
3.145000E-8	1.249256E-2
3.150000E-8	1.236580E-2
3.155000E-8	1.221163E-2
3.160000E-8	1.204890E-2
3.165000E-8	1.189645E-2
3.170000E-8	1.178168E-2
3.175000E-8	1.171488E-2
3.180000E-8	1.169603E-2
3.185000E-8	1.172344E-2
3.190000E-8	1.178168E-2
3.195000E-8	1.185534E-2
3.200000E-8	1.194441E-2
3.205000E-8	1.203691E-2
3.210000E-8	1.211913E-2
3.215000E-8	1.217395E-2
3.220000E-8	1.220821E-2
3.225000E-8	1.221677E-2
3.230000E-8	1.218080E-2
3.235000E-8	1.211571E-2
3.240000E-8	1.203691E-2
3.245000E-8	1.195126E-2
3.250000E-8	1.186733E-2
3.255000E-8	1.181594E-2
3.260000E-8	1.178853E-2
3.265000E-8	1.175599E-2
3.270000E-8	1.173372E-2
3.275000E-8	1.175085E-2
3.280000E-8	1.178168E-2
3.285000E-8	1.179367E-2
3.290000E-8	1.180224E-2
3.295000E-8	1.181080E-2
3.300000E-8	1.181080E-2
3.305000E-8	1.180566E-2
3.310000E-8	1.179196E-2
3.315000E-8	1.174228E-2
3.320000E-8	1.167205E-2
3.325000E-8	1.161039E-2
3.330000E-8	1.154358E-2
3.335000E-8	1.145622E-2
3.340000E-8	1.136886E-2
3.345000E-8	1.129178E-2
3.350000E-8	1.121298E-2
3.355000E-8	1.115132E-2
3.360000E-8	1.112905E-2
3.365000E-8	1.113761E-2
3.370000E-8	1.114104E-2
3.375000E-8	1.113076E-2
3.380000E-8	1.110849E-2
3.385000E-8	1.109650E-2
3.390000E-8	1.111021E-2
3.395000E-8	1.114446E-2
3.400000E-8	1.117872E-2
3.405000E-8	1.121127E-2
3.410000E-8	1.124210E-2
3.415000E-8	1.127122E-2
3.420000E-8	1.128321E-2
3.425000E-8	1.128835E-2
3.430000E-8	1.127979E-2
3.435000E-8	1.124553E-2
3.440000E-8	1.119243E-2
3.445000E-8	1.111877E-2
3.450000E-8	1.100743E-2
3.455000E-8	1.088410E-2
3.460000E-8	1.078132E-2
3.465000E-8	1.069738E-2
3.470000E-8	1.061516E-2
3.475000E-8	1.056549E-2
3.480000E-8	1.054836E-2
3.485000E-8	1.054322E-2
3.490000E-8	1.055350E-2
3.495000E-8	1.059803E-2
3.500000E-8	1.065456E-2
3.505000E-8	1.070081E-2
3.510000E-8	1.074535E-2
3.515000E-8	1.078132E-2
3.520000E-8	1.079674E-2
3.525000E-8	1.080530E-2
3.530000E-8	1.081900E-2
3.535000E-8	1.082586E-2
3.540000E-8	1.082414E-2
3.545000E-8	1.082586E-2
3.550000E-8	1.081900E-2
3.555000E-8	1.081558E-2
3.560000E-8	1.083956E-2
3.565000E-8	1.088752E-2
3.570000E-8	1.093891E-2
3.575000E-8	1.098859E-2
3.580000E-8	1.103826E-2
3.585000E-8	1.108109E-2
3.590000E-8	1.111192E-2
3.595000E-8	1.112905E-2
3.600000E-8	1.112905E-2
3.605000E-8	1.110849E-2
3.610000E-8	1.108109E-2
3.615000E-8	1.106567E-2
3.620000E-8	1.105710E-2
3.625000E-8	1.105710E-2
3.630000E-8	1.105368E-2
3.635000E-8	1.103826E-2
3.640000E-8	1.101599E-2
3.645000E-8	1.100058E-2
3.650000E-8	1.098859E-2
3.655000E-8	1.098345E-2
3.660000E-8	1.097317E-2
3.665000E-8	1.093035E-2
3.670000E-8	1.085840E-2
3.675000E-8	1.077447E-2
3.680000E-8	1.068197E-2
3.685000E-8	1.058604E-2
3.690000E-8	1.050896E-2
3.695000E-8	1.046785E-2
3.700000E-8	1.044558E-2
3.705000E-8	1.042503E-2
3.710000E-8	1.041132E-2
3.715000E-8	1.042160E-2
3.720000E-8	1.043702E-2
3.725000E-8	1.044729E-2
3.730000E-8	1.044729E-2
3.735000E-8	1.044558E-2
3.740000E-8	1.043359E-2
3.745000E-8	1.039248E-2
3.750000E-8	1.032910E-2
3.755000E-8	1.025887E-2
3.760000E-8	1.019035E-2
3.765000E-8	1.012183E-2
3.770000E-8	1.006188E-2
3.775000E-8	1.000878E-2
3.780000E-8	9.971094E-3
3.785000E-8	9.957390E-3
3.790000E-8	9.969381E-3
3.795000E-8	9.998501E-3
3.800000E-8	1.003105E-2
3.805000E-8	1.005674E-2
3.810000E-8	1.007387E-2
3.815000E-8	1.008244E-2
3.820000E-8	1.007901E-2
3.825000E-8	1.006531E-2
3.830000E-8	1.004646E-2
3.835000E-8	1.002762E-2
3.840000E-8	1.000021E-2
3.845000E-8	9.974520E-3
3.850000E-8	9.977946E-3
3.855000E-8	1.000707E-2
3.860000E-8	1.004475E-2
3.865000E-8	1.008757E-2
3.870000E-8	1.014410E-2
3.875000E-8	1.021091E-2
3.880000E-8	1.027086E-2
3.885000E-8	1.031197E-2
3.890000E-8	1.033081E-2
3.895000E-8	1.034280E-2
3.900000E-8	1.034452E-2
3.905000E-8	1.033081E-2
3.910000E-8	1.030169E-2
3.915000E-8	1.026401E-2
3.920000E-8	1.020577E-2
3.925000E-8	1.012526E-2
3.930000E-8	1.003961E-2
3.935000E-8	9.950539E-3
3.940000E-8	9.856326E-3
3.945000E-8	9.774105E-3
3.950000E-8	9.712438E-3
3.955000E-8	9.652485E-3
3.960000E-8	9.583967E-3
3.965000E-8	9.527440E-3
3.970000E-8	9.484616E-3
3.975000E-8	9.452070E-3
3.980000E-8	9.438366E-3
3.985000E-8	9.440079E-3
3.990000E-8	9.443505E-3
3.995000E-8	9.452070E-3
4.000000E-8	9.460635E-3
4.005000E-8	9.446931E-3
4.010000E-8	9.395543E-3
4.015000E-8	9.327025E-3
4.020000E-8	9.253368E-3
4.025000E-8	9.186563E-3
4.030000E-8	9.147165E-3
4.035000E-8	9.123184E-3
4.040000E-8	9.102628E-3
4.045000E-8	9.097489E-3
4.050000E-8	9.112906E-3
4.055000E-8	9.140313E-3
4.060000E-8	9.183137E-3
4.065000E-8	9.260220E-3
4.070000E-8	9.345867E-3
4.075000E-8	9.419524E-3
4.080000E-8	9.479477E-3
4.085000E-8	9.529153E-3
4.090000E-8	9.551421E-3
4.095000E-8	9.541143E-3
4.100000E-8	9.517162E-3
4.105000E-8	9.489755E-3
4.110000E-8	9.457209E-3
4.115000E-8	9.417811E-3
4.120000E-8	9.361284E-3
4.125000E-8	9.297905E-3
4.130000E-8	9.261933E-3
4.135000E-8	9.246516E-3
4.140000E-8	9.217396E-3
4.145000E-8	9.188276E-3
4.150000E-8	9.184850E-3
4.155000E-8	9.188276E-3
4.160000E-8	9.181424E-3
4.165000E-8	9.184850E-3
4.170000E-8	9.205405E-3
4.175000E-8	9.224248E-3
4.180000E-8	9.234525E-3
4.185000E-8	9.253368E-3
4.190000E-8	9.268784E-3
4.195000E-8	9.277349E-3
4.200000E-8	9.284201E-3
4.205000E-8	9.279062E-3
4.210000E-8	9.258507E-3
4.215000E-8	9.236238E-3
4.220000E-8	9.198553E-3
4.225000E-8	9.133461E-3
4.230000E-8	9.056379E-3
4.235000E-8	8.979296E-3
4.240000E-8	8.883371E-3
4.245000E-8	8.775455E-3
4.250000E-8	8.684668E-3
4.255000E-8	8.616150E-3
4.260000E-8	8.564762E-3
4.265000E-8	8.540781E-3
4.270000E-8	8.569901E-3
4.275000E-8	8.636706E-3
4.280000E-8	8.715502E-3
4.285000E-8	8.784020E-3
4.290000E-8	8.850825E-3
4.295000E-8	8.921056E-3
4.300000E-8	8.981009E-3
4.305000E-8	9.011842E-3
4.310000E-8	9.020407E-3
4.315000E-8	9.015268E-3
4.320000E-8	8.989574E-3
4.325000E-8	8.945037E-3
4.330000E-8	8.909065E-3
4.335000E-8	8.881658E-3
4.340000E-8	8.862815E-3
4.345000E-8	8.854251E-3
4.350000E-8	8.850825E-3
4.355000E-8	8.850825E-3
4.360000E-8	8.871380E-3
4.365000E-8	8.898787E-3
4.370000E-8	8.921056E-3
4.375000E-8	8.921056E-3
4.380000E-8	8.890222E-3
4.385000E-8	8.837121E-3
4.390000E-8	8.773742E-3
4.395000E-8	8.706937E-3
4.400000E-8	8.636706E-3
4.405000E-8	8.573327E-3
4.410000E-8	8.530503E-3
4.415000E-8	8.496244E-3
4.420000E-8	8.461985E-3
4.425000E-8	8.438004E-3
4.430000E-8	8.427726E-3
4.435000E-8	8.426013E-3
4.440000E-8	8.434578E-3
4.445000E-8	8.460272E-3
4.450000E-8	8.492818E-3
4.455000E-8	8.523651E-3
4.460000E-8	8.549345E-3
4.465000E-8	8.575040E-3
4.470000E-8	8.604160E-3
4.475000E-8	8.645271E-3
4.480000E-8	8.696659E-3
4.485000E-8	8.751474E-3
4.490000E-8	8.814853E-3
4.495000E-8	8.878232E-3
4.500000E-8	8.919343E-3
4.505000E-8	8.924481E-3
4.510000E-8	8.910778E-3
4.515000E-8	8.873093E-3
4.520000E-8	8.809714E-3
4.525000E-8	8.744622E-3
4.530000E-8	8.679530E-3
4.535000E-8	8.593882E-3
4.540000E-8	8.494531E-3
4.545000E-8	8.402032E-3
4.550000E-8	8.312958E-3
4.555000E-8	8.239301E-3
4.560000E-8	8.193052E-3
4.565000E-8	8.163932E-3
4.570000E-8	8.146802E-3
4.575000E-8	8.148515E-3
4.580000E-8	8.157080E-3
4.585000E-8	8.155367E-3
4.590000E-8	8.160506E-3
4.595000E-8	8.184487E-3
4.600000E-8	8.211894E-3
4.605000E-8	8.225598E-3
4.610000E-8	8.223885E-3
4.615000E-8	8.217033E-3
4.620000E-8	8.218746E-3
4.625000E-8	8.229024E-3
4.630000E-8	8.230737E-3
4.635000E-8	8.217033E-3
4.640000E-8	8.198191E-3
4.645000E-8	8.177635E-3
4.650000E-8	8.141663E-3
4.655000E-8	8.107404E-3
4.660000E-8	8.074858E-3
4.665000E-8	8.028609E-3
4.670000E-8	7.975507E-3
4.675000E-8	7.924119E-3
4.680000E-8	7.871017E-3
4.685000E-8	7.821342E-3
4.690000E-8	7.785370E-3
4.695000E-8	7.768240E-3
4.700000E-8	7.754537E-3
4.705000E-8	7.749398E-3
4.710000E-8	7.754537E-3
4.715000E-8	7.763101E-3
4.720000E-8	7.768240E-3
4.725000E-8	7.769953E-3
4.730000E-8	7.771666E-3
4.735000E-8	7.773379E-3
4.740000E-8	7.773379E-3
4.745000E-8	7.763101E-3
4.750000E-8	7.751111E-3
4.755000E-8	7.749398E-3
4.760000E-8	7.756250E-3
4.765000E-8	7.775092E-3
4.770000E-8	7.809351E-3
4.775000E-8	7.850462E-3
4.780000E-8	7.884721E-3
4.785000E-8	7.912128E-3
4.790000E-8	7.922406E-3
4.795000E-8	7.900137E-3
4.800000E-8	7.852175E-3
4.805000E-8	7.788796E-3
4.810000E-8	7.704861E-3
4.815000E-8	7.595232E-3
4.820000E-8	7.478752E-3
4.825000E-8	7.382826E-3
4.830000E-8	7.316021E-3
4.835000E-8	7.264633E-3
4.840000E-8	7.238939E-3
4.845000E-8	7.247503E-3
4.850000E-8	7.292040E-3
4.855000E-8	7.358845E-3
4.860000E-8	7.447919E-3
4.865000E-8	7.554121E-3
4.870000E-8	7.658611E-3
4.875000E-8	7.733981E-3
4.880000E-8	7.775092E-3
4.885000E-8	7.781944E-3
4.890000E-8	7.766527E-3
4.895000E-8	7.735694E-3
4.900000E-8	7.684306E-3
4.905000E-8	7.619214E-3
4.910000E-8	7.538705E-3
4.915000E-8	7.444493E-3
4.920000E-8	7.341716E-3
4.925000E-8	7.250929E-3
4.930000E-8	7.189263E-3
4.935000E-8	7.151578E-3
4.940000E-8	7.137875E-3
4.945000E-8	7.136162E-3
4.950000E-8	7.151578E-3
4.955000E-8	7.187550E-3
4.960000E-8	7.252642E-3
4.965000E-8	7.346854E-3
4.970000E-8	7.453057E-3
4.975000E-8	7.554121E-3
4.980000E-8	7.653473E-3
4.985000E-8	7.744259E-3
4.990000E-8	7.812777E-3
4.995000E-8	7.848749E-3
5.000000E-8	7.855601E-3
5.005000E-8	7.841897E-3
5.010000E-8	7.800786E-3
5.015000E-8	7.727129E-3
5.020000E-8	7.639769E-3
5.025000E-8	7.560973E-3
5.030000E-8	7.504446E-3
5.035000E-8	7.459909E-3
5.040000E-8	7.437641E-3
5.045000E-8	7.442780E-3
5.050000E-8	7.459909E-3
5.055000E-8	7.482178E-3
5.060000E-8	7.530140E-3
5.065000E-8	7.605510E-3
5.070000E-8	7.679167E-3
5.075000E-8	7.739120E-3
5.080000E-8	7.780231E-3
5.085000E-8	7.807638E-3
5.090000E-8	7.804212E-3
5.095000E-8	7.769953E-3
5.100000E-8	7.708287E-3
5.105000E-8	7.617501E-3
5.110000E-8	7.497594E-3
5.115000E-8	7.362271E-3
5.120000E-8	7.238939E-3
5.125000E-8	7.129310E-3
5.130000E-8	7.019681E-3
5.135000E-8	6.908339E-3
5.140000E-8	6.836395E-3
5.145000E-8	6.815840E-3
5.150000E-8	6.817553E-3
5.155000E-8	6.817553E-3
5.160000E-8	6.827831E-3
5.165000E-8	6.860377E-3
5.170000E-8	6.911765E-3
5.175000E-8	6.978570E-3
5.180000E-8	7.065931E-3
5.185000E-8	7.163569E-3
5.190000E-8	7.256068E-3
5.195000E-8	7.338290E-3
5.200000E-8	7.422224E-3
5.205000E-8	7.497594E-3
5.210000E-8	7.552408E-3
5.215000E-8	7.567825E-3
5.220000E-8	7.552408E-3
5.225000E-8	7.521575E-3
5.230000E-8	7.468474E-3
5.235000E-8	7.401669E-3
5.240000E-8	7.334864E-3
5.245000E-8	7.259494E-3
5.250000E-8	7.168708E-3
5.255000E-8	7.069357E-3
5.260000E-8	6.975144E-3
5.265000E-8	6.889497E-3
5.270000E-8	6.824405E-3
5.275000E-8	6.781581E-3
5.280000E-8	6.745609E-3
5.285000E-8	6.711350E-3
5.290000E-8	6.695933E-3
5.295000E-8	6.692508E-3
5.300000E-8	6.680517E-3
5.305000E-8	6.673665E-3
5.310000E-8	6.682230E-3
5.315000E-8	6.697646E-3
5.320000E-8	6.713063E-3
5.325000E-8	6.740470E-3
5.330000E-8	6.773016E-3
5.335000E-8	6.795285E-3
5.340000E-8	6.817553E-3
5.345000E-8	6.855238E-3
5.350000E-8	6.892923E-3
5.355000E-8	6.911765E-3
5.360000E-8	6.913478E-3
5.365000E-8	6.904913E-3
5.370000E-8	6.880932E-3
5.375000E-8	6.846673E-3
5.380000E-8	6.796997E-3
5.385000E-8	6.738757E-3
5.390000E-8	6.695933E-3
5.395000E-8	6.682230E-3
5.400000E-8	6.661674E-3
5.405000E-8	6.637693E-3
5.410000E-8	6.632554E-3
5.415000E-8	6.646258E-3
5.420000E-8	6.661674E-3
5.425000E-8	6.687369E-3
5.430000E-8	6.725054E-3
5.435000E-8	6.767877E-3
5.440000E-8	6.819266E-3
5.445000E-8	6.874080E-3
5.450000E-8	6.915191E-3
5.455000E-8	6.942598E-3
5.460000E-8	6.959728E-3
5.465000E-8	6.956302E-3
5.470000E-8	6.923756E-3
5.475000E-8	6.875793E-3
5.480000E-8	6.822692E-3
5.485000E-8	6.754174E-3
5.490000E-8	6.682230E-3
5.495000E-8	6.632554E-3
5.500000E-8	6.596582E-3
5.505000E-8	6.553759E-3
5.510000E-8	6.510935E-3
5.515000E-8	6.469824E-3
5.520000E-8	6.415010E-3
5.525000E-8	6.361908E-3
5.530000E-8	6.334501E-3
5.535000E-8	6.327649E-3
5.540000E-8	6.320797E-3
5.545000E-8	6.313946E-3
5.550000E-8	6.313946E-3
5.555000E-8	6.308807E-3
5.560000E-8	6.308807E-3
5.565000E-8	6.325936E-3
5.570000E-8	6.349918E-3
5.575000E-8	6.377325E-3
5.580000E-8	6.433852E-3
5.585000E-8	6.500657E-3
5.590000E-8	6.545194E-3
5.595000E-8	6.569175E-3
5.600000E-8	6.593156E-3
5.605000E-8	6.613712E-3
5.610000E-8	6.620564E-3
5.615000E-8	6.610286E-3
5.620000E-8	6.572601E-3
5.625000E-8	6.517787E-3
5.630000E-8	6.464685E-3
5.635000E-8	6.403019E-3
5.640000E-8	6.337927E-3
5.645000E-8	6.283112E-3
5.650000E-8	6.240289E-3
5.655000E-8	6.204317E-3
5.660000E-8	6.175197E-3
5.665000E-8	6.156354E-3
5.670000E-8	6.152928E-3
5.675000E-8	6.164919E-3
5.680000E-8	6.187187E-3
5.685000E-8	6.214594E-3
5.690000E-8	6.250566E-3
5.695000E-8	6.301955E-3
5.700000E-8	6.360195E-3
5.705000E-8	6.435565E-3
5.710000E-8	6.526351E-3
5.715000E-8	6.620564E-3
5.720000E-8	6.702785E-3
5.725000E-8	6.769590E-3
5.730000E-8	6.810701E-3
5.735000E-8	6.822692E-3
5.740000E-8	6.819266E-3
5.745000E-8	6.808988E-3
5.750000E-8	6.779868E-3
5.755000E-8	6.718202E-3
5.760000E-8	6.639406E-3
5.765000E-8	6.565749E-3
5.770000E-8	6.497231E-3
5.775000E-8	6.444130E-3
5.780000E-8	6.404732E-3
5.785000E-8	6.384177E-3
5.790000E-8	6.372186E-3
5.795000E-8	6.365334E-3
5.800000E-8	6.346492E-3
5.805000E-8	6.315659E-3
5.810000E-8	6.293390E-3
5.815000E-8	6.274548E-3
5.820000E-8	6.224872E-3
5.825000E-8	6.154641E-3
5.830000E-8	6.101540E-3
5.835000E-8	6.050151E-3
5.840000E-8	5.981633E-3
5.845000E-8	5.918254E-3
5.850000E-8	5.880569E-3
5.855000E-8	5.851449E-3
5.860000E-8	5.818903E-3
5.865000E-8	5.796635E-3
5.870000E-8	5.786357E-3
5.875000E-8	5.784644E-3
5.880000E-8	5.782931E-3
5.885000E-8	5.784644E-3
5.890000E-8	5.791496E-3
5.895000E-8	5.817190E-3
5.900000E-8	5.842884E-3
5.905000E-8	5.860014E-3
5.910000E-8	5.882282E-3
5.915000E-8	5.918254E-3
5.920000E-8	5.957652E-3
5.925000E-8	6.009040E-3
5.930000E-8	6.062142E-3
5.935000E-8	6.092975E-3
5.940000E-8	6.106679E-3
5.945000E-8	6.122095E-3
5.950000E-8	6.132373E-3
5.955000E-8	6.125521E-3
5.960000E-8	6.113530E-3
5.965000E-8	6.103253E-3
5.970000E-8	6.080984E-3
5.975000E-8	6.053577E-3
5.980000E-8	6.029596E-3
5.985000E-8	6.022744E-3
5.990000E-8	6.033022E-3
5.995000E-8	6.055290E-3
6.000000E-8	6.091262E-3
6.005000E-8	6.134086E-3
6.010000E-8	6.163206E-3
6.015000E-8	6.176910E-3
6.020000E-8	6.173484E-3
6.025000E-8	6.156354E-3
6.030000E-8	6.123808E-3
6.035000E-8	6.074133E-3
6.040000E-8	6.012466E-3
6.045000E-8	5.942235E-3
6.050000E-8	5.873717E-3
6.055000E-8	5.815477E-3
6.060000E-8	5.769227E-3
6.065000E-8	5.740107E-3
6.070000E-8	5.728117E-3
6.075000E-8	5.722978E-3
6.080000E-8	5.707561E-3
6.085000E-8	5.695571E-3
6.090000E-8	5.688719E-3
6.095000E-8	5.676728E-3
6.100000E-8	5.649321E-3
6.105000E-8	5.606497E-3
6.110000E-8	5.556822E-3
6.115000E-8	5.510572E-3
6.120000E-8	5.478026E-3
6.125000E-8	5.452332E-3
6.130000E-8	5.436915E-3
6.135000E-8	5.442054E-3
6.140000E-8	5.459184E-3
6.145000E-8	5.490017E-3
6.150000E-8	5.527702E-3
6.155000E-8	5.567099E-3
6.160000E-8	5.601358E-3
6.165000E-8	5.620201E-3
6.170000E-8	5.628766E-3
6.175000E-8	5.633904E-3
6.180000E-8	5.630479E-3
6.185000E-8	5.618488E-3
6.190000E-8	5.609923E-3
6.195000E-8	5.594507E-3
6.200000E-8	5.556822E-3
6.205000E-8	5.520850E-3
6.210000E-8	5.520850E-3
6.215000E-8	5.544831E-3
6.220000E-8	5.570525E-3
6.225000E-8	5.603071E-3
6.230000E-8	5.649321E-3
6.235000E-8	5.690432E-3
6.240000E-8	5.728117E-3
6.245000E-8	5.770940E-3
6.250000E-8	5.808625E-3
6.255000E-8	5.825755E-3
6.260000E-8	5.818903E-3
6.265000E-8	5.803486E-3
6.270000E-8	5.782931E-3
6.275000E-8	5.750385E-3
6.280000E-8	5.700709E-3
6.285000E-8	5.652747E-3
6.290000E-8	5.618488E-3
6.295000E-8	5.589368E-3
6.300000E-8	5.561961E-3
6.305000E-8	5.544831E-3
6.310000E-8	5.531127E-3
6.315000E-8	5.515711E-3
6.320000E-8	5.502007E-3
6.325000E-8	5.493443E-3
6.330000E-8	5.490017E-3
6.335000E-8	5.502007E-3
6.340000E-8	5.531127E-3
6.345000E-8	5.565386E-3
6.350000E-8	5.584229E-3
6.355000E-8	5.575664E-3
6.360000E-8	5.555109E-3
6.365000E-8	5.546544E-3
6.370000E-8	5.541405E-3
6.375000E-8	5.525989E-3
6.380000E-8	5.496868E-3
6.385000E-8	5.476313E-3
6.390000E-8	5.455758E-3
6.395000E-8	5.428350E-3
6.400000E-8	5.383814E-3
6.405000E-8	5.340990E-3
6.410000E-8	5.296453E-3
6.415000E-8	5.250204E-3
6.420000E-8	5.210806E-3
6.425000E-8	5.202241E-3
6.430000E-8	5.202241E-3
6.435000E-8	5.179973E-3
6.440000E-8	5.155991E-3
6.445000E-8	5.138862E-3
6.450000E-8	5.111455E-3
6.455000E-8	5.068631E-3
6.460000E-8	5.037798E-3
6.465000E-8	5.027520E-3
6.470000E-8	5.024094E-3
6.475000E-8	5.029233E-3
6.480000E-8	5.042937E-3
6.485000E-8	5.058353E-3
6.490000E-8	5.068631E-3
6.495000E-8	5.084047E-3
6.500000E-8	5.109742E-3
6.505000E-8	5.157704E-3
6.510000E-8	5.207380E-3
6.515000E-8	5.234787E-3
6.520000E-8	5.234787E-3
6.525000E-8	5.215945E-3
6.530000E-8	5.198815E-3
6.535000E-8	5.190250E-3
6.540000E-8	5.186824E-3
6.545000E-8	5.173121E-3
6.550000E-8	5.154278E-3
6.555000E-8	5.144001E-3
6.560000E-8	5.162843E-3
6.565000E-8	5.203954E-3
6.570000E-8	5.246778E-3
6.575000E-8	5.286176E-3
6.580000E-8	5.334138E-3
6.585000E-8	5.388953E-3
6.590000E-8	5.423212E-3
6.595000E-8	5.430063E-3
6.600000E-8	5.418073E-3
6.605000E-8	5.394091E-3
6.610000E-8	5.352981E-3
6.615000E-8	5.308444E-3
6.620000E-8	5.265620E-3
6.625000E-8	5.214232E-3
6.630000E-8	5.157704E-3
6.635000E-8	5.123445E-3
6.640000E-8	5.121732E-3
6.645000E-8	5.137149E-3
6.650000E-8	5.173121E-3
6.655000E-8	5.222796E-3
6.660000E-8	5.265620E-3
6.665000E-8	5.289601E-3
6.670000E-8	5.313583E-3
6.675000E-8	5.337564E-3
6.680000E-8	5.358119E-3
6.685000E-8	5.373536E-3
6.690000E-8	5.394091E-3
6.695000E-8	5.412934E-3
6.700000E-8	5.423212E-3
6.705000E-8	5.419786E-3
6.710000E-8	5.399230E-3
6.715000E-8	5.370110E-3
6.720000E-8	5.322148E-3
6.725000E-8	5.253630E-3
6.730000E-8	5.181686E-3
6.735000E-8	5.109742E-3
6.740000E-8	5.024094E-3
6.745000E-8	4.924743E-3
6.750000E-8	4.837383E-3
6.755000E-8	4.770578E-3
6.760000E-8	4.712337E-3
6.765000E-8	4.664375E-3
6.770000E-8	4.636967E-3
6.775000E-8	4.635255E-3
6.780000E-8	4.652384E-3
6.785000E-8	4.681504E-3
6.790000E-8	4.719189E-3
6.795000E-8	4.758587E-3
6.800000E-8	4.777429E-3
6.805000E-8	4.779142E-3
6.810000E-8	4.787707E-3
6.815000E-8	4.796272E-3
6.820000E-8	4.782568E-3
6.825000E-8	4.758587E-3
6.830000E-8	4.751735E-3
6.835000E-8	4.755161E-3
6.840000E-8	4.758587E-3
6.845000E-8	4.779142E-3
6.850000E-8	4.820253E-3
6.855000E-8	4.857938E-3
6.860000E-8	4.880206E-3
6.865000E-8	4.895623E-3
6.870000E-8	4.905901E-3
6.875000E-8	4.909327E-3
6.880000E-8	4.909327E-3
6.885000E-8	4.899049E-3
6.890000E-8	4.869929E-3
6.895000E-8	4.825392E-3
6.900000E-8	4.767152E-3
6.905000E-8	4.707198E-3
6.910000E-8	4.657523E-3
6.915000E-8	4.623264E-3
6.920000E-8	4.599283E-3
6.925000E-8	4.582153E-3
6.930000E-8	4.568449E-3
6.935000E-8	4.566737E-3
6.940000E-8	4.570162E-3
6.945000E-8	4.570162E-3
6.950000E-8	4.575301E-3
6.955000E-8	4.587292E-3
6.960000E-8	4.580440E-3
6.965000E-8	4.544468E-3
6.970000E-8	4.508496E-3
6.975000E-8	4.481089E-3
6.980000E-8	4.448543E-3
6.985000E-8	4.414284E-3
6.990000E-8	4.412571E-3
6.995000E-8	4.431413E-3
7.000000E-8	4.436552E-3
7.005000E-8	4.438265E-3
7.010000E-8	4.450256E-3
7.015000E-8	4.472524E-3
7.020000E-8	4.489654E-3
7.025000E-8	4.518774E-3
7.030000E-8	4.561598E-3
7.035000E-8	4.611273E-3
7.040000E-8	4.672939E-3
7.045000E-8	4.727754E-3
7.050000E-8	4.760300E-3
7.055000E-8	4.794559E-3
7.060000E-8	4.823679E-3
7.065000E-8	4.816827E-3
7.070000E-8	4.792846E-3
7.075000E-8	4.785994E-3
7.080000E-8	4.767152E-3
7.085000E-8	4.717476E-3
7.090000E-8	4.672939E-3
7.095000E-8	4.635255E-3
7.100000E-8	4.561598E-3
7.105000E-8	4.474237E-3
7.110000E-8	4.419423E-3
7.115000E-8	4.378312E-3
7.120000E-8	4.335488E-3
7.125000E-8	4.321785E-3
7.130000E-8	4.356044E-3
7.135000E-8	4.415997E-3
7.140000E-8	4.487941E-3
7.145000E-8	4.571875E-3
7.150000E-8	4.666088E-3
7.155000E-8	4.765439E-3
7.160000E-8	4.842521E-3
7.165000E-8	4.881919E-3
7.170000E-8	4.885345E-3
7.175000E-8	4.869929E-3
7.180000E-8	4.816827E-3
7.185000E-8	4.729467E-3
7.190000E-8	4.633542E-3
7.195000E-8	4.541042E-3
7.200000E-8	4.433126E-3
7.205000E-8	4.316646E-3
7.210000E-8	4.213869E-3
7.215000E-8	4.131647E-3
7.220000E-8	4.059703E-3
7.225000E-8	4.001463E-3
7.230000E-8	3.960352E-3
7.235000E-8	3.938084E-3
7.240000E-8	3.932945E-3
7.245000E-8	3.943223E-3
7.250000E-8	3.955213E-3
7.255000E-8	3.972343E-3
7.260000E-8	4.008315E-3
7.265000E-8	4.052852E-3
7.270000E-8	4.095675E-3
7.275000E-8	4.141925E-3
7.280000E-8	4.184749E-3
7.285000E-8	4.210443E-3
7.290000E-8	4.217295E-3
7.295000E-8	4.217295E-3
7.300000E-8	4.193313E-3
7.305000E-8	4.148777E-3
7.310000E-8	4.100814E-3
7.315000E-8	4.047713E-3
7.320000E-8	3.984334E-3
7.325000E-8	3.927806E-3
7.330000E-8	3.879844E-3
7.335000E-8	3.831881E-3
7.340000E-8	3.795909E-3
7.345000E-8	3.792483E-3
7.350000E-8	3.819890E-3
7.355000E-8	3.872992E-3
7.360000E-8	3.946649E-3
7.365000E-8	4.032296E-3
7.370000E-8	4.116231E-3
7.375000E-8	4.198452E-3
7.380000E-8	4.272109E-3
7.385000E-8	4.340627E-3
7.390000E-8	4.414284E-3
7.395000E-8	4.482802E-3
7.400000E-8	4.515348E-3
7.405000E-8	4.515348E-3
7.410000E-8	4.511922E-3
7.415000E-8	4.510209E-3
7.420000E-8	4.510209E-3
7.425000E-8	4.506783E-3
7.430000E-8	4.491367E-3
7.435000E-8	4.465672E-3
7.440000E-8	4.445117E-3
7.445000E-8	4.424562E-3
7.450000E-8	4.388590E-3
7.455000E-8	4.337201E-3
7.460000E-8	4.289239E-3
7.465000E-8	4.261831E-3
7.470000E-8	4.242989E-3
7.475000E-8	4.222434E-3
7.480000E-8	4.210443E-3
7.485000E-8	4.215582E-3
7.490000E-8	4.229285E-3
7.495000E-8	4.254980E-3
7.500000E-8	4.290952E-3
7.505000E-8	4.332062E-3
7.510000E-8	4.364608E-3
7.515000E-8	4.393729E-3
7.520000E-8	4.417710E-3
7.525000E-8	4.429701E-3
7.530000E-8	4.426275E-3
7.535000E-8	4.409145E-3
7.540000E-8	4.362895E-3
7.545000E-8	4.278961E-3
7.550000E-8	4.162480E-3
7.555000E-8	4.027157E-3
7.560000E-8	3.876418E-3
7.565000E-8	3.732530E-3
7.570000E-8	3.616049E-3
7.575000E-8	3.533828E-3
7.580000E-8	3.480726E-3
7.585000E-8	3.461884E-3
7.590000E-8	3.487578E-3
7.595000E-8	3.552670E-3
7.600000E-8	3.645169E-3
7.605000E-8	3.756511E-3
7.610000E-8	3.874705E-3
7.615000E-8	3.987759E-3
7.620000E-8	4.090536E-3
7.625000E-8	4.174471E-3
7.630000E-8	4.227572E-3
7.635000E-8	4.249841E-3
7.640000E-8	4.254980E-3
7.645000E-8	4.258406E-3
7.650000E-8	4.270396E-3
7.655000E-8	4.292665E-3
7.660000E-8	4.311507E-3
7.665000E-8	4.337201E-3
7.670000E-8	4.385164E-3
7.675000E-8	4.438265E-3
7.680000E-8	4.465672E-3
7.685000E-8	4.469098E-3
7.690000E-8	4.465672E-3
7.695000E-8	4.446830E-3
7.700000E-8	4.400580E-3
7.705000E-8	4.333775E-3
7.710000E-8	4.260118E-3
7.715000E-8	4.177897E-3
7.720000E-8	4.083685E-3
7.725000E-8	3.991185E-3
7.730000E-8	3.917528E-3
7.735000E-8	3.862714E-3
7.740000E-8	3.819890E-3
7.745000E-8	3.797622E-3
7.750000E-8	3.811326E-3
7.755000E-8	3.847298E-3
7.760000E-8	3.893547E-3
7.765000E-8	3.965491E-3
7.770000E-8	4.066555E-3
7.775000E-8	4.171045E-3
7.780000E-8	4.256693E-3
7.785000E-8	4.332062E-3
7.790000E-8	4.397154E-3
7.795000E-8	4.431413E-3
7.800000E-8	4.434839E-3
7.805000E-8	4.412571E-3
7.810000E-8	4.366321E-3
7.815000E-8	4.301229E-3
7.820000E-8	4.225859E-3
7.825000E-8	4.152203E-3
7.830000E-8	4.083685E-3
7.835000E-8	4.011741E-3
7.840000E-8	3.931232E-3
7.845000E-8	3.864427E-3
7.850000E-8	3.801048E-3
7.855000E-8	3.720539E-3
7.860000E-8	3.633179E-3
7.865000E-8	3.561235E-3
7.870000E-8	3.497856E-3
7.875000E-8	3.437902E-3
7.880000E-8	3.386514E-3
7.885000E-8	3.357394E-3
7.890000E-8	3.352255E-3
7.895000E-8	3.376236E-3
7.900000E-8	3.420773E-3
7.905000E-8	3.485865E-3
7.910000E-8	3.588642E-3
7.915000E-8	3.708549E-3
7.920000E-8	3.825029E-3
7.925000E-8	3.936371E-3
7.930000E-8	4.027157E-3
7.935000E-8	4.066555E-3
7.940000E-8	4.057990E-3
7.945000E-8	4.027157E-3
7.950000E-8	3.972343E-3
7.955000E-8	3.881557E-3
7.960000E-8	3.785631E-3
7.965000E-8	3.710262E-3
7.970000E-8	3.645169E-3
7.975000E-8	3.588642E-3
7.980000E-8	3.549244E-3
7.985000E-8	3.542392E-3
7.990000E-8	3.573226E-3
7.995000E-8	3.634892E-3
8.000000E-8	3.710262E-3
8.005000E-8	3.783918E-3
8.010000E-8	3.852436E-3
8.015000E-8	3.893547E-3
8.020000E-8	3.898686E-3
8.025000E-8	3.874705E-3
8.030000E-8	3.837020E-3
8.035000E-8	3.790770E-3
8.040000E-8	3.730817E-3
8.045000E-8	3.660586E-3
8.050000E-8	3.604059E-3
8.055000E-8	3.571513E-3
8.060000E-8	3.549244E-3
8.065000E-8	3.533828E-3
8.070000E-8	3.542392E-3
8.075000E-8	3.576651E-3
8.080000E-8	3.624614E-3
8.085000E-8	3.693132E-3
8.090000E-8	3.785631E-3
8.095000E-8	3.876418E-3
8.100000E-8	3.946649E-3
8.105000E-8	4.004889E-3
8.110000E-8	4.064842E-3
8.115000E-8	4.119657E-3
8.120000E-8	4.157341E-3
8.125000E-8	4.176184E-3
8.130000E-8	4.181323E-3
8.135000E-8	4.174471E-3
8.140000E-8	4.157341E-3
8.145000E-8	4.117944E-3
8.150000E-8	4.056277E-3
8.155000E-8	3.991185E-3
8.160000E-8	3.936371E-3
8.165000E-8	3.884982E-3
8.170000E-8	3.837020E-3
8.175000E-8	3.804474E-3
8.180000E-8	3.775354E-3
8.185000E-8	3.747946E-3
8.190000E-8	3.741095E-3
8.195000E-8	3.754798E-3
8.200000E-8	3.773641E-3
8.205000E-8	3.801048E-3
8.210000E-8	3.852436E-3
8.215000E-8	3.920954E-3
8.220000E-8	3.979195E-3
8.225000E-8	4.020305E-3
8.230000E-8	4.054564E-3
8.235000E-8	4.081972E-3
8.240000E-8	4.100814E-3
8.245000E-8	4.095675E-3
8.250000E-8	4.054564E-3
8.255000E-8	3.975769E-3
8.260000E-8	3.852436E-3
8.265000E-8	3.698271E-3
8.270000E-8	3.535541E-3
8.275000E-8	3.374523E-3
8.280000E-8	3.216932E-3
8.285000E-8	3.103877E-3
8.290000E-8	3.061053E-3
8.295000E-8	3.074757E-3
8.300000E-8	3.129571E-3
8.305000E-8	3.239200E-3
8.310000E-8	3.388227E-3
8.315000E-8	3.545818E-3
8.320000E-8	3.705123E-3
8.325000E-8	3.857575E-3
8.330000E-8	3.972343E-3
8.335000E-8	4.030583E-3
8.340000E-8	4.042574E-3
8.345000E-8	4.027157E-3
8.350000E-8	3.998037E-3
8.355000E-8	3.956926E-3
8.360000E-8	3.903825E-3
8.365000E-8	3.857575E-3
8.370000E-8	3.831881E-3
8.375000E-8	3.825029E-3
8.380000E-8	3.830168E-3
8.385000E-8	3.838733E-3
8.390000E-8	3.835307E-3
8.395000E-8	3.804474E-3
8.400000E-8	3.758224E-3
8.405000E-8	3.705123E-3
8.410000E-8	3.629753E-3
8.415000E-8	3.530402E-3
8.420000E-8	3.432764E-3
8.425000E-8	3.350542E-3
8.430000E-8	3.273459E-3
8.435000E-8	3.213506E-3
8.440000E-8	3.189525E-3
8.445000E-8	3.199802E-3
8.450000E-8	3.223784E-3
8.455000E-8	3.268320E-3
8.460000E-8	3.343690E-3
8.465000E-8	3.441328E-3
8.470000E-8	3.544105E-3
8.475000E-8	3.631466E-3
8.480000E-8	3.703410E-3
8.485000E-8	3.766789E-3
8.490000E-8	3.813039E-3
8.495000E-8	3.838733E-3
8.500000E-8	3.849010E-3
8.505000E-8	3.845585E-3
8.510000E-8	3.819890E-3
8.515000E-8	3.782205E-3
8.520000E-8	3.756511E-3
8.525000E-8	3.732530E-3
8.530000E-8	3.694845E-3
8.535000E-8	3.650308E-3
8.540000E-8	3.617762E-3
8.545000E-8	3.590355E-3
8.550000E-8	3.571513E-3
8.555000E-8	3.562948E-3
8.560000E-8	3.556096E-3
8.565000E-8	3.538967E-3
8.570000E-8	3.526976E-3
8.575000E-8	3.521837E-3
8.580000E-8	3.509846E-3
8.585000E-8	3.497856E-3
8.590000E-8	3.504707E-3
8.595000E-8	3.504707E-3
8.600000E-8	3.465310E-3
8.605000E-8	3.389940E-3
8.610000E-8	3.321422E-3
8.615000E-8	3.280311E-3
8.620000E-8	3.244339E-3
8.625000E-8	3.206654E-3
8.630000E-8	3.180960E-3
8.635000E-8	3.175821E-3
8.640000E-8	3.180960E-3
8.645000E-8	3.194664E-3
8.650000E-8	3.230635E-3
8.655000E-8	3.263182E-3
8.660000E-8	3.276885E-3
8.665000E-8	3.276885E-3
8.670000E-8	3.266607E-3
8.675000E-8	3.242626E-3
8.680000E-8	3.220358E-3
8.685000E-8	3.198089E-3
8.690000E-8	3.155266E-3
8.695000E-8	3.103877E-3
8.700000E-8	3.064479E-3
8.705000E-8	3.019943E-3
8.710000E-8	2.966841E-3
8.715000E-8	2.930869E-3
8.720000E-8	2.905175E-3
8.725000E-8	2.882907E-3
8.730000E-8	2.891471E-3
8.735000E-8	2.939434E-3
8.740000E-8	2.999387E-3
8.745000E-8	3.061053E-3
8.750000E-8	3.134710E-3
8.755000E-8	3.203228E-3
8.760000E-8	3.249478E-3
8.765000E-8	3.283737E-3
8.770000E-8	3.306005E-3
8.775000E-8	3.302579E-3
8.780000E-8	3.275172E-3
8.785000E-8	3.242626E-3
8.790000E-8	3.196376E-3
8.795000E-8	3.136423E-3
8.800000E-8	3.078183E-3
8.805000E-8	3.033646E-3
8.810000E-8	2.999387E-3
8.815000E-8	2.973693E-3
8.820000E-8	2.959989E-3
8.825000E-8	2.959989E-3
8.830000E-8	2.968554E-3
8.835000E-8	2.975406E-3
8.840000E-8	2.973693E-3
8.845000E-8	2.970267E-3
8.850000E-8	2.968554E-3
8.855000E-8	2.970267E-3
8.860000E-8	2.963415E-3
8.865000E-8	2.939434E-3
8.870000E-8	2.905175E-3
8.875000E-8	2.884620E-3
8.880000E-8	2.874342E-3
8.885000E-8	2.862351E-3
8.890000E-8	2.855499E-3
8.895000E-8	2.864064E-3
8.900000E-8	2.881194E-3
8.905000E-8	2.898323E-3
8.910000E-8	2.913740E-3
8.915000E-8	2.937721E-3
8.920000E-8	2.966841E-3
8.925000E-8	2.995961E-3
8.930000E-8	3.018230E-3
8.935000E-8	3.035359E-3
8.940000E-8	3.045637E-3
8.945000E-8	3.043924E-3
8.950000E-8	3.026794E-3
8.955000E-8	3.001100E-3
8.960000E-8	2.970267E-3
8.965000E-8	2.930869E-3
8.970000E-8	2.884620E-3
8.975000E-8	2.846935E-3
8.980000E-8	2.807537E-3
8.985000E-8	2.766426E-3
8.990000E-8	2.754435E-3
8.995000E-8	2.771565E-3
9.000000E-8	2.792120E-3
9.005000E-8	2.816102E-3
9.010000E-8	2.867490E-3
9.015000E-8	2.937721E-3
9.020000E-8	3.002813E-3
9.025000E-8	3.061053E-3
9.030000E-8	3.109016E-3
9.035000E-8	3.134710E-3
9.040000E-8	3.148414E-3
9.045000E-8	3.151840E-3
9.050000E-8	3.141562E-3
9.055000E-8	3.132997E-3
9.060000E-8	3.124433E-3
9.065000E-8	3.098738E-3
9.070000E-8	3.066192E-3
9.075000E-8	3.043924E-3
9.080000E-8	3.031933E-3
9.085000E-8	3.026794E-3
9.090000E-8	3.031933E-3
9.095000E-8	3.038785E-3
9.100000E-8	3.028507E-3
9.105000E-8	3.013091E-3
9.110000E-8	3.006239E-3
9.115000E-8	2.995961E-3
9.120000E-8	2.966841E-3
9.125000E-8	2.922304E-3
9.130000E-8	2.872629E-3
9.135000E-8	2.819527E-3
9.140000E-8	2.764713E-3
9.145000E-8	2.715038E-3
9.150000E-8	2.675640E-3
9.155000E-8	2.648232E-3
9.160000E-8	2.637955E-3
9.165000E-8	2.639668E-3
9.170000E-8	2.641381E-3
9.175000E-8	2.644807E-3
9.180000E-8	2.661936E-3
9.185000E-8	2.689343E-3
9.190000E-8	2.706473E-3
9.195000E-8	2.706473E-3
9.200000E-8	2.699621E-3
9.205000E-8	2.670501E-3
9.210000E-8	2.624251E-3
9.215000E-8	2.569437E-3
9.220000E-8	2.514622E-3
9.225000E-8	2.482076E-3
9.230000E-8	2.488928E-3
9.235000E-8	2.507771E-3
9.240000E-8	2.524900E-3
9.245000E-8	2.566011E-3
9.250000E-8	2.627677E-3
9.255000E-8	2.667075E-3
9.260000E-8	2.697908E-3
9.265000E-8	2.754435E-3
9.270000E-8	2.810963E-3
9.275000E-8	2.833231E-3
9.280000E-8	2.841796E-3
9.285000E-8	2.840083E-3
9.290000E-8	2.805824E-3
9.295000E-8	2.759574E-3
9.300000E-8	2.728741E-3
9.305000E-8	2.696195E-3
9.310000E-8	2.663649E-3
9.315000E-8	2.660223E-3
9.320000E-8	2.685917E-3
9.325000E-8	2.713325E-3
9.330000E-8	2.737306E-3
9.335000E-8	2.764713E-3
9.340000E-8	2.781843E-3
9.345000E-8	2.781843E-3
9.350000E-8	2.766426E-3
9.355000E-8	2.745871E-3
9.360000E-8	2.709899E-3
9.365000E-8	2.672214E-3
9.370000E-8	2.644807E-3
9.375000E-8	2.622538E-3
9.380000E-8	2.605409E-3
9.385000E-8	2.598557E-3
9.390000E-8	2.595131E-3
9.395000E-8	2.584853E-3
9.400000E-8	2.574576E-3
9.405000E-8	2.571150E-3
9.410000E-8	2.567724E-3
9.415000E-8	2.550594E-3
9.420000E-8	2.514622E-3
9.425000E-8	2.451243E-3
9.430000E-8	2.375873E-3
9.435000E-8	2.309068E-3
9.440000E-8	2.264532E-3
9.445000E-8	2.240550E-3
9.450000E-8	2.233699E-3
9.455000E-8	2.240550E-3
9.460000E-8	2.267958E-3
9.465000E-8	2.322772E-3
9.470000E-8	2.394716E-3
9.475000E-8	2.466660E-3
9.480000E-8	2.535178E-3
9.485000E-8	2.603696E-3
9.490000E-8	2.655084E-3
9.495000E-8	2.679066E-3
9.500000E-8	2.670501E-3
9.505000E-8	2.646520E-3
9.510000E-8	2.612261E-3
9.515000E-8	2.566011E-3
9.520000E-8	2.512909E-3
9.525000E-8	2.466660E-3
9.530000E-8	2.434114E-3
9.535000E-8	2.410132E-3
9.540000E-8	2.396429E-3
9.545000E-8	2.401568E-3
9.550000E-8	2.418697E-3
9.555000E-8	2.439253E-3
9.560000E-8	2.461521E-3
9.565000E-8	2.478650E-3
9.570000E-8	2.464947E-3
9.575000E-8	2.427262E-3
9.580000E-8	2.382725E-3
9.585000E-8	2.324485E-3
9.590000E-8	2.266245E-3
9.595000E-8	2.235412E-3
9.600000E-8	2.223421E-3
9.605000E-8	2.223421E-3
9.610000E-8	2.237124E-3
9.615000E-8	2.262819E-3
9.620000E-8	2.293652E-3
9.625000E-8	2.334763E-3
9.630000E-8	2.382725E-3
9.635000E-8	2.420410E-3
9.640000E-8	2.446104E-3
9.645000E-8	2.463234E-3
9.650000E-8	2.475225E-3
9.655000E-8	2.476937E-3
9.660000E-8	2.459808E-3
9.665000E-8	2.440966E-3
9.670000E-8	2.432401E-3
9.675000E-8	2.439253E-3
9.680000E-8	2.452956E-3
9.685000E-8	2.483789E-3
9.690000E-8	2.538604E-3
9.695000E-8	2.605409E-3
9.700000E-8	2.672214E-3
9.705000E-8	2.745871E-3
9.710000E-8	2.824666E-3
9.715000E-8	2.901749E-3
9.720000E-8	2.959989E-3
9.725000E-8	3.004526E-3
9.730000E-8	3.049063E-3
9.735000E-8	3.086748E-3
9.740000E-8	3.100451E-3
9.745000E-8	3.081609E-3
9.750000E-8	3.049063E-3
9.755000E-8	3.016517E-3
9.760000E-8	2.971980E-3
9.765000E-8	2.912027E-3
9.770000E-8	2.841796E-3
9.775000E-8	2.759574E-3
9.780000E-8	2.660223E-3
9.785000E-8	2.540317E-3
9.790000E-8	2.399855E-3
9.795000E-8	2.264532E-3
9.800000E-8	2.156616E-3
9.805000E-8	2.069255E-3
9.810000E-8	2.005876E-3
9.815000E-8	1.978469E-3
9.820000E-8	1.980182E-3
9.825000E-8	1.992173E-3
9.830000E-8	2.019580E-3
9.835000E-8	2.070968E-3
9.840000E-8	2.141199E-3
9.845000E-8	2.219995E-3
9.850000E-8	2.317633E-3
9.855000E-8	2.411845E-3
9.860000E-8	2.490641E-3
9.865000E-8	2.564298E-3
9.870000E-8	2.629390E-3
9.875000E-8	2.675640E-3
9.880000E-8	2.703047E-3
9.885000E-8	2.715038E-3
9.890000E-8	2.720176E-3
9.895000E-8	2.721889E-3
9.900000E-8	2.721889E-3
9.905000E-8	2.713325E-3
9.910000E-8	2.691056E-3
9.915000E-8	2.668788E-3
9.920000E-8	2.644807E-3
9.925000E-8	2.617399E-3
9.930000E-8	2.589992E-3
9.935000E-8	2.572863E-3
9.940000E-8	2.566011E-3
9.945000E-8	2.574576E-3
9.950000E-8	2.601983E-3
9.955000E-8	2.643094E-3
9.960000E-8	2.677353E-3
9.965000E-8	2.703047E-3
9.970000E-8	2.725315E-3
9.975000E-8	2.728741E-3
9.980000E-8	2.699621E-3
9.985000E-8	2.649945E-3
9.990000E-8	2.586566E-3
9.995000E-8	2.500919E-3
1.000000E-7	2.403281E-3
1.000500E-7	2.309068E-3
1.001000E-7	2.223421E-3
1.001500E-7	2.154903E-3
1.002000E-7	2.110366E-3
1.002500E-7	2.082959E-3
1.003000E-7	2.077820E-3
1.003500E-7	2.100088E-3
1.004000E-7	2.136060E-3
1.004500E-7	2.172032E-3
1.005000E-7	2.208004E-3
1.005500E-7	2.242263E-3
1.006000E-7	2.269671E-3
1.006500E-7	2.298791E-3
1.007000E-7	2.333050E-3
1.007500E-7	2.365596E-3
1.008000E-7	2.384438E-3
1.008500E-7	2.389577E-3
1.009000E-7	2.393003E-3
1.009500E-7	2.394716E-3
1.010000E-7	2.381012E-3
1.010500E-7	2.350179E-3
1.011000E-7	2.310781E-3
1.011500E-7	2.273096E-3
1.012000E-7	2.238837E-3
1.012500E-7	2.201153E-3
1.013000E-7	2.161755E-3
1.013500E-7	2.130922E-3
1.014000E-7	2.112079E-3
1.014500E-7	2.108653E-3
1.015000E-7	2.108653E-3
1.015500E-7	2.115505E-3
1.016000E-7	2.144625E-3
1.016500E-7	2.206291E-3
1.017000E-7	2.278235E-3
1.017500E-7	2.333050E-3
1.018000E-7	2.363883E-3
1.018500E-7	2.382725E-3
1.019000E-7	2.399855E-3
1.019500E-7	2.399855E-3
1.020000E-7	2.384438E-3
1.020500E-7	2.357031E-3
1.021000E-7	2.322772E-3
1.021500E-7	2.293652E-3
1.022000E-7	2.278235E-3
1.022500E-7	2.266245E-3
1.023000E-7	2.261106E-3
1.023500E-7	2.278235E-3
1.024000E-7	2.310781E-3
1.024500E-7	2.319346E-3
1.025000E-7	2.317633E-3
1.025500E-7	2.327911E-3
1.026000E-7	2.331337E-3
1.026500E-7	2.312494E-3
1.027000E-7	2.285087E-3
1.027500E-7	2.252541E-3
1.028000E-7	2.206291E-3
1.028500E-7	2.160042E-3
1.029000E-7	2.125783E-3
1.029500E-7	2.094950E-3
1.030000E-7	2.072681E-3
1.030500E-7	2.067542E-3
1.031000E-7	2.072681E-3
1.031500E-7	2.082959E-3
1.032000E-7	2.110366E-3
1.032500E-7	2.153190E-3
1.033000E-7	2.189162E-3
1.033500E-7	2.216569E-3
1.034000E-7	2.238837E-3
1.034500E-7	2.250828E-3
1.035000E-7	2.247402E-3
1.035500E-7	2.219995E-3
1.036000E-7	2.170319E-3
1.036500E-7	2.112079E-3
1.037000E-7	2.064117E-3
1.037500E-7	2.028145E-3
1.038000E-7	1.997311E-3
1.038500E-7	1.973330E-3
1.039000E-7	1.969904E-3
1.039500E-7	1.985321E-3
1.040000E-7	1.999024E-3
1.040500E-7	2.021293E-3
1.041000E-7	2.055552E-3
1.041500E-7	2.086385E-3
1.042000E-7	2.112079E-3
1.042500E-7	2.148051E-3
1.043000E-7	2.187449E-3
1.043500E-7	2.213143E-3
1.044000E-7	2.230273E-3
1.044500E-7	2.252541E-3
1.045000E-7	2.266245E-3
1.045500E-7	2.254254E-3
1.046000E-7	2.237124E-3
1.046500E-7	2.219995E-3
1.047000E-7	2.196014E-3
1.047500E-7	2.178884E-3
1.048000E-7	2.184023E-3
1.048500E-7	2.206291E-3
1.049000E-7	2.231986E-3
1.049500E-7	2.276522E-3
1.050000E-7	2.331337E-3
1.050500E-7	2.374160E-3
1.051000E-7	2.399855E-3
1.051500E-7	2.423836E-3
1.052000E-7	2.437540E-3
1.052500E-7	2.425549E-3
1.053000E-7	2.406707E-3
1.053500E-7	2.379299E-3
1.054000E-7	2.327911E-3
1.054500E-7	2.273096E-3
1.055000E-7	2.249115E-3
1.055500E-7	2.242263E-3
1.056000E-7	2.235412E-3
1.056500E-7	2.249115E-3
1.057000E-7	2.279948E-3
1.057500E-7	2.297078E-3
1.058000E-7	2.305642E-3
1.058500E-7	2.324485E-3
1.059000E-7	2.339901E-3
1.059500E-7	2.327911E-3
1.060000E-7	2.285087E-3
1.060500E-7	2.216569E-3
1.061000E-7	2.139486E-3
1.061500E-7	2.077820E-3
1.062000E-7	2.036709E-3
1.062500E-7	2.005876E-3
1.063000E-7	1.993886E-3
1.063500E-7	2.000737E-3
1.064000E-7	2.007589E-3
1.064500E-7	2.017867E-3
1.065000E-7	2.048700E-3
1.065500E-7	2.094950E-3
1.066000E-7	2.136060E-3
1.066500E-7	2.158329E-3
1.067000E-7	2.166894E-3
1.067500E-7	2.158329E-3
1.068000E-7	2.118931E-3
1.068500E-7	2.058978E-3
1.069000E-7	2.007589E-3
1.069500E-7	1.973330E-3
1.070000E-7	1.944210E-3
1.070500E-7	1.937358E-3
1.071000E-7	1.968191E-3
1.071500E-7	2.031570E-3
1.072000E-7	2.105227E-3
1.072500E-7	2.180597E-3
1.073000E-7	2.252541E-3
1.073500E-7	2.300504E-3
1.074000E-7	2.312494E-3
1.074500E-7	2.286800E-3
1.075000E-7	2.245689E-3
1.075500E-7	2.187449E-3
1.076000E-7	2.096663E-3
1.076500E-7	1.973330E-3
1.077000E-7	1.841433E-3
1.077500E-7	1.721526E-3
1.078000E-7	1.632453E-3
1.078500E-7	1.569074E-3
1.079000E-7	1.522824E-3
1.079500E-7	1.510834E-3
1.080000E-7	1.541667E-3
1.080500E-7	1.594768E-3
1.081000E-7	1.642731E-3
1.081500E-7	1.695832E-3
1.082000E-7	1.764350E-3
1.082500E-7	1.827729E-3
1.083000E-7	1.882544E-3
1.083500E-7	1.932219E-3
1.084000E-7	1.968191E-3
1.084500E-7	1.987034E-3
1.085000E-7	2.011015E-3
1.085500E-7	2.045274E-3
1.086000E-7	2.074394E-3
1.086500E-7	2.098376E-3
1.087000E-7	2.115505E-3
1.087500E-7	2.124070E-3
1.088000E-7	2.115505E-3
1.088500E-7	2.100088E-3
1.089000E-7	2.082959E-3
1.089500E-7	2.055552E-3
1.090000E-7	2.019580E-3
1.090500E-7	1.973330E-3
1.091000E-7	1.940784E-3
1.091500E-7	1.921942E-3
1.092000E-7	1.896247E-3
1.092500E-7	1.865414E-3
1.093000E-7	1.863701E-3
1.093500E-7	1.879118E-3
1.094000E-7	1.884257E-3
1.094500E-7	1.897960E-3
1.095000E-7	1.937358E-3
1.095500E-7	1.971617E-3
1.096000E-7	1.988747E-3
1.096500E-7	2.009302E-3
1.097000E-7	2.029858E-3
1.097500E-7	2.040135E-3
1.098000E-7	2.060691E-3
1.098500E-7	2.096663E-3
1.099000E-7	2.130922E-3
1.099500E-7	2.160042E-3
1.100000E-7	2.187449E-3
1.100500E-7	2.194301E-3
1.101000E-7	2.178884E-3
1.101500E-7	2.165181E-3
1.102000E-7	2.142912E-3
1.102500E-7	2.103514E-3
1.103000E-7	2.069255E-3
1.103500E-7	2.048700E-3
1.104000E-7	2.019580E-3
1.104500E-7	1.987034E-3
1.105000E-7	1.963052E-3
1.105500E-7	1.947636E-3
1.106000E-7	1.921942E-3
1.106500E-7	1.894534E-3
1.107000E-7	1.875692E-3
1.107500E-7	1.861988E-3
1.108000E-7	1.851711E-3
1.108500E-7	1.844859E-3
1.109000E-7	1.832868E-3
1.109500E-7	1.805461E-3
1.110000E-7	1.772915E-3
1.110500E-7	1.745508E-3
1.111000E-7	1.724952E-3
1.111500E-7	1.711249E-3
1.112000E-7	1.719814E-3
1.112500E-7	1.760924E-3
1.113000E-7	1.814026E-3
1.113500E-7	1.861988E-3
1.114000E-7	1.897960E-3
1.114500E-7	1.928793E-3
1.115000E-7	1.954488E-3
1.115500E-7	1.968191E-3
1.116000E-7	1.952775E-3
1.116500E-7	1.908238E-3
1.117000E-7	1.853424E-3
1.117500E-7	1.788332E-3
1.118000E-7	1.719814E-3
1.118500E-7	1.658147E-3
1.119000E-7	1.617037E-3
1.119500E-7	1.613611E-3
1.120000E-7	1.658147E-3
1.120500E-7	1.745508E-3
1.121000E-7	1.851711E-3
1.121500E-7	1.959627E-3
1.122000E-7	2.079533E-3
1.122500E-7	2.206291E-3
1.123000E-7	2.303930E-3
1.123500E-7	2.353605E-3
1.124000E-7	2.362170E-3
1.124500E-7	2.336476E-3
1.125000E-7	2.267958E-3
1.125500E-7	2.166894E-3
1.126000E-7	2.043561E-3
1.126500E-7	1.904812E-3
1.127000E-7	1.766063E-3
1.127500E-7	1.663286E-3
1.128000E-7	1.610185E-3
1.128500E-7	1.603333E-3
1.129000E-7	1.635879E-3
1.129500E-7	1.700971E-3
1.130000E-7	1.791757E-3
1.130500E-7	1.897960E-3
1.131000E-7	2.004163E-3
1.131500E-7	2.098376E-3
1.132000E-7	2.172032E-3
1.132500E-7	2.219995E-3
1.133000E-7	2.233699E-3
1.133500E-7	2.211430E-3
1.134000E-7	2.161755E-3
1.134500E-7	2.089811E-3
1.135000E-7	2.007589E-3
1.135500E-7	1.930506E-3
1.136000E-7	1.867127E-3
1.136500E-7	1.819165E-3
1.137000E-7	1.779767E-3
1.137500E-7	1.750647E-3
1.138000E-7	1.747221E-3
1.138500E-7	1.767776E-3
1.139000E-7	1.790044E-3
1.139500E-7	1.802035E-3
1.140000E-7	1.807174E-3
1.140500E-7	1.819165E-3
1.141000E-7	1.846572E-3
1.141500E-7	1.880831E-3
1.142000E-7	1.896247E-3
1.142500E-7	1.892822E-3
1.143000E-7	1.896247E-3
1.143500E-7	1.916803E-3
1.144000E-7	1.937358E-3
1.144500E-7	1.964765E-3
1.145000E-7	2.005876E-3
1.145500E-7	2.041848E-3
1.146000E-7	2.065829E-3
1.146500E-7	2.098376E-3
1.147000E-7	2.124070E-3
1.147500E-7	2.108653E-3
1.148000E-7	2.058978E-3
1.148500E-7	1.988747E-3
1.149000E-7	1.891109E-3
1.149500E-7	1.772915E-3
1.150000E-7	1.658147E-3
1.150500E-7	1.550231E-3
1.151000E-7	1.468010E-3
1.151500E-7	1.438890E-3
1.152000E-7	1.444029E-3
1.152500E-7	1.471436E-3
1.153000E-7	1.539954E-3
1.153500E-7	1.642731E-3
1.154000E-7	1.742082E-3
1.154500E-7	1.843146E-3
1.155000E-7	1.961340E-3
1.155500E-7	2.070968E-3
1.156000E-7	2.142912E-3
1.156500E-7	2.178884E-3
1.157000E-7	2.184023E-3
1.157500E-7	2.160042E-3
1.158000E-7	2.118931E-3
1.158500E-7	2.057265E-3
1.159000E-7	1.969904E-3
1.159500E-7	1.887683E-3
1.160000E-7	1.827729E-3
1.160500E-7	1.771202E-3
1.161000E-7	1.723239E-3
1.161500E-7	1.711249E-3
1.162000E-7	1.730091E-3
1.162500E-7	1.757498E-3
1.163000E-7	1.798609E-3
1.163500E-7	1.855137E-3
1.164000E-7	1.913377E-3
1.164500E-7	1.961340E-3
1.165000E-7	1.995599E-3
1.165500E-7	2.002450E-3
1.166000E-7	1.983608E-3
1.166500E-7	1.954488E-3
1.167000E-7	1.909951E-3
1.167500E-7	1.836294E-3
1.168000E-7	1.748934E-3
1.168500E-7	1.663286E-3
1.169000E-7	1.574213E-3
1.169500E-7	1.488565E-3
1.170000E-7	1.428612E-3
1.170500E-7	1.397779E-3
1.171000E-7	1.380649E-3
1.171500E-7	1.382362E-3
1.172000E-7	1.425186E-3
1.172500E-7	1.500556E-3
1.173000E-7	1.582778E-3
1.173500E-7	1.656434E-3
1.174000E-7	1.714675E-3
1.174500E-7	1.750647E-3
1.175000E-7	1.755785E-3
1.175500E-7	1.745508E-3
1.176000E-7	1.721526E-3
1.176500E-7	1.683842E-3
1.177000E-7	1.627314E-3
1.177500E-7	1.565648E-3
1.178000E-7	1.507408E-3
1.178500E-7	1.449167E-3
1.179000E-7	1.392640E-3
1.179500E-7	1.346390E-3
1.180000E-7	1.308706E-3
1.180500E-7	1.281298E-3
1.181000E-7	1.271021E-3
1.181500E-7	1.271021E-3
1.182000E-7	1.277872E-3
1.182500E-7	1.291576E-3
1.183000E-7	1.324122E-3
1.183500E-7	1.365233E-3
1.184000E-7	1.406344E-3
1.184500E-7	1.452593E-3
1.185000E-7	1.498843E-3
1.185500E-7	1.531389E-3
1.186000E-7	1.541667E-3
1.186500E-7	1.529676E-3
1.187000E-7	1.498843E-3
1.187500E-7	1.450880E-3
1.188000E-7	1.401205E-3
1.188500E-7	1.353242E-3
1.189000E-7	1.312131E-3
1.189500E-7	1.281298E-3
1.190000E-7	1.272734E-3
1.190500E-7	1.289863E-3
1.191000E-7	1.330974E-3
1.191500E-7	1.390927E-3
1.192000E-7	1.450880E-3
1.192500E-7	1.503982E-3
1.193000E-7	1.550231E-3
1.193500E-7	1.591342E-3
1.194000E-7	1.622175E-3
1.194500E-7	1.635879E-3
1.195000E-7	1.634166E-3
1.195500E-7	1.620462E-3
1.196000E-7	1.599907E-3
1.196500E-7	1.589629E-3
1.197000E-7	1.599907E-3
1.197500E-7	1.622175E-3
1.198000E-7	1.647870E-3
1.198500E-7	1.690693E-3
1.199000E-7	1.747221E-3
1.199500E-7	1.800322E-3
1.200000E-7	1.849998E-3
1.200500E-7	1.875692E-3
1.201000E-7	1.872266E-3
1.201500E-7	1.839720E-3
1.202000E-7	1.781480E-3
1.202500E-7	1.704397E-3
1.203000E-7	1.623888E-3
1.203500E-7	1.543380E-3
1.204000E-7	1.464584E-3
1.204500E-7	1.396066E-3
1.205000E-7	1.353242E-3
1.205500E-7	1.330974E-3
1.206000E-7	1.336113E-3
1.206500E-7	1.375511E-3
1.207000E-7	1.425186E-3
1.207500E-7	1.461158E-3
1.208000E-7	1.491991E-3
1.208500E-7	1.529676E-3
1.209000E-7	1.558796E-3
1.209500E-7	1.581065E-3
1.210000E-7	1.593055E-3
1.210500E-7	1.589629E-3
1.211000E-7	1.567361E-3
1.211500E-7	1.539954E-3
1.212000E-7	1.512547E-3
1.212500E-7	1.490278E-3
1.213000E-7	1.474862E-3
1.213500E-7	1.456019E-3
1.214000E-7	1.423473E-3
1.214500E-7	1.380649E-3
1.215000E-7	1.341252E-3
1.215500E-7	1.312131E-3
1.216000E-7	1.291576E-3
1.216500E-7	1.276159E-3
1.217000E-7	1.259030E-3
1.217500E-7	1.241900E-3
1.218000E-7	1.243613E-3
1.218500E-7	1.252178E-3
1.219000E-7	1.252178E-3
1.219500E-7	1.252178E-3
1.220000E-7	1.269308E-3
1.220500E-7	1.288150E-3
1.221000E-7	1.306993E-3
1.221500E-7	1.327548E-3
1.222000E-7	1.351529E-3
1.222500E-7	1.368659E-3
1.223000E-7	1.378936E-3
1.223500E-7	1.382362E-3
1.224000E-7	1.387501E-3
1.224500E-7	1.399492E-3
1.225000E-7	1.420047E-3
1.225500E-7	1.435464E-3
1.226000E-7	1.440603E-3
1.226500E-7	1.445742E-3
1.227000E-7	1.440603E-3
1.227500E-7	1.425186E-3
1.228000E-7	1.401205E-3
1.228500E-7	1.370372E-3
1.229000E-7	1.339539E-3
1.229500E-7	1.308706E-3
1.230000E-7	1.265882E-3
1.230500E-7	1.209354E-3
1.231000E-7	1.163105E-3
1.231500E-7	1.125420E-3
1.232000E-7	1.091161E-3
1.232500E-7	1.074031E-3
1.233000E-7	1.080883E-3
1.233500E-7	1.101439E-3
1.234000E-7	1.142549E-3
1.234500E-7	1.212780E-3
1.235000E-7	1.295002E-3
1.235500E-7	1.372085E-3
1.236000E-7	1.452593E-3
1.236500E-7	1.529676E-3
1.237000E-7	1.598194E-3
1.237500E-7	1.653008E-3
1.238000E-7	1.688980E-3
1.238500E-7	1.700971E-3
1.239000E-7	1.688980E-3
1.239500E-7	1.656434E-3
1.240000E-7	1.608472E-3
1.240500E-7	1.553657E-3
1.241000E-7	1.498843E-3
1.241500E-7	1.444029E-3
1.242000E-7	1.404631E-3
1.242500E-7	1.385788E-3
1.243000E-7	1.378936E-3
1.243500E-7	1.378936E-3
1.244000E-7	1.390927E-3
1.244500E-7	1.406344E-3
1.245000E-7	1.423473E-3
1.245500E-7	1.437177E-3
1.246000E-7	1.444029E-3
1.246500E-7	1.442316E-3
1.247000E-7	1.433751E-3
1.247500E-7	1.416621E-3
1.248000E-7	1.399492E-3
1.248500E-7	1.382362E-3
1.249000E-7	1.363520E-3
1.249500E-7	1.349816E-3
1.250000E-7	1.354955E-3
1.250500E-7	1.377224E-3
1.251000E-7	1.402918E-3
1.251500E-7	1.421760E-3
1.252000E-7	1.442316E-3
1.252500E-7	1.466297E-3
1.253000E-7	1.488565E-3
1.253500E-7	1.498843E-3
1.254000E-7	1.485139E-3
1.254500E-7	1.454306E-3
1.255000E-7	1.408057E-3
1.255500E-7	1.346390E-3
1.256000E-7	1.279585E-3
1.256500E-7	1.211067E-3
1.257000E-7	1.151114E-3
1.257500E-7	1.108290E-3
1.258000E-7	1.089448E-3
1.258500E-7	1.092874E-3
1.259000E-7	1.115142E-3
1.259500E-7	1.145975E-3
1.260000E-7	1.178521E-3
1.260500E-7	1.228197E-3
1.261000E-7	1.303567E-3
1.261500E-7	1.380649E-3
1.262000E-7	1.440603E-3
1.262500E-7	1.490278E-3
1.263000E-7	1.546806E-3
1.263500E-7	1.594768E-3
1.264000E-7	1.634166E-3
1.264500E-7	1.663286E-3
1.265000E-7	1.687267E-3
1.265500E-7	1.700971E-3
1.266000E-7	1.702684E-3
1.266500E-7	1.700971E-3
1.267000E-7	1.700971E-3
1.267500E-7	1.678703E-3
1.268000E-7	1.627314E-3
1.268500E-7	1.569074E-3
1.269000E-7	1.510834E-3
1.269500E-7	1.444029E-3
1.270000E-7	1.377224E-3
1.270500E-7	1.332687E-3
1.271000E-7	1.295002E-3
1.271500E-7	1.260743E-3
1.272000E-7	1.255604E-3
1.272500E-7	1.284724E-3
1.273000E-7	1.324122E-3
1.273500E-7	1.372085E-3
1.274000E-7	1.430325E-3
1.274500E-7	1.473149E-3
1.275000E-7	1.493704E-3
1.275500E-7	1.503982E-3
1.276000E-7	1.493704E-3
1.276500E-7	1.449167E-3
1.277000E-7	1.392640E-3
1.277500E-7	1.334400E-3
1.278000E-7	1.271021E-3
1.278500E-7	1.204216E-3
1.279000E-7	1.149401E-3
1.279500E-7	1.110003E-3
1.280000E-7	1.087735E-3
1.280500E-7	1.089448E-3
1.281000E-7	1.111716E-3
1.281500E-7	1.140836E-3
1.282000E-7	1.168244E-3
1.282500E-7	1.200790E-3
1.283000E-7	1.205929E-3
1.283500E-7	1.161392E-3
1.284000E-7	1.098013E-3
1.284500E-7	1.031208E-3
1.285000E-7	9.541249E-4
1.285500E-7	8.616256E-4
1.286000E-7	7.931076E-4
1.286500E-7	7.502838E-4
1.287000E-7	7.211637E-4
1.287500E-7	7.143119E-4
1.288000E-7	7.485709E-4
1.288500E-7	8.102371E-4
1.289000E-7	8.890328E-4
1.289500E-7	9.900968E-4
1.290000E-7	1.103152E-3
1.290500E-7	1.207641E-3
1.291000E-7	1.308706E-3
1.291500E-7	1.401205E-3
1.292000E-7	1.462871E-3
1.292500E-7	1.497130E-3
1.293000E-7	1.510834E-3
1.293500E-7	1.503982E-3
1.294000E-7	1.483426E-3
1.294500E-7	1.456019E-3
1.295000E-7	1.418334E-3
1.295500E-7	1.375511E-3
1.296000E-7	1.325835E-3
1.296500E-7	1.264169E-3
1.297000E-7	1.197364E-3
1.297500E-7	1.133985E-3
1.298000E-7	1.075744E-3
1.298500E-7	1.022643E-3
1.299000E-7	9.900968E-4
1.299500E-7	9.815321E-4
1.300000E-7	9.952357E-4
1.300500E-7	1.020930E-3
1.301000E-7	1.050050E-3
1.301500E-7	1.080883E-3
1.302000E-7	1.111716E-3
1.302500E-7	1.133985E-3
1.303000E-7	1.152827E-3
1.303500E-7	1.171670E-3
1.304000E-7	1.183660E-3
1.304500E-7	1.178521E-3
1.305000E-7	1.151114E-3
1.305500E-7	1.116855E-3
1.306000E-7	1.079170E-3
1.306500E-7	1.041485E-3
1.307000E-7	1.003800E-3
1.307500E-7	9.781062E-4
1.308000E-7	9.712544E-4
1.308500E-7	9.798191E-4
1.309000E-7	9.969486E-4
1.309500E-7	1.017504E-3
1.310000E-7	1.041485E-3
1.310500E-7	1.067180E-3
1.311000E-7	1.089448E-3
1.311500E-7	1.110003E-3
1.312000E-7	1.125420E-3
1.312500E-7	1.145975E-3
1.313000E-7	1.166531E-3
1.313500E-7	1.175095E-3
1.314000E-7	1.180234E-3
1.314500E-7	1.190512E-3
1.315000E-7	1.197364E-3
1.315500E-7	1.199077E-3
1.316000E-7	1.209354E-3
1.316500E-7	1.228197E-3
1.317000E-7	1.241900E-3
1.317500E-7	1.241900E-3
1.318000E-7	1.235049E-3
1.318500E-7	1.216206E-3
1.319000E-7	1.188799E-3
1.319500E-7	1.157966E-3
1.320000E-7	1.121994E-3
1.320500E-7	1.098013E-3
1.321000E-7	1.086022E-3
1.321500E-7	1.070605E-3
1.322000E-7	1.055189E-3
1.322500E-7	1.058615E-3
1.323000E-7	1.070605E-3
1.323500E-7	1.075744E-3
1.324000E-7	1.080883E-3
1.324500E-7	1.099726E-3
1.325000E-7	1.118568E-3
1.325500E-7	1.123707E-3
1.326000E-7	1.125420E-3
1.326500E-7	1.128846E-3
1.327000E-7	1.127133E-3
1.327500E-7	1.116855E-3
1.328000E-7	1.116855E-3
1.328500E-7	1.118568E-3
1.329000E-7	1.111716E-3
1.329500E-7	1.086022E-3
1.330000E-7	1.046624E-3
1.330500E-7	1.000375E-3
1.331000E-7	9.455601E-4
1.331500E-7	8.941716E-4
1.332000E-7	8.462090E-4
1.332500E-7	7.982464E-4
1.333000E-7	7.468579E-4
1.333500E-7	7.125989E-4
1.334000E-7	7.023212E-4
1.334500E-7	7.006083E-4
1.335000E-7	7.057471E-4
1.335500E-7	7.348673E-4
1.336000E-7	7.999594E-4
1.336500E-7	8.719033E-4
1.337000E-7	9.284306E-4
1.337500E-7	9.763932E-4
1.338000E-7	1.026069E-3
1.338500E-7	1.067180E-3
1.339000E-7	1.077457E-3
1.339500E-7	1.056902E-3
1.340000E-7	1.019217E-3
1.340500E-7	9.763932E-4
1.341000E-7	9.438472E-4
1.341500E-7	9.250047E-4
1.342000E-7	9.164400E-4
1.342500E-7	9.130141E-4
1.343000E-7	9.284306E-4
1.343500E-7	9.609767E-4
1.344000E-7	9.935227E-4
1.344500E-7	1.012365E-3
1.345000E-7	1.029495E-3
1.345500E-7	1.036346E-3
1.346000E-7	1.012365E-3
1.346500E-7	9.558378E-4
1.347000E-7	8.993105E-4
1.347500E-7	8.547738E-4
1.348000E-7	8.033853E-4
1.348500E-7	7.519968E-4
1.349000E-7	7.382932E-4
1.349500E-7	7.759781E-4
1.350000E-7	8.530608E-4
1.350500E-7	9.558378E-4
1.351000E-7	1.080883E-3
1.351500E-7	1.217919E-3
1.352000E-7	1.351529E-3
1.352500E-7	1.471436E-3
1.353000E-7	1.558796E-3
1.353500E-7	1.605046E-3
1.354000E-7	1.613611E-3
1.354500E-7	1.584490E-3
1.355000E-7	1.517685E-3
1.355500E-7	1.426899E-3
1.356000E-7	1.317270E-3
1.356500E-7	1.197364E-3
1.357000E-7	1.086022E-3
1.357500E-7	1.000375E-3
1.358000E-7	9.318565E-4
1.358500E-7	8.633385E-4
1.359000E-7	8.033853E-4
1.359500E-7	7.742651E-4
1.360000E-7	7.691263E-4
1.360500E-7	7.759781E-4
1.361000E-7	7.931076E-4
1.361500E-7	8.273666E-4
1.362000E-7	8.701903E-4
1.362500E-7	9.113011E-4
1.363000E-7	9.541249E-4
1.363500E-7	9.986616E-4
1.364000E-7	1.034634E-3
1.364500E-7	1.051763E-3
1.365000E-7	1.056902E-3
1.365500E-7	1.055189E-3
1.366000E-7	1.036346E-3
1.366500E-7	9.952357E-4
1.367000E-7	9.369954E-4
1.367500E-7	8.804680E-4
1.368000E-7	8.342184E-4
1.368500E-7	7.948205E-4
1.369000E-7	7.674133E-4
1.369500E-7	7.708392E-4
1.370000E-7	8.102371E-4
1.370500E-7	8.701903E-4
1.371000E-7	9.369954E-4
1.371500E-7	1.005513E-3
1.372000E-7	1.072318E-3
1.372500E-7	1.118568E-3
1.373000E-7	1.132272E-3
1.373500E-7	1.113429E-3
1.374000E-7	1.079170E-3
1.374500E-7	1.036346E-3
1.375000E-7	9.832450E-4
1.375500E-7	9.335695E-4
1.376000E-7	9.095882E-4
1.376500E-7	9.147270E-4
1.377000E-7	9.421342E-4
1.377500E-7	9.952357E-4
1.378000E-7	1.074031E-3
1.378500E-7	1.164818E-3
1.379000E-7	1.255604E-3
1.379500E-7	1.332687E-3
1.380000E-7	1.377224E-3
1.380500E-7	1.384075E-3
1.381000E-7	1.354955E-3
1.381500E-7	1.296715E-3
1.382000E-7	1.209354E-3
1.382500E-7	1.106577E-3
1.383000E-7	1.010652E-3
1.383500E-7	9.301436E-4
1.384000E-7	8.667644E-4
1.384500E-7	8.256536E-4
1.385000E-7	8.307925E-4
1.385500E-7	8.736162E-4
1.386000E-7	9.284306E-4
1.386500E-7	9.935227E-4
1.387000E-7	1.065467E-3
1.387500E-7	1.123707E-3
1.388000E-7	1.156253E-3
1.388500E-7	1.169957E-3
1.389000E-7	1.169957E-3
1.389500E-7	1.157966E-3
1.390000E-7	1.133985E-3
1.390500E-7	1.096300E-3
1.391000E-7	1.050050E-3
1.391500E-7	1.008939E-3
1.392000E-7	9.918098E-4
1.392500E-7	9.952357E-4
1.393000E-7	1.019217E-3
1.393500E-7	1.050050E-3
1.394000E-7	1.080883E-3
1.394500E-7	1.115142E-3
1.395000E-7	1.152827E-3
1.395500E-7	1.164818E-3
1.396000E-7	1.149401E-3
1.396500E-7	1.128846E-3
1.397000E-7	1.108290E-3
1.397500E-7	1.070605E-3
1.398000E-7	1.024356E-3
1.398500E-7	9.815321E-4
1.399000E-7	9.335695E-4
1.399500E-7	8.736162E-4
1.400000E-7	8.068112E-4
1.400500E-7	7.400061E-4
1.401000E-7	6.903306E-4
1.401500E-7	6.577845E-4
1.402000E-7	6.389421E-4
1.402500E-7	6.235255E-4
1.403000E-7	6.166737E-4
1.403500E-7	6.183867E-4
1.404000E-7	6.286644E-4
1.404500E-7	6.560716E-4
1.405000E-7	7.023212E-4
1.405500E-7	7.554227E-4
1.406000E-7	7.965335E-4
1.406500E-7	8.359313E-4
1.407000E-7	8.838939E-4
1.407500E-7	9.215788E-4
1.408000E-7	9.335695E-4
1.408500E-7	9.369954E-4
1.409000E-7	9.369954E-4
1.409500E-7	9.232918E-4
1.410000E-7	9.027364E-4
1.410500E-7	8.907457E-4
1.411000E-7	8.770421E-4
1.411500E-7	8.496349E-4
1.412000E-7	8.342184E-4
1.412500E-7	8.359313E-4
1.413000E-7	8.359313E-4
1.413500E-7	8.273666E-4
1.414000E-7	8.153759E-4
1.414500E-7	8.033853E-4
1.415000E-7	7.931076E-4
1.415500E-7	7.862558E-4
1.416000E-7	7.811169E-4
1.416500E-7	7.845428E-4
1.417000E-7	8.033853E-4
1.417500E-7	8.325054E-4
1.418000E-7	8.564867E-4
1.418500E-7	8.821810E-4
1.419000E-7	9.095882E-4
1.419500E-7	9.404213E-4
1.420000E-7	9.712544E-4
1.420500E-7	1.000375E-3
1.421000E-7	1.024356E-3
1.421500E-7	1.038059E-3
1.422000E-7	1.036346E-3
1.422500E-7	1.036346E-3
1.423000E-7	1.039772E-3
1.423500E-7	1.038059E-3
1.424000E-7	1.039772E-3
1.424500E-7	1.068893E-3
1.425000E-7	1.111716E-3
1.425500E-7	1.151114E-3
1.426000E-7	1.193938E-3
1.426500E-7	1.247039E-3
1.427000E-7	1.284724E-3
1.427500E-7	1.298428E-3
1.428000E-7	1.298428E-3
1.428500E-7	1.295002E-3
1.429000E-7	1.274447E-3
1.429500E-7	1.231623E-3
1.430000E-7	1.176808E-3
1.430500E-7	1.123707E-3
1.431000E-7	1.056902E-3
1.431500E-7	9.695414E-4
1.432000E-7	8.856069E-4
1.432500E-7	8.205148E-4
1.433000E-7	7.725522E-4
1.433500E-7	7.382932E-4
1.434000E-7	7.263025E-4
1.434500E-7	7.331543E-4
1.435000E-7	7.639874E-4
1.435500E-7	7.999594E-4
1.436000E-7	8.188018E-4
1.436500E-7	8.359313E-4
1.437000E-7	8.650515E-4
1.437500E-7	8.941716E-4
1.438000E-7	9.061623E-4
1.438500E-7	9.061623E-4
1.439000E-7	8.924587E-4
1.439500E-7	8.616256E-4
1.440000E-7	8.239407E-4
1.440500E-7	7.879687E-4
1.441000E-7	7.417191E-4
1.441500E-7	6.903306E-4
1.442000E-7	6.423680E-4
1.442500E-7	5.995442E-4
1.443000E-7	5.721370E-4
1.443500E-7	5.807018E-4
1.444000E-7	6.218126E-4
1.444500E-7	6.800529E-4
1.445000E-7	7.502838E-4
1.445500E-7	8.376443E-4
1.446000E-7	9.232918E-4
1.446500E-7	9.849580E-4
1.447000E-7	1.031208E-3
1.447500E-7	1.070605E-3
1.448000E-7	1.086022E-3
1.448500E-7	1.065467E-3
1.449000E-7	1.026069E-3
1.449500E-7	9.849580E-4
1.450000E-7	9.352824E-4
1.450500E-7	8.701903E-4
1.451000E-7	8.068112E-4
1.451500E-7	7.434320E-4
1.452000E-7	6.834788E-4
1.452500E-7	6.423680E-4
1.453000E-7	6.149608E-4
1.453500E-7	5.652852E-4
1.454000E-7	5.258874E-4
1.454500E-7	5.258874E-4
1.455000E-7	5.310262E-4
1.455500E-7	5.070449E-4
1.456000E-7	4.796377E-4
1.456500E-7	4.590823E-4
1.457000E-7	4.333881E-4
1.457500E-7	4.213974E-4
1.458000E-7	4.368140E-4
1.458500E-7	4.590823E-4
1.459000E-7	4.847766E-4
1.459500E-7	5.344521E-4
1.460000E-7	5.978313E-4
1.460500E-7	6.697752E-4
1.461000E-7	7.468579E-4
1.461500E-7	8.222277E-4
1.462000E-7	8.907457E-4
1.462500E-7	9.644026E-4
1.463000E-7	1.032921E-3
1.463500E-7	1.070605E-3
1.464000E-7	1.089448E-3
1.464500E-7	1.108290E-3
1.465000E-7	1.111716E-3
1.465500E-7	1.087735E-3
1.466000E-7	1.055189E-3
1.466500E-7	1.026069E-3
1.467000E-7	9.900968E-4
1.467500E-7	9.404213E-4
1.468000E-7	8.958846E-4
1.468500E-7	8.616256E-4
1.469000E-7	8.342184E-4
1.469500E-7	8.085241E-4
1.470000E-7	7.862558E-4
1.470500E-7	7.537097E-4
1.471000E-7	7.108860E-4
1.471500E-7	6.749140E-4
1.472000E-7	6.475068E-4
1.472500E-7	6.252385E-4
1.473000E-7	6.183867E-4
1.473500E-7	6.252385E-4
1.474000E-7	6.269514E-4
1.474500E-7	6.252385E-4
1.475000E-7	6.423680E-4
1.475500E-7	6.663493E-4
1.476000E-7	6.783399E-4
1.476500E-7	6.920435E-4
1.477000E-7	7.074601E-4
1.477500E-7	7.160248E-4
1.478000E-7	7.211637E-4
1.478500E-7	7.417191E-4
1.479000E-7	7.605615E-4
1.479500E-7	7.571356E-4
1.480000E-7	7.485709E-4
1.480500E-7	7.554227E-4
1.481000E-7	7.708392E-4
1.481500E-7	7.759781E-4
1.482000E-7	7.725522E-4
1.482500E-7	7.725522E-4
1.483000E-7	7.759781E-4
1.483500E-7	7.794040E-4
1.484000E-7	7.828299E-4
1.484500E-7	7.879687E-4
1.485000E-7	7.913946E-4
1.485500E-7	7.708392E-4
1.486000E-7	7.348673E-4
1.486500E-7	7.057471E-4
1.487000E-7	6.817658E-4
1.487500E-7	6.406550E-4
1.488000E-7	5.926924E-4
1.488500E-7	5.635723E-4
1.489000E-7	5.447298E-4
1.489500E-7	5.258874E-4
1.490000E-7	5.156097E-4
1.490500E-7	5.258874E-4
1.491000E-7	5.447298E-4
1.491500E-7	5.669982E-4
1.492000E-7	5.807018E-4
1.492500E-7	5.875536E-4
1.493000E-7	6.029701E-4
1.493500E-7	6.389421E-4
1.494000E-7	6.714881E-4
1.494500E-7	6.903306E-4
1.495000E-7	7.074601E-4
1.495500E-7	7.263025E-4
1.496000E-7	7.434320E-4
1.496500E-7	7.588486E-4
1.497000E-7	7.845428E-4
1.497500E-7	8.290795E-4
1.498000E-7	8.838939E-4
1.498500E-7	9.438472E-4
1.499000E-7	1.007226E-3
1.499500E-7	1.067180E-3
1.500000E-7	1.106577E-3
1.500500E-7	1.121994E-3
1.501000E-7	1.128846E-3
1.501500E-7	1.123707E-3
1.502000E-7	1.101439E-3
1.502500E-7	1.082596E-3
1.503000E-7	1.072318E-3
1.503500E-7	1.055189E-3
1.504000E-7	1.038059E-3
1.504500E-7	1.044911E-3
1.505000E-7	1.062041E-3
1.505500E-7	1.063754E-3
1.506000E-7	1.065467E-3
1.506500E-7	1.082596E-3
1.507000E-7	1.089448E-3
1.507500E-7	1.086022E-3
1.508000E-7	1.094587E-3
1.508500E-7	1.101439E-3
1.509000E-7	1.094587E-3
1.509500E-7	1.087735E-3
1.510000E-7	1.087735E-3
1.510500E-7	1.077457E-3
1.511000E-7	1.048337E-3
1.511500E-7	1.005513E-3
1.512000E-7	9.541249E-4
1.512500E-7	8.993105E-4
1.513000E-7	8.427831E-4
1.513500E-7	7.828299E-4
1.514000E-7	7.228766E-4
1.514500E-7	6.646363E-4
1.515000E-7	6.029701E-4
1.515500E-7	5.413039E-4
1.516000E-7	4.933413E-4
1.516500E-7	4.676471E-4
1.517000E-7	4.710730E-4
1.517500E-7	4.899154E-4
1.518000E-7	5.001931E-4
1.518500E-7	5.019061E-4
1.519000E-7	5.173226E-4
1.519500E-7	5.430169E-4
1.520000E-7	5.618593E-4
1.520500E-7	5.738500E-4
1.521000E-7	5.824147E-4
1.521500E-7	5.875536E-4
1.522000E-7	5.789888E-4
1.522500E-7	5.635723E-4
1.523000E-7	5.464428E-4
1.523500E-7	5.378780E-4
1.524000E-7	5.464428E-4
1.524500E-7	5.635723E-4
1.525000E-7	5.944054E-4
1.525500E-7	6.475068E-4
1.526000E-7	7.194507E-4
1.526500E-7	7.948205E-4
1.527000E-7	8.650515E-4
1.527500E-7	9.318565E-4
1.528000E-7	9.849580E-4
1.528500E-7	1.015791E-3
1.529000E-7	1.017504E-3
1.529500E-7	9.849580E-4
1.530000E-7	9.318565E-4
1.530500E-7	8.736162E-4
1.531000E-7	8.170889E-4
1.531500E-7	7.537097E-4
1.532000E-7	6.766270E-4
1.532500E-7	5.961183E-4
1.533000E-7	5.293133E-4
1.533500E-7	4.830636E-4
1.534000E-7	4.522305E-4
1.534500E-7	4.419528E-4
1.535000E-7	4.419528E-4
1.535500E-7	4.402399E-4
1.536000E-7	4.265363E-4
1.536500E-7	4.162586E-4
1.537000E-7	4.196845E-4
1.537500E-7	4.179715E-4
1.538000E-7	4.042679E-4
1.538500E-7	3.837125E-4
1.539000E-7	3.700089E-4
1.539500E-7	3.631571E-4
1.540000E-7	3.734348E-4
1.540500E-7	4.076938E-4
1.541000E-7	4.607953E-4
1.541500E-7	5.224615E-4
1.542000E-7	5.824147E-4
1.542500E-7	6.303773E-4
1.543000E-7	6.680622E-4
1.543500E-7	7.023212E-4
1.544000E-7	7.177378E-4
1.544500E-7	7.143119E-4
1.545000E-7	6.937565E-4
1.545500E-7	6.543586E-4
1.546000E-7	6.012572E-4
1.546500E-7	5.430169E-4
1.547000E-7	4.864895E-4
1.547500E-7	4.385269E-4
1.548000E-7	4.094068E-4
1.548500E-7	3.974161E-4
1.549000E-7	3.854255E-4
1.549500E-7	3.682960E-4
1.550000E-7	3.717219E-4
1.550500E-7	3.922773E-4
1.551000E-7	4.179715E-4
1.551500E-7	4.488046E-4
1.552000E-7	4.779248E-4
1.552500E-7	5.070449E-4
1.553000E-7	5.430169E-4
1.553500E-7	5.824147E-4
1.554000E-7	5.995442E-4
1.554500E-7	6.046831E-4
1.555000E-7	6.063960E-4
1.555500E-7	6.029701E-4
1.556000E-7	5.875536E-4
1.556500E-7	5.618593E-4
1.557000E-7	5.276003E-4
1.557500E-7	4.813507E-4
1.558000E-7	4.111197E-4
1.558500E-7	3.220463E-4
1.559000E-7	2.346859E-4
1.559500E-7	1.576031E-4
1.560000E-7	9.936280E-5
1.560500E-7	6.510379E-5
1.561000E-7	5.311314E-5
1.561500E-7	6.681674E-5
1.562000E-7	9.936280E-5
1.562500E-7	1.576031E-4
1.563000E-7	2.415377E-4
1.563500E-7	3.391758E-4
1.564000E-7	4.385269E-4
1.564500E-7	5.361651E-4
1.565000E-7	6.303773E-4
1.565500E-7	7.125989E-4
1.566000E-7	7.759781E-4
1.566500E-7	8.222277E-4
1.567000E-7	8.496349E-4
1.567500E-7	8.616256E-4
1.568000E-7	8.564867E-4
1.568500E-7	8.444961E-4
1.569000E-7	8.393572E-4
1.569500E-7	8.290795E-4
1.570000E-7	8.205148E-4
1.570500E-7	8.273666E-4
1.571000E-7	8.564867E-4
1.571500E-7	8.907457E-4
1.572000E-7	9.267177E-4
1.572500E-7	9.712544E-4
1.573000E-7	1.015791E-3
1.573500E-7	1.048337E-3
1.574000E-7	1.065467E-3
1.574500E-7	1.063754E-3
1.575000E-7	1.034634E-3
1.575500E-7	9.781062E-4
1.576000E-7	9.095882E-4
1.576500E-7	8.325054E-4
1.577000E-7	7.434320E-4
1.577500E-7	6.423680E-4
1.578000E-7	5.310262E-4
1.578500E-7	4.231104E-4
1.579000E-7	3.340370E-4
1.579500E-7	2.655190E-4
1.580000E-7	2.244081E-4
1.580500E-7	2.072786E-4
1.581000E-7	2.209822E-4
1.581500E-7	2.586672E-4
1.582000E-7	3.186204E-4
1.582500E-7	3.837125E-4
1.583000E-7	4.402399E-4
1.583500E-7	4.882025E-4
1.584000E-7	5.344521E-4
1.584500E-7	5.704241E-4
1.585000E-7	5.841277E-4
1.585500E-7	5.704241E-4
1.586000E-7	5.498687E-4
1.586500E-7	5.413039E-4
1.587000E-7	5.447298E-4
1.587500E-7	5.378780E-4
1.588000E-7	5.241744E-4
1.588500E-7	5.241744E-4
1.589000E-7	5.258874E-4
1.589500E-7	5.104708E-4
1.590000E-7	4.847766E-4
1.590500E-7	4.573694E-4
1.591000E-7	4.128327E-4
1.591500E-7	3.357499E-4
1.592000E-7	2.449636E-4
1.592500E-7	1.576031E-4
1.593000E-7	7.024265E-5
1.593500E-7	-1.701257E-6
1.594000E-7	-4.623796E-5
1.594500E-7	-6.508041E-5
1.595000E-7	-7.021926E-5
1.595500E-7	-5.137681E-5
1.596000E-7	-6.840107E-6
1.596500E-7	5.653904E-5
1.597000E-7	1.353347E-4
1.597500E-7	2.346859E-4
1.598000E-7	3.391758E-4
1.598500E-7	4.453787E-4
1.599000E-7	5.447298E-4
1.599500E-7	6.235255E-4
1.600000E-7	6.800529E-4
1.600500E-7	7.194507E-4
1.601000E-7	7.485709E-4
1.601500E-7	7.502838E-4
1.602000E-7	7.263025E-4
1.602500E-7	6.903306E-4
1.603000E-7	6.389421E-4
1.603500E-7	5.687111E-4
1.604000E-7	4.984802E-4
1.604500E-7	4.385269E-4
1.605000E-7	3.905643E-4
1.605500E-7	3.597312E-4
1.606000E-7	3.443147E-4
1.606500E-7	3.528794E-4
1.607000E-7	3.871384E-4
1.607500E-7	4.453787E-4
1.608000E-7	5.087579E-4
1.608500E-7	5.755629E-4
1.609000E-7	6.423680E-4
1.609500E-7	6.937565E-4
1.610000E-7	7.177378E-4
1.610500E-7	7.348673E-4
1.611000E-7	7.502838E-4
1.611500E-7	7.537097E-4
1.612000E-7	7.331543E-4
1.612500E-7	7.057471E-4
1.613000E-7	6.680622E-4
1.613500E-7	6.218126E-4
1.614000E-7	5.704241E-4
1.614500E-7	5.224615E-4
1.615000E-7	4.813507E-4
1.615500E-7	4.402399E-4
1.616000E-7	4.213974E-4
1.616500E-7	4.213974E-4
1.617000E-7	4.231104E-4
1.617500E-7	4.265363E-4
1.618000E-7	4.402399E-4
1.618500E-7	4.556564E-4
1.619000E-7	4.642212E-4
1.619500E-7	4.830636E-4
1.620000E-7	5.138967E-4
1.620500E-7	5.413039E-4
1.621000E-7	5.601464E-4
1.621500E-7	5.755629E-4
1.622000E-7	5.892665E-4
1.622500E-7	6.046831E-4
1.623000E-7	6.252385E-4
1.623500E-7	6.406550E-4
1.624000E-7	6.492198E-4
1.624500E-7	6.680622E-4
1.625000E-7	6.920435E-4
1.625500E-7	6.937565E-4
1.626000E-7	6.766270E-4
1.626500E-7	6.629234E-4
1.627000E-7	6.475068E-4
1.627500E-7	6.098219E-4
1.628000E-7	5.378780E-4
1.628500E-7	4.539435E-4
1.629000E-7	3.700089E-4
1.629500E-7	2.792226E-4
1.630000E-7	1.815844E-4
1.630500E-7	8.908510E-5
1.631000E-7	1.028939E-5
1.631500E-7	-4.452501E-5
1.632000E-7	-6.336746E-5
1.632500E-7	-5.137681E-5
1.633000E-7	-2.225666E-5
1.633500E-7	2.228004E-5
1.634000E-7	8.908510E-5
1.634500E-7	1.610290E-4
1.635000E-7	2.312599E-4
1.635500E-7	2.997780E-4
1.636000E-7	3.545924E-4
1.636500E-7	3.785737E-4
1.637000E-7	3.837125E-4
1.637500E-7	3.871384E-4
1.638000E-7	3.854255E-4
1.638500E-7	3.734348E-4
1.639000E-7	3.545924E-4
1.639500E-7	3.220463E-4
1.640000E-7	2.895003E-4
1.640500E-7	2.843614E-4
1.641000E-7	2.929262E-4
1.641500E-7	2.877873E-4
1.642000E-7	2.638060E-4
1.642500E-7	2.398247E-4
1.643000E-7	2.038527E-4
1.643500E-7	1.610290E-4
1.644000E-7	1.370477E-4
1.644500E-7	1.456124E-4
1.645000E-7	1.576031E-4
1.645500E-7	1.713067E-4
1.646000E-7	2.107045E-4
1.646500E-7	2.672319E-4
1.647000E-7	3.237593E-4
1.647500E-7	3.751478E-4
1.648000E-7	4.351010E-4
1.648500E-7	4.984802E-4
1.649000E-7	5.532946E-4
1.649500E-7	5.944054E-4
1.650000E-7	6.063960E-4
1.650500E-7	5.995442E-4
1.651000E-7	5.875536E-4
1.651500E-7	5.824147E-4
1.652000E-7	5.772759E-4
1.652500E-7	5.789888E-4
1.653000E-7	5.909795E-4
1.653500E-7	5.978313E-4
1.654000E-7	5.926924E-4
1.654500E-7	5.789888E-4
1.655000E-7	5.515816E-4
1.655500E-7	5.104708E-4
1.656000E-7	4.539435E-4
1.656500E-7	3.837125E-4
1.657000E-7	3.032039E-4
1.657500E-7	2.329729E-4
1.658000E-7	1.832973E-4
1.658500E-7	1.593160E-4
1.659000E-7	1.610290E-4
1.659500E-7	1.764455E-4
1.660000E-7	2.107045E-4
1.660500E-7	2.740837E-4
1.661000E-7	3.374629E-4
1.661500E-7	3.837125E-4
1.662000E-7	4.248233E-4
1.662500E-7	4.676471E-4
1.663000E-7	4.899154E-4
1.663500E-7	4.933413E-4
1.664000E-7	5.001931E-4
1.664500E-7	4.967672E-4
1.665000E-7	4.642212E-4
1.665500E-7	4.351010E-4
1.666000E-7	4.231104E-4
1.666500E-7	4.042679E-4
1.667000E-7	3.837125E-4
1.667500E-7	3.768607E-4
1.668000E-7	3.802866E-4
1.668500E-7	3.871384E-4
1.669000E-7	4.196845E-4
1.669500E-7	4.710730E-4
1.670000E-7	5.241744E-4
1.670500E-7	5.789888E-4
1.671000E-7	6.372291E-4
1.671500E-7	6.800529E-4
1.672000E-7	7.108860E-4
1.672500E-7	7.348673E-4
1.673000E-7	7.382932E-4
1.673500E-7	7.108860E-4
1.674000E-7	6.663493E-4
1.674500E-7	6.200996E-4
1.675000E-7	5.652852E-4
1.675500E-7	4.950543E-4
1.676000E-7	4.299622E-4
1.676500E-7	3.785737E-4
1.677000E-7	3.237593E-4
1.677500E-7	2.655190E-4
1.678000E-7	2.226952E-4
1.678500E-7	2.021398E-4
1.679000E-7	1.918621E-4
1.679500E-7	1.832973E-4
1.680000E-7	1.798714E-4
1.680500E-7	1.798714E-4
1.681000E-7	1.713067E-4
1.681500E-7	1.524642E-4
1.682000E-7	1.336218E-4
1.682500E-7	1.216311E-4
1.683000E-7	1.079275E-4
1.683500E-7	7.880740E-5
1.684000E-7	4.797429E-5
1.684500E-7	2.399299E-5
1.685000E-7	-5.127157E-6
1.685500E-7	-4.966386E-5
1.686000E-7	-8.563581E-5
1.686500E-7	-8.906171E-5
1.687000E-7	-7.021926E-5
1.687500E-7	-4.109911E-5
1.688000E-7	-1.701257E-6
1.688500E-7	6.852969E-5
1.689000E-7	1.695937E-4
1.689500E-7	2.775096E-4
1.690000E-7	3.802866E-4
1.690500E-7	4.830636E-4
1.691000E-7	5.824147E-4
1.691500E-7	6.543586E-4
1.692000E-7	6.971824E-4
1.692500E-7	7.177378E-4
1.693000E-7	7.091730E-4
1.693500E-7	6.732011E-4
1.694000E-7	6.200996E-4
1.694500E-7	5.515816E-4
1.695000E-7	4.796377E-4
1.695500E-7	4.231104E-4
1.696000E-7	3.717219E-4
1.696500E-7	3.117686E-4
1.697000E-7	2.740837E-4
1.697500E-7	2.655190E-4
1.698000E-7	2.603801E-4
1.698500E-7	2.518154E-4
1.699000E-7	2.449636E-4
1.699500E-7	2.346859E-4
1.700000E-7	2.261211E-4
1.700500E-7	2.295470E-4
1.701000E-7	2.483895E-4
1.701500E-7	2.638060E-4
1.702000E-7	2.757967E-4
1.702500E-7	2.912132E-4
1.703000E-7	3.134816E-4
1.703500E-7	3.528794E-4
1.704000E-7	4.162586E-4
1.704500E-7	4.864895E-4
1.705000E-7	5.618593E-4
1.705500E-7	6.440809E-4
1.706000E-7	7.125989E-4
1.706500E-7	7.657004E-4
1.707000E-7	8.050982E-4
1.707500E-7	8.068112E-4
1.708000E-7	7.742651E-4
1.708500E-7	7.331543E-4
1.709000E-7	6.869047E-4
1.709500E-7	6.183867E-4
1.710000E-7	5.481557E-4
1.710500E-7	4.813507E-4
1.711000E-7	4.042679E-4
1.711500E-7	3.186204E-4
1.712000E-7	2.449636E-4
1.712500E-7	1.764455E-4
1.713000E-7	9.079805E-5
1.713500E-7	1.169292E-8
1.714000E-7	-8.906171E-5
1.714500E-7	-1.729963E-4
1.715000E-7	-2.398013E-4
1.715500E-7	-2.791992E-4
1.716000E-7	-3.014675E-4
1.716500E-7	-3.066064E-4
1.717000E-7	-2.791992E-4
1.717500E-7	-2.209589E-4
1.718000E-7	-1.455891E-4
1.718500E-7	-4.623796E-5
1.719000E-7	7.709445E-5
1.719500E-7	1.970009E-4
1.720000E-7	3.066298E-4
1.720500E-7	4.196845E-4
1.721000E-7	5.156097E-4
1.721500E-7	5.687111E-4
1.722000E-7	5.875536E-4
1.722500E-7	5.807018E-4
1.723000E-7	5.498687E-4
1.723500E-7	5.053320E-4
1.724000E-7	4.556564E-4
1.724500E-7	3.922773E-4
1.725000E-7	3.254722E-4
1.725500E-7	2.826485E-4
1.726000E-7	2.449636E-4
1.726500E-7	2.021398E-4
1.727000E-7	1.798714E-4
1.727500E-7	1.781585E-4
1.728000E-7	1.661678E-4
1.728500E-7	1.370477E-4
1.729000E-7	1.096405E-4
1.729500E-7	8.394625E-5
1.730000E-7	5.482609E-5
1.730500E-7	1.714119E-5
1.731000E-7	-3.938616E-5
1.731500E-7	-1.027653E-4
1.732000E-7	-1.507279E-4
1.732500E-7	-1.849869E-4
1.733000E-7	-2.209589E-4
1.733500E-7	-2.278107E-4
1.734000E-7	-1.866999E-4
1.734500E-7	-1.318855E-4
1.735000E-7	-7.878401E-5
1.735500E-7	-1.883076E-5
1.736000E-7	2.913184E-5
1.736500E-7	4.797429E-5
1.737000E-7	5.825199E-5
1.737500E-7	7.880740E-5
1.738000E-7	9.079805E-5
1.738500E-7	9.079805E-5
1.739000E-7	9.079805E-5
1.739500E-7	9.593690E-5
1.740000E-7	9.593690E-5
1.740500E-7	1.010757E-4
1.741000E-7	1.182052E-4
1.741500E-7	1.490383E-4
1.742000E-7	1.884362E-4
1.742500E-7	2.398247E-4
1.743000E-7	2.929262E-4
1.743500E-7	3.357499E-4
1.744000E-7	3.700089E-4
1.744500E-7	4.111197E-4
1.745000E-7	4.505176E-4
1.745500E-7	4.744989E-4
1.746000E-7	4.916284E-4
1.746500E-7	5.104708E-4
1.747000E-7	5.190356E-4
1.747500E-7	5.190356E-4
1.748000E-7	5.224615E-4
1.748500E-7	5.190356E-4
1.749000E-7	4.967672E-4
1.749500E-7	4.625082E-4
1.750000E-7	4.265363E-4
1.750500E-7	3.888514E-4
1.751000E-7	3.511665E-4
1.751500E-7	3.220463E-4
1.752000E-7	3.032039E-4
1.752500E-7	2.895003E-4
1.753000E-7	2.809355E-4
1.753500E-7	2.775096E-4
1.754000E-7	2.895003E-4
1.754500E-7	3.254722E-4
1.755000E-7	3.819996E-4
1.755500E-7	4.419528E-4
1.756000E-7	5.036190E-4
1.756500E-7	5.601464E-4
1.757000E-7	6.098219E-4
1.757500E-7	6.492198E-4
1.758000E-7	6.680622E-4
1.758500E-7	6.629234E-4
1.759000E-7	6.492198E-4
1.759500E-7	6.286644E-4
1.760000E-7	5.807018E-4
1.760500E-7	4.933413E-4
1.761000E-7	3.819996E-4
1.761500E-7	2.775096E-4
1.762000E-7	1.850103E-4
1.762500E-7	1.147793E-4
1.763000E-7	7.366855E-5
1.763500E-7	6.510379E-5
1.764000E-7	9.593690E-5
1.764500E-7	1.644549E-4
1.765000E-7	2.569542E-4
1.765500E-7	3.494535E-4
1.766000E-7	4.368140E-4
1.766500E-7	5.156097E-4
1.767000E-7	5.721370E-4
1.767500E-7	6.029701E-4
1.768000E-7	6.149608E-4
1.768500E-7	6.012572E-4
1.769000E-7	5.515816E-4
1.769500E-7	4.693600E-4
1.770000E-7	3.734348E-4
1.770500E-7	2.877873E-4
1.771000E-7	2.175563E-4
1.771500E-7	1.558901E-4
1.772000E-7	1.027887E-4
1.772500E-7	6.681674E-5
1.773000E-7	4.797429E-5
1.773500E-7	3.427069E-5
1.774000E-7	1.885414E-5
1.774500E-7	3.437593E-6
1.775000E-7	-1.540486E-5
1.775500E-7	-3.767321E-5
1.776000E-7	-5.651566E-5
1.776500E-7	-7.535811E-5
1.777000E-7	-9.420056E-5
1.777500E-7	-1.079042E-4
1.778000E-7	-1.198948E-4
1.778500E-7	-1.181819E-4
1.779000E-7	-7.707106E-5
1.779500E-7	-1.701257E-6
1.780000E-7	7.709445E-5
1.780500E-7	1.490383E-4
1.781000E-7	2.244081E-4
1.781500E-7	2.946391E-4
1.782000E-7	3.460276E-4
1.782500E-7	3.871384E-4
1.783000E-7	4.162586E-4
1.783500E-7	4.282492E-4
1.784000E-7	4.333881E-4
1.784500E-7	4.333881E-4
1.785000E-7	4.213974E-4
1.785500E-7	4.094068E-4
1.786000E-7	4.111197E-4
1.786500E-7	4.162586E-4
1.787000E-7	4.282492E-4
1.787500E-7	4.573694E-4
1.788000E-7	4.882025E-4
1.788500E-7	5.087579E-4
1.789000E-7	5.241744E-4
1.789500E-7	5.361651E-4
1.790000E-7	5.378780E-4
1.790500E-7	5.173226E-4
1.791000E-7	4.830636E-4
1.791500E-7	4.470917E-4
1.792000E-7	4.282492E-4
1.792500E-7	4.179715E-4
1.793000E-7	3.957032E-4
1.793500E-7	3.665830E-4
1.794000E-7	3.494535E-4
1.794500E-7	3.340370E-4
1.795000E-7	3.117686E-4
1.795500E-7	2.980650E-4
1.796000E-7	2.860744E-4
1.796500E-7	2.620931E-4
1.797000E-7	2.261211E-4
1.797500E-7	1.970009E-4
1.798000E-7	1.610290E-4
1.798500E-7	1.182052E-4
1.799000E-7	9.251100E-5
1.799500E-7	9.251100E-5
1.800000E-7	1.062146E-4
1.800500E-7	1.336218E-4
1.801000E-7	1.678808E-4
1.801500E-7	1.884362E-4
1.802000E-7	2.089916E-4
1.802500E-7	2.329729E-4
1.803000E-7	2.449636E-4
1.803500E-7	2.398247E-4
1.804000E-7	2.209822E-4
1.804500E-7	1.798714E-4
1.805000E-7	1.301959E-4
1.805500E-7	1.045016E-4
1.806000E-7	1.010757E-4
1.806500E-7	1.079275E-4
1.807000E-7	1.421865E-4
1.807500E-7	2.055657E-4
1.808000E-7	2.740837E-4
1.808500E-7	3.443147E-4
1.809000E-7	4.196845E-4
1.809500E-7	4.779248E-4
1.810000E-7	5.053320E-4
1.810500E-7	5.138967E-4
1.811000E-7	5.019061E-4
1.811500E-7	4.659341E-4
1.812000E-7	4.179715E-4
1.812500E-7	3.597312E-4
1.813000E-7	2.809355E-4
1.813500E-7	2.038527E-4
1.814000E-7	1.524642E-4
1.814500E-7	1.301959E-4
1.815000E-7	1.284829E-4
1.815500E-7	1.524642E-4
1.816000E-7	2.004268E-4
1.816500E-7	2.603801E-4
1.817000E-7	3.340370E-4
1.817500E-7	4.196845E-4
1.818000E-7	5.104708E-4
1.818500E-7	5.858406E-4
1.819000E-7	6.355162E-4
1.819500E-7	6.594975E-4
1.820000E-7	6.492198E-4
1.820500E-7	6.012572E-4
1.821000E-7	5.327392E-4
1.821500E-7	4.573694E-4
1.822000E-7	3.700089E-4
1.822500E-7	2.740837E-4
1.823000E-7	1.987139E-4
1.823500E-7	1.456124E-4
1.824000E-7	9.422395E-5
1.824500E-7	5.482609E-5
1.825000E-7	4.454839E-5
1.825500E-7	5.140019E-5
1.826000E-7	5.825199E-5
1.826500E-7	6.681674E-5
1.827000E-7	8.394625E-5
1.827500E-7	1.045016E-4
1.828000E-7	1.164923E-4
1.828500E-7	1.096405E-4
1.829000E-7	8.394625E-5
1.829500E-7	4.626134E-5
1.830000E-7	5.150543E-6
1.830500E-7	-3.596026E-5
1.831000E-7	-6.850631E-5
1.831500E-7	-9.591351E-5
1.832000E-7	-1.284596E-4
1.832500E-7	-1.678574E-4
1.833000E-7	-1.918387E-4
1.833500E-7	-1.901258E-4
1.834000E-7	-1.747092E-4
1.834500E-7	-1.353114E-4
1.835000E-7	-5.480271E-5
1.835500E-7	5.140019E-5
1.836000E-7	1.456124E-4
1.836500E-7	2.329729E-4
1.837000E-7	3.426017E-4
1.837500E-7	4.539435E-4
1.838000E-7	5.361651E-4
1.838500E-7	5.858406E-4
1.839000E-7	6.063960E-4
1.839500E-7	5.841277E-4
1.840000E-7	5.258874E-4
1.840500E-7	4.522305E-4
1.841000E-7	3.734348E-4
1.841500E-7	2.912132E-4
1.842000E-7	2.192693E-4
1.842500E-7	1.713067E-4
1.843000E-7	1.490383E-4
1.843500E-7	1.524642E-4
1.844000E-7	1.832973E-4
1.844500E-7	2.363988E-4
1.845000E-7	3.066298E-4
1.845500E-7	3.734348E-4
1.846000E-7	4.179715E-4
1.846500E-7	4.351010E-4
1.847000E-7	4.145456E-4
1.847500E-7	3.528794E-4
1.848000E-7	2.586672E-4
1.848500E-7	1.490383E-4
1.849000E-7	3.084479E-5
1.849500E-7	-6.679336E-5
1.850000E-7	-1.353114E-4
1.850500E-7	-1.712833E-4
1.851000E-7	-1.661445E-4
1.851500E-7	-1.233207E-4
1.852000E-7	-7.021926E-5
1.852500E-7	-1.540486E-5
1.853000E-7	4.968724E-5
1.853500E-7	1.130664E-4
1.854000E-7	1.558901E-4
1.854500E-7	1.850103E-4
1.855000E-7	2.055657E-4
1.855500E-7	2.089916E-4
1.856000E-7	1.935750E-4
1.856500E-7	1.798714E-4
1.857000E-7	1.747326E-4
1.857500E-7	1.610290E-4
1.858000E-7	1.387606E-4
1.858500E-7	1.130664E-4
1.859000E-7	8.737215E-5
1.859500E-7	6.167789E-5
1.860000E-7	3.769659E-5
1.860500E-7	1.371529E-5
1.861000E-7	-1.197896E-5
1.861500E-7	-3.767321E-5
1.862000E-7	-5.308976E-5
1.862500E-7	-5.822861E-5
1.863000E-7	-5.480271E-5
1.863500E-7	-4.623796E-5
1.864000E-7	-3.596026E-5
1.864500E-7	-2.910846E-5
1.865000E-7	-3.424731E-5
1.865500E-7	-5.480271E-5
1.866000E-7	-7.707106E-5
1.866500E-7	-9.933941E-5
1.867000E-7	-1.318855E-4
1.867500E-7	-1.729963E-4
1.868000E-7	-2.072553E-4
1.868500E-7	-2.260977E-4
1.869000E-7	-2.483661E-4
1.869500E-7	-2.654956E-4
1.870000E-7	-2.483661E-4
1.870500E-7	-2.089682E-4
1.871000E-7	-1.747092E-4
1.871500E-7	-1.335984E-4
1.872000E-7	-7.364516E-5
1.872500E-7	-2.054371E-5
1.873000E-7	6.863493E-6
1.873500E-7	3.084479E-5
1.874000E-7	5.311314E-5
1.874500E-7	6.167789E-5
1.875000E-7	6.167789E-5
1.875500E-7	6.681674E-5
1.876000E-7	7.195560E-5
1.876500E-7	7.880740E-5
1.877000E-7	1.045016E-4
1.877500E-7	1.456124E-4
1.878000E-7	1.781585E-4
1.878500E-7	1.918621E-4
1.879000E-7	1.987139E-4
1.879500E-7	2.072786E-4
1.880000E-7	1.935750E-4
1.880500E-7	1.541772E-4
1.881000E-7	9.251100E-5
1.881500E-7	8.576443E-6
1.882000E-7	-9.933941E-5
1.882500E-7	-2.021164E-4
1.883000E-7	-2.723474E-4
1.883500E-7	-3.168841E-4
1.884000E-7	-3.357265E-4
1.884500E-7	-3.100323E-4
1.885000E-7	-2.398013E-4
1.885500E-7	-1.490150E-4
1.886000E-7	-4.452501E-5
1.886500E-7	6.681674E-5
1.887000E-7	1.678808E-4
1.887500E-7	2.415377E-4
1.888000E-7	2.860744E-4
1.888500E-7	3.066298E-4
1.889000E-7	3.014909E-4
1.889500E-7	2.569542E-4
1.890000E-7	1.850103E-4
1.890500E-7	1.079275E-4
1.891000E-7	3.940954E-5
1.891500E-7	-2.568256E-5
1.892000E-7	-7.364516E-5
1.892500E-7	-1.027653E-4
1.893000E-7	-1.147560E-4
1.893500E-7	-1.164689E-4
1.894000E-7	-1.027653E-4
1.894500E-7	-9.591351E-5
1.895000E-7	-1.130430E-4
1.895500E-7	-1.370243E-4
1.896000E-7	-1.524409E-4
1.896500E-7	-1.644315E-4
1.897000E-7	-1.764222E-4
1.897500E-7	-1.918387E-4
1.898000E-7	-2.175330E-4
1.898500E-7	-2.432272E-4
1.899000E-7	-2.466531E-4
1.899500E-7	-2.295236E-4
1.900000E-7	-2.072553E-4
1.900500E-7	-1.849869E-4
1.901000E-7	-1.490150E-4
1.901500E-7	-1.010524E-4
1.902000E-7	-5.137681E-5
1.902500E-7	-8.553057E-6
1.903000E-7	3.769659E-5
1.903500E-7	8.394625E-5
1.904000E-7	1.130664E-4
1.904500E-7	1.284829E-4
1.905000E-7	1.456124E-4
1.905500E-7	1.661678E-4
1.906000E-7	1.713067E-4
1.906500E-7	1.524642E-4
1.907000E-7	1.182052E-4
1.907500E-7	8.052035E-5
1.908000E-7	4.968724E-5
1.908500E-7	2.913184E-5
1.909000E-7	2.913184E-5
1.909500E-7	5.140019E-5
1.910000E-7	8.908510E-5
1.910500E-7	1.404736E-4
1.911000E-7	1.918621E-4
1.911500E-7	2.295470E-4
1.912000E-7	2.552413E-4
1.912500E-7	2.723708E-4
1.913000E-7	2.775096E-4
1.913500E-7	2.792226E-4
1.914000E-7	2.946391E-4
1.914500E-7	3.151945E-4
1.915000E-7	3.220463E-4
1.915500E-7	3.288981E-4
1.916000E-7	3.528794E-4
1.916500E-7	3.871384E-4
1.917000E-7	4.316751E-4
1.917500E-7	4.830636E-4
1.918000E-7	5.258874E-4
1.918500E-7	5.395910E-4
1.919000E-7	5.413039E-4
1.919500E-7	5.361651E-4
1.920000E-7	5.173226E-4
1.920500E-7	4.762118E-4
1.921000E-7	4.196845E-4
1.921500E-7	3.580183E-4
1.922000E-7	2.963521E-4
1.922500E-7	2.312599E-4
1.923000E-7	1.747326E-4
1.923500E-7	1.336218E-4
1.924000E-7	1.027887E-4
1.924500E-7	7.366855E-5
1.925000E-7	5.311314E-5
1.925500E-7	4.797429E-5
1.926000E-7	4.626134E-5
1.926500E-7	3.940954E-5
1.927000E-7	4.797429E-5
1.927500E-7	7.195560E-5
1.928000E-7	1.062146E-4
1.928500E-7	1.490383E-4
1.929000E-7	1.970009E-4
1.929500E-7	2.329729E-4
1.930000E-7	2.518154E-4
1.930500E-7	2.723708E-4
1.931000E-7	2.929262E-4
1.931500E-7	2.997780E-4
1.932000E-7	2.860744E-4
1.932500E-7	2.689449E-4
1.933000E-7	2.518154E-4
1.933500E-7	2.329729E-4
1.934000E-7	2.124175E-4
1.934500E-7	1.935750E-4
1.935000E-7	1.713067E-4
1.935500E-7	1.456124E-4
1.936000E-7	1.182052E-4
1.936500E-7	9.251100E-5
1.937000E-7	5.140019E-5
1.937500E-7	6.863493E-6
1.938000E-7	-1.540486E-5
1.938500E-7	-3.414207E-6
1.939000E-7	2.056709E-5
1.939500E-7	4.797429E-5
1.940000E-7	8.737215E-5
1.940500E-7	1.370477E-4
1.941000E-7	1.781585E-4
1.941500E-7	2.072786E-4
1.942000E-7	2.381118E-4
1.942500E-7	2.638060E-4
1.943000E-7	2.655190E-4
1.943500E-7	2.466765E-4
1.944000E-7	2.107045E-4
1.944500E-7	1.507513E-4
1.945000E-7	7.195560E-5
1.945500E-7	8.576443E-6
1.946000E-7	-2.396961E-5
1.946500E-7	-3.424731E-5
1.947000E-7	-3.253436E-5
1.947500E-7	-2.910846E-5
1.948000E-7	-1.711781E-5
1.948500E-7	2.056709E-5
1.949000E-7	7.709445E-5
1.949500E-7	1.284829E-4
1.950000E-7	1.644549E-4
1.950500E-7	1.781585E-4
1.951000E-7	1.730196E-4
1.951500E-7	1.473254E-4
1.952000E-7	1.027887E-4
1.952500E-7	5.140019E-5
1.953000E-7	1.200234E-5
1.953500E-7	-1.026601E-5
1.954000E-7	-2.396961E-5
1.954500E-7	-2.396961E-5
1.955000E-7	8.576443E-6
1.955500E-7	7.366855E-5
1.956000E-7	1.421865E-4
1.956500E-7	2.038527E-4
1.957000E-7	2.501024E-4
1.957500E-7	2.723708E-4
1.958000E-7	2.775096E-4
1.958500E-7	2.775096E-4
1.959000E-7	2.518154E-4
1.959500E-7	1.918621E-4
1.960000E-7	1.045016E-4
1.960500E-7	6.863493E-6
1.961000E-7	-9.420056E-5
1.961500E-7	-1.832740E-4
1.962000E-7	-2.466531E-4
1.962500E-7	-2.706344E-4
1.963000E-7	-2.637826E-4
1.963500E-7	-2.329495E-4
1.964000E-7	-1.644315E-4
1.964500E-7	-5.651566E-5
1.965000E-7	5.825199E-5
1.965500E-7	1.558901E-4
1.966000E-7	2.432506E-4
1.966500E-7	3.237593E-4
1.967000E-7	3.837125E-4
1.967500E-7	4.265363E-4
1.968000E-7	4.642212E-4
1.968500E-7	4.813507E-4
1.969000E-7	4.693600E-4
1.969500E-7	4.470917E-4
1.970000E-7	4.265363E-4
1.970500E-7	3.957032E-4
1.971000E-7	3.597312E-4
1.971500E-7	3.323240E-4
1.972000E-7	3.134816E-4
1.972500E-7	2.963521E-4
1.973000E-7	2.946391E-4
1.973500E-7	3.203334E-4
1.974000E-7	3.477406E-4
1.974500E-7	3.717219E-4
1.975000E-7	4.145456E-4
1.975500E-7	4.642212E-4
1.976000E-7	5.036190E-4
1.976500E-7	5.378780E-4
1.977000E-7	5.704241E-4
1.977500E-7	5.721370E-4
1.978000E-7	5.498687E-4
1.978500E-7	5.173226E-4
1.979000E-7	4.556564E-4
1.979500E-7	3.631571E-4
1.980000E-7	2.723708E-4
1.980500E-7	1.952880E-4
1.981000E-7	1.147793E-4
1.981500E-7	4.112249E-5
1.982000E-7	-1.197896E-5
1.982500E-7	-5.137681E-5
1.983000E-7	-6.679336E-5
1.983500E-7	-4.795091E-5
1.984000E-7	-8.553057E-6
1.984500E-7	2.913184E-5
1.985000E-7	5.825199E-5
1.985500E-7	8.052035E-5
1.986000E-7	8.223330E-5
1.986500E-7	7.024265E-5
1.987000E-7	4.797429E-5
1.987500E-7	1.885414E-5
1.988000E-7	-3.253436E-5
1.988500E-7	-9.933941E-5
1.989000E-7	-1.575797E-4
1.989500E-7	-2.055423E-4
1.990000E-7	-2.586438E-4
1.990500E-7	-3.117452E-4
1.991000E-7	-3.460042E-4
1.991500E-7	-3.562819E-4
1.992000E-7	-3.528560E-4
1.992500E-7	-3.340136E-4
1.993000E-7	-2.911898E-4
1.993500E-7	-2.363754E-4
1.994000E-7	-1.918387E-4
1.994500E-7	-1.661445E-4
1.995000E-7	-1.558668E-4
1.995500E-7	-1.558668E-4
1.996000E-7	-1.541538E-4
1.996500E-7	-1.524409E-4
1.997000E-7	-1.473020E-4
1.997500E-7	-1.575797E-4
1.998000E-7	-1.832740E-4
1.998500E-7	-2.038294E-4
1.999000E-7	-2.123941E-4
1.999500E-7	-2.192459E-4
2.000000E-7	-2.158200E-4
