Study Name	PremaTech_CVD_SiC_HeandSi
Sample Name	2025-10-15
Run Name	spot04
Operator	Keshav
Date	10/15/2025
Time	18:34
Sign	FIX
Grating Spacing	06.40um
Channel	3
Number Traces	10000
Files in Batch	1
Batch Number	173
dt	50.000001E-12
time stamp (ms)	9:43:40 PM
	
Time	Amplitude
0.000000E+0	-1.798349E-4
5.000000E-11	-2.226586E-4
1.000000E-10	-3.117320E-4
1.500000E-10	-4.264997E-4
2.000000E-10	-5.121472E-4
2.500000E-10	-5.652486E-4
3.000000E-10	-6.114983E-4
3.500000E-10	-6.406184E-4
4.000000E-10	-6.320537E-4
4.500000E-10	-5.875170E-4
5.000000E-10	-5.172860E-4
5.500000E-10	-4.264997E-4
6.000000E-10	-3.031673E-4
6.500000E-10	-1.609924E-4
7.000000E-10	-1.710463E-5
7.500000E-10	1.113666E-4
8.000000E-10	2.227084E-4
8.500000E-10	2.997911E-4
9.000000E-10	3.289113E-4
9.500000E-10	3.271983E-4
1.000000E-9	3.117818E-4
1.050000E-9	2.775228E-4
1.100000E-9	2.209954E-4
1.150000E-9	1.610422E-4
1.200000E-9	8.738533E-5
1.250000E-9	1.737825E-6
1.300000E-9	-8.048378E-5
1.350000E-9	-1.507147E-4
1.400000E-9	-2.192327E-4
1.450000E-9	-2.671953E-4
1.500000E-9	-2.757601E-4
1.550000E-9	-2.603435E-4
1.600000E-9	-2.329363E-4
1.650000E-9	-1.832608E-4
1.700000E-9	-1.181687E-4
1.750000E-9	-5.821543E-5
1.800000E-9	-3.401025E-6
1.850000E-9	6.682993E-5
1.900000E-9	1.490515E-4
1.950000E-9	2.192825E-4
2.000000E-9	2.740969E-4
2.050000E-9	3.100688E-4
2.100000E-9	3.083559E-4
2.150000E-9	2.740969E-4
2.200000E-9	2.175695E-4
2.250000E-9	1.559033E-4
2.300000E-9	9.252418E-5
2.350000E-9	2.743208E-5
2.400000E-9	-3.937298E-5
2.450000E-9	-9.418738E-5
2.500000E-9	-1.164557E-4
2.550000E-9	-1.010392E-4
2.600000E-9	-7.191903E-5
2.650000E-9	-3.080823E-5
2.700000E-9	1.372848E-5
2.750000E-9	6.169108E-5
2.800000E-9	1.147925E-4
2.850000E-9	1.644681E-4
2.900000E-9	1.833105E-4
2.950000E-9	1.644681E-4
3.000000E-9	1.267832E-4
3.050000E-9	5.655223E-5
3.100000E-9	-4.793773E-5
3.150000E-9	-1.352982E-4
3.200000E-9	-1.969644E-4
3.250000E-9	-2.552047E-4
3.300000E-9	-2.963155E-4
3.350000E-9	-2.877507E-4
3.400000E-9	-2.654824E-4
3.450000E-9	-2.586306E-4
3.500000E-9	-2.415011E-4
3.550000E-9	-2.140939E-4
3.600000E-9	-1.901126E-4
3.650000E-9	-1.541406E-4
3.700000E-9	-1.078910E-4
3.750000E-9	-8.562263E-5
3.800000E-9	-8.048378E-5
3.850000E-9	-6.678018E-5
3.900000E-9	-5.136363E-5
3.950000E-9	-4.108593E-5
4.000000E-9	-3.594708E-5
4.050000E-9	-4.108593E-5
4.100000E-9	-6.678018E-5
4.150000E-9	-1.010392E-4
4.200000E-9	-1.233075E-4
4.250000E-9	-1.352982E-4
4.300000E-9	-1.438629E-4
4.350000E-9	-1.472888E-4
4.400000E-9	-1.387241E-4
4.450000E-9	-9.932623E-5
4.500000E-9	-2.395643E-5
4.550000E-9	6.169108E-5
4.600000E-9	1.490515E-4
4.650000E-9	2.484026E-4
4.700000E-9	3.409019E-4
4.750000E-9	4.008552E-4
4.800000E-9	4.111329E-4
4.850000E-9	3.700221E-4
4.900000E-9	2.860875E-4
4.950000E-9	1.781717E-4
5.000000E-9	5.655223E-5
5.050000E-9	-7.877083E-5
5.100000E-9	-2.003903E-4
5.150000E-9	-2.963155E-4
5.200000E-9	-3.751112E-4
5.250000E-9	-4.145090E-4
5.300000E-9	-4.059443E-4
5.350000E-9	-3.785371E-4
5.400000E-9	-3.494169E-4
5.450000E-9	-3.100191E-4
5.500000E-9	-2.671953E-4
5.550000E-9	-2.500658E-4
5.600000E-9	-2.397881E-4
5.650000E-9	-2.295104E-4
5.700000E-9	-2.175198E-4
5.750000E-9	-2.021032E-4
5.800000E-9	-1.712701E-4
5.850000E-9	-1.370111E-4
5.900000E-9	-1.130298E-4
5.950000E-9	-8.733558E-5
6.000000E-9	-5.307658E-5
6.050000E-9	-2.224348E-5
6.100000E-9	6.876675E-6
6.150000E-9	2.400618E-5
6.200000E-9	6.876675E-6
6.250000E-9	-4.279888E-5
6.300000E-9	-1.147428E-4
6.350000E-9	-2.089550E-4
6.400000E-9	-3.220097E-4
6.450000E-9	-4.384903E-4
6.500000E-9	-5.446932E-4
6.550000E-9	-6.406184E-4
6.600000E-9	-7.091364E-4
6.650000E-9	-7.433954E-4
6.700000E-9	-7.519602E-4
6.750000E-9	-7.365436E-4
6.800000E-9	-6.868681E-4
6.850000E-9	-6.252019E-4
6.900000E-9	-5.566839E-4
6.950000E-9	-4.710364E-4
7.000000E-9	-3.819630E-4
7.050000E-9	-3.305745E-4
7.100000E-9	-3.083061E-4
7.150000E-9	-2.946025E-4
7.200000E-9	-2.928896E-4
7.250000E-9	-2.928896E-4
7.300000E-9	-2.894637E-4
7.350000E-9	-2.911766E-4
7.400000E-9	-3.065932E-4
7.450000E-9	-3.168709E-4
7.500000E-9	-3.014543E-4
7.550000E-9	-2.757601E-4
7.600000E-9	-2.432140E-4
7.650000E-9	-2.003903E-4
7.700000E-9	-1.421500E-4
7.750000E-9	-8.219673E-5
7.800000E-9	-4.279888E-5
7.850000E-9	-3.252118E-5
7.900000E-9	-3.594708E-5
7.950000E-9	-4.793773E-5
8.000000E-9	-8.562263E-5
8.050000E-9	-1.387241E-4
8.100000E-9	-1.935385E-4
8.150000E-9	-2.432140E-4
8.200000E-9	-2.808989E-4
8.250000E-9	-3.014543E-4
8.300000E-9	-3.065932E-4
8.350000E-9	-2.911766E-4
8.400000E-9	-2.569176E-4
8.450000E-9	-2.175198E-4
8.500000E-9	-1.661313E-4
8.550000E-9	-1.027521E-4
8.600000E-9	-4.965068E-5
8.650000E-9	-1.367873E-5
8.700000E-9	1.030257E-5
8.750000E-9	5.163725E-6
8.800000E-9	-3.423413E-5
8.850000E-9	-5.992838E-5
8.900000E-9	-5.478953E-5
8.950000E-9	-5.478953E-5
9.000000E-9	-6.678018E-5
9.050000E-9	-7.534493E-5
9.100000E-9	-8.048378E-5
9.150000E-9	-8.390968E-5
9.200000E-9	-7.534493E-5
9.250000E-9	-6.164133E-5
9.300000E-9	-4.451183E-5
9.350000E-9	-1.025283E-5
9.400000E-9	2.400618E-5
9.450000E-9	4.798748E-5
9.500000E-9	8.224648E-5
9.550000E-9	1.319220E-4
9.600000E-9	1.678940E-4
9.650000E-9	1.713199E-4
9.700000E-9	1.661810E-4
9.750000E-9	1.473386E-4
9.800000E-9	1.096537E-4
9.850000E-9	4.284863E-5
9.900000E-9	-4.965068E-5
9.950000E-9	-1.541406E-4
1.000000E-8	-2.432140E-4
1.005000E-8	-2.997414E-4
1.010000E-8	-3.288615E-4
1.015000E-8	-3.391392E-4
1.020000E-8	-3.254356E-4
1.025000E-8	-3.185838E-4
1.030000E-8	-3.425651E-4
1.035000E-8	-3.768241E-4
1.040000E-8	-3.956666E-4
1.045000E-8	-4.247867E-4
1.050000E-8	-4.847400E-4
1.055000E-8	-5.395544E-4
1.060000E-8	-5.566839E-4
1.065000E-8	-5.481191E-4
1.070000E-8	-5.241378E-4
1.075000E-8	-4.607587E-4
1.080000E-8	-3.631205E-4
1.085000E-8	-2.517788E-4
1.090000E-8	-1.421500E-4
1.095000E-8	-4.451183E-5
1.100000E-8	3.085798E-5
1.105000E-8	8.224648E-5
1.110000E-8	1.250702E-4
1.115000E-8	1.421997E-4
1.120000E-8	1.147925E-4
1.125000E-8	7.025583E-5
1.130000E-8	3.599683E-5
1.135000E-8	1.201553E-5
1.140000E-8	-1.688075E-6
1.145000E-8	1.201553E-5
1.150000E-8	5.483928E-5
1.155000E-8	1.028019E-4
1.160000E-8	1.507645E-4
1.165000E-8	2.038659E-4
1.170000E-8	2.329861E-4
1.175000E-8	2.261343E-4
1.180000E-8	1.815976E-4
1.185000E-8	9.595008E-5
1.190000E-8	-3.252118E-5
1.195000E-8	-1.986773E-4
1.200000E-8	-3.802500E-4
1.205000E-8	-5.618227E-4
1.210000E-8	-7.279789E-4
1.215000E-8	-8.478854E-4
1.220000E-8	-9.095516E-4
1.225000E-8	-9.078387E-4
1.230000E-8	-8.478854E-4
1.235000E-8	-7.451084E-4
1.240000E-8	-6.097853E-4
1.245000E-8	-4.556198E-4
1.250000E-8	-2.963155E-4
1.255000E-8	-1.438629E-4
1.260000E-8	-2.738233E-5
1.265000E-8	5.141338E-5
1.270000E-8	1.062278E-4
1.275000E-8	1.353479E-4
1.280000E-8	1.336350E-4
1.285000E-8	1.284961E-4
1.290000E-8	1.250702E-4
1.295000E-8	1.113666E-4
1.300000E-8	1.130796E-4
1.305000E-8	1.490515E-4
1.310000E-8	2.090048E-4
1.315000E-8	2.655321E-4
1.320000E-8	3.134947E-4
1.325000E-8	3.477537E-4
1.330000E-8	3.477537E-4
1.335000E-8	2.980782E-4
1.340000E-8	2.055789E-4
1.345000E-8	9.595008E-5
1.350000E-8	-2.566938E-5
1.355000E-8	-1.644183E-4
1.360000E-8	-2.980284E-4
1.365000E-8	-3.836759E-4
1.370000E-8	-4.179349E-4
1.375000E-8	-4.402033E-4
1.380000E-8	-4.282126E-4
1.385000E-8	-3.408522E-4
1.390000E-8	-2.329363E-4
1.395000E-8	-1.746960E-4
1.400000E-8	-1.472888E-4
1.405000E-8	-9.932623E-5
1.410000E-8	-5.992838E-5
1.415000E-8	-5.992838E-5
1.420000E-8	-6.849313E-5
1.425000E-8	-7.363198E-5
1.430000E-8	-1.027521E-4
1.435000E-8	-1.250205E-4
1.440000E-8	-9.590033E-5
1.445000E-8	-5.992838E-5
1.450000E-8	-4.622478E-5
1.455000E-8	1.201553E-5
1.460000E-8	1.062278E-4
1.465000E-8	1.370609E-4
1.470000E-8	1.028019E-4
1.475000E-8	7.710763E-5
1.480000E-8	5.483928E-5
1.485000E-8	1.544143E-5
1.490000E-8	-1.025283E-5
1.495000E-8	-4.793773E-5
1.500000E-8	-1.541406E-4
1.505000E-8	-2.946025E-4
1.510000E-8	-4.042313E-4
1.515000E-8	-4.658975E-4
1.520000E-8	-4.950177E-4
1.525000E-8	-5.207119E-4
1.530000E-8	-5.532580E-4
1.535000E-8	-5.755263E-4
1.540000E-8	-5.721004E-4
1.545000E-8	-5.772393E-4
1.550000E-8	-6.080724E-4
1.555000E-8	-6.114983E-4
1.560000E-8	-5.601098E-4
1.565000E-8	-5.087213E-4
1.570000E-8	-5.087213E-4
1.575000E-8	-5.515450E-4
1.580000E-8	-5.789522E-4
1.585000E-8	-5.481191E-4
1.590000E-8	-4.847400E-4
1.595000E-8	-4.539069E-4
1.600000E-8	-4.710364E-4
1.605000E-8	-4.915918E-4
1.610000E-8	-4.676105E-4
1.615000E-8	-4.230738E-4
1.620000E-8	-4.042313E-4
1.625000E-8	-4.179349E-4
1.630000E-8	-4.264997E-4
1.635000E-8	-3.990925E-4
1.640000E-8	-3.665464E-4
1.645000E-8	-3.785371E-4
1.650000E-8	-4.162220E-4
1.655000E-8	-4.042313E-4
1.660000E-8	-3.562687E-4
1.665000E-8	-3.237227E-4
1.670000E-8	-2.877507E-4
1.675000E-8	-2.055291E-4
1.680000E-8	-1.215946E-4
1.685000E-8	-6.506723E-5
1.690000E-8	3.085798E-5
1.695000E-8	1.953012E-4
1.700000E-8	3.580314E-4
1.705000E-8	4.710861E-4
1.710000E-8	5.670113E-4
1.715000E-8	6.629365E-4
1.720000E-8	7.400193E-4
1.725000E-8	7.828430E-4
1.730000E-8	7.759912E-4
1.735000E-8	7.485840E-4
1.740000E-8	7.074732E-4
1.745000E-8	6.115480E-4
1.750000E-8	4.590955E-4
1.755000E-8	2.963652E-4
1.760000E-8	1.353479E-4
1.765000E-8	-4.622478E-5
1.770000E-8	-2.243716E-4
1.775000E-8	-3.442781E-4
1.780000E-8	-4.196479E-4
1.785000E-8	-4.710364E-4
1.790000E-8	-4.436292E-4
1.795000E-8	-3.014543E-4
1.800000E-8	-7.020608E-5
1.805000E-8	3.032170E-4
1.810000E-8	8.958978E-4
1.815000E-8	1.709549E-3
1.820000E-8	2.720190E-3
1.825000E-8	3.992911E-3
1.830000E-8	5.591094E-3
1.835000E-8	7.509598E-3
1.840000E-8	9.777544E-3
1.845000E-8	1.242576E-2
1.850000E-8	1.539773E-2
1.855000E-8	1.864377E-2
1.860000E-8	2.220157E-2
1.865000E-8	2.602659E-2
1.870000E-8	2.996637E-2
1.875000E-8	3.394042E-2
1.880000E-8	3.789904E-2
1.885000E-8	4.170522E-2
1.890000E-8	4.521163E-2
1.895000E-8	4.833605E-2
1.900000E-8	5.094145E-2
1.905000E-8	5.285652E-2
1.910000E-8	5.402647E-2
1.915000E-8	5.457975E-2
1.920000E-8	5.459688E-2
1.925000E-8	5.414638E-2
1.930000E-8	5.338754E-2
1.935000E-8	5.251051E-2
1.940000E-8	5.162834E-2
1.945000E-8	5.082668E-2
1.950000E-8	5.023229E-2
1.955000E-8	4.987599E-2
1.960000E-8	4.972011E-2
1.965000E-8	4.978863E-2
1.970000E-8	5.011409E-2
1.975000E-8	5.061770E-2
1.980000E-8	5.121894E-2
1.985000E-8	5.186130E-2
1.990000E-8	5.248310E-2
1.995000E-8	5.305865E-2
2.000000E-8	5.359652E-2
2.005000E-8	5.406244E-2
2.010000E-8	5.433994E-2
2.015000E-8	5.430739E-2
2.020000E-8	5.395453E-2
2.025000E-8	5.337041E-2
2.030000E-8	5.271264E-2
2.035000E-8	5.209084E-2
2.040000E-8	5.155126E-2
2.045000E-8	5.112473E-2
2.050000E-8	5.083353E-2
2.055000E-8	5.070163E-2
2.060000E-8	5.073247E-2
2.065000E-8	5.094145E-2
2.070000E-8	5.129774E-2
2.075000E-8	5.176024E-2
2.080000E-8	5.230324E-2
2.085000E-8	5.284967E-2
2.090000E-8	5.330703E-2
2.095000E-8	5.368559E-2
2.100000E-8	5.403846E-2
2.105000E-8	5.435364E-2
2.110000E-8	5.453864E-2
2.115000E-8	5.451809E-2
2.120000E-8	5.432966E-2
2.125000E-8	5.401619E-2
2.130000E-8	5.359138E-2
2.135000E-8	5.309805E-2
2.140000E-8	5.256361E-2
2.145000E-8	5.206172E-2
2.150000E-8	5.171399E-2
2.155000E-8	5.153413E-2
2.160000E-8	5.147760E-2
2.165000E-8	5.156496E-2
2.170000E-8	5.184417E-2
2.175000E-8	5.222616E-2
2.180000E-8	5.259102E-2
2.185000E-8	5.295245E-2
2.190000E-8	5.334814E-2
2.195000E-8	5.369587E-2
2.200000E-8	5.393226E-2
2.205000E-8	5.405730E-2
2.210000E-8	5.411554E-2
2.215000E-8	5.406587E-2
2.220000E-8	5.389457E-2
2.225000E-8	5.360851E-2
2.230000E-8	5.324365E-2
2.235000E-8	5.281370E-2
2.240000E-8	5.234264E-2
2.245000E-8	5.190241E-2
2.250000E-8	5.159237E-2
2.255000E-8	5.142279E-2
2.260000E-8	5.137140E-2
2.265000E-8	5.142107E-2
2.270000E-8	5.158380E-2
2.275000E-8	5.183903E-2
2.280000E-8	5.213709E-2
2.285000E-8	5.244542E-2
2.290000E-8	5.275203E-2
2.295000E-8	5.302097E-2
2.300000E-8	5.325222E-2
2.305000E-8	5.345948E-2
2.310000E-8	5.361879E-2
2.315000E-8	5.364791E-2
2.320000E-8	5.353143E-2
2.325000E-8	5.330874E-2
2.330000E-8	5.304666E-2
2.335000E-8	5.278629E-2
2.340000E-8	5.252250E-2
2.345000E-8	5.229639E-2
2.350000E-8	5.215593E-2
2.355000E-8	5.212167E-2
2.360000E-8	5.212852E-2
2.365000E-8	5.213880E-2
2.370000E-8	5.218162E-2
2.375000E-8	5.225014E-2
2.380000E-8	5.231695E-2
2.385000E-8	5.241972E-2
2.390000E-8	5.256018E-2
2.395000E-8	5.272120E-2
2.400000E-8	5.289250E-2
2.405000E-8	5.309805E-2
2.410000E-8	5.332073E-2
2.415000E-8	5.351944E-2
2.420000E-8	5.362907E-2
2.425000E-8	5.359994E-2
2.430000E-8	5.342351E-2
2.435000E-8	5.317513E-2
2.440000E-8	5.287708E-2
2.445000E-8	5.254648E-2
2.450000E-8	5.223815E-2
2.455000E-8	5.197778E-2
2.460000E-8	5.176880E-2
2.465000E-8	5.164376E-2
2.470000E-8	5.164376E-2
2.475000E-8	5.171399E-2
2.480000E-8	5.180649E-2
2.485000E-8	5.196236E-2
2.490000E-8	5.219190E-2
2.495000E-8	5.245569E-2
2.500000E-8	5.274004E-2
2.505000E-8	5.299870E-2
2.510000E-8	5.320939E-2
2.515000E-8	5.334643E-2
2.520000E-8	5.345434E-2
2.525000E-8	5.352115E-2
2.530000E-8	5.350573E-2
2.535000E-8	5.338925E-2
2.540000E-8	5.320083E-2
2.545000E-8	5.298842E-2
2.550000E-8	5.277259E-2
2.555000E-8	5.258417E-2
2.560000E-8	5.244542E-2
2.565000E-8	5.238032E-2
2.570000E-8	5.240944E-2
2.575000E-8	5.253963E-2
2.580000E-8	5.272634E-2
2.585000E-8	5.296273E-2
2.590000E-8	5.325907E-2
2.595000E-8	5.360508E-2
2.600000E-8	5.392883E-2
2.605000E-8	5.420633E-2
2.610000E-8	5.445642E-2
2.615000E-8	5.462258E-2
2.620000E-8	5.466540E-2
2.625000E-8	5.459688E-2
2.630000E-8	5.444272E-2
2.635000E-8	5.421147E-2
2.640000E-8	5.394082E-2
2.645000E-8	5.368217E-2
2.650000E-8	5.343550E-2
2.655000E-8	5.322652E-2
2.660000E-8	5.304152E-2
2.665000E-8	5.290277E-2
2.670000E-8	5.285310E-2
2.675000E-8	5.287194E-2
2.680000E-8	5.292676E-2
2.685000E-8	5.302439E-2
2.690000E-8	5.317342E-2
2.695000E-8	5.332245E-2
2.700000E-8	5.346976E-2
2.705000E-8	5.364791E-2
2.710000E-8	5.383976E-2
2.715000E-8	5.395110E-2
2.720000E-8	5.397851E-2
2.725000E-8	5.395453E-2
2.730000E-8	5.385517E-2
2.735000E-8	5.366504E-2
2.740000E-8	5.343379E-2
2.745000E-8	5.319740E-2
2.750000E-8	5.294560E-2
2.755000E-8	5.267838E-2
2.760000E-8	5.244884E-2
2.765000E-8	5.231866E-2
2.770000E-8	5.226556E-2
2.775000E-8	5.228440E-2
2.780000E-8	5.235977E-2
2.785000E-8	5.247625E-2
2.790000E-8	5.265611E-2
2.795000E-8	5.291819E-2
2.800000E-8	5.322138E-2
2.805000E-8	5.351430E-2
2.810000E-8	5.379180E-2
2.815000E-8	5.401790E-2
2.820000E-8	5.416522E-2
2.825000E-8	5.422860E-2
2.830000E-8	5.420290E-2
2.835000E-8	5.408471E-2
2.840000E-8	5.389971E-2
2.845000E-8	5.369073E-2
2.850000E-8	5.345606E-2
2.855000E-8	5.320768E-2
2.860000E-8	5.298500E-2
2.865000E-8	5.281541E-2
2.870000E-8	5.272805E-2
2.875000E-8	5.272120E-2
2.880000E-8	5.280685E-2
2.885000E-8	5.295074E-2
2.890000E-8	5.311689E-2
2.895000E-8	5.330360E-2
2.900000E-8	5.348860E-2
2.905000E-8	5.365819E-2
2.910000E-8	5.379180E-2
2.915000E-8	5.387916E-2
2.920000E-8	5.388087E-2
2.925000E-8	5.383976E-2
2.930000E-8	5.377980E-2
2.935000E-8	5.369930E-2
2.940000E-8	5.352800E-2
2.945000E-8	5.327448E-2
2.950000E-8	5.303296E-2
2.955000E-8	5.284625E-2
2.960000E-8	5.271092E-2
2.965000E-8	5.259787E-2
2.970000E-8	5.251736E-2
2.975000E-8	5.250194E-2
2.980000E-8	5.254819E-2
2.985000E-8	5.262870E-2
2.990000E-8	5.271264E-2
2.995000E-8	5.281027E-2
3.000000E-8	5.295930E-2
3.005000E-8	5.312888E-2
3.010000E-8	5.325735E-2
3.015000E-8	5.334643E-2
3.020000E-8	5.340981E-2
3.025000E-8	5.344235E-2
3.030000E-8	5.342694E-2
3.035000E-8	5.338925E-2
3.040000E-8	5.331388E-2
3.045000E-8	5.319398E-2
3.050000E-8	5.307407E-2
3.055000E-8	5.298157E-2
3.060000E-8	5.289592E-2
3.065000E-8	5.280342E-2
3.070000E-8	5.274347E-2
3.075000E-8	5.271606E-2
3.080000E-8	5.269379E-2
3.085000E-8	5.266467E-2
3.090000E-8	5.266981E-2
3.095000E-8	5.274861E-2
3.100000E-8	5.287023E-2
3.105000E-8	5.295759E-2
3.110000E-8	5.302439E-2
3.115000E-8	5.311175E-2
3.120000E-8	5.317685E-2
3.125000E-8	5.321453E-2
3.130000E-8	5.323680E-2
3.135000E-8	5.324708E-2
3.140000E-8	5.324194E-2
3.145000E-8	5.321624E-2
3.150000E-8	5.313060E-2
3.155000E-8	5.299699E-2
3.160000E-8	5.284967E-2
3.165000E-8	5.270750E-2
3.170000E-8	5.255847E-2
3.175000E-8	5.241630E-2
3.180000E-8	5.233407E-2
3.185000E-8	5.230324E-2
3.190000E-8	5.229639E-2
3.195000E-8	5.232894E-2
3.200000E-8	5.243343E-2
3.205000E-8	5.258759E-2
3.210000E-8	5.272977E-2
3.215000E-8	5.286509E-2
3.220000E-8	5.297129E-2
3.225000E-8	5.301412E-2
3.230000E-8	5.298671E-2
3.235000E-8	5.290791E-2
3.240000E-8	5.279657E-2
3.245000E-8	5.261671E-2
3.250000E-8	5.241458E-2
3.255000E-8	5.227755E-2
3.260000E-8	5.219019E-2
3.265000E-8	5.210968E-2
3.270000E-8	5.208398E-2
3.275000E-8	5.216278E-2
3.280000E-8	5.228269E-2
3.285000E-8	5.237519E-2
3.290000E-8	5.249167E-2
3.295000E-8	5.263898E-2
3.300000E-8	5.272463E-2
3.305000E-8	5.272634E-2
3.310000E-8	5.270236E-2
3.315000E-8	5.268694E-2
3.320000E-8	5.265097E-2
3.325000E-8	5.259102E-2
3.330000E-8	5.251907E-2
3.335000E-8	5.244370E-2
3.340000E-8	5.238032E-2
3.345000E-8	5.235463E-2
3.350000E-8	5.232037E-2
3.355000E-8	5.225014E-2
3.360000E-8	5.215422E-2
3.365000E-8	5.206000E-2
3.370000E-8	5.196579E-2
3.375000E-8	5.189899E-2
3.380000E-8	5.186987E-2
3.385000E-8	5.187500E-2
3.390000E-8	5.190070E-2
3.395000E-8	5.195723E-2
3.400000E-8	5.202403E-2
3.405000E-8	5.207199E-2
3.410000E-8	5.211996E-2
3.415000E-8	5.217991E-2
3.420000E-8	5.224500E-2
3.425000E-8	5.227926E-2
3.430000E-8	5.228954E-2
3.435000E-8	5.228269E-2
3.440000E-8	5.222616E-2
3.445000E-8	5.212167E-2
3.450000E-8	5.202403E-2
3.455000E-8	5.196408E-2
3.460000E-8	5.191783E-2
3.465000E-8	5.188528E-2
3.470000E-8	5.188014E-2
3.475000E-8	5.189727E-2
3.480000E-8	5.191098E-2
3.485000E-8	5.192639E-2
3.490000E-8	5.196750E-2
3.495000E-8	5.202061E-2
3.500000E-8	5.207885E-2
3.505000E-8	5.213195E-2
3.510000E-8	5.217134E-2
3.515000E-8	5.218334E-2
3.520000E-8	5.217991E-2
3.525000E-8	5.216621E-2
3.530000E-8	5.213709E-2
3.535000E-8	5.208398E-2
3.540000E-8	5.202232E-2
3.545000E-8	5.198635E-2
3.550000E-8	5.197264E-2
3.555000E-8	5.195894E-2
3.560000E-8	5.198463E-2
3.565000E-8	5.204116E-2
3.570000E-8	5.207885E-2
3.575000E-8	5.210454E-2
3.580000E-8	5.215764E-2
3.585000E-8	5.222958E-2
3.590000E-8	5.223130E-2
3.595000E-8	5.217648E-2
3.600000E-8	5.210111E-2
3.605000E-8	5.199834E-2
3.610000E-8	5.189213E-2
3.615000E-8	5.182533E-2
3.620000E-8	5.179278E-2
3.625000E-8	5.173454E-2
3.630000E-8	5.166089E-2
3.635000E-8	5.162320E-2
3.640000E-8	5.161292E-2
3.645000E-8	5.159237E-2
3.650000E-8	5.157695E-2
3.655000E-8	5.157695E-2
3.660000E-8	5.156667E-2
3.665000E-8	5.154612E-2
3.670000E-8	5.153755E-2
3.675000E-8	5.153413E-2
3.680000E-8	5.154954E-2
3.685000E-8	5.157695E-2
3.690000E-8	5.159237E-2
3.695000E-8	5.158380E-2
3.700000E-8	5.155126E-2
3.705000E-8	5.147589E-2
3.710000E-8	5.135598E-2
3.715000E-8	5.124464E-2
3.720000E-8	5.114186E-2
3.725000E-8	5.104594E-2
3.730000E-8	5.096371E-2
3.735000E-8	5.088663E-2
3.740000E-8	5.081811E-2
3.745000E-8	5.081640E-2
3.750000E-8	5.087978E-2
3.755000E-8	5.096371E-2
3.760000E-8	5.106820E-2
3.765000E-8	5.120353E-2
3.770000E-8	5.134742E-2
3.775000E-8	5.147760E-2
3.780000E-8	5.162663E-2
3.785000E-8	5.175167E-2
3.790000E-8	5.182190E-2
3.795000E-8	5.187329E-2
3.800000E-8	5.190755E-2
3.805000E-8	5.189213E-2
3.810000E-8	5.186301E-2
3.815000E-8	5.185959E-2
3.820000E-8	5.183218E-2
3.825000E-8	5.174311E-2
3.830000E-8	5.165403E-2
3.835000E-8	5.156839E-2
3.840000E-8	5.147931E-2
3.845000E-8	5.142279E-2
3.850000E-8	5.139538E-2
3.855000E-8	5.135941E-2
3.860000E-8	5.133200E-2
3.865000E-8	5.133200E-2
3.870000E-8	5.133542E-2
3.875000E-8	5.132172E-2
3.880000E-8	5.133371E-2
3.885000E-8	5.137654E-2
3.890000E-8	5.142279E-2
3.895000E-8	5.143820E-2
3.900000E-8	5.143820E-2
3.905000E-8	5.142792E-2
3.910000E-8	5.139709E-2
3.915000E-8	5.135255E-2
3.920000E-8	5.127718E-2
3.925000E-8	5.119154E-2
3.930000E-8	5.110589E-2
3.935000E-8	5.102024E-2
3.940000E-8	5.093973E-2
3.945000E-8	5.089006E-2
3.950000E-8	5.089691E-2
3.955000E-8	5.093631E-2
3.960000E-8	5.097399E-2
3.965000E-8	5.103566E-2
3.970000E-8	5.112473E-2
3.975000E-8	5.120181E-2
3.980000E-8	5.123436E-2
3.985000E-8	5.121894E-2
3.990000E-8	5.116927E-2
3.995000E-8	5.112645E-2
4.000000E-8	5.108191E-2
4.005000E-8	5.103052E-2
4.010000E-8	5.100654E-2
4.015000E-8	5.101853E-2
4.020000E-8	5.104080E-2
4.025000E-8	5.104594E-2
4.030000E-8	5.105793E-2
4.035000E-8	5.107848E-2
4.040000E-8	5.111445E-2
4.045000E-8	5.113158E-2
4.050000E-8	5.112473E-2
4.055000E-8	5.112816E-2
4.060000E-8	5.116242E-2
4.065000E-8	5.119496E-2
4.070000E-8	5.118126E-2
4.075000E-8	5.115043E-2
4.080000E-8	5.110246E-2
4.085000E-8	5.105450E-2
4.090000E-8	5.103566E-2
4.095000E-8	5.103908E-2
4.100000E-8	5.105279E-2
4.105000E-8	5.110246E-2
4.110000E-8	5.118640E-2
4.115000E-8	5.122408E-2
4.120000E-8	5.120353E-2
4.125000E-8	5.113501E-2
4.130000E-8	5.103566E-2
4.135000E-8	5.091747E-2
4.140000E-8	5.079927E-2
4.145000E-8	5.068793E-2
4.150000E-8	5.059543E-2
4.155000E-8	5.051835E-2
4.160000E-8	5.043955E-2
4.165000E-8	5.034363E-2
4.170000E-8	5.024941E-2
4.175000E-8	5.017233E-2
4.180000E-8	5.013807E-2
4.185000E-8	5.015692E-2
4.190000E-8	5.023057E-2
4.195000E-8	5.033164E-2
4.200000E-8	5.042756E-2
4.205000E-8	5.050122E-2
4.210000E-8	5.056974E-2
4.215000E-8	5.065024E-2
4.220000E-8	5.072561E-2
4.225000E-8	5.075645E-2
4.230000E-8	5.076330E-2
4.235000E-8	5.077015E-2
4.240000E-8	5.076673E-2
4.245000E-8	5.074103E-2
4.250000E-8	5.072904E-2
4.255000E-8	5.075473E-2
4.260000E-8	5.075816E-2
4.265000E-8	5.071362E-2
4.270000E-8	5.066909E-2
4.275000E-8	5.063825E-2
4.280000E-8	5.059372E-2
4.285000E-8	5.053205E-2
4.290000E-8	5.049094E-2
4.295000E-8	5.048923E-2
4.300000E-8	5.047895E-2
4.305000E-8	5.046011E-2
4.310000E-8	5.042756E-2
4.315000E-8	5.035219E-2
4.320000E-8	5.023229E-2
4.325000E-8	5.012608E-2
4.330000E-8	5.005756E-2
4.335000E-8	5.000960E-2
4.340000E-8	4.997192E-2
4.345000E-8	4.998219E-2
4.350000E-8	5.005414E-2
4.355000E-8	5.013979E-2
4.360000E-8	5.019631E-2
4.365000E-8	5.024770E-2
4.370000E-8	5.032478E-2
4.375000E-8	5.040872E-2
4.380000E-8	5.047210E-2
4.385000E-8	5.052691E-2
4.390000E-8	5.055432E-2
4.395000E-8	5.055946E-2
4.400000E-8	5.055089E-2
4.405000E-8	5.049779E-2
4.410000E-8	5.039159E-2
4.415000E-8	5.029738E-2
4.420000E-8	5.020830E-2
4.425000E-8	5.007298E-2
4.430000E-8	4.991710E-2
4.435000E-8	4.983659E-2
4.440000E-8	4.980576E-2
4.445000E-8	4.978349E-2
4.450000E-8	4.976465E-2
4.455000E-8	4.977835E-2
4.460000E-8	4.981946E-2
4.465000E-8	4.987599E-2
4.470000E-8	4.993766E-2
4.475000E-8	4.998391E-2
4.480000E-8	5.003187E-2
4.485000E-8	5.005756E-2
4.490000E-8	5.003701E-2
4.495000E-8	5.001303E-2
4.500000E-8	5.001817E-2
4.505000E-8	5.004900E-2
4.510000E-8	5.007812E-2
4.515000E-8	5.012266E-2
4.520000E-8	5.017576E-2
4.525000E-8	5.024599E-2
4.530000E-8	5.035219E-2
4.535000E-8	5.045326E-2
4.540000E-8	5.051663E-2
4.545000E-8	5.055775E-2
4.550000E-8	5.057316E-2
4.555000E-8	5.052006E-2
4.560000E-8	5.040529E-2
4.565000E-8	5.028710E-2
4.570000E-8	5.017576E-2
4.575000E-8	5.004557E-2
4.580000E-8	4.992395E-2
4.585000E-8	4.984002E-2
4.590000E-8	4.977835E-2
4.595000E-8	4.972868E-2
4.600000E-8	4.971326E-2
4.605000E-8	4.975095E-2
4.610000E-8	4.984345E-2
4.615000E-8	4.995307E-2
4.620000E-8	5.004729E-2
4.625000E-8	5.014492E-2
4.630000E-8	5.026826E-2
4.635000E-8	5.035219E-2
4.640000E-8	5.035219E-2
4.645000E-8	5.029395E-2
4.650000E-8	5.019631E-2
4.655000E-8	5.005243E-2
4.660000E-8	4.988456E-2
4.665000E-8	4.975095E-2
4.670000E-8	4.966016E-2
4.675000E-8	4.961220E-2
4.680000E-8	4.957965E-2
4.685000E-8	4.954882E-2
4.690000E-8	4.954539E-2
4.695000E-8	4.955738E-2
4.700000E-8	4.953169E-2
4.705000E-8	4.947345E-2
4.710000E-8	4.943748E-2
4.715000E-8	4.945289E-2
4.720000E-8	4.948373E-2
4.725000E-8	4.952484E-2
4.730000E-8	4.955396E-2
4.735000E-8	4.955738E-2
4.740000E-8	4.955567E-2
4.745000E-8	4.952826E-2
4.750000E-8	4.946317E-2
4.755000E-8	4.938609E-2
4.760000E-8	4.933470E-2
4.765000E-8	4.929701E-2
4.770000E-8	4.929701E-2
4.775000E-8	4.934326E-2
4.780000E-8	4.939808E-2
4.785000E-8	4.942377E-2
4.790000E-8	4.943062E-2
4.795000E-8	4.944604E-2
4.800000E-8	4.941007E-2
4.805000E-8	4.933127E-2
4.810000E-8	4.925762E-2
4.815000E-8	4.919595E-2
4.820000E-8	4.913086E-2
4.825000E-8	4.907776E-2
4.830000E-8	4.907091E-2
4.835000E-8	4.909489E-2
4.840000E-8	4.911544E-2
4.845000E-8	4.912058E-2
4.850000E-8	4.913428E-2
4.855000E-8	4.916340E-2
4.860000E-8	4.918053E-2
4.865000E-8	4.916854E-2
4.870000E-8	4.912401E-2
4.875000E-8	4.909146E-2
4.880000E-8	4.905720E-2
4.885000E-8	4.899211E-2
4.890000E-8	4.893387E-2
4.895000E-8	4.887220E-2
4.900000E-8	4.877970E-2
4.905000E-8	4.870776E-2
4.910000E-8	4.869406E-2
4.915000E-8	4.871975E-2
4.920000E-8	4.876429E-2
4.925000E-8	4.883623E-2
4.930000E-8	4.890646E-2
4.935000E-8	4.896813E-2
4.940000E-8	4.905378E-2
4.945000E-8	4.916854E-2
4.950000E-8	4.924220E-2
4.955000E-8	4.928502E-2
4.960000E-8	4.933127E-2
4.965000E-8	4.937752E-2
4.970000E-8	4.942891E-2
4.975000E-8	4.948715E-2
4.980000E-8	4.950599E-2
4.985000E-8	4.948886E-2
4.990000E-8	4.947002E-2
4.995000E-8	4.944262E-2
5.000000E-8	4.939123E-2
5.005000E-8	4.933641E-2
5.010000E-8	4.926789E-2
5.015000E-8	4.921137E-2
5.020000E-8	4.920623E-2
5.025000E-8	4.923706E-2
5.030000E-8	4.926276E-2
5.035000E-8	4.926789E-2
5.040000E-8	4.927303E-2
5.045000E-8	4.926447E-2
5.050000E-8	4.924391E-2
5.055000E-8	4.921137E-2
5.060000E-8	4.917197E-2
5.065000E-8	4.911544E-2
5.070000E-8	4.906577E-2
5.075000E-8	4.901609E-2
5.080000E-8	4.897155E-2
5.085000E-8	4.893387E-2
5.090000E-8	4.890646E-2
5.095000E-8	4.886878E-2
5.100000E-8	4.883109E-2
5.105000E-8	4.878484E-2
5.110000E-8	4.875572E-2
5.115000E-8	4.875058E-2
5.120000E-8	4.877114E-2
5.125000E-8	4.880368E-2
5.130000E-8	4.882595E-2
5.135000E-8	4.883280E-2
5.140000E-8	4.882424E-2
5.145000E-8	4.882938E-2
5.150000E-8	4.886021E-2
5.155000E-8	4.889447E-2
5.160000E-8	4.890132E-2
5.165000E-8	4.887049E-2
5.170000E-8	4.881568E-2
5.175000E-8	4.872832E-2
5.180000E-8	4.862383E-2
5.185000E-8	4.853989E-2
5.190000E-8	4.847480E-2
5.195000E-8	4.842684E-2
5.200000E-8	4.838572E-2
5.205000E-8	4.835660E-2
5.210000E-8	4.834633E-2
5.215000E-8	4.834461E-2
5.220000E-8	4.834633E-2
5.225000E-8	4.832920E-2
5.230000E-8	4.827438E-2
5.235000E-8	4.822299E-2
5.240000E-8	4.820073E-2
5.245000E-8	4.817503E-2
5.250000E-8	4.817161E-2
5.255000E-8	4.822128E-2
5.260000E-8	4.827952E-2
5.265000E-8	4.829836E-2
5.270000E-8	4.830522E-2
5.275000E-8	4.833091E-2
5.280000E-8	4.835832E-2
5.285000E-8	4.837031E-2
5.290000E-8	4.838230E-2
5.295000E-8	4.839258E-2
5.300000E-8	4.840114E-2
5.305000E-8	4.841313E-2
5.310000E-8	4.844054E-2
5.315000E-8	4.846623E-2
5.320000E-8	4.849535E-2
5.325000E-8	4.851591E-2
5.330000E-8	4.853646E-2
5.335000E-8	4.857586E-2
5.340000E-8	4.863924E-2
5.345000E-8	4.866836E-2
5.350000E-8	4.864095E-2
5.355000E-8	4.858271E-2
5.360000E-8	4.848850E-2
5.365000E-8	4.838744E-2
5.370000E-8	4.829665E-2
5.375000E-8	4.823499E-2
5.380000E-8	4.820587E-2
5.385000E-8	4.818531E-2
5.390000E-8	4.818017E-2
5.395000E-8	4.818360E-2
5.400000E-8	4.818531E-2
5.405000E-8	4.814762E-2
5.410000E-8	4.809966E-2
5.415000E-8	4.807911E-2
5.420000E-8	4.806540E-2
5.425000E-8	4.802429E-2
5.430000E-8	4.797290E-2
5.435000E-8	4.792837E-2
5.440000E-8	4.790096E-2
5.445000E-8	4.788726E-2
5.450000E-8	4.787184E-2
5.455000E-8	4.784957E-2
5.460000E-8	4.783587E-2
5.465000E-8	4.786670E-2
5.470000E-8	4.794378E-2
5.475000E-8	4.800374E-2
5.480000E-8	4.802429E-2
5.485000E-8	4.802087E-2
5.490000E-8	4.801573E-2
5.495000E-8	4.797976E-2
5.500000E-8	4.790781E-2
5.505000E-8	4.784615E-2
5.510000E-8	4.784101E-2
5.515000E-8	4.786156E-2
5.520000E-8	4.787355E-2
5.525000E-8	4.793179E-2
5.530000E-8	4.803114E-2
5.535000E-8	4.810823E-2
5.540000E-8	4.813735E-2
5.545000E-8	4.813050E-2
5.550000E-8	4.809452E-2
5.555000E-8	4.803457E-2
5.560000E-8	4.797804E-2
5.565000E-8	4.790096E-2
5.570000E-8	4.781874E-2
5.575000E-8	4.777591E-2
5.580000E-8	4.776906E-2
5.585000E-8	4.775193E-2
5.590000E-8	4.772624E-2
5.595000E-8	4.772281E-2
5.600000E-8	4.771082E-2
5.605000E-8	4.767142E-2
5.610000E-8	4.762175E-2
5.615000E-8	4.760119E-2
5.620000E-8	4.755666E-2
5.625000E-8	4.750184E-2
5.630000E-8	4.749157E-2
5.635000E-8	4.752754E-2
5.640000E-8	4.752582E-2
5.645000E-8	4.747272E-2
5.650000E-8	4.742990E-2
5.655000E-8	4.743675E-2
5.660000E-8	4.748300E-2
5.665000E-8	4.754809E-2
5.670000E-8	4.759777E-2
5.675000E-8	4.760291E-2
5.680000E-8	4.758920E-2
5.685000E-8	4.755152E-2
5.690000E-8	4.746073E-2
5.695000E-8	4.734939E-2
5.700000E-8	4.722606E-2
5.705000E-8	4.708046E-2
5.710000E-8	4.693143E-2
5.715000E-8	4.682865E-2
5.720000E-8	4.674301E-2
5.725000E-8	4.665393E-2
5.730000E-8	4.661796E-2
5.735000E-8	4.664194E-2
5.740000E-8	4.669333E-2
5.745000E-8	4.677041E-2
5.750000E-8	4.690231E-2
5.755000E-8	4.704791E-2
5.760000E-8	4.718666E-2
5.765000E-8	4.730143E-2
5.770000E-8	4.737680E-2
5.775000E-8	4.739564E-2
5.780000E-8	4.738536E-2
5.785000E-8	4.732712E-2
5.790000E-8	4.723120E-2
5.795000E-8	4.714555E-2
5.800000E-8	4.710444E-2
5.805000E-8	4.707018E-2
5.810000E-8	4.704449E-2
5.815000E-8	4.706847E-2
5.820000E-8	4.712671E-2
5.825000E-8	4.719694E-2
5.830000E-8	4.728430E-2
5.835000E-8	4.740592E-2
5.840000E-8	4.751383E-2
5.845000E-8	4.760633E-2
5.850000E-8	4.766971E-2
5.855000E-8	4.768342E-2
5.860000E-8	4.765772E-2
5.865000E-8	4.761318E-2
5.870000E-8	4.754809E-2
5.875000E-8	4.746073E-2
5.880000E-8	4.736138E-2
5.885000E-8	4.725347E-2
5.890000E-8	4.714726E-2
5.895000E-8	4.706161E-2
5.900000E-8	4.702050E-2
5.905000E-8	4.699310E-2
5.910000E-8	4.696912E-2
5.915000E-8	4.697425E-2
5.920000E-8	4.700166E-2
5.925000E-8	4.703421E-2
5.930000E-8	4.708388E-2
5.935000E-8	4.714041E-2
5.940000E-8	4.716268E-2
5.945000E-8	4.714384E-2
5.950000E-8	4.713870E-2
5.955000E-8	4.711985E-2
5.960000E-8	4.705648E-2
5.965000E-8	4.697768E-2
5.970000E-8	4.694171E-2
5.975000E-8	4.688518E-2
5.980000E-8	4.676356E-2
5.985000E-8	4.662481E-2
5.990000E-8	4.651690E-2
5.995000E-8	4.644324E-2
6.000000E-8	4.635931E-2
6.005000E-8	4.628394E-2
6.010000E-8	4.624968E-2
6.015000E-8	4.628051E-2
6.020000E-8	4.637301E-2
6.025000E-8	4.647236E-2
6.030000E-8	4.658199E-2
6.035000E-8	4.669504E-2
6.040000E-8	4.677898E-2
6.045000E-8	4.679953E-2
6.050000E-8	4.678412E-2
6.055000E-8	4.679782E-2
6.060000E-8	4.680981E-2
6.065000E-8	4.678926E-2
6.070000E-8	4.673273E-2
6.075000E-8	4.665907E-2
6.080000E-8	4.657342E-2
6.085000E-8	4.649120E-2
6.090000E-8	4.642954E-2
6.095000E-8	4.637130E-2
6.100000E-8	4.633190E-2
6.105000E-8	4.632847E-2
6.110000E-8	4.631477E-2
6.115000E-8	4.630449E-2
6.120000E-8	4.632505E-2
6.125000E-8	4.637472E-2
6.130000E-8	4.642097E-2
6.135000E-8	4.646208E-2
6.140000E-8	4.651861E-2
6.145000E-8	4.654602E-2
6.150000E-8	4.655287E-2
6.155000E-8	4.656486E-2
6.160000E-8	4.656143E-2
6.165000E-8	4.652032E-2
6.170000E-8	4.645866E-2
6.175000E-8	4.639870E-2
6.180000E-8	4.634903E-2
6.185000E-8	4.631477E-2
6.190000E-8	4.629593E-2
6.195000E-8	4.630963E-2
6.200000E-8	4.635074E-2
6.205000E-8	4.637643E-2
6.210000E-8	4.634903E-2
6.215000E-8	4.632162E-2
6.220000E-8	4.631477E-2
6.225000E-8	4.629593E-2
6.230000E-8	4.627708E-2
6.235000E-8	4.629935E-2
6.240000E-8	4.636444E-2
6.245000E-8	4.642268E-2
6.250000E-8	4.649977E-2
6.255000E-8	4.661625E-2
6.260000E-8	4.672588E-2
6.265000E-8	4.680981E-2
6.270000E-8	4.687833E-2
6.275000E-8	4.693828E-2
6.280000E-8	4.695884E-2
6.285000E-8	4.697425E-2
6.290000E-8	4.698624E-2
6.295000E-8	4.696912E-2
6.300000E-8	4.691430E-2
6.305000E-8	4.682694E-2
6.310000E-8	4.675157E-2
6.315000E-8	4.667963E-2
6.320000E-8	4.660597E-2
6.325000E-8	4.651861E-2
6.330000E-8	4.645694E-2
6.335000E-8	4.641755E-2
6.340000E-8	4.639356E-2
6.345000E-8	4.637130E-2
6.350000E-8	4.633018E-2
6.355000E-8	4.626681E-2
6.360000E-8	4.619315E-2
6.365000E-8	4.613148E-2
6.370000E-8	4.607496E-2
6.375000E-8	4.603727E-2
6.380000E-8	4.601672E-2
6.385000E-8	4.602357E-2
6.390000E-8	4.604584E-2
6.395000E-8	4.605097E-2
6.400000E-8	4.602528E-2
6.405000E-8	4.599102E-2
6.410000E-8	4.595676E-2
6.415000E-8	4.591565E-2
6.420000E-8	4.586769E-2
6.425000E-8	4.583343E-2
6.430000E-8	4.580602E-2
6.435000E-8	4.578718E-2
6.440000E-8	4.577690E-2
6.445000E-8	4.577005E-2
6.450000E-8	4.575977E-2
6.455000E-8	4.575463E-2
6.460000E-8	4.576320E-2
6.465000E-8	4.578033E-2
6.470000E-8	4.579574E-2
6.475000E-8	4.579746E-2
6.480000E-8	4.579917E-2
6.485000E-8	4.578718E-2
6.490000E-8	4.577176E-2
6.495000E-8	4.574436E-2
6.500000E-8	4.572209E-2
6.505000E-8	4.573922E-2
6.510000E-8	4.580945E-2
6.515000E-8	4.589338E-2
6.520000E-8	4.595162E-2
6.525000E-8	4.600644E-2
6.530000E-8	4.606639E-2
6.535000E-8	4.610065E-2
6.540000E-8	4.611607E-2
6.545000E-8	4.609380E-2
6.550000E-8	4.602014E-2
6.555000E-8	4.588824E-2
6.560000E-8	4.573408E-2
6.565000E-8	4.555422E-2
6.570000E-8	4.538121E-2
6.575000E-8	4.526302E-2
6.580000E-8	4.517052E-2
6.585000E-8	4.508316E-2
6.590000E-8	4.503348E-2
6.595000E-8	4.505232E-2
6.600000E-8	4.507288E-2
6.605000E-8	4.507288E-2
6.610000E-8	4.511742E-2
6.615000E-8	4.521505E-2
6.620000E-8	4.530070E-2
6.625000E-8	4.536066E-2
6.630000E-8	4.543260E-2
6.635000E-8	4.551482E-2
6.640000E-8	4.560047E-2
6.645000E-8	4.565528E-2
6.650000E-8	4.567755E-2
6.655000E-8	4.565014E-2
6.660000E-8	4.561075E-2
6.665000E-8	4.555251E-2
6.670000E-8	4.546515E-2
6.675000E-8	4.535894E-2
6.680000E-8	4.524589E-2
6.685000E-8	4.510029E-2
6.690000E-8	4.495982E-2
6.695000E-8	4.486561E-2
6.700000E-8	4.479024E-2
6.705000E-8	4.472686E-2
6.710000E-8	4.472172E-2
6.715000E-8	4.479196E-2
6.720000E-8	4.490330E-2
6.725000E-8	4.503006E-2
6.730000E-8	4.517908E-2
6.735000E-8	4.533667E-2
6.740000E-8	4.544973E-2
6.745000E-8	4.547028E-2
6.750000E-8	4.543260E-2
6.755000E-8	4.541204E-2
6.760000E-8	4.538121E-2
6.765000E-8	4.528871E-2
6.770000E-8	4.516195E-2
6.775000E-8	4.505746E-2
6.780000E-8	4.495297E-2
6.785000E-8	4.486047E-2
6.790000E-8	4.480052E-2
6.795000E-8	4.479881E-2
6.800000E-8	4.483478E-2
6.805000E-8	4.490672E-2
6.810000E-8	4.501978E-2
6.815000E-8	4.515681E-2
6.820000E-8	4.529042E-2
6.825000E-8	4.541033E-2
6.830000E-8	4.550797E-2
6.835000E-8	4.556450E-2
6.840000E-8	4.555936E-2
6.845000E-8	4.548399E-2
6.850000E-8	4.535723E-2
6.855000E-8	4.521505E-2
6.860000E-8	4.504890E-2
6.865000E-8	4.486047E-2
6.870000E-8	4.469089E-2
6.875000E-8	4.457955E-2
6.880000E-8	4.451788E-2
6.885000E-8	4.447506E-2
6.890000E-8	4.447163E-2
6.895000E-8	4.451103E-2
6.900000E-8	4.457270E-2
6.905000E-8	4.461723E-2
6.910000E-8	4.465321E-2
6.915000E-8	4.470117E-2
6.920000E-8	4.476112E-2
6.925000E-8	4.483135E-2
6.930000E-8	4.491529E-2
6.935000E-8	4.500436E-2
6.940000E-8	4.507631E-2
6.945000E-8	4.512427E-2
6.950000E-8	4.514140E-2
6.955000E-8	4.512598E-2
6.960000E-8	4.510029E-2
6.965000E-8	4.505918E-2
6.970000E-8	4.501635E-2
6.975000E-8	4.496668E-2
6.980000E-8	4.490844E-2
6.985000E-8	4.481422E-2
6.990000E-8	4.471830E-2
6.995000E-8	4.463779E-2
7.000000E-8	4.459839E-2
7.005000E-8	4.459668E-2
7.010000E-8	4.463265E-2
7.015000E-8	4.469432E-2
7.020000E-8	4.477311E-2
7.025000E-8	4.487760E-2
7.030000E-8	4.498209E-2
7.035000E-8	4.505232E-2
7.040000E-8	4.507288E-2
7.045000E-8	4.508658E-2
7.050000E-8	4.508144E-2
7.055000E-8	4.505404E-2
7.060000E-8	4.498552E-2
7.065000E-8	4.491358E-2
7.070000E-8	4.483478E-2
7.075000E-8	4.474571E-2
7.080000E-8	4.462923E-2
7.085000E-8	4.449904E-2
7.090000E-8	4.439798E-2
7.095000E-8	4.433802E-2
7.100000E-8	4.428835E-2
7.105000E-8	4.426608E-2
7.110000E-8	4.428321E-2
7.115000E-8	4.432603E-2
7.120000E-8	4.436201E-2
7.125000E-8	4.439113E-2
7.130000E-8	4.442196E-2
7.135000E-8	4.443909E-2
7.140000E-8	4.443052E-2
7.145000E-8	4.441168E-2
7.150000E-8	4.439113E-2
7.155000E-8	4.438770E-2
7.160000E-8	4.438941E-2
7.165000E-8	4.436543E-2
7.170000E-8	4.430719E-2
7.175000E-8	4.425238E-2
7.180000E-8	4.425409E-2
7.185000E-8	4.429006E-2
7.190000E-8	4.433289E-2
7.195000E-8	4.438770E-2
7.200000E-8	4.443909E-2
7.205000E-8	4.448191E-2
7.210000E-8	4.451617E-2
7.215000E-8	4.451617E-2
7.220000E-8	4.449048E-2
7.225000E-8	4.447335E-2
7.230000E-8	4.446992E-2
7.235000E-8	4.445793E-2
7.240000E-8	4.442025E-2
7.245000E-8	4.438427E-2
7.250000E-8	4.437057E-2
7.255000E-8	4.435858E-2
7.260000E-8	4.433289E-2
7.265000E-8	4.428835E-2
7.270000E-8	4.423182E-2
7.275000E-8	4.413076E-2
7.280000E-8	4.399372E-2
7.285000E-8	4.389094E-2
7.290000E-8	4.386525E-2
7.295000E-8	4.387553E-2
7.300000E-8	4.389608E-2
7.305000E-8	4.394576E-2
7.310000E-8	4.402284E-2
7.315000E-8	4.407937E-2
7.320000E-8	4.411020E-2
7.325000E-8	4.412048E-2
7.330000E-8	4.411534E-2
7.335000E-8	4.411020E-2
7.340000E-8	4.408622E-2
7.345000E-8	4.403654E-2
7.350000E-8	4.395775E-2
7.355000E-8	4.386354E-2
7.360000E-8	4.375220E-2
7.365000E-8	4.364085E-2
7.370000E-8	4.356720E-2
7.375000E-8	4.354493E-2
7.380000E-8	4.355007E-2
7.385000E-8	4.356377E-2
7.390000E-8	4.360659E-2
7.395000E-8	4.366655E-2
7.400000E-8	4.371622E-2
7.405000E-8	4.376076E-2
7.410000E-8	4.379673E-2
7.415000E-8	4.381215E-2
7.420000E-8	4.380701E-2
7.425000E-8	4.380187E-2
7.430000E-8	4.377789E-2
7.435000E-8	4.373507E-2
7.440000E-8	4.368025E-2
7.445000E-8	4.364771E-2
7.450000E-8	4.363229E-2
7.455000E-8	4.363400E-2
7.460000E-8	4.364771E-2
7.465000E-8	4.368539E-2
7.470000E-8	4.375048E-2
7.475000E-8	4.381215E-2
7.480000E-8	4.384812E-2
7.485000E-8	4.386354E-2
7.490000E-8	4.387895E-2
7.495000E-8	4.388923E-2
7.500000E-8	4.385840E-2
7.505000E-8	4.382071E-2
7.510000E-8	4.381900E-2
7.515000E-8	4.382414E-2
7.520000E-8	4.379844E-2
7.525000E-8	4.374534E-2
7.530000E-8	4.367340E-2
7.535000E-8	4.360659E-2
7.540000E-8	4.355178E-2
7.545000E-8	4.349354E-2
7.550000E-8	4.343701E-2
7.555000E-8	4.340961E-2
7.560000E-8	4.338220E-2
7.565000E-8	4.334623E-2
7.570000E-8	4.334794E-2
7.575000E-8	4.340447E-2
7.580000E-8	4.345585E-2
7.585000E-8	4.350039E-2
7.590000E-8	4.357747E-2
7.595000E-8	4.368196E-2
7.600000E-8	4.375905E-2
7.605000E-8	4.380358E-2
7.610000E-8	4.380530E-2
7.615000E-8	4.375220E-2
7.620000E-8	4.368539E-2
7.625000E-8	4.361173E-2
7.630000E-8	4.351752E-2
7.635000E-8	4.340961E-2
7.640000E-8	4.328799E-2
7.645000E-8	4.313553E-2
7.650000E-8	4.298651E-2
7.655000E-8	4.286660E-2
7.660000E-8	4.277239E-2
7.665000E-8	4.269530E-2
7.670000E-8	4.262507E-2
7.675000E-8	4.256341E-2
7.680000E-8	4.253429E-2
7.685000E-8	4.256341E-2
7.690000E-8	4.265933E-2
7.695000E-8	4.277067E-2
7.700000E-8	4.288373E-2
7.705000E-8	4.300535E-2
7.710000E-8	4.311669E-2
7.715000E-8	4.320748E-2
7.720000E-8	4.327428E-2
7.725000E-8	4.329998E-2
7.730000E-8	4.327257E-2
7.735000E-8	4.321947E-2
7.740000E-8	4.316808E-2
7.745000E-8	4.309956E-2
7.750000E-8	4.303447E-2
7.755000E-8	4.299336E-2
7.760000E-8	4.297623E-2
7.765000E-8	4.297623E-2
7.770000E-8	4.300535E-2
7.775000E-8	4.307558E-2
7.780000E-8	4.315095E-2
7.785000E-8	4.320234E-2
7.790000E-8	4.322975E-2
7.795000E-8	4.321433E-2
7.800000E-8	4.315609E-2
7.805000E-8	4.307729E-2
7.810000E-8	4.299678E-2
7.815000E-8	4.292655E-2
7.820000E-8	4.285118E-2
7.825000E-8	4.276040E-2
7.830000E-8	4.267818E-2
7.835000E-8	4.265248E-2
7.840000E-8	4.266276E-2
7.845000E-8	4.267646E-2
7.850000E-8	4.272956E-2
7.855000E-8	4.283063E-2
7.860000E-8	4.292827E-2
7.865000E-8	4.301049E-2
7.870000E-8	4.308414E-2
7.875000E-8	4.312183E-2
7.880000E-8	4.307044E-2
7.885000E-8	4.296253E-2
7.890000E-8	4.282892E-2
7.895000E-8	4.270044E-2
7.900000E-8	4.258568E-2
7.905000E-8	4.250003E-2
7.910000E-8	4.245207E-2
7.915000E-8	4.248119E-2
7.920000E-8	4.257026E-2
7.925000E-8	4.268160E-2
7.930000E-8	4.281692E-2
7.935000E-8	4.296253E-2
7.940000E-8	4.307558E-2
7.945000E-8	4.313725E-2
7.950000E-8	4.318692E-2
7.955000E-8	4.321947E-2
7.960000E-8	4.319035E-2
7.965000E-8	4.310984E-2
7.970000E-8	4.303447E-2
7.975000E-8	4.296253E-2
7.980000E-8	4.287174E-2
7.985000E-8	4.279294E-2
7.990000E-8	4.274155E-2
7.995000E-8	4.271415E-2
8.000000E-8	4.269017E-2
8.005000E-8	4.266961E-2
8.010000E-8	4.264563E-2
8.015000E-8	4.261480E-2
8.020000E-8	4.256512E-2
8.025000E-8	4.250859E-2
8.030000E-8	4.246748E-2
8.035000E-8	4.244008E-2
8.040000E-8	4.241438E-2
8.045000E-8	4.237670E-2
8.050000E-8	4.235443E-2
8.055000E-8	4.233559E-2
8.060000E-8	4.231674E-2
8.065000E-8	4.232188E-2
8.070000E-8	4.238012E-2
8.075000E-8	4.247605E-2
8.080000E-8	4.258225E-2
8.085000E-8	4.270044E-2
8.090000E-8	4.281350E-2
8.095000E-8	4.288202E-2
8.100000E-8	4.293340E-2
8.105000E-8	4.298137E-2
8.110000E-8	4.300877E-2
8.115000E-8	4.302419E-2
8.120000E-8	4.303618E-2
8.125000E-8	4.303789E-2
8.130000E-8	4.301049E-2
8.135000E-8	4.294882E-2
8.140000E-8	4.285461E-2
8.145000E-8	4.272956E-2
8.150000E-8	4.260452E-2
8.155000E-8	4.248119E-2
8.160000E-8	4.235100E-2
8.165000E-8	4.224651E-2
8.170000E-8	4.218998E-2
8.175000E-8	4.217114E-2
8.180000E-8	4.218827E-2
8.185000E-8	4.223281E-2
8.190000E-8	4.227906E-2
8.195000E-8	4.232531E-2
8.200000E-8	4.237498E-2
8.205000E-8	4.239554E-2
8.210000E-8	4.238526E-2
8.215000E-8	4.234758E-2
8.220000E-8	4.228420E-2
8.225000E-8	4.218485E-2
8.230000E-8	4.208892E-2
8.235000E-8	4.200670E-2
8.240000E-8	4.193647E-2
8.245000E-8	4.190392E-2
8.250000E-8	4.191934E-2
8.255000E-8	4.197244E-2
8.260000E-8	4.204096E-2
8.265000E-8	4.211633E-2
8.270000E-8	4.219855E-2
8.275000E-8	4.226193E-2
8.280000E-8	4.230304E-2
8.285000E-8	4.232702E-2
8.290000E-8	4.235957E-2
8.295000E-8	4.238526E-2
8.300000E-8	4.240753E-2
8.305000E-8	4.241781E-2
8.310000E-8	4.240753E-2
8.315000E-8	4.240239E-2
8.320000E-8	4.240068E-2
8.325000E-8	4.237498E-2
8.330000E-8	4.233730E-2
8.335000E-8	4.229276E-2
8.340000E-8	4.223281E-2
8.345000E-8	4.214716E-2
8.350000E-8	4.205637E-2
8.355000E-8	4.199642E-2
8.360000E-8	4.195017E-2
8.365000E-8	4.189878E-2
8.370000E-8	4.187651E-2
8.375000E-8	4.191591E-2
8.380000E-8	4.199642E-2
8.385000E-8	4.207864E-2
8.390000E-8	4.213346E-2
8.395000E-8	4.215915E-2
8.400000E-8	4.215230E-2
8.405000E-8	4.211290E-2
8.410000E-8	4.204438E-2
8.415000E-8	4.196216E-2
8.420000E-8	4.187823E-2
8.425000E-8	4.176860E-2
8.430000E-8	4.163841E-2
8.435000E-8	4.151851E-2
8.440000E-8	4.141744E-2
8.445000E-8	4.133180E-2
8.450000E-8	4.128212E-2
8.455000E-8	4.129925E-2
8.460000E-8	4.137633E-2
8.465000E-8	4.150994E-2
8.470000E-8	4.165897E-2
8.475000E-8	4.180800E-2
8.480000E-8	4.194161E-2
8.485000E-8	4.205466E-2
8.490000E-8	4.213346E-2
8.495000E-8	4.219170E-2
8.500000E-8	4.223966E-2
8.505000E-8	4.225165E-2
8.510000E-8	4.220026E-2
8.515000E-8	4.211804E-2
8.520000E-8	4.204438E-2
8.525000E-8	4.197929E-2
8.530000E-8	4.192448E-2
8.535000E-8	4.190221E-2
8.540000E-8	4.191420E-2
8.545000E-8	4.192105E-2
8.550000E-8	4.191934E-2
8.555000E-8	4.192448E-2
8.560000E-8	4.191934E-2
8.565000E-8	4.189022E-2
8.570000E-8	4.186795E-2
8.575000E-8	4.184911E-2
8.580000E-8	4.181827E-2
8.585000E-8	4.175832E-2
8.590000E-8	4.168809E-2
8.595000E-8	4.160929E-2
8.600000E-8	4.151337E-2
8.605000E-8	4.140203E-2
8.610000E-8	4.128041E-2
8.615000E-8	4.115022E-2
8.620000E-8	4.101319E-2
8.625000E-8	4.087958E-2
8.630000E-8	4.079050E-2
8.635000E-8	4.076995E-2
8.640000E-8	4.081277E-2
8.645000E-8	4.088129E-2
8.650000E-8	4.097550E-2
8.655000E-8	4.111083E-2
8.660000E-8	4.126842E-2
8.665000E-8	4.144485E-2
8.670000E-8	4.163328E-2
8.675000E-8	4.180457E-2
8.680000E-8	4.194332E-2
8.685000E-8	4.204267E-2
8.690000E-8	4.209920E-2
8.695000E-8	4.210434E-2
8.700000E-8	4.204610E-2
8.705000E-8	4.193133E-2
8.710000E-8	4.180628E-2
8.715000E-8	4.168809E-2
8.720000E-8	4.155105E-2
8.725000E-8	4.138319E-2
8.730000E-8	4.125643E-2
8.735000E-8	4.118277E-2
8.740000E-8	4.113138E-2
8.745000E-8	4.110911E-2
8.750000E-8	4.115536E-2
8.755000E-8	4.125300E-2
8.760000E-8	4.133865E-2
8.765000E-8	4.144143E-2
8.770000E-8	4.154592E-2
8.775000E-8	4.159559E-2
8.780000E-8	4.157161E-2
8.785000E-8	4.148425E-2
8.790000E-8	4.135578E-2
8.795000E-8	4.117934E-2
8.800000E-8	4.098578E-2
8.805000E-8	4.079736E-2
8.810000E-8	4.065176E-2
8.815000E-8	4.058495E-2
8.820000E-8	4.058666E-2
8.825000E-8	4.061236E-2
8.830000E-8	4.069287E-2
8.835000E-8	4.084874E-2
8.840000E-8	4.103888E-2
8.845000E-8	4.123930E-2
8.850000E-8	4.144143E-2
8.855000E-8	4.160587E-2
8.860000E-8	4.169152E-2
8.865000E-8	4.172920E-2
8.870000E-8	4.173434E-2
8.875000E-8	4.165212E-2
8.880000E-8	4.149967E-2
8.885000E-8	4.135578E-2
8.890000E-8	4.123073E-2
8.895000E-8	4.112624E-2
8.900000E-8	4.105772E-2
8.905000E-8	4.102004E-2
8.910000E-8	4.100805E-2
8.915000E-8	4.102689E-2
8.920000E-8	4.107999E-2
8.925000E-8	4.112282E-2
8.930000E-8	4.115194E-2
8.935000E-8	4.119647E-2
8.940000E-8	4.125814E-2
8.945000E-8	4.128041E-2
8.950000E-8	4.127013E-2
8.955000E-8	4.123758E-2
8.960000E-8	4.119819E-2
8.965000E-8	4.113823E-2
8.970000E-8	4.107314E-2
8.975000E-8	4.099435E-2
8.980000E-8	4.089842E-2
8.985000E-8	4.079222E-2
8.990000E-8	4.070828E-2
8.995000E-8	4.064319E-2
9.000000E-8	4.060037E-2
9.005000E-8	4.056611E-2
9.010000E-8	4.053699E-2
9.015000E-8	4.050273E-2
9.020000E-8	4.046333E-2
9.025000E-8	4.043078E-2
9.030000E-8	4.043592E-2
9.035000E-8	4.048389E-2
9.040000E-8	4.057467E-2
9.045000E-8	4.069801E-2
9.050000E-8	4.082134E-2
9.055000E-8	4.088643E-2
9.060000E-8	4.091555E-2
9.065000E-8	4.094810E-2
9.070000E-8	4.096523E-2
9.075000E-8	4.094467E-2
9.080000E-8	4.087615E-2
9.085000E-8	4.076995E-2
9.090000E-8	4.063976E-2
9.095000E-8	4.050444E-2
9.100000E-8	4.036055E-2
9.105000E-8	4.022866E-2
9.110000E-8	4.011560E-2
9.115000E-8	4.002139E-2
9.120000E-8	3.993574E-2
9.125000E-8	3.988264E-2
9.130000E-8	3.986722E-2
9.135000E-8	3.987579E-2
9.140000E-8	3.991519E-2
9.145000E-8	3.998713E-2
9.150000E-8	4.006421E-2
9.155000E-8	4.014130E-2
9.160000E-8	4.020981E-2
9.165000E-8	4.025778E-2
9.170000E-8	4.029032E-2
9.175000E-8	4.032458E-2
9.180000E-8	4.034171E-2
9.185000E-8	4.030917E-2
9.190000E-8	4.025435E-2
9.195000E-8	4.021495E-2
9.200000E-8	4.018069E-2
9.205000E-8	4.015671E-2
9.210000E-8	4.016699E-2
9.215000E-8	4.020296E-2
9.220000E-8	4.020468E-2
9.225000E-8	4.018926E-2
9.230000E-8	4.019611E-2
9.235000E-8	4.022523E-2
9.240000E-8	4.025606E-2
9.245000E-8	4.027833E-2
9.250000E-8	4.030060E-2
9.255000E-8	4.030060E-2
9.260000E-8	4.029546E-2
9.265000E-8	4.029889E-2
9.270000E-8	4.031430E-2
9.275000E-8	4.030574E-2
9.280000E-8	4.025949E-2
9.285000E-8	4.020810E-2
9.290000E-8	4.017727E-2
9.295000E-8	4.014301E-2
9.300000E-8	4.009676E-2
9.305000E-8	4.006593E-2
9.310000E-8	4.006764E-2
9.315000E-8	4.007107E-2
9.320000E-8	4.007792E-2
9.325000E-8	4.008991E-2
9.330000E-8	4.008991E-2
9.335000E-8	4.006764E-2
9.340000E-8	4.005222E-2
9.345000E-8	4.006593E-2
9.350000E-8	4.009333E-2
9.355000E-8	4.012588E-2
9.360000E-8	4.016870E-2
9.365000E-8	4.020468E-2
9.370000E-8	4.021153E-2
9.375000E-8	4.021153E-2
9.380000E-8	4.021667E-2
9.385000E-8	4.021667E-2
9.390000E-8	4.019954E-2
9.395000E-8	4.017556E-2
9.400000E-8	4.018755E-2
9.405000E-8	4.022352E-2
9.410000E-8	4.025949E-2
9.415000E-8	4.027662E-2
9.420000E-8	4.030745E-2
9.425000E-8	4.033315E-2
9.430000E-8	4.034000E-2
9.435000E-8	4.034342E-2
9.440000E-8	4.037940E-2
9.445000E-8	4.042565E-2
9.450000E-8	4.046676E-2
9.455000E-8	4.048217E-2
9.460000E-8	4.046847E-2
9.465000E-8	4.043935E-2
9.470000E-8	4.042907E-2
9.475000E-8	4.042051E-2
9.480000E-8	4.037597E-2
9.485000E-8	4.031430E-2
9.490000E-8	4.025264E-2
9.495000E-8	4.017042E-2
9.500000E-8	4.005051E-2
9.505000E-8	3.990834E-2
9.510000E-8	3.978843E-2
9.515000E-8	3.972676E-2
9.520000E-8	3.967366E-2
9.525000E-8	3.960172E-2
9.530000E-8	3.955033E-2
9.535000E-8	3.954690E-2
9.540000E-8	3.954862E-2
9.545000E-8	3.955033E-2
9.550000E-8	3.955375E-2
9.555000E-8	3.955889E-2
9.560000E-8	3.956232E-2
9.565000E-8	3.956746E-2
9.570000E-8	3.957260E-2
9.575000E-8	3.955889E-2
9.580000E-8	3.953491E-2
9.585000E-8	3.953834E-2
9.590000E-8	3.955889E-2
9.595000E-8	3.961542E-2
9.600000E-8	3.971648E-2
9.605000E-8	3.982611E-2
9.610000E-8	3.992718E-2
9.615000E-8	4.001454E-2
9.620000E-8	4.008134E-2
9.625000E-8	4.010019E-2
9.630000E-8	4.009847E-2
9.635000E-8	4.009333E-2
9.640000E-8	4.007278E-2
9.645000E-8	4.001454E-2
9.650000E-8	3.993403E-2
9.655000E-8	3.985695E-2
9.660000E-8	3.981241E-2
9.665000E-8	3.978500E-2
9.670000E-8	3.977986E-2
9.675000E-8	3.980385E-2
9.680000E-8	3.984324E-2
9.685000E-8	3.986551E-2
9.690000E-8	3.988949E-2
9.695000E-8	3.993060E-2
9.700000E-8	3.997000E-2
9.705000E-8	3.998370E-2
9.710000E-8	3.999056E-2
9.715000E-8	3.999741E-2
9.720000E-8	3.995458E-2
9.725000E-8	3.983810E-2
9.730000E-8	3.970963E-2
9.735000E-8	3.960857E-2
9.740000E-8	3.951436E-2
9.745000E-8	3.941158E-2
9.750000E-8	3.935677E-2
9.755000E-8	3.936190E-2
9.760000E-8	3.939102E-2
9.765000E-8	3.943214E-2
9.770000E-8	3.950237E-2
9.775000E-8	3.958630E-2
9.780000E-8	3.966510E-2
9.785000E-8	3.973704E-2
9.790000E-8	3.979528E-2
9.795000E-8	3.981412E-2
9.800000E-8	3.979014E-2
9.805000E-8	3.972162E-2
9.810000E-8	3.964968E-2
9.815000E-8	3.957602E-2
9.820000E-8	3.950237E-2
9.825000E-8	3.944241E-2
9.830000E-8	3.941843E-2
9.835000E-8	3.942186E-2
9.840000E-8	3.943042E-2
9.845000E-8	3.946639E-2
9.850000E-8	3.951436E-2
9.855000E-8	3.953491E-2
9.860000E-8	3.950579E-2
9.865000E-8	3.944413E-2
9.870000E-8	3.934820E-2
9.875000E-8	3.923001E-2
9.880000E-8	3.911867E-2
9.885000E-8	3.903644E-2
9.890000E-8	3.897992E-2
9.895000E-8	3.895080E-2
9.900000E-8	3.892510E-2
9.905000E-8	3.890797E-2
9.910000E-8	3.893881E-2
9.915000E-8	3.902274E-2
9.920000E-8	3.912038E-2
9.925000E-8	3.921802E-2
9.930000E-8	3.932422E-2
9.935000E-8	3.943042E-2
9.940000E-8	3.948866E-2
9.945000E-8	3.947496E-2
9.950000E-8	3.940473E-2
9.955000E-8	3.930366E-2
9.960000E-8	3.918033E-2
9.965000E-8	3.903473E-2
9.970000E-8	3.889941E-2
9.975000E-8	3.881547E-2
9.980000E-8	3.876922E-2
9.985000E-8	3.874696E-2
9.990000E-8	3.876922E-2
9.995000E-8	3.882575E-2
1.000000E-7	3.888399E-2
1.000500E-7	3.895765E-2
1.001000E-7	3.902445E-2
1.001500E-7	3.904843E-2
1.002000E-7	3.902788E-2
1.002500E-7	3.899362E-2
1.003000E-7	3.895593E-2
1.003500E-7	3.888913E-2
1.004000E-7	3.882404E-2
1.004500E-7	3.878978E-2
1.005000E-7	3.874696E-2
1.005500E-7	3.869899E-2
1.006000E-7	3.866645E-2
1.006500E-7	3.864075E-2
1.007000E-7	3.860821E-2
1.007500E-7	3.859279E-2
1.008000E-7	3.859450E-2
1.008500E-7	3.859964E-2
1.009000E-7	3.860135E-2
1.009500E-7	3.861677E-2
1.010000E-7	3.862362E-2
1.010500E-7	3.862191E-2
1.011000E-7	3.860649E-2
1.011500E-7	3.859108E-2
1.012000E-7	3.857566E-2
1.012500E-7	3.856881E-2
1.013000E-7	3.856024E-2
1.013500E-7	3.855853E-2
1.014000E-7	3.856367E-2
1.014500E-7	3.855682E-2
1.015000E-7	3.854654E-2
1.015500E-7	3.852941E-2
1.016000E-7	3.849001E-2
1.016500E-7	3.845747E-2
1.017000E-7	3.846603E-2
1.017500E-7	3.850200E-2
1.018000E-7	3.852941E-2
1.018500E-7	3.854483E-2
1.019000E-7	3.856881E-2
1.019500E-7	3.860821E-2
1.020000E-7	3.865274E-2
1.020500E-7	3.869728E-2
1.021000E-7	3.874010E-2
1.021500E-7	3.877436E-2
1.022000E-7	3.879663E-2
1.022500E-7	3.881033E-2
1.023000E-7	3.880691E-2
1.023500E-7	3.881547E-2
1.024000E-7	3.886001E-2
1.024500E-7	3.890969E-2
1.025000E-7	3.893367E-2
1.025500E-7	3.896279E-2
1.026000E-7	3.899362E-2
1.026500E-7	3.899533E-2
1.027000E-7	3.896621E-2
1.027500E-7	3.894737E-2
1.028000E-7	3.890969E-2
1.028500E-7	3.883945E-2
1.029000E-7	3.874353E-2
1.029500E-7	3.865617E-2
1.030000E-7	3.858936E-2
1.030500E-7	3.853969E-2
1.031000E-7	3.848145E-2
1.031500E-7	3.840950E-2
1.032000E-7	3.832557E-2
1.032500E-7	3.823478E-2
1.033000E-7	3.814400E-2
1.033500E-7	3.807377E-2
1.034000E-7	3.800867E-2
1.034500E-7	3.797099E-2
1.035000E-7	3.797441E-2
1.035500E-7	3.802238E-2
1.036000E-7	3.810117E-2
1.036500E-7	3.821937E-2
1.037000E-7	3.836497E-2
1.037500E-7	3.851742E-2
1.038000E-7	3.867501E-2
1.038500E-7	3.884117E-2
1.039000E-7	3.897135E-2
1.039500E-7	3.904158E-2
1.040000E-7	3.906385E-2
1.040500E-7	3.902445E-2
1.041000E-7	3.891482E-2
1.041500E-7	3.877265E-2
1.042000E-7	3.863733E-2
1.042500E-7	3.853455E-2
1.043000E-7	3.847631E-2
1.043500E-7	3.846432E-2
1.044000E-7	3.847973E-2
1.044500E-7	3.850029E-2
1.045000E-7	3.851399E-2
1.045500E-7	3.850885E-2
1.046000E-7	3.849344E-2
1.046500E-7	3.848145E-2
1.047000E-7	3.846089E-2
1.047500E-7	3.844205E-2
1.048000E-7	3.841636E-2
1.048500E-7	3.838381E-2
1.049000E-7	3.834955E-2
1.049500E-7	3.831187E-2
1.050000E-7	3.825705E-2
1.050500E-7	3.819367E-2
1.051000E-7	3.815085E-2
1.051500E-7	3.810802E-2
1.052000E-7	3.803951E-2
1.052500E-7	3.796756E-2
1.053000E-7	3.793502E-2
1.053500E-7	3.791446E-2
1.054000E-7	3.788363E-2
1.054500E-7	3.787335E-2
1.055000E-7	3.789219E-2
1.055500E-7	3.789391E-2
1.056000E-7	3.788705E-2
1.056500E-7	3.786650E-2
1.057000E-7	3.783224E-2
1.057500E-7	3.778599E-2
1.058000E-7	3.775858E-2
1.058500E-7	3.774317E-2
1.059000E-7	3.772090E-2
1.059500E-7	3.770377E-2
1.060000E-7	3.770719E-2
1.060500E-7	3.771233E-2
1.061000E-7	3.773118E-2
1.061500E-7	3.779455E-2
1.062000E-7	3.788192E-2
1.062500E-7	3.798298E-2
1.063000E-7	3.810631E-2
1.063500E-7	3.822793E-2
1.064000E-7	3.832043E-2
1.064500E-7	3.836325E-2
1.065000E-7	3.837353E-2
1.065500E-7	3.836839E-2
1.066000E-7	3.834270E-2
1.066500E-7	3.829645E-2
1.067000E-7	3.824335E-2
1.067500E-7	3.819025E-2
1.068000E-7	3.813201E-2
1.068500E-7	3.806178E-2
1.069000E-7	3.803608E-2
1.069500E-7	3.806349E-2
1.070000E-7	3.808233E-2
1.070500E-7	3.808062E-2
1.071000E-7	3.808747E-2
1.071500E-7	3.809090E-2
1.072000E-7	3.805150E-2
1.072500E-7	3.799326E-2
1.073000E-7	3.791789E-2
1.073500E-7	3.780655E-2
1.074000E-7	3.769692E-2
1.074500E-7	3.762155E-2
1.075000E-7	3.755988E-2
1.075500E-7	3.753761E-2
1.076000E-7	3.756502E-2
1.076500E-7	3.760270E-2
1.077000E-7	3.763868E-2
1.077500E-7	3.771062E-2
1.078000E-7	3.781854E-2
1.078500E-7	3.792303E-2
1.079000E-7	3.800696E-2
1.079500E-7	3.804465E-2
1.080000E-7	3.805150E-2
1.080500E-7	3.804636E-2
1.081000E-7	3.802580E-2
1.081500E-7	3.795386E-2
1.082000E-7	3.782710E-2
1.082500E-7	3.769863E-2
1.083000E-7	3.757530E-2
1.083500E-7	3.744511E-2
1.084000E-7	3.731493E-2
1.084500E-7	3.723099E-2
1.085000E-7	3.720359E-2
1.085500E-7	3.721729E-2
1.086000E-7	3.724641E-2
1.086500E-7	3.728067E-2
1.087000E-7	3.729095E-2
1.087500E-7	3.728752E-2
1.088000E-7	3.728410E-2
1.088500E-7	3.728581E-2
1.089000E-7	3.727039E-2
1.089500E-7	3.722072E-2
1.090000E-7	3.716590E-2
1.090500E-7	3.711451E-2
1.091000E-7	3.705456E-2
1.091500E-7	3.699632E-2
1.092000E-7	3.697063E-2
1.092500E-7	3.697234E-2
1.093000E-7	3.697234E-2
1.093500E-7	3.698433E-2
1.094000E-7	3.703229E-2
1.094500E-7	3.707683E-2
1.095000E-7	3.710424E-2
1.095500E-7	3.712822E-2
1.096000E-7	3.715220E-2
1.096500E-7	3.716419E-2
1.097000E-7	3.714877E-2
1.097500E-7	3.710766E-2
1.098000E-7	3.706313E-2
1.098500E-7	3.704942E-2
1.099000E-7	3.706655E-2
1.099500E-7	3.707683E-2
1.100000E-7	3.706998E-2
1.100500E-7	3.706998E-2
1.101000E-7	3.706655E-2
1.101500E-7	3.707340E-2
1.102000E-7	3.710081E-2
1.102500E-7	3.712137E-2
1.103000E-7	3.711451E-2
1.103500E-7	3.712650E-2
1.104000E-7	3.715734E-2
1.104500E-7	3.716248E-2
1.105000E-7	3.715391E-2
1.105500E-7	3.715905E-2
1.106000E-7	3.718988E-2
1.106500E-7	3.722757E-2
1.107000E-7	3.727382E-2
1.107500E-7	3.731835E-2
1.108000E-7	3.736118E-2
1.108500E-7	3.739372E-2
1.109000E-7	3.741257E-2
1.109500E-7	3.742284E-2
1.110000E-7	3.743484E-2
1.110500E-7	3.743141E-2
1.111000E-7	3.738173E-2
1.111500E-7	3.731664E-2
1.112000E-7	3.725840E-2
1.112500E-7	3.719160E-2
1.113000E-7	3.708025E-2
1.113500E-7	3.698433E-2
1.114000E-7	3.692438E-2
1.114500E-7	3.686614E-2
1.115000E-7	3.680618E-2
1.115500E-7	3.678391E-2
1.116000E-7	3.677535E-2
1.116500E-7	3.678049E-2
1.117000E-7	3.683016E-2
1.117500E-7	3.692780E-2
1.118000E-7	3.703572E-2
1.118500E-7	3.714363E-2
1.119000E-7	3.724470E-2
1.119500E-7	3.731150E-2
1.120000E-7	3.734062E-2
1.120500E-7	3.736118E-2
1.121000E-7	3.736632E-2
1.121500E-7	3.735947E-2
1.122000E-7	3.736118E-2
1.122500E-7	3.735947E-2
1.123000E-7	3.733891E-2
1.123500E-7	3.727553E-2
1.124000E-7	3.715905E-2
1.124500E-7	3.701516E-2
1.125000E-7	3.686271E-2
1.125500E-7	3.672739E-2
1.126000E-7	3.661947E-2
1.126500E-7	3.655609E-2
1.127000E-7	3.652697E-2
1.127500E-7	3.652526E-2
1.128000E-7	3.655095E-2
1.128500E-7	3.659549E-2
1.129000E-7	3.665544E-2
1.129500E-7	3.671368E-2
1.130000E-7	3.676165E-2
1.130500E-7	3.681475E-2
1.131000E-7	3.690896E-2
1.131500E-7	3.701688E-2
1.132000E-7	3.709225E-2
1.132500E-7	3.714021E-2
1.133000E-7	3.717789E-2
1.133500E-7	3.721386E-2
1.134000E-7	3.724812E-2
1.134500E-7	3.727039E-2
1.135000E-7	3.726868E-2
1.135500E-7	3.723271E-2
1.136000E-7	3.718474E-2
1.136500E-7	3.714021E-2
1.137000E-7	3.707169E-2
1.137500E-7	3.698433E-2
1.138000E-7	3.690725E-2
1.138500E-7	3.684558E-2
1.139000E-7	3.679590E-2
1.139500E-7	3.673938E-2
1.140000E-7	3.666401E-2
1.140500E-7	3.657151E-2
1.141000E-7	3.651327E-2
1.141500E-7	3.648929E-2
1.142000E-7	3.647216E-2
1.142500E-7	3.645674E-2
1.143000E-7	3.646359E-2
1.143500E-7	3.646531E-2
1.144000E-7	3.645160E-2
1.144500E-7	3.642419E-2
1.145000E-7	3.641049E-2
1.145500E-7	3.641392E-2
1.146000E-7	3.641906E-2
1.146500E-7	3.641392E-2
1.147000E-7	3.640364E-2
1.147500E-7	3.639165E-2
1.148000E-7	3.634882E-2
1.148500E-7	3.627517E-2
1.149000E-7	3.621521E-2
1.149500E-7	3.618267E-2
1.150000E-7	3.614498E-2
1.150500E-7	3.610559E-2
1.151000E-7	3.609188E-2
1.151500E-7	3.610045E-2
1.152000E-7	3.608503E-2
1.152500E-7	3.608332E-2
1.153000E-7	3.612100E-2
1.153500E-7	3.618952E-2
1.154000E-7	3.624091E-2
1.154500E-7	3.626832E-2
1.155000E-7	3.628202E-2
1.155500E-7	3.628545E-2
1.156000E-7	3.630086E-2
1.156500E-7	3.631285E-2
1.157000E-7	3.632313E-2
1.157500E-7	3.632313E-2
1.158000E-7	3.630943E-2
1.158500E-7	3.627346E-2
1.159000E-7	3.623920E-2
1.159500E-7	3.621350E-2
1.160000E-7	3.618267E-2
1.160500E-7	3.616040E-2
1.161000E-7	3.616040E-2
1.161500E-7	3.616554E-2
1.162000E-7	3.612785E-2
1.162500E-7	3.607475E-2
1.163000E-7	3.602850E-2
1.163500E-7	3.595999E-2
1.164000E-7	3.587605E-2
1.164500E-7	3.582124E-2
1.165000E-7	3.580239E-2
1.165500E-7	3.579212E-2
1.166000E-7	3.581438E-2
1.166500E-7	3.587948E-2
1.167000E-7	3.598568E-2
1.167500E-7	3.616040E-2
1.168000E-7	3.637966E-2
1.168500E-7	3.657665E-2
1.169000E-7	3.671368E-2
1.169500E-7	3.679590E-2
1.170000E-7	3.679590E-2
1.170500E-7	3.669141E-2
1.171000E-7	3.652868E-2
1.171500E-7	3.635054E-2
1.172000E-7	3.616383E-2
1.172500E-7	3.596341E-2
1.173000E-7	3.577156E-2
1.173500E-7	3.560540E-2
1.174000E-7	3.547693E-2
1.174500E-7	3.538272E-2
1.175000E-7	3.534332E-2
1.175500E-7	3.536559E-2
1.176000E-7	3.543925E-2
1.176500E-7	3.554716E-2
1.177000E-7	3.567906E-2
1.177500E-7	3.579554E-2
1.178000E-7	3.587091E-2
1.178500E-7	3.592573E-2
1.179000E-7	3.600110E-2
1.179500E-7	3.604906E-2
1.180000E-7	3.603878E-2
1.180500E-7	3.601480E-2
1.181000E-7	3.601823E-2
1.181500E-7	3.600966E-2
1.182000E-7	3.596341E-2
1.182500E-7	3.592059E-2
1.183000E-7	3.590860E-2
1.183500E-7	3.589832E-2
1.184000E-7	3.586920E-2
1.184500E-7	3.584864E-2
1.185000E-7	3.584179E-2
1.185500E-7	3.581781E-2
1.186000E-7	3.575272E-2
1.186500E-7	3.565851E-2
1.187000E-7	3.557286E-2
1.187500E-7	3.550434E-2
1.188000E-7	3.543925E-2
1.188500E-7	3.539300E-2
1.189000E-7	3.538957E-2
1.189500E-7	3.542726E-2
1.190000E-7	3.547351E-2
1.190500E-7	3.551976E-2
1.191000E-7	3.557800E-2
1.191500E-7	3.562253E-2
1.192000E-7	3.565679E-2
1.192500E-7	3.571332E-2
1.193000E-7	3.578184E-2
1.193500E-7	3.583837E-2
1.194000E-7	3.590175E-2
1.194500E-7	3.596684E-2
1.195000E-7	3.600795E-2
1.195500E-7	3.600966E-2
1.196000E-7	3.599253E-2
1.196500E-7	3.598054E-2
1.197000E-7	3.594799E-2
1.197500E-7	3.589489E-2
1.198000E-7	3.584179E-2
1.198500E-7	3.579383E-2
1.199000E-7	3.575786E-2
1.199500E-7	3.570818E-2
1.200000E-7	3.565165E-2
1.200500E-7	3.557628E-2
1.201000E-7	3.550091E-2
1.201500E-7	3.544096E-2
1.202000E-7	3.540328E-2
1.202500E-7	3.538615E-2
1.203000E-7	3.540842E-2
1.203500E-7	3.545809E-2
1.204000E-7	3.549749E-2
1.204500E-7	3.552490E-2
1.205000E-7	3.555230E-2
1.205500E-7	3.556943E-2
1.206000E-7	3.555916E-2
1.206500E-7	3.554203E-2
1.207000E-7	3.550777E-2
1.207500E-7	3.544781E-2
1.208000E-7	3.537758E-2
1.208500E-7	3.533476E-2
1.209000E-7	3.530735E-2
1.209500E-7	3.527823E-2
1.210000E-7	3.523712E-2
1.210500E-7	3.519601E-2
1.211000E-7	3.516689E-2
1.211500E-7	3.516346E-2
1.212000E-7	3.517203E-2
1.212500E-7	3.516004E-2
1.213000E-7	3.515319E-2
1.213500E-7	3.517032E-2
1.214000E-7	3.517888E-2
1.214500E-7	3.515490E-2
1.215000E-7	3.509837E-2
1.215500E-7	3.502643E-2
1.216000E-7	3.497846E-2
1.216500E-7	3.495962E-2
1.217000E-7	3.493564E-2
1.217500E-7	3.492022E-2
1.218000E-7	3.493393E-2
1.218500E-7	3.495277E-2
1.219000E-7	3.495277E-2
1.219500E-7	3.496819E-2
1.220000E-7	3.504013E-2
1.220500E-7	3.515319E-2
1.221000E-7	3.529536E-2
1.221500E-7	3.546494E-2
1.222000E-7	3.563452E-2
1.222500E-7	3.577156E-2
1.223000E-7	3.587605E-2
1.223500E-7	3.595656E-2
1.224000E-7	3.600110E-2
1.224500E-7	3.600281E-2
1.225000E-7	3.597026E-2
1.225500E-7	3.593258E-2
1.226000E-7	3.587776E-2
1.226500E-7	3.579212E-2
1.227000E-7	3.567906E-2
1.227500E-7	3.554545E-2
1.228000E-7	3.537758E-2
1.228500E-7	3.520457E-2
1.229000E-7	3.506754E-2
1.229500E-7	3.497675E-2
1.230000E-7	3.491337E-2
1.230500E-7	3.488425E-2
1.231000E-7	3.488254E-2
1.231500E-7	3.489110E-2
1.232000E-7	3.489453E-2
1.232500E-7	3.490481E-2
1.233000E-7	3.494078E-2
1.233500E-7	3.498703E-2
1.234000E-7	3.502471E-2
1.234500E-7	3.504698E-2
1.235000E-7	3.506925E-2
1.235500E-7	3.508809E-2
1.236000E-7	3.509666E-2
1.236500E-7	3.507610E-2
1.237000E-7	3.505726E-2
1.237500E-7	3.506411E-2
1.238000E-7	3.508809E-2
1.238500E-7	3.508981E-2
1.239000E-7	3.507439E-2
1.239500E-7	3.506754E-2
1.240000E-7	3.505897E-2
1.240500E-7	3.503157E-2
1.241000E-7	3.498360E-2
1.241500E-7	3.494421E-2
1.242000E-7	3.492365E-2
1.242500E-7	3.493222E-2
1.243000E-7	3.500245E-2
1.243500E-7	3.508295E-2
1.244000E-7	3.512749E-2
1.244500E-7	3.514976E-2
1.245000E-7	3.517717E-2
1.245500E-7	3.518744E-2
1.246000E-7	3.516518E-2
1.246500E-7	3.514291E-2
1.247000E-7	3.512064E-2
1.247500E-7	3.507096E-2
1.248000E-7	3.501101E-2
1.248500E-7	3.496819E-2
1.249000E-7	3.493907E-2
1.249500E-7	3.489796E-2
1.250000E-7	3.485513E-2
1.250500E-7	3.482087E-2
1.251000E-7	3.479175E-2
1.251500E-7	3.475749E-2
1.252000E-7	3.471981E-2
1.252500E-7	3.468384E-2
1.253000E-7	3.464787E-2
1.253500E-7	3.461361E-2
1.254000E-7	3.458449E-2
1.254500E-7	3.454509E-2
1.255000E-7	3.452453E-2
1.255500E-7	3.452796E-2
1.256000E-7	3.451768E-2
1.256500E-7	3.450569E-2
1.257000E-7	3.452967E-2
1.257500E-7	3.455194E-2
1.258000E-7	3.453310E-2
1.258500E-7	3.450398E-2
1.259000E-7	3.445944E-2
1.259500E-7	3.437722E-2
1.260000E-7	3.427102E-2
1.260500E-7	3.419051E-2
1.261000E-7	3.412542E-2
1.261500E-7	3.406718E-2
1.262000E-7	3.404491E-2
1.262500E-7	3.406889E-2
1.263000E-7	3.413569E-2
1.263500E-7	3.425217E-2
1.264000E-7	3.438236E-2
1.264500E-7	3.448000E-2
1.265000E-7	3.455194E-2
1.265500E-7	3.461532E-2
1.266000E-7	3.466157E-2
1.266500E-7	3.468726E-2
1.267000E-7	3.468726E-2
1.267500E-7	3.468555E-2
1.268000E-7	3.470439E-2
1.268500E-7	3.474036E-2
1.269000E-7	3.478319E-2
1.269500E-7	3.484657E-2
1.270000E-7	3.494249E-2
1.270500E-7	3.504870E-2
1.271000E-7	3.513777E-2
1.271500E-7	3.519601E-2
1.272000E-7	3.521143E-2
1.272500E-7	3.518573E-2
1.273000E-7	3.513092E-2
1.273500E-7	3.506925E-2
1.274000E-7	3.500073E-2
1.274500E-7	3.493222E-2
1.275000E-7	3.487055E-2
1.275500E-7	3.479518E-2
1.276000E-7	3.471981E-2
1.276500E-7	3.465472E-2
1.277000E-7	3.462902E-2
1.277500E-7	3.464444E-2
1.278000E-7	3.468726E-2
1.278500E-7	3.472837E-2
1.279000E-7	3.475064E-2
1.279500E-7	3.473351E-2
1.280000E-7	3.468555E-2
1.280500E-7	3.463587E-2
1.281000E-7	3.461875E-2
1.281500E-7	3.463587E-2
1.282000E-7	3.464444E-2
1.282500E-7	3.463416E-2
1.283000E-7	3.463416E-2
1.283500E-7	3.466671E-2
1.284000E-7	3.469069E-2
1.284500E-7	3.467870E-2
1.285000E-7	3.463930E-2
1.285500E-7	3.458791E-2
1.286000E-7	3.452625E-2
1.286500E-7	3.445602E-2
1.287000E-7	3.437208E-2
1.287500E-7	3.430185E-2
1.288000E-7	3.426074E-2
1.288500E-7	3.421620E-2
1.289000E-7	3.414768E-2
1.289500E-7	3.407574E-2
1.290000E-7	3.401750E-2
1.290500E-7	3.396440E-2
1.291000E-7	3.392157E-2
1.291500E-7	3.389931E-2
1.292000E-7	3.387361E-2
1.292500E-7	3.383764E-2
1.293000E-7	3.379996E-2
1.293500E-7	3.378111E-2
1.294000E-7	3.378968E-2
1.294500E-7	3.382736E-2
1.295000E-7	3.390958E-2
1.295500E-7	3.404319E-2
1.296000E-7	3.421106E-2
1.296500E-7	3.438407E-2
1.297000E-7	3.454851E-2
1.297500E-7	3.469240E-2
1.298000E-7	3.478490E-2
1.298500E-7	3.479861E-2
1.299000E-7	3.477291E-2
1.299500E-7	3.471296E-2
1.300000E-7	3.457592E-2
1.300500E-7	3.437722E-2
1.301000E-7	3.415454E-2
1.301500E-7	3.394898E-2
1.302000E-7	3.379139E-2
1.302500E-7	3.369718E-2
1.303000E-7	3.365949E-2
1.303500E-7	3.368690E-2
1.304000E-7	3.376741E-2
1.304500E-7	3.384107E-2
1.305000E-7	3.388903E-2
1.305500E-7	3.393870E-2
1.306000E-7	3.401750E-2
1.306500E-7	3.408773E-2
1.307000E-7	3.411343E-2
1.307500E-7	3.409972E-2
1.308000E-7	3.406889E-2
1.308500E-7	3.405176E-2
1.309000E-7	3.404833E-2
1.309500E-7	3.405347E-2
1.310000E-7	3.408088E-2
1.310500E-7	3.413912E-2
1.311000E-7	3.420592E-2
1.311500E-7	3.424532E-2
1.312000E-7	3.423504E-2
1.312500E-7	3.418708E-2
1.313000E-7	3.411856E-2
1.313500E-7	3.405005E-2
1.314000E-7	3.397982E-2
1.314500E-7	3.388903E-2
1.315000E-7	3.380167E-2
1.315500E-7	3.373144E-2
1.316000E-7	3.366121E-2
1.316500E-7	3.358412E-2
1.317000E-7	3.352417E-2
1.317500E-7	3.350361E-2
1.318000E-7	3.350019E-2
1.318500E-7	3.351732E-2
1.319000E-7	3.358584E-2
1.319500E-7	3.369889E-2
1.320000E-7	3.381195E-2
1.320500E-7	3.389588E-2
1.321000E-7	3.395755E-2
1.321500E-7	3.398838E-2
1.322000E-7	3.399352E-2
1.322500E-7	3.397468E-2
1.323000E-7	3.392500E-2
1.323500E-7	3.383935E-2
1.324000E-7	3.373144E-2
1.324500E-7	3.359611E-2
1.325000E-7	3.343338E-2
1.325500E-7	3.326723E-2
1.326000E-7	3.313019E-2
1.326500E-7	3.303255E-2
1.327000E-7	3.299144E-2
1.327500E-7	3.299316E-2
1.328000E-7	3.301885E-2
1.328500E-7	3.305825E-2
1.329000E-7	3.312848E-2
1.329500E-7	3.322612E-2
1.330000E-7	3.332547E-2
1.330500E-7	3.340769E-2
1.331000E-7	3.348306E-2
1.331500E-7	3.354301E-2
1.332000E-7	3.357213E-2
1.332500E-7	3.357556E-2
1.333000E-7	3.358070E-2
1.333500E-7	3.358584E-2
1.334000E-7	3.360982E-2
1.334500E-7	3.367491E-2
1.335000E-7	3.377426E-2
1.335500E-7	3.387361E-2
1.336000E-7	3.395583E-2
1.336500E-7	3.401065E-2
1.337000E-7	3.404319E-2
1.337500E-7	3.406032E-2
1.338000E-7	3.401750E-2
1.338500E-7	3.390616E-2
1.339000E-7	3.374857E-2
1.339500E-7	3.357042E-2
1.340000E-7	3.337172E-2
1.340500E-7	3.317130E-2
1.341000E-7	3.300343E-2
1.341500E-7	3.290580E-2
1.342000E-7	3.286297E-2
1.342500E-7	3.284756E-2
1.343000E-7	3.285098E-2
1.343500E-7	3.288524E-2
1.344000E-7	3.295890E-2
1.344500E-7	3.303427E-2
1.345000E-7	3.308908E-2
1.345500E-7	3.315075E-2
1.346000E-7	3.321413E-2
1.346500E-7	3.324667E-2
1.347000E-7	3.326038E-2
1.347500E-7	3.329292E-2
1.348000E-7	3.334431E-2
1.348500E-7	3.338200E-2
1.349000E-7	3.341112E-2
1.349500E-7	3.345223E-2
1.350000E-7	3.348135E-2
1.350500E-7	3.346936E-2
1.351000E-7	3.342139E-2
1.351500E-7	3.336315E-2
1.352000E-7	3.326380E-2
1.352500E-7	3.310278E-2
1.353000E-7	3.293492E-2
1.353500E-7	3.276876E-2
1.354000E-7	3.259404E-2
1.354500E-7	3.242274E-2
1.355000E-7	3.229941E-2
1.355500E-7	3.223603E-2
1.356000E-7	3.223261E-2
1.356500E-7	3.229770E-2
1.357000E-7	3.240048E-2
1.357500E-7	3.252038E-2
1.358000E-7	3.265570E-2
1.358500E-7	3.279788E-2
1.359000E-7	3.292635E-2
1.359500E-7	3.302570E-2
1.360000E-7	3.308223E-2
1.360500E-7	3.309593E-2
1.361000E-7	3.306167E-2
1.361500E-7	3.300001E-2
1.362000E-7	3.290751E-2
1.362500E-7	3.280473E-2
1.363000E-7	3.271223E-2
1.363500E-7	3.263172E-2
1.364000E-7	3.255807E-2
1.364500E-7	3.249983E-2
1.365000E-7	3.246214E-2
1.365500E-7	3.246043E-2
1.366000E-7	3.248441E-2
1.366500E-7	3.253237E-2
1.367000E-7	3.259233E-2
1.367500E-7	3.265742E-2
1.368000E-7	3.272080E-2
1.368500E-7	3.276876E-2
1.369000E-7	3.282700E-2
1.369500E-7	3.287668E-2
1.370000E-7	3.288524E-2
1.370500E-7	3.286126E-2
1.371000E-7	3.283043E-2
1.371500E-7	3.278246E-2
1.372000E-7	3.271566E-2
1.372500E-7	3.265228E-2
1.373000E-7	3.261459E-2
1.373500E-7	3.259746E-2
1.374000E-7	3.261973E-2
1.374500E-7	3.268311E-2
1.375000E-7	3.277219E-2
1.375500E-7	3.286811E-2
1.376000E-7	3.296232E-2
1.376500E-7	3.305996E-2
1.377000E-7	3.315246E-2
1.377500E-7	3.321755E-2
1.378000E-7	3.323811E-2
1.378500E-7	3.320385E-2
1.379000E-7	3.313704E-2
1.379500E-7	3.305482E-2
1.380000E-7	3.296232E-2
1.380500E-7	3.286811E-2
1.381000E-7	3.279617E-2
1.381500E-7	3.276019E-2
1.382000E-7	3.273964E-2
1.382500E-7	3.273793E-2
1.383000E-7	3.277732E-2
1.383500E-7	3.284413E-2
1.384000E-7	3.293149E-2
1.384500E-7	3.300857E-2
1.385000E-7	3.305825E-2
1.385500E-7	3.308394E-2
1.386000E-7	3.310450E-2
1.386500E-7	3.310621E-2
1.387000E-7	3.308394E-2
1.387500E-7	3.301885E-2
1.388000E-7	3.289723E-2
1.388500E-7	3.276362E-2
1.389000E-7	3.264200E-2
1.389500E-7	3.253066E-2
1.390000E-7	3.243645E-2
1.390500E-7	3.237649E-2
1.391000E-7	3.236108E-2
1.391500E-7	3.236108E-2
1.392000E-7	3.238335E-2
1.392500E-7	3.243987E-2
1.393000E-7	3.251182E-2
1.393500E-7	3.260774E-2
1.394000E-7	3.272422E-2
1.394500E-7	3.281672E-2
1.395000E-7	3.285098E-2
1.395500E-7	3.286468E-2
1.396000E-7	3.286468E-2
1.396500E-7	3.280816E-2
1.397000E-7	3.271908E-2
1.397500E-7	3.261288E-2
1.398000E-7	3.248098E-2
1.398500E-7	3.233881E-2
1.399000E-7	3.221548E-2
1.399500E-7	3.212126E-2
1.400000E-7	3.205617E-2
1.400500E-7	3.199964E-2
1.401000E-7	3.196539E-2
1.401500E-7	3.196367E-2
1.402000E-7	3.198423E-2
1.402500E-7	3.200821E-2
1.403000E-7	3.204418E-2
1.403500E-7	3.208872E-2
1.404000E-7	3.211613E-2
1.404500E-7	3.211613E-2
1.405000E-7	3.210242E-2
1.405500E-7	3.207159E-2
1.406000E-7	3.202191E-2
1.406500E-7	3.198594E-2
1.407000E-7	3.197224E-2
1.407500E-7	3.196881E-2
1.408000E-7	3.197052E-2
1.408500E-7	3.197395E-2
1.409000E-7	3.197566E-2
1.409500E-7	3.198080E-2
1.410000E-7	3.198423E-2
1.410500E-7	3.197566E-2
1.411000E-7	3.195168E-2
1.411500E-7	3.191400E-2
1.412000E-7	3.186432E-2
1.412500E-7	3.183178E-2
1.413000E-7	3.182321E-2
1.413500E-7	3.183520E-2
1.414000E-7	3.187460E-2
1.414500E-7	3.192427E-2
1.415000E-7	3.197909E-2
1.415500E-7	3.202363E-2
1.416000E-7	3.203562E-2
1.416500E-7	3.201849E-2
1.417000E-7	3.200992E-2
1.417500E-7	3.200992E-2
1.418000E-7	3.196539E-2
1.418500E-7	3.190715E-2
1.419000E-7	3.189344E-2
1.419500E-7	3.191400E-2
1.420000E-7	3.193798E-2
1.420500E-7	3.197395E-2
1.421000E-7	3.204589E-2
1.421500E-7	3.214011E-2
1.422000E-7	3.224117E-2
1.422500E-7	3.232682E-2
1.423000E-7	3.239020E-2
1.423500E-7	3.243645E-2
1.424000E-7	3.242960E-2
1.424500E-7	3.234909E-2
1.425000E-7	3.223261E-2
1.425500E-7	3.209214E-2
1.426000E-7	3.192427E-2
1.426500E-7	3.175127E-2
1.427000E-7	3.161937E-2
1.427500E-7	3.153544E-2
1.428000E-7	3.148747E-2
1.428500E-7	3.149775E-2
1.429000E-7	3.155942E-2
1.429500E-7	3.165705E-2
1.430000E-7	3.178895E-2
1.430500E-7	3.195340E-2
1.431000E-7	3.211441E-2
1.431500E-7	3.223774E-2
1.432000E-7	3.230284E-2
1.432500E-7	3.231140E-2
1.433000E-7	3.227543E-2
1.433500E-7	3.223432E-2
1.434000E-7	3.218978E-2
1.434500E-7	3.213497E-2
1.435000E-7	3.209728E-2
1.435500E-7	3.210756E-2
1.436000E-7	3.213497E-2
1.436500E-7	3.213325E-2
1.437000E-7	3.212640E-2
1.437500E-7	3.213839E-2
1.438000E-7	3.213325E-2
1.438500E-7	3.210756E-2
1.439000E-7	3.209557E-2
1.439500E-7	3.207844E-2
1.440000E-7	3.202705E-2
1.440500E-7	3.192427E-2
1.441000E-7	3.178895E-2
1.441500E-7	3.164678E-2
1.442000E-7	3.152344E-2
1.442500E-7	3.142752E-2
1.443000E-7	3.137099E-2
1.443500E-7	3.138298E-2
1.444000E-7	3.145664E-2
1.444500E-7	3.155256E-2
1.445000E-7	3.166905E-2
1.445500E-7	3.180437E-2
1.446000E-7	3.193284E-2
1.446500E-7	3.203904E-2
1.447000E-7	3.215210E-2
1.447500E-7	3.226344E-2
1.448000E-7	3.232511E-2
1.448500E-7	3.232511E-2
1.449000E-7	3.229427E-2
1.449500E-7	3.223603E-2
1.450000E-7	3.214353E-2
1.450500E-7	3.203733E-2
1.451000E-7	3.193113E-2
1.451500E-7	3.182150E-2
1.452000E-7	3.170673E-2
1.452500E-7	3.160738E-2
1.453000E-7	3.152516E-2
1.453500E-7	3.144979E-2
1.454000E-7	3.138983E-2
1.454500E-7	3.135044E-2
1.455000E-7	3.131789E-2
1.455500E-7	3.126136E-2
1.456000E-7	3.120826E-2
1.456500E-7	3.115859E-2
1.457000E-7	3.110548E-2
1.457500E-7	3.106951E-2
1.458000E-7	3.108664E-2
1.458500E-7	3.113974E-2
1.459000E-7	3.122710E-2
1.459500E-7	3.132646E-2
1.460000E-7	3.140183E-2
1.460500E-7	3.143780E-2
1.461000E-7	3.145321E-2
1.461500E-7	3.147548E-2
1.462000E-7	3.149775E-2
1.462500E-7	3.152002E-2
1.463000E-7	3.152344E-2
1.463500E-7	3.149432E-2
1.464000E-7	3.145664E-2
1.464500E-7	3.145150E-2
1.465000E-7	3.147891E-2
1.465500E-7	3.152687E-2
1.466000E-7	3.158682E-2
1.466500E-7	3.165705E-2
1.467000E-7	3.174270E-2
1.467500E-7	3.182321E-2
1.468000E-7	3.189002E-2
1.468500E-7	3.195168E-2
1.469000E-7	3.200478E-2
1.469500E-7	3.203390E-2
1.470000E-7	3.201677E-2
1.470500E-7	3.196539E-2
1.471000E-7	3.189344E-2
1.471500E-7	3.181465E-2
1.472000E-7	3.173756E-2
1.472500E-7	3.168789E-2
1.473000E-7	3.165534E-2
1.473500E-7	3.163307E-2
1.474000E-7	3.160567E-2
1.474500E-7	3.158682E-2
1.475000E-7	3.157483E-2
1.475500E-7	3.157997E-2
1.476000E-7	3.158511E-2
1.476500E-7	3.154743E-2
1.477000E-7	3.147377E-2
1.477500E-7	3.140354E-2
1.478000E-7	3.131618E-2
1.478500E-7	3.118771E-2
1.479000E-7	3.107294E-2
1.479500E-7	3.099757E-2
1.480000E-7	3.093076E-2
1.480500E-7	3.086396E-2
1.481000E-7	3.083998E-2
1.481500E-7	3.084340E-2
1.482000E-7	3.084169E-2
1.482500E-7	3.083655E-2
1.483000E-7	3.083655E-2
1.483500E-7	3.084512E-2
1.484000E-7	3.086567E-2
1.484500E-7	3.087766E-2
1.485000E-7	3.088280E-2
1.485500E-7	3.092049E-2
1.486000E-7	3.098215E-2
1.486500E-7	3.101641E-2
1.487000E-7	3.102840E-2
1.487500E-7	3.107294E-2
1.488000E-7	3.112947E-2
1.488500E-7	3.116373E-2
1.489000E-7	3.119456E-2
1.489500E-7	3.124595E-2
1.490000E-7	3.128534E-2
1.490500E-7	3.129905E-2
1.491000E-7	3.130076E-2
1.491500E-7	3.128192E-2
1.492000E-7	3.122197E-2
1.492500E-7	3.115516E-2
1.493000E-7	3.110206E-2
1.493500E-7	3.105924E-2
1.494000E-7	3.103183E-2
1.494500E-7	3.104724E-2
1.495000E-7	3.110035E-2
1.495500E-7	3.116373E-2
1.496000E-7	3.123396E-2
1.496500E-7	3.132132E-2
1.497000E-7	3.139840E-2
1.497500E-7	3.144807E-2
1.498000E-7	3.147206E-2
1.498500E-7	3.147891E-2
1.499000E-7	3.145150E-2
1.499500E-7	3.141210E-2
1.500000E-7	3.137271E-2
1.500500E-7	3.131960E-2
1.501000E-7	3.125622E-2
1.501500E-7	3.121169E-2
1.502000E-7	3.118599E-2
1.502500E-7	3.114317E-2
1.503000E-7	3.108836E-2
1.503500E-7	3.103697E-2
1.504000E-7	3.099928E-2
1.504500E-7	3.097530E-2
1.505000E-7	3.097016E-2
1.505500E-7	3.095646E-2
1.506000E-7	3.094618E-2
1.506500E-7	3.094104E-2
1.507000E-7	3.093762E-2
1.507500E-7	3.095303E-2
1.508000E-7	3.100271E-2
1.508500E-7	3.104553E-2
1.509000E-7	3.107465E-2
1.509500E-7	3.111234E-2
1.510000E-7	3.115516E-2
1.510500E-7	3.117572E-2
1.511000E-7	3.116886E-2
1.511500E-7	3.115516E-2
1.512000E-7	3.111576E-2
1.512500E-7	3.103697E-2
1.513000E-7	3.096845E-2
1.513500E-7	3.091877E-2
1.514000E-7	3.086567E-2
1.514500E-7	3.080229E-2
1.515000E-7	3.074577E-2
1.515500E-7	3.070123E-2
1.516000E-7	3.066012E-2
1.516500E-7	3.062243E-2
1.517000E-7	3.057961E-2
1.517500E-7	3.052651E-2
1.518000E-7	3.050081E-2
1.518500E-7	3.050253E-2
1.519000E-7	3.052479E-2
1.519500E-7	3.057618E-2
1.520000E-7	3.066354E-2
1.520500E-7	3.075604E-2
1.521000E-7	3.084169E-2
1.521500E-7	3.090678E-2
1.522000E-7	3.092563E-2
1.522500E-7	3.090507E-2
1.523000E-7	3.087252E-2
1.523500E-7	3.082970E-2
1.524000E-7	3.075262E-2
1.524500E-7	3.064470E-2
1.525000E-7	3.053507E-2
1.525500E-7	3.043401E-2
1.526000E-7	3.034494E-2
1.526500E-7	3.027470E-2
1.527000E-7	3.022503E-2
1.527500E-7	3.019077E-2
1.528000E-7	3.019077E-2
1.528500E-7	3.023702E-2
1.529000E-7	3.032267E-2
1.529500E-7	3.042716E-2
1.530000E-7	3.054021E-2
1.530500E-7	3.066354E-2
1.531000E-7	3.079030E-2
1.531500E-7	3.090164E-2
1.532000E-7	3.098387E-2
1.532500E-7	3.102840E-2
1.533000E-7	3.103697E-2
1.533500E-7	3.101812E-2
1.534000E-7	3.095988E-2
1.534500E-7	3.085882E-2
1.535000E-7	3.073891E-2
1.535500E-7	3.059674E-2
1.536000E-7	3.044942E-2
1.536500E-7	3.033808E-2
1.537000E-7	3.027642E-2
1.537500E-7	3.024730E-2
1.538000E-7	3.022503E-2
1.538500E-7	3.023873E-2
1.539000E-7	3.031068E-2
1.539500E-7	3.040489E-2
1.540000E-7	3.049054E-2
1.540500E-7	3.056077E-2
1.541000E-7	3.062586E-2
1.541500E-7	3.067382E-2
1.542000E-7	3.068239E-2
1.542500E-7	3.066354E-2
1.543000E-7	3.064128E-2
1.543500E-7	3.059503E-2
1.544000E-7	3.051280E-2
1.544500E-7	3.042887E-2
1.545000E-7	3.035693E-2
1.545500E-7	3.030040E-2
1.546000E-7	3.026957E-2
1.546500E-7	3.025415E-2
1.547000E-7	3.025072E-2
1.547500E-7	3.026957E-2
1.548000E-7	3.029869E-2
1.548500E-7	3.033123E-2
1.549000E-7	3.037577E-2
1.549500E-7	3.043915E-2
1.550000E-7	3.047683E-2
1.550500E-7	3.048711E-2
1.551000E-7	3.049054E-2
1.551500E-7	3.046484E-2
1.552000E-7	3.037748E-2
1.552500E-7	3.027642E-2
1.553000E-7	3.019591E-2
1.553500E-7	3.011883E-2
1.554000E-7	3.005031E-2
1.554500E-7	3.003318E-2
1.555000E-7	3.006059E-2
1.555500E-7	3.010341E-2
1.556000E-7	3.016679E-2
1.556500E-7	3.026957E-2
1.557000E-7	3.040318E-2
1.557500E-7	3.056077E-2
1.558000E-7	3.070979E-2
1.558500E-7	3.081428E-2
1.559000E-7	3.087424E-2
1.559500E-7	3.091021E-2
1.560000E-7	3.092391E-2
1.560500E-7	3.091192E-2
1.561000E-7	3.088451E-2
1.561500E-7	3.084512E-2
1.562000E-7	3.080401E-2
1.562500E-7	3.073549E-2
1.563000E-7	3.064128E-2
1.563500E-7	3.055220E-2
1.564000E-7	3.050081E-2
1.564500E-7	3.045114E-2
1.565000E-7	3.038776E-2
1.565500E-7	3.034494E-2
1.566000E-7	3.033466E-2
1.566500E-7	3.030725E-2
1.567000E-7	3.026957E-2
1.567500E-7	3.025929E-2
1.568000E-7	3.025586E-2
1.568500E-7	3.023873E-2
1.569000E-7	3.023531E-2
1.569500E-7	3.024216E-2
1.570000E-7	3.018049E-2
1.570500E-7	3.006744E-2
1.571000E-7	2.996809E-2
1.571500E-7	2.986017E-2
1.572000E-7	2.969230E-2
1.572500E-7	2.952786E-2
1.573000E-7	2.941994E-2
1.573500E-7	2.936341E-2
1.574000E-7	2.934800E-2
1.574500E-7	2.937712E-2
1.575000E-7	2.947476E-2
1.575500E-7	2.964948E-2
1.576000E-7	2.984818E-2
1.576500E-7	3.000235E-2
1.577000E-7	3.012054E-2
1.577500E-7	3.023188E-2
1.578000E-7	3.029697E-2
1.578500E-7	3.027984E-2
1.579000E-7	3.023531E-2
1.579500E-7	3.019420E-2
1.580000E-7	3.012225E-2
1.580500E-7	3.000748E-2
1.581000E-7	2.987559E-2
1.581500E-7	2.972999E-2
1.582000E-7	2.958267E-2
1.582500E-7	2.947647E-2
1.583000E-7	2.941138E-2
1.583500E-7	2.935999E-2
1.584000E-7	2.934286E-2
1.584500E-7	2.938740E-2
1.585000E-7	2.947647E-2
1.585500E-7	2.958439E-2
1.586000E-7	2.970429E-2
1.586500E-7	2.983961E-2
1.587000E-7	2.996295E-2
1.587500E-7	3.006230E-2
1.588000E-7	3.012054E-2
1.588500E-7	3.013253E-2
1.589000E-7	3.010683E-2
1.589500E-7	3.004003E-2
1.590000E-7	2.993554E-2
1.590500E-7	2.981392E-2
1.591000E-7	2.968545E-2
1.591500E-7	2.954327E-2
1.592000E-7	2.938911E-2
1.592500E-7	2.925892E-2
1.593000E-7	2.918698E-2
1.593500E-7	2.917328E-2
1.594000E-7	2.919212E-2
1.594500E-7	2.923152E-2
1.595000E-7	2.930689E-2
1.595500E-7	2.944050E-2
1.596000E-7	2.959295E-2
1.596500E-7	2.973855E-2
1.597000E-7	2.988073E-2
1.597500E-7	3.001605E-2
1.598000E-7	3.010683E-2
1.598500E-7	3.015480E-2
1.599000E-7	3.018563E-2
1.599500E-7	3.021304E-2
1.600000E-7	3.019420E-2
1.600500E-7	3.011883E-2
1.601000E-7	3.001776E-2
1.601500E-7	2.992526E-2
1.602000E-7	2.983961E-2
1.602500E-7	2.974198E-2
1.603000E-7	2.965119E-2
1.603500E-7	2.958952E-2
1.604000E-7	2.954327E-2
1.604500E-7	2.950730E-2
1.605000E-7	2.951758E-2
1.605500E-7	2.958096E-2
1.606000E-7	2.967003E-2
1.606500E-7	2.976424E-2
1.607000E-7	2.987559E-2
1.607500E-7	2.997494E-2
1.608000E-7	3.002119E-2
1.608500E-7	3.002804E-2
1.609000E-7	3.003147E-2
1.609500E-7	3.000920E-2
1.610000E-7	2.994582E-2
1.610500E-7	2.986873E-2
1.611000E-7	2.980193E-2
1.611500E-7	2.973855E-2
1.612000E-7	2.968545E-2
1.612500E-7	2.965290E-2
1.613000E-7	2.962892E-2
1.613500E-7	2.961693E-2
1.614000E-7	2.960837E-2
1.614500E-7	2.958267E-2
1.615000E-7	2.955869E-2
1.615500E-7	2.953642E-2
1.616000E-7	2.950388E-2
1.616500E-7	2.945591E-2
1.617000E-7	2.941994E-2
1.617500E-7	2.938568E-2
1.618000E-7	2.935485E-2
1.618500E-7	2.934800E-2
1.619000E-7	2.936170E-2
1.619500E-7	2.938226E-2
1.620000E-7	2.941480E-2
1.620500E-7	2.946619E-2
1.621000E-7	2.951415E-2
1.621500E-7	2.955013E-2
1.622000E-7	2.957239E-2
1.622500E-7	2.956897E-2
1.623000E-7	2.952957E-2
1.623500E-7	2.945591E-2
1.624000E-7	2.936513E-2
1.624500E-7	2.926064E-2
1.625000E-7	2.916300E-2
1.625500E-7	2.907735E-2
1.626000E-7	2.898485E-2
1.626500E-7	2.891291E-2
1.627000E-7	2.888550E-2
1.627500E-7	2.889578E-2
1.628000E-7	2.892147E-2
1.628500E-7	2.898657E-2
1.629000E-7	2.910819E-2
1.629500E-7	2.925550E-2
1.630000E-7	2.938911E-2
1.630500E-7	2.951758E-2
1.631000E-7	2.964948E-2
1.631500E-7	2.974883E-2
1.632000E-7	2.979165E-2
1.632500E-7	2.980022E-2
1.633000E-7	2.980364E-2
1.633500E-7	2.979679E-2
1.634000E-7	2.977624E-2
1.634500E-7	2.975397E-2
1.635000E-7	2.972999E-2
1.635500E-7	2.971114E-2
1.636000E-7	2.969573E-2
1.636500E-7	2.967517E-2
1.637000E-7	2.964434E-2
1.637500E-7	2.961522E-2
1.638000E-7	2.960837E-2
1.638500E-7	2.961693E-2
1.639000E-7	2.958439E-2
1.639500E-7	2.951415E-2
1.640000E-7	2.946448E-2
1.640500E-7	2.944735E-2
1.641000E-7	2.942165E-2
1.641500E-7	2.939082E-2
1.642000E-7	2.937712E-2
1.642500E-7	2.937027E-2
1.643000E-7	2.933772E-2
1.643500E-7	2.928976E-2
1.644000E-7	2.925207E-2
1.644500E-7	2.921268E-2
1.645000E-7	2.914416E-2
1.645500E-7	2.905337E-2
1.646000E-7	2.896258E-2
1.646500E-7	2.889749E-2
1.647000E-7	2.885809E-2
1.647500E-7	2.882555E-2
1.648000E-7	2.880157E-2
1.648500E-7	2.880157E-2
1.649000E-7	2.880842E-2
1.649500E-7	2.881527E-2
1.650000E-7	2.885296E-2
1.650500E-7	2.891805E-2
1.651000E-7	2.896601E-2
1.651500E-7	2.899856E-2
1.652000E-7	2.903967E-2
1.652500E-7	2.909791E-2
1.653000E-7	2.913731E-2
1.653500E-7	2.914758E-2
1.654000E-7	2.912531E-2
1.654500E-7	2.907735E-2
1.655000E-7	2.902939E-2
1.655500E-7	2.900370E-2
1.656000E-7	2.900541E-2
1.656500E-7	2.903795E-2
1.657000E-7	2.909106E-2
1.657500E-7	2.913731E-2
1.658000E-7	2.915101E-2
1.658500E-7	2.915101E-2
1.659000E-7	2.915272E-2
1.659500E-7	2.912874E-2
1.660000E-7	2.907050E-2
1.660500E-7	2.900027E-2
1.661000E-7	2.892661E-2
1.661500E-7	2.882897E-2
1.662000E-7	2.869365E-2
1.662500E-7	2.855490E-2
1.663000E-7	2.843842E-2
1.663500E-7	2.835449E-2
1.664000E-7	2.831166E-2
1.664500E-7	2.831166E-2
1.665000E-7	2.835277E-2
1.665500E-7	2.844013E-2
1.666000E-7	2.855662E-2
1.666500E-7	2.867138E-2
1.667000E-7	2.874847E-2
1.667500E-7	2.881184E-2
1.668000E-7	2.887180E-2
1.668500E-7	2.893175E-2
1.669000E-7	2.897286E-2
1.669500E-7	2.899856E-2
1.670000E-7	2.900370E-2
1.670500E-7	2.899170E-2
1.671000E-7	2.896430E-2
1.671500E-7	2.894545E-2
1.672000E-7	2.891805E-2
1.672500E-7	2.889064E-2
1.673000E-7	2.886837E-2
1.673500E-7	2.883240E-2
1.674000E-7	2.875360E-2
1.674500E-7	2.866624E-2
1.675000E-7	2.859259E-2
1.675500E-7	2.850865E-2
1.676000E-7	2.840588E-2
1.676500E-7	2.830310E-2
1.677000E-7	2.822944E-2
1.677500E-7	2.817634E-2
1.678000E-7	2.816435E-2
1.678500E-7	2.819004E-2
1.679000E-7	2.823972E-2
1.679500E-7	2.829625E-2
1.680000E-7	2.833736E-2
1.680500E-7	2.836476E-2
1.681000E-7	2.839731E-2
1.681500E-7	2.845555E-2
1.682000E-7	2.851379E-2
1.682500E-7	2.854805E-2
1.683000E-7	2.857203E-2
1.683500E-7	2.859601E-2
1.684000E-7	2.861828E-2
1.684500E-7	2.863712E-2
1.685000E-7	2.864055E-2
1.685500E-7	2.864740E-2
1.686000E-7	2.867481E-2
1.686500E-7	2.870907E-2
1.687000E-7	2.876046E-2
1.687500E-7	2.881527E-2
1.688000E-7	2.887180E-2
1.688500E-7	2.891633E-2
1.689000E-7	2.893860E-2
1.689500E-7	2.894717E-2
1.690000E-7	2.894374E-2
1.690500E-7	2.891291E-2
1.691000E-7	2.883925E-2
1.691500E-7	2.874161E-2
1.692000E-7	2.864569E-2
1.692500E-7	2.852064E-2
1.693000E-7	2.838018E-2
1.693500E-7	2.827227E-2
1.694000E-7	2.820375E-2
1.694500E-7	2.815407E-2
1.695000E-7	2.814379E-2
1.695500E-7	2.819176E-2
1.696000E-7	2.824828E-2
1.696500E-7	2.830824E-2
1.697000E-7	2.840759E-2
1.697500E-7	2.851379E-2
1.698000E-7	2.855490E-2
1.698500E-7	2.855662E-2
1.699000E-7	2.854634E-2
1.699500E-7	2.849495E-2
1.700000E-7	2.839046E-2
1.700500E-7	2.828254E-2
1.701000E-7	2.817634E-2
1.701500E-7	2.805301E-2
1.702000E-7	2.794167E-2
1.702500E-7	2.787829E-2
1.703000E-7	2.786801E-2
1.703500E-7	2.791597E-2
1.704000E-7	2.803417E-2
1.704500E-7	2.819347E-2
1.705000E-7	2.834764E-2
1.705500E-7	2.849666E-2
1.706000E-7	2.865254E-2
1.706500E-7	2.878272E-2
1.707000E-7	2.886837E-2
1.707500E-7	2.890434E-2
1.708000E-7	2.887865E-2
1.708500E-7	2.878615E-2
1.709000E-7	2.866111E-2
1.709500E-7	2.853777E-2
1.710000E-7	2.839217E-2
1.710500E-7	2.822088E-2
1.711000E-7	2.806500E-2
1.711500E-7	2.793310E-2
1.712000E-7	2.783375E-2
1.712500E-7	2.778921E-2
1.713000E-7	2.779435E-2
1.713500E-7	2.781662E-2
1.714000E-7	2.784403E-2
1.714500E-7	2.788343E-2
1.715000E-7	2.791255E-2
1.715500E-7	2.793481E-2
1.716000E-7	2.796907E-2
1.716500E-7	2.801190E-2
1.717000E-7	2.804102E-2
1.717500E-7	2.804958E-2
1.718000E-7	2.805643E-2
1.718500E-7	2.804444E-2
1.719000E-7	2.802560E-2
1.719500E-7	2.802046E-2
1.720000E-7	2.802731E-2
1.720500E-7	2.801361E-2
1.721000E-7	2.797079E-2
1.721500E-7	2.793653E-2
1.722000E-7	2.790741E-2
1.722500E-7	2.786630E-2
1.723000E-7	2.782690E-2
1.723500E-7	2.779435E-2
1.724000E-7	2.776009E-2
1.724500E-7	2.773611E-2
1.725000E-7	2.777208E-2
1.725500E-7	2.783718E-2
1.726000E-7	2.788343E-2
1.726500E-7	2.792111E-2
1.727000E-7	2.798278E-2
1.727500E-7	2.805129E-2
1.728000E-7	2.809926E-2
1.728500E-7	2.811296E-2
1.729000E-7	2.809241E-2
1.729500E-7	2.805986E-2
1.730000E-7	2.802046E-2
1.730500E-7	2.795537E-2
1.731000E-7	2.787829E-2
1.731500E-7	2.782347E-2
1.732000E-7	2.778921E-2
1.732500E-7	2.776352E-2
1.733000E-7	2.778407E-2
1.733500E-7	2.784745E-2
1.734000E-7	2.791426E-2
1.734500E-7	2.797935E-2
1.735000E-7	2.803759E-2
1.735500E-7	2.803759E-2
1.736000E-7	2.796051E-2
1.736500E-7	2.784574E-2
1.737000E-7	2.771384E-2
1.737500E-7	2.755968E-2
1.738000E-7	2.739695E-2
1.738500E-7	2.724963E-2
1.739000E-7	2.711774E-2
1.739500E-7	2.704237E-2
1.740000E-7	2.702524E-2
1.740500E-7	2.704922E-2
1.741000E-7	2.710746E-2
1.741500E-7	2.721366E-2
1.742000E-7	2.735584E-2
1.742500E-7	2.749287E-2
1.743000E-7	2.760764E-2
1.743500E-7	2.770528E-2
1.744000E-7	2.777380E-2
1.744500E-7	2.782176E-2
1.745000E-7	2.786972E-2
1.745500E-7	2.791426E-2
1.746000E-7	2.792968E-2
1.746500E-7	2.791255E-2
1.747000E-7	2.786458E-2
1.747500E-7	2.780120E-2
1.748000E-7	2.775667E-2
1.748500E-7	2.774125E-2
1.749000E-7	2.773269E-2
1.749500E-7	2.773097E-2
1.750000E-7	2.774810E-2
1.750500E-7	2.777208E-2
1.751000E-7	2.779264E-2
1.751500E-7	2.784060E-2
1.752000E-7	2.790569E-2
1.752500E-7	2.794680E-2
1.753000E-7	2.797935E-2
1.753500E-7	2.804102E-2
1.754000E-7	2.811467E-2
1.754500E-7	2.815407E-2
1.755000E-7	2.815921E-2
1.755500E-7	2.812666E-2
1.756000E-7	2.802731E-2
1.756500E-7	2.785431E-2
1.757000E-7	2.766759E-2
1.757500E-7	2.749287E-2
1.758000E-7	2.731815E-2
1.758500E-7	2.714172E-2
1.759000E-7	2.700811E-2
1.759500E-7	2.692760E-2
1.760000E-7	2.687450E-2
1.760500E-7	2.686422E-2
1.761000E-7	2.693959E-2
1.761500E-7	2.707834E-2
1.762000E-7	2.720852E-2
1.762500E-7	2.734727E-2
1.763000E-7	2.750486E-2
1.763500E-7	2.764533E-2
1.764000E-7	2.772412E-2
1.764500E-7	2.777037E-2
1.765000E-7	2.779949E-2
1.765500E-7	2.780977E-2
1.766000E-7	2.779435E-2
1.766500E-7	2.775667E-2
1.767000E-7	2.770357E-2
1.767500E-7	2.764361E-2
1.768000E-7	2.756824E-2
1.768500E-7	2.749973E-2
1.769000E-7	2.746033E-2
1.769500E-7	2.743635E-2
1.770000E-7	2.739352E-2
1.770500E-7	2.733186E-2
1.771000E-7	2.726848E-2
1.771500E-7	2.719996E-2
1.772000E-7	2.712630E-2
1.772500E-7	2.708862E-2
1.773000E-7	2.709718E-2
1.773500E-7	2.710917E-2
1.774000E-7	2.707663E-2
1.774500E-7	2.703038E-2
1.775000E-7	2.699440E-2
1.775500E-7	2.694816E-2
1.776000E-7	2.686936E-2
1.776500E-7	2.679570E-2
1.777000E-7	2.674945E-2
1.777500E-7	2.670149E-2
1.778000E-7	2.664496E-2
1.778500E-7	2.661584E-2
1.779000E-7	2.661584E-2
1.779500E-7	2.662098E-2
1.780000E-7	2.663982E-2
1.780500E-7	2.669121E-2
1.781000E-7	2.677172E-2
1.781500E-7	2.685566E-2
1.782000E-7	2.693445E-2
1.782500E-7	2.700126E-2
1.783000E-7	2.706806E-2
1.783500E-7	2.712630E-2
1.784000E-7	2.715371E-2
1.784500E-7	2.715200E-2
1.785000E-7	2.714514E-2
1.785500E-7	2.715885E-2
1.786000E-7	2.716399E-2
1.786500E-7	2.714686E-2
1.787000E-7	2.713144E-2
1.787500E-7	2.712801E-2
1.788000E-7	2.709889E-2
1.788500E-7	2.705950E-2
1.789000E-7	2.703894E-2
1.789500E-7	2.702352E-2
1.790000E-7	2.699440E-2
1.790500E-7	2.699783E-2
1.791000E-7	2.703380E-2
1.791500E-7	2.704922E-2
1.792000E-7	2.706292E-2
1.792500E-7	2.708862E-2
1.793000E-7	2.711774E-2
1.793500E-7	2.714343E-2
1.794000E-7	2.719653E-2
1.794500E-7	2.725991E-2
1.795000E-7	2.732843E-2
1.795500E-7	2.740380E-2
1.796000E-7	2.748088E-2
1.796500E-7	2.753912E-2
1.797000E-7	2.759222E-2
1.797500E-7	2.764190E-2
1.798000E-7	2.765732E-2
1.798500E-7	2.762306E-2
1.799000E-7	2.754084E-2
1.799500E-7	2.739695E-2
1.800000E-7	2.720681E-2
1.800500E-7	2.699783E-2
1.801000E-7	2.679056E-2
1.801500E-7	2.659871E-2
1.802000E-7	2.644969E-2
1.802500E-7	2.634520E-2
1.803000E-7	2.629381E-2
1.803500E-7	2.629210E-2
1.804000E-7	2.633321E-2
1.804500E-7	2.638973E-2
1.805000E-7	2.646339E-2
1.805500E-7	2.654219E-2
1.806000E-7	2.660557E-2
1.806500E-7	2.665010E-2
1.807000E-7	2.665867E-2
1.807500E-7	2.660899E-2
1.808000E-7	2.651307E-2
1.808500E-7	2.641885E-2
1.809000E-7	2.634691E-2
1.809500E-7	2.630751E-2
1.810000E-7	2.631265E-2
1.810500E-7	2.635205E-2
1.811000E-7	2.642913E-2
1.811500E-7	2.655246E-2
1.812000E-7	2.670834E-2
1.812500E-7	2.685908E-2
1.813000E-7	2.697556E-2
1.813500E-7	2.705093E-2
1.814000E-7	2.707149E-2
1.814500E-7	2.702352E-2
1.815000E-7	2.693616E-2
1.815500E-7	2.681968E-2
1.816000E-7	2.668265E-2
1.816500E-7	2.654561E-2
1.817000E-7	2.642742E-2
1.817500E-7	2.632464E-2
1.818000E-7	2.625441E-2
1.818500E-7	2.624927E-2
1.819000E-7	2.629895E-2
1.819500E-7	2.637260E-2
1.820000E-7	2.645654E-2
1.820500E-7	2.655246E-2
1.821000E-7	2.664668E-2
1.821500E-7	2.674603E-2
1.822000E-7	2.684538E-2
1.822500E-7	2.691218E-2
1.823000E-7	2.693616E-2
1.823500E-7	2.691903E-2
1.824000E-7	2.689505E-2
1.824500E-7	2.685052E-2
1.825000E-7	2.678371E-2
1.825500E-7	2.670834E-2
1.826000E-7	2.664325E-2
1.826500E-7	2.659357E-2
1.827000E-7	2.655932E-2
1.827500E-7	2.655075E-2
1.828000E-7	2.655760E-2
1.828500E-7	2.656103E-2
1.829000E-7	2.655589E-2
1.829500E-7	2.655075E-2
1.830000E-7	2.655760E-2
1.830500E-7	2.657644E-2
1.831000E-7	2.662269E-2
1.831500E-7	2.667066E-2
1.832000E-7	2.669464E-2
1.832500E-7	2.668950E-2
1.833000E-7	2.668950E-2
1.833500E-7	2.667408E-2
1.834000E-7	2.663297E-2
1.834500E-7	2.657987E-2
1.835000E-7	2.652848E-2
1.835500E-7	2.648908E-2
1.836000E-7	2.643770E-2
1.836500E-7	2.636061E-2
1.837000E-7	2.629552E-2
1.837500E-7	2.626983E-2
1.838000E-7	2.626469E-2
1.838500E-7	2.626469E-2
1.839000E-7	2.630237E-2
1.839500E-7	2.640172E-2
1.840000E-7	2.651992E-2
1.840500E-7	2.662612E-2
1.841000E-7	2.674260E-2
1.841500E-7	2.687107E-2
1.842000E-7	2.697385E-2
1.842500E-7	2.702866E-2
1.843000E-7	2.706635E-2
1.843500E-7	2.708862E-2
1.844000E-7	2.708005E-2
1.844500E-7	2.704751E-2
1.845000E-7	2.700640E-2
1.845500E-7	2.694130E-2
1.846000E-7	2.685908E-2
1.846500E-7	2.675630E-2
1.847000E-7	2.665010E-2
1.847500E-7	2.653020E-2
1.848000E-7	2.641371E-2
1.848500E-7	2.630409E-2
1.849000E-7	2.621330E-2
1.849500E-7	2.613793E-2
1.850000E-7	2.609168E-2
1.850500E-7	2.607626E-2
1.851000E-7	2.608997E-2
1.851500E-7	2.611909E-2
1.852000E-7	2.615335E-2
1.852500E-7	2.619617E-2
1.853000E-7	2.624927E-2
1.853500E-7	2.630580E-2
1.854000E-7	2.633663E-2
1.854500E-7	2.634348E-2
1.855000E-7	2.633321E-2
1.855500E-7	2.629895E-2
1.856000E-7	2.625270E-2
1.856500E-7	2.620473E-2
1.857000E-7	2.616191E-2
1.857500E-7	2.612080E-2
1.858000E-7	2.607455E-2
1.858500E-7	2.602488E-2
1.859000E-7	2.597349E-2
1.859500E-7	2.593923E-2
1.860000E-7	2.593923E-2
1.860500E-7	2.594779E-2
1.861000E-7	2.596321E-2
1.861500E-7	2.600089E-2
1.862000E-7	2.605742E-2
1.862500E-7	2.609339E-2
1.863000E-7	2.611052E-2
1.863500E-7	2.615677E-2
1.864000E-7	2.621330E-2
1.864500E-7	2.624413E-2
1.865000E-7	2.625955E-2
1.865500E-7	2.625784E-2
1.866000E-7	2.621844E-2
1.866500E-7	2.615163E-2
1.867000E-7	2.609168E-2
1.867500E-7	2.603001E-2
1.868000E-7	2.593409E-2
1.868500E-7	2.585701E-2
1.869000E-7	2.583302E-2
1.869500E-7	2.582960E-2
1.870000E-7	2.580733E-2
1.870500E-7	2.580219E-2
1.871000E-7	2.585187E-2
1.871500E-7	2.592210E-2
1.872000E-7	2.597177E-2
1.872500E-7	2.600946E-2
1.873000E-7	2.607455E-2
1.873500E-7	2.614821E-2
1.874000E-7	2.620473E-2
1.874500E-7	2.622872E-2
1.875000E-7	2.621844E-2
1.875500E-7	2.618761E-2
1.876000E-7	2.616020E-2
1.876500E-7	2.612423E-2
1.877000E-7	2.606256E-2
1.877500E-7	2.598719E-2
1.878000E-7	2.592381E-2
1.878500E-7	2.587756E-2
1.879000E-7	2.584159E-2
1.879500E-7	2.582617E-2
1.880000E-7	2.581247E-2
1.880500E-7	2.577650E-2
1.881000E-7	2.574224E-2
1.881500E-7	2.571654E-2
1.882000E-7	2.566002E-2
1.882500E-7	2.557608E-2
1.883000E-7	2.550071E-2
1.883500E-7	2.542192E-2
1.884000E-7	2.532599E-2
1.884500E-7	2.525919E-2
1.885000E-7	2.524720E-2
1.885500E-7	2.525233E-2
1.886000E-7	2.527803E-2
1.886500E-7	2.536710E-2
1.887000E-7	2.549900E-2
1.887500E-7	2.563090E-2
1.888000E-7	2.576279E-2
1.888500E-7	2.589983E-2
1.889000E-7	2.599918E-2
1.889500E-7	2.604372E-2
1.890000E-7	2.604714E-2
1.890500E-7	2.602659E-2
1.891000E-7	2.597177E-2
1.891500E-7	2.590668E-2
1.892000E-7	2.585187E-2
1.892500E-7	2.580048E-2
1.893000E-7	2.573710E-2
1.893500E-7	2.569941E-2
1.894000E-7	2.570627E-2
1.894500E-7	2.572682E-2
1.895000E-7	2.573881E-2
1.895500E-7	2.575423E-2
1.896000E-7	2.578335E-2
1.896500E-7	2.580904E-2
1.897000E-7	2.583816E-2
1.897500E-7	2.588270E-2
1.898000E-7	2.591525E-2
1.898500E-7	2.592210E-2
1.899000E-7	2.592552E-2
1.899500E-7	2.590668E-2
1.900000E-7	2.585529E-2
1.900500E-7	2.578849E-2
1.901000E-7	2.573367E-2
1.901500E-7	2.567543E-2
1.902000E-7	2.558465E-2
1.902500E-7	2.548872E-2
1.903000E-7	2.542363E-2
1.903500E-7	2.538252E-2
1.904000E-7	2.536025E-2
1.904500E-7	2.537909E-2
1.905000E-7	2.542363E-2
1.905500E-7	2.545960E-2
1.906000E-7	2.548872E-2
1.906500E-7	2.552641E-2
1.907000E-7	2.557608E-2
1.907500E-7	2.561034E-2
1.908000E-7	2.562747E-2
1.908500E-7	2.565145E-2
1.909000E-7	2.569770E-2
1.909500E-7	2.574566E-2
1.910000E-7	2.577307E-2
1.910500E-7	2.580562E-2
1.911000E-7	2.585187E-2
1.911500E-7	2.588613E-2
1.912000E-7	2.589469E-2
1.912500E-7	2.588441E-2
1.913000E-7	2.584844E-2
1.913500E-7	2.578164E-2
1.914000E-7	2.571141E-2
1.914500E-7	2.563604E-2
1.915000E-7	2.555553E-2
1.915500E-7	2.547331E-2
1.916000E-7	2.540307E-2
1.916500E-7	2.533456E-2
1.917000E-7	2.526261E-2
1.917500E-7	2.521808E-2
1.918000E-7	2.522493E-2
1.918500E-7	2.528317E-2
1.919000E-7	2.538937E-2
1.919500E-7	2.551442E-2
1.920000E-7	2.563432E-2
1.920500E-7	2.576451E-2
1.921000E-7	2.587242E-2
1.921500E-7	2.591011E-2
1.922000E-7	2.587927E-2
1.922500E-7	2.581247E-2
1.923000E-7	2.573196E-2
1.923500E-7	2.562918E-2
1.924000E-7	2.548701E-2
1.924500E-7	2.531743E-2
1.925000E-7	2.518382E-2
1.925500E-7	2.509988E-2
1.926000E-7	2.502965E-2
1.926500E-7	2.498683E-2
1.927000E-7	2.500910E-2
1.927500E-7	2.507933E-2
1.928000E-7	2.513757E-2
1.928500E-7	2.515984E-2
1.929000E-7	2.516840E-2
1.929500E-7	2.516840E-2
1.930000E-7	2.514956E-2
1.930500E-7	2.510159E-2
1.931000E-7	2.502794E-2
1.931500E-7	2.494058E-2
1.932000E-7	2.485836E-2
1.932500E-7	2.479840E-2
1.933000E-7	2.475900E-2
1.933500E-7	2.474873E-2
1.934000E-7	2.477956E-2
1.934500E-7	2.486521E-2
1.935000E-7	2.497312E-2
1.935500E-7	2.509132E-2
1.936000E-7	2.521294E-2
1.936500E-7	2.532428E-2
1.937000E-7	2.539965E-2
1.937500E-7	2.542020E-2
1.938000E-7	2.539451E-2
1.938500E-7	2.531914E-2
1.939000E-7	2.523178E-2
1.939500E-7	2.515127E-2
1.940000E-7	2.507590E-2
1.940500E-7	2.501766E-2
1.941000E-7	2.500910E-2
1.941500E-7	2.504849E-2
1.942000E-7	2.511016E-2
1.942500E-7	2.520266E-2
1.943000E-7	2.533456E-2
1.943500E-7	2.546303E-2
1.944000E-7	2.556752E-2
1.944500E-7	2.565145E-2
1.945000E-7	2.570969E-2
1.945500E-7	2.573367E-2
1.946000E-7	2.572168E-2
1.946500E-7	2.567886E-2
1.947000E-7	2.558122E-2
1.947500E-7	2.543391E-2
1.948000E-7	2.528145E-2
1.948500E-7	2.513928E-2
1.949000E-7	2.501595E-2
1.949500E-7	2.493715E-2
1.950000E-7	2.492174E-2
1.950500E-7	2.492002E-2
1.951000E-7	2.491488E-2
1.951500E-7	2.493373E-2
1.952000E-7	2.495942E-2
1.952500E-7	2.498683E-2
1.953000E-7	2.502280E-2
1.953500E-7	2.509132E-2
1.954000E-7	2.515127E-2
1.954500E-7	2.517868E-2
1.955000E-7	2.518724E-2
1.955500E-7	2.518210E-2
1.956000E-7	2.515127E-2
1.956500E-7	2.508789E-2
1.957000E-7	2.502794E-2
1.957500E-7	2.498683E-2
1.958000E-7	2.495942E-2
1.958500E-7	2.495086E-2
1.959000E-7	2.496970E-2
1.959500E-7	2.500738E-2
1.960000E-7	2.506048E-2
1.960500E-7	2.510331E-2
1.961000E-7	2.512729E-2
1.961500E-7	2.514956E-2
1.962000E-7	2.517183E-2
1.962500E-7	2.517868E-2
1.963000E-7	2.516155E-2
1.963500E-7	2.513072E-2
1.964000E-7	2.506905E-2
1.964500E-7	2.498683E-2
1.965000E-7	2.492174E-2
1.965500E-7	2.487720E-2
1.966000E-7	2.484123E-2
1.966500E-7	2.482581E-2
1.967000E-7	2.483095E-2
1.967500E-7	2.483951E-2
1.968000E-7	2.486007E-2
1.968500E-7	2.491317E-2
1.969000E-7	2.497312E-2
1.969500E-7	2.501937E-2
1.970000E-7	2.506391E-2
1.970500E-7	2.508447E-2
1.971000E-7	2.504678E-2
1.971500E-7	2.500053E-2
1.972000E-7	2.496970E-2
1.972500E-7	2.491660E-2
1.973000E-7	2.484465E-2
1.973500E-7	2.482581E-2
1.974000E-7	2.483951E-2
1.974500E-7	2.483437E-2
1.975000E-7	2.482924E-2
1.975500E-7	2.483266E-2
1.976000E-7	2.482067E-2
1.976500E-7	2.479840E-2
1.977000E-7	2.480868E-2
1.977500E-7	2.483780E-2
1.978000E-7	2.484808E-2
1.978500E-7	2.485664E-2
1.979000E-7	2.486521E-2
1.979500E-7	2.484979E-2
1.980000E-7	2.482410E-2
1.980500E-7	2.480525E-2
1.981000E-7	2.479498E-2
1.981500E-7	2.478641E-2
1.982000E-7	2.480525E-2
1.982500E-7	2.483780E-2
1.983000E-7	2.487035E-2
1.983500E-7	2.488919E-2
1.984000E-7	2.487891E-2
1.984500E-7	2.483780E-2
1.985000E-7	2.479669E-2
1.985500E-7	2.474016E-2
1.986000E-7	2.465794E-2
1.986500E-7	2.459114E-2
1.987000E-7	2.458600E-2
1.987500E-7	2.459970E-2
1.988000E-7	2.460827E-2
1.988500E-7	2.463053E-2
1.989000E-7	2.466651E-2
1.989500E-7	2.469049E-2
1.990000E-7	2.470590E-2
1.990500E-7	2.471961E-2
1.991000E-7	2.471618E-2
1.991500E-7	2.470076E-2
1.992000E-7	2.467850E-2
1.992500E-7	2.464938E-2
1.993000E-7	2.464424E-2
1.993500E-7	2.465109E-2
1.994000E-7	2.462368E-2
1.994500E-7	2.455688E-2
1.995000E-7	2.448836E-2
1.995500E-7	2.442498E-2
1.996000E-7	2.434618E-2
1.996500E-7	2.426225E-2
1.997000E-7	2.419716E-2
1.997500E-7	2.415433E-2
1.998000E-7	2.412179E-2
1.998500E-7	2.411836E-2
1.999000E-7	2.416290E-2
1.999500E-7	2.424341E-2
2.000000E-7	2.433762E-2
