Study Name	PremaTech_CVD_SiC_1_Heating
Sample Name	2024-12-17
Run Name	spot04_400
Operator	Keshav
Date	12/17/2024
Time	18:24
Sign	FIX
Grating Spacing	06.40um
Channel	3
Number Traces	10000
Files in Batch	1
Batch Number	4
dt	100.000001E-12
time stamp (ms)	6:27:59 PM
	
Time	Amplitude
0.000000E+0	4.059772E-4
1.000000E-10	1.901455E-4
2.000000E-10	1.199866E-5
3.000000E-10	-9.763014E-5
4.000000E-10	-9.934309E-5
5.000000E-10	-4.452869E-5
6.000000E-10	5.139651E-5
7.000000E-10	1.558865E-4
8.000000E-10	2.809318E-4
9.000000E-10	3.408851E-4
1.000000E-9	3.751441E-4
1.100000E-9	3.545887E-4
1.200000E-9	3.117649E-4
1.300000E-9	3.460239E-4
1.400000E-9	3.974124E-4
1.500000E-9	4.933376E-4
1.600000E-9	5.995405E-4
1.700000E-9	6.440772E-4
1.800000E-9	6.475031E-4
1.900000E-9	5.892628E-4
2.000000E-9	5.070412E-4
2.100000E-9	4.744952E-4
2.200000E-9	4.950506E-4
2.300000E-9	4.916247E-4
2.400000E-9	5.104671E-4
2.500000E-9	5.156060E-4
2.600000E-9	5.173189E-4
2.700000E-9	4.847729E-4
2.800000E-9	5.173189E-4
2.900000E-9	5.841240E-4
3.000000E-9	6.269477E-4
3.100000E-9	5.515779E-4
3.200000E-9	4.488009E-4
3.300000E-9	2.980613E-4
3.400000E-9	1.421829E-4
3.500000E-9	2.227636E-5
3.600000E-9	2.912816E-5
3.700000E-9	1.301922E-4
3.800000E-9	3.203297E-4
3.900000E-9	5.841240E-4
4.000000E-9	8.376406E-4
4.100000E-9	1.062037E-3
4.200000E-9	1.247036E-3
4.300000E-9	1.351526E-3
4.400000E-9	1.260739E-3
4.500000E-9	1.092870E-3
4.600000E-9	8.444924E-4
4.700000E-9	6.389384E-4
4.800000E-9	4.727822E-4
4.900000E-9	3.134779E-4
5.000000E-9	1.456088E-4
5.100000E-9	-4.452869E-5
5.200000E-9	-1.798517E-4
5.300000E-9	-2.398050E-4
5.400000E-9	-2.192496E-4
5.500000E-9	-3.938984E-5
5.600000E-9	2.244045E-4
5.700000E-9	5.156060E-4
5.800000E-9	7.605578E-4
5.900000E-9	8.941679E-4
6.000000E-9	9.198622E-4
6.100000E-9	8.547701E-4
6.200000E-9	6.971787E-4
6.300000E-9	5.053283E-4
6.400000E-9	2.963484E-4
6.500000E-9	1.627383E-4
6.600000E-9	1.284793E-4
6.700000E-9	2.295433E-4
6.800000E-9	3.768570E-4
6.900000E-9	6.166700E-4
7.000000E-9	8.136593E-4
7.100000E-9	9.352787E-4
7.200000E-9	9.267140E-4
7.300000E-9	8.753255E-4
7.400000E-9	8.102334E-4
7.500000E-9	7.177341E-4
7.600000E-9	6.132441E-4
7.700000E-9	4.847729E-4
7.800000E-9	3.408851E-4
7.900000E-9	2.124138E-4
8.000000E-9	1.850066E-4
8.100000E-9	2.586635E-4
8.200000E-9	4.333844E-4
8.300000E-9	6.200959E-4
8.400000E-9	8.085204E-4
8.500000E-9	8.890291E-4
8.600000E-9	8.068075E-4
8.700000E-9	6.218089E-4
8.800000E-9	4.299585E-4
8.900000E-9	3.066261E-4
9.000000E-9	2.826448E-4
9.100000E-9	3.254685E-4
9.200000E-9	4.419491E-4
9.300000E-9	5.395873E-4
9.400000E-9	6.012535E-4
9.500000E-9	5.669945E-4
9.600000E-9	4.573657E-4
9.700000E-9	3.203297E-4
9.800000E-9	2.398210E-4
9.900000E-9	2.346822E-4
1.000000E-8	2.809318E-4
1.010000E-8	3.597275E-4
1.020000E-8	4.265326E-4
1.030000E-8	4.864858E-4
1.040000E-8	5.001894E-4
1.050000E-8	5.036153E-4
1.060000E-8	5.207448E-4
1.070000E-8	5.806981E-4
1.080000E-8	6.475031E-4
1.090000E-8	6.560679E-4
1.100000E-8	6.098182E-4
1.110000E-8	4.950506E-4
1.120000E-8	4.042642E-4
1.130000E-8	2.946354E-4
1.140000E-8	2.466728E-4
1.150000E-8	2.894966E-4
1.160000E-8	3.785700E-4
1.170000E-8	5.258837E-4
1.180000E-8	6.457902E-4
1.190000E-8	7.571319E-4
1.200000E-8	7.742614E-4
1.210000E-8	6.817621E-4
1.220000E-8	4.933376E-4
1.230000E-8	2.552376E-4
1.240000E-8	7.366487E-5
1.250000E-8	3.084111E-5
1.260000E-8	9.079437E-5
1.270000E-8	2.415340E-4
1.280000E-8	3.956995E-4
1.290000E-8	5.207448E-4
1.300000E-8	5.447261E-4
1.310000E-8	4.607916E-4
1.320000E-8	3.545887E-4
1.330000E-8	2.072750E-4
1.340000E-8	1.404699E-4
1.350000E-8	1.404699E-4
1.360000E-8	1.952843E-4
1.370000E-8	2.894966E-4
1.380000E-8	3.528757E-4
1.390000E-8	3.631534E-4
1.400000E-8	3.169038E-4
1.410000E-8	2.946354E-4
1.420000E-8	2.466728E-4
1.430000E-8	2.603764E-4
1.440000E-8	2.655153E-4
1.450000E-8	3.100520E-4
1.460000E-8	3.494498E-4
1.470000E-8	4.076901E-4
1.480000E-8	4.470880E-4
1.490000E-8	5.104671E-4
1.500000E-8	5.995405E-4
1.510000E-8	6.560679E-4
1.520000E-8	6.834751E-4
1.530000E-8	6.012535E-4
1.540000E-8	4.693563E-4
1.550000E-8	3.477369E-4
1.560000E-8	3.083390E-4
1.570000E-8	3.974124E-4
1.580000E-8	5.601427E-4
1.590000E-8	7.982427E-4
1.600000E-8	1.039769E-3
1.610000E-8	1.152823E-3
1.620000E-8	1.147685E-3
1.630000E-8	1.044908E-3
1.640000E-8	8.736125E-4
1.650000E-8	6.509290E-4
1.660000E-8	4.607916E-4
1.670000E-8	2.980613E-4
1.680000E-8	2.552376E-4
1.690000E-8	2.312563E-4
1.700000E-8	2.295433E-4
1.710000E-8	2.295433E-4
1.720000E-8	1.884325E-4
1.730000E-8	1.935714E-4
1.740000E-8	2.346822E-4
1.750000E-8	3.717182E-4
1.760000E-8	6.063923E-4
1.770000E-8	8.410665E-4
1.780000E-8	1.032917E-3
1.790000E-8	1.116851E-3
1.800000E-8	1.039769E-3
1.810000E-8	8.718996E-4
1.820000E-8	6.457902E-4
1.830000E-8	4.830599E-4
1.840000E-8	3.974124E-4
1.850000E-8	4.402362E-4
1.860000E-8	5.327355E-4
1.870000E-8	6.098182E-4
1.880000E-8	6.303736E-4
1.890000E-8	7.331506E-4
1.900000E-8	1.277869E-3
1.910000E-8	2.821237E-3
1.920000E-8	5.856584E-3
1.930000E-8	1.060317E-2
1.940000E-8	1.679891E-2
1.950000E-8	2.397446E-2
1.960000E-8	3.143949E-2
1.970000E-8	3.863902E-2
1.980000E-8	4.519791E-2
1.990000E-8	5.067421E-2
2.000000E-8	5.449238E-2
2.010000E-8	5.632694E-2
2.020000E-8	5.629269E-2
2.030000E-8	5.467223E-2
2.040000E-8	5.181332E-2
2.050000E-8	4.810307E-2
2.060000E-8	4.404852E-2
2.070000E-8	4.032114E-2
2.080000E-8	3.716589E-2
2.090000E-8	3.476262E-2
2.100000E-8	3.287495E-2
2.110000E-8	3.131273E-2
2.120000E-8	2.987900E-2
2.130000E-8	2.844868E-2
2.140000E-8	2.693615E-2
2.150000E-8	2.533454E-2
2.160000E-8	2.374663E-2
2.170000E-8	2.221868E-2
2.180000E-8	2.085860E-2
2.190000E-8	1.966981E-2
2.200000E-8	1.882019E-2
2.210000E-8	1.823265E-2
2.220000E-8	1.781298E-2
2.230000E-8	1.733164E-2
2.240000E-8	1.668757E-2
2.250000E-8	1.588419E-2
2.260000E-8	1.499175E-2
2.270000E-8	1.412157E-2
2.280000E-8	1.342954E-2
2.290000E-8	1.293107E-2
2.300000E-8	1.264329E-2
2.310000E-8	1.248570E-2
2.320000E-8	1.238978E-2
2.330000E-8	1.225617E-2
2.340000E-8	1.205575E-2
2.350000E-8	1.175427E-2
2.360000E-8	1.129349E-2
2.370000E-8	1.076932E-2
2.380000E-8	1.027257E-2
2.390000E-8	9.897433E-3
2.400000E-8	9.744981E-3
2.410000E-8	9.722713E-3
2.420000E-8	9.823777E-3
2.430000E-8	9.774101E-3
2.440000E-8	9.489751E-3
2.450000E-8	8.999848E-3
2.460000E-8	8.345501E-3
2.470000E-8	7.797357E-3
2.480000E-8	7.453054E-3
2.490000E-8	7.377684E-3
2.500000E-8	7.542127E-3
2.510000E-8	7.771662E-3
2.520000E-8	8.002911E-3
2.530000E-8	8.023466E-3
2.540000E-8	7.894995E-3
2.550000E-8	7.605506E-3
2.560000E-8	7.285185E-3
2.570000E-8	7.004261E-3
2.580000E-8	6.820975E-3
2.590000E-8	6.726763E-3
2.600000E-8	6.733615E-3
2.610000E-8	6.776438E-3
2.620000E-8	6.805559E-3
2.630000E-8	6.817549E-3
2.640000E-8	6.761022E-3
2.650000E-8	6.694217E-3
2.660000E-8	6.620560E-3
2.670000E-8	6.529774E-3
2.680000E-8	6.454404E-3
2.690000E-8	6.409867E-3
2.700000E-8	6.495515E-3
2.710000E-8	6.659958E-3
2.720000E-8	6.836392E-3
2.730000E-8	6.981992E-3
2.740000E-8	7.014538E-3
2.750000E-8	6.870651E-3
2.760000E-8	6.651393E-3
2.770000E-8	6.403015E-3
2.780000E-8	6.286535E-3
2.790000E-8	6.307090E-3
2.800000E-8	6.461256E-3
2.810000E-8	6.658245E-3
2.820000E-8	6.838105E-3
2.830000E-8	6.832966E-3
2.840000E-8	6.658245E-3
2.850000E-8	6.303664E-3
2.860000E-8	5.918250E-3
2.870000E-8	5.685289E-3
2.880000E-8	5.654456E-3
2.890000E-8	5.834316E-3
2.900000E-8	6.087832E-3
2.910000E-8	6.259128E-3
2.920000E-8	6.226581E-3
2.930000E-8	6.039870E-3
2.940000E-8	5.714409E-3
2.950000E-8	5.378671E-3
2.960000E-8	5.188534E-3
2.970000E-8	5.152562E-3
2.980000E-8	5.229645E-3
2.990000E-8	5.394088E-3
3.000000E-8	5.565383E-3
3.010000E-8	5.774363E-3
3.020000E-8	5.933667E-3
3.030000E-8	6.056999E-3
3.040000E-8	6.139221E-3
3.050000E-8	6.166628E-3
3.060000E-8	6.132369E-3
3.070000E-8	6.021027E-3
3.080000E-8	5.880566E-3
3.090000E-8	5.731539E-3
3.100000E-8	5.627049E-3
3.110000E-8	5.548253E-3
3.120000E-8	5.411217E-3
3.130000E-8	5.236496E-3
3.140000E-8	4.988119E-3
3.150000E-8	4.727750E-3
3.160000E-8	4.520483E-3
3.170000E-8	4.453678E-3
3.180000E-8	4.539326E-3
3.190000E-8	4.731176E-3
3.200000E-8	5.037794E-3
3.210000E-8	5.293024E-3
3.220000E-8	5.464319E-3
3.230000E-8	5.488300E-3
3.240000E-8	5.354690E-3
3.250000E-8	5.142284E-3
3.260000E-8	4.900758E-3
3.270000E-8	4.698630E-3
3.280000E-8	4.597566E-3
3.290000E-8	4.542752E-3
3.300000E-8	4.577011E-3
3.310000E-8	4.624973E-3
3.320000E-8	4.636964E-3
3.330000E-8	4.582149E-3
3.340000E-8	4.501641E-3
3.350000E-8	4.457104E-3
3.360000E-8	4.438262E-3
3.370000E-8	4.462243E-3
3.380000E-8	4.530761E-3
3.390000E-8	4.643816E-3
3.400000E-8	4.702056E-3
3.410000E-8	4.775713E-3
3.420000E-8	4.868212E-3
3.430000E-8	4.868212E-3
3.440000E-8	4.801407E-3
3.450000E-8	4.640390E-3
3.460000E-8	4.465669E-3
3.470000E-8	4.316642E-3
3.480000E-8	4.237846E-3
3.490000E-8	4.213865E-3
3.500000E-8	4.244698E-3
3.510000E-8	4.253263E-3
3.520000E-8	4.306364E-3
3.530000E-8	4.294374E-3
3.540000E-8	4.249837E-3
3.550000E-8	4.239559E-3
3.560000E-8	4.234421E-3
3.570000E-8	4.183032E-3
3.580000E-8	4.104236E-3
3.590000E-8	3.996320E-3
3.600000E-8	3.859284E-3
3.610000E-8	3.751369E-3
3.620000E-8	3.735952E-3
3.630000E-8	3.775350E-3
3.640000E-8	3.920951E-3
3.650000E-8	4.104236E-3
3.660000E-8	4.261828E-3
3.670000E-8	4.338910E-3
3.680000E-8	4.278957E-3
3.690000E-8	4.220717E-3
3.700000E-8	4.188171E-3
3.710000E-8	4.272105E-3
3.720000E-8	4.441687E-3
3.730000E-8	4.623260E-3
3.740000E-8	4.647242E-3
3.750000E-8	4.505067E-3
3.760000E-8	4.189884E-3
3.770000E-8	3.804470E-3
3.780000E-8	3.592064E-3
3.790000E-8	3.585212E-3
3.800000E-8	3.816461E-3
3.810000E-8	4.171041E-3
3.820000E-8	4.436549E-3
3.830000E-8	4.451965E-3
3.840000E-8	4.309790E-3
3.850000E-8	4.052848E-3
3.860000E-8	3.797618E-3
3.870000E-8	3.646879E-3
3.880000E-8	3.610907E-3
3.890000E-8	3.658869E-3
3.900000E-8	3.698267E-3
3.910000E-8	3.674286E-3
3.920000E-8	3.617759E-3
3.930000E-8	3.513269E-3
3.940000E-8	3.501278E-3
3.950000E-8	3.564657E-3
3.960000E-8	3.723961E-3
3.970000E-8	3.919238E-3
3.980000E-8	4.129931E-3
3.990000E-8	4.246411E-3
4.000000E-8	4.266967E-3
4.010000E-8	4.183032E-3
4.020000E-8	4.034005E-3
4.030000E-8	3.852433E-3
4.040000E-8	3.684564E-3
4.050000E-8	3.564657E-3
4.060000E-8	3.492713E-3
4.070000E-8	3.467019E-3
4.080000E-8	3.545815E-3
4.090000E-8	3.658869E-3
4.100000E-8	3.795905E-3
4.110000E-8	3.898682E-3
4.120000E-8	3.920951E-3
4.130000E-8	3.854146E-3
4.140000E-8	3.723961E-3
4.150000E-8	3.552666E-3
4.160000E-8	3.376233E-3
4.170000E-8	3.302576E-3
4.180000E-8	3.359103E-3
4.190000E-8	3.537250E-3
4.200000E-8	3.710258E-3
4.210000E-8	3.828451E-3
4.220000E-8	3.890118E-3
4.230000E-8	3.838729E-3
4.240000E-8	3.749656E-3
4.250000E-8	3.610907E-3
4.260000E-8	3.521833E-3
4.270000E-8	3.485861E-3
4.280000E-8	3.494426E-3
4.290000E-8	3.550953E-3
4.300000E-8	3.662295E-3
4.310000E-8	3.840442E-3
4.320000E-8	4.015163E-3
4.330000E-8	4.150486E-3
4.340000E-8	4.159051E-3
4.350000E-8	4.004885E-3
4.360000E-8	3.789054E-3
4.370000E-8	3.520120E-3
4.380000E-8	3.302576E-3
4.390000E-8	3.215215E-3
4.400000E-8	3.280307E-3
4.410000E-8	3.425908E-3
4.420000E-8	3.545815E-3
4.430000E-8	3.571509E-3
4.440000E-8	3.465306E-3
4.450000E-8	3.290585E-3
4.460000E-8	3.143271E-3
4.470000E-8	3.132994E-3
4.480000E-8	3.278594E-3
4.490000E-8	3.502991E-3
4.500000E-8	3.713684E-3
4.510000E-8	3.783915E-3
4.520000E-8	3.720536E-3
4.530000E-8	3.542389E-3
4.540000E-8	3.317992E-3
4.550000E-8	3.204938E-3
4.560000E-8	3.227206E-3
4.570000E-8	3.389936E-3
4.580000E-8	3.550953E-3
4.590000E-8	3.657156E-3
4.600000E-8	3.592064E-3
4.610000E-8	3.408779E-3
4.620000E-8	3.182669E-3
4.630000E-8	2.977115E-3
4.640000E-8	2.937717E-3
4.650000E-8	3.081605E-3
4.660000E-8	3.335122E-3
4.670000E-8	3.528685E-3
4.680000E-8	3.621184E-3
4.690000E-8	3.592064E-3
4.700000E-8	3.492713E-3
4.710000E-8	3.396788E-3
4.720000E-8	3.333409E-3
4.730000E-8	3.326557E-3
4.740000E-8	3.319705E-3
4.750000E-8	3.317992E-3
4.760000E-8	3.352251E-3
4.770000E-8	3.417343E-3
4.780000E-8	3.475584E-3
4.790000E-8	3.506417E-3
4.800000E-8	3.449889E-3
4.810000E-8	3.319705E-3
4.820000E-8	3.175817E-3
4.830000E-8	3.109012E-3
4.840000E-8	3.126142E-3
4.850000E-8	3.252900E-3
4.860000E-8	3.331696E-3
4.870000E-8	3.331696E-3
4.880000E-8	3.211789E-3
4.890000E-8	3.018226E-3
4.900000E-8	2.833227E-3
4.910000E-8	2.756145E-3
4.920000E-8	2.802394E-3
4.930000E-8	2.929153E-3
4.940000E-8	3.033643E-3
4.950000E-8	3.030217E-3
4.960000E-8	2.953134E-3
4.970000E-8	2.884616E-3
4.980000E-8	2.834940E-3
4.990000E-8	2.846931E-3
5.000000E-8	2.896607E-3
5.010000E-8	2.973689E-3
5.020000E-8	3.013087E-3
5.030000E-8	2.987393E-3
5.040000E-8	2.913736E-3
5.050000E-8	2.870912E-3
5.060000E-8	2.939430E-3
5.070000E-8	3.067902E-3
5.080000E-8	3.220354E-3
5.090000E-8	3.395075E-3
5.100000E-8	3.467019E-3
5.110000E-8	3.400214E-3
5.120000E-8	3.211789E-3
5.130000E-8	2.975402E-3
5.140000E-8	2.828089E-3
5.150000E-8	2.781839E-3
5.160000E-8	2.853783E-3
5.170000E-8	3.007948E-3
5.180000E-8	3.144984E-3
5.190000E-8	3.191234E-3
5.200000E-8	3.155262E-3
5.210000E-8	3.002809E-3
5.220000E-8	2.809246E-3
5.230000E-8	2.595127E-3
5.240000E-8	2.449527E-3
5.250000E-8	2.434110E-3
5.260000E-8	2.506054E-3
5.270000E-8	2.627673E-3
5.280000E-8	2.720173E-3
5.290000E-8	2.747580E-3
5.300000E-8	2.632812E-3
5.310000E-8	2.478647E-3
5.320000E-8	2.350175E-3
5.330000E-8	2.288509E-3
5.340000E-8	2.264528E-3
5.350000E-8	2.314204E-3
5.360000E-8	2.351888E-3
5.370000E-8	2.398138E-3
5.380000E-8	2.464943E-3
5.390000E-8	2.538600E-3
5.400000E-8	2.603692E-3
5.410000E-8	2.639664E-3
5.420000E-8	2.596840E-3
5.430000E-8	2.559155E-3
5.440000E-8	2.518045E-3
5.450000E-8	2.514619E-3
5.460000E-8	2.572859E-3
5.470000E-8	2.704756E-3
5.480000E-8	2.761283E-3
5.490000E-8	2.771561E-3
5.500000E-8	2.715034E-3
5.510000E-8	2.593414E-3
5.520000E-8	2.464943E-3
5.530000E-8	2.338185E-3
5.540000E-8	2.300500E-3
5.550000E-8	2.338185E-3
5.560000E-8	2.440962E-3
5.570000E-8	2.516332E-3
5.580000E-8	2.543739E-3
5.590000E-8	2.540313E-3
5.600000E-8	2.483786E-3
5.610000E-8	2.428971E-3
5.620000E-8	2.401564E-3
5.630000E-8	2.406703E-3
5.640000E-8	2.447814E-3
5.650000E-8	2.492350E-3
5.660000E-8	2.516332E-3
5.670000E-8	2.530035E-3
5.680000E-8	2.463230E-3
5.690000E-8	2.382722E-3
5.700000E-8	2.254250E-3
5.710000E-8	2.189158E-3
5.720000E-8	2.211427E-3
5.730000E-8	2.339898E-3
5.740000E-8	2.559155E-3
5.750000E-8	2.785265E-3
5.760000E-8	2.961699E-3
5.770000E-8	2.985680E-3
5.780000E-8	2.845218E-3
5.790000E-8	2.619109E-3
5.800000E-8	2.375870E-3
5.810000E-8	2.261102E-3
5.820000E-8	2.290222E-3
5.830000E-8	2.365592E-3
5.840000E-8	2.512906E-3
5.850000E-8	2.612257E-3
5.860000E-8	2.670497E-3
5.870000E-8	2.627673E-3
5.880000E-8	2.567720E-3
5.890000E-8	2.447814E-3
5.900000E-8	2.404990E-3
5.910000E-8	2.461517E-3
5.920000E-8	2.591701E-3
5.930000E-8	2.730450E-3
5.940000E-8	2.905171E-3
5.950000E-8	2.966838E-3
5.960000E-8	2.920588E-3
5.970000E-8	2.771561E-3
5.980000E-8	2.542026E-3
5.990000E-8	2.334759E-3
6.000000E-8	2.194297E-3
6.010000E-8	2.160038E-3
6.020000E-8	2.208001E-3
6.030000E-8	2.298787E-3
6.040000E-8	2.379296E-3
6.050000E-8	2.449527E-3
6.060000E-8	2.480360E-3
6.070000E-8	2.476934E-3
6.080000E-8	2.439249E-3
6.090000E-8	2.315916E-3
6.100000E-8	2.148047E-3
6.110000E-8	1.997308E-3
6.120000E-8	1.942493E-3
6.130000E-8	1.997308E-3
6.140000E-8	2.130918E-3
6.150000E-8	2.278232E-3
6.160000E-8	2.350175E-3
6.170000E-8	2.317629E-3
6.180000E-8	2.168603E-3
6.190000E-8	1.963049E-3
6.200000E-8	1.719810E-3
6.210000E-8	1.618746E-3
6.220000E-8	1.687264E-3
6.230000E-8	1.928790E-3
6.240000E-8	2.230269E-3
6.250000E-8	2.466656E-3
6.260000E-8	2.560868E-3
6.270000E-8	2.550591E-3
6.280000E-8	2.451240E-3
6.290000E-8	2.391286E-3
6.300000E-8	2.360453E-3
6.310000E-8	2.350175E-3
6.320000E-8	2.319342E-3
6.330000E-8	2.247398E-3
6.340000E-8	2.160038E-3
6.350000E-8	2.096659E-3
6.360000E-8	2.103511E-3
6.370000E-8	2.125779E-3
6.380000E-8	2.165177E-3
6.390000E-8	2.151473E-3
6.400000E-8	2.098372E-3
6.410000E-8	2.060687E-3
6.420000E-8	2.026428E-3
6.430000E-8	2.064113E-3
6.440000E-8	2.146334E-3
6.450000E-8	2.261102E-3
6.460000E-8	2.290222E-3
6.470000E-8	2.213139E-3
6.480000E-8	2.007585E-3
6.490000E-8	1.778050E-3
6.500000E-8	1.634162E-3
6.510000E-8	1.563931E-3
6.520000E-8	1.610181E-3
6.530000E-8	1.754069E-3
6.540000E-8	1.935642E-3
6.550000E-8	2.048696E-3
6.560000E-8	2.129205E-3
6.570000E-8	2.163464E-3
6.580000E-8	2.184019E-3
6.590000E-8	2.247398E-3
6.600000E-8	2.394712E-3
6.610000E-8	2.483786E-3
6.620000E-8	2.504341E-3
6.630000E-8	2.459804E-3
6.640000E-8	2.327907E-3
6.650000E-8	2.151473E-3
6.660000E-8	1.961336E-3
6.670000E-8	1.814022E-3
6.680000E-8	1.815735E-3
6.690000E-8	1.937355E-3
6.700000E-8	2.170316E-3
6.710000E-8	2.418693E-3
6.720000E-8	2.569433E-3
6.730000E-8	2.593414E-3
6.740000E-8	2.487211E-3
6.750000E-8	2.271380E-3
6.760000E-8	2.108650E-3
6.770000E-8	2.026428E-3
6.780000E-8	2.081242E-3
6.790000E-8	2.255963E-3
6.800000E-8	2.416981E-3
6.810000E-8	2.540313E-3
6.820000E-8	2.518045E-3
6.830000E-8	2.336472E-3
6.840000E-8	2.040132E-3
6.850000E-8	1.738652E-3
6.860000E-8	1.538237E-3
6.870000E-8	1.469719E-3
6.880000E-8	1.550228E-3
6.890000E-8	1.740365E-3
6.900000E-8	1.951058E-3
6.910000E-8	2.103511E-3
6.920000E-8	2.163464E-3
6.930000E-8	2.110362E-3
6.940000E-8	2.004160E-3
6.950000E-8	1.927077E-3
6.960000E-8	1.957910E-3
6.970000E-8	2.065826E-3
6.980000E-8	2.134344E-3
6.990000E-8	2.166890E-3
7.000000E-8	2.170316E-3
7.010000E-8	2.086381E-3
7.020000E-8	1.975039E-3
7.030000E-8	1.913373E-3
7.040000E-8	1.935642E-3
7.050000E-8	1.990456E-3
7.060000E-8	2.041844E-3
7.070000E-8	2.045270E-3
7.080000E-8	2.057261E-3
7.090000E-8	2.050409E-3
7.100000E-8	2.076103E-3
7.110000E-8	2.096659E-3
7.120000E-8	2.124066E-3
7.130000E-8	2.110362E-3
7.140000E-8	2.057261E-3
7.150000E-8	1.981891E-3
7.160000E-8	1.920225E-3
7.170000E-8	1.954484E-3
7.180000E-8	2.062400E-3
7.190000E-8	2.214852E-3
7.200000E-8	2.370731E-3
7.210000E-8	2.495776E-3
7.220000E-8	2.538600E-3
7.230000E-8	2.500915E-3
7.240000E-8	2.427258E-3
7.250000E-8	2.350175E-3
7.260000E-8	2.264528E-3
7.270000E-8	2.163464E-3
7.280000E-8	2.048696E-3
7.290000E-8	1.988743E-3
7.300000E-8	1.981891E-3
7.310000E-8	1.997308E-3
7.320000E-8	2.021289E-3
7.330000E-8	2.057261E-3
7.340000E-8	2.098372E-3
7.350000E-8	2.077816E-3
7.360000E-8	2.009298E-3
7.370000E-8	1.897957E-3
7.380000E-8	1.781476E-3
7.390000E-8	1.740365E-3
7.400000E-8	1.723236E-3
7.410000E-8	1.800319E-3
7.420000E-8	1.838003E-3
7.430000E-8	1.848281E-3
7.440000E-8	1.802031E-3
7.450000E-8	1.731801E-3
7.460000E-8	1.661570E-3
7.470000E-8	1.668421E-3
7.480000E-8	1.683838E-3
7.490000E-8	1.711245E-3
7.500000E-8	1.721523E-3
7.510000E-8	1.711245E-3
7.520000E-8	1.671847E-3
7.530000E-8	1.658144E-3
7.540000E-8	1.721523E-3
7.550000E-8	1.822587E-3
7.560000E-8	1.925364E-3
7.570000E-8	2.011011E-3
7.580000E-8	2.019576E-3
7.590000E-8	1.937355E-3
7.600000E-8	1.784902E-3
7.610000E-8	1.608468E-3
7.620000E-8	1.401201E-3
7.630000E-8	1.247036E-3
7.640000E-8	1.161388E-3
7.650000E-8	1.294998E-3
7.660000E-8	1.500552E-3
7.670000E-8	1.733513E-3
7.680000E-8	1.906521E-3
7.690000E-8	2.002447E-3
7.700000E-8	1.968188E-3
7.710000E-8	1.779763E-3
7.720000E-8	1.608468E-3
7.730000E-8	1.438886E-3
7.740000E-8	1.327544E-3
7.750000E-8	1.300137E-3
7.760000E-8	1.305276E-3
7.770000E-8	1.365229E-3
7.780000E-8	1.442312E-3
7.790000E-8	1.562218E-3
7.800000E-8	1.682125E-3
7.810000E-8	1.817448E-3
7.820000E-8	1.896244E-3
7.830000E-8	1.981891E-3
7.840000E-8	2.062400E-3
7.850000E-8	2.115501E-3
7.860000E-8	2.208001E-3
7.870000E-8	2.184019E-3
7.880000E-8	2.069252E-3
7.890000E-8	1.873975E-3
7.900000E-8	1.712958E-3
7.910000E-8	1.581061E-3
7.920000E-8	1.545089E-3
7.930000E-8	1.569070E-3
7.940000E-8	1.659857E-3
7.950000E-8	1.712958E-3
7.960000E-8	1.654718E-3
7.970000E-8	1.558793E-3
7.980000E-8	1.500552E-3
7.990000E-8	1.543376E-3
8.000000E-8	1.671847E-3
8.010000E-8	1.772911E-3
8.020000E-8	1.829439E-3
8.030000E-8	1.750643E-3
8.040000E-8	1.582774E-3
8.050000E-8	1.368655E-3
8.060000E-8	1.241897E-3
8.070000E-8	1.199073E-3
8.080000E-8	1.260739E-3
8.090000E-8	1.428608E-3
8.100000E-8	1.562218E-3
8.110000E-8	1.671847E-3
8.120000E-8	1.690690E-3
8.130000E-8	1.557080E-3
8.140000E-8	1.368655E-3
8.150000E-8	1.120277E-3
8.160000E-8	9.284269E-4
8.170000E-8	9.181492E-4
8.180000E-8	1.062037E-3
8.190000E-8	1.356664E-3
8.200000E-8	1.697542E-3
8.210000E-8	1.963049E-3
8.220000E-8	2.082955E-3
8.230000E-8	2.016150E-3
8.240000E-8	1.820874E-3
8.250000E-8	1.603329E-3
8.260000E-8	1.418331E-3
8.270000E-8	1.325831E-3
8.280000E-8	1.284721E-3
8.290000E-8	1.324118E-3
8.300000E-8	1.425182E-3
8.310000E-8	1.553654E-3
8.320000E-8	1.658144E-3
8.330000E-8	1.664995E-3
8.340000E-8	1.599903E-3
8.350000E-8	1.479997E-3
8.360000E-8	1.378933E-3
8.370000E-8	1.265878E-3
8.380000E-8	1.257313E-3
8.390000E-8	1.286434E-3
8.400000E-8	1.325831E-3
8.410000E-8	1.438886E-3
8.420000E-8	1.605042E-3
8.430000E-8	1.812309E-3
8.440000E-8	2.031567E-3
8.450000E-8	2.202862E-3
8.460000E-8	2.163464E-3
8.470000E-8	1.987030E-3
8.480000E-8	1.666708E-3
8.490000E-8	1.281295E-3
8.500000E-8	9.883802E-4
8.510000E-8	8.410665E-4
8.520000E-8	9.352787E-4
8.530000E-8	1.185369E-3
8.540000E-8	1.476571E-3
8.550000E-8	1.771198E-3
8.560000E-8	1.921938E-3
8.570000E-8	1.867124E-3
8.580000E-8	1.678699E-3
8.590000E-8	1.387498E-3
8.600000E-8	1.127129E-3
8.610000E-8	9.918061E-4
8.620000E-8	9.883802E-4
8.630000E-8	1.183656E-3
8.640000E-8	1.432034E-3
8.650000E-8	1.659857E-3
8.660000E-8	1.790041E-3
8.670000E-8	1.800319E-3
8.680000E-8	1.711245E-3
8.690000E-8	1.560506E-3
8.700000E-8	1.361803E-3
8.710000E-8	1.176805E-3
8.720000E-8	1.094583E-3
8.730000E-8	1.115138E-3
8.740000E-8	1.236758E-3
8.750000E-8	1.399488E-3
8.760000E-8	1.572496E-3
8.770000E-8	1.584487E-3
8.780000E-8	1.474858E-3
8.790000E-8	1.286434E-3
8.800000E-8	1.101435E-3
8.810000E-8	1.039769E-3
8.820000E-8	1.096296E-3
8.830000E-8	1.250462E-3
8.840000E-8	1.478284E-3
8.850000E-8	1.776337E-3
8.860000E-8	1.973326E-3
8.870000E-8	2.105224E-3
8.880000E-8	2.130918E-3
8.890000E-8	2.048696E-3
8.900000E-8	1.875688E-3
8.910000E-8	1.635875E-3
8.920000E-8	1.479997E-3
8.930000E-8	1.387498E-3
8.940000E-8	1.438886E-3
8.950000E-8	1.558793E-3
8.960000E-8	1.700967E-3
8.970000E-8	1.812309E-3
8.980000E-8	1.861985E-3
8.990000E-8	1.723236E-3
9.000000E-8	1.479997E-3
9.010000E-8	1.195647E-3
9.020000E-8	9.112974E-4
9.030000E-8	7.434283E-4
9.040000E-8	7.280118E-4
9.050000E-8	8.427794E-4
9.060000E-8	1.063750E-3
9.070000E-8	1.313841E-3
9.080000E-8	1.449164E-3
9.090000E-8	1.517682E-3
9.100000E-8	1.428608E-3
9.110000E-8	1.324118E-3
9.120000E-8	1.212777E-3
9.130000E-8	1.096296E-3
9.140000E-8	1.029491E-3
9.150000E-8	9.558341E-4
9.160000E-8	9.198622E-4
9.170000E-8	9.061586E-4
9.180000E-8	9.763895E-4
9.190000E-8	1.175092E-3
9.200000E-8	1.440599E-3
9.210000E-8	1.649579E-3
9.220000E-8	1.781476E-3
9.230000E-8	1.742078E-3
9.240000E-8	1.581061E-3
9.250000E-8	1.377220E-3
9.260000E-8	1.229906E-3
9.270000E-8	1.137407E-3
9.280000E-8	1.163101E-3
9.290000E-8	1.276156E-3
9.300000E-8	1.454303E-3
9.310000E-8	1.581061E-3
9.320000E-8	1.688977E-3
9.330000E-8	1.738652E-3
9.340000E-8	1.774624E-3
9.350000E-8	1.721523E-3
9.360000E-8	1.572496E-3
9.370000E-8	1.366942E-3
9.380000E-8	1.149397E-3
9.390000E-8	9.524082E-4
9.400000E-8	8.547701E-4
9.410000E-8	9.198622E-4
9.420000E-8	1.084305E-3
9.430000E-8	1.384072E-3
9.440000E-8	1.569070E-3
9.450000E-8	1.654718E-3
9.460000E-8	1.577635E-3
9.470000E-8	1.384072E-3
9.480000E-8	1.219628E-3
9.490000E-8	1.103148E-3
9.500000E-8	1.121990E-3
9.510000E-8	1.252175E-3
9.520000E-8	1.440599E-3
9.530000E-8	1.584487E-3
9.540000E-8	1.605042E-3
9.550000E-8	1.536524E-3
9.560000E-8	1.442312E-3
9.570000E-8	1.363516E-3
9.580000E-8	1.306989E-3
9.590000E-8	1.284721E-3
9.600000E-8	1.212777E-3
9.610000E-8	1.091157E-3
9.620000E-8	9.661118E-4
9.630000E-8	8.376406E-4
9.640000E-8	8.256499E-4
9.650000E-8	9.164363E-4
9.660000E-8	1.140833E-3
9.670000E-8	1.294998E-3
9.680000E-8	1.351526E-3
9.690000E-8	1.264165E-3
9.700000E-8	1.115138E-3
9.710000E-8	9.643989E-4
9.720000E-8	9.267140E-4
9.730000E-8	1.026065E-3
9.740000E-8	1.159675E-3
9.750000E-8	1.361803E-3
9.760000E-8	1.503978E-3
9.770000E-8	1.545089E-3
9.780000E-8	1.476571E-3
9.790000E-8	1.337822E-3
9.800000E-8	1.195647E-3
9.810000E-8	1.161388E-3
9.820000E-8	1.253887E-3
9.830000E-8	1.413192E-3
9.840000E-8	1.581061E-3
9.850000E-8	1.699254E-3
9.860000E-8	1.692403E-3
9.870000E-8	1.562218E-3
9.880000E-8	1.384072E-3
9.890000E-8	1.175092E-3
9.900000E-8	1.031204E-3
9.910000E-8	9.558341E-4
9.920000E-8	9.524082E-4
9.930000E-8	1.048333E-3
9.940000E-8	1.125416E-3
9.950000E-8	1.207638E-3
9.960000E-8	1.229906E-3
9.970000E-8	1.235045E-3
9.980000E-8	1.157962E-3
9.990000E-8	1.132268E-3
1.000000E-7	1.168240E-3
1.001000E-7	1.274443E-3
1.002000E-7	1.390923E-3
1.003000E-7	1.510830E-3
1.004000E-7	1.500552E-3
1.005000E-7	1.459441E-3
1.006000E-7	1.341248E-3
1.007000E-7	1.255600E-3
1.008000E-7	1.209351E-3
1.009000E-7	1.260739E-3
1.010000E-7	1.435460E-3
1.011000E-7	1.570783E-3
1.012000E-7	1.555367E-3
1.013000E-7	1.420044E-3
1.014000E-7	1.149397E-3
1.015000E-7	9.010197E-4
1.016000E-7	7.502801E-4
1.017000E-7	7.331506E-4
1.018000E-7	8.307888E-4
1.019000E-7	9.678248E-4
1.020000E-7	1.089444E-3
1.021000E-7	1.190508E-3
1.022000E-7	1.197360E-3
1.023000E-7	1.216203E-3
1.024000E-7	1.192221E-3
1.025000E-7	1.199073E-3
1.026000E-7	1.200786E-3
1.027000E-7	1.221341E-3
1.028000E-7	1.262452E-3
1.029000E-7	1.384072E-3
1.030000E-7	1.551941E-3
1.031000E-7	1.719810E-3
1.032000E-7	1.752356E-3
1.033000E-7	1.670134E-3
1.034000E-7	1.457729E-3
1.035000E-7	1.228193E-3
1.036000E-7	1.034630E-3
1.037000E-7	1.020926E-3
1.038000E-7	1.113426E-3
1.039000E-7	1.260739E-3
1.040000E-7	1.373794E-3
1.041000E-7	1.339535E-3
1.042000E-7	1.147685E-3
1.043000E-7	8.462053E-4
1.044000E-7	5.995405E-4
1.045000E-7	5.036153E-4
1.046000E-7	5.567168E-4
1.047000E-7	7.674096E-4
1.048000E-7	1.091157E-3
1.049000E-7	1.389211E-3
1.050000E-7	1.560506E-3
1.051000E-7	1.558793E-3
1.052000E-7	1.433747E-3
1.053000E-7	1.267591E-3
1.054000E-7	1.163101E-3
1.055000E-7	1.133981E-3
1.056000E-7	1.163101E-3
1.057000E-7	1.195647E-3
1.058000E-7	1.171666E-3
1.059000E-7	1.084305E-3
1.060000E-7	9.524082E-4
1.061000E-7	8.102334E-4
1.062000E-7	7.502801E-4
1.063000E-7	8.290758E-4
1.064000E-7	1.007223E-3
1.065000E-7	1.204212E-3
1.066000E-7	1.322405E-3
1.067000E-7	1.312128E-3
1.068000E-7	1.130555E-3
1.069000E-7	8.770384E-4
1.070000E-7	6.320866E-4
1.071000E-7	5.361614E-4
1.072000E-7	6.132441E-4
1.073000E-7	8.444924E-4
1.074000E-7	1.051759E-3
1.075000E-7	1.130555E-3
1.076000E-7	1.058611E-3
1.077000E-7	8.718996E-4
1.078000E-7	7.280118E-4
1.079000E-7	6.355125E-4
1.080000E-7	6.389384E-4
1.081000E-7	6.817621E-4
1.082000E-7	7.143082E-4
1.083000E-7	6.697715E-4
1.084000E-7	6.286607E-4
1.085000E-7	6.475031E-4
1.086000E-7	7.400024E-4
1.087000E-7	9.044456E-4
1.088000E-7	1.044908E-3
1.089000E-7	1.099722E-3
1.090000E-7	1.065463E-3
1.091000E-7	1.005510E-3
1.092000E-7	9.506953E-4
1.093000E-7	9.267140E-4
1.094000E-7	9.095845E-4
1.095000E-7	9.181492E-4
1.096000E-7	9.198622E-4
1.097000E-7	9.866672E-4
1.098000E-7	1.139120E-3
1.099000E-7	1.384072E-3
1.100000E-7	1.622172E-3
1.101000E-7	1.812309E-3
1.102000E-7	1.781476E-3
1.103000E-7	1.560506E-3
1.104000E-7	1.176805E-3
1.105000E-7	7.331506E-4
1.106000E-7	4.316714E-4
1.107000E-7	3.751441E-4
1.108000E-7	5.173189E-4
1.109000E-7	8.581960E-4
1.110000E-7	1.192221E-3
1.111000E-7	1.408053E-3
1.112000E-7	1.438886E-3
1.113000E-7	1.301850E-3
1.114000E-7	1.026065E-3
1.115000E-7	7.160211E-4
1.116000E-7	4.333844E-4
1.117000E-7	2.826448E-4
1.118000E-7	2.757930E-4
1.119000E-7	4.470880E-4
1.120000E-7	7.211600E-4
1.121000E-7	1.077454E-3
1.122000E-7	1.406340E-3
1.123000E-7	1.659857E-3
1.124000E-7	1.786615E-3
1.125000E-7	1.738652E-3
1.126000E-7	1.593052E-3
1.127000E-7	1.402914E-3
1.128000E-7	1.185369E-3
1.129000E-7	1.007223E-3
1.130000E-7	9.352787E-4
1.131000E-7	9.626859E-4
1.132000E-7	1.077454E-3
1.133000E-7	1.216203E-3
1.134000E-7	1.281295E-3
1.135000E-7	1.310415E-3
1.136000E-7	1.281295E-3
1.137000E-7	1.274443E-3
1.138000E-7	1.346387E-3
1.139000E-7	1.466293E-3
1.140000E-7	1.594765E-3
1.141000E-7	1.639301E-3
1.142000E-7	1.541663E-3
1.143000E-7	1.344674E-3
1.144000E-7	1.121990E-3
1.145000E-7	9.438435E-4
1.146000E-7	8.325017E-4
1.147000E-7	7.417154E-4
1.148000E-7	7.400024E-4
1.149000E-7	7.108823E-4
1.150000E-7	6.303736E-4
1.151000E-7	6.235218E-4
1.152000E-7	6.423643E-4
1.153000E-7	7.588449E-4
1.154000E-7	8.924550E-4
1.155000E-7	1.072315E-3
1.156000E-7	1.243610E-3
1.157000E-7	1.425182E-3
1.158000E-7	1.491988E-3
1.159000E-7	1.468006E-3
1.160000E-7	1.312128E-3
1.161000E-7	1.154536E-3
1.162000E-7	1.010649E-3
1.163000E-7	9.883802E-4
1.164000E-7	1.065463E-3
1.165000E-7	1.202499E-3
1.166000E-7	1.318980E-3
1.167000E-7	1.358377E-3
1.168000E-7	1.260739E-3
1.169000E-7	1.043195E-3
1.170000E-7	8.581960E-4
1.171000E-7	7.228729E-4
1.172000E-7	6.834751E-4
1.173000E-7	6.886139E-4
1.174000E-7	7.382895E-4
1.175000E-7	7.845391E-4
1.176000E-7	7.485672E-4
1.177000E-7	6.269477E-4
1.178000E-7	5.001894E-4
1.179000E-7	3.802829E-4
1.180000E-7	3.717182E-4
1.181000E-7	4.505139E-4
1.182000E-7	5.635686E-4
1.183000E-7	6.783362E-4
1.184000E-7	7.588449E-4
1.185000E-7	7.194470E-4
1.186000E-7	6.303736E-4
1.187000E-7	4.881988E-4
1.188000E-7	3.956995E-4
1.189000E-7	3.837088E-4
1.190000E-7	4.864858E-4
1.191000E-7	6.971787E-4
1.192000E-7	8.736125E-4
1.193000E-7	9.832413E-4
1.194000E-7	9.575471E-4
1.195000E-7	8.924550E-4
1.196000E-7	8.016686E-4
1.197000E-7	7.400024E-4
1.198000E-7	7.365765E-4
1.199000E-7	8.941679E-4
1.200000E-7	1.077454E-3
1.201000E-7	1.259026E-3
1.202000E-7	1.425182E-3
1.203000E-7	1.468006E-3
1.204000E-7	1.486849E-3
1.205000E-7	1.426895E-3
1.206000E-7	1.310415E-3
1.207000E-7	1.221341E-3
1.208000E-7	1.106574E-3
1.209000E-7	9.952320E-4
1.210000E-7	9.284269E-4
1.211000E-7	9.215751E-4
1.212000E-7	9.575471E-4
1.213000E-7	9.952320E-4
1.214000E-7	1.065463E-3
1.215000E-7	1.084305E-3
1.216000E-7	1.044908E-3
1.217000E-7	9.352787E-4
1.218000E-7	7.982427E-4
1.219000E-7	6.475031E-4
1.220000E-7	5.772722E-4
1.221000E-7	5.241707E-4
1.222000E-7	5.275966E-4
1.223000E-7	5.036153E-4
1.224000E-7	5.173189E-4
1.225000E-7	5.601427E-4
1.226000E-7	6.389384E-4
1.227000E-7	7.656967E-4
1.228000E-7	8.667607E-4
1.229000E-7	9.763895E-4
1.230000E-7	1.014074E-3
1.231000E-7	9.900931E-4
1.232000E-7	8.993068E-4
1.233000E-7	8.205111E-4
1.234000E-7	7.794003E-4
1.235000E-7	7.691226E-4
1.236000E-7	7.656967E-4
1.237000E-7	7.382895E-4
1.238000E-7	6.560679E-4
1.239000E-7	5.755592E-4
1.240000E-7	5.618556E-4
1.241000E-7	5.841240E-4
1.242000E-7	6.800492E-4
1.243000E-7	8.342147E-4
1.244000E-7	1.014074E-3
1.245000E-7	1.236758E-3
1.246000E-7	1.404627E-3
1.247000E-7	1.534811E-3
1.248000E-7	1.551941E-3
1.249000E-7	1.462867E-3
1.250000E-7	1.286434E-3
1.251000E-7	1.032917E-3
1.252000E-7	7.537060E-4
1.253000E-7	5.978276E-4
1.254000E-7	5.669945E-4
1.255000E-7	6.509290E-4
1.256000E-7	8.136593E-4
1.257000E-7	1.019213E-3
1.258000E-7	1.139120E-3
1.259000E-7	1.173379E-3
1.260000E-7	1.094583E-3
1.261000E-7	9.969449E-4
1.262000E-7	8.958809E-4
1.263000E-7	8.564830E-4
1.264000E-7	8.804643E-4
1.265000E-7	9.524082E-4
1.266000E-7	1.055185E-3
1.267000E-7	1.086018E-3
1.268000E-7	9.969449E-4
1.269000E-7	8.427794E-4
1.270000E-7	7.091693E-4
1.271000E-7	6.629197E-4
1.272000E-7	7.143082E-4
1.273000E-7	8.410665E-4
1.274000E-7	1.063750E-3
1.275000E-7	1.248749E-3
1.276000E-7	1.315554E-3
1.277000E-7	1.243610E-3
1.278000E-7	1.111713E-3
1.279000E-7	1.015787E-3
1.280000E-7	9.883802E-4
1.281000E-7	1.024352E-3
1.282000E-7	1.113426E-3
1.283000E-7	1.200786E-3
1.284000E-7	1.207638E-3
1.285000E-7	1.123703E-3
1.286000E-7	1.005510E-3
1.287000E-7	8.290758E-4
1.288000E-7	7.245859E-4
1.289000E-7	7.280118E-4
1.290000E-7	8.530571E-4
1.291000E-7	1.026065E-3
1.292000E-7	1.173379E-3
1.293000E-7	1.248749E-3
1.294000E-7	1.207638E-3
1.295000E-7	1.115138E-3
1.296000E-7	9.712507E-4
1.297000E-7	9.232881E-4
1.298000E-7	9.387046E-4
1.299000E-7	1.050046E-3
1.300000E-7	1.163101E-3
1.301000E-7	1.264165E-3
1.302000E-7	1.284721E-3
1.303000E-7	1.214490E-3
1.304000E-7	1.091157E-3
1.305000E-7	1.038056E-3
1.306000E-7	1.050046E-3
1.307000E-7	1.110000E-3
1.308000E-7	1.145972E-3
1.309000E-7	1.108287E-3
1.310000E-7	1.005510E-3
1.311000E-7	8.736125E-4
1.312000E-7	8.222240E-4
1.313000E-7	8.376406E-4
1.314000E-7	9.643989E-4
1.315000E-7	1.137407E-3
1.316000E-7	1.336109E-3
1.317000E-7	1.430321E-3
1.318000E-7	1.438886E-3
1.319000E-7	1.337822E-3
1.320000E-7	1.181944E-3
1.321000E-7	1.031204E-3
1.322000E-7	8.753255E-4
1.323000E-7	7.794003E-4
1.324000E-7	7.040305E-4
1.325000E-7	7.143082E-4
1.326000E-7	7.605578E-4
1.327000E-7	7.382895E-4
1.328000E-7	6.988916E-4
1.329000E-7	6.269477E-4
1.330000E-7	5.413002E-4
1.331000E-7	4.796340E-4
1.332000E-7	5.036153E-4
1.333000E-7	6.337995E-4
1.334000E-7	7.297247E-4
1.335000E-7	8.068075E-4
1.336000E-7	7.622708E-4
1.337000E-7	6.920398E-4
1.338000E-7	6.063923E-4
1.339000E-7	5.755592E-4
1.340000E-7	6.355125E-4
1.341000E-7	7.862521E-4
1.342000E-7	1.020926E-3
1.343000E-7	1.212777E-3
1.344000E-7	1.313841E-3
1.345000E-7	1.308702E-3
1.346000E-7	1.255600E-3
1.347000E-7	1.139120E-3
1.348000E-7	1.039769E-3
1.349000E-7	9.352787E-4
1.350000E-7	9.044456E-4
1.351000E-7	9.232881E-4
1.352000E-7	8.924550E-4
1.353000E-7	8.444924E-4
1.354000E-7	7.537060E-4
1.355000E-7	7.023175E-4
1.356000E-7	6.320866E-4
1.357000E-7	6.252348E-4
1.358000E-7	6.766233E-4
1.359000E-7	7.554190E-4
1.360000E-7	8.102334E-4
1.361000E-7	8.119463E-4
1.362000E-7	8.290758E-4
1.363000E-7	8.410665E-4
1.364000E-7	8.753255E-4
1.365000E-7	9.455564E-4
1.366000E-7	1.032917E-3
1.367000E-7	1.116851E-3
1.368000E-7	1.151110E-3
1.369000E-7	1.164814E-3
1.370000E-7	1.152823E-3
1.371000E-7	1.188795E-3
1.372000E-7	1.236758E-3
1.373000E-7	1.294998E-3
1.374000E-7	1.365229E-3
1.375000E-7	1.428608E-3
1.376000E-7	1.438886E-3
1.377000E-7	1.370368E-3
1.378000E-7	1.211064E-3
1.379000E-7	9.900931E-4
1.380000E-7	7.023175E-4
1.381000E-7	4.402362E-4
1.382000E-7	2.860707E-4
1.383000E-7	3.580146E-4
1.384000E-7	5.138930E-4
1.385000E-7	7.519931E-4
1.386000E-7	9.592600E-4
1.387000E-7	1.051759E-3
1.388000E-7	9.952320E-4
1.389000E-7	8.616219E-4
1.390000E-7	7.537060E-4
1.391000E-7	7.023175E-4
1.392000E-7	7.519931E-4
1.393000E-7	8.667607E-4
1.394000E-7	1.012361E-3
1.395000E-7	1.005510E-3
1.396000E-7	8.718996E-4
1.397000E-7	6.834751E-4
1.398000E-7	5.584297E-4
1.399000E-7	5.156060E-4
1.400000E-7	6.629197E-4
1.401000E-7	8.427794E-4
1.402000E-7	9.969449E-4
1.403000E-7	1.007223E-3
1.404000E-7	8.530571E-4
1.405000E-7	6.046794E-4
1.406000E-7	4.094031E-4
1.407000E-7	2.980613E-4
1.408000E-7	3.580146E-4
1.409000E-7	5.293096E-4
1.410000E-7	6.629197E-4
1.411000E-7	7.348636E-4
1.412000E-7	7.417154E-4
1.413000E-7	6.886139E-4
1.414000E-7	6.697715E-4
1.415000E-7	7.382895E-4
1.416000E-7	8.187981E-4
1.417000E-7	8.701866E-4
1.418000E-7	8.376406E-4
1.419000E-7	7.759744E-4
1.420000E-7	7.194470E-4
1.421000E-7	6.526420E-4
1.422000E-7	6.594938E-4
1.423000E-7	7.280118E-4
1.424000E-7	8.513442E-4
1.425000E-7	1.019213E-3
1.426000E-7	1.098009E-3
1.427000E-7	1.111713E-3
1.428000E-7	9.900931E-4
1.429000E-7	8.033816E-4
1.430000E-7	5.806981E-4
1.431000E-7	4.179678E-4
1.432000E-7	3.648664E-4
1.433000E-7	4.248196E-4
1.434000E-7	5.481520E-4
1.435000E-7	6.971787E-4
1.436000E-7	8.290758E-4
1.437000E-7	9.078715E-4
1.438000E-7	9.541212E-4
1.439000E-7	9.592600E-4
1.440000E-7	9.781025E-4
1.441000E-7	1.026065E-3
1.442000E-7	1.099722E-3
1.443000E-7	1.135694E-3
1.444000E-7	1.133981E-3
1.445000E-7	1.101435E-3
1.446000E-7	9.900931E-4
1.447000E-7	8.239370E-4
1.448000E-7	7.143082E-4
1.449000E-7	7.057434E-4
1.450000E-7	7.691226E-4
1.451000E-7	8.479183E-4
1.452000E-7	8.804643E-4
1.453000E-7	9.027327E-4
1.454000E-7	8.821773E-4
1.455000E-7	7.811132E-4
1.456000E-7	6.800492E-4
1.457000E-7	5.652815E-4
1.458000E-7	5.207448E-4
1.459000E-7	4.864858E-4
1.460000E-7	5.293096E-4
1.461000E-7	5.926887E-4
1.462000E-7	7.040305E-4
1.463000E-7	7.674096E-4
1.464000E-7	7.776873E-4
1.465000E-7	6.834751E-4
1.466000E-7	5.327355E-4
1.467000E-7	3.563016E-4
1.468000E-7	2.158397E-4
1.469000E-7	1.507476E-4
1.470000E-7	2.107009E-4
1.471000E-7	3.443110E-4
1.472000E-7	5.070412E-4
1.473000E-7	6.046794E-4
1.474000E-7	6.252348E-4
1.475000E-7	5.584297E-4
1.476000E-7	4.899117E-4
1.477000E-7	4.744952E-4
1.478000E-7	5.669945E-4
1.479000E-7	7.006046E-4
1.480000E-7	8.564830E-4
1.481000E-7	9.575471E-4
1.482000E-7	9.900931E-4
1.483000E-7	9.404176E-4
1.484000E-7	8.890291E-4
1.485000E-7	8.068075E-4
1.486000E-7	7.074564E-4
1.487000E-7	6.800492E-4
1.488000E-7	6.920398E-4
1.489000E-7	7.999557E-4
1.490000E-7	8.890291E-4
1.491000E-7	9.575471E-4
1.492000E-7	8.890291E-4
1.493000E-7	7.262988E-4
1.494000E-7	4.933376E-4
1.495000E-7	3.494498E-4
1.496000E-7	3.408851E-4
1.497000E-7	4.539398E-4
1.498000E-7	6.218089E-4
1.499000E-7	8.205111E-4
1.500000E-7	9.404176E-4
1.501000E-7	9.301399E-4
1.502000E-7	8.153722E-4
1.503000E-7	6.783362E-4
1.504000E-7	5.258837E-4
1.505000E-7	3.888477E-4
1.506000E-7	3.563016E-4
1.507000E-7	3.922736E-4
1.508000E-7	4.419491E-4
1.509000E-7	4.488009E-4
1.510000E-7	4.008383E-4
1.511000E-7	4.008383E-4
1.512000E-7	4.231067E-4
1.513000E-7	4.762081E-4
1.514000E-7	5.669945E-4
1.515000E-7	7.160211E-4
1.516000E-7	8.479183E-4
1.517000E-7	9.541212E-4
1.518000E-7	9.678248E-4
1.519000E-7	8.993068E-4
1.520000E-7	8.273629E-4
1.521000E-7	7.588449E-4
1.522000E-7	7.485672E-4
1.523000E-7	7.417154E-4
1.524000E-7	7.194470E-4
1.525000E-7	6.629197E-4
1.526000E-7	6.081053E-4
1.527000E-7	5.841240E-4
1.528000E-7	6.457902E-4
1.529000E-7	7.691226E-4
1.530000E-7	8.736125E-4
1.531000E-7	8.890291E-4
1.532000E-7	7.931039E-4
1.533000E-7	6.252348E-4
1.534000E-7	4.796340E-4
1.535000E-7	4.419491E-4
1.536000E-7	4.488009E-4
1.537000E-7	4.727822E-4
1.538000E-7	4.693563E-4
1.539000E-7	4.368103E-4
1.540000E-7	3.888477E-4
1.541000E-7	4.333844E-4
1.542000E-7	5.070412E-4
1.543000E-7	6.269477E-4
1.544000E-7	7.948168E-4
1.545000E-7	9.147233E-4
1.546000E-7	9.781025E-4
1.547000E-7	9.763895E-4
1.548000E-7	9.198622E-4
1.549000E-7	8.581960E-4
1.550000E-7	8.170852E-4
1.551000E-7	7.588449E-4
1.552000E-7	7.262988E-4
1.553000E-7	6.749103E-4
1.554000E-7	6.303736E-4
1.555000E-7	5.310225E-4
1.556000E-7	4.265326E-4
1.557000E-7	3.425980E-4
1.558000E-7	3.563016E-4
1.559000E-7	3.905606E-4
1.560000E-7	4.402362E-4
1.561000E-7	4.419491E-4
1.562000E-7	3.837088E-4
1.563000E-7	2.912095E-4
1.564000E-7	1.867196E-4
1.565000E-7	1.575994E-4
1.566000E-7	2.586635E-4
1.567000E-7	4.213937E-4
1.568000E-7	6.081053E-4
1.569000E-7	7.262988E-4
1.570000E-7	6.937528E-4
1.571000E-7	5.755592E-4
1.572000E-7	4.847729E-4
1.573000E-7	4.813470E-4
1.574000E-7	6.252348E-4
1.575000E-7	8.342147E-4
1.576000E-7	1.060324E-3
1.577000E-7	1.195647E-3
1.578000E-7	1.238471E-3
1.579000E-7	1.151110E-3
1.580000E-7	1.026065E-3
1.581000E-7	8.770384E-4
1.582000E-7	7.519931E-4
1.583000E-7	6.886139E-4
1.584000E-7	6.046794E-4
1.585000E-7	4.744952E-4
1.586000E-7	3.871347E-4
1.587000E-7	3.237556E-4
1.588000E-7	3.580146E-4
1.589000E-7	4.762081E-4
1.590000E-7	6.714844E-4
1.591000E-7	8.718996E-4
1.592000E-7	1.019213E-3
1.593000E-7	1.063750E-3
1.594000E-7	1.058611E-3
1.595000E-7	9.592600E-4
1.596000E-7	8.359276E-4
1.597000E-7	7.502801E-4
1.598000E-7	7.108823E-4
1.599000E-7	7.314377E-4
1.600000E-7	7.674096E-4
1.601000E-7	8.359276E-4
1.602000E-7	8.787514E-4
1.603000E-7	8.873161E-4
1.604000E-7	8.804643E-4
1.605000E-7	8.530571E-4
1.606000E-7	8.290758E-4
1.607000E-7	7.776873E-4
1.608000E-7	7.331506E-4
1.609000E-7	6.406513E-4
1.610000E-7	5.806981E-4
1.611000E-7	5.721333E-4
1.612000E-7	5.841240E-4
1.613000E-7	6.303736E-4
1.614000E-7	6.046794E-4
1.615000E-7	5.190319E-4
1.616000E-7	4.796340E-4
1.617000E-7	5.019024E-4
1.618000E-7	6.063923E-4
1.619000E-7	6.971787E-4
1.620000E-7	7.314377E-4
1.621000E-7	6.663456E-4
1.622000E-7	4.762081E-4
1.623000E-7	2.603764E-4
1.624000E-7	1.284793E-4
1.625000E-7	1.182016E-4
1.626000E-7	2.672282E-4
1.627000E-7	4.231067E-4
1.628000E-7	5.652815E-4
1.629000E-7	5.944017E-4
1.630000E-7	5.961146E-4
1.631000E-7	5.652815E-4
1.632000E-7	5.430132E-4
1.633000E-7	5.430132E-4
1.634000E-7	4.830599E-4
1.635000E-7	4.248196E-4
1.636000E-7	3.271815E-4
1.637000E-7	2.929225E-4
1.638000E-7	3.734311E-4
1.639000E-7	5.070412E-4
1.640000E-7	6.200959E-4
1.641000E-7	6.766233E-4
1.642000E-7	6.303736E-4
1.643000E-7	5.310225E-4
1.644000E-7	4.128290E-4
1.645000E-7	3.768570E-4
1.646000E-7	4.111160E-4
1.647000E-7	5.567168E-4
1.648000E-7	7.108823E-4
1.649000E-7	8.616219E-4
1.650000E-7	9.352787E-4
1.651000E-7	9.352787E-4
1.652000E-7	9.541212E-4
1.653000E-7	9.472694E-4
1.654000E-7	9.198622E-4
1.655000E-7	9.421305E-4
1.656000E-7	1.041482E-3
1.657000E-7	1.108287E-3
1.658000E-7	1.130555E-3
1.659000E-7	1.123703E-3
1.660000E-7	1.086018E-3
1.661000E-7	1.015787E-3
1.662000E-7	9.147233E-4
1.663000E-7	8.393535E-4
1.664000E-7	8.170852E-4
1.665000E-7	8.119463E-4
1.666000E-7	7.982427E-4
1.667000E-7	7.691226E-4
1.668000E-7	6.834751E-4
1.669000E-7	6.029664E-4
1.670000E-7	5.584297E-4
1.671000E-7	5.995405E-4
1.672000E-7	6.594938E-4
1.673000E-7	7.194470E-4
1.674000E-7	7.691226E-4
1.675000E-7	7.502801E-4
1.676000E-7	7.023175E-4
1.677000E-7	6.594938E-4
1.678000E-7	6.834751E-4
1.679000E-7	7.400024E-4
1.680000E-7	7.502801E-4
1.681000E-7	7.382895E-4
1.682000E-7	6.714844E-4
1.683000E-7	5.789851E-4
1.684000E-7	5.087542E-4
1.685000E-7	5.019024E-4
1.686000E-7	5.481520E-4
1.687000E-7	6.663456E-4
1.688000E-7	7.502801E-4
1.689000E-7	8.033816E-4
1.690000E-7	6.988916E-4
1.691000E-7	4.950506E-4
1.692000E-7	3.134779E-4
1.693000E-7	2.398210E-4
1.694000E-7	3.408851E-4
1.695000E-7	6.166700E-4
1.696000E-7	9.267140E-4
1.697000E-7	1.125416E-3
1.698000E-7	1.082592E-3
1.699000E-7	8.170852E-4
1.700000E-7	4.282455E-4
1.701000E-7	1.079239E-4
1.702000E-7	1.885046E-5
1.703000E-7	1.507476E-4
1.704000E-7	4.522268E-4
1.705000E-7	6.971787E-4
1.706000E-7	7.931039E-4
1.707000E-7	6.475031E-4
1.708000E-7	4.299585E-4
1.709000E-7	2.860707E-4
1.710000E-7	2.689412E-4
1.711000E-7	3.768570E-4
1.712000E-7	5.498650E-4
1.713000E-7	6.886139E-4
1.714000E-7	7.828262E-4
1.715000E-7	8.119463E-4
1.716000E-7	8.599089E-4
1.717000E-7	9.506953E-4
1.718000E-7	1.053472E-3
1.719000E-7	1.157962E-3
1.720000E-7	1.135694E-3
1.721000E-7	1.031204E-3
1.722000E-7	8.513442E-4
1.723000E-7	7.194470E-4
1.724000E-7	6.800492E-4
1.725000E-7	7.691226E-4
1.726000E-7	9.626859E-4
1.727000E-7	1.056898E-3
1.728000E-7	1.051759E-3
1.729000E-7	8.581960E-4
1.730000E-7	5.824110E-4
1.731000E-7	2.946354E-4
1.732000E-7	1.421829E-4
1.733000E-7	1.610253E-4
1.734000E-7	3.271815E-4
1.735000E-7	5.550038E-4
1.736000E-7	7.622708E-4
1.737000E-7	9.112974E-4
1.738000E-7	1.034630E-3
1.739000E-7	1.111713E-3
1.740000E-7	1.046620E-3
1.741000E-7	8.462053E-4
1.742000E-7	5.550038E-4
1.743000E-7	2.500987E-4
1.744000E-7	-2.568624E-5
1.745000E-7	-1.558704E-4
1.746000E-7	-1.250373E-4
1.747000E-7	6.338717E-5
1.748000E-7	2.432469E-4
1.749000E-7	3.545887E-4
1.750000E-7	3.837088E-4
1.751000E-7	4.402362E-4
1.752000E-7	5.464391E-4
1.753000E-7	7.451413E-4
1.754000E-7	9.421305E-4
1.755000E-7	1.008936E-3
1.756000E-7	9.164363E-4
1.757000E-7	7.382895E-4
1.758000E-7	5.550038E-4
1.759000E-7	4.847729E-4
1.760000E-7	5.344484E-4
1.761000E-7	6.029664E-4
1.762000E-7	5.995405E-4
1.763000E-7	4.265326E-4
1.764000E-7	2.398210E-4
1.765000E-7	1.644512E-4
1.766000E-7	2.569505E-4
1.767000E-7	5.789851E-4
1.768000E-7	9.678248E-4
1.769000E-7	1.283008E-3
1.770000E-7	1.380646E-3
1.771000E-7	1.284721E-3
1.772000E-7	1.005510E-3
1.773000E-7	7.417154E-4
1.774000E-7	5.138930E-4
1.775000E-7	3.631534E-4
1.776000E-7	3.117649E-4
1.777000E-7	3.254685E-4
1.778000E-7	3.974124E-4
1.779000E-7	5.241707E-4
1.780000E-7	6.851880E-4
1.781000E-7	8.153722E-4
1.782000E-7	8.718996E-4
1.783000E-7	8.787514E-4
1.784000E-7	7.794003E-4
1.785000E-7	5.926887E-4
1.786000E-7	3.717182E-4
1.787000E-7	1.593124E-4
1.788000E-7	-8.556737E-6
1.789000E-7	-1.284632E-4
1.790000E-7	-1.764258E-4
1.791000E-7	-6.508409E-5
1.792000E-7	1.575994E-4
1.793000E-7	4.042642E-4
1.794000E-7	6.492161E-4
1.795000E-7	8.119463E-4
1.796000E-7	9.181492E-4
1.797000E-7	9.215751E-4
1.798000E-7	9.215751E-4
1.799000E-7	8.838902E-4
1.800000E-7	8.667607E-4
1.801000E-7	7.605578E-4
1.802000E-7	6.303736E-4
1.803000E-7	5.241707E-4
1.804000E-7	5.019024E-4
1.805000E-7	5.258837E-4
1.806000E-7	5.498650E-4
1.807000E-7	5.978276E-4
1.808000E-7	6.320866E-4
1.809000E-7	6.320866E-4
1.810000E-7	6.697715E-4
1.811000E-7	6.988916E-4
1.812000E-7	7.588449E-4
1.813000E-7	7.674096E-4
1.814000E-7	7.091693E-4
1.815000E-7	5.601427E-4
1.816000E-7	3.854218E-4
1.817000E-7	2.483858E-4
1.818000E-7	1.027850E-4
1.819000E-7	2.570226E-5
1.820000E-7	4.797061E-5
1.821000E-7	1.336181E-4
1.822000E-7	2.449599E-4
1.823000E-7	4.573657E-4
1.824000E-7	6.800492E-4
1.825000E-7	8.838902E-4
1.826000E-7	9.232881E-4
1.827000E-7	8.667607E-4
1.828000E-7	7.331506E-4
1.829000E-7	5.635686E-4
1.830000E-7	3.922736E-4
1.831000E-7	3.117649E-4
1.832000E-7	3.254685E-4
1.833000E-7	4.025513E-4
1.834000E-7	5.241707E-4
1.835000E-7	6.337995E-4
1.836000E-7	6.475031E-4
1.837000E-7	6.115312E-4
1.838000E-7	5.447261E-4
1.839000E-7	5.173189E-4
1.840000E-7	5.841240E-4
1.841000E-7	6.886139E-4
1.842000E-7	8.170852E-4
1.843000E-7	9.524082E-4
1.844000E-7	9.798154E-4
1.845000E-7	9.506953E-4
1.846000E-7	8.975938E-4
1.847000E-7	8.924550E-4
1.848000E-7	9.404176E-4
1.849000E-7	1.007223E-3
1.850000E-7	1.043195E-3
1.851000E-7	1.031204E-3
1.852000E-7	9.455564E-4
1.853000E-7	8.359276E-4
1.854000E-7	7.211600E-4
1.855000E-7	6.766233E-4
1.856000E-7	6.560679E-4
1.857000E-7	6.766233E-4
1.858000E-7	7.485672E-4
1.859000E-7	8.050945E-4
1.860000E-7	8.975938E-4
1.861000E-7	9.421305E-4
1.862000E-7	9.506953E-4
1.863000E-7	8.838902E-4
1.864000E-7	8.462053E-4
1.865000E-7	8.667607E-4
1.866000E-7	9.404176E-4
1.867000E-7	1.027778E-3
1.868000E-7	1.089444E-3
1.869000E-7	1.019213E-3
1.870000E-7	8.838902E-4
1.871000E-7	6.869010E-4
1.872000E-7	5.310225E-4
1.873000E-7	4.796340E-4
1.874000E-7	4.710693E-4
1.875000E-7	5.481520E-4
1.876000E-7	6.063923E-4
1.877000E-7	7.023175E-4
1.878000E-7	7.485672E-4
1.879000E-7	7.622708E-4
1.880000E-7	7.280118E-4
1.881000E-7	7.108823E-4
1.882000E-7	6.389384E-4
1.883000E-7	5.481520E-4
1.884000E-7	4.881988E-4
1.885000E-7	4.796340E-4
1.886000E-7	5.241707E-4
1.887000E-7	5.687074E-4
1.888000E-7	5.926887E-4
1.889000E-7	5.755592E-4
1.890000E-7	5.310225E-4
1.891000E-7	5.001894E-4
1.892000E-7	5.001894E-4
1.893000E-7	5.550038E-4
1.894000E-7	6.663456E-4
1.895000E-7	8.153722E-4
1.896000E-7	9.506953E-4
1.897000E-7	1.046620E-3
1.898000E-7	1.161388E-3
1.899000E-7	1.240184E-3
1.900000E-7	1.315554E-3
1.901000E-7	1.356664E-3
1.902000E-7	1.354952E-3
1.903000E-7	1.223054E-3
1.904000E-7	1.008936E-3
1.905000E-7	7.691226E-4
1.906000E-7	6.200959E-4
1.907000E-7	5.618556E-4
1.908000E-7	6.303736E-4
1.909000E-7	7.502801E-4
1.910000E-7	8.667607E-4
1.911000E-7	9.250010E-4
1.912000E-7	9.335658E-4
1.913000E-7	8.770384E-4
1.914000E-7	7.605578E-4
1.915000E-7	6.235218E-4
1.916000E-7	4.847729E-4
1.917000E-7	4.248196E-4
1.918000E-7	5.138930E-4
1.919000E-7	7.417154E-4
1.920000E-7	9.781025E-4
1.921000E-7	1.181944E-3
1.922000E-7	1.250462E-3
1.923000E-7	1.121990E-3
1.924000E-7	8.633348E-4
1.925000E-7	5.481520E-4
1.926000E-7	3.528757E-4
1.927000E-7	3.237556E-4
1.928000E-7	4.470880E-4
1.929000E-7	6.697715E-4
1.930000E-7	8.667607E-4
1.931000E-7	9.044456E-4
1.932000E-7	8.290758E-4
1.933000E-7	6.475031E-4
1.934000E-7	4.505139E-4
1.935000E-7	3.785700E-4
1.936000E-7	3.991254E-4
1.937000E-7	5.053283E-4
1.938000E-7	5.926887E-4
1.939000E-7	6.218089E-4
1.940000E-7	5.772722E-4
1.941000E-7	5.138930E-4
1.942000E-7	4.385232E-4
1.943000E-7	4.248196E-4
1.944000E-7	4.111160E-4
1.945000E-7	4.196808E-4
1.946000E-7	4.676434E-4
1.947000E-7	5.515779E-4
1.948000E-7	6.423643E-4
1.949000E-7	7.040305E-4
1.950000E-7	7.297247E-4
1.951000E-7	6.372254E-4
1.952000E-7	5.036153E-4
1.953000E-7	3.408851E-4
1.954000E-7	2.192656E-4
1.955000E-7	1.130627E-4
1.956000E-7	8.051667E-5
1.957000E-7	1.027850E-4
1.958000E-7	1.233404E-4
1.959000E-7	1.113498E-4
1.960000E-7	7.880372E-5
1.961000E-7	-5.480639E-5
1.962000E-7	-1.336021E-4
1.963000E-7	-1.421668E-4
1.964000E-7	-5.651934E-5
1.965000E-7	7.880372E-5
1.966000E-7	3.134779E-4
1.967000E-7	4.984765E-4
1.968000E-7	5.772722E-4
1.969000E-7	6.252348E-4
1.970000E-7	6.783362E-4
1.971000E-7	7.074564E-4
1.972000E-7	7.879650E-4
1.973000E-7	8.873161E-4
1.974000E-7	9.643989E-4
1.975000E-7	1.010649E-3
1.976000E-7	9.472694E-4
1.977000E-7	8.256499E-4
1.978000E-7	7.417154E-4
1.979000E-7	6.851880E-4
1.980000E-7	7.331506E-4
1.981000E-7	8.975938E-4
1.982000E-7	1.060324E-3
1.983000E-7	1.205925E-3
1.984000E-7	1.277869E-3
1.985000E-7	1.231619E-3
1.986000E-7	1.094583E-3
1.987000E-7	9.438435E-4
1.988000E-7	7.828262E-4
1.989000E-7	6.372254E-4
1.990000E-7	5.498650E-4
1.991000E-7	4.967635E-4
1.992000E-7	4.950506E-4
1.993000E-7	5.584297E-4
1.994000E-7	6.663456E-4
1.995000E-7	7.451413E-4
1.996000E-7	7.639837E-4
1.997000E-7	7.006046E-4
1.998000E-7	6.252348E-4
1.999000E-7	5.464391E-4
2.000000E-7	5.070412E-4
2.001000E-7	5.053283E-4
