Study Name	PremaTech_CVD_SiC_HeandSi
Sample Name	2025-10-31
Run Name	spot04
Operator	Keshav
Date	10/31/2025
Time	17:43
Sign	FIX
Grating Spacing	06.40um
Channel	3
Number Traces	10000
Files in Batch	1
Batch Number	48
dt	50.000001E-12
time stamp (ms)	6:34:51 PM
	
Time	Amplitude
0.000000E+0	-3.853938E-4
5.000000E-11	-4.093751E-4
1.000000E-10	-3.939586E-4
1.500000E-10	-3.459960E-4
2.000000E-10	-2.826168E-4
2.500000E-10	-2.123858E-4
3.000000E-10	-1.609973E-4
3.500000E-10	-1.301642E-4
4.000000E-10	-1.147477E-4
4.500000E-10	-1.198865E-4
5.000000E-10	-1.764139E-4
5.500000E-10	-2.791909E-4
6.000000E-10	-3.751161E-4
6.500000E-10	-4.487730E-4
7.000000E-10	-5.172910E-4
7.500000E-10	-5.721054E-4
8.000000E-10	-5.909478E-4
8.500000E-10	-5.789572E-4
9.000000E-10	-5.258557E-4
9.500000E-10	-4.247917E-4
1.000000E-9	-3.083111E-4
1.050000E-9	-1.935434E-4
1.100000E-9	-6.849804E-5
1.150000E-9	3.941781E-5
1.200000E-9	1.010840E-4
1.250000E-9	1.147876E-4
1.300000E-9	8.738041E-5
1.350000E-9	3.256601E-5
1.400000E-9	-3.423904E-5
1.450000E-9	-1.044700E-4
1.500000E-9	-1.815527E-4
1.550000E-9	-2.380801E-4
1.600000E-9	-2.415060E-4
1.650000E-9	-2.260894E-4
1.700000E-9	-2.243765E-4
1.750000E-9	-2.226635E-4
1.800000E-9	-2.209506E-4
1.850000E-9	-2.158117E-4
1.900000E-9	-2.003952E-4
1.950000E-9	-1.815527E-4
2.000000E-9	-1.609973E-4
2.050000E-9	-1.164606E-4
2.100000E-9	-6.164624E-5
2.150000E-9	-1.710954E-5
2.200000E-9	1.201061E-5
2.250000E-9	3.599191E-5
2.300000E-9	4.113076E-5
2.350000E-9	1.201061E-5
2.400000E-9	-2.567429E-5
2.450000E-9	-4.794264E-5
2.500000E-9	-5.136854E-5
2.550000E-9	-2.396134E-5
2.600000E-9	2.914011E-5
2.650000E-9	8.052861E-5
2.700000E-9	1.165006E-4
2.750000E-9	1.507596E-4
2.800000E-9	1.833056E-4
2.850000E-9	2.141387E-4
2.900000E-9	2.432589E-4
2.950000E-9	2.552495E-4
3.000000E-9	2.381200E-4
3.050000E-9	2.072869E-4
3.100000E-9	1.730279E-4
3.150000E-9	1.336301E-4
3.200000E-9	1.079358E-4
3.250000E-9	1.010840E-4
3.300000E-9	9.423221E-5
3.350000E-9	6.339911E-5
3.400000E-9	4.626961E-5
3.450000E-9	5.312141E-5
3.500000E-9	5.654731E-5
3.550000E-9	3.599191E-5
3.600000E-9	-3.405942E-6
3.650000E-9	-4.794264E-5
3.700000E-9	-9.419229E-5
3.750000E-9	-1.438678E-4
3.800000E-9	-1.986822E-4
3.850000E-9	-2.466448E-4
3.900000E-9	-2.689132E-4
3.950000E-9	-2.689132E-4
4.000000E-9	-2.500707E-4
4.050000E-9	-2.192376E-4
4.100000E-9	-1.798398E-4
4.150000E-9	-1.233124E-4
4.200000E-9	-3.252609E-5
4.250000E-9	6.168616E-5
4.300000E-9	1.404819E-4
4.350000E-9	2.141387E-4
4.400000E-9	2.638143E-4
4.450000E-9	2.706661E-4
4.500000E-9	2.483977E-4
4.550000E-9	1.987222E-4
4.600000E-9	1.387689E-4
4.650000E-9	7.367681E-5
4.700000E-9	6.871758E-6
4.750000E-9	-5.822034E-5
4.800000E-9	-1.113218E-4
4.850000E-9	-1.370160E-4
4.900000E-9	-1.318772E-4
4.950000E-9	-8.562754E-5
5.000000E-9	1.201061E-5
5.050000E-9	1.421948E-4
5.100000E-9	2.792308E-4
5.150000E-9	4.179798E-4
5.200000E-9	5.395992E-4
5.250000E-9	6.338115E-4
5.300000E-9	7.091813E-4
5.350000E-9	7.485791E-4
5.400000E-9	7.143201E-4
5.450000E-9	6.303856E-4
5.500000E-9	5.344604E-4
5.550000E-9	4.231186E-4
5.600000E-9	3.134898E-4
5.650000E-9	2.261294E-4
5.700000E-9	1.815927E-4
5.750000E-9	1.558984E-4
5.800000E-9	1.336301E-4
5.850000E-9	1.336301E-4
5.900000E-9	1.798797E-4
5.950000E-9	2.603884E-4
6.000000E-9	3.460359E-4
6.050000E-9	4.316834E-4
6.100000E-9	5.139050E-4
6.150000E-9	5.704323E-4
6.200000E-9	5.738582E-4
6.250000E-9	5.361733E-4
6.300000E-9	4.779330E-4
6.350000E-9	3.939985E-4
6.400000E-9	2.621013E-4
6.450000E-9	1.165006E-4
6.500000E-9	8.584708E-6
6.550000E-9	-5.136854E-5
6.600000E-9	-8.391459E-5
6.650000E-9	-8.048869E-5
6.700000E-9	-3.595199E-5
6.750000E-9	2.571421E-5
6.800000E-9	1.010840E-4
6.850000E-9	1.833056E-4
6.900000E-9	2.501107E-4
6.950000E-9	2.655272E-4
7.000000E-9	2.483977E-4
7.050000E-9	2.227035E-4
7.100000E-9	1.781668E-4
7.150000E-9	1.113617E-4
7.200000E-9	3.770486E-5
7.250000E-9	-1.710954E-5
7.300000E-9	-3.595199E-5
7.350000E-9	-2.567429E-5
7.400000E-9	1.029766E-5
7.450000E-9	7.196386E-5
7.500000E-9	1.456207E-4
7.550000E-9	2.038610E-4
7.600000E-9	2.312682E-4
7.650000E-9	2.209905E-4
7.700000E-9	1.627502E-4
7.750000E-9	6.511206E-5
7.800000E-9	-5.822034E-5
7.850000E-9	-2.089599E-4
7.900000E-9	-3.614125E-4
7.950000E-9	-4.761802E-4
8.000000E-9	-5.601147E-4
8.050000E-9	-6.149291E-4
8.100000E-9	-5.892349E-4
8.150000E-9	-4.933097E-4
8.200000E-9	-3.665514E-4
8.250000E-9	-2.106729E-4
8.300000E-9	-1.368364E-5
8.350000E-9	1.730279E-4
8.400000E-9	3.014992E-4
8.450000E-9	3.700172E-4
8.500000E-9	3.648783E-4
8.550000E-9	3.220546E-4
8.600000E-9	2.655272E-4
8.650000E-9	1.833056E-4
8.700000E-9	9.080631E-5
8.750000E-9	2.571421E-5
8.800000E-9	-2.053544E-5
8.850000E-9	-6.335919E-5
8.900000E-9	-8.220164E-5
8.950000E-9	-7.363689E-5
9.000000E-9	-7.534984E-5
9.050000E-9	-9.419229E-5
9.100000E-9	-1.198865E-4
9.150000E-9	-1.764139E-4
9.200000E-9	-2.706262E-4
9.250000E-9	-4.042363E-4
9.300000E-9	-5.703924E-4
9.350000E-9	-7.348356E-4
9.400000E-9	-8.513162E-4
9.450000E-9	-9.232601E-4
9.500000E-9	-9.540932E-4
9.550000E-9	-9.232601E-4
9.600000E-9	-8.461774E-4
9.650000E-9	-7.536781E-4
9.700000E-9	-6.646047E-4
9.750000E-9	-5.618277E-4
9.800000E-9	-4.470600E-4
9.850000E-9	-3.477089E-4
9.900000E-9	-2.946075E-4
9.950000E-9	-2.826168E-4
1.000000E-8	-2.774780E-4
1.005000E-8	-2.672003E-4
1.010000E-8	-2.500707E-4
1.015000E-8	-2.243765E-4
1.020000E-8	-2.038211E-4
1.025000E-8	-2.158117E-4
1.030000E-8	-2.466448E-4
1.035000E-8	-2.569225E-4
1.040000E-8	-2.552096E-4
1.045000E-8	-2.620614E-4
1.050000E-8	-2.620614E-4
1.055000E-8	-2.260894E-4
1.060000E-8	-1.678491E-4
1.065000E-8	-1.181736E-4
1.070000E-8	-7.363689E-5
1.075000E-8	-1.882249E-5
1.080000E-8	5.312141E-5
1.085000E-8	1.421948E-4
1.090000E-8	2.381200E-4
1.095000E-8	3.186287E-4
1.100000E-8	3.751560E-4
1.105000E-8	4.145539E-4
1.110000E-8	4.505258E-4
1.115000E-8	4.539517E-4
1.120000E-8	4.059891E-4
1.125000E-8	3.289064E-4
1.130000E-8	2.535366E-4
1.135000E-8	1.815927E-4
1.140000E-8	1.027970E-4
1.145000E-8	3.085306E-5
1.150000E-8	-6.831842E-6
1.155000E-8	-1.197069E-5
1.160000E-8	-1.539659E-5
1.165000E-8	-2.567429E-5
1.170000E-8	-3.081314E-5
1.175000E-8	-1.710954E-5
1.180000E-8	6.871758E-6
1.185000E-8	4.798256E-5
1.190000E-8	1.079358E-4
1.195000E-8	1.661761E-4
1.200000E-8	2.089999E-4
1.205000E-8	2.483977E-4
1.210000E-8	2.843697E-4
1.215000E-8	3.083510E-4
1.220000E-8	3.237675E-4
1.225000E-8	3.511747E-4
1.230000E-8	3.665913E-4
1.235000E-8	3.546006E-4
1.240000E-8	3.443229E-4
1.245000E-8	3.563136E-4
1.250000E-8	3.905726E-4
1.255000E-8	4.351093E-4
1.260000E-8	4.762201E-4
1.265000E-8	5.036273E-4
1.270000E-8	4.933496E-4
1.275000E-8	4.590906E-4
1.280000E-8	4.333963E-4
1.285000E-8	4.368222E-4
1.290000E-8	4.299704E-4
1.295000E-8	4.111280E-4
1.300000E-8	4.128409E-4
1.305000E-8	4.625165E-4
1.310000E-8	5.224697E-4
1.315000E-8	5.670064E-4
1.320000E-8	5.978395E-4
1.325000E-8	6.201079E-4
1.330000E-8	6.303856E-4
1.335000E-8	6.338115E-4
1.340000E-8	6.406633E-4
1.345000E-8	6.389503E-4
1.350000E-8	6.235338E-4
1.355000E-8	5.772841E-4
1.360000E-8	5.087661E-4
1.365000E-8	4.505258E-4
1.370000E-8	4.248316E-4
1.375000E-8	3.957114E-4
1.380000E-8	3.408970E-4
1.385000E-8	3.066380E-4
1.390000E-8	3.186287E-4
1.395000E-8	3.117769E-4
1.400000E-8	2.535366E-4
1.405000E-8	1.987222E-4
1.410000E-8	1.713150E-4
1.415000E-8	9.765811E-5
1.420000E-8	-2.224839E-5
1.425000E-8	-1.370160E-4
1.430000E-8	-2.432189E-4
1.435000E-8	-3.596996E-4
1.440000E-8	-4.573377E-4
1.445000E-8	-5.309946E-4
1.450000E-8	-5.977996E-4
1.455000E-8	-5.960867E-4
1.460000E-8	-5.087262E-4
1.465000E-8	-4.402082E-4
1.470000E-8	-4.093751E-4
1.475000E-8	-3.408571E-4
1.480000E-8	-2.397930E-4
1.485000E-8	-1.541455E-4
1.490000E-8	-5.308149E-5
1.495000E-8	5.654731E-5
1.500000E-8	9.423221E-5
1.505000E-8	6.853796E-5
1.510000E-8	6.511206E-5
1.515000E-8	8.566746E-5
1.520000E-8	1.079358E-4
1.525000E-8	1.456207E-4
1.530000E-8	1.713150E-4
1.535000E-8	1.558984E-4
1.540000E-8	1.319171E-4
1.545000E-8	1.199265E-4
1.550000E-8	9.251926E-5
1.555000E-8	6.511206E-5
1.560000E-8	8.052861E-5
1.565000E-8	1.027970E-4
1.570000E-8	8.738041E-5
1.575000E-8	4.113076E-5
1.580000E-8	-1.368364E-5
1.585000E-8	-4.451674E-5
1.590000E-8	-3.595199E-5
1.595000E-8	-4.109084E-5
1.600000E-8	-9.761820E-5
1.605000E-8	-1.490067E-4
1.610000E-8	-1.472937E-4
1.615000E-8	-1.421549E-4
1.620000E-8	-1.678491E-4
1.625000E-8	-2.055340E-4
1.630000E-8	-2.380801E-4
1.635000E-8	-2.774780E-4
1.640000E-8	-3.134499E-4
1.645000E-8	-3.477089E-4
1.650000E-8	-3.836809E-4
1.655000E-8	-3.922456E-4
1.660000E-8	-3.579866E-4
1.665000E-8	-3.511348E-4
1.670000E-8	-3.665514E-4
1.675000E-8	-3.477089E-4
1.680000E-8	-3.237276E-4
1.685000E-8	-3.511348E-4
1.690000E-8	-3.716902E-4
1.695000E-8	-3.220147E-4
1.700000E-8	-2.517837E-4
1.705000E-8	-2.089599E-4
1.710000E-8	-1.729880E-4
1.715000E-8	-1.301642E-4
1.720000E-8	-9.419229E-5
1.725000E-8	-4.451674E-5
1.730000E-8	2.571421E-5
1.735000E-8	8.224156E-5
1.740000E-8	1.250653E-4
1.745000E-8	1.576114E-4
1.750000E-8	1.713150E-4
1.755000E-8	1.661761E-4
1.760000E-8	1.456207E-4
1.765000E-8	1.045099E-4
1.770000E-8	5.654731E-5
1.775000E-8	3.770486E-5
1.780000E-8	4.284371E-5
1.785000E-8	7.367681E-5
1.790000E-8	2.209905E-4
1.795000E-8	5.327474E-4
1.800000E-8	1.019225E-3
1.805000E-8	1.748942E-3
1.810000E-8	2.852082E-3
1.815000E-8	4.392024E-3
1.820000E-8	6.406453E-3
1.825000E-8	8.945045E-3
1.830000E-8	1.200609E-2
1.835000E-8	1.550736E-2
1.840000E-8	1.938034E-2
1.845000E-8	2.350512E-2
1.850000E-8	2.769328E-2
1.855000E-8	3.180608E-2
1.860000E-8	3.584007E-2
1.865000E-8	3.973361E-2
1.870000E-8	4.340275E-2
1.875000E-8	4.685948E-2
1.880000E-8	5.013636E-2
1.885000E-8	5.314601E-2
1.890000E-8	5.581136E-2
1.895000E-8	5.811014E-2
1.900000E-8	5.997211E-2
1.905000E-8	6.128423E-2
1.910000E-8	6.200196E-2
1.915000E-8	6.219895E-2
1.920000E-8	6.195914E-2
1.925000E-8	6.136132E-2
1.930000E-8	6.052197E-2
1.935000E-8	5.959013E-2
1.940000E-8	5.857606E-2
1.945000E-8	5.749690E-2
1.950000E-8	5.644686E-2
1.955000E-8	5.550474E-2
1.960000E-8	5.463799E-2
1.965000E-8	5.382262E-2
1.970000E-8	5.311689E-2
1.975000E-8	5.254648E-2
1.980000E-8	5.202916E-2
1.985000E-8	5.154097E-2
1.990000E-8	5.109732E-2
1.995000E-8	5.066052E-2
2.000000E-8	5.016890E-2
2.005000E-8	4.964816E-2
2.010000E-8	4.905891E-2
2.015000E-8	4.834118E-2
2.020000E-8	4.756522E-2
2.025000E-8	4.685092E-2
2.030000E-8	4.618458E-2
2.035000E-8	4.556620E-2
2.040000E-8	4.509857E-2
2.045000E-8	4.482278E-2
2.050000E-8	4.470973E-2
2.055000E-8	4.476283E-2
2.060000E-8	4.491186E-2
2.065000E-8	4.509172E-2
2.070000E-8	4.532639E-2
2.075000E-8	4.563815E-2
2.080000E-8	4.588995E-2
2.085000E-8	4.594477E-2
2.090000E-8	4.585227E-2
2.095000E-8	4.566727E-2
2.100000E-8	4.540176E-2
2.105000E-8	4.506602E-2
2.110000E-8	4.466862E-2
2.115000E-8	4.419242E-2
2.120000E-8	4.368881E-2
2.125000E-8	4.327942E-2
2.130000E-8	4.305502E-2
2.135000E-8	4.298308E-2
2.140000E-8	4.298993E-2
2.145000E-8	4.311155E-2
2.150000E-8	4.336164E-2
2.155000E-8	4.367853E-2
2.160000E-8	4.400228E-2
2.165000E-8	4.431061E-2
2.170000E-8	4.458126E-2
2.175000E-8	4.473885E-2
2.180000E-8	4.473200E-2
2.185000E-8	4.462579E-2
2.190000E-8	4.446478E-2
2.195000E-8	4.416501E-2
2.200000E-8	4.371793E-2
2.205000E-8	4.321604E-2
2.210000E-8	4.270900E-2
2.215000E-8	4.217970E-2
2.220000E-8	4.166239E-2
2.225000E-8	4.125985E-2
2.230000E-8	4.098920E-2
2.235000E-8	4.086930E-2
2.240000E-8	4.091726E-2
2.245000E-8	4.111082E-2
2.250000E-8	4.139175E-2
2.255000E-8	4.175660E-2
2.260000E-8	4.218313E-2
2.265000E-8	4.259252E-2
2.270000E-8	4.292655E-2
2.275000E-8	4.315951E-2
2.280000E-8	4.323317E-2
2.285000E-8	4.313895E-2
2.290000E-8	4.290771E-2
2.295000E-8	4.257882E-2
2.300000E-8	4.215401E-2
2.305000E-8	4.171892E-2
2.310000E-8	4.129753E-2
2.315000E-8	4.088471E-2
2.320000E-8	4.050958E-2
2.325000E-8	4.024578E-2
2.330000E-8	4.010189E-2
2.335000E-8	4.008305E-2
2.340000E-8	4.019268E-2
2.345000E-8	4.040851E-2
2.350000E-8	4.073911E-2
2.355000E-8	4.117420E-2
2.360000E-8	4.161443E-2
2.365000E-8	4.195702E-2
2.370000E-8	4.221225E-2
2.375000E-8	4.241095E-2
2.380000E-8	4.249146E-2
2.385000E-8	4.239039E-2
2.390000E-8	4.211290E-2
2.395000E-8	4.168466E-2
2.400000E-8	4.112452E-2
2.405000E-8	4.049587E-2
2.410000E-8	3.990148E-2
2.415000E-8	3.937218E-2
2.420000E-8	3.893709E-2
2.425000E-8	3.864246E-2
2.430000E-8	3.852598E-2
2.435000E-8	3.857908E-2
2.440000E-8	3.881033E-2
2.445000E-8	3.920773E-2
2.450000E-8	3.970792E-2
2.455000E-8	4.022865E-2
2.460000E-8	4.070656E-2
2.465000E-8	4.107314E-2
2.470000E-8	4.127526E-2
2.475000E-8	4.132151E-2
2.480000E-8	4.122216E-2
2.485000E-8	4.095494E-2
2.490000E-8	4.053013E-2
2.495000E-8	4.004879E-2
2.500000E-8	3.955546E-2
2.505000E-8	3.900047E-2
2.510000E-8	3.845746E-2
2.515000E-8	3.804121E-2
2.520000E-8	3.779284E-2
2.525000E-8	3.769862E-2
2.530000E-8	3.778427E-2
2.535000E-8	3.806862E-2
2.540000E-8	3.852084E-2
2.545000E-8	3.909982E-2
2.550000E-8	3.976958E-2
2.555000E-8	4.043421E-2
2.560000E-8	4.100804E-2
2.565000E-8	4.144656E-2
2.570000E-8	4.174804E-2
2.575000E-8	4.187137E-2
2.580000E-8	4.179086E-2
2.585000E-8	4.156133E-2
2.590000E-8	4.123587E-2
2.595000E-8	4.081791E-2
2.600000E-8	4.033657E-2
2.605000E-8	3.985180E-2
2.610000E-8	3.941843E-2
2.615000E-8	3.902616E-2
2.620000E-8	3.874181E-2
2.625000E-8	3.862533E-2
2.630000E-8	3.866302E-2
2.635000E-8	3.886172E-2
2.640000E-8	3.922658E-2
2.645000E-8	3.969250E-2
2.650000E-8	4.017384E-2
2.655000E-8	4.065004E-2
2.660000E-8	4.109027E-2
2.665000E-8	4.142429E-2
2.670000E-8	4.162642E-2
2.675000E-8	4.171207E-2
2.680000E-8	4.164869E-2
2.685000E-8	4.142772E-2
2.690000E-8	4.110397E-2
2.695000E-8	4.070314E-2
2.700000E-8	4.023893E-2
2.705000E-8	3.979528E-2
2.710000E-8	3.944755E-2
2.715000E-8	3.921287E-2
2.720000E-8	3.912037E-2
2.725000E-8	3.923343E-2
2.730000E-8	3.950579E-2
2.735000E-8	3.985523E-2
2.740000E-8	4.025777E-2
2.745000E-8	4.074425E-2
2.750000E-8	4.124272E-2
2.755000E-8	4.166410E-2
2.760000E-8	4.199813E-2
2.765000E-8	4.224993E-2
2.770000E-8	4.234243E-2
2.775000E-8	4.226364E-2
2.780000E-8	4.201697E-2
2.785000E-8	4.162642E-2
2.790000E-8	4.109540E-2
2.795000E-8	4.047703E-2
2.800000E-8	3.982097E-2
2.805000E-8	3.917519E-2
2.810000E-8	3.863903E-2
2.815000E-8	3.826390E-2
2.820000E-8	3.804121E-2
2.825000E-8	3.796413E-2
2.830000E-8	3.807376E-2
2.835000E-8	3.836496E-2
2.840000E-8	3.878806E-2
2.845000E-8	3.930708E-2
2.850000E-8	3.989463E-2
2.855000E-8	4.044791E-2
2.860000E-8	4.087786E-2
2.865000E-8	4.114679E-2
2.870000E-8	4.125642E-2
2.875000E-8	4.120161E-2
2.880000E-8	4.095494E-2
2.885000E-8	4.055583E-2
2.890000E-8	4.008134E-2
2.895000E-8	3.958116E-2
2.900000E-8	3.908783E-2
2.905000E-8	3.864417E-2
2.910000E-8	3.832214E-2
2.915000E-8	3.814913E-2
2.920000E-8	3.812001E-2
2.925000E-8	3.824506E-2
2.930000E-8	3.853283E-2
2.935000E-8	3.894394E-2
2.940000E-8	3.941329E-2
2.945000E-8	3.987921E-2
2.950000E-8	4.030231E-2
2.955000E-8	4.064832E-2
2.960000E-8	4.086416E-2
2.965000E-8	4.094980E-2
2.970000E-8	4.087786E-2
2.975000E-8	4.064490E-2
2.980000E-8	4.024064E-2
2.985000E-8	3.968565E-2
2.990000E-8	3.903473E-2
2.995000E-8	3.839580E-2
3.000000E-8	3.783566E-2
3.005000E-8	3.739372E-2
3.010000E-8	3.708368E-2
3.015000E-8	3.694664E-2
3.020000E-8	3.697405E-2
3.025000E-8	3.717104E-2
3.030000E-8	3.752904E-2
3.035000E-8	3.799839E-2
3.040000E-8	3.847630E-2
3.045000E-8	3.893709E-2
3.050000E-8	3.936704E-2
3.055000E-8	3.971648E-2
3.060000E-8	3.993231E-2
3.065000E-8	3.999569E-2
3.070000E-8	3.989463E-2
3.075000E-8	3.964625E-2
3.080000E-8	3.927283E-2
3.085000E-8	3.881376E-2
3.090000E-8	3.833584E-2
3.095000E-8	3.788534E-2
3.100000E-8	3.749307E-2
3.105000E-8	3.721900E-2
3.110000E-8	3.711965E-2
3.115000E-8	3.717617E-2
3.120000E-8	3.735603E-2
3.125000E-8	3.766094E-2
3.130000E-8	3.808233E-2
3.135000E-8	3.852427E-2
3.140000E-8	3.894394E-2
3.145000E-8	3.933963E-2
3.150000E-8	3.969935E-2
3.155000E-8	3.996143E-2
3.160000E-8	4.009847E-2
3.165000E-8	4.009333E-2
3.170000E-8	3.995972E-2
3.175000E-8	3.970620E-2
3.180000E-8	3.935505E-2
3.185000E-8	3.894223E-2
3.190000E-8	3.851741E-2
3.195000E-8	3.810288E-2
3.200000E-8	3.771233E-2
3.205000E-8	3.739543E-2
3.210000E-8	3.717617E-2
3.215000E-8	3.703229E-2
3.220000E-8	3.698432E-2
3.225000E-8	3.706483E-2
3.230000E-8	3.722928E-2
3.235000E-8	3.746052E-2
3.240000E-8	3.775515E-2
3.245000E-8	3.809774E-2
3.250000E-8	3.844547E-2
3.255000E-8	3.875209E-2
3.260000E-8	3.899533E-2
3.265000E-8	3.913065E-2
3.270000E-8	3.911866E-2
3.275000E-8	3.893880E-2
3.280000E-8	3.866302E-2
3.285000E-8	3.835297E-2
3.290000E-8	3.802922E-2
3.295000E-8	3.769862E-2
3.300000E-8	3.738515E-2
3.305000E-8	3.710594E-2
3.310000E-8	3.688840E-2
3.315000E-8	3.677021E-2
3.320000E-8	3.677363E-2
3.325000E-8	3.688326E-2
3.330000E-8	3.707682E-2
3.335000E-8	3.734918E-2
3.340000E-8	3.769177E-2
3.345000E-8	3.804293E-2
3.350000E-8	3.835982E-2
3.355000E-8	3.860135E-2
3.360000E-8	3.873325E-2
3.365000E-8	3.876065E-2
3.370000E-8	3.869556E-2
3.375000E-8	3.852427E-2
3.380000E-8	3.823820E-2
3.385000E-8	3.788362E-2
3.390000E-8	3.751705E-2
3.395000E-8	3.715905E-2
3.400000E-8	3.681132E-2
3.405000E-8	3.652012E-2
3.410000E-8	3.633683E-2
3.415000E-8	3.626489E-2
3.420000E-8	3.628715E-2
3.425000E-8	3.645160E-2
3.430000E-8	3.674794E-2
3.435000E-8	3.710423E-2
3.440000E-8	3.746224E-2
3.445000E-8	3.782367E-2
3.450000E-8	3.815598E-2
3.455000E-8	3.839237E-2
3.460000E-8	3.850542E-2
3.465000E-8	3.850371E-2
3.470000E-8	3.838894E-2
3.475000E-8	3.816797E-2
3.480000E-8	3.787506E-2
3.485000E-8	3.750335E-2
3.490000E-8	3.711793E-2
3.495000E-8	3.678905E-2
3.500000E-8	3.654924E-2
3.505000E-8	3.636081E-2
3.510000E-8	3.626146E-2
3.515000E-8	3.629058E-2
3.520000E-8	3.640535E-2
3.525000E-8	3.655095E-2
3.530000E-8	3.674965E-2
3.535000E-8	3.698946E-2
3.540000E-8	3.721215E-2
3.545000E-8	3.742455E-2
3.550000E-8	3.763696E-2
3.555000E-8	3.779112E-2
3.560000E-8	3.786649E-2
3.565000E-8	3.787506E-2
3.570000E-8	3.780825E-2
3.575000E-8	3.763353E-2
3.580000E-8	3.739886E-2
3.585000E-8	3.714020E-2
3.590000E-8	3.684215E-2
3.595000E-8	3.655609E-2
3.600000E-8	3.632655E-2
3.605000E-8	3.613128E-2
3.610000E-8	3.596855E-2
3.615000E-8	3.589831E-2
3.620000E-8	3.594114E-2
3.625000E-8	3.606447E-2
3.630000E-8	3.626317E-2
3.635000E-8	3.654924E-2
3.640000E-8	3.685585E-2
3.645000E-8	3.711451E-2
3.650000E-8	3.732349E-2
3.655000E-8	3.745025E-2
3.660000E-8	3.747080E-2
3.665000E-8	3.737830E-2
3.670000E-8	3.719330E-2
3.675000E-8	3.692780E-2
3.680000E-8	3.660234E-2
3.685000E-8	3.622891E-2
3.690000E-8	3.586063E-2
3.695000E-8	3.557285E-2
3.700000E-8	3.538957E-2
3.705000E-8	3.528508E-2
3.710000E-8	3.527137E-2
3.715000E-8	3.539299E-2
3.720000E-8	3.563452E-2
3.725000E-8	3.595998E-2
3.730000E-8	3.634711E-2
3.735000E-8	3.674622E-2
3.740000E-8	3.712650E-2
3.745000E-8	3.746738E-2
3.750000E-8	3.772774E-2
3.755000E-8	3.788020E-2
3.760000E-8	3.791788E-2
3.765000E-8	3.781853E-2
3.770000E-8	3.757358E-2
3.775000E-8	3.722071E-2
3.780000E-8	3.682845E-2
3.785000E-8	3.641905E-2
3.790000E-8	3.602336E-2
3.795000E-8	3.571332E-2
3.800000E-8	3.551461E-2
3.805000E-8	3.540841E-2
3.810000E-8	3.538100E-2
3.815000E-8	3.542897E-2
3.820000E-8	3.553859E-2
3.825000E-8	3.570818E-2
3.830000E-8	3.591887E-2
3.835000E-8	3.615697E-2
3.840000E-8	3.641220E-2
3.845000E-8	3.663146E-2
3.850000E-8	3.679419E-2
3.855000E-8	3.689525E-2
3.860000E-8	3.692951E-2
3.865000E-8	3.689183E-2
3.870000E-8	3.680275E-2
3.875000E-8	3.666743E-2
3.880000E-8	3.647387E-2
3.885000E-8	3.623748E-2
3.890000E-8	3.599081E-2
3.895000E-8	3.574072E-2
3.900000E-8	3.550776E-2
3.905000E-8	3.534846E-2
3.910000E-8	3.529193E-2
3.915000E-8	3.534846E-2
3.920000E-8	3.550605E-2
3.925000E-8	3.576128E-2
3.930000E-8	3.604734E-2
3.935000E-8	3.634197E-2
3.940000E-8	3.662632E-2
3.945000E-8	3.688326E-2
3.950000E-8	3.705627E-2
3.955000E-8	3.717275E-2
3.960000E-8	3.723955E-2
3.965000E-8	3.718817E-2
3.970000E-8	3.700145E-2
3.975000E-8	3.674965E-2
3.980000E-8	3.646187E-2
3.985000E-8	3.612100E-2
3.990000E-8	3.577327E-2
3.995000E-8	3.549063E-2
4.000000E-8	3.527137E-2
4.005000E-8	3.509837E-2
4.010000E-8	3.503156E-2
4.015000E-8	3.506411E-2
4.020000E-8	3.516517E-2
4.025000E-8	3.531077E-2
4.030000E-8	3.550947E-2
4.035000E-8	3.574929E-2
4.040000E-8	3.601137E-2
4.045000E-8	3.626146E-2
4.050000E-8	3.647558E-2
4.055000E-8	3.660919E-2
4.060000E-8	3.664516E-2
4.065000E-8	3.658521E-2
4.070000E-8	3.644475E-2
4.075000E-8	3.621007E-2
4.080000E-8	3.587776E-2
4.085000E-8	3.551119E-2
4.090000E-8	3.517716E-2
4.095000E-8	3.488082E-2
4.100000E-8	3.464615E-2
4.105000E-8	3.453652E-2
4.110000E-8	3.455365E-2
4.115000E-8	3.465300E-2
4.120000E-8	3.479689E-2
4.125000E-8	3.495619E-2
4.130000E-8	3.514804E-2
4.135000E-8	3.538786E-2
4.140000E-8	3.562253E-2
4.145000E-8	3.581095E-2
4.150000E-8	3.595484E-2
4.155000E-8	3.605419E-2
4.160000E-8	3.605077E-2
4.165000E-8	3.594970E-2
4.170000E-8	3.580753E-2
4.175000E-8	3.565336E-2
4.180000E-8	3.548721E-2
4.185000E-8	3.531762E-2
4.190000E-8	3.513776E-2
4.195000E-8	3.493735E-2
4.200000E-8	3.474892E-2
4.205000E-8	3.461531E-2
4.210000E-8	3.453823E-2
4.215000E-8	3.451254E-2
4.220000E-8	3.453652E-2
4.225000E-8	3.459305E-2
4.230000E-8	3.466842E-2
4.235000E-8	3.475064E-2
4.240000E-8	3.484999E-2
4.245000E-8	3.494934E-2
4.250000E-8	3.506239E-2
4.255000E-8	3.516175E-2
4.260000E-8	3.522684E-2
4.265000E-8	3.524739E-2
4.270000E-8	3.523369E-2
4.275000E-8	3.518401E-2
4.280000E-8	3.510008E-2
4.285000E-8	3.500758E-2
4.290000E-8	3.491851E-2
4.295000E-8	3.481059E-2
4.300000E-8	3.471124E-2
4.305000E-8	3.465129E-2
4.310000E-8	3.462902E-2
4.315000E-8	3.462731E-2
4.320000E-8	3.465300E-2
4.325000E-8	3.471467E-2
4.330000E-8	3.480374E-2
4.335000E-8	3.489966E-2
4.340000E-8	3.495277E-2
4.345000E-8	3.496647E-2
4.350000E-8	3.496133E-2
4.355000E-8	3.491851E-2
4.360000E-8	3.484142E-2
4.365000E-8	3.475749E-2
4.370000E-8	3.468555E-2
4.375000E-8	3.463073E-2
4.380000E-8	3.456393E-2
4.385000E-8	3.445601E-2
4.390000E-8	3.432583E-2
4.395000E-8	3.420935E-2
4.400000E-8	3.410486E-2
4.405000E-8	3.398152E-2
4.410000E-8	3.389588E-2
4.415000E-8	3.388731E-2
4.420000E-8	3.391643E-2
4.425000E-8	3.394726E-2
4.430000E-8	3.402949E-2
4.435000E-8	3.415111E-2
4.440000E-8	3.425560E-2
4.445000E-8	3.430698E-2
4.450000E-8	3.433953E-2
4.455000E-8	3.433268E-2
4.460000E-8	3.426930E-2
4.465000E-8	3.417851E-2
4.470000E-8	3.409629E-2
4.475000E-8	3.401407E-2
4.480000E-8	3.394384E-2
4.485000E-8	3.388388E-2
4.490000E-8	3.386504E-2
4.495000E-8	3.386676E-2
4.500000E-8	3.390101E-2
4.505000E-8	3.398495E-2
4.510000E-8	3.413398E-2
4.515000E-8	3.432754E-2
4.520000E-8	3.450911E-2
4.525000E-8	3.463930E-2
4.530000E-8	3.472494E-2
4.535000E-8	3.477804E-2
4.540000E-8	3.475235E-2
4.545000E-8	3.463244E-2
4.550000E-8	3.447828E-2
4.555000E-8	3.434981E-2
4.560000E-8	3.422819E-2
4.565000E-8	3.410143E-2
4.570000E-8	3.398837E-2
4.575000E-8	3.387189E-2
4.580000E-8	3.372801E-2
4.585000E-8	3.360467E-2
4.590000E-8	3.355329E-2
4.595000E-8	3.354472E-2
4.600000E-8	3.355329E-2
4.605000E-8	3.360981E-2
4.610000E-8	3.370745E-2
4.615000E-8	3.382393E-2
4.620000E-8	3.392671E-2
4.625000E-8	3.401236E-2
4.630000E-8	3.408944E-2
4.635000E-8	3.416138E-2
4.640000E-8	3.420078E-2
4.645000E-8	3.416138E-2
4.650000E-8	3.407574E-2
4.655000E-8	3.398152E-2
4.660000E-8	3.384791E-2
4.665000E-8	3.369546E-2
4.670000E-8	3.358412E-2
4.675000E-8	3.353787E-2
4.680000E-8	3.351046E-2
4.685000E-8	3.348991E-2
4.690000E-8	3.350704E-2
4.695000E-8	3.354472E-2
4.700000E-8	3.356699E-2
4.705000E-8	3.355500E-2
4.710000E-8	3.353102E-2
4.715000E-8	3.351560E-2
4.720000E-8	3.348819E-2
4.725000E-8	3.342139E-2
4.730000E-8	3.334944E-2
4.735000E-8	3.331005E-2
4.740000E-8	3.329977E-2
4.745000E-8	3.330662E-2
4.750000E-8	3.335116E-2
4.755000E-8	3.341796E-2
4.760000E-8	3.344366E-2
4.765000E-8	3.342481E-2
4.770000E-8	3.342995E-2
4.775000E-8	3.345736E-2
4.780000E-8	3.345222E-2
4.785000E-8	3.340940E-2
4.790000E-8	3.337000E-2
4.795000E-8	3.336144E-2
4.800000E-8	3.334944E-2
4.805000E-8	3.334259E-2
4.810000E-8	3.335458E-2
4.815000E-8	3.337343E-2
4.820000E-8	3.341625E-2
4.825000E-8	3.350532E-2
4.830000E-8	3.362009E-2
4.835000E-8	3.374171E-2
4.840000E-8	3.386847E-2
4.845000E-8	3.398152E-2
4.850000E-8	3.405347E-2
4.855000E-8	3.409629E-2
4.860000E-8	3.412541E-2
4.865000E-8	3.409800E-2
4.870000E-8	3.400722E-2
4.875000E-8	3.389074E-2
4.880000E-8	3.377597E-2
4.885000E-8	3.366463E-2
4.890000E-8	3.356356E-2
4.895000E-8	3.345565E-2
4.900000E-8	3.335801E-2
4.905000E-8	3.327921E-2
4.910000E-8	3.322783E-2
4.915000E-8	3.319528E-2
4.920000E-8	3.319014E-2
4.925000E-8	3.318158E-2
4.930000E-8	3.316102E-2
4.935000E-8	3.312676E-2
4.940000E-8	3.309764E-2
4.945000E-8	3.308051E-2
4.950000E-8	3.307537E-2
4.955000E-8	3.310792E-2
4.960000E-8	3.317301E-2
4.965000E-8	3.322783E-2
4.970000E-8	3.328435E-2
4.975000E-8	3.334259E-2
4.980000E-8	3.337685E-2
4.985000E-8	3.338199E-2
4.990000E-8	3.338884E-2
4.995000E-8	3.337856E-2
5.000000E-8	3.329120E-2
5.005000E-8	3.313704E-2
5.010000E-8	3.300000E-2
5.015000E-8	3.288695E-2
5.020000E-8	3.277047E-2
5.025000E-8	3.268482E-2
5.030000E-8	3.266598E-2
5.035000E-8	3.269510E-2
5.040000E-8	3.273278E-2
5.045000E-8	3.279616E-2
5.050000E-8	3.287667E-2
5.055000E-8	3.295889E-2
5.060000E-8	3.302570E-2
5.065000E-8	3.311306E-2
5.070000E-8	3.319357E-2
5.075000E-8	3.321412E-2
5.080000E-8	3.316102E-2
5.085000E-8	3.307366E-2
5.090000E-8	3.298459E-2
5.095000E-8	3.289037E-2
5.100000E-8	3.282699E-2
5.105000E-8	3.281843E-2
5.110000E-8	3.286125E-2
5.115000E-8	3.293320E-2
5.120000E-8	3.302056E-2
5.125000E-8	3.310449E-2
5.130000E-8	3.317472E-2
5.135000E-8	3.323125E-2
5.140000E-8	3.325523E-2
5.145000E-8	3.324153E-2
5.150000E-8	3.320727E-2
5.155000E-8	3.318500E-2
5.160000E-8	3.315074E-2
5.165000E-8	3.308394E-2
5.170000E-8	3.297431E-2
5.175000E-8	3.283727E-2
5.180000E-8	3.270709E-2
5.185000E-8	3.261973E-2
5.190000E-8	3.258547E-2
5.195000E-8	3.259061E-2
5.200000E-8	3.262144E-2
5.205000E-8	3.267112E-2
5.210000E-8	3.273963E-2
5.215000E-8	3.282528E-2
5.220000E-8	3.288866E-2
5.225000E-8	3.290408E-2
5.230000E-8	3.289380E-2
5.235000E-8	3.288352E-2
5.240000E-8	3.284412E-2
5.245000E-8	3.278075E-2
5.250000E-8	3.273107E-2
5.255000E-8	3.271223E-2
5.260000E-8	3.267797E-2
5.265000E-8	3.259746E-2
5.270000E-8	3.251181E-2
5.275000E-8	3.248612E-2
5.280000E-8	3.248612E-2
5.285000E-8	3.248612E-2
5.290000E-8	3.248269E-2
5.295000E-8	3.248954E-2
5.300000E-8	3.245186E-2
5.305000E-8	3.238505E-2
5.310000E-8	3.232339E-2
5.315000E-8	3.225487E-2
5.320000E-8	3.214695E-2
5.325000E-8	3.202191E-2
5.330000E-8	3.192256E-2
5.335000E-8	3.184719E-2
5.340000E-8	3.178038E-2
5.345000E-8	3.173927E-2
5.350000E-8	3.174612E-2
5.355000E-8	3.178895E-2
5.360000E-8	3.184034E-2
5.365000E-8	3.191057E-2
5.370000E-8	3.198080E-2
5.375000E-8	3.205103E-2
5.380000E-8	3.213668E-2
5.385000E-8	3.221890E-2
5.390000E-8	3.226172E-2
5.395000E-8	3.227371E-2
5.400000E-8	3.224459E-2
5.405000E-8	3.217950E-2
5.410000E-8	3.207844E-2
5.415000E-8	3.196538E-2
5.420000E-8	3.184034E-2
5.425000E-8	3.171358E-2
5.430000E-8	3.162622E-2
5.435000E-8	3.156969E-2
5.440000E-8	3.153372E-2
5.445000E-8	3.151830E-2
5.450000E-8	3.153714E-2
5.455000E-8	3.160052E-2
5.460000E-8	3.170501E-2
5.465000E-8	3.182321E-2
5.470000E-8	3.193969E-2
5.475000E-8	3.210070E-2
5.480000E-8	3.229941E-2
5.485000E-8	3.245015E-2
5.490000E-8	3.251866E-2
5.495000E-8	3.255635E-2
5.500000E-8	3.258204E-2
5.505000E-8	3.258547E-2
5.510000E-8	3.254778E-2
5.515000E-8	3.247584E-2
5.520000E-8	3.239362E-2
5.525000E-8	3.230626E-2
5.530000E-8	3.222746E-2
5.535000E-8	3.216237E-2
5.540000E-8	3.212811E-2
5.545000E-8	3.209043E-2
5.550000E-8	3.203732E-2
5.555000E-8	3.195853E-2
5.560000E-8	3.185233E-2
5.565000E-8	3.172728E-2
5.570000E-8	3.163136E-2
5.575000E-8	3.154742E-2
5.580000E-8	3.144122E-2
5.585000E-8	3.133673E-2
5.590000E-8	3.126307E-2
5.595000E-8	3.122539E-2
5.600000E-8	3.122710E-2
5.605000E-8	3.128705E-2
5.610000E-8	3.138126E-2
5.615000E-8	3.148747E-2
5.620000E-8	3.161765E-2
5.625000E-8	3.175811E-2
5.630000E-8	3.186260E-2
5.635000E-8	3.193112E-2
5.640000E-8	3.198765E-2
5.645000E-8	3.201677E-2
5.650000E-8	3.199279E-2
5.655000E-8	3.193626E-2
5.660000E-8	3.184890E-2
5.665000E-8	3.172728E-2
5.670000E-8	3.161251E-2
5.675000E-8	3.152344E-2
5.680000E-8	3.143608E-2
5.685000E-8	3.134187E-2
5.690000E-8	3.125793E-2
5.695000E-8	3.121853E-2
5.700000E-8	3.123053E-2
5.705000E-8	3.129733E-2
5.710000E-8	3.139326E-2
5.715000E-8	3.150117E-2
5.720000E-8	3.161080E-2
5.725000E-8	3.171700E-2
5.730000E-8	3.180779E-2
5.735000E-8	3.187459E-2
5.740000E-8	3.192941E-2
5.745000E-8	3.196538E-2
5.750000E-8	3.195682E-2
5.755000E-8	3.189344E-2
5.760000E-8	3.179922E-2
5.765000E-8	3.168446E-2
5.770000E-8	3.156284E-2
5.775000E-8	3.145663E-2
5.780000E-8	3.136756E-2
5.785000E-8	3.128705E-2
5.790000E-8	3.123909E-2
5.795000E-8	3.123738E-2
5.800000E-8	3.125793E-2
5.805000E-8	3.127335E-2
5.810000E-8	3.129562E-2
5.815000E-8	3.133159E-2
5.820000E-8	3.134701E-2
5.825000E-8	3.133844E-2
5.830000E-8	3.132302E-2
5.835000E-8	3.130418E-2
5.840000E-8	3.123738E-2
5.845000E-8	3.113631E-2
5.850000E-8	3.104039E-2
5.855000E-8	3.097187E-2
5.860000E-8	3.094104E-2
5.865000E-8	3.094789E-2
5.870000E-8	3.097358E-2
5.875000E-8	3.102155E-2
5.880000E-8	3.109863E-2
5.885000E-8	3.118941E-2
5.890000E-8	3.125793E-2
5.895000E-8	3.128363E-2
5.900000E-8	3.127677E-2
5.905000E-8	3.125965E-2
5.910000E-8	3.121682E-2
5.915000E-8	3.111404E-2
5.920000E-8	3.097701E-2
5.925000E-8	3.086395E-2
5.930000E-8	3.078345E-2
5.935000E-8	3.070636E-2
5.940000E-8	3.062928E-2
5.945000E-8	3.059673E-2
5.950000E-8	3.060359E-2
5.955000E-8	3.063784E-2
5.960000E-8	3.069951E-2
5.965000E-8	3.077488E-2
5.970000E-8	3.084511E-2
5.975000E-8	3.090678E-2
5.980000E-8	3.095474E-2
5.985000E-8	3.098043E-2
5.990000E-8	3.101298E-2
5.995000E-8	3.103867E-2
6.000000E-8	3.103525E-2
6.005000E-8	3.100784E-2
6.010000E-8	3.099414E-2
6.015000E-8	3.100442E-2
6.020000E-8	3.102497E-2
6.025000E-8	3.107979E-2
6.030000E-8	3.116886E-2
6.035000E-8	3.124594E-2
6.040000E-8	3.127164E-2
6.045000E-8	3.129219E-2
6.050000E-8	3.129048E-2
6.055000E-8	3.124423E-2
6.060000E-8	3.117400E-2
6.065000E-8	3.110377E-2
6.070000E-8	3.100270E-2
6.075000E-8	3.087081E-2
6.080000E-8	3.075775E-2
6.085000E-8	3.068238E-2
6.090000E-8	3.063613E-2
6.095000E-8	3.063442E-2
6.100000E-8	3.068067E-2
6.105000E-8	3.074747E-2
6.110000E-8	3.081942E-2
6.115000E-8	3.090678E-2
6.120000E-8	3.096502E-2
6.125000E-8	3.098043E-2
6.130000E-8	3.098900E-2
6.135000E-8	3.102840E-2
6.140000E-8	3.106266E-2
6.145000E-8	3.109349E-2
6.150000E-8	3.112604E-2
6.155000E-8	3.115858E-2
6.160000E-8	3.117742E-2
6.165000E-8	3.119798E-2
6.170000E-8	3.120312E-2
6.175000E-8	3.116372E-2
6.180000E-8	3.105580E-2
6.185000E-8	3.088622E-2
6.190000E-8	3.070808E-2
6.195000E-8	3.054535E-2
6.200000E-8	3.040146E-2
6.205000E-8	3.027641E-2
6.210000E-8	3.021475E-2
6.215000E-8	3.020447E-2
6.220000E-8	3.020618E-2
6.225000E-8	3.022331E-2
6.230000E-8	3.026956E-2
6.235000E-8	3.033294E-2
6.240000E-8	3.040317E-2
6.245000E-8	3.051794E-2
6.250000E-8	3.065669E-2
6.255000E-8	3.076118E-2
6.260000E-8	3.080743E-2
6.265000E-8	3.079886E-2
6.270000E-8	3.072692E-2
6.275000E-8	3.059159E-2
6.280000E-8	3.042030E-2
6.285000E-8	3.023530E-2
6.290000E-8	3.006743E-2
6.295000E-8	2.993725E-2
6.300000E-8	2.980535E-2
6.305000E-8	2.968887E-2
6.310000E-8	2.962549E-2
6.315000E-8	2.963748E-2
6.320000E-8	2.968373E-2
6.325000E-8	2.974711E-2
6.330000E-8	2.980878E-2
6.335000E-8	2.988415E-2
6.340000E-8	2.998692E-2
6.345000E-8	3.008285E-2
6.350000E-8	3.014965E-2
6.355000E-8	3.019762E-2
6.360000E-8	3.024729E-2
6.365000E-8	3.029525E-2
6.370000E-8	3.034493E-2
6.375000E-8	3.038947E-2
6.380000E-8	3.041002E-2
6.385000E-8	3.041687E-2
6.390000E-8	3.042030E-2
6.395000E-8	3.041174E-2
6.400000E-8	3.039289E-2
6.405000E-8	3.040660E-2
6.410000E-8	3.043400E-2
6.415000E-8	3.044771E-2
6.420000E-8	3.044942E-2
6.425000E-8	3.043400E-2
6.430000E-8	3.039803E-2
6.435000E-8	3.036891E-2
6.440000E-8	3.034150E-2
6.445000E-8	3.029697E-2
6.450000E-8	3.024558E-2
6.455000E-8	3.022674E-2
6.460000E-8	3.020789E-2
6.465000E-8	3.015308E-2
6.470000E-8	3.009141E-2
6.475000E-8	3.005030E-2
6.480000E-8	3.000577E-2
6.485000E-8	2.995780E-2
6.490000E-8	2.997836E-2
6.495000E-8	3.004688E-2
6.500000E-8	3.011368E-2
6.505000E-8	3.017877E-2
6.510000E-8	3.026100E-2
6.515000E-8	3.032095E-2
6.520000E-8	3.034493E-2
6.525000E-8	3.033465E-2
6.530000E-8	3.029183E-2
6.535000E-8	3.021475E-2
6.540000E-8	3.011882E-2
6.545000E-8	3.003660E-2
6.550000E-8	2.998350E-2
6.555000E-8	2.994581E-2
6.560000E-8	2.988586E-2
6.565000E-8	2.981734E-2
6.570000E-8	2.978822E-2
6.575000E-8	2.978822E-2
6.580000E-8	2.978480E-2
6.585000E-8	2.979165E-2
6.590000E-8	2.980364E-2
6.595000E-8	2.979336E-2
6.600000E-8	2.976081E-2
6.605000E-8	2.974540E-2
6.610000E-8	2.973855E-2
6.615000E-8	2.972656E-2
6.620000E-8	2.972998E-2
6.625000E-8	2.974368E-2
6.630000E-8	2.974711E-2
6.635000E-8	2.974368E-2
6.640000E-8	2.974368E-2
6.645000E-8	2.972827E-2
6.650000E-8	2.971628E-2
6.655000E-8	2.972313E-2
6.660000E-8	2.972142E-2
6.665000E-8	2.972484E-2
6.670000E-8	2.975396E-2
6.675000E-8	2.977794E-2
6.680000E-8	2.975225E-2
6.685000E-8	2.972484E-2
6.690000E-8	2.969915E-2
6.695000E-8	2.964947E-2
6.700000E-8	2.959980E-2
6.705000E-8	2.957068E-2
6.710000E-8	2.955526E-2
6.715000E-8	2.952957E-2
6.720000E-8	2.950901E-2
6.725000E-8	2.949873E-2
6.730000E-8	2.949017E-2
6.735000E-8	2.949531E-2
6.740000E-8	2.950216E-2
6.745000E-8	2.951244E-2
6.750000E-8	2.956040E-2
6.755000E-8	2.964091E-2
6.760000E-8	2.971456E-2
6.765000E-8	2.974026E-2
6.770000E-8	2.975568E-2
6.775000E-8	2.980021E-2
6.780000E-8	2.984817E-2
6.785000E-8	2.985845E-2
6.790000E-8	2.982933E-2
6.795000E-8	2.980021E-2
6.800000E-8	2.976595E-2
6.805000E-8	2.970943E-2
6.810000E-8	2.962035E-2
6.815000E-8	2.951929E-2
6.820000E-8	2.941309E-2
6.825000E-8	2.930346E-2
6.830000E-8	2.922466E-2
6.835000E-8	2.915100E-2
6.840000E-8	2.907735E-2
6.845000E-8	2.904138E-2
6.850000E-8	2.906878E-2
6.855000E-8	2.913559E-2
6.860000E-8	2.920411E-2
6.865000E-8	2.927434E-2
6.870000E-8	2.937197E-2
6.875000E-8	2.948332E-2
6.880000E-8	2.956382E-2
6.885000E-8	2.959466E-2
6.890000E-8	2.959637E-2
6.895000E-8	2.957410E-2
6.900000E-8	2.950387E-2
6.905000E-8	2.940623E-2
6.910000E-8	2.931373E-2
6.915000E-8	2.921952E-2
6.920000E-8	2.909790E-2
6.925000E-8	2.896087E-2
6.930000E-8	2.884096E-2
6.935000E-8	2.876730E-2
6.940000E-8	2.874503E-2
6.945000E-8	2.875531E-2
6.950000E-8	2.877758E-2
6.955000E-8	2.881355E-2
6.960000E-8	2.885124E-2
6.965000E-8	2.885980E-2
6.970000E-8	2.884267E-2
6.975000E-8	2.884610E-2
6.980000E-8	2.884267E-2
6.985000E-8	2.881355E-2
6.990000E-8	2.878443E-2
6.995000E-8	2.875360E-2
7.000000E-8	2.870221E-2
7.005000E-8	2.864054E-2
7.010000E-8	2.859087E-2
7.015000E-8	2.853948E-2
7.020000E-8	2.853434E-2
7.025000E-8	2.862342E-2
7.030000E-8	2.876902E-2
7.035000E-8	2.891462E-2
7.040000E-8	2.906536E-2
7.045000E-8	2.921096E-2
7.050000E-8	2.931887E-2
7.055000E-8	2.940795E-2
7.060000E-8	2.950558E-2
7.065000E-8	2.958095E-2
7.070000E-8	2.962207E-2
7.075000E-8	2.962035E-2
7.080000E-8	2.957410E-2
7.085000E-8	2.948332E-2
7.090000E-8	2.937711E-2
7.095000E-8	2.925036E-2
7.100000E-8	2.909619E-2
7.105000E-8	2.893860E-2
7.110000E-8	2.882726E-2
7.115000E-8	2.875360E-2
7.120000E-8	2.869365E-2
7.125000E-8	2.862855E-2
7.130000E-8	2.856860E-2
7.135000E-8	2.851207E-2
7.140000E-8	2.846240E-2
7.145000E-8	2.840587E-2
7.150000E-8	2.834249E-2
7.155000E-8	2.828254E-2
7.160000E-8	2.821231E-2
7.165000E-8	2.814036E-2
7.170000E-8	2.811638E-2
7.175000E-8	2.814208E-2
7.180000E-8	2.821059E-2
7.185000E-8	2.830481E-2
7.190000E-8	2.841101E-2
7.195000E-8	2.849494E-2
7.200000E-8	2.854805E-2
7.205000E-8	2.857545E-2
7.210000E-8	2.858230E-2
7.215000E-8	2.855490E-2
7.220000E-8	2.850351E-2
7.225000E-8	2.843156E-2
7.230000E-8	2.835962E-2
7.235000E-8	2.832022E-2
7.240000E-8	2.830481E-2
7.245000E-8	2.829795E-2
7.250000E-8	2.832194E-2
7.255000E-8	2.838018E-2
7.260000E-8	2.845555E-2
7.265000E-8	2.854119E-2
7.270000E-8	2.865767E-2
7.275000E-8	2.876045E-2
7.280000E-8	2.881013E-2
7.285000E-8	2.882554E-2
7.290000E-8	2.880841E-2
7.295000E-8	2.872277E-2
7.300000E-8	2.858573E-2
7.305000E-8	2.845555E-2
7.310000E-8	2.834420E-2
7.315000E-8	2.825171E-2
7.320000E-8	2.820032E-2
7.325000E-8	2.817805E-2
7.330000E-8	2.817120E-2
7.335000E-8	2.820888E-2
7.340000E-8	2.828254E-2
7.345000E-8	2.836305E-2
7.350000E-8	2.846069E-2
7.355000E-8	2.859087E-2
7.360000E-8	2.867138E-2
7.365000E-8	2.866624E-2
7.370000E-8	2.863541E-2
7.375000E-8	2.860629E-2
7.380000E-8	2.854119E-2
7.385000E-8	2.844698E-2
7.390000E-8	2.838189E-2
7.395000E-8	2.836647E-2
7.400000E-8	2.839217E-2
7.405000E-8	2.845897E-2
7.410000E-8	2.854291E-2
7.415000E-8	2.864568E-2
7.420000E-8	2.876388E-2
7.425000E-8	2.886837E-2
7.430000E-8	2.892832E-2
7.435000E-8	2.895744E-2
7.440000E-8	2.895573E-2
7.445000E-8	2.891290E-2
7.450000E-8	2.884439E-2
7.455000E-8	2.877758E-2
7.460000E-8	2.869879E-2
7.465000E-8	2.859601E-2
7.470000E-8	2.847781E-2
7.475000E-8	2.837846E-2
7.480000E-8	2.831680E-2
7.485000E-8	2.828939E-2
7.490000E-8	2.829110E-2
7.495000E-8	2.831680E-2
7.500000E-8	2.836990E-2
7.505000E-8	2.844184E-2
7.510000E-8	2.849323E-2
7.515000E-8	2.849666E-2
7.520000E-8	2.847096E-2
7.525000E-8	2.845555E-2
7.530000E-8	2.839731E-2
7.535000E-8	2.825513E-2
7.540000E-8	2.808897E-2
7.545000E-8	2.797078E-2
7.550000E-8	2.788513E-2
7.555000E-8	2.780634E-2
7.560000E-8	2.776523E-2
7.565000E-8	2.777379E-2
7.570000E-8	2.779777E-2
7.575000E-8	2.783888E-2
7.580000E-8	2.790569E-2
7.585000E-8	2.797078E-2
7.590000E-8	2.803416E-2
7.595000E-8	2.809583E-2
7.600000E-8	2.814379E-2
7.605000E-8	2.816434E-2
7.610000E-8	2.815235E-2
7.615000E-8	2.811638E-2
7.620000E-8	2.805643E-2
7.625000E-8	2.799648E-2
7.630000E-8	2.796222E-2
7.635000E-8	2.796050E-2
7.640000E-8	2.800847E-2
7.645000E-8	2.811638E-2
7.650000E-8	2.824314E-2
7.655000E-8	2.834420E-2
7.660000E-8	2.842643E-2
7.665000E-8	2.847610E-2
7.670000E-8	2.846240E-2
7.675000E-8	2.838018E-2
7.680000E-8	2.827911E-2
7.685000E-8	2.818147E-2
7.690000E-8	2.807527E-2
7.695000E-8	2.795536E-2
7.700000E-8	2.785430E-2
7.705000E-8	2.780634E-2
7.710000E-8	2.780805E-2
7.715000E-8	2.784574E-2
7.720000E-8	2.790740E-2
7.725000E-8	2.800333E-2
7.730000E-8	2.809240E-2
7.735000E-8	2.814893E-2
7.740000E-8	2.819518E-2
7.745000E-8	2.822772E-2
7.750000E-8	2.818833E-2
7.755000E-8	2.811296E-2
7.760000E-8	2.806499E-2
7.765000E-8	2.801361E-2
7.770000E-8	2.792796E-2
7.775000E-8	2.783888E-2
7.780000E-8	2.777208E-2
7.785000E-8	2.771213E-2
7.790000E-8	2.768301E-2
7.795000E-8	2.769157E-2
7.800000E-8	2.770356E-2
7.805000E-8	2.769842E-2
7.810000E-8	2.771384E-2
7.815000E-8	2.772240E-2
7.820000E-8	2.770014E-2
7.825000E-8	2.768472E-2
7.830000E-8	2.769500E-2
7.835000E-8	2.768301E-2
7.840000E-8	2.764018E-2
7.845000E-8	2.758194E-2
7.850000E-8	2.750486E-2
7.855000E-8	2.743634E-2
7.860000E-8	2.740722E-2
7.865000E-8	2.739180E-2
7.870000E-8	2.739352E-2
7.875000E-8	2.743120E-2
7.880000E-8	2.748430E-2
7.885000E-8	2.753227E-2
7.890000E-8	2.758023E-2
7.895000E-8	2.761620E-2
7.900000E-8	2.761791E-2
7.905000E-8	2.760592E-2
7.910000E-8	2.759393E-2
7.915000E-8	2.756139E-2
7.920000E-8	2.749287E-2
7.925000E-8	2.742435E-2
7.930000E-8	2.739352E-2
7.935000E-8	2.739866E-2
7.940000E-8	2.743634E-2
7.945000E-8	2.752199E-2
7.950000E-8	2.762990E-2
7.955000E-8	2.774810E-2
7.960000E-8	2.787143E-2
7.965000E-8	2.799476E-2
7.970000E-8	2.807698E-2
7.975000E-8	2.813522E-2
7.980000E-8	2.816606E-2
7.985000E-8	2.816263E-2
7.990000E-8	2.811296E-2
7.995000E-8	2.807698E-2
8.000000E-8	2.804958E-2
8.005000E-8	2.801018E-2
8.010000E-8	2.795365E-2
8.015000E-8	2.788856E-2
8.020000E-8	2.781148E-2
8.025000E-8	2.773097E-2
8.030000E-8	2.767958E-2
8.035000E-8	2.764018E-2
8.040000E-8	2.761106E-2
8.045000E-8	2.760764E-2
8.050000E-8	2.762477E-2
8.055000E-8	2.764532E-2
8.060000E-8	2.766588E-2
8.065000E-8	2.769157E-2
8.070000E-8	2.771213E-2
8.075000E-8	2.771555E-2
8.080000E-8	2.772754E-2
8.085000E-8	2.776351E-2
8.090000E-8	2.782518E-2
8.095000E-8	2.789370E-2
8.100000E-8	2.796736E-2
8.105000E-8	2.803073E-2
8.110000E-8	2.807356E-2
8.115000E-8	2.809411E-2
8.120000E-8	2.808897E-2
8.125000E-8	2.805643E-2
8.130000E-8	2.799648E-2
8.135000E-8	2.793652E-2
8.140000E-8	2.790398E-2
8.145000E-8	2.786287E-2
8.150000E-8	2.781833E-2
8.155000E-8	2.776865E-2
8.160000E-8	2.773782E-2
8.165000E-8	2.771555E-2
8.170000E-8	2.769328E-2
8.175000E-8	2.767958E-2
8.180000E-8	2.766930E-2
8.185000E-8	2.765217E-2
8.190000E-8	2.763162E-2
8.195000E-8	2.760764E-2
8.200000E-8	2.757338E-2
8.205000E-8	2.752884E-2
8.210000E-8	2.747231E-2
8.215000E-8	2.742092E-2
8.220000E-8	2.736440E-2
8.225000E-8	2.729074E-2
8.230000E-8	2.719824E-2
8.235000E-8	2.709033E-2
8.240000E-8	2.694644E-2
8.245000E-8	2.681454E-2
8.250000E-8	2.672033E-2
8.255000E-8	2.666723E-2
8.260000E-8	2.663468E-2
8.265000E-8	2.661412E-2
8.270000E-8	2.660899E-2
8.275000E-8	2.665010E-2
8.280000E-8	2.672375E-2
8.285000E-8	2.678885E-2
8.290000E-8	2.685051E-2
8.295000E-8	2.693445E-2
8.300000E-8	2.701153E-2
8.305000E-8	2.703551E-2
8.310000E-8	2.702523E-2
8.315000E-8	2.699611E-2
8.320000E-8	2.693273E-2
8.325000E-8	2.685736E-2
8.330000E-8	2.678885E-2
8.335000E-8	2.671861E-2
8.340000E-8	2.664838E-2
8.345000E-8	2.659871E-2
8.350000E-8	2.657130E-2
8.355000E-8	2.657644E-2
8.360000E-8	2.662612E-2
8.365000E-8	2.667579E-2
8.370000E-8	2.673403E-2
8.375000E-8	2.683167E-2
8.380000E-8	2.694815E-2
8.385000E-8	2.704236E-2
8.390000E-8	2.711431E-2
8.395000E-8	2.717426E-2
8.400000E-8	2.719310E-2
8.405000E-8	2.718111E-2
8.410000E-8	2.719139E-2
8.415000E-8	2.723421E-2
8.420000E-8	2.727361E-2
8.425000E-8	2.731986E-2
8.430000E-8	2.737639E-2
8.435000E-8	2.743805E-2
8.440000E-8	2.750143E-2
8.445000E-8	2.756995E-2
8.450000E-8	2.764703E-2
8.455000E-8	2.771726E-2
8.460000E-8	2.776009E-2
8.465000E-8	2.777722E-2
8.470000E-8	2.776351E-2
8.475000E-8	2.770699E-2
8.480000E-8	2.761449E-2
8.485000E-8	2.752541E-2
8.490000E-8	2.743977E-2
8.495000E-8	2.732329E-2
8.500000E-8	2.721366E-2
8.505000E-8	2.714000E-2
8.510000E-8	2.710745E-2
8.515000E-8	2.709033E-2
8.520000E-8	2.708861E-2
8.525000E-8	2.709546E-2
8.530000E-8	2.710917E-2
8.535000E-8	2.712972E-2
8.540000E-8	2.714000E-2
8.545000E-8	2.713315E-2
8.550000E-8	2.710917E-2
8.555000E-8	2.706977E-2
8.560000E-8	2.699783E-2
8.565000E-8	2.688991E-2
8.570000E-8	2.677343E-2
8.575000E-8	2.667750E-2
8.580000E-8	2.660385E-2
8.585000E-8	2.653190E-2
8.590000E-8	2.645825E-2
8.595000E-8	2.640515E-2
8.600000E-8	2.640686E-2
8.605000E-8	2.643598E-2
8.610000E-8	2.644626E-2
8.615000E-8	2.645996E-2
8.620000E-8	2.650792E-2
8.625000E-8	2.654218E-2
8.630000E-8	2.650792E-2
8.635000E-8	2.644626E-2
8.640000E-8	2.639487E-2
8.645000E-8	2.632635E-2
8.650000E-8	2.623214E-2
8.655000E-8	2.616704E-2
8.660000E-8	2.616191E-2
8.665000E-8	2.620644E-2
8.670000E-8	2.629380E-2
8.675000E-8	2.642227E-2
8.680000E-8	2.656616E-2
8.685000E-8	2.671519E-2
8.690000E-8	2.686250E-2
8.695000E-8	2.698584E-2
8.700000E-8	2.706463E-2
8.705000E-8	2.712287E-2
8.710000E-8	2.716569E-2
8.715000E-8	2.719139E-2
8.720000E-8	2.718968E-2
8.725000E-8	2.715370E-2
8.730000E-8	2.709033E-2
8.735000E-8	2.702009E-2
8.740000E-8	2.696871E-2
8.745000E-8	2.694986E-2
8.750000E-8	2.696185E-2
8.755000E-8	2.698755E-2
8.760000E-8	2.702523E-2
8.765000E-8	2.706120E-2
8.770000E-8	2.708690E-2
8.775000E-8	2.707662E-2
8.780000E-8	2.703380E-2
8.785000E-8	2.696699E-2
8.790000E-8	2.687963E-2
8.795000E-8	2.679227E-2
8.800000E-8	2.669121E-2
8.805000E-8	2.657301E-2
8.810000E-8	2.645653E-2
8.815000E-8	2.639487E-2
8.820000E-8	2.637602E-2
8.825000E-8	2.637260E-2
8.830000E-8	2.635718E-2
8.835000E-8	2.635033E-2
8.840000E-8	2.637431E-2
8.845000E-8	2.643940E-2
8.850000E-8	2.653362E-2
8.855000E-8	2.662269E-2
8.860000E-8	2.668778E-2
8.865000E-8	2.672718E-2
8.870000E-8	2.675459E-2
8.875000E-8	2.677172E-2
8.880000E-8	2.677343E-2
8.885000E-8	2.678028E-2
8.890000E-8	2.677857E-2
8.895000E-8	2.675973E-2
8.900000E-8	2.675287E-2
8.905000E-8	2.676829E-2
8.910000E-8	2.677857E-2
8.915000E-8	2.677514E-2
8.920000E-8	2.678199E-2
8.925000E-8	2.681797E-2
8.930000E-8	2.687449E-2
8.935000E-8	2.691732E-2
8.940000E-8	2.692588E-2
8.945000E-8	2.691560E-2
8.950000E-8	2.689505E-2
8.955000E-8	2.686593E-2
8.960000E-8	2.684195E-2
8.965000E-8	2.684023E-2
8.970000E-8	2.684709E-2
8.975000E-8	2.683510E-2
8.980000E-8	2.680426E-2
8.985000E-8	2.677000E-2
8.990000E-8	2.673746E-2
8.995000E-8	2.672375E-2
9.000000E-8	2.670662E-2
9.005000E-8	2.671861E-2
9.010000E-8	2.675801E-2
9.015000E-8	2.679056E-2
9.020000E-8	2.679398E-2
9.025000E-8	2.679398E-2
9.030000E-8	2.679398E-2
9.035000E-8	2.676486E-2
9.040000E-8	2.672547E-2
9.045000E-8	2.670662E-2
9.050000E-8	2.670491E-2
9.055000E-8	2.669977E-2
9.060000E-8	2.667237E-2
9.065000E-8	2.662612E-2
9.070000E-8	2.657130E-2
9.075000E-8	2.652163E-2
9.080000E-8	2.646852E-2
9.085000E-8	2.640343E-2
9.090000E-8	2.631950E-2
9.095000E-8	2.621672E-2
9.100000E-8	2.608482E-2
9.105000E-8	2.594950E-2
9.110000E-8	2.581246E-2
9.115000E-8	2.566515E-2
9.120000E-8	2.553154E-2
9.125000E-8	2.546474E-2
9.130000E-8	2.544075E-2
9.135000E-8	2.543219E-2
9.140000E-8	2.545274E-2
9.145000E-8	2.552298E-2
9.150000E-8	2.562404E-2
9.155000E-8	2.574909E-2
9.160000E-8	2.592552E-2
9.165000E-8	2.608654E-2
9.170000E-8	2.618417E-2
9.175000E-8	2.623728E-2
9.180000E-8	2.626811E-2
9.185000E-8	2.626297E-2
9.190000E-8	2.624413E-2
9.195000E-8	2.622700E-2
9.200000E-8	2.620987E-2
9.205000E-8	2.619103E-2
9.210000E-8	2.619445E-2
9.215000E-8	2.619959E-2
9.220000E-8	2.618417E-2
9.225000E-8	2.618246E-2
9.230000E-8	2.620644E-2
9.235000E-8	2.620130E-2
9.240000E-8	2.615505E-2
9.245000E-8	2.609168E-2
9.250000E-8	2.603001E-2
9.255000E-8	2.597519E-2
9.260000E-8	2.592209E-2
9.265000E-8	2.586214E-2
9.270000E-8	2.582274E-2
9.275000E-8	2.582103E-2
9.280000E-8	2.581932E-2
9.285000E-8	2.580561E-2
9.290000E-8	2.584158E-2
9.295000E-8	2.590668E-2
9.300000E-8	2.593066E-2
9.305000E-8	2.591695E-2
9.310000E-8	2.591353E-2
9.315000E-8	2.590668E-2
9.320000E-8	2.587584E-2
9.325000E-8	2.585015E-2
9.330000E-8	2.584501E-2
9.335000E-8	2.582959E-2
9.340000E-8	2.581246E-2
9.345000E-8	2.582959E-2
9.350000E-8	2.588441E-2
9.355000E-8	2.593408E-2
9.360000E-8	2.597691E-2
9.365000E-8	2.603857E-2
9.370000E-8	2.612080E-2
9.375000E-8	2.620987E-2
9.380000E-8	2.629894E-2
9.385000E-8	2.639315E-2
9.390000E-8	2.647538E-2
9.395000E-8	2.651820E-2
9.400000E-8	2.653362E-2
9.405000E-8	2.653019E-2
9.410000E-8	2.651649E-2
9.415000E-8	2.647024E-2
9.420000E-8	2.640857E-2
9.425000E-8	2.637089E-2
9.430000E-8	2.634862E-2
9.435000E-8	2.633663E-2
9.440000E-8	2.637089E-2
9.445000E-8	2.644283E-2
9.450000E-8	2.649251E-2
9.455000E-8	2.649079E-2
9.460000E-8	2.645482E-2
9.465000E-8	2.638630E-2
9.470000E-8	2.628010E-2
9.475000E-8	2.613792E-2
9.480000E-8	2.597691E-2
9.485000E-8	2.582445E-2
9.490000E-8	2.570112E-2
9.495000E-8	2.560520E-2
9.500000E-8	2.554011E-2
9.505000E-8	2.550071E-2
9.510000E-8	2.548529E-2
9.515000E-8	2.549214E-2
9.520000E-8	2.553325E-2
9.525000E-8	2.556066E-2
9.530000E-8	2.554353E-2
9.535000E-8	2.548186E-2
9.540000E-8	2.539279E-2
9.545000E-8	2.525918E-2
9.550000E-8	2.509303E-2
9.555000E-8	2.495599E-2
9.560000E-8	2.486692E-2
9.565000E-8	2.481724E-2
9.570000E-8	2.481553E-2
9.575000E-8	2.484465E-2
9.580000E-8	2.490460E-2
9.585000E-8	2.499539E-2
9.590000E-8	2.511529E-2
9.595000E-8	2.524034E-2
9.600000E-8	2.535168E-2
9.605000E-8	2.543048E-2
9.610000E-8	2.544247E-2
9.615000E-8	2.541163E-2
9.620000E-8	2.536367E-2
9.625000E-8	2.528830E-2
9.630000E-8	2.520094E-2
9.635000E-8	2.514270E-2
9.640000E-8	2.511187E-2
9.645000E-8	2.511015E-2
9.650000E-8	2.516497E-2
9.655000E-8	2.526089E-2
9.660000E-8	2.533969E-2
9.665000E-8	2.540307E-2
9.670000E-8	2.546987E-2
9.675000E-8	2.551270E-2
9.680000E-8	2.549557E-2
9.685000E-8	2.545103E-2
9.690000E-8	2.538423E-2
9.695000E-8	2.528488E-2
9.700000E-8	2.518724E-2
9.705000E-8	2.513927E-2
9.710000E-8	2.512728E-2
9.715000E-8	2.512557E-2
9.720000E-8	2.513756E-2
9.725000E-8	2.517182E-2
9.730000E-8	2.523349E-2
9.735000E-8	2.531742E-2
9.740000E-8	2.542191E-2
9.745000E-8	2.550585E-2
9.750000E-8	2.554524E-2
9.755000E-8	2.553839E-2
9.760000E-8	2.551955E-2
9.765000E-8	2.548872E-2
9.770000E-8	2.544075E-2
9.775000E-8	2.538423E-2
9.780000E-8	2.535511E-2
9.785000E-8	2.534997E-2
9.790000E-8	2.533969E-2
9.795000E-8	2.533626E-2
9.800000E-8	2.540992E-2
9.805000E-8	2.556066E-2
9.810000E-8	2.571825E-2
9.815000E-8	2.584158E-2
9.820000E-8	2.594950E-2
9.825000E-8	2.603001E-2
9.830000E-8	2.602830E-2
9.835000E-8	2.593580E-2
9.840000E-8	2.579362E-2
9.845000E-8	2.562233E-2
9.850000E-8	2.541506E-2
9.855000E-8	2.520779E-2
9.860000E-8	2.502622E-2
9.865000E-8	2.485835E-2
9.870000E-8	2.472645E-2
9.875000E-8	2.465451E-2
9.880000E-8	2.464081E-2
9.885000E-8	2.466993E-2
9.890000E-8	2.473502E-2
9.895000E-8	2.480011E-2
9.900000E-8	2.486520E-2
9.905000E-8	2.491659E-2
9.910000E-8	2.493372E-2
9.915000E-8	2.492516E-2
9.920000E-8	2.488918E-2
9.925000E-8	2.483094E-2
9.930000E-8	2.477784E-2
9.935000E-8	2.478127E-2
9.940000E-8	2.482409E-2
9.945000E-8	2.489432E-2
9.950000E-8	2.499196E-2
9.955000E-8	2.509474E-2
9.960000E-8	2.517525E-2
9.965000E-8	2.524890E-2
9.970000E-8	2.531742E-2
9.975000E-8	2.532599E-2
9.980000E-8	2.530201E-2
9.985000E-8	2.528488E-2
9.990000E-8	2.523177E-2
9.995000E-8	2.512043E-2
1.000000E-7	2.501423E-2
1.000500E-7	2.492344E-2
1.001000E-7	2.482067E-2
1.001500E-7	2.470932E-2
1.002000E-7	2.461511E-2
1.002500E-7	2.453974E-2
1.003000E-7	2.449007E-2
1.003500E-7	2.448664E-2
1.004000E-7	2.450891E-2
1.004500E-7	2.453632E-2
1.005000E-7	2.457058E-2
1.005500E-7	2.462025E-2
1.006000E-7	2.464937E-2
1.006500E-7	2.465451E-2
1.007000E-7	2.466479E-2
1.007500E-7	2.468534E-2
1.008000E-7	2.470419E-2
1.008500E-7	2.472817E-2
1.009000E-7	2.477099E-2
1.009500E-7	2.479155E-2
1.010000E-7	2.475215E-2
1.010500E-7	2.468534E-2
1.011000E-7	2.464766E-2
1.011500E-7	2.462368E-2
1.012000E-7	2.458428E-2
1.012500E-7	2.455173E-2
1.013000E-7	2.453974E-2
1.013500E-7	2.455002E-2
1.014000E-7	2.457914E-2
1.014500E-7	2.463567E-2
1.015000E-7	2.474016E-2
1.015500E-7	2.485150E-2
1.016000E-7	2.494914E-2
1.016500E-7	2.502279E-2
1.017000E-7	2.507761E-2
1.017500E-7	2.510673E-2
1.018000E-7	2.508789E-2
1.018500E-7	2.503992E-2
1.019000E-7	2.498682E-2
1.019500E-7	2.495256E-2
1.020000E-7	2.493030E-2
1.020500E-7	2.492344E-2
1.021000E-7	2.493372E-2
1.021500E-7	2.493715E-2
1.022000E-7	2.491659E-2
1.022500E-7	2.490117E-2
1.023000E-7	2.490631E-2
1.023500E-7	2.491145E-2
1.024000E-7	2.489090E-2
1.024500E-7	2.485493E-2
1.025000E-7	2.483951E-2
1.025500E-7	2.483780E-2
1.026000E-7	2.482067E-2
1.026500E-7	2.479326E-2
1.027000E-7	2.477442E-2
1.027500E-7	2.476585E-2
1.028000E-7	2.474872E-2
1.028500E-7	2.472132E-2
1.029000E-7	2.469905E-2
1.029500E-7	2.467678E-2
1.030000E-7	2.463567E-2
1.030500E-7	2.456201E-2
1.031000E-7	2.448493E-2
1.031500E-7	2.443697E-2
1.032000E-7	2.440785E-2
1.032500E-7	2.436673E-2
1.033000E-7	2.432562E-2
1.033500E-7	2.433419E-2
1.034000E-7	2.438900E-2
1.034500E-7	2.444382E-2
1.035000E-7	2.450377E-2
1.035500E-7	2.458771E-2
1.036000E-7	2.468706E-2
1.036500E-7	2.477956E-2
1.037000E-7	2.485150E-2
1.037500E-7	2.488233E-2
1.038000E-7	2.485321E-2
1.038500E-7	2.477784E-2
1.039000E-7	2.468706E-2
1.039500E-7	2.459798E-2
1.040000E-7	2.451747E-2
1.040500E-7	2.446437E-2
1.041000E-7	2.447122E-2
1.041500E-7	2.453974E-2
1.042000E-7	2.463738E-2
1.042500E-7	2.471446E-2
1.043000E-7	2.475729E-2
1.043500E-7	2.476071E-2
1.044000E-7	2.473844E-2
1.044500E-7	2.470419E-2
1.045000E-7	2.464766E-2
1.045500E-7	2.457400E-2
1.046000E-7	2.451234E-2
1.046500E-7	2.447808E-2
1.047000E-7	2.445409E-2
1.047500E-7	2.444382E-2
1.048000E-7	2.444039E-2
1.048500E-7	2.443525E-2
1.049000E-7	2.441127E-2
1.049500E-7	2.438558E-2
1.050000E-7	2.436673E-2
1.050500E-7	2.434618E-2
1.051000E-7	2.431363E-2
1.051500E-7	2.425882E-2
1.052000E-7	2.419373E-2
1.052500E-7	2.415262E-2
1.053000E-7	2.414576E-2
1.053500E-7	2.417146E-2
1.054000E-7	2.419887E-2
1.054500E-7	2.424511E-2
1.055000E-7	2.433761E-2
1.055500E-7	2.441812E-2
1.056000E-7	2.444553E-2
1.056500E-7	2.446951E-2
1.057000E-7	2.451405E-2
1.057500E-7	2.449521E-2
1.058000E-7	2.438386E-2
1.058500E-7	2.424854E-2
1.059000E-7	2.413035E-2
1.059500E-7	2.400701E-2
1.060000E-7	2.390252E-2
1.060500E-7	2.383743E-2
1.061000E-7	2.380489E-2
1.061500E-7	2.381688E-2
1.062000E-7	2.390081E-2
1.062500E-7	2.402414E-2
1.063000E-7	2.415775E-2
1.063500E-7	2.428109E-2
1.064000E-7	2.436331E-2
1.064500E-7	2.439243E-2
1.065000E-7	2.441298E-2
1.065500E-7	2.442497E-2
1.066000E-7	2.442669E-2
1.066500E-7	2.444724E-2
1.067000E-7	2.447122E-2
1.067500E-7	2.446951E-2
1.068000E-7	2.448150E-2
1.068500E-7	2.452946E-2
1.069000E-7	2.456715E-2
1.069500E-7	2.456544E-2
1.070000E-7	2.456372E-2
1.070500E-7	2.454831E-2
1.071000E-7	2.447808E-2
1.071500E-7	2.439414E-2
1.072000E-7	2.433933E-2
1.072500E-7	2.429822E-2
1.073000E-7	2.427424E-2
1.073500E-7	2.429479E-2
1.074000E-7	2.435817E-2
1.074500E-7	2.443183E-2
1.075000E-7	2.451405E-2
1.075500E-7	2.460655E-2
1.076000E-7	2.468363E-2
1.076500E-7	2.472988E-2
1.077000E-7	2.475386E-2
1.077500E-7	2.474358E-2
1.078000E-7	2.469219E-2
1.078500E-7	2.460655E-2
1.079000E-7	2.447979E-2
1.079500E-7	2.431535E-2
1.080000E-7	2.414576E-2
1.080500E-7	2.401558E-2
1.081000E-7	2.392822E-2
1.081500E-7	2.387512E-2
1.082000E-7	2.385970E-2
1.082500E-7	2.388197E-2
1.083000E-7	2.391794E-2
1.083500E-7	2.394877E-2
1.084000E-7	2.396762E-2
1.084500E-7	2.401387E-2
1.085000E-7	2.411493E-2
1.085500E-7	2.421942E-2
1.086000E-7	2.428623E-2
1.086500E-7	2.434275E-2
1.087000E-7	2.438386E-2
1.087500E-7	2.437016E-2
1.088000E-7	2.429479E-2
1.088500E-7	2.418174E-2
1.089000E-7	2.403785E-2
1.089500E-7	2.387683E-2
1.090000E-7	2.374836E-2
1.090500E-7	2.367984E-2
1.091000E-7	2.367642E-2
1.091500E-7	2.374493E-2
1.092000E-7	2.389225E-2
1.092500E-7	2.408067E-2
1.093000E-7	2.427595E-2
1.093500E-7	2.445067E-2
1.094000E-7	2.458428E-2
1.094500E-7	2.467849E-2
1.095000E-7	2.472645E-2
1.095500E-7	2.472303E-2
1.096000E-7	2.467507E-2
1.096500E-7	2.459798E-2
1.097000E-7	2.450034E-2
1.097500E-7	2.438558E-2
1.098000E-7	2.426224E-2
1.098500E-7	2.415090E-2
1.099000E-7	2.406697E-2
1.099500E-7	2.398817E-2
1.100000E-7	2.391794E-2
1.100500E-7	2.386313E-2
1.101000E-7	2.381859E-2
1.101500E-7	2.377063E-2
1.102000E-7	2.371239E-2
1.102500E-7	2.364044E-2
1.103000E-7	2.357193E-2
1.103500E-7	2.351026E-2
1.104000E-7	2.345202E-2
1.104500E-7	2.338179E-2
1.105000E-7	2.332012E-2
1.105500E-7	2.331841E-2
1.106000E-7	2.338864E-2
1.106500E-7	2.349827E-2
1.107000E-7	2.359419E-2
1.107500E-7	2.369355E-2
1.108000E-7	2.381345E-2
1.108500E-7	2.393507E-2
1.109000E-7	2.403785E-2
1.109500E-7	2.412350E-2
1.110000E-7	2.417660E-2
1.110500E-7	2.416803E-2
1.111000E-7	2.412350E-2
1.111500E-7	2.407382E-2
1.112000E-7	2.400188E-2
1.112500E-7	2.388368E-2
1.113000E-7	2.375692E-2
1.113500E-7	2.364044E-2
1.114000E-7	2.353938E-2
1.114500E-7	2.346744E-2
1.115000E-7	2.345031E-2
1.115500E-7	2.347257E-2
1.116000E-7	2.351026E-2
1.116500E-7	2.355308E-2
1.117000E-7	2.357535E-2
1.117500E-7	2.355651E-2
1.118000E-7	2.351197E-2
1.118500E-7	2.346915E-2
1.119000E-7	2.343318E-2
1.119500E-7	2.340406E-2
1.120000E-7	2.339720E-2
1.120500E-7	2.338864E-2
1.121000E-7	2.335609E-2
1.121500E-7	2.333211E-2
1.122000E-7	2.330299E-2
1.122500E-7	2.325674E-2
1.123000E-7	2.321392E-2
1.123500E-7	2.319679E-2
1.124000E-7	2.317795E-2
1.124500E-7	2.315910E-2
1.125000E-7	2.316424E-2
1.125500E-7	2.320022E-2
1.126000E-7	2.326873E-2
1.126500E-7	2.335096E-2
1.127000E-7	2.343660E-2
1.127500E-7	2.352054E-2
1.128000E-7	2.360961E-2
1.128500E-7	2.367642E-2
1.129000E-7	2.369697E-2
1.129500E-7	2.369355E-2
1.130000E-7	2.370554E-2
1.130500E-7	2.374151E-2
1.131000E-7	2.376206E-2
1.131500E-7	2.373637E-2
1.132000E-7	2.365586E-2
1.132500E-7	2.354794E-2
1.133000E-7	2.342804E-2
1.133500E-7	2.329614E-2
1.134000E-7	2.316424E-2
1.134500E-7	2.304605E-2
1.135000E-7	2.295184E-2
1.135500E-7	2.289017E-2
1.136000E-7	2.286619E-2
1.136500E-7	2.284735E-2
1.137000E-7	2.283193E-2
1.137500E-7	2.283878E-2
1.138000E-7	2.288675E-2
1.138500E-7	2.294327E-2
1.139000E-7	2.299637E-2
1.139500E-7	2.306832E-2
1.140000E-7	2.315054E-2
1.140500E-7	2.322591E-2
1.141000E-7	2.328758E-2
1.141500E-7	2.332526E-2
1.142000E-7	2.331498E-2
1.142500E-7	2.325846E-2
1.143000E-7	2.318480E-2
1.143500E-7	2.312142E-2
1.144000E-7	2.305119E-2
1.144500E-7	2.297582E-2
1.145000E-7	2.290045E-2
1.145500E-7	2.284906E-2
1.146000E-7	2.282165E-2
1.146500E-7	2.280281E-2
1.147000E-7	2.278911E-2
1.147500E-7	2.280452E-2
1.148000E-7	2.284221E-2
1.148500E-7	2.287647E-2
1.149000E-7	2.291758E-2
1.149500E-7	2.296040E-2
1.150000E-7	2.300665E-2
1.150500E-7	2.303920E-2
1.151000E-7	2.307688E-2
1.151500E-7	2.311286E-2
1.152000E-7	2.312827E-2
1.152500E-7	2.310429E-2
1.153000E-7	2.306318E-2
1.153500E-7	2.300494E-2
1.154000E-7	2.293813E-2
1.154500E-7	2.287133E-2
1.155000E-7	2.281138E-2
1.155500E-7	2.274286E-2
1.156000E-7	2.266578E-2
1.156500E-7	2.261610E-2
1.157000E-7	2.263152E-2
1.157500E-7	2.271374E-2
1.158000E-7	2.282165E-2
1.158500E-7	2.292957E-2
1.159000E-7	2.304434E-2
1.159500E-7	2.317795E-2
1.160000E-7	2.330642E-2
1.160500E-7	2.341947E-2
1.161000E-7	2.349827E-2
1.161500E-7	2.354794E-2
1.162000E-7	2.355993E-2
1.162500E-7	2.353081E-2
1.163000E-7	2.350169E-2
1.163500E-7	2.346744E-2
1.164000E-7	2.340406E-2
1.164500E-7	2.329957E-2
1.165000E-7	2.322248E-2
1.165500E-7	2.318651E-2
1.166000E-7	2.314883E-2
1.166500E-7	2.309059E-2
1.167000E-7	2.302721E-2
1.167500E-7	2.296554E-2
1.168000E-7	2.291244E-2
1.168500E-7	2.289874E-2
1.169000E-7	2.292272E-2
1.169500E-7	2.296040E-2
1.170000E-7	2.300494E-2
1.170500E-7	2.304262E-2
1.171000E-7	2.307517E-2
1.171500E-7	2.311628E-2
1.172000E-7	2.315910E-2
1.172500E-7	2.318822E-2
1.173000E-7	2.319165E-2
1.173500E-7	2.318822E-2
1.174000E-7	2.315225E-2
1.174500E-7	2.307860E-2
1.175000E-7	2.299295E-2
1.175500E-7	2.291073E-2
1.176000E-7	2.282165E-2
1.176500E-7	2.273943E-2
1.177000E-7	2.268804E-2
1.177500E-7	2.265892E-2
1.178000E-7	2.264008E-2
1.178500E-7	2.265721E-2
1.179000E-7	2.272059E-2
1.179500E-7	2.280110E-2
1.180000E-7	2.289188E-2
1.180500E-7	2.297924E-2
1.181000E-7	2.304262E-2
1.181500E-7	2.307003E-2
1.182000E-7	2.307174E-2
1.182500E-7	2.304434E-2
1.183000E-7	2.298438E-2
1.183500E-7	2.291073E-2
1.184000E-7	2.283707E-2
1.184500E-7	2.274628E-2
1.185000E-7	2.267434E-2
1.185500E-7	2.263837E-2
1.186000E-7	2.263152E-2
1.186500E-7	2.265550E-2
1.187000E-7	2.269832E-2
1.187500E-7	2.275656E-2
1.188000E-7	2.283364E-2
1.188500E-7	2.292786E-2
1.189000E-7	2.301693E-2
1.189500E-7	2.308031E-2
1.190000E-7	2.307688E-2
1.190500E-7	2.299295E-2
1.191000E-7	2.286105E-2
1.191500E-7	2.272230E-2
1.192000E-7	2.259041E-2
1.192500E-7	2.248592E-2
1.193000E-7	2.243110E-2
1.193500E-7	2.241055E-2
1.194000E-7	2.240541E-2
1.194500E-7	2.244138E-2
1.195000E-7	2.254244E-2
1.195500E-7	2.265721E-2
1.196000E-7	2.276513E-2
1.196500E-7	2.288161E-2
1.197000E-7	2.300665E-2
1.197500E-7	2.309059E-2
1.198000E-7	2.313341E-2
1.198500E-7	2.314540E-2
1.199000E-7	2.311628E-2
1.199500E-7	2.303920E-2
1.200000E-7	2.294156E-2
1.200500E-7	2.285077E-2
1.201000E-7	2.276341E-2
1.201500E-7	2.267434E-2
1.202000E-7	2.258184E-2
1.202500E-7	2.249962E-2
1.203000E-7	2.243110E-2
1.203500E-7	2.240541E-2
1.204000E-7	2.242254E-2
1.204500E-7	2.244138E-2
1.205000E-7	2.247050E-2
1.205500E-7	2.253730E-2
1.206000E-7	2.261610E-2
1.206500E-7	2.265207E-2
1.207000E-7	2.265036E-2
1.207500E-7	2.264008E-2
1.208000E-7	2.261953E-2
1.208500E-7	2.258698E-2
1.209000E-7	2.255957E-2
1.209500E-7	2.252189E-2
1.210000E-7	2.245337E-2
1.210500E-7	2.239513E-2
1.211000E-7	2.237800E-2
1.211500E-7	2.236943E-2
1.212000E-7	2.235059E-2
1.212500E-7	2.235916E-2
1.213000E-7	2.238656E-2
1.213500E-7	2.241226E-2
1.214000E-7	2.243624E-2
1.214500E-7	2.246365E-2
1.215000E-7	2.248592E-2
1.215500E-7	2.249448E-2
1.216000E-7	2.250133E-2
1.216500E-7	2.248934E-2
1.217000E-7	2.246365E-2
1.217500E-7	2.244309E-2
1.218000E-7	2.244138E-2
1.218500E-7	2.245166E-2
1.219000E-7	2.245166E-2
1.219500E-7	2.244823E-2
1.220000E-7	2.244994E-2
1.220500E-7	2.246365E-2
1.221000E-7	2.246193E-2
1.221500E-7	2.243795E-2
1.222000E-7	2.242767E-2
1.222500E-7	2.244652E-2
1.223000E-7	2.246193E-2
1.223500E-7	2.248763E-2
1.224000E-7	2.251675E-2
1.224500E-7	2.253388E-2
1.225000E-7	2.255443E-2
1.225500E-7	2.260068E-2
1.226000E-7	2.265036E-2
1.226500E-7	2.266406E-2
1.227000E-7	2.264693E-2
1.227500E-7	2.263837E-2
1.228000E-7	2.264008E-2
1.228500E-7	2.261953E-2
1.229000E-7	2.258013E-2
1.229500E-7	2.253902E-2
1.230000E-7	2.248934E-2
1.230500E-7	2.243453E-2
1.231000E-7	2.240027E-2
1.231500E-7	2.240198E-2
1.232000E-7	2.243281E-2
1.232500E-7	2.247221E-2
1.233000E-7	2.251675E-2
1.233500E-7	2.256642E-2
1.234000E-7	2.261610E-2
1.234500E-7	2.263665E-2
1.235000E-7	2.261953E-2
1.235500E-7	2.259041E-2
1.236000E-7	2.257156E-2
1.236500E-7	2.255272E-2
1.237000E-7	2.253045E-2
1.237500E-7	2.252703E-2
1.238000E-7	2.252017E-2
1.238500E-7	2.249619E-2
1.239000E-7	2.248249E-2
1.239500E-7	2.249448E-2
1.240000E-7	2.253559E-2
1.240500E-7	2.258869E-2
1.241000E-7	2.262980E-2
1.241500E-7	2.266578E-2
1.242000E-7	2.271716E-2
1.242500E-7	2.278568E-2
1.243000E-7	2.283364E-2
1.243500E-7	2.285077E-2
1.244000E-7	2.281651E-2
1.244500E-7	2.272573E-2
1.245000E-7	2.260411E-2
1.245500E-7	2.248592E-2
1.246000E-7	2.237457E-2
1.246500E-7	2.225295E-2
1.247000E-7	2.213133E-2
1.247500E-7	2.201314E-2
1.248000E-7	2.189837E-2
1.248500E-7	2.177504E-2
1.249000E-7	2.165685E-2
1.249500E-7	2.155750E-2
1.250000E-7	2.146842E-2
1.250500E-7	2.139305E-2
1.251000E-7	2.133653E-2
1.251500E-7	2.132454E-2
1.252000E-7	2.136222E-2
1.252500E-7	2.142560E-2
1.253000E-7	2.148727E-2
1.253500E-7	2.154379E-2
1.254000E-7	2.158833E-2
1.254500E-7	2.161916E-2
1.255000E-7	2.164314E-2
1.255500E-7	2.169111E-2
1.256000E-7	2.175791E-2
1.256500E-7	2.182300E-2
1.257000E-7	2.187439E-2
1.257500E-7	2.193263E-2
1.258000E-7	2.200458E-2
1.258500E-7	2.208337E-2
1.259000E-7	2.216045E-2
1.259500E-7	2.223411E-2
1.260000E-7	2.227694E-2
1.260500E-7	2.226666E-2
1.261000E-7	2.223582E-2
1.261500E-7	2.223754E-2
1.262000E-7	2.223411E-2
1.262500E-7	2.220157E-2
1.263000E-7	2.217245E-2
1.263500E-7	2.215874E-2
1.264000E-7	2.213819E-2
1.264500E-7	2.213133E-2
1.265000E-7	2.215360E-2
1.265500E-7	2.218957E-2
1.266000E-7	2.223582E-2
1.266500E-7	2.229920E-2
1.267000E-7	2.235916E-2
1.267500E-7	2.239684E-2
1.268000E-7	2.243624E-2
1.268500E-7	2.250647E-2
1.269000E-7	2.254758E-2
1.269500E-7	2.254929E-2
1.270000E-7	2.252189E-2
1.270500E-7	2.247392E-2
1.271000E-7	2.240198E-2
1.271500E-7	2.233004E-2
1.272000E-7	2.226837E-2
1.272500E-7	2.222041E-2
1.273000E-7	2.217587E-2
1.273500E-7	2.211763E-2
1.274000E-7	2.206110E-2
1.274500E-7	2.200800E-2
1.275000E-7	2.197203E-2
1.275500E-7	2.193948E-2
1.276000E-7	2.191550E-2
1.276500E-7	2.187953E-2
1.277000E-7	2.184356E-2
1.277500E-7	2.183671E-2
1.278000E-7	2.184698E-2
1.278500E-7	2.185212E-2
1.279000E-7	2.185555E-2
1.279500E-7	2.188124E-2
1.280000E-7	2.190694E-2
1.280500E-7	2.194120E-2
1.281000E-7	2.198745E-2
1.281500E-7	2.202171E-2
1.282000E-7	2.204397E-2
1.282500E-7	2.208508E-2
1.283000E-7	2.213819E-2
1.283500E-7	2.216559E-2
1.284000E-7	2.216902E-2
1.284500E-7	2.215360E-2
1.285000E-7	2.212106E-2
1.285500E-7	2.206624E-2
1.286000E-7	2.199944E-2
1.286500E-7	2.192064E-2
1.287000E-7	2.181786E-2
1.287500E-7	2.169967E-2
1.288000E-7	2.158662E-2
1.288500E-7	2.149240E-2
1.289000E-7	2.142217E-2
1.289500E-7	2.137592E-2
1.290000E-7	2.136051E-2
1.290500E-7	2.137935E-2
1.291000E-7	2.141703E-2
1.291500E-7	2.145472E-2
1.292000E-7	2.150268E-2
1.292500E-7	2.158662E-2
1.293000E-7	2.168083E-2
1.293500E-7	2.176134E-2
1.294000E-7	2.181273E-2
1.294500E-7	2.184870E-2
1.295000E-7	2.187611E-2
1.295500E-7	2.188981E-2
1.296000E-7	2.189495E-2
1.296500E-7	2.190009E-2
1.297000E-7	2.190694E-2
1.297500E-7	2.189837E-2
1.298000E-7	2.185555E-2
1.298500E-7	2.179731E-2
1.299000E-7	2.175962E-2
1.299500E-7	2.173050E-2
1.300000E-7	2.170310E-2
1.300500E-7	2.168939E-2
1.301000E-7	2.168597E-2
1.301500E-7	2.168254E-2
1.302000E-7	2.168939E-2
1.302500E-7	2.170310E-2
1.303000E-7	2.173050E-2
1.303500E-7	2.176990E-2
1.304000E-7	2.180587E-2
1.304500E-7	2.183671E-2
1.305000E-7	2.185384E-2
1.305500E-7	2.187097E-2
1.306000E-7	2.186583E-2
1.306500E-7	2.182472E-2
1.307000E-7	2.177504E-2
1.307500E-7	2.173564E-2
1.308000E-7	2.169967E-2
1.308500E-7	2.165513E-2
1.309000E-7	2.160203E-2
1.309500E-7	2.153865E-2
1.310000E-7	2.146842E-2
1.310500E-7	2.142046E-2
1.311000E-7	2.138791E-2
1.311500E-7	2.134166E-2
1.312000E-7	2.130398E-2
1.312500E-7	2.129884E-2
1.313000E-7	2.130398E-2
1.313500E-7	2.131597E-2
1.314000E-7	2.136907E-2
1.314500E-7	2.145643E-2
1.315000E-7	2.153523E-2
1.315500E-7	2.159347E-2
1.316000E-7	2.166370E-2
1.316500E-7	2.172194E-2
1.317000E-7	2.173564E-2
1.317500E-7	2.171166E-2
1.318000E-7	2.165342E-2
1.318500E-7	2.156949E-2
1.319000E-7	2.147699E-2
1.319500E-7	2.136565E-2
1.320000E-7	2.122518E-2
1.320500E-7	2.110185E-2
1.321000E-7	2.104019E-2
1.321500E-7	2.100421E-2
1.322000E-7	2.096139E-2
1.322500E-7	2.094255E-2
1.323000E-7	2.097167E-2
1.323500E-7	2.102991E-2
1.324000E-7	2.108130E-2
1.324500E-7	2.113782E-2
1.325000E-7	2.120977E-2
1.325500E-7	2.127829E-2
1.326000E-7	2.131768E-2
1.326500E-7	2.133653E-2
1.327000E-7	2.135194E-2
1.327500E-7	2.135879E-2
1.328000E-7	2.134509E-2
1.328500E-7	2.132967E-2
1.329000E-7	2.133481E-2
1.329500E-7	2.135023E-2
1.330000E-7	2.133824E-2
1.330500E-7	2.129542E-2
1.331000E-7	2.125602E-2
1.331500E-7	2.123889E-2
1.332000E-7	2.124745E-2
1.332500E-7	2.125773E-2
1.333000E-7	2.126972E-2
1.333500E-7	2.125944E-2
1.334000E-7	2.122861E-2
1.334500E-7	2.120634E-2
1.335000E-7	2.120805E-2
1.335500E-7	2.120977E-2
1.336000E-7	2.120634E-2
1.336500E-7	2.122690E-2
1.337000E-7	2.125944E-2
1.337500E-7	2.128685E-2
1.338000E-7	2.131254E-2
1.338500E-7	2.133481E-2
1.339000E-7	2.136051E-2
1.339500E-7	2.139134E-2
1.340000E-7	2.142560E-2
1.340500E-7	2.145301E-2
1.341000E-7	2.144958E-2
1.341500E-7	2.140504E-2
1.342000E-7	2.133481E-2
1.342500E-7	2.124574E-2
1.343000E-7	2.113440E-2
1.343500E-7	2.100250E-2
1.344000E-7	2.088259E-2
1.344500E-7	2.080037E-2
1.345000E-7	2.076097E-2
1.345500E-7	2.074898E-2
1.346000E-7	2.077810E-2
1.346500E-7	2.087060E-2
1.347000E-7	2.101107E-2
1.347500E-7	2.116694E-2
1.348000E-7	2.130912E-2
1.348500E-7	2.142389E-2
1.349000E-7	2.151467E-2
1.349500E-7	2.158148E-2
1.350000E-7	2.161916E-2
1.350500E-7	2.160888E-2
1.351000E-7	2.155750E-2
1.351500E-7	2.151467E-2
1.352000E-7	2.148041E-2
1.352500E-7	2.143074E-2
1.353000E-7	2.136393E-2
1.353500E-7	2.130227E-2
1.354000E-7	2.123889E-2
1.354500E-7	2.117208E-2
1.355000E-7	2.110014E-2
1.355500E-7	2.103162E-2
1.356000E-7	2.094426E-2
1.356500E-7	2.083292E-2
1.357000E-7	2.072329E-2
1.357500E-7	2.064792E-2
1.358000E-7	2.060167E-2
1.358500E-7	2.057426E-2
1.359000E-7	2.056399E-2
1.359500E-7	2.059653E-2
1.360000E-7	2.067361E-2
1.360500E-7	2.077639E-2
1.361000E-7	2.087403E-2
1.361500E-7	2.093741E-2
1.362000E-7	2.096653E-2
1.362500E-7	2.097338E-2
1.363000E-7	2.095454E-2
1.363500E-7	2.088259E-2
1.364000E-7	2.080209E-2
1.364500E-7	2.075070E-2
1.365000E-7	2.073185E-2
1.365500E-7	2.071301E-2
1.366000E-7	2.070787E-2
1.366500E-7	2.073357E-2
1.367000E-7	2.079009E-2
1.367500E-7	2.085690E-2
1.368000E-7	2.095454E-2
1.368500E-7	2.107273E-2
1.369000E-7	2.119093E-2
1.369500E-7	2.127829E-2
1.370000E-7	2.130569E-2
1.370500E-7	2.128514E-2
1.371000E-7	2.123032E-2
1.371500E-7	2.114810E-2
1.372000E-7	2.104875E-2
1.372500E-7	2.096824E-2
1.373000E-7	2.090658E-2
1.373500E-7	2.085519E-2
1.374000E-7	2.082778E-2
1.374500E-7	2.084834E-2
1.375000E-7	2.091857E-2
1.375500E-7	2.102819E-2
1.376000E-7	2.116352E-2
1.376500E-7	2.130569E-2
1.377000E-7	2.142731E-2
1.377500E-7	2.150953E-2
1.378000E-7	2.154893E-2
1.378500E-7	2.154722E-2
1.379000E-7	2.149583E-2
1.379500E-7	2.139990E-2
1.380000E-7	2.128685E-2
1.380500E-7	2.115838E-2
1.381000E-7	2.102477E-2
1.381500E-7	2.089630E-2
1.382000E-7	2.081579E-2
1.382500E-7	2.079523E-2
1.383000E-7	2.082435E-2
1.383500E-7	2.088602E-2
1.384000E-7	2.096824E-2
1.384500E-7	2.105731E-2
1.385000E-7	2.112755E-2
1.385500E-7	2.116009E-2
1.386000E-7	2.116009E-2
1.386500E-7	2.114639E-2
1.387000E-7	2.111898E-2
1.387500E-7	2.106074E-2
1.388000E-7	2.097681E-2
1.388500E-7	2.091000E-2
1.389000E-7	2.086033E-2
1.389500E-7	2.083121E-2
1.390000E-7	2.082093E-2
1.390500E-7	2.084148E-2
1.391000E-7	2.087232E-2
1.391500E-7	2.090144E-2
1.392000E-7	2.093912E-2
1.392500E-7	2.097167E-2
1.393000E-7	2.097852E-2
1.393500E-7	2.095282E-2
1.394000E-7	2.091171E-2
1.394500E-7	2.087060E-2
1.395000E-7	2.084662E-2
1.395500E-7	2.082093E-2
1.396000E-7	2.077810E-2
1.396500E-7	2.073185E-2
1.397000E-7	2.070959E-2
1.397500E-7	2.067875E-2
1.398000E-7	2.062223E-2
1.398500E-7	2.056399E-2
1.399000E-7	2.053315E-2
1.399500E-7	2.049889E-2
1.400000E-7	2.046121E-2
1.400500E-7	2.045607E-2
1.401000E-7	2.049204E-2
1.401500E-7	2.055542E-2
1.402000E-7	2.063593E-2
1.402500E-7	2.071472E-2
1.403000E-7	2.075070E-2
1.403500E-7	2.076440E-2
1.404000E-7	2.077982E-2
1.404500E-7	2.079523E-2
1.405000E-7	2.078496E-2
1.405500E-7	2.074898E-2
1.406000E-7	2.069417E-2
1.406500E-7	2.063422E-2
1.407000E-7	2.058968E-2
1.407500E-7	2.056227E-2
1.408000E-7	2.054172E-2
1.408500E-7	2.052801E-2
1.409000E-7	2.051431E-2
1.409500E-7	2.050061E-2
1.410000E-7	2.048005E-2
1.410500E-7	2.045436E-2
1.411000E-7	2.042352E-2
1.411500E-7	2.038241E-2
1.412000E-7	2.034473E-2
1.412500E-7	2.030362E-2
1.413000E-7	2.026079E-2
1.413500E-7	2.021968E-2
1.414000E-7	2.018542E-2
1.414500E-7	2.016316E-2
1.415000E-7	2.015288E-2
1.415500E-7	2.013403E-2
1.416000E-7	2.009121E-2
1.416500E-7	2.002098E-2
1.417000E-7	1.993876E-2
1.417500E-7	1.986168E-2
1.418000E-7	1.981371E-2
1.418500E-7	1.979144E-2
1.419000E-7	1.977260E-2
1.419500E-7	1.977089E-2
1.420000E-7	1.981885E-2
1.420500E-7	1.990107E-2
1.421000E-7	1.999529E-2
1.421500E-7	2.011177E-2
1.422000E-7	2.026422E-2
1.422500E-7	2.040468E-2
1.423000E-7	2.049204E-2
1.423500E-7	2.051431E-2
1.424000E-7	2.047662E-2
1.424500E-7	2.040297E-2
1.425000E-7	2.030704E-2
1.425500E-7	2.017172E-2
1.426000E-7	2.002612E-2
1.426500E-7	1.990279E-2
1.427000E-7	1.981885E-2
1.427500E-7	1.976232E-2
1.428000E-7	1.976575E-2
1.428500E-7	1.984283E-2
1.429000E-7	1.995418E-2
1.429500E-7	2.006380E-2
1.430000E-7	2.018714E-2
1.430500E-7	2.032589E-2
1.431000E-7	2.044579E-2
1.431500E-7	2.052459E-2
1.432000E-7	2.057255E-2
1.432500E-7	2.059139E-2
1.433000E-7	2.057426E-2
1.433500E-7	2.053658E-2
1.434000E-7	2.048005E-2
1.434500E-7	2.037727E-2
1.435000E-7	2.025052E-2
1.435500E-7	2.012033E-2
1.436000E-7	2.000042E-2
1.436500E-7	1.990621E-2
1.437000E-7	1.987195E-2
1.437500E-7	1.990964E-2
1.438000E-7	1.998158E-2
1.438500E-7	2.007922E-2
1.439000E-7	2.021626E-2
1.439500E-7	2.037213E-2
1.440000E-7	2.050746E-2
1.440500E-7	2.060167E-2
1.441000E-7	2.066505E-2
1.441500E-7	2.068903E-2
1.442000E-7	2.067190E-2
1.442500E-7	2.062223E-2
1.443000E-7	2.053829E-2
1.443500E-7	2.043038E-2
1.444000E-7	2.029163E-2
1.444500E-7	2.015459E-2
1.445000E-7	2.005524E-2
1.445500E-7	2.000042E-2
1.446000E-7	1.996959E-2
1.446500E-7	1.997816E-2
1.447000E-7	2.003126E-2
1.447500E-7	2.011348E-2
1.448000E-7	2.021454E-2
1.448500E-7	2.033274E-2
1.449000E-7	2.043209E-2
1.449500E-7	2.047491E-2
1.450000E-7	2.045093E-2
1.450500E-7	2.038413E-2
1.451000E-7	2.030362E-2
1.451500E-7	2.022825E-2
1.452000E-7	2.014774E-2
1.452500E-7	2.006552E-2
1.453000E-7	1.997644E-2
1.453500E-7	1.988052E-2
1.454000E-7	1.978802E-2
1.454500E-7	1.973663E-2
1.455000E-7	1.973149E-2
1.455500E-7	1.972978E-2
1.456000E-7	1.972635E-2
1.456500E-7	1.974177E-2
1.457000E-7	1.978631E-2
1.457500E-7	1.984112E-2
1.458000E-7	1.988052E-2
1.458500E-7	1.991478E-2
1.459000E-7	1.994732E-2
1.459500E-7	1.996103E-2
1.460000E-7	1.995589E-2
1.460500E-7	1.994390E-2
1.461000E-7	1.995075E-2
1.461500E-7	1.997130E-2
1.462000E-7	2.002441E-2
1.462500E-7	2.013061E-2
1.463000E-7	2.025908E-2
1.463500E-7	2.037042E-2
1.464000E-7	2.047320E-2
1.464500E-7	2.057426E-2
1.465000E-7	2.064278E-2
1.465500E-7	2.065306E-2
1.466000E-7	2.062394E-2
1.466500E-7	2.056399E-2
1.467000E-7	2.045950E-2
1.467500E-7	2.033445E-2
1.468000E-7	2.021454E-2
1.468500E-7	2.009978E-2
1.469000E-7	1.997130E-2
1.469500E-7	1.984455E-2
1.470000E-7	1.972464E-2
1.470500E-7	1.960131E-2
1.471000E-7	1.950710E-2
1.471500E-7	1.947112E-2
1.472000E-7	1.945742E-2
1.472500E-7	1.945228E-2
1.473000E-7	1.948997E-2
1.473500E-7	1.958075E-2
1.474000E-7	1.967668E-2
1.474500E-7	1.975376E-2
1.475000E-7	1.982742E-2
1.475500E-7	1.990279E-2
1.476000E-7	1.994390E-2
1.476500E-7	1.995589E-2
1.477000E-7	1.994390E-2
1.477500E-7	1.989936E-2
1.478000E-7	1.983427E-2
1.478500E-7	1.977774E-2
1.479000E-7	1.974348E-2
1.479500E-7	1.969381E-2
1.480000E-7	1.965098E-2
1.480500E-7	1.964927E-2
1.481000E-7	1.967154E-2
1.481500E-7	1.967839E-2
1.482000E-7	1.970237E-2
1.482500E-7	1.975376E-2
1.483000E-7	1.980001E-2
1.483500E-7	1.982228E-2
1.484000E-7	1.985996E-2
1.484500E-7	1.990450E-2
1.485000E-7	1.993362E-2
1.485500E-7	1.994047E-2
1.486000E-7	1.991135E-2
1.486500E-7	1.985996E-2
1.487000E-7	1.981200E-2
1.487500E-7	1.978117E-2
1.488000E-7	1.972978E-2
1.488500E-7	1.966983E-2
1.489000E-7	1.964242E-2
1.489500E-7	1.963043E-2
1.490000E-7	1.960645E-2
1.490500E-7	1.962015E-2
1.491000E-7	1.968867E-2
1.491500E-7	1.976061E-2
1.492000E-7	1.983941E-2
1.492500E-7	1.993362E-2
1.493000E-7	1.999700E-2
1.493500E-7	2.001584E-2
1.494000E-7	2.002098E-2
1.494500E-7	2.002612E-2
1.495000E-7	2.001070E-2
1.495500E-7	1.999529E-2
1.496000E-7	1.998672E-2
1.496500E-7	1.996103E-2
1.497000E-7	1.992163E-2
1.497500E-7	1.989593E-2
1.498000E-7	1.988394E-2
1.498500E-7	1.986853E-2
1.499000E-7	1.984969E-2
1.499500E-7	1.982057E-2
1.500000E-7	1.977945E-2
1.500500E-7	1.975719E-2
1.501000E-7	1.974006E-2
1.501500E-7	1.970751E-2
1.502000E-7	1.967154E-2
1.502500E-7	1.963214E-2
1.503000E-7	1.956020E-2
1.503500E-7	1.945913E-2
1.504000E-7	1.936663E-2
1.504500E-7	1.928441E-2
1.505000E-7	1.921247E-2
1.505500E-7	1.916108E-2
1.506000E-7	1.913025E-2
1.506500E-7	1.910626E-2
1.507000E-7	1.911997E-2
1.507500E-7	1.919191E-2
1.508000E-7	1.929126E-2
1.508500E-7	1.941117E-2
1.509000E-7	1.953964E-2
1.509500E-7	1.964756E-2
1.510000E-7	1.971436E-2
1.510500E-7	1.976404E-2
1.511000E-7	1.979144E-2
1.511500E-7	1.977260E-2
1.512000E-7	1.971094E-2
1.512500E-7	1.962529E-2
1.513000E-7	1.954135E-2
1.513500E-7	1.946085E-2
1.514000E-7	1.938719E-2
1.514500E-7	1.932724E-2
1.515000E-7	1.930839E-2
1.515500E-7	1.935636E-2
1.516000E-7	1.945399E-2
1.516500E-7	1.958589E-2
1.517000E-7	1.973320E-2
1.517500E-7	1.987367E-2
1.518000E-7	1.996617E-2
1.518500E-7	2.000899E-2
1.519000E-7	2.002269E-2
1.519500E-7	1.999015E-2
1.520000E-7	1.988566E-2
1.520500E-7	1.972807E-2
1.521000E-7	1.954992E-2
1.521500E-7	1.937349E-2
1.522000E-7	1.921761E-2
1.522500E-7	1.909599E-2
1.523000E-7	1.901377E-2
1.523500E-7	1.897437E-2
1.524000E-7	1.897779E-2
1.524500E-7	1.900349E-2
1.525000E-7	1.904289E-2
1.525500E-7	1.909427E-2
1.526000E-7	1.915080E-2
1.526500E-7	1.918506E-2
1.527000E-7	1.920390E-2
1.527500E-7	1.921075E-2
1.528000E-7	1.920562E-2
1.528500E-7	1.919191E-2
1.529000E-7	1.917650E-2
1.529500E-7	1.915423E-2
1.530000E-7	1.914909E-2
1.530500E-7	1.917821E-2
1.531000E-7	1.922788E-2
1.531500E-7	1.928270E-2
1.532000E-7	1.933923E-2
1.532500E-7	1.938205E-2
1.533000E-7	1.940432E-2
1.533500E-7	1.938890E-2
1.534000E-7	1.934779E-2
1.534500E-7	1.930154E-2
1.535000E-7	1.926043E-2
1.535500E-7	1.919363E-2
1.536000E-7	1.910626E-2
1.536500E-7	1.906173E-2
1.537000E-7	1.906002E-2
1.537500E-7	1.906344E-2
1.538000E-7	1.904802E-2
1.538500E-7	1.905145E-2
1.539000E-7	1.909256E-2
1.539500E-7	1.914909E-2
1.540000E-7	1.920048E-2
1.540500E-7	1.924159E-2
1.541000E-7	1.930497E-2
1.541500E-7	1.936492E-2
1.542000E-7	1.939404E-2
1.542500E-7	1.941973E-2
1.543000E-7	1.948654E-2
1.543500E-7	1.957219E-2
1.544000E-7	1.963043E-2
1.544500E-7	1.967154E-2
1.545000E-7	1.970237E-2
1.545500E-7	1.971094E-2
1.546000E-7	1.967839E-2
1.546500E-7	1.960131E-2
1.547000E-7	1.947969E-2
1.547500E-7	1.934436E-2
1.548000E-7	1.922275E-2
1.548500E-7	1.911483E-2
1.549000E-7	1.900691E-2
1.549500E-7	1.890928E-2
1.550000E-7	1.883048E-2
1.550500E-7	1.877224E-2
1.551000E-7	1.872770E-2
1.551500E-7	1.871057E-2
1.552000E-7	1.871057E-2
1.552500E-7	1.870886E-2
1.553000E-7	1.871571E-2
1.553500E-7	1.874826E-2
1.554000E-7	1.881335E-2
1.554500E-7	1.888187E-2
1.555000E-7	1.895895E-2
1.555500E-7	1.905659E-2
1.556000E-7	1.916108E-2
1.556500E-7	1.926557E-2
1.557000E-7	1.938890E-2
1.557500E-7	1.948997E-2
1.558000E-7	1.951909E-2
1.558500E-7	1.949682E-2
1.559000E-7	1.946256E-2
1.559500E-7	1.939404E-2
1.560000E-7	1.927756E-2
1.560500E-7	1.916451E-2
1.561000E-7	1.908228E-2
1.561500E-7	1.900863E-2
1.562000E-7	1.892469E-2
1.562500E-7	1.884932E-2
1.563000E-7	1.881506E-2
1.563500E-7	1.882192E-2
1.564000E-7	1.885789E-2
1.564500E-7	1.890928E-2
1.565000E-7	1.896580E-2
1.565500E-7	1.904460E-2
1.566000E-7	1.911312E-2
1.566500E-7	1.914395E-2
1.567000E-7	1.914395E-2
1.567500E-7	1.913538E-2
1.568000E-7	1.912339E-2
1.568500E-7	1.910626E-2
1.569000E-7	1.910284E-2
1.569500E-7	1.915937E-2
1.570000E-7	1.924501E-2
1.570500E-7	1.933923E-2
1.571000E-7	1.944885E-2
1.571500E-7	1.957047E-2
1.572000E-7	1.966983E-2
1.572500E-7	1.972807E-2
1.573000E-7	1.974177E-2
1.573500E-7	1.972807E-2
1.574000E-7	1.968182E-2
1.574500E-7	1.960645E-2
1.575000E-7	1.950367E-2
1.575500E-7	1.938719E-2
1.576000E-7	1.926214E-2
1.576500E-7	1.912511E-2
1.577000E-7	1.900691E-2
1.577500E-7	1.894867E-2
1.578000E-7	1.891955E-2
1.578500E-7	1.887673E-2
1.579000E-7	1.884076E-2
1.579500E-7	1.883391E-2
1.580000E-7	1.883048E-2
1.580500E-7	1.882192E-2
1.581000E-7	1.881506E-2
1.581500E-7	1.880307E-2
1.582000E-7	1.879622E-2
1.582500E-7	1.881164E-2
1.583000E-7	1.883219E-2
1.583500E-7	1.885789E-2
1.584000E-7	1.889043E-2
1.584500E-7	1.890756E-2
1.585000E-7	1.890756E-2
1.585500E-7	1.893154E-2
1.586000E-7	1.898807E-2
1.586500E-7	1.902747E-2
1.587000E-7	1.905830E-2
1.587500E-7	1.908742E-2
1.588000E-7	1.910455E-2
1.588500E-7	1.909599E-2
1.589000E-7	1.907714E-2
1.589500E-7	1.904460E-2
1.590000E-7	1.898293E-2
1.590500E-7	1.890928E-2
1.591000E-7	1.886816E-2
1.591500E-7	1.885960E-2
1.592000E-7	1.885446E-2
1.592500E-7	1.885789E-2
1.593000E-7	1.889215E-2
1.593500E-7	1.894011E-2
1.594000E-7	1.895895E-2
1.594500E-7	1.894182E-2
1.595000E-7	1.893326E-2
1.595500E-7	1.892641E-2
1.596000E-7	1.888016E-2
1.596500E-7	1.881849E-2
1.597000E-7	1.879965E-2
1.597500E-7	1.881678E-2
1.598000E-7	1.885617E-2
1.598500E-7	1.894525E-2
1.599000E-7	1.908742E-2
1.599500E-7	1.923645E-2
1.600000E-7	1.934608E-2
1.600500E-7	1.942830E-2
1.601000E-7	1.949339E-2
1.601500E-7	1.952422E-2
1.602000E-7	1.947455E-2
1.602500E-7	1.934950E-2
1.603000E-7	1.916793E-2
1.603500E-7	1.895895E-2
1.604000E-7	1.872428E-2
1.604500E-7	1.850502E-2
1.605000E-7	1.834229E-2
1.605500E-7	1.824636E-2
1.606000E-7	1.819669E-2
1.606500E-7	1.818470E-2
1.607000E-7	1.820697E-2
1.607500E-7	1.825835E-2
1.608000E-7	1.833544E-2
1.608500E-7	1.841766E-2
1.609000E-7	1.849474E-2
1.609500E-7	1.858210E-2
1.610000E-7	1.865405E-2
1.610500E-7	1.866946E-2
1.611000E-7	1.864891E-2
1.611500E-7	1.863178E-2
1.612000E-7	1.861979E-2
1.612500E-7	1.860608E-2
1.613000E-7	1.860780E-2
1.613500E-7	1.863520E-2
1.614000E-7	1.867631E-2
1.614500E-7	1.872599E-2
1.615000E-7	1.879793E-2
1.615500E-7	1.885275E-2
1.616000E-7	1.887159E-2
1.616500E-7	1.885275E-2
1.617000E-7	1.880307E-2
1.617500E-7	1.870543E-2
1.618000E-7	1.855469E-2
1.618500E-7	1.836456E-2
1.619000E-7	1.817785E-2
1.619500E-7	1.803738E-2
1.620000E-7	1.795859E-2
1.620500E-7	1.794831E-2
1.621000E-7	1.803225E-2
1.621500E-7	1.819840E-2
1.622000E-7	1.840738E-2
1.622500E-7	1.862835E-2
1.623000E-7	1.883904E-2
1.623500E-7	1.899492E-2
1.624000E-7	1.907372E-2
1.624500E-7	1.909770E-2
1.625000E-7	1.908400E-2
1.625500E-7	1.902576E-2
1.626000E-7	1.892983E-2
1.626500E-7	1.883048E-2
1.627000E-7	1.872942E-2
1.627500E-7	1.865576E-2
1.628000E-7	1.859923E-2
1.628500E-7	1.855641E-2
1.629000E-7	1.855469E-2
1.629500E-7	1.857696E-2
1.630000E-7	1.857868E-2
1.630500E-7	1.854784E-2
1.631000E-7	1.853414E-2
1.631500E-7	1.853071E-2
1.632000E-7	1.849988E-2
1.632500E-7	1.847247E-2
1.633000E-7	1.848618E-2
1.633500E-7	1.852386E-2
1.634000E-7	1.859067E-2
1.634500E-7	1.868488E-2
1.635000E-7	1.876367E-2
1.635500E-7	1.881678E-2
1.636000E-7	1.887159E-2
1.636500E-7	1.890756E-2
1.637000E-7	1.888701E-2
1.637500E-7	1.886131E-2
1.638000E-7	1.883904E-2
1.638500E-7	1.877053E-2
1.639000E-7	1.867289E-2
1.639500E-7	1.860437E-2
1.640000E-7	1.853414E-2
1.640500E-7	1.845363E-2
1.641000E-7	1.839539E-2
1.641500E-7	1.836627E-2
1.642000E-7	1.835599E-2
1.642500E-7	1.840738E-2
1.643000E-7	1.854099E-2
1.643500E-7	1.870372E-2
1.644000E-7	1.884761E-2
1.644500E-7	1.898465E-2
1.645000E-7	1.910798E-2
1.645500E-7	1.919020E-2
1.646000E-7	1.923474E-2
1.646500E-7	1.922960E-2
1.647000E-7	1.915937E-2
1.647500E-7	1.905316E-2
1.648000E-7	1.895381E-2
1.648500E-7	1.884076E-2
1.649000E-7	1.867631E-2
1.649500E-7	1.849645E-2
1.650000E-7	1.833372E-2
1.650500E-7	1.818641E-2
1.651000E-7	1.806479E-2
1.651500E-7	1.797743E-2
1.652000E-7	1.792090E-2
1.652500E-7	1.788664E-2
1.653000E-7	1.788664E-2
1.653500E-7	1.791405E-2
1.654000E-7	1.795688E-2
1.654500E-7	1.802025E-2
1.655000E-7	1.811447E-2
1.655500E-7	1.823609E-2
1.656000E-7	1.835257E-2
1.656500E-7	1.844507E-2
1.657000E-7	1.852044E-2
1.657500E-7	1.857011E-2
1.658000E-7	1.858382E-2
1.658500E-7	1.858039E-2
1.659000E-7	1.857868E-2
1.659500E-7	1.857868E-2
1.660000E-7	1.858210E-2
1.660500E-7	1.857182E-2
1.661000E-7	1.854442E-2
1.661500E-7	1.852215E-2
1.662000E-7	1.850845E-2
1.662500E-7	1.848446E-2
1.663000E-7	1.842622E-2
1.663500E-7	1.832173E-2
1.664000E-7	1.818641E-2
1.664500E-7	1.803053E-2
1.665000E-7	1.787637E-2
1.665500E-7	1.774276E-2
1.666000E-7	1.763484E-2
1.666500E-7	1.756461E-2
1.667000E-7	1.754919E-2
1.667500E-7	1.758345E-2
1.668000E-7	1.763484E-2
1.668500E-7	1.769479E-2
1.669000E-7	1.776674E-2
1.669500E-7	1.785067E-2
1.670000E-7	1.793975E-2
1.670500E-7	1.803225E-2
1.671000E-7	1.813160E-2
1.671500E-7	1.822752E-2
1.672000E-7	1.830460E-2
1.672500E-7	1.836284E-2
1.673000E-7	1.841081E-2
1.673500E-7	1.843136E-2
1.674000E-7	1.841766E-2
1.674500E-7	1.836284E-2
1.675000E-7	1.831659E-2
1.675500E-7	1.829090E-2
1.676000E-7	1.826863E-2
1.676500E-7	1.824808E-2
1.677000E-7	1.826007E-2
1.677500E-7	1.830289E-2
1.678000E-7	1.836798E-2
1.678500E-7	1.843650E-2
1.679000E-7	1.848618E-2
1.679500E-7	1.848789E-2
1.680000E-7	1.842965E-2
1.680500E-7	1.832859E-2
1.681000E-7	1.820868E-2
1.681500E-7	1.807164E-2
1.682000E-7	1.794317E-2
1.682500E-7	1.784382E-2
1.683000E-7	1.778215E-2
1.683500E-7	1.774104E-2
1.684000E-7	1.772391E-2
1.684500E-7	1.775989E-2
1.685000E-7	1.783012E-2
1.685500E-7	1.790035E-2
1.686000E-7	1.798428E-2
1.686500E-7	1.809734E-2
1.687000E-7	1.820525E-2
1.687500E-7	1.829261E-2
1.688000E-7	1.836798E-2
1.688500E-7	1.842794E-2
1.689000E-7	1.845534E-2
1.689500E-7	1.844164E-2
1.690000E-7	1.840738E-2
1.690500E-7	1.837484E-2
1.691000E-7	1.835599E-2
1.691500E-7	1.831146E-2
1.692000E-7	1.823780E-2
1.692500E-7	1.818470E-2
1.693000E-7	1.816072E-2
1.693500E-7	1.812132E-2
1.694000E-7	1.806479E-2
1.694500E-7	1.801854E-2
1.695000E-7	1.796030E-2
1.695500E-7	1.786266E-2
1.696000E-7	1.777873E-2
1.696500E-7	1.775646E-2
1.697000E-7	1.776845E-2
1.697500E-7	1.780100E-2
1.698000E-7	1.786951E-2
1.698500E-7	1.797229E-2
1.699000E-7	1.806137E-2
1.699500E-7	1.811104E-2
1.700000E-7	1.814016E-2
1.700500E-7	1.815044E-2
1.701000E-7	1.812474E-2
1.701500E-7	1.806308E-2
1.702000E-7	1.798771E-2
1.702500E-7	1.790549E-2
1.703000E-7	1.781984E-2
1.703500E-7	1.773248E-2
1.704000E-7	1.768794E-2
1.704500E-7	1.768966E-2
1.705000E-7	1.772905E-2
1.705500E-7	1.778387E-2
1.706000E-7	1.784553E-2
1.706500E-7	1.790720E-2
1.707000E-7	1.796887E-2
1.707500E-7	1.803053E-2
1.708000E-7	1.806993E-2
1.708500E-7	1.808021E-2
1.709000E-7	1.808706E-2
1.709500E-7	1.808877E-2
1.710000E-7	1.806137E-2
1.710500E-7	1.801683E-2
1.711000E-7	1.799970E-2
1.711500E-7	1.801854E-2
1.712000E-7	1.803567E-2
1.712500E-7	1.804595E-2
1.713000E-7	1.806137E-2
1.713500E-7	1.805794E-2
1.714000E-7	1.802539E-2
1.714500E-7	1.797058E-2
1.715000E-7	1.791405E-2
1.715500E-7	1.783354E-2
1.716000E-7	1.774104E-2
1.716500E-7	1.766053E-2
1.717000E-7	1.758345E-2
1.717500E-7	1.750123E-2
1.718000E-7	1.742586E-2
1.718500E-7	1.739160E-2
1.719000E-7	1.741730E-2
1.719500E-7	1.749095E-2
1.720000E-7	1.757489E-2
1.720500E-7	1.766053E-2
1.721000E-7	1.774790E-2
1.721500E-7	1.785410E-2
1.722000E-7	1.794146E-2
1.722500E-7	1.798942E-2
1.723000E-7	1.801169E-2
1.723500E-7	1.805109E-2
1.724000E-7	1.811104E-2
1.724500E-7	1.816243E-2
1.725000E-7	1.818641E-2
1.725500E-7	1.818127E-2
1.726000E-7	1.815215E-2
1.726500E-7	1.812132E-2
1.727000E-7	1.810076E-2
1.727500E-7	1.808021E-2
1.728000E-7	1.805280E-2
1.728500E-7	1.802025E-2
1.729000E-7	1.797400E-2
1.729500E-7	1.791748E-2
1.730000E-7	1.787294E-2
1.730500E-7	1.785581E-2
1.731000E-7	1.785581E-2
1.731500E-7	1.789692E-2
1.732000E-7	1.797229E-2
1.732500E-7	1.805280E-2
1.733000E-7	1.810933E-2
1.733500E-7	1.814187E-2
1.734000E-7	1.816072E-2
1.734500E-7	1.817442E-2
1.735000E-7	1.816414E-2
1.735500E-7	1.812132E-2
1.736000E-7	1.804766E-2
1.736500E-7	1.795516E-2
1.737000E-7	1.786438E-2
1.737500E-7	1.778729E-2
1.738000E-7	1.774276E-2
1.738500E-7	1.773248E-2
1.739000E-7	1.776674E-2
1.739500E-7	1.783868E-2
1.740000E-7	1.793289E-2
1.740500E-7	1.803225E-2
1.741000E-7	1.814873E-2
1.741500E-7	1.826692E-2
1.742000E-7	1.835942E-2
1.742500E-7	1.839710E-2
1.743000E-7	1.837141E-2
1.743500E-7	1.830460E-2
1.744000E-7	1.820868E-2
1.744500E-7	1.807336E-2
1.745000E-7	1.791919E-2
1.745500E-7	1.778215E-2
1.746000E-7	1.769308E-2
1.746500E-7	1.766053E-2
1.747000E-7	1.768966E-2
1.747500E-7	1.776331E-2
1.748000E-7	1.784382E-2
1.748500E-7	1.791063E-2
1.749000E-7	1.797572E-2
1.749500E-7	1.803738E-2
1.750000E-7	1.806993E-2
1.750500E-7	1.805794E-2
1.751000E-7	1.800655E-2
1.751500E-7	1.793461E-2
1.752000E-7	1.785067E-2
1.752500E-7	1.774790E-2
1.753000E-7	1.763484E-2
1.753500E-7	1.753035E-2
1.754000E-7	1.744299E-2
1.754500E-7	1.738475E-2
1.755000E-7	1.734364E-2
1.755500E-7	1.732651E-2
1.756000E-7	1.731623E-2
1.756500E-7	1.730595E-2
1.757000E-7	1.727512E-2
1.757500E-7	1.720489E-2
1.758000E-7	1.713295E-2
1.758500E-7	1.710383E-2
1.759000E-7	1.713123E-2
1.759500E-7	1.718262E-2
1.760000E-7	1.722545E-2
1.760500E-7	1.727170E-2
1.761000E-7	1.734021E-2
1.761500E-7	1.741216E-2
1.762000E-7	1.746355E-2
1.762500E-7	1.749952E-2
1.763000E-7	1.752692E-2
1.763500E-7	1.754063E-2
1.764000E-7	1.753206E-2
1.764500E-7	1.750123E-2
1.765000E-7	1.744470E-2
1.765500E-7	1.737276E-2
1.766000E-7	1.727512E-2
1.766500E-7	1.715179E-2
1.767000E-7	1.704559E-2
1.767500E-7	1.698221E-2
1.768000E-7	1.694452E-2
1.768500E-7	1.691540E-2
1.769000E-7	1.691883E-2
1.769500E-7	1.696679E-2
1.770000E-7	1.700961E-2
1.770500E-7	1.704045E-2
1.771000E-7	1.711068E-2
1.771500E-7	1.719119E-2
1.772000E-7	1.721688E-2
1.772500E-7	1.718776E-2
1.773000E-7	1.713980E-2
1.773500E-7	1.707642E-2
1.774000E-7	1.697707E-2
1.774500E-7	1.686059E-2
1.775000E-7	1.674239E-2
1.775500E-7	1.663790E-2
1.776000E-7	1.656767E-2
1.776500E-7	1.655054E-2
1.777000E-7	1.658138E-2
1.777500E-7	1.664989E-2
1.778000E-7	1.676809E-2
1.778500E-7	1.693767E-2
1.779000E-7	1.712438E-2
1.779500E-7	1.727341E-2
1.780000E-7	1.735906E-2
1.780500E-7	1.739503E-2
1.781000E-7	1.740359E-2
1.781500E-7	1.739160E-2
1.782000E-7	1.736419E-2
1.782500E-7	1.733679E-2
1.783000E-7	1.732651E-2
1.783500E-7	1.733336E-2
1.784000E-7	1.734878E-2
1.784500E-7	1.738304E-2
1.785000E-7	1.744128E-2
1.785500E-7	1.748581E-2
1.786000E-7	1.747896E-2
1.786500E-7	1.744813E-2
1.787000E-7	1.742072E-2
1.787500E-7	1.738989E-2
1.788000E-7	1.732994E-2
1.788500E-7	1.726142E-2
1.789000E-7	1.720660E-2
1.789500E-7	1.716035E-2
1.790000E-7	1.712952E-2
1.790500E-7	1.713295E-2
1.791000E-7	1.716892E-2
1.791500E-7	1.723401E-2
1.792000E-7	1.734021E-2
1.792500E-7	1.745327E-2
1.793000E-7	1.753720E-2
1.793500E-7	1.760229E-2
1.794000E-7	1.765197E-2
1.794500E-7	1.763655E-2
1.795000E-7	1.754405E-2
1.795500E-7	1.743443E-2
1.796000E-7	1.732822E-2
1.796500E-7	1.719290E-2
1.797000E-7	1.705586E-2
1.797500E-7	1.695309E-2
1.798000E-7	1.688114E-2
1.798500E-7	1.684003E-2
1.799000E-7	1.684174E-2
1.799500E-7	1.687258E-2
1.800000E-7	1.690341E-2
1.800500E-7	1.693938E-2
1.801000E-7	1.698049E-2
1.801500E-7	1.698735E-2
1.802000E-7	1.697364E-2
1.802500E-7	1.697364E-2
1.803000E-7	1.699248E-2
1.803500E-7	1.701475E-2
1.804000E-7	1.704387E-2
1.804500E-7	1.706272E-2
1.805000E-7	1.706957E-2
1.805500E-7	1.709869E-2
1.806000E-7	1.717063E-2
1.806500E-7	1.724086E-2
1.807000E-7	1.730082E-2
1.807500E-7	1.737790E-2
1.808000E-7	1.744984E-2
1.808500E-7	1.748581E-2
1.809000E-7	1.753035E-2
1.809500E-7	1.757660E-2
1.810000E-7	1.756632E-2
1.810500E-7	1.748753E-2
1.811000E-7	1.740017E-2
1.811500E-7	1.730595E-2
1.812000E-7	1.720318E-2
1.812500E-7	1.712096E-2
1.813000E-7	1.705072E-2
1.813500E-7	1.695994E-2
1.814000E-7	1.689485E-2
1.814500E-7	1.687258E-2
1.815000E-7	1.685374E-2
1.815500E-7	1.684174E-2
1.816000E-7	1.689142E-2
1.816500E-7	1.699248E-2
1.817000E-7	1.708327E-2
1.817500E-7	1.717406E-2
1.818000E-7	1.726827E-2
1.818500E-7	1.733850E-2
1.819000E-7	1.737790E-2
1.819500E-7	1.737619E-2
1.820000E-7	1.731966E-2
1.820500E-7	1.722545E-2
1.821000E-7	1.710897E-2
1.821500E-7	1.697193E-2
1.822000E-7	1.684174E-2
1.822500E-7	1.671156E-2
1.823000E-7	1.658823E-2
1.823500E-7	1.651115E-2
1.824000E-7	1.650601E-2
1.824500E-7	1.653170E-2
1.825000E-7	1.657281E-2
1.825500E-7	1.666702E-2
1.826000E-7	1.679036E-2
1.826500E-7	1.690684E-2
1.827000E-7	1.701989E-2
1.827500E-7	1.714836E-2
1.828000E-7	1.727512E-2
1.828500E-7	1.737105E-2
1.829000E-7	1.742929E-2
1.829500E-7	1.744299E-2
1.830000E-7	1.739503E-2
1.830500E-7	1.730938E-2
1.831000E-7	1.721517E-2
1.831500E-7	1.711582E-2
1.832000E-7	1.698221E-2
1.832500E-7	1.682119E-2
1.833000E-7	1.667901E-2
1.833500E-7	1.660022E-2
1.834000E-7	1.658138E-2
1.834500E-7	1.658994E-2
1.835000E-7	1.663790E-2
1.835500E-7	1.675096E-2
1.836000E-7	1.692054E-2
1.836500E-7	1.712781E-2
1.837000E-7	1.735734E-2
1.837500E-7	1.756290E-2
1.838000E-7	1.771706E-2
1.838500E-7	1.781470E-2
1.839000E-7	1.783868E-2
1.839500E-7	1.777702E-2
1.840000E-7	1.765882E-2
1.840500E-7	1.752521E-2
1.841000E-7	1.735392E-2
1.841500E-7	1.712781E-2
1.842000E-7	1.688628E-2
1.842500E-7	1.665332E-2
1.843000E-7	1.644605E-2
1.843500E-7	1.629703E-2
1.844000E-7	1.621652E-2
1.844500E-7	1.618055E-2
1.845000E-7	1.619254E-2
1.845500E-7	1.625078E-2
1.846000E-7	1.632272E-2
1.846500E-7	1.637754E-2
1.847000E-7	1.646318E-2
1.847500E-7	1.656767E-2
1.848000E-7	1.665675E-2
1.848500E-7	1.672869E-2
1.849000E-7	1.681948E-2
1.849500E-7	1.691198E-2
1.850000E-7	1.695309E-2
1.850500E-7	1.698221E-2
1.851000E-7	1.703360E-2
1.851500E-7	1.708327E-2
1.852000E-7	1.711068E-2
1.852500E-7	1.712096E-2
1.853000E-7	1.712781E-2
1.853500E-7	1.711068E-2
1.854000E-7	1.706957E-2
1.854500E-7	1.701818E-2
1.855000E-7	1.695137E-2
1.855500E-7	1.687087E-2
1.856000E-7	1.678693E-2
1.856500E-7	1.670985E-2
1.857000E-7	1.663962E-2
1.857500E-7	1.655911E-2
1.858000E-7	1.645976E-2
1.858500E-7	1.635527E-2
1.859000E-7	1.626448E-2
1.859500E-7	1.619082E-2
1.860000E-7	1.613258E-2
1.860500E-7	1.610689E-2
1.861000E-7	1.612231E-2
1.861500E-7	1.618397E-2
1.862000E-7	1.626791E-2
1.862500E-7	1.635184E-2
1.863000E-7	1.644948E-2
1.863500E-7	1.656425E-2
1.864000E-7	1.668587E-2
1.864500E-7	1.679721E-2
1.865000E-7	1.687772E-2
1.865500E-7	1.692739E-2
1.866000E-7	1.693596E-2
1.866500E-7	1.688971E-2
1.867000E-7	1.679892E-2
1.867500E-7	1.669957E-2
1.868000E-7	1.662591E-2
1.868500E-7	1.657795E-2
1.869000E-7	1.654369E-2
1.869500E-7	1.652142E-2
1.870000E-7	1.652142E-2
1.870500E-7	1.655226E-2
1.871000E-7	1.661221E-2
1.871500E-7	1.668244E-2
1.872000E-7	1.675781E-2
1.872500E-7	1.684860E-2
1.873000E-7	1.694452E-2
1.873500E-7	1.700961E-2
1.874000E-7	1.702846E-2
1.874500E-7	1.700961E-2
1.875000E-7	1.694110E-2
1.875500E-7	1.684003E-2
1.876000E-7	1.673383E-2
1.876500E-7	1.660536E-2
1.877000E-7	1.645119E-2
1.877500E-7	1.631930E-2
1.878000E-7	1.624906E-2
1.878500E-7	1.620795E-2
1.879000E-7	1.618397E-2
1.879500E-7	1.619254E-2
1.880000E-7	1.621994E-2
1.880500E-7	1.624393E-2
1.881000E-7	1.629017E-2
1.881500E-7	1.635013E-2
1.882000E-7	1.637582E-2
1.882500E-7	1.637240E-2
1.883000E-7	1.635184E-2
1.883500E-7	1.629017E-2
1.884000E-7	1.617883E-2
1.884500E-7	1.606407E-2
1.885000E-7	1.597671E-2
1.885500E-7	1.590819E-2
1.886000E-7	1.585337E-2
1.886500E-7	1.583282E-2
1.887000E-7	1.582597E-2
1.887500E-7	1.581569E-2
1.888000E-7	1.581397E-2
1.888500E-7	1.583453E-2
1.889000E-7	1.586022E-2
1.889500E-7	1.587393E-2
1.890000E-7	1.587907E-2
1.890500E-7	1.590476E-2
1.891000E-7	1.594587E-2
1.891500E-7	1.598527E-2
1.892000E-7	1.600754E-2
1.892500E-7	1.604180E-2
1.893000E-7	1.609661E-2
1.893500E-7	1.614286E-2
1.894000E-7	1.617198E-2
1.894500E-7	1.621309E-2
1.895000E-7	1.626619E-2
1.895500E-7	1.629017E-2
1.896000E-7	1.629703E-2
1.896500E-7	1.630217E-2
1.897000E-7	1.631244E-2
1.897500E-7	1.633985E-2
1.898000E-7	1.638781E-2
1.898500E-7	1.641522E-2
1.899000E-7	1.641693E-2
1.899500E-7	1.641865E-2
1.900000E-7	1.642892E-2
1.900500E-7	1.642036E-2
1.901000E-7	1.641179E-2
1.901500E-7	1.641351E-2
1.902000E-7	1.641179E-2
1.902500E-7	1.639124E-2
1.903000E-7	1.637411E-2
1.903500E-7	1.637582E-2
1.904000E-7	1.639295E-2
1.904500E-7	1.640666E-2
1.905000E-7	1.642207E-2
1.905500E-7	1.646832E-2
1.906000E-7	1.654883E-2
1.906500E-7	1.662420E-2
1.907000E-7	1.666531E-2
1.907500E-7	1.666531E-2
1.908000E-7	1.664818E-2
1.908500E-7	1.661906E-2
1.909000E-7	1.656425E-2
1.909500E-7	1.650601E-2
1.910000E-7	1.647003E-2
1.910500E-7	1.644605E-2
1.911000E-7	1.640837E-2
1.911500E-7	1.638610E-2
1.912000E-7	1.639466E-2
1.912500E-7	1.639809E-2
1.913000E-7	1.636554E-2
1.913500E-7	1.631416E-2
1.914000E-7	1.627133E-2
1.914500E-7	1.625763E-2
1.915000E-7	1.627647E-2
1.915500E-7	1.631244E-2
1.916000E-7	1.634499E-2
1.916500E-7	1.639295E-2
1.917000E-7	1.645119E-2
1.917500E-7	1.649230E-2
1.918000E-7	1.651628E-2
1.918500E-7	1.654712E-2
1.919000E-7	1.656939E-2
1.919500E-7	1.654712E-2
1.920000E-7	1.651971E-2
1.920500E-7	1.651457E-2
1.921000E-7	1.652314E-2
1.921500E-7	1.652142E-2
1.922000E-7	1.652485E-2
1.922500E-7	1.652656E-2
1.923000E-7	1.650943E-2
1.923500E-7	1.645633E-2
1.924000E-7	1.639124E-2
1.924500E-7	1.632101E-2
1.925000E-7	1.624221E-2
1.925500E-7	1.614457E-2
1.926000E-7	1.605893E-2
1.926500E-7	1.600754E-2
1.927000E-7	1.596471E-2
1.927500E-7	1.593046E-2
1.928000E-7	1.590819E-2
1.928500E-7	1.590990E-2
1.929000E-7	1.594930E-2
1.929500E-7	1.602124E-2
1.930000E-7	1.612402E-2
1.930500E-7	1.622851E-2
1.931000E-7	1.631758E-2
1.931500E-7	1.637582E-2
1.932000E-7	1.638267E-2
1.932500E-7	1.634670E-2
1.933000E-7	1.630045E-2
1.933500E-7	1.625763E-2
1.934000E-7	1.620967E-2
1.934500E-7	1.615314E-2
1.935000E-7	1.608462E-2
1.935500E-7	1.600925E-2
1.936000E-7	1.591675E-2
1.936500E-7	1.581397E-2
1.937000E-7	1.570948E-2
1.937500E-7	1.561699E-2
1.938000E-7	1.557074E-2
1.938500E-7	1.555703E-2
1.939000E-7	1.554847E-2
1.939500E-7	1.554675E-2
1.940000E-7	1.556902E-2
1.940500E-7	1.561013E-2
1.941000E-7	1.566495E-2
1.941500E-7	1.573347E-2
1.942000E-7	1.580712E-2
1.942500E-7	1.586022E-2
1.943000E-7	1.591846E-2
1.943500E-7	1.599555E-2
1.944000E-7	1.605721E-2
1.944500E-7	1.609832E-2
1.945000E-7	1.614286E-2
1.945500E-7	1.617198E-2
1.946000E-7	1.616856E-2
1.946500E-7	1.615656E-2
1.947000E-7	1.614457E-2
1.947500E-7	1.610860E-2
1.948000E-7	1.607434E-2
1.948500E-7	1.605379E-2
1.949000E-7	1.602638E-2
1.949500E-7	1.598184E-2
1.950000E-7	1.591846E-2
1.950500E-7	1.585337E-2
1.951000E-7	1.582254E-2
1.951500E-7	1.584138E-2
1.952000E-7	1.588592E-2
1.952500E-7	1.594245E-2
1.953000E-7	1.600240E-2
1.953500E-7	1.605550E-2
1.954000E-7	1.610518E-2
1.954500E-7	1.617198E-2
1.955000E-7	1.621138E-2
1.955500E-7	1.619939E-2
1.956000E-7	1.617541E-2
1.956500E-7	1.616342E-2
1.957000E-7	1.613601E-2
1.957500E-7	1.609147E-2
1.958000E-7	1.606064E-2
1.958500E-7	1.601439E-2
1.959000E-7	1.594930E-2
1.959500E-7	1.588592E-2
1.960000E-7	1.582768E-2
1.960500E-7	1.575745E-2
1.961000E-7	1.568379E-2
1.961500E-7	1.564611E-2
1.962000E-7	1.561699E-2
1.962500E-7	1.559643E-2
1.963000E-7	1.558787E-2
1.963500E-7	1.559814E-2
1.964000E-7	1.563583E-2
1.964500E-7	1.570948E-2
1.965000E-7	1.582425E-2
1.965500E-7	1.594587E-2
1.966000E-7	1.603666E-2
1.966500E-7	1.610689E-2
1.967000E-7	1.617027E-2
1.967500E-7	1.618911E-2
1.968000E-7	1.613430E-2
1.968500E-7	1.602638E-2
1.969000E-7	1.591504E-2
1.969500E-7	1.582597E-2
1.970000E-7	1.574717E-2
1.970500E-7	1.565296E-2
1.971000E-7	1.556560E-2
1.971500E-7	1.549537E-2
1.972000E-7	1.542000E-2
1.972500E-7	1.534634E-2
1.973000E-7	1.530523E-2
1.973500E-7	1.528639E-2
1.974000E-7	1.528981E-2
1.974500E-7	1.531208E-2
1.975000E-7	1.534291E-2
1.975500E-7	1.537032E-2
1.976000E-7	1.539259E-2
1.976500E-7	1.540629E-2
1.977000E-7	1.540972E-2
1.977500E-7	1.541143E-2
1.978000E-7	1.540972E-2
1.978500E-7	1.539088E-2
1.979000E-7	1.536518E-2
1.979500E-7	1.535490E-2
1.980000E-7	1.534634E-2
1.980500E-7	1.533092E-2
1.981000E-7	1.533264E-2
1.981500E-7	1.535148E-2
1.982000E-7	1.537546E-2
1.982500E-7	1.540801E-2
1.983000E-7	1.544226E-2
1.983500E-7	1.547481E-2
1.984000E-7	1.548338E-2
1.984500E-7	1.546111E-2
1.985000E-7	1.543027E-2
1.985500E-7	1.542685E-2
1.986000E-7	1.542856E-2
1.986500E-7	1.541657E-2
1.987000E-7	1.540972E-2
1.987500E-7	1.544226E-2
1.988000E-7	1.549537E-2
1.988500E-7	1.555532E-2
1.989000E-7	1.563583E-2
1.989500E-7	1.573347E-2
1.990000E-7	1.582254E-2
1.990500E-7	1.588078E-2
1.991000E-7	1.587907E-2
1.991500E-7	1.583282E-2
1.992000E-7	1.577115E-2
1.992500E-7	1.568550E-2
1.993000E-7	1.558958E-2
1.993500E-7	1.550222E-2
1.994000E-7	1.543884E-2
1.994500E-7	1.540972E-2
1.995000E-7	1.542342E-2
1.995500E-7	1.546453E-2
1.996000E-7	1.551592E-2
1.996500E-7	1.557245E-2
1.997000E-7	1.562384E-2
1.997500E-7	1.565296E-2
1.998000E-7	1.565296E-2
1.998500E-7	1.563583E-2
1.999000E-7	1.559643E-2
1.999500E-7	1.553134E-2
2.000000E-7	1.546111E-2
