Study Name	PremaTech_CVD_SiC_HeandSi
Sample Name	2025-10-31
Run Name	spot04
Operator	Keshav
Date	10/31/2025
Time	17:43
Sign	POS
Grating Spacing	06.40um
Channel	3
Number Traces	10000
Files in Batch	1
Batch Number	28
dt	50.000001E-12
time stamp (ms)	6:13:09 PM
	
Time	Amplitude
0.000000E+0	-2.396974E-5
5.000000E-11	-1.711794E-5
1.000000E-10	-1.701391E-6
1.500000E-10	5.150409E-6
2.000000E-10	-8.553191E-6
2.500000E-10	-2.910859E-5
3.000000E-10	-4.966399E-5
3.500000E-10	-8.049709E-5
4.000000E-10	-1.267467E-4
4.500000E-10	-1.747093E-4
5.000000E-10	-2.175331E-4
5.500000E-10	-2.569309E-4
6.000000E-10	-2.946159E-4
6.500000E-10	-3.237360E-4
7.000000E-10	-3.545691E-4
7.500000E-10	-3.922540E-4
8.000000E-10	-4.265130E-4
8.500000E-10	-4.539202E-4
9.000000E-10	-4.813274E-4
9.500000E-10	-5.087346E-4
1.000000E-9	-5.310030E-4
1.050000E-9	-5.532713E-4
1.100000E-9	-5.721138E-4
1.150000E-9	-5.806785E-4
1.200000E-9	-5.841044E-4
1.250000E-9	-5.789656E-4
1.300000E-9	-5.566972E-4
1.350000E-9	-5.224382E-4
1.400000E-9	-4.933181E-4
1.450000E-9	-4.641979E-4
1.500000E-9	-4.316519E-4
1.550000E-9	-4.008188E-4
1.600000E-9	-3.768375E-4
1.650000E-9	-3.614209E-4
1.700000E-9	-3.511432E-4
1.750000E-9	-3.391526E-4
1.800000E-9	-3.254490E-4
1.850000E-9	-3.185972E-4
1.900000E-9	-3.168842E-4
1.950000E-9	-3.083195E-4
2.000000E-9	-2.980418E-4
2.050000E-9	-2.963288E-4
2.100000E-9	-3.031806E-4
2.150000E-9	-3.100324E-4
2.200000E-9	-3.220231E-4
2.250000E-9	-3.271619E-4
2.300000E-9	-3.237360E-4
2.350000E-9	-3.340137E-4
2.400000E-9	-3.562821E-4
2.450000E-9	-3.716986E-4
2.500000E-9	-3.819763E-4
2.550000E-9	-4.008188E-4
2.600000E-9	-4.213742E-4
2.650000E-9	-4.367907E-4
2.700000E-9	-4.607720E-4
2.750000E-9	-4.933181E-4
2.800000E-9	-5.155864E-4
2.850000E-9	-5.361418E-4
2.900000E-9	-5.669749E-4
2.950000E-9	-5.926692E-4
3.000000E-9	-6.046598E-4
3.050000E-9	-6.132246E-4
3.100000E-9	-6.286411E-4
3.150000E-9	-6.303541E-4
3.200000E-9	-6.149375E-4
3.250000E-9	-5.858174E-4
3.300000E-9	-5.532713E-4
3.350000E-9	-5.207253E-4
3.400000E-9	-4.916051E-4
3.450000E-9	-4.573461E-4
3.500000E-9	-4.282260E-4
3.550000E-9	-4.230871E-4
3.600000E-9	-4.367907E-4
3.650000E-9	-4.556332E-4
3.700000E-9	-4.796145E-4
3.750000E-9	-5.190123E-4
3.800000E-9	-5.738267E-4
3.850000E-9	-6.337800E-4
3.900000E-9	-6.868814E-4
3.950000E-9	-7.297052E-4
4.000000E-9	-7.673901E-4
4.050000E-9	-7.982232E-4
4.100000E-9	-8.067879E-4
4.150000E-9	-7.930843E-4
4.200000E-9	-7.759548E-4
4.250000E-9	-7.519735E-4
4.300000E-9	-7.074368E-4
4.350000E-9	-6.509095E-4
4.400000E-9	-5.943821E-4
4.450000E-9	-5.361418E-4
4.500000E-9	-4.727627E-4
4.550000E-9	-4.162353E-4
4.600000E-9	-3.682727E-4
4.650000E-9	-3.323008E-4
4.700000E-9	-3.083195E-4
4.750000E-9	-2.946159E-4
4.800000E-9	-2.946159E-4
4.850000E-9	-3.117454E-4
4.900000E-9	-3.425785E-4
4.950000E-9	-3.734116E-4
5.000000E-9	-4.093835E-4
5.050000E-9	-4.573461E-4
5.100000E-9	-4.933181E-4
5.150000E-9	-5.070217E-4
5.200000E-9	-5.155864E-4
5.250000E-9	-5.207253E-4
5.300000E-9	-5.035958E-4
5.350000E-9	-4.624850E-4
5.400000E-9	-4.213742E-4
5.450000E-9	-3.854022E-4
5.500000E-9	-3.494303E-4
5.550000E-9	-3.185972E-4
5.600000E-9	-3.014677E-4
5.650000E-9	-3.014677E-4
5.700000E-9	-3.100324E-4
5.750000E-9	-3.323008E-4
5.800000E-9	-3.699857E-4
5.850000E-9	-4.162353E-4
5.900000E-9	-4.607720E-4
5.950000E-9	-5.001699E-4
6.000000E-9	-5.327159E-4
6.050000E-9	-5.618361E-4
6.100000E-9	-5.858174E-4
6.150000E-9	-6.012339E-4
6.200000E-9	-6.132246E-4
6.250000E-9	-6.217893E-4
6.300000E-9	-6.286411E-4
6.350000E-9	-6.235023E-4
6.400000E-9	-6.012339E-4
6.450000E-9	-5.721138E-4
6.500000E-9	-5.447066E-4
6.550000E-9	-5.121605E-4
6.600000E-9	-4.676238E-4
6.650000E-9	-4.145224E-4
6.700000E-9	-3.665598E-4
6.750000E-9	-3.340137E-4
6.800000E-9	-3.168842E-4
6.850000E-9	-3.203101E-4
6.900000E-9	-3.494303E-4
6.950000E-9	-4.042447E-4
7.000000E-9	-4.710497E-4
7.050000E-9	-5.310030E-4
7.100000E-9	-5.858174E-4
7.150000E-9	-6.354929E-4
7.200000E-9	-6.663260E-4
7.250000E-9	-6.646131E-4
7.300000E-9	-6.389188E-4
7.350000E-9	-5.875303E-4
7.400000E-9	-5.104476E-4
7.450000E-9	-4.265130E-4
7.500000E-9	-3.511432E-4
7.550000E-9	-2.843381E-4
7.600000E-9	-2.398014E-4
7.650000E-9	-2.363755E-4
7.700000E-9	-2.757734E-4
7.750000E-9	-3.460044E-4
7.800000E-9	-4.402166E-4
7.850000E-9	-5.481325E-4
7.900000E-9	-6.440577E-4
7.950000E-9	-7.228534E-4
8.000000E-9	-7.879455E-4
8.050000E-9	-8.273433E-4
8.100000E-9	-8.359081E-4
8.150000E-9	-8.222045E-4
8.200000E-9	-7.913714E-4
8.250000E-9	-7.382699E-4
8.300000E-9	-6.663260E-4
8.350000E-9	-5.875303E-4
8.400000E-9	-5.104476E-4
8.450000E-9	-4.419296E-4
8.500000E-9	-3.785504E-4
8.550000E-9	-3.151713E-4
8.600000E-9	-2.535050E-4
8.650000E-9	-2.055424E-4
8.700000E-9	-1.747093E-4
8.750000E-9	-1.541539E-4
8.800000E-9	-1.438762E-4
8.850000E-9	-1.421633E-4
8.900000E-9	-1.490151E-4
8.950000E-9	-1.678575E-4
9.000000E-9	-2.038295E-4
9.050000E-9	-2.466532E-4
9.100000E-9	-2.843381E-4
9.150000E-9	-3.203101E-4
9.200000E-9	-3.562821E-4
9.250000E-9	-3.819763E-4
9.300000E-9	-3.939670E-4
9.350000E-9	-3.939670E-4
9.400000E-9	-3.836893E-4
9.450000E-9	-3.716986E-4
9.500000E-9	-3.597080E-4
9.550000E-9	-3.408655E-4
9.600000E-9	-3.185972E-4
9.650000E-9	-3.014677E-4
9.700000E-9	-2.894770E-4
9.750000E-9	-2.809122E-4
9.800000E-9	-2.843381E-4
9.850000E-9	-2.929029E-4
9.900000E-9	-2.946159E-4
9.950000E-9	-2.946159E-4
1.000000E-8	-2.946159E-4
1.005000E-8	-2.843381E-4
1.010000E-8	-2.620698E-4
1.015000E-8	-2.398014E-4
1.020000E-8	-2.123942E-4
1.025000E-8	-1.764223E-4
1.030000E-8	-1.318856E-4
1.035000E-8	-8.734889E-5
1.040000E-8	-4.795104E-5
1.045000E-8	-2.054384E-5
1.050000E-8	-6.840241E-6
1.055000E-8	-1.711794E-5
1.060000E-8	-5.137694E-5
1.065000E-8	-9.933954E-5
1.070000E-8	-1.490151E-4
1.075000E-8	-2.123942E-4
1.080000E-8	-2.929029E-4
1.085000E-8	-3.785504E-4
1.090000E-8	-4.590591E-4
1.095000E-8	-5.378548E-4
1.100000E-8	-6.217893E-4
1.105000E-8	-6.988721E-4
1.110000E-8	-7.639642E-4
1.115000E-8	-8.085009E-4
1.120000E-8	-8.290563E-4
1.125000E-8	-8.256304E-4
1.130000E-8	-7.982232E-4
1.135000E-8	-7.416958E-4
1.140000E-8	-6.611872E-4
1.145000E-8	-5.772526E-4
1.150000E-8	-4.881792E-4
1.155000E-8	-3.871152E-4
1.160000E-8	-2.860511E-4
1.165000E-8	-2.106813E-4
1.170000E-8	-1.627187E-4
1.175000E-8	-1.335985E-4
1.180000E-8	-1.216079E-4
1.185000E-8	-1.335985E-4
1.190000E-8	-1.747093E-4
1.195000E-8	-2.432273E-4
1.200000E-8	-3.185972E-4
1.205000E-8	-3.939670E-4
1.210000E-8	-4.779015E-4
1.215000E-8	-5.584102E-4
1.220000E-8	-6.132246E-4
1.225000E-8	-6.509095E-4
1.230000E-8	-6.817426E-4
1.235000E-8	-6.885944E-4
1.240000E-8	-6.714649E-4
1.245000E-8	-6.526224E-4
1.250000E-8	-6.337800E-4
1.255000E-8	-6.012339E-4
1.260000E-8	-5.601231E-4
1.265000E-8	-5.207253E-4
1.270000E-8	-4.796145E-4
1.275000E-8	-4.453555E-4
1.280000E-8	-4.248001E-4
1.285000E-8	-4.025317E-4
1.290000E-8	-3.802634E-4
1.295000E-8	-3.716986E-4
1.300000E-8	-3.785504E-4
1.305000E-8	-3.871152E-4
1.310000E-8	-4.025317E-4
1.315000E-8	-4.230871E-4
1.320000E-8	-4.436425E-4
1.325000E-8	-4.659109E-4
1.330000E-8	-4.881792E-4
1.335000E-8	-4.967440E-4
1.340000E-8	-4.898922E-4
1.345000E-8	-4.710497E-4
1.350000E-8	-4.402166E-4
1.355000E-8	-4.042447E-4
1.360000E-8	-3.768375E-4
1.365000E-8	-3.562821E-4
1.370000E-8	-3.460044E-4
1.375000E-8	-3.528562E-4
1.380000E-8	-3.768375E-4
1.385000E-8	-4.008188E-4
1.390000E-8	-4.230871E-4
1.395000E-8	-4.436425E-4
1.400000E-8	-4.641979E-4
1.405000E-8	-4.847533E-4
1.410000E-8	-4.864663E-4
1.415000E-8	-4.676238E-4
1.420000E-8	-4.487814E-4
1.425000E-8	-4.385037E-4
1.430000E-8	-4.213742E-4
1.435000E-8	-4.008188E-4
1.440000E-8	-3.939670E-4
1.445000E-8	-3.939670E-4
1.450000E-8	-3.973929E-4
1.455000E-8	-4.145224E-4
1.460000E-8	-4.419296E-4
1.465000E-8	-4.659109E-4
1.470000E-8	-4.813274E-4
1.475000E-8	-4.984569E-4
1.480000E-8	-5.087346E-4
1.485000E-8	-5.087346E-4
1.490000E-8	-4.984569E-4
1.495000E-8	-4.830404E-4
1.500000E-8	-4.641979E-4
1.505000E-8	-4.470684E-4
1.510000E-8	-4.402166E-4
1.515000E-8	-4.385037E-4
1.520000E-8	-4.333648E-4
1.525000E-8	-4.179483E-4
1.530000E-8	-3.991058E-4
1.535000E-8	-3.819763E-4
1.540000E-8	-3.699857E-4
1.545000E-8	-3.682727E-4
1.550000E-8	-3.665598E-4
1.555000E-8	-3.545691E-4
1.560000E-8	-3.391526E-4
1.565000E-8	-3.271619E-4
1.570000E-8	-3.151713E-4
1.575000E-8	-2.997547E-4
1.580000E-8	-2.911900E-4
1.585000E-8	-2.877640E-4
1.590000E-8	-2.740604E-4
1.595000E-8	-2.500791E-4
1.600000E-8	-2.278108E-4
1.605000E-8	-2.106813E-4
1.610000E-8	-2.004036E-4
1.615000E-8	-2.004036E-4
1.620000E-8	-2.141072E-4
1.625000E-8	-2.432273E-4
1.630000E-8	-2.877640E-4
1.635000E-8	-3.340137E-4
1.640000E-8	-3.614209E-4
1.645000E-8	-3.854022E-4
1.650000E-8	-4.162353E-4
1.655000E-8	-4.402166E-4
1.660000E-8	-4.402166E-4
1.665000E-8	-4.265130E-4
1.670000E-8	-4.093835E-4
1.675000E-8	-3.991058E-4
1.680000E-8	-3.973929E-4
1.685000E-8	-3.973929E-4
1.690000E-8	-3.939670E-4
1.695000E-8	-4.059576E-4
1.700000E-8	-4.333648E-4
1.705000E-8	-4.522073E-4
1.710000E-8	-4.641979E-4
1.715000E-8	-4.898922E-4
1.720000E-8	-5.155864E-4
1.725000E-8	-5.224382E-4
1.730000E-8	-5.275771E-4
1.735000E-8	-5.412807E-4
1.740000E-8	-5.361418E-4
1.745000E-8	-5.053087E-4
1.750000E-8	-4.796145E-4
1.755000E-8	-4.659109E-4
1.760000E-8	-4.487814E-4
1.765000E-8	-4.367907E-4
1.770000E-8	-4.385037E-4
1.775000E-8	-4.333648E-4
1.780000E-8	-4.196612E-4
1.785000E-8	-4.230871E-4
1.790000E-8	-4.436425E-4
1.795000E-8	-4.487814E-4
1.800000E-8	-4.470684E-4
1.805000E-8	-4.590591E-4
1.810000E-8	-4.727627E-4
1.815000E-8	-4.761886E-4
1.820000E-8	-4.779015E-4
1.825000E-8	-4.556332E-4
1.830000E-8	-3.716986E-4
1.835000E-8	-2.192460E-4
1.840000E-8	1.714106E-5
1.845000E-8	3.974160E-4
1.850000E-8	9.661154E-4
1.855000E-8	1.745508E-3
1.860000E-8	2.790407E-3
1.865000E-8	4.141925E-3
1.870000E-8	5.784644E-3
1.875000E-8	7.689444E-3
1.880000E-8	9.847761E-3
1.885000E-8	1.222020E-2
1.890000E-8	1.471768E-2
1.895000E-8	1.725627E-2
1.900000E-8	1.974176E-2
1.905000E-8	2.204225E-2
1.910000E-8	2.405668E-2
1.915000E-8	2.573709E-2
1.920000E-8	2.704064E-2
1.925000E-8	2.792281E-2
1.930000E-8	2.838702E-2
1.935000E-8	2.844697E-2
1.940000E-8	2.813008E-2
1.945000E-8	2.748430E-2
1.950000E-8	2.659185E-2
1.955000E-8	2.549899E-2
1.960000E-8	2.427423E-2
1.965000E-8	2.302891E-2
1.970000E-8	2.184526E-2
1.975000E-8	2.077296E-2
1.980000E-8	1.989421E-2
1.985000E-8	1.927413E-2
1.990000E-8	1.889728E-2
1.995000E-8	1.874140E-2
2.000000E-8	1.879964E-2
2.005000E-8	1.904116E-2
2.010000E-8	1.941116E-2
2.015000E-8	1.985653E-2
2.020000E-8	2.033273E-2
2.025000E-8	2.077638E-2
2.030000E-8	2.112925E-2
2.035000E-8	2.134508E-2
2.040000E-8	2.139476E-2
2.045000E-8	2.126457E-2
2.050000E-8	2.095110E-2
2.055000E-8	2.046120E-2
2.060000E-8	1.984454E-2
2.065000E-8	1.913880E-2
2.070000E-8	1.839538E-2
2.075000E-8	1.768279E-2
2.080000E-8	1.708669E-2
2.085000E-8	1.665502E-2
2.090000E-8	1.639466E-2
2.095000E-8	1.631415E-2
2.100000E-8	1.645804E-2
2.105000E-8	1.682118E-2
2.110000E-8	1.733507E-2
2.115000E-8	1.791576E-2
2.120000E-8	1.851358E-2
2.125000E-8	1.908570E-2
2.130000E-8	1.956875E-2
2.135000E-8	1.988565E-2
2.140000E-8	2.000556E-2
2.145000E-8	1.993704E-2
2.150000E-8	1.969722E-2
2.155000E-8	1.929126E-2
2.160000E-8	1.874996E-2
2.165000E-8	1.813844E-2
2.170000E-8	1.749608E-2
2.175000E-8	1.687086E-2
2.180000E-8	1.634669E-2
2.185000E-8	1.598869E-2
2.190000E-8	1.580369E-2
2.195000E-8	1.581225E-2
2.200000E-8	1.602809E-2
2.205000E-8	1.640493E-2
2.210000E-8	1.688456E-2
2.215000E-8	1.742414E-2
2.220000E-8	1.798256E-2
2.225000E-8	1.848103E-2
2.230000E-8	1.887158E-2
2.235000E-8	1.913195E-2
2.240000E-8	1.921760E-2
2.245000E-8	1.908741E-2
2.250000E-8	1.876367E-2
2.255000E-8	1.830460E-2
2.260000E-8	1.776502E-2
2.265000E-8	1.717919E-2
2.270000E-8	1.660535E-2
2.275000E-8	1.609832E-2
2.280000E-8	1.569406E-2
2.285000E-8	1.543883E-2
2.290000E-8	1.536860E-2
2.295000E-8	1.547652E-2
2.300000E-8	1.573860E-2
2.305000E-8	1.613943E-2
2.310000E-8	1.661391E-2
2.315000E-8	1.709868E-2
2.320000E-8	1.757488E-2
2.325000E-8	1.800826E-2
2.330000E-8	1.833200E-2
2.335000E-8	1.851700E-2
2.340000E-8	1.856496E-2
2.345000E-8	1.843821E-2
2.350000E-8	1.814529E-2
2.355000E-8	1.775131E-2
2.360000E-8	1.728710E-2
2.365000E-8	1.675095E-2
2.370000E-8	1.622507E-2
2.375000E-8	1.580198E-2
2.380000E-8	1.549878E-2
2.385000E-8	1.532064E-2
2.390000E-8	1.530522E-2
2.395000E-8	1.546110E-2
2.400000E-8	1.575915E-2
2.405000E-8	1.617197E-2
2.410000E-8	1.665674E-2
2.415000E-8	1.715692E-2
2.420000E-8	1.763655E-2
2.425000E-8	1.804423E-2
2.430000E-8	1.832686E-2
2.435000E-8	1.846561E-2
2.440000E-8	1.844334E-2
2.445000E-8	1.824636E-2
2.450000E-8	1.790034E-2
2.455000E-8	1.746696E-2
2.460000E-8	1.697021E-2
2.465000E-8	1.642378E-2
2.470000E-8	1.589105E-2
2.475000E-8	1.544397E-2
2.480000E-8	1.512879E-2
2.485000E-8	1.495578E-2
2.490000E-8	1.494550E-2
2.495000E-8	1.510309E-2
2.500000E-8	1.540286E-2
2.505000E-8	1.580540E-2
2.510000E-8	1.626447E-2
2.515000E-8	1.673211E-2
2.520000E-8	1.717576E-2
2.525000E-8	1.753891E-2
2.530000E-8	1.777187E-2
2.535000E-8	1.785923E-2
2.540000E-8	1.780784E-2
2.545000E-8	1.761599E-2
2.550000E-8	1.729738E-2
2.555000E-8	1.689655E-2
2.560000E-8	1.645632E-2
2.565000E-8	1.601267E-2
2.570000E-8	1.561869E-2
2.575000E-8	1.532235E-2
2.580000E-8	1.514934E-2
2.585000E-8	1.511508E-2
2.590000E-8	1.522985E-2
2.595000E-8	1.546624E-2
2.600000E-8	1.578827E-2
2.605000E-8	1.617711E-2
2.610000E-8	1.660192E-2
2.615000E-8	1.701988E-2
2.620000E-8	1.738988E-2
2.625000E-8	1.768965E-2
2.630000E-8	1.788150E-2
2.635000E-8	1.793974E-2
2.640000E-8	1.786951E-2
2.645000E-8	1.768451E-2
2.650000E-8	1.738303E-2
2.655000E-8	1.699590E-2
2.660000E-8	1.659336E-2
2.665000E-8	1.621994E-2
2.670000E-8	1.588420E-2
2.675000E-8	1.561355E-2
2.680000E-8	1.546452E-2
2.685000E-8	1.545596E-2
2.690000E-8	1.557073E-2
2.695000E-8	1.578999E-2
2.700000E-8	1.610345E-2
2.705000E-8	1.647859E-2
2.710000E-8	1.687771E-2
2.715000E-8	1.727340E-2
2.720000E-8	1.761770E-2
2.725000E-8	1.786094E-2
2.730000E-8	1.799284E-2
2.735000E-8	1.801339E-2
2.740000E-8	1.791918E-2
2.745000E-8	1.770335E-2
2.750000E-8	1.738474E-2
2.755000E-8	1.699590E-2
2.760000E-8	1.657794E-2
2.765000E-8	1.619082E-2
2.770000E-8	1.586193E-2
2.775000E-8	1.561869E-2
2.780000E-8	1.547823E-2
2.785000E-8	1.544740E-2
2.790000E-8	1.552619E-2
2.795000E-8	1.571462E-2
2.800000E-8	1.600068E-2
2.805000E-8	1.633470E-2
2.810000E-8	1.666702E-2
2.815000E-8	1.697192E-2
2.820000E-8	1.721687E-2
2.825000E-8	1.737618E-2
2.830000E-8	1.744127E-2
2.835000E-8	1.741044E-2
2.840000E-8	1.726141E-2
2.845000E-8	1.700275E-2
2.850000E-8	1.667901E-2
2.855000E-8	1.631757E-2
2.860000E-8	1.593730E-2
2.865000E-8	1.557073E-2
2.870000E-8	1.526582E-2
2.875000E-8	1.504314E-2
2.880000E-8	1.492323E-2
2.885000E-8	1.492495E-2
2.890000E-8	1.503629E-2
2.895000E-8	1.523842E-2
2.900000E-8	1.552448E-2
2.905000E-8	1.586878E-2
2.910000E-8	1.621994E-2
2.915000E-8	1.654540E-2
2.920000E-8	1.681604E-2
2.925000E-8	1.701474E-2
2.930000E-8	1.712266E-2
2.935000E-8	1.713465E-2
2.940000E-8	1.703701E-2
2.945000E-8	1.683488E-2
2.950000E-8	1.655910E-2
2.955000E-8	1.624220E-2
2.960000E-8	1.592017E-2
2.965000E-8	1.563582E-2
2.970000E-8	1.541656E-2
2.975000E-8	1.524869E-2
2.980000E-8	1.514934E-2
2.985000E-8	1.516305E-2
2.990000E-8	1.527781E-2
2.995000E-8	1.546624E-2
3.000000E-8	1.570262E-2
3.005000E-8	1.596642E-2
3.010000E-8	1.621137E-2
3.015000E-8	1.641350E-2
3.020000E-8	1.656424E-2
3.025000E-8	1.663447E-2
3.030000E-8	1.661563E-2
3.035000E-8	1.653169E-2
3.040000E-8	1.637581E-2
3.045000E-8	1.612572E-2
3.050000E-8	1.582253E-2
3.055000E-8	1.553476E-2
3.060000E-8	1.528124E-2
3.065000E-8	1.506027E-2
3.070000E-8	1.490268E-2
3.075000E-8	1.482731E-2
3.080000E-8	1.483587E-2
3.085000E-8	1.493694E-2
3.090000E-8	1.512879E-2
3.095000E-8	1.537374E-2
3.100000E-8	1.565124E-2
3.105000E-8	1.593901E-2
3.110000E-8	1.619767E-2
3.115000E-8	1.639980E-2
3.120000E-8	1.655567E-2
3.125000E-8	1.665331E-2
3.130000E-8	1.666702E-2
3.135000E-8	1.660192E-2
3.140000E-8	1.648544E-2
3.145000E-8	1.631415E-2
3.150000E-8	1.608804E-2
3.155000E-8	1.585850E-2
3.160000E-8	1.565124E-2
3.165000E-8	1.546281E-2
3.170000E-8	1.530865E-2
3.175000E-8	1.521443E-2
3.180000E-8	1.518189E-2
3.185000E-8	1.519559E-2
3.190000E-8	1.525726E-2
3.195000E-8	1.535832E-2
3.200000E-8	1.548165E-2
3.205000E-8	1.561869E-2
3.210000E-8	1.575573E-2
3.215000E-8	1.586878E-2
3.220000E-8	1.594072E-2
3.225000E-8	1.597156E-2
3.230000E-8	1.595100E-2
3.235000E-8	1.586878E-2
3.240000E-8	1.573517E-2
3.245000E-8	1.556559E-2
3.250000E-8	1.537716E-2
3.255000E-8	1.518703E-2
3.260000E-8	1.501573E-2
3.265000E-8	1.488212E-2
3.270000E-8	1.479476E-2
3.275000E-8	1.476393E-2
3.280000E-8	1.479819E-2
3.285000E-8	1.489583E-2
3.290000E-8	1.503286E-2
3.295000E-8	1.519388E-2
3.300000E-8	1.538059E-2
3.305000E-8	1.557073E-2
3.310000E-8	1.573688E-2
3.315000E-8	1.586707E-2
3.320000E-8	1.595100E-2
3.325000E-8	1.596813E-2
3.330000E-8	1.591160E-2
3.335000E-8	1.580026E-2
3.340000E-8	1.565638E-2
3.345000E-8	1.549878E-2
3.350000E-8	1.534462E-2
3.355000E-8	1.519902E-2
3.360000E-8	1.507740E-2
3.365000E-8	1.499860E-2
3.370000E-8	1.497120E-2
3.375000E-8	1.496948E-2
3.380000E-8	1.499518E-2
3.385000E-8	1.506541E-2
3.390000E-8	1.517332E-2
3.395000E-8	1.530351E-2
3.400000E-8	1.544054E-2
3.405000E-8	1.556730E-2
3.410000E-8	1.565980E-2
3.415000E-8	1.571290E-2
3.420000E-8	1.573688E-2
3.425000E-8	1.571804E-2
3.430000E-8	1.564610E-2
3.435000E-8	1.553476E-2
3.440000E-8	1.539772E-2
3.445000E-8	1.523499E-2
3.450000E-8	1.504828E-2
3.455000E-8	1.485471E-2
3.460000E-8	1.467657E-2
3.465000E-8	1.452754E-2
3.470000E-8	1.442305E-2
3.475000E-8	1.438365E-2
3.480000E-8	1.441277E-2
3.485000E-8	1.448986E-2
3.490000E-8	1.460976E-2
3.495000E-8	1.477934E-2
3.500000E-8	1.498319E-2
3.505000E-8	1.518703E-2
3.510000E-8	1.537203E-2
3.515000E-8	1.553818E-2
3.520000E-8	1.565809E-2
3.525000E-8	1.571633E-2
3.530000E-8	1.571462E-2
3.535000E-8	1.564952E-2
3.540000E-8	1.551934E-2
3.545000E-8	1.535490E-2
3.550000E-8	1.518531E-2
3.555000E-8	1.501059E-2
3.560000E-8	1.483416E-2
3.565000E-8	1.469027E-2
3.570000E-8	1.460634E-2
3.575000E-8	1.457379E-2
3.580000E-8	1.458921E-2
3.585000E-8	1.464402E-2
3.590000E-8	1.472453E-2
3.595000E-8	1.481018E-2
3.600000E-8	1.489240E-2
3.605000E-8	1.495235E-2
3.610000E-8	1.499518E-2
3.615000E-8	1.503115E-2
3.620000E-8	1.504999E-2
3.625000E-8	1.503286E-2
3.630000E-8	1.498832E-2
3.635000E-8	1.492152E-2
3.640000E-8	1.481532E-2
3.645000E-8	1.468342E-2
3.650000E-8	1.455495E-2
3.655000E-8	1.445046E-2
3.660000E-8	1.436310E-2
3.665000E-8	1.429458E-2
3.670000E-8	1.425004E-2
3.675000E-8	1.423977E-2
3.680000E-8	1.426203E-2
3.685000E-8	1.432027E-2
3.690000E-8	1.441791E-2
3.695000E-8	1.455495E-2
3.700000E-8	1.470740E-2
3.705000E-8	1.485985E-2
3.710000E-8	1.500203E-2
3.715000E-8	1.512193E-2
3.720000E-8	1.521786E-2
3.725000E-8	1.527267E-2
3.730000E-8	1.527267E-2
3.735000E-8	1.521957E-2
3.740000E-8	1.512707E-2
3.745000E-8	1.500203E-2
3.750000E-8	1.485471E-2
3.755000E-8	1.470226E-2
3.760000E-8	1.456351E-2
3.765000E-8	1.443162E-2
3.770000E-8	1.431685E-2
3.775000E-8	1.425176E-2
3.780000E-8	1.423634E-2
3.785000E-8	1.425689E-2
3.790000E-8	1.431514E-2
3.795000E-8	1.440421E-2
3.800000E-8	1.450356E-2
3.805000E-8	1.459092E-2
3.810000E-8	1.466286E-2
3.815000E-8	1.470569E-2
3.820000E-8	1.471083E-2
3.825000E-8	1.469027E-2
3.830000E-8	1.464402E-2
3.835000E-8	1.456009E-2
3.840000E-8	1.445388E-2
3.845000E-8	1.435111E-2
3.850000E-8	1.426032E-2
3.855000E-8	1.418838E-2
3.860000E-8	1.415926E-2
3.865000E-8	1.417639E-2
3.870000E-8	1.423463E-2
3.875000E-8	1.432199E-2
3.880000E-8	1.443675E-2
3.885000E-8	1.456523E-2
3.890000E-8	1.468856E-2
3.895000E-8	1.478962E-2
3.900000E-8	1.486328E-2
3.905000E-8	1.490268E-2
3.910000E-8	1.489583E-2
3.915000E-8	1.483245E-2
3.920000E-8	1.472624E-2
3.925000E-8	1.459092E-2
3.930000E-8	1.443847E-2
3.935000E-8	1.428944E-2
3.940000E-8	1.416440E-2
3.945000E-8	1.406847E-2
3.950000E-8	1.400167E-2
3.955000E-8	1.397083E-2
3.960000E-8	1.397768E-2
3.965000E-8	1.402565E-2
3.970000E-8	1.410787E-2
3.975000E-8	1.422435E-2
3.980000E-8	1.435796E-2
3.985000E-8	1.450185E-2
3.990000E-8	1.465087E-2
3.995000E-8	1.477763E-2
4.000000E-8	1.488212E-2
4.005000E-8	1.496434E-2
4.010000E-8	1.500545E-2
4.015000E-8	1.497462E-2
4.020000E-8	1.489411E-2
4.025000E-8	1.480333E-2
4.030000E-8	1.470397E-2
4.035000E-8	1.458236E-2
4.040000E-8	1.444875E-2
4.045000E-8	1.432027E-2
4.050000E-8	1.421578E-2
4.055000E-8	1.414213E-2
4.060000E-8	1.408731E-2
4.065000E-8	1.404620E-2
4.070000E-8	1.403421E-2
4.075000E-8	1.405991E-2
4.080000E-8	1.410273E-2
4.085000E-8	1.415240E-2
4.090000E-8	1.420379E-2
4.095000E-8	1.426203E-2
4.100000E-8	1.432541E-2
4.105000E-8	1.438708E-2
4.110000E-8	1.442134E-2
4.115000E-8	1.442648E-2
4.120000E-8	1.442476E-2
4.125000E-8	1.441277E-2
4.130000E-8	1.437851E-2
4.135000E-8	1.433055E-2
4.140000E-8	1.429115E-2
4.145000E-8	1.424833E-2
4.150000E-8	1.419352E-2
4.155000E-8	1.413870E-2
4.160000E-8	1.409930E-2
4.165000E-8	1.408217E-2
4.170000E-8	1.406847E-2
4.175000E-8	1.405477E-2
4.180000E-8	1.405305E-2
4.185000E-8	1.407704E-2
4.190000E-8	1.412157E-2
4.195000E-8	1.416440E-2
4.200000E-8	1.420722E-2
4.205000E-8	1.427231E-2
4.210000E-8	1.435282E-2
4.215000E-8	1.442476E-2
4.220000E-8	1.446759E-2
4.225000E-8	1.448472E-2
4.230000E-8	1.446930E-2
4.235000E-8	1.442819E-2
4.240000E-8	1.436824E-2
4.245000E-8	1.428430E-2
4.250000E-8	1.418153E-2
4.255000E-8	1.406504E-2
4.260000E-8	1.395199E-2
4.265000E-8	1.384750E-2
4.270000E-8	1.376357E-2
4.275000E-8	1.370361E-2
4.280000E-8	1.367792E-2
4.285000E-8	1.369847E-2
4.290000E-8	1.376185E-2
4.295000E-8	1.384921E-2
4.300000E-8	1.395199E-2
4.305000E-8	1.407704E-2
4.310000E-8	1.421065E-2
4.315000E-8	1.432541E-2
4.320000E-8	1.440763E-2
4.325000E-8	1.445731E-2
4.330000E-8	1.448129E-2
4.335000E-8	1.447787E-2
4.340000E-8	1.445217E-2
4.345000E-8	1.440421E-2
4.350000E-8	1.433398E-2
4.355000E-8	1.425518E-2
4.360000E-8	1.418666E-2
4.365000E-8	1.415069E-2
4.370000E-8	1.413356E-2
4.375000E-8	1.412842E-2
4.380000E-8	1.413870E-2
4.385000E-8	1.416440E-2
4.390000E-8	1.419694E-2
4.395000E-8	1.422777E-2
4.400000E-8	1.425347E-2
4.405000E-8	1.427231E-2
4.410000E-8	1.428601E-2
4.415000E-8	1.428773E-2
4.420000E-8	1.426889E-2
4.425000E-8	1.424148E-2
4.430000E-8	1.421065E-2
4.435000E-8	1.416268E-2
4.440000E-8	1.409074E-2
4.445000E-8	1.401194E-2
4.450000E-8	1.395199E-2
4.455000E-8	1.389375E-2
4.460000E-8	1.381324E-2
4.465000E-8	1.372417E-2
4.470000E-8	1.365394E-2
4.475000E-8	1.360255E-2
4.480000E-8	1.355801E-2
4.485000E-8	1.352033E-2
4.490000E-8	1.350834E-2
4.495000E-8	1.350834E-2
4.500000E-8	1.349635E-2
4.505000E-8	1.348264E-2
4.510000E-8	1.348949E-2
4.515000E-8	1.350320E-2
4.520000E-8	1.350834E-2
4.525000E-8	1.351005E-2
4.530000E-8	1.351176E-2
4.535000E-8	1.351176E-2
4.540000E-8	1.351176E-2
4.545000E-8	1.351176E-2
4.550000E-8	1.350148E-2
4.555000E-8	1.349977E-2
4.560000E-8	1.351690E-2
4.565000E-8	1.352204E-2
4.570000E-8	1.351519E-2
4.575000E-8	1.351861E-2
4.580000E-8	1.353574E-2
4.585000E-8	1.354773E-2
4.590000E-8	1.356829E-2
4.595000E-8	1.361283E-2
4.600000E-8	1.366593E-2
4.605000E-8	1.371732E-2
4.610000E-8	1.377213E-2
4.615000E-8	1.381495E-2
4.620000E-8	1.382694E-2
4.625000E-8	1.380468E-2
4.630000E-8	1.376014E-2
4.635000E-8	1.370019E-2
4.640000E-8	1.362310E-2
4.645000E-8	1.354259E-2
4.650000E-8	1.346722E-2
4.655000E-8	1.339186E-2
4.660000E-8	1.332334E-2
4.665000E-8	1.328051E-2
4.670000E-8	1.326852E-2
4.675000E-8	1.327195E-2
4.680000E-8	1.330621E-2
4.685000E-8	1.336273E-2
4.690000E-8	1.341926E-2
4.695000E-8	1.347236E-2
4.700000E-8	1.352547E-2
4.705000E-8	1.356486E-2
4.710000E-8	1.357685E-2
4.715000E-8	1.356315E-2
4.720000E-8	1.353574E-2
4.725000E-8	1.349463E-2
4.730000E-8	1.344324E-2
4.735000E-8	1.339186E-2
4.740000E-8	1.334903E-2
4.745000E-8	1.331477E-2
4.750000E-8	1.329079E-2
4.755000E-8	1.327880E-2
4.760000E-8	1.327024E-2
4.765000E-8	1.325824E-2
4.770000E-8	1.325311E-2
4.775000E-8	1.325311E-2
4.780000E-8	1.324112E-2
4.785000E-8	1.322227E-2
4.790000E-8	1.321713E-2
4.795000E-8	1.321885E-2
4.800000E-8	1.321371E-2
4.805000E-8	1.322227E-2
4.810000E-8	1.325311E-2
4.815000E-8	1.328051E-2
4.820000E-8	1.330449E-2
4.825000E-8	1.333533E-2
4.830000E-8	1.336102E-2
4.835000E-8	1.337473E-2
4.840000E-8	1.338672E-2
4.845000E-8	1.339186E-2
4.850000E-8	1.337986E-2
4.855000E-8	1.335931E-2
4.860000E-8	1.334047E-2
4.865000E-8	1.331820E-2
4.870000E-8	1.329250E-2
4.875000E-8	1.327366E-2
4.880000E-8	1.325824E-2
4.885000E-8	1.324797E-2
4.890000E-8	1.324625E-2
4.895000E-8	1.325482E-2
4.900000E-8	1.327880E-2
4.905000E-8	1.333190E-2
4.910000E-8	1.339014E-2
4.915000E-8	1.343468E-2
4.920000E-8	1.347065E-2
4.925000E-8	1.350834E-2
4.930000E-8	1.353403E-2
4.935000E-8	1.353403E-2
4.940000E-8	1.351861E-2
4.945000E-8	1.349463E-2
4.950000E-8	1.346894E-2
4.955000E-8	1.344667E-2
4.960000E-8	1.342954E-2
4.965000E-8	1.341755E-2
4.970000E-8	1.341241E-2
4.975000E-8	1.341070E-2
4.980000E-8	1.339871E-2
4.985000E-8	1.338158E-2
4.990000E-8	1.336787E-2
4.995000E-8	1.335588E-2
5.000000E-8	1.334389E-2
5.005000E-8	1.332334E-2
5.010000E-8	1.329593E-2
5.015000E-8	1.326167E-2
5.020000E-8	1.321885E-2
5.025000E-8	1.316575E-2
5.030000E-8	1.310751E-2
5.035000E-8	1.304584E-2
5.040000E-8	1.298075E-2
5.045000E-8	1.292251E-2
5.050000E-8	1.287797E-2
5.055000E-8	1.283857E-2
5.060000E-8	1.281630E-2
5.065000E-8	1.282487E-2
5.070000E-8	1.286084E-2
5.075000E-8	1.290366E-2
5.080000E-8	1.296019E-2
5.085000E-8	1.304413E-2
5.090000E-8	1.314176E-2
5.095000E-8	1.323940E-2
5.100000E-8	1.332505E-2
5.105000E-8	1.339186E-2
5.110000E-8	1.343639E-2
5.115000E-8	1.345523E-2
5.120000E-8	1.344496E-2
5.125000E-8	1.340727E-2
5.130000E-8	1.335931E-2
5.135000E-8	1.330792E-2
5.140000E-8	1.324454E-2
5.145000E-8	1.317945E-2
5.150000E-8	1.312977E-2
5.155000E-8	1.309894E-2
5.160000E-8	1.308010E-2
5.165000E-8	1.308352E-2
5.170000E-8	1.311264E-2
5.175000E-8	1.315889E-2
5.180000E-8	1.320686E-2
5.185000E-8	1.325139E-2
5.190000E-8	1.328051E-2
5.195000E-8	1.327709E-2
5.200000E-8	1.324283E-2
5.205000E-8	1.317945E-2
5.210000E-8	1.308181E-2
5.215000E-8	1.296019E-2
5.220000E-8	1.283857E-2
5.225000E-8	1.272038E-2
5.230000E-8	1.262103E-2
5.235000E-8	1.254737E-2
5.240000E-8	1.249770E-2
5.245000E-8	1.246344E-2
5.250000E-8	1.245658E-2
5.255000E-8	1.248399E-2
5.260000E-8	1.253709E-2
5.265000E-8	1.259705E-2
5.270000E-8	1.265357E-2
5.275000E-8	1.269811E-2
5.280000E-8	1.272552E-2
5.285000E-8	1.273237E-2
5.290000E-8	1.271695E-2
5.295000E-8	1.269468E-2
5.300000E-8	1.266385E-2
5.305000E-8	1.261075E-2
5.310000E-8	1.253881E-2
5.315000E-8	1.246686E-2
5.320000E-8	1.241890E-2
5.325000E-8	1.239492E-2
5.330000E-8	1.238978E-2
5.335000E-8	1.239663E-2
5.340000E-8	1.242404E-2
5.345000E-8	1.248057E-2
5.350000E-8	1.254566E-2
5.355000E-8	1.260047E-2
5.360000E-8	1.265186E-2
5.365000E-8	1.270839E-2
5.370000E-8	1.274779E-2
5.375000E-8	1.275635E-2
5.380000E-8	1.274950E-2
5.385000E-8	1.273066E-2
5.390000E-8	1.269982E-2
5.395000E-8	1.265700E-2
5.400000E-8	1.262274E-2
5.405000E-8	1.260390E-2
5.410000E-8	1.259019E-2
5.415000E-8	1.258334E-2
5.420000E-8	1.259876E-2
5.425000E-8	1.263131E-2
5.430000E-8	1.267070E-2
5.435000E-8	1.271695E-2
5.440000E-8	1.276149E-2
5.445000E-8	1.279061E-2
5.450000E-8	1.280089E-2
5.455000E-8	1.279575E-2
5.460000E-8	1.277519E-2
5.465000E-8	1.273922E-2
5.470000E-8	1.270496E-2
5.475000E-8	1.268098E-2
5.480000E-8	1.266043E-2
5.485000E-8	1.264843E-2
5.490000E-8	1.265186E-2
5.495000E-8	1.266556E-2
5.500000E-8	1.268269E-2
5.505000E-8	1.269982E-2
5.510000E-8	1.270154E-2
5.515000E-8	1.268612E-2
5.520000E-8	1.266214E-2
5.525000E-8	1.262959E-2
5.530000E-8	1.257478E-2
5.535000E-8	1.249770E-2
5.540000E-8	1.242404E-2
5.545000E-8	1.236751E-2
5.550000E-8	1.232469E-2
5.555000E-8	1.228872E-2
5.560000E-8	1.227159E-2
5.565000E-8	1.226473E-2
5.570000E-8	1.225788E-2
5.575000E-8	1.225274E-2
5.580000E-8	1.225617E-2
5.585000E-8	1.225617E-2
5.590000E-8	1.224075E-2
5.595000E-8	1.222876E-2
5.600000E-8	1.223219E-2
5.605000E-8	1.224418E-2
5.610000E-8	1.227159E-2
5.615000E-8	1.232469E-2
5.620000E-8	1.238978E-2
5.625000E-8	1.246172E-2
5.630000E-8	1.254566E-2
5.635000E-8	1.263644E-2
5.640000E-8	1.270668E-2
5.645000E-8	1.275292E-2
5.650000E-8	1.277519E-2
5.655000E-8	1.275292E-2
5.660000E-8	1.267755E-2
5.665000E-8	1.257306E-2
5.670000E-8	1.244288E-2
5.675000E-8	1.229043E-2
5.680000E-8	1.213969E-2
5.685000E-8	1.202663E-2
5.690000E-8	1.195983E-2
5.695000E-8	1.193927E-2
5.700000E-8	1.196668E-2
5.705000E-8	1.203520E-2
5.710000E-8	1.213112E-2
5.715000E-8	1.224418E-2
5.720000E-8	1.236580E-2
5.725000E-8	1.248570E-2
5.730000E-8	1.258848E-2
5.735000E-8	1.266214E-2
5.740000E-8	1.270154E-2
5.745000E-8	1.270668E-2
5.750000E-8	1.267755E-2
5.755000E-8	1.261931E-2
5.760000E-8	1.255251E-2
5.765000E-8	1.249256E-2
5.770000E-8	1.243945E-2
5.775000E-8	1.240348E-2
5.780000E-8	1.240348E-2
5.785000E-8	1.243945E-2
5.790000E-8	1.248913E-2
5.795000E-8	1.255765E-2
5.800000E-8	1.264843E-2
5.805000E-8	1.273408E-2
5.810000E-8	1.279575E-2
5.815000E-8	1.283172E-2
5.820000E-8	1.285228E-2
5.825000E-8	1.285228E-2
5.830000E-8	1.282487E-2
5.835000E-8	1.278204E-2
5.840000E-8	1.274265E-2
5.845000E-8	1.270496E-2
5.850000E-8	1.265871E-2
5.855000E-8	1.260732E-2
5.860000E-8	1.257478E-2
5.865000E-8	1.256107E-2
5.870000E-8	1.255251E-2
5.875000E-8	1.254223E-2
5.880000E-8	1.252853E-2
5.885000E-8	1.250797E-2
5.890000E-8	1.247543E-2
5.895000E-8	1.243260E-2
5.900000E-8	1.238464E-2
5.905000E-8	1.233325E-2
5.910000E-8	1.228529E-2
5.915000E-8	1.224247E-2
5.920000E-8	1.222362E-2
5.925000E-8	1.223390E-2
5.930000E-8	1.225960E-2
5.935000E-8	1.228186E-2
5.940000E-8	1.231098E-2
5.945000E-8	1.235209E-2
5.950000E-8	1.239149E-2
5.955000E-8	1.242233E-2
5.960000E-8	1.244288E-2
5.965000E-8	1.244802E-2
5.970000E-8	1.244631E-2
5.975000E-8	1.243945E-2
5.980000E-8	1.242061E-2
5.985000E-8	1.239321E-2
5.990000E-8	1.236409E-2
5.995000E-8	1.232640E-2
6.000000E-8	1.227159E-2
6.005000E-8	1.222534E-2
6.010000E-8	1.218423E-2
6.015000E-8	1.212598E-2
6.020000E-8	1.205404E-2
6.025000E-8	1.198210E-2
6.030000E-8	1.191015E-2
6.035000E-8	1.184164E-2
6.040000E-8	1.178853E-2
6.045000E-8	1.176284E-2
6.050000E-8	1.176284E-2
6.055000E-8	1.179710E-2
6.060000E-8	1.185534E-2
6.065000E-8	1.193585E-2
6.070000E-8	1.204719E-2
6.075000E-8	1.217052E-2
6.080000E-8	1.227330E-2
6.085000E-8	1.235381E-2
6.090000E-8	1.241719E-2
6.095000E-8	1.244459E-2
6.100000E-8	1.242918E-2
6.105000E-8	1.240006E-2
6.110000E-8	1.235381E-2
6.115000E-8	1.228529E-2
6.120000E-8	1.220992E-2
6.125000E-8	1.214483E-2
6.130000E-8	1.208659E-2
6.135000E-8	1.203520E-2
6.140000E-8	1.200094E-2
6.145000E-8	1.199409E-2
6.150000E-8	1.201293E-2
6.155000E-8	1.204548E-2
6.160000E-8	1.208316E-2
6.165000E-8	1.213112E-2
6.170000E-8	1.218423E-2
6.175000E-8	1.222534E-2
6.180000E-8	1.224932E-2
6.185000E-8	1.227672E-2
6.190000E-8	1.229557E-2
6.195000E-8	1.228700E-2
6.200000E-8	1.226473E-2
6.205000E-8	1.222876E-2
6.210000E-8	1.216024E-2
6.215000E-8	1.207974E-2
6.220000E-8	1.202150E-2
6.225000E-8	1.196839E-2
6.230000E-8	1.190501E-2
6.235000E-8	1.186390E-2
6.240000E-8	1.185191E-2
6.245000E-8	1.185191E-2
6.250000E-8	1.186219E-2
6.255000E-8	1.188617E-2
6.260000E-8	1.191358E-2
6.265000E-8	1.194099E-2
6.270000E-8	1.197353E-2
6.275000E-8	1.199237E-2
6.280000E-8	1.197867E-2
6.285000E-8	1.195812E-2
6.290000E-8	1.193756E-2
6.295000E-8	1.189302E-2
6.300000E-8	1.183307E-2
6.305000E-8	1.179710E-2
6.310000E-8	1.179025E-2
6.315000E-8	1.178511E-2
6.320000E-8	1.179025E-2
6.325000E-8	1.182108E-2
6.330000E-8	1.186390E-2
6.335000E-8	1.189988E-2
6.340000E-8	1.194270E-2
6.345000E-8	1.198724E-2
6.350000E-8	1.201807E-2
6.355000E-8	1.203520E-2
6.360000E-8	1.203006E-2
6.365000E-8	1.198724E-2
6.370000E-8	1.191701E-2
6.375000E-8	1.184506E-2
6.380000E-8	1.177483E-2
6.385000E-8	1.171145E-2
6.390000E-8	1.166178E-2
6.395000E-8	1.162066E-2
6.400000E-8	1.157442E-2
6.405000E-8	1.153330E-2
6.410000E-8	1.151104E-2
6.415000E-8	1.150076E-2
6.420000E-8	1.149733E-2
6.425000E-8	1.151104E-2
6.430000E-8	1.153844E-2
6.435000E-8	1.157613E-2
6.440000E-8	1.162923E-2
6.445000E-8	1.169603E-2
6.450000E-8	1.175770E-2
6.455000E-8	1.181594E-2
6.460000E-8	1.187589E-2
6.465000E-8	1.192557E-2
6.470000E-8	1.194270E-2
6.475000E-8	1.192728E-2
6.480000E-8	1.189645E-2
6.485000E-8	1.185705E-2
6.490000E-8	1.179710E-2
6.495000E-8	1.171830E-2
6.500000E-8	1.164465E-2
6.505000E-8	1.158812E-2
6.510000E-8	1.154872E-2
6.515000E-8	1.152303E-2
6.520000E-8	1.151960E-2
6.525000E-8	1.154016E-2
6.530000E-8	1.158127E-2
6.535000E-8	1.164293E-2
6.540000E-8	1.171488E-2
6.545000E-8	1.177483E-2
6.550000E-8	1.181937E-2
6.555000E-8	1.185020E-2
6.560000E-8	1.187589E-2
6.565000E-8	1.188960E-2
6.570000E-8	1.188788E-2
6.575000E-8	1.186390E-2
6.580000E-8	1.183307E-2
6.585000E-8	1.180566E-2
6.590000E-8	1.177654E-2
6.595000E-8	1.174057E-2
6.600000E-8	1.171145E-2
6.605000E-8	1.169090E-2
6.610000E-8	1.166349E-2
6.615000E-8	1.163437E-2
6.620000E-8	1.161895E-2
6.625000E-8	1.160182E-2
6.630000E-8	1.157784E-2
6.635000E-8	1.156756E-2
6.640000E-8	1.158469E-2
6.645000E-8	1.161039E-2
6.650000E-8	1.163608E-2
6.655000E-8	1.166863E-2
6.660000E-8	1.169775E-2
6.665000E-8	1.170974E-2
6.670000E-8	1.171488E-2
6.675000E-8	1.171145E-2
6.680000E-8	1.170117E-2
6.685000E-8	1.169261E-2
6.690000E-8	1.169090E-2
6.695000E-8	1.169090E-2
6.700000E-8	1.169261E-2
6.705000E-8	1.170289E-2
6.710000E-8	1.171488E-2
6.715000E-8	1.173029E-2
6.720000E-8	1.175085E-2
6.725000E-8	1.176798E-2
6.730000E-8	1.176627E-2
6.735000E-8	1.174571E-2
6.740000E-8	1.171316E-2
6.745000E-8	1.167548E-2
6.750000E-8	1.163094E-2
6.755000E-8	1.156928E-2
6.760000E-8	1.150932E-2
6.765000E-8	1.146993E-2
6.770000E-8	1.144252E-2
6.775000E-8	1.140655E-2
6.780000E-8	1.138942E-2
6.785000E-8	1.139798E-2
6.790000E-8	1.140483E-2
6.795000E-8	1.140655E-2
6.800000E-8	1.142368E-2
6.805000E-8	1.143909E-2
6.810000E-8	1.142539E-2
6.815000E-8	1.139798E-2
6.820000E-8	1.137057E-2
6.825000E-8	1.133460E-2
6.830000E-8	1.129520E-2
6.835000E-8	1.126951E-2
6.840000E-8	1.125238E-2
6.845000E-8	1.123696E-2
6.850000E-8	1.123354E-2
6.855000E-8	1.124724E-2
6.860000E-8	1.127465E-2
6.865000E-8	1.131747E-2
6.870000E-8	1.136715E-2
6.875000E-8	1.140826E-2
6.880000E-8	1.144080E-2
6.885000E-8	1.148192E-2
6.890000E-8	1.151789E-2
6.895000E-8	1.152817E-2
6.900000E-8	1.152645E-2
6.905000E-8	1.152474E-2
6.910000E-8	1.151617E-2
6.915000E-8	1.149391E-2
6.920000E-8	1.146479E-2
6.925000E-8	1.143224E-2
6.930000E-8	1.139969E-2
6.935000E-8	1.136544E-2
6.940000E-8	1.132432E-2
6.945000E-8	1.128150E-2
6.950000E-8	1.124553E-2
6.955000E-8	1.122326E-2
6.960000E-8	1.121470E-2
6.965000E-8	1.121641E-2
6.970000E-8	1.122840E-2
6.975000E-8	1.125067E-2
6.980000E-8	1.128835E-2
6.985000E-8	1.132946E-2
6.990000E-8	1.136544E-2
6.995000E-8	1.140483E-2
7.000000E-8	1.144594E-2
7.005000E-8	1.147506E-2
7.010000E-8	1.149048E-2
7.015000E-8	1.148705E-2
7.020000E-8	1.147164E-2
7.025000E-8	1.145280E-2
7.030000E-8	1.143738E-2
7.035000E-8	1.141511E-2
7.040000E-8	1.137743E-2
7.045000E-8	1.133974E-2
7.050000E-8	1.131233E-2
7.055000E-8	1.129178E-2
7.060000E-8	1.127636E-2
7.065000E-8	1.127294E-2
7.070000E-8	1.128150E-2
7.075000E-8	1.129349E-2
7.080000E-8	1.130719E-2
7.085000E-8	1.133118E-2
7.090000E-8	1.136372E-2
7.095000E-8	1.138770E-2
7.100000E-8	1.139969E-2
7.105000E-8	1.142196E-2
7.110000E-8	1.144766E-2
7.115000E-8	1.145965E-2
7.120000E-8	1.145793E-2
7.125000E-8	1.145280E-2
7.130000E-8	1.143567E-2
7.135000E-8	1.139627E-2
7.140000E-8	1.135002E-2
7.145000E-8	1.130891E-2
7.150000E-8	1.126437E-2
7.155000E-8	1.121127E-2
7.160000E-8	1.115646E-2
7.165000E-8	1.111192E-2
7.170000E-8	1.107423E-2
7.175000E-8	1.103141E-2
7.180000E-8	1.098687E-2
7.185000E-8	1.096118E-2
7.190000E-8	1.094919E-2
7.195000E-8	1.094062E-2
7.200000E-8	1.094576E-2
7.205000E-8	1.096460E-2
7.210000E-8	1.097660E-2
7.215000E-8	1.097317E-2
7.220000E-8	1.096803E-2
7.225000E-8	1.096289E-2
7.230000E-8	1.094748E-2
7.235000E-8	1.092349E-2
7.240000E-8	1.091493E-2
7.245000E-8	1.091493E-2
7.250000E-8	1.091150E-2
7.255000E-8	1.090636E-2
7.260000E-8	1.090808E-2
7.265000E-8	1.091836E-2
7.270000E-8	1.093035E-2
7.275000E-8	1.095261E-2
7.280000E-8	1.098687E-2
7.285000E-8	1.102798E-2
7.290000E-8	1.107252E-2
7.295000E-8	1.111192E-2
7.300000E-8	1.113247E-2
7.305000E-8	1.113933E-2
7.310000E-8	1.115303E-2
7.315000E-8	1.117358E-2
7.320000E-8	1.118558E-2
7.325000E-8	1.118386E-2
7.330000E-8	1.118558E-2
7.335000E-8	1.118900E-2
7.340000E-8	1.118729E-2
7.345000E-8	1.117872E-2
7.350000E-8	1.117358E-2
7.355000E-8	1.116845E-2
7.360000E-8	1.115303E-2
7.365000E-8	1.113419E-2
7.370000E-8	1.111877E-2
7.375000E-8	1.110335E-2
7.380000E-8	1.107937E-2
7.385000E-8	1.105882E-2
7.390000E-8	1.105025E-2
7.395000E-8	1.103655E-2
7.400000E-8	1.100743E-2
7.405000E-8	1.098002E-2
7.410000E-8	1.095261E-2
7.415000E-8	1.093377E-2
7.420000E-8	1.092692E-2
7.425000E-8	1.092692E-2
7.430000E-8	1.093548E-2
7.435000E-8	1.096460E-2
7.440000E-8	1.100400E-2
7.445000E-8	1.103655E-2
7.450000E-8	1.107252E-2
7.455000E-8	1.111877E-2
7.460000E-8	1.116673E-2
7.465000E-8	1.120270E-2
7.470000E-8	1.121983E-2
7.475000E-8	1.121983E-2
7.480000E-8	1.120099E-2
7.485000E-8	1.117016E-2
7.490000E-8	1.113419E-2
7.495000E-8	1.109308E-2
7.500000E-8	1.105539E-2
7.505000E-8	1.102627E-2
7.510000E-8	1.100743E-2
7.515000E-8	1.099886E-2
7.520000E-8	1.099201E-2
7.525000E-8	1.099372E-2
7.530000E-8	1.100400E-2
7.535000E-8	1.101257E-2
7.540000E-8	1.101599E-2
7.545000E-8	1.103655E-2
7.550000E-8	1.107252E-2
7.555000E-8	1.110164E-2
7.560000E-8	1.111534E-2
7.565000E-8	1.111706E-2
7.570000E-8	1.110849E-2
7.575000E-8	1.109308E-2
7.580000E-8	1.107423E-2
7.585000E-8	1.105025E-2
7.590000E-8	1.102627E-2
7.595000E-8	1.100914E-2
7.600000E-8	1.099030E-2
7.605000E-8	1.095433E-2
7.610000E-8	1.090465E-2
7.615000E-8	1.083956E-2
7.620000E-8	1.076762E-2
7.625000E-8	1.069738E-2
7.630000E-8	1.064086E-2
7.635000E-8	1.058776E-2
7.640000E-8	1.054322E-2
7.645000E-8	1.052952E-2
7.650000E-8	1.055007E-2
7.655000E-8	1.059118E-2
7.660000E-8	1.065285E-2
7.665000E-8	1.073850E-2
7.670000E-8	1.083271E-2
7.675000E-8	1.092692E-2
7.680000E-8	1.102798E-2
7.685000E-8	1.111706E-2
7.690000E-8	1.116502E-2
7.695000E-8	1.118558E-2
7.700000E-8	1.119414E-2
7.705000E-8	1.118044E-2
7.710000E-8	1.113247E-2
7.715000E-8	1.106909E-2
7.720000E-8	1.100058E-2
7.725000E-8	1.092692E-2
7.730000E-8	1.085840E-2
7.735000E-8	1.080016E-2
7.740000E-8	1.074706E-2
7.745000E-8	1.070766E-2
7.750000E-8	1.068368E-2
7.755000E-8	1.066998E-2
7.760000E-8	1.065970E-2
7.765000E-8	1.065627E-2
7.770000E-8	1.064771E-2
7.775000E-8	1.063401E-2
7.780000E-8	1.062544E-2
7.785000E-8	1.062544E-2
7.790000E-8	1.064600E-2
7.795000E-8	1.069225E-2
7.800000E-8	1.076590E-2
7.805000E-8	1.085326E-2
7.810000E-8	1.094919E-2
7.815000E-8	1.105368E-2
7.820000E-8	1.115474E-2
7.825000E-8	1.124210E-2
7.830000E-8	1.131576E-2
7.835000E-8	1.137057E-2
7.840000E-8	1.139113E-2
7.845000E-8	1.137743E-2
7.850000E-8	1.133803E-2
7.855000E-8	1.127979E-2
7.860000E-8	1.120099E-2
7.865000E-8	1.110507E-2
7.870000E-8	1.100229E-2
7.875000E-8	1.090465E-2
7.880000E-8	1.082243E-2
7.885000E-8	1.074192E-2
7.890000E-8	1.065970E-2
7.895000E-8	1.060489E-2
7.900000E-8	1.058776E-2
7.905000E-8	1.058947E-2
7.910000E-8	1.060317E-2
7.915000E-8	1.063743E-2
7.920000E-8	1.068711E-2
7.925000E-8	1.073678E-2
7.930000E-8	1.078988E-2
7.935000E-8	1.084641E-2
7.940000E-8	1.089437E-2
7.945000E-8	1.092863E-2
7.950000E-8	1.095433E-2
7.955000E-8	1.095433E-2
7.960000E-8	1.092692E-2
7.965000E-8	1.087896E-2
7.970000E-8	1.081558E-2
7.975000E-8	1.073164E-2
7.980000E-8	1.063058E-2
7.985000E-8	1.051924E-2
7.990000E-8	1.041303E-2
7.995000E-8	1.032739E-2
8.000000E-8	1.025887E-2
8.005000E-8	1.019720E-2
8.010000E-8	1.015781E-2
8.015000E-8	1.014924E-2
8.020000E-8	1.015781E-2
8.025000E-8	1.017836E-2
8.030000E-8	1.022461E-2
8.035000E-8	1.029142E-2
8.040000E-8	1.035308E-2
8.045000E-8	1.040618E-2
8.050000E-8	1.045243E-2
8.055000E-8	1.048498E-2
8.060000E-8	1.049697E-2
8.065000E-8	1.049012E-2
8.070000E-8	1.046785E-2
8.075000E-8	1.044729E-2
8.080000E-8	1.044044E-2
8.085000E-8	1.044901E-2
8.090000E-8	1.045757E-2
8.095000E-8	1.047299E-2
8.100000E-8	1.049354E-2
8.105000E-8	1.052095E-2
8.110000E-8	1.055350E-2
8.115000E-8	1.059289E-2
8.120000E-8	1.063058E-2
8.125000E-8	1.065456E-2
8.130000E-8	1.067340E-2
8.135000E-8	1.068539E-2
8.140000E-8	1.067340E-2
8.145000E-8	1.064086E-2
8.150000E-8	1.059632E-2
8.155000E-8	1.055007E-2
8.160000E-8	1.051067E-2
8.165000E-8	1.047984E-2
8.170000E-8	1.045415E-2
8.175000E-8	1.043359E-2
8.180000E-8	1.041475E-2
8.185000E-8	1.039591E-2
8.190000E-8	1.037878E-2
8.195000E-8	1.037535E-2
8.200000E-8	1.039077E-2
8.205000E-8	1.042331E-2
8.210000E-8	1.046956E-2
8.215000E-8	1.052438E-2
8.220000E-8	1.057919E-2
8.225000E-8	1.062544E-2
8.230000E-8	1.065627E-2
8.235000E-8	1.067854E-2
8.240000E-8	1.069053E-2
8.245000E-8	1.068197E-2
8.250000E-8	1.065799E-2
8.255000E-8	1.062373E-2
8.260000E-8	1.057919E-2
8.265000E-8	1.052609E-2
8.270000E-8	1.047641E-2
8.275000E-8	1.043359E-2
8.280000E-8	1.039419E-2
8.285000E-8	1.035822E-2
8.290000E-8	1.034623E-2
8.295000E-8	1.035479E-2
8.300000E-8	1.036336E-2
8.305000E-8	1.037878E-2
8.310000E-8	1.040447E-2
8.315000E-8	1.042160E-2
8.320000E-8	1.041132E-2
8.325000E-8	1.039762E-2
8.330000E-8	1.039591E-2
8.335000E-8	1.039077E-2
8.340000E-8	1.036679E-2
8.345000E-8	1.033081E-2
8.350000E-8	1.029142E-2
8.355000E-8	1.025373E-2
8.360000E-8	1.021776E-2
8.365000E-8	1.017665E-2
8.370000E-8	1.013382E-2
8.375000E-8	1.010299E-2
8.380000E-8	1.009271E-2
8.385000E-8	1.008757E-2
8.390000E-8	1.008415E-2
8.395000E-8	1.009100E-2
8.400000E-8	1.010299E-2
8.405000E-8	1.012697E-2
8.410000E-8	1.016808E-2
8.415000E-8	1.021262E-2
8.420000E-8	1.025716E-2
8.425000E-8	1.030854E-2
8.430000E-8	1.035822E-2
8.435000E-8	1.039591E-2
8.440000E-8	1.043359E-2
8.445000E-8	1.047128E-2
8.450000E-8	1.049012E-2
8.455000E-8	1.049354E-2
8.460000E-8	1.049354E-2
8.465000E-8	1.048669E-2
8.470000E-8	1.047128E-2
8.475000E-8	1.044729E-2
8.480000E-8	1.043016E-2
8.485000E-8	1.042331E-2
8.490000E-8	1.041817E-2
8.495000E-8	1.041303E-2
8.500000E-8	1.041475E-2
8.505000E-8	1.042160E-2
8.510000E-8	1.041646E-2
8.515000E-8	1.039933E-2
8.520000E-8	1.038905E-2
8.525000E-8	1.038391E-2
8.530000E-8	1.036679E-2
8.535000E-8	1.035137E-2
8.540000E-8	1.033595E-2
8.545000E-8	1.030854E-2
8.550000E-8	1.028970E-2
8.555000E-8	1.029655E-2
8.560000E-8	1.031711E-2
8.565000E-8	1.033767E-2
8.570000E-8	1.036507E-2
8.575000E-8	1.039933E-2
8.580000E-8	1.042331E-2
8.585000E-8	1.043188E-2
8.590000E-8	1.043359E-2
8.595000E-8	1.043359E-2
8.600000E-8	1.044558E-2
8.605000E-8	1.046100E-2
8.610000E-8	1.046271E-2
8.615000E-8	1.044387E-2
8.620000E-8	1.041989E-2
8.625000E-8	1.039762E-2
8.630000E-8	1.035479E-2
8.635000E-8	1.028114E-2
8.640000E-8	1.019720E-2
8.645000E-8	1.012183E-2
8.650000E-8	1.003619E-2
8.655000E-8	9.935122E-3
8.660000E-8	9.835771E-3
8.665000E-8	9.763827E-3
8.670000E-8	9.722716E-3
8.675000E-8	9.707300E-3
8.680000E-8	9.726142E-3
8.685000E-8	9.779243E-3
8.690000E-8	9.852900E-3
8.695000E-8	9.936835E-3
8.700000E-8	1.003447E-2
8.705000E-8	1.013896E-2
8.710000E-8	1.023660E-2
8.715000E-8	1.032396E-2
8.720000E-8	1.039419E-2
8.725000E-8	1.044387E-2
8.730000E-8	1.046956E-2
8.735000E-8	1.047299E-2
8.740000E-8	1.045072E-2
8.745000E-8	1.041989E-2
8.750000E-8	1.039248E-2
8.755000E-8	1.035651E-2
8.760000E-8	1.030683E-2
8.765000E-8	1.025716E-2
8.770000E-8	1.021433E-2
8.775000E-8	1.016980E-2
8.780000E-8	1.013554E-2
8.785000E-8	1.012697E-2
8.790000E-8	1.013554E-2
8.795000E-8	1.014068E-2
8.800000E-8	1.014924E-2
8.805000E-8	1.016808E-2
8.810000E-8	1.017836E-2
8.815000E-8	1.017836E-2
8.820000E-8	1.018350E-2
8.825000E-8	1.018864E-2
8.830000E-8	1.017836E-2
8.835000E-8	1.016294E-2
8.840000E-8	1.015267E-2
8.845000E-8	1.013211E-2
8.850000E-8	1.010299E-2
8.855000E-8	1.008415E-2
8.860000E-8	1.007730E-2
8.865000E-8	1.007216E-2
8.870000E-8	1.006531E-2
8.875000E-8	1.006702E-2
8.880000E-8	1.007558E-2
8.885000E-8	1.008415E-2
8.890000E-8	1.008244E-2
8.895000E-8	1.005674E-2
8.900000E-8	1.001563E-2
8.905000E-8	9.976233E-3
8.910000E-8	9.929983E-3
8.915000E-8	9.870030E-3
8.920000E-8	9.811789E-3
8.925000E-8	9.768966E-3
8.930000E-8	9.729568E-3
8.935000E-8	9.690170E-3
8.940000E-8	9.661050E-3
8.945000E-8	9.652485E-3
8.950000E-8	9.650772E-3
8.955000E-8	9.655911E-3
8.960000E-8	9.669615E-3
8.965000E-8	9.686744E-3
8.970000E-8	9.709012E-3
8.975000E-8	9.734707E-3
8.980000E-8	9.765540E-3
8.985000E-8	9.806651E-3
8.990000E-8	9.852900E-3
8.995000E-8	9.894011E-3
9.000000E-8	9.929983E-3
9.005000E-8	9.981372E-3
9.010000E-8	1.003961E-2
9.015000E-8	1.008244E-2
9.020000E-8	1.010642E-2
9.025000E-8	1.011669E-2
9.030000E-8	1.010984E-2
9.035000E-8	1.008244E-2
9.040000E-8	1.004304E-2
9.045000E-8	9.995075E-3
9.050000E-8	9.940261E-3
9.055000E-8	9.873456E-3
9.060000E-8	9.796373E-3
9.065000E-8	9.719290E-3
9.070000E-8	9.647346E-3
9.075000E-8	9.575402E-3
9.080000E-8	9.517162E-3
9.085000E-8	9.488042E-3
9.090000E-8	9.481190E-3
9.095000E-8	9.486329E-3
9.100000E-8	9.517162E-3
9.105000E-8	9.577115E-3
9.110000E-8	9.642207E-3
9.115000E-8	9.703874E-3
9.120000E-8	9.763827E-3
9.125000E-8	9.816928E-3
9.130000E-8	9.846048E-3
9.135000E-8	9.858039E-3
9.140000E-8	9.856326E-3
9.145000E-8	9.839197E-3
9.150000E-8	9.818641E-3
9.155000E-8	9.798086E-3
9.160000E-8	9.780956E-3
9.165000E-8	9.772392E-3
9.170000E-8	9.779243E-3
9.175000E-8	9.792947E-3
9.180000E-8	9.813502E-3
9.185000E-8	9.839197E-3
9.190000E-8	9.861465E-3
9.195000E-8	9.880307E-3
9.200000E-8	9.899150E-3
9.205000E-8	9.911141E-3
9.210000E-8	9.897437E-3
9.215000E-8	9.868317E-3
9.220000E-8	9.827206E-3
9.225000E-8	9.770679E-3
9.230000E-8	9.712438E-3
9.235000E-8	9.676466E-3
9.240000E-8	9.655911E-3
9.245000E-8	9.640494E-3
9.250000E-8	9.642207E-3
9.255000E-8	9.669615E-3
9.260000E-8	9.695309E-3
9.265000E-8	9.712438E-3
9.270000E-8	9.727855E-3
9.275000E-8	9.732994E-3
9.280000E-8	9.729568E-3
9.285000E-8	9.738133E-3
9.290000E-8	9.753549E-3
9.295000E-8	9.756975E-3
9.300000E-8	9.763827E-3
9.305000E-8	9.789521E-3
9.310000E-8	9.813502E-3
9.315000E-8	9.827206E-3
9.320000E-8	9.844336E-3
9.325000E-8	9.858039E-3
9.330000E-8	9.851187E-3
9.335000E-8	9.830632E-3
9.340000E-8	9.810077E-3
9.345000E-8	9.777530E-3
9.350000E-8	9.736420E-3
9.355000E-8	9.702161E-3
9.360000E-8	9.686744E-3
9.365000E-8	9.691883E-3
9.370000E-8	9.724429E-3
9.375000E-8	9.775818E-3
9.380000E-8	9.840910E-3
9.385000E-8	9.924844E-3
9.390000E-8	1.001220E-2
9.395000E-8	1.007558E-2
9.400000E-8	1.011669E-2
9.405000E-8	1.013554E-2
9.410000E-8	1.013040E-2
9.415000E-8	1.009614E-2
9.420000E-8	1.004646E-2
9.425000E-8	9.984797E-3
9.430000E-8	9.911141E-3
9.435000E-8	9.827206E-3
9.440000E-8	9.751836E-3
9.445000E-8	9.697022E-3
9.450000E-8	9.662763E-3
9.455000E-8	9.638782E-3
9.460000E-8	9.630217E-3
9.465000E-8	9.643920E-3
9.470000E-8	9.661050E-3
9.475000E-8	9.661050E-3
9.480000E-8	9.655911E-3
9.485000E-8	9.654198E-3
9.490000E-8	9.652485E-3
9.495000E-8	9.647346E-3
9.500000E-8	9.638782E-3
9.505000E-8	9.635356E-3
9.510000E-8	9.640494E-3
9.515000E-8	9.645633E-3
9.520000E-8	9.642207E-3
9.525000E-8	9.631930E-3
9.530000E-8	9.616513E-3
9.535000E-8	9.585680E-3
9.540000E-8	9.542856E-3
9.545000E-8	9.498320E-3
9.550000E-8	9.446931E-3
9.555000E-8	9.385265E-3
9.560000E-8	9.332163E-3
9.565000E-8	9.287627E-3
9.570000E-8	9.246516E-3
9.575000E-8	9.219109E-3
9.580000E-8	9.210544E-3
9.585000E-8	9.212257E-3
9.590000E-8	9.224248E-3
9.595000E-8	9.244803E-3
9.600000E-8	9.277349E-3
9.605000E-8	9.316747E-3
9.610000E-8	9.357858E-3
9.615000E-8	9.398968E-3
9.620000E-8	9.452070E-3
9.625000E-8	9.515449E-3
9.630000E-8	9.571976E-3
9.635000E-8	9.625078E-3
9.640000E-8	9.681605E-3
9.645000E-8	9.734707E-3
9.650000E-8	9.775818E-3
9.655000E-8	9.804938E-3
9.660000E-8	9.816928E-3
9.665000E-8	9.810077E-3
9.670000E-8	9.789521E-3
9.675000E-8	9.743271E-3
9.680000E-8	9.666189E-3
9.685000E-8	9.585680E-3
9.690000E-8	9.513736E-3
9.695000E-8	9.440079E-3
9.700000E-8	9.381839E-3
9.705000E-8	9.347580E-3
9.710000E-8	9.321886E-3
9.715000E-8	9.309895E-3
9.720000E-8	9.330450E-3
9.725000E-8	9.357858E-3
9.730000E-8	9.369848E-3
9.735000E-8	9.393830E-3
9.740000E-8	9.433227E-3
9.745000E-8	9.457209E-3
9.750000E-8	9.458922E-3
9.755000E-8	9.462348E-3
9.760000E-8	9.464061E-3
9.765000E-8	9.440079E-3
9.770000E-8	9.400681E-3
9.775000E-8	9.374987E-3
9.780000E-8	9.361284E-3
9.785000E-8	9.352719E-3
9.790000E-8	9.357858E-3
9.795000E-8	9.385265E-3
9.800000E-8	9.434940E-3
9.805000E-8	9.493181E-3
9.810000E-8	9.554847E-3
9.815000E-8	9.623365E-3
9.820000E-8	9.693596E-3
9.825000E-8	9.750123E-3
9.830000E-8	9.789521E-3
9.835000E-8	9.813502E-3
9.840000E-8	9.820354E-3
9.845000E-8	9.804938E-3
9.850000E-8	9.767253E-3
9.855000E-8	9.717577E-3
9.860000E-8	9.657624E-3
9.865000E-8	9.585680E-3
9.870000E-8	9.508597E-3
9.875000E-8	9.441792E-3
9.880000E-8	9.388691E-3
9.885000E-8	9.351006E-3
9.890000E-8	9.320173E-3
9.895000E-8	9.289340E-3
9.900000E-8	9.268784E-3
9.905000E-8	9.273923E-3
9.910000E-8	9.289340E-3
9.915000E-8	9.296191E-3
9.920000E-8	9.309895E-3
9.925000E-8	9.337302E-3
9.930000E-8	9.371561E-3
9.935000E-8	9.417811E-3
9.940000E-8	9.479477E-3
9.945000E-8	9.539430E-3
9.950000E-8	9.592532E-3
9.955000E-8	9.635356E-3
9.960000E-8	9.659337E-3
9.965000E-8	9.661050E-3
9.970000E-8	9.643920E-3
9.975000E-8	9.601097E-3
9.980000E-8	9.546282E-3
9.985000E-8	9.489755E-3
9.990000E-8	9.428089E-3
9.995000E-8	9.371561E-3
1.000000E-7	9.340728E-3
1.000500E-7	9.321886E-3
1.001000E-7	9.303043E-3
1.001500E-7	9.311608E-3
1.002000E-7	9.349293E-3
1.002500E-7	9.388691E-3
1.003000E-7	9.436653E-3
1.003500E-7	9.494894E-3
1.004000E-7	9.536004E-3
1.004500E-7	9.549708E-3
1.005000E-7	9.554847E-3
1.005500E-7	9.542856E-3
1.006000E-7	9.513736E-3
1.006500E-7	9.486329E-3
1.007000E-7	9.460635E-3
1.007500E-7	9.421237E-3
1.008000E-7	9.376700E-3
1.008500E-7	9.352719E-3
1.009000E-7	9.333876E-3
1.009500E-7	9.304756E-3
1.010000E-7	9.277349E-3
1.010500E-7	9.263645E-3
1.011000E-7	9.261932E-3
1.011500E-7	9.270497E-3
1.012000E-7	9.289340E-3
1.012500E-7	9.321886E-3
1.013000E-7	9.354432E-3
1.013500E-7	9.378413E-3
1.014000E-7	9.393830E-3
1.014500E-7	9.407533E-3
1.015000E-7	9.416098E-3
1.015500E-7	9.414385E-3
1.016000E-7	9.405820E-3
1.016500E-7	9.402394E-3
1.017000E-7	9.417811E-3
1.017500E-7	9.446931E-3
1.018000E-7	9.479477E-3
1.018500E-7	9.518875E-3
1.019000E-7	9.566838E-3
1.019500E-7	9.601097E-3
1.020000E-7	9.625078E-3
1.020500E-7	9.647346E-3
1.021000E-7	9.649059E-3
1.021500E-7	9.616513E-3
1.022000E-7	9.566838E-3
1.022500E-7	9.513736E-3
1.023000E-7	9.443505E-3
1.023500E-7	9.364709E-3
1.024000E-7	9.296191E-3
1.024500E-7	9.244803E-3
1.025000E-7	9.212257E-3
1.025500E-7	9.205405E-3
1.026000E-7	9.219109E-3
1.026500E-7	9.241377E-3
1.027000E-7	9.265358E-3
1.027500E-7	9.289340E-3
1.028000E-7	9.313321E-3
1.028500E-7	9.337302E-3
1.029000E-7	9.356145E-3
1.029500E-7	9.368135E-3
1.030000E-7	9.368135E-3
1.030500E-7	9.342441E-3
1.031000E-7	9.297904E-3
1.031500E-7	9.239664E-3
1.032000E-7	9.171146E-3
1.032500E-7	9.083786E-3
1.033000E-7	8.982722E-3
1.033500E-7	8.886796E-3
1.034000E-7	8.811427E-3
1.034500E-7	8.749760E-3
1.035000E-7	8.698372E-3
1.035500E-7	8.672678E-3
1.036000E-7	8.674391E-3
1.036500E-7	8.696659E-3
1.037000E-7	8.737770E-3
1.037500E-7	8.790871E-3
1.038000E-7	8.845686E-3
1.038500E-7	8.902213E-3
1.039000E-7	8.960453E-3
1.039500E-7	9.004990E-3
1.040000E-7	9.032397E-3
1.040500E-7	9.049527E-3
1.041000E-7	9.054666E-3
1.041500E-7	9.042675E-3
1.042000E-7	9.025545E-3
1.042500E-7	9.011842E-3
1.043000E-7	8.986148E-3
1.043500E-7	8.948463E-3
1.044000E-7	8.921055E-3
1.044500E-7	8.909065E-3
1.045000E-7	8.903926E-3
1.045500E-7	8.898787E-3
1.046000E-7	8.900500E-3
1.046500E-7	8.922768E-3
1.047000E-7	8.963879E-3
1.047500E-7	9.004990E-3
1.048000E-7	9.034110E-3
1.048500E-7	9.064943E-3
1.049000E-7	9.109480E-3
1.049500E-7	9.147165E-3
1.050000E-7	9.169433E-3
1.050500E-7	9.184850E-3
1.051000E-7	9.196840E-3
1.051500E-7	9.195127E-3
1.052000E-7	9.179711E-3
1.052500E-7	9.162581E-3
1.053000E-7	9.147165E-3
1.053500E-7	9.131748E-3
1.054000E-7	9.116332E-3
1.054500E-7	9.111193E-3
1.055000E-7	9.123184E-3
1.055500E-7	9.150591E-3
1.056000E-7	9.176285E-3
1.056500E-7	9.189989E-3
1.057000E-7	9.201979E-3
1.057500E-7	9.222535E-3
1.058000E-7	9.243090E-3
1.058500E-7	9.248229E-3
1.059000E-7	9.244803E-3
1.059500E-7	9.248229E-3
1.060000E-7	9.255081E-3
1.060500E-7	9.239664E-3
1.061000E-7	9.200266E-3
1.061500E-7	9.152304E-3
1.062000E-7	9.111193E-3
1.062500E-7	9.066656E-3
1.063000E-7	9.010129E-3
1.063500E-7	8.950176E-3
1.064000E-7	8.905639E-3
1.064500E-7	8.878232E-3
1.065000E-7	8.854250E-3
1.065500E-7	8.825130E-3
1.066000E-7	8.802862E-3
1.066500E-7	8.794297E-3
1.067000E-7	8.801149E-3
1.067500E-7	8.818278E-3
1.068000E-7	8.837121E-3
1.068500E-7	8.854250E-3
1.069000E-7	8.871380E-3
1.069500E-7	8.890222E-3
1.070000E-7	8.903926E-3
1.070500E-7	8.909065E-3
1.071000E-7	8.910778E-3
1.071500E-7	8.905639E-3
1.072000E-7	8.888509E-3
1.072500E-7	8.866241E-3
1.073000E-7	8.828556E-3
1.073500E-7	8.772029E-3
1.074000E-7	8.705224E-3
1.074500E-7	8.646983E-3
1.075000E-7	8.588743E-3
1.075500E-7	8.530503E-3
1.076000E-7	8.496244E-3
1.076500E-7	8.489392E-3
1.077000E-7	8.508234E-3
1.077500E-7	8.556197E-3
1.078000E-7	8.629854E-3
1.078500E-7	8.708650E-3
1.079000E-7	8.787445E-3
1.079500E-7	8.878232E-3
1.080000E-7	8.977583E-3
1.080500E-7	9.068369E-3
1.081000E-7	9.135174E-3
1.081500E-7	9.169433E-3
1.082000E-7	9.174572E-3
1.082500E-7	9.167720E-3
1.083000E-7	9.143739E-3
1.083500E-7	9.094063E-3
1.084000E-7	9.037536E-3
1.084500E-7	8.998138E-3
1.085000E-7	8.979296E-3
1.085500E-7	8.969018E-3
1.086000E-7	8.970731E-3
1.086500E-7	8.986148E-3
1.087000E-7	9.013555E-3
1.087500E-7	9.052953E-3
1.088000E-7	9.095776E-3
1.088500E-7	9.123184E-3
1.089000E-7	9.130035E-3
1.089500E-7	9.118045E-3
1.090000E-7	9.085499E-3
1.090500E-7	9.032397E-3
1.091000E-7	8.965592E-3
1.091500E-7	8.897074E-3
1.092000E-7	8.845686E-3
1.092500E-7	8.825130E-3
1.093000E-7	8.830269E-3
1.093500E-7	8.849112E-3
1.094000E-7	8.869667E-3
1.094500E-7	8.886796E-3
1.095000E-7	8.891935E-3
1.095500E-7	8.881658E-3
1.096000E-7	8.845686E-3
1.096500E-7	8.780594E-3
1.097000E-7	8.705224E-3
1.097500E-7	8.638419E-3
1.098000E-7	8.564762E-3
1.098500E-7	8.491105E-3
1.099000E-7	8.441429E-3
1.099500E-7	8.417448E-3
1.100000E-7	8.412309E-3
1.100500E-7	8.438004E-3
1.101000E-7	8.506522E-3
1.101500E-7	8.597308E-3
1.102000E-7	8.679529E-3
1.102500E-7	8.741196E-3
1.103000E-7	8.796010E-3
1.103500E-7	8.849112E-3
1.104000E-7	8.879945E-3
1.104500E-7	8.878232E-3
1.105000E-7	8.847399E-3
1.105500E-7	8.799436E-3
1.106000E-7	8.746335E-3
1.106500E-7	8.700085E-3
1.107000E-7	8.665826E-3
1.107500E-7	8.641845E-3
1.108000E-7	8.628141E-3
1.108500E-7	8.633280E-3
1.109000E-7	8.648696E-3
1.109500E-7	8.670965E-3
1.110000E-7	8.706937E-3
1.110500E-7	8.751473E-3
1.111000E-7	8.789158E-3
1.111500E-7	8.808001E-3
1.112000E-7	8.802862E-3
1.112500E-7	8.772029E-3
1.113000E-7	8.729205E-3
1.113500E-7	8.677817E-3
1.114000E-7	8.607586E-3
1.114500E-7	8.528790E-3
1.115000E-7	8.465411E-3
1.115500E-7	8.422587E-3
1.116000E-7	8.383189E-3
1.116500E-7	8.359208E-3
1.117000E-7	8.364347E-3
1.117500E-7	8.384902E-3
1.118000E-7	8.398606E-3
1.118500E-7	8.405457E-3
1.119000E-7	8.429439E-3
1.119500E-7	8.465411E-3
1.120000E-7	8.485966E-3
1.120500E-7	8.477401E-3
1.121000E-7	8.449994E-3
1.121500E-7	8.408883E-3
1.122000E-7	8.359208E-3
1.122500E-7	8.302680E-3
1.123000E-7	8.258144E-3
1.123500E-7	8.232450E-3
1.124000E-7	8.225598E-3
1.124500E-7	8.234162E-3
1.125000E-7	8.256431E-3
1.125500E-7	8.285551E-3
1.126000E-7	8.311245E-3
1.126500E-7	8.331801E-3
1.127000E-7	8.347217E-3
1.127500E-7	8.357495E-3
1.128000E-7	8.357495E-3
1.128500E-7	8.342078E-3
1.129000E-7	8.319810E-3
1.129500E-7	8.300968E-3
1.130000E-7	8.288977E-3
1.130500E-7	8.283838E-3
1.131000E-7	8.290690E-3
1.131500E-7	8.306106E-3
1.132000E-7	8.316384E-3
1.132500E-7	8.324949E-3
1.133000E-7	8.338652E-3
1.133500E-7	8.348930E-3
1.134000E-7	8.352356E-3
1.134500E-7	8.362634E-3
1.135000E-7	8.376337E-3
1.135500E-7	8.383189E-3
1.136000E-7	8.390041E-3
1.136500E-7	8.402032E-3
1.137000E-7	8.414022E-3
1.137500E-7	8.429439E-3
1.138000E-7	8.463698E-3
1.138500E-7	8.515086E-3
1.139000E-7	8.569901E-3
1.139500E-7	8.616150E-3
1.140000E-7	8.652122E-3
1.140500E-7	8.679529E-3
1.141000E-7	8.688094E-3
1.141500E-7	8.676104E-3
1.142000E-7	8.645270E-3
1.142500E-7	8.614437E-3
1.143000E-7	8.576752E-3
1.143500E-7	8.535642E-3
1.144000E-7	8.497957E-3
1.144500E-7	8.470550E-3
1.145000E-7	8.451707E-3
1.145500E-7	8.453420E-3
1.146000E-7	8.472263E-3
1.146500E-7	8.494531E-3
1.147000E-7	8.518512E-3
1.147500E-7	8.544206E-3
1.148000E-7	8.559623E-3
1.148500E-7	8.566475E-3
1.149000E-7	8.575040E-3
1.149500E-7	8.581891E-3
1.150000E-7	8.576752E-3
1.150500E-7	8.568188E-3
1.151000E-7	8.561336E-3
1.151500E-7	8.542493E-3
1.152000E-7	8.511660E-3
1.152500E-7	8.482540E-3
1.153000E-7	8.456846E-3
1.153500E-7	8.429439E-3
1.154000E-7	8.396893E-3
1.154500E-7	8.362634E-3
1.155000E-7	8.335227E-3
1.155500E-7	8.312958E-3
1.156000E-7	8.295829E-3
1.156500E-7	8.292403E-3
1.157000E-7	8.307819E-3
1.157500E-7	8.333514E-3
1.158000E-7	8.360921E-3
1.158500E-7	8.388328E-3
1.159000E-7	8.422587E-3
1.159500E-7	8.465411E-3
1.160000E-7	8.509947E-3
1.160500E-7	8.549345E-3
1.161000E-7	8.576752E-3
1.161500E-7	8.587030E-3
1.162000E-7	8.578465E-3
1.162500E-7	8.556197E-3
1.163000E-7	8.516799E-3
1.163500E-7	8.455133E-3
1.164000E-7	8.384902E-3
1.164500E-7	8.333514E-3
1.165000E-7	8.283838E-3
1.165500E-7	8.225598E-3
1.166000E-7	8.175922E-3
1.166500E-7	8.148515E-3
1.167000E-7	8.136524E-3
1.167500E-7	8.145089E-3
1.168000E-7	8.182774E-3
1.168500E-7	8.235875E-3
1.169000E-7	8.294116E-3
1.169500E-7	8.364347E-3
1.170000E-7	8.446568E-3
1.170500E-7	8.528790E-3
1.171000E-7	8.599021E-3
1.171500E-7	8.660687E-3
1.172000E-7	8.712076E-3
1.172500E-7	8.744622E-3
1.173000E-7	8.756612E-3
1.173500E-7	8.756612E-3
1.174000E-7	8.749760E-3
1.174500E-7	8.734344E-3
1.175000E-7	8.703511E-3
1.175500E-7	8.658974E-3
1.176000E-7	8.602447E-3
1.176500E-7	8.537355E-3
1.177000E-7	8.473975E-3
1.177500E-7	8.412309E-3
1.178000E-7	8.348930E-3
1.178500E-7	8.294116E-3
1.179000E-7	8.251292E-3
1.179500E-7	8.213607E-3
1.180000E-7	8.186200E-3
1.180500E-7	8.181061E-3
1.181000E-7	8.191339E-3
1.181500E-7	8.208468E-3
1.182000E-7	8.234162E-3
1.182500E-7	8.275273E-3
1.183000E-7	8.314671E-3
1.183500E-7	8.352356E-3
1.184000E-7	8.390041E-3
1.184500E-7	8.424300E-3
1.185000E-7	8.443142E-3
1.185500E-7	8.444855E-3
1.186000E-7	8.434578E-3
1.186500E-7	8.410596E-3
1.187000E-7	8.378050E-3
1.187500E-7	8.347217E-3
1.188000E-7	8.324949E-3
1.188500E-7	8.309532E-3
1.189000E-7	8.297542E-3
1.189500E-7	8.283838E-3
1.190000E-7	8.270134E-3
1.190500E-7	8.259857E-3
1.191000E-7	8.263283E-3
1.191500E-7	8.268421E-3
1.192000E-7	8.276986E-3
1.192500E-7	8.302680E-3
1.193000E-7	8.331801E-3
1.193500E-7	8.345504E-3
1.194000E-7	8.354069E-3
1.194500E-7	8.371198E-3
1.195000E-7	8.383189E-3
1.195500E-7	8.378050E-3
1.196000E-7	8.366060E-3
1.196500E-7	8.362634E-3
1.197000E-7	8.355782E-3
1.197500E-7	8.333514E-3
1.198000E-7	8.304393E-3
1.198500E-7	8.280412E-3
1.199000E-7	8.266709E-3
1.199500E-7	8.251292E-3
1.200000E-7	8.223885E-3
1.200500E-7	8.199903E-3
1.201000E-7	8.191339E-3
1.201500E-7	8.186200E-3
1.202000E-7	8.179348E-3
1.202500E-7	8.186200E-3
1.203000E-7	8.201616E-3
1.203500E-7	8.215320E-3
1.204000E-7	8.217033E-3
1.204500E-7	8.210181E-3
1.205000E-7	8.199903E-3
1.205500E-7	8.191339E-3
1.206000E-7	8.186200E-3
1.206500E-7	8.181061E-3
1.207000E-7	8.175922E-3
1.207500E-7	8.170783E-3
1.208000E-7	8.170783E-3
1.208500E-7	8.172496E-3
1.209000E-7	8.170783E-3
1.209500E-7	8.177635E-3
1.210000E-7	8.194765E-3
1.210500E-7	8.210181E-3
1.211000E-7	8.218746E-3
1.211500E-7	8.222172E-3
1.212000E-7	8.223885E-3
1.212500E-7	8.222172E-3
1.213000E-7	8.217033E-3
1.213500E-7	8.213607E-3
1.214000E-7	8.210181E-3
1.214500E-7	8.217033E-3
1.215000E-7	8.239301E-3
1.215500E-7	8.266709E-3
1.216000E-7	8.288977E-3
1.216500E-7	8.302680E-3
1.217000E-7	8.304393E-3
1.217500E-7	8.297542E-3
1.218000E-7	8.295829E-3
1.218500E-7	8.297542E-3
1.219000E-7	8.285551E-3
1.219500E-7	8.264996E-3
1.220000E-7	8.234162E-3
1.220500E-7	8.191339E-3
1.221000E-7	8.145089E-3
1.221500E-7	8.095414E-3
1.222000E-7	8.037173E-3
1.222500E-7	7.972081E-3
1.223000E-7	7.917267E-3
1.223500E-7	7.871017E-3
1.224000E-7	7.828193E-3
1.224500E-7	7.802499E-3
1.225000E-7	7.800786E-3
1.225500E-7	7.821341E-3
1.226000E-7	7.862452E-3
1.226500E-7	7.930970E-3
1.227000E-7	8.016618E-3
1.227500E-7	8.105691E-3
1.228000E-7	8.196478E-3
1.228500E-7	8.283838E-3
1.229000E-7	8.355782E-3
1.229500E-7	8.398606E-3
1.230000E-7	8.407170E-3
1.230500E-7	8.381476E-3
1.231000E-7	8.319810E-3
1.231500E-7	8.237588E-3
1.232000E-7	8.134811E-3
1.232500E-7	8.016618E-3
1.233000E-7	7.896711E-3
1.233500E-7	7.793934E-3
1.234000E-7	7.715139E-3
1.234500E-7	7.668889E-3
1.235000E-7	7.655185E-3
1.235500E-7	7.665463E-3
1.236000E-7	7.691157E-3
1.236500E-7	7.742546E-3
1.237000E-7	7.800786E-3
1.237500E-7	7.841897E-3
1.238000E-7	7.867591E-3
1.238500E-7	7.881295E-3
1.239000E-7	7.865878E-3
1.239500E-7	7.819629E-3
1.240000E-7	7.756249E-3
1.240500E-7	7.691157E-3
1.241000E-7	7.632917E-3
1.241500E-7	7.591806E-3
1.242000E-7	7.569538E-3
1.242500E-7	7.571251E-3
1.243000E-7	7.605510E-3
1.243500E-7	7.660324E-3
1.244000E-7	7.723703E-3
1.244500E-7	7.797360E-3
1.245000E-7	7.888147E-3
1.245500E-7	7.977220E-3
1.246000E-7	8.050877E-3
1.246500E-7	8.110830E-3
1.247000E-7	8.158793E-3
1.247500E-7	8.191339E-3
1.248000E-7	8.206755E-3
1.248500E-7	8.211894E-3
1.249000E-7	8.206755E-3
1.249500E-7	8.187913E-3
1.250000E-7	8.138237E-3
1.250500E-7	8.066293E-3
1.251000E-7	8.002914E-3
1.251500E-7	7.948100E-3
1.252000E-7	7.893285E-3
1.252500E-7	7.857313E-3
1.253000E-7	7.852175E-3
1.253500E-7	7.855600E-3
1.254000E-7	7.871017E-3
1.254500E-7	7.915554E-3
1.255000E-7	7.973794E-3
1.255500E-7	8.033747E-3
1.256000E-7	8.098839E-3
1.256500E-7	8.155367E-3
1.257000E-7	8.186200E-3
1.257500E-7	8.205042E-3
1.258000E-7	8.215320E-3
1.258500E-7	8.199903E-3
1.259000E-7	8.158793E-3
1.259500E-7	8.112543E-3
1.260000E-7	8.057729E-3
1.260500E-7	8.002914E-3
1.261000E-7	7.966942E-3
1.261500E-7	7.949813E-3
1.262000E-7	7.934396E-3
1.262500E-7	7.939535E-3
1.263000E-7	7.977220E-3
1.263500E-7	8.026896E-3
1.264000E-7	8.071432E-3
1.264500E-7	8.107404E-3
1.265000E-7	8.136524E-3
1.265500E-7	8.148515E-3
1.266000E-7	8.141663E-3
1.266500E-7	8.126247E-3
1.267000E-7	8.103978E-3
1.267500E-7	8.066293E-3
1.268000E-7	8.014905E-3
1.268500E-7	7.968655E-3
1.269000E-7	7.946387E-3
1.269500E-7	7.941248E-3
1.270000E-7	7.946387E-3
1.270500E-7	7.966942E-3
1.271000E-7	8.008053E-3
1.271500E-7	8.050877E-3
1.272000E-7	8.086849E-3
1.272500E-7	8.112543E-3
1.273000E-7	8.124534E-3
1.273500E-7	8.114256E-3
1.274000E-7	8.085136E-3
1.274500E-7	8.045738E-3
1.275000E-7	7.997775E-3
1.275500E-7	7.941248E-3
1.276000E-7	7.876156E-3
1.276500E-7	7.817916E-3
1.277000E-7	7.780231E-3
1.277500E-7	7.763101E-3
1.278000E-7	7.764814E-3
1.278500E-7	7.780231E-3
1.279000E-7	7.823054E-3
1.279500E-7	7.879582E-3
1.280000E-7	7.924118E-3
1.280500E-7	7.954952E-3
1.281000E-7	7.975507E-3
1.281500E-7	7.985785E-3
1.282000E-7	7.975507E-3
1.282500E-7	7.958378E-3
1.283000E-7	7.942961E-3
1.283500E-7	7.910415E-3
1.284000E-7	7.859026E-3
1.284500E-7	7.809351E-3
1.285000E-7	7.775092E-3
1.285500E-7	7.747685E-3
1.286000E-7	7.716852E-3
1.286500E-7	7.691157E-3
1.287000E-7	7.670602E-3
1.287500E-7	7.634630E-3
1.288000E-7	7.579816E-3
1.288500E-7	7.526714E-3
1.289000E-7	7.485603E-3
1.289500E-7	7.446205E-3
1.290000E-7	7.415372E-3
1.290500E-7	7.403382E-3
1.291000E-7	7.396530E-3
1.291500E-7	7.396530E-3
1.292000E-7	7.425650E-3
1.292500E-7	7.485603E-3
1.293000E-7	7.554121E-3
1.293500E-7	7.624352E-3
1.294000E-7	7.691157E-3
1.294500E-7	7.739120E-3
1.295000E-7	7.761388E-3
1.295500E-7	7.763101E-3
1.296000E-7	7.739120E-3
1.296500E-7	7.689444E-3
1.297000E-7	7.629491E-3
1.297500E-7	7.566112E-3
1.298000E-7	7.506159E-3
1.298500E-7	7.459909E-3
1.299000E-7	7.447918E-3
1.299500E-7	7.470187E-3
1.300000E-7	7.507872E-3
1.300500E-7	7.554121E-3
1.301000E-7	7.607223E-3
1.301500E-7	7.665463E-3
1.302000E-7	7.711713E-3
1.302500E-7	7.735694E-3
1.303000E-7	7.735694E-3
1.303500E-7	7.721990E-3
1.304000E-7	7.689444E-3
1.304500E-7	7.641482E-3
1.305000E-7	7.595232E-3
1.305500E-7	7.557547E-3
1.306000E-7	7.523288E-3
1.306500E-7	7.492455E-3
1.307000E-7	7.482177E-3
1.307500E-7	7.489029E-3
1.308000E-7	7.497594E-3
1.308500E-7	7.513010E-3
1.309000E-7	7.535279E-3
1.309500E-7	7.552408E-3
1.310000E-7	7.555834E-3
1.310500E-7	7.555834E-3
1.311000E-7	7.562686E-3
1.311500E-7	7.571251E-3
1.312000E-7	7.578103E-3
1.312500E-7	7.584954E-3
1.313000E-7	7.590093E-3
1.313500E-7	7.588380E-3
1.314000E-7	7.593519E-3
1.314500E-7	7.615787E-3
1.315000E-7	7.636343E-3
1.315500E-7	7.651759E-3
1.316000E-7	7.677454E-3
1.316500E-7	7.704861E-3
1.317000E-7	7.713426E-3
1.317500E-7	7.716852E-3
1.318000E-7	7.742546E-3
1.318500E-7	7.776805E-3
1.319000E-7	7.799073E-3
1.319500E-7	7.811064E-3
1.320000E-7	7.828193E-3
1.320500E-7	7.847036E-3
1.321000E-7	7.860739E-3
1.321500E-7	7.859026E-3
1.322000E-7	7.850462E-3
1.322500E-7	7.840184E-3
1.323000E-7	7.821341E-3
1.323500E-7	7.793934E-3
1.324000E-7	7.766527E-3
1.324500E-7	7.744259E-3
1.325000E-7	7.725416E-3
1.325500E-7	7.711713E-3
1.326000E-7	7.710000E-3
1.326500E-7	7.718564E-3
1.327000E-7	7.725416E-3
1.327500E-7	7.727129E-3
1.328000E-7	7.725416E-3
1.328500E-7	7.718564E-3
1.329000E-7	7.698009E-3
1.329500E-7	7.662037E-3
1.330000E-7	7.612362E-3
1.330500E-7	7.557547E-3
1.331000E-7	7.492455E-3
1.331500E-7	7.417085E-3
1.332000E-7	7.351993E-3
1.332500E-7	7.309169E-3
1.333000E-7	7.290327E-3
1.333500E-7	7.295466E-3
1.334000E-7	7.329725E-3
1.334500E-7	7.387965E-3
1.335000E-7	7.456483E-3
1.335500E-7	7.518149E-3
1.336000E-7	7.569538E-3
1.336500E-7	7.622639E-3
1.337000E-7	7.677454E-3
1.337500E-7	7.720277E-3
1.338000E-7	7.739120E-3
1.338500E-7	7.744259E-3
1.339000E-7	7.752823E-3
1.339500E-7	7.761388E-3
1.340000E-7	7.761388E-3
1.340500E-7	7.759675E-3
1.341000E-7	7.763101E-3
1.341500E-7	7.773379E-3
1.342000E-7	7.783657E-3
1.342500E-7	7.792221E-3
1.343000E-7	7.797360E-3
1.343500E-7	7.799073E-3
1.344000E-7	7.797360E-3
1.344500E-7	7.785370E-3
1.345000E-7	7.759675E-3
1.345500E-7	7.727129E-3
1.346000E-7	7.704861E-3
1.346500E-7	7.694583E-3
1.347000E-7	7.680880E-3
1.347500E-7	7.667176E-3
1.348000E-7	7.663750E-3
1.348500E-7	7.675741E-3
1.349000E-7	7.689444E-3
1.349500E-7	7.692870E-3
1.350000E-7	7.686018E-3
1.350500E-7	7.670602E-3
1.351000E-7	7.643195E-3
1.351500E-7	7.605510E-3
1.352000E-7	7.567825E-3
1.352500E-7	7.525001E-3
1.353000E-7	7.470187E-3
1.353500E-7	7.417085E-3
1.354000E-7	7.389678E-3
1.354500E-7	7.381113E-3
1.355000E-7	7.391391E-3
1.355500E-7	7.425650E-3
1.356000E-7	7.475326E-3
1.356500E-7	7.526714E-3
1.357000E-7	7.574677E-3
1.357500E-7	7.622639E-3
1.358000E-7	7.662037E-3
1.358500E-7	7.680880E-3
1.359000E-7	7.686018E-3
1.359500E-7	7.686018E-3
1.360000E-7	7.672315E-3
1.360500E-7	7.641482E-3
1.361000E-7	7.602084E-3
1.361500E-7	7.566112E-3
1.362000E-7	7.533566E-3
1.362500E-7	7.504446E-3
1.363000E-7	7.473613E-3
1.363500E-7	7.441067E-3
1.364000E-7	7.411946E-3
1.364500E-7	7.391391E-3
1.365000E-7	7.372549E-3
1.365500E-7	7.353706E-3
1.366000E-7	7.351993E-3
1.366500E-7	7.370836E-3
1.367000E-7	7.387965E-3
1.367500E-7	7.387965E-3
1.368000E-7	7.394817E-3
1.368500E-7	7.413659E-3
1.369000E-7	7.432502E-3
1.369500E-7	7.441067E-3
1.370000E-7	7.447918E-3
1.370500E-7	7.454770E-3
1.371000E-7	7.454770E-3
1.371500E-7	7.442780E-3
1.372000E-7	7.413659E-3
1.372500E-7	7.382826E-3
1.373000E-7	7.372549E-3
1.373500E-7	7.375974E-3
1.374000E-7	7.377687E-3
1.374500E-7	7.379400E-3
1.375000E-7	7.399956E-3
1.375500E-7	7.429076E-3
1.376000E-7	7.439354E-3
1.376500E-7	7.429076E-3
1.377000E-7	7.405095E-3
1.377500E-7	7.374262E-3
1.378000E-7	7.343428E-3
1.378500E-7	7.317734E-3
1.379000E-7	7.283475E-3
1.379500E-7	7.247503E-3
1.380000E-7	7.216670E-3
1.380500E-7	7.196115E-3
1.381000E-7	7.175559E-3
1.381500E-7	7.156717E-3
1.382000E-7	7.148152E-3
1.382500E-7	7.153291E-3
1.383000E-7	7.168708E-3
1.383500E-7	7.184124E-3
1.384000E-7	7.189263E-3
1.384500E-7	7.194402E-3
1.385000E-7	7.197828E-3
1.385500E-7	7.197828E-3
1.386000E-7	7.194402E-3
1.386500E-7	7.192689E-3
1.387000E-7	7.196115E-3
1.387500E-7	7.199541E-3
1.388000E-7	7.201254E-3
1.388500E-7	7.190976E-3
1.389000E-7	7.178985E-3
1.389500E-7	7.175559E-3
1.390000E-7	7.173846E-3
1.390500E-7	7.168708E-3
1.391000E-7	7.166995E-3
1.391500E-7	7.161856E-3
1.392000E-7	7.151578E-3
1.392500E-7	7.149865E-3
1.393000E-7	7.161856E-3
1.393500E-7	7.168708E-3
1.394000E-7	7.166995E-3
1.394500E-7	7.178985E-3
1.395000E-7	7.206392E-3
1.395500E-7	7.218383E-3
1.396000E-7	7.216670E-3
1.396500E-7	7.218383E-3
1.397000E-7	7.223522E-3
1.397500E-7	7.226948E-3
1.398000E-7	7.233800E-3
1.398500E-7	7.240651E-3
1.399000E-7	7.232087E-3
1.399500E-7	7.209818E-3
1.400000E-7	7.184124E-3
1.400500E-7	7.155004E-3
1.401000E-7	7.124171E-3
1.401500E-7	7.088199E-3
1.402000E-7	7.052227E-3
1.402500E-7	7.033384E-3
1.403000E-7	7.031672E-3
1.403500E-7	7.029959E-3
1.404000E-7	7.029959E-3
1.404500E-7	7.048801E-3
1.405000E-7	7.079634E-3
1.405500E-7	7.096764E-3
1.406000E-7	7.115606E-3
1.406500E-7	7.156717E-3
1.407000E-7	7.197828E-3
1.407500E-7	7.206392E-3
1.408000E-7	7.199541E-3
1.408500E-7	7.196115E-3
1.409000E-7	7.173846E-3
1.409500E-7	7.136161E-3
1.410000E-7	7.110467E-3
1.410500E-7	7.103615E-3
1.411000E-7	7.096764E-3
1.411500E-7	7.095051E-3
1.412000E-7	7.115606E-3
1.412500E-7	7.144726E-3
1.413000E-7	7.170420E-3
1.413500E-7	7.204679E-3
1.414000E-7	7.249216E-3
1.414500E-7	7.288614E-3
1.415000E-7	7.329725E-3
1.415500E-7	7.374262E-3
1.416000E-7	7.410233E-3
1.416500E-7	7.427363E-3
1.417000E-7	7.441067E-3
1.417500E-7	7.447918E-3
1.418000E-7	7.444492E-3
1.418500E-7	7.429076E-3
1.419000E-7	7.405095E-3
1.419500E-7	7.369123E-3
1.420000E-7	7.326299E-3
1.420500E-7	7.292040E-3
1.421000E-7	7.259494E-3
1.421500E-7	7.216670E-3
1.422000E-7	7.170420E-3
1.422500E-7	7.134449E-3
1.423000E-7	7.122458E-3
1.423500E-7	7.127597E-3
1.424000E-7	7.141300E-3
1.424500E-7	7.156717E-3
1.425000E-7	7.184124E-3
1.425500E-7	7.226948E-3
1.426000E-7	7.269772E-3
1.426500E-7	7.295466E-3
1.427000E-7	7.310882E-3
1.427500E-7	7.326299E-3
1.428000E-7	7.336577E-3
1.428500E-7	7.340003E-3
1.429000E-7	7.345141E-3
1.429500E-7	7.353706E-3
1.430000E-7	7.369123E-3
1.430500E-7	7.393104E-3
1.431000E-7	7.422224E-3
1.431500E-7	7.437641E-3
1.432000E-7	7.437641E-3
1.432500E-7	7.432502E-3
1.433000E-7	7.430789E-3
1.433500E-7	7.415372E-3
1.434000E-7	7.384539E-3
1.434500E-7	7.350280E-3
1.435000E-7	7.317734E-3
1.435500E-7	7.281762E-3
1.436000E-7	7.247503E-3
1.436500E-7	7.216670E-3
1.437000E-7	7.190976E-3
1.437500E-7	7.170420E-3
1.438000E-7	7.155004E-3
1.438500E-7	7.144726E-3
1.439000E-7	7.141300E-3
1.439500E-7	7.136161E-3
1.440000E-7	7.127597E-3
1.440500E-7	7.119032E-3
1.441000E-7	7.119032E-3
1.441500E-7	7.119032E-3
1.442000E-7	7.115606E-3
1.442500E-7	7.110467E-3
1.443000E-7	7.108754E-3
1.443500E-7	7.105328E-3
1.444000E-7	7.101902E-3
1.444500E-7	7.100190E-3
1.445000E-7	7.101902E-3
1.445500E-7	7.103615E-3
1.446000E-7	7.100190E-3
1.446500E-7	7.096764E-3
1.447000E-7	7.096764E-3
1.447500E-7	7.101902E-3
1.448000E-7	7.101902E-3
1.448500E-7	7.098477E-3
1.449000E-7	7.098477E-3
1.449500E-7	7.088199E-3
1.450000E-7	7.060792E-3
1.450500E-7	7.033384E-3
1.451000E-7	7.009403E-3
1.451500E-7	6.983709E-3
1.452000E-7	6.952876E-3
1.452500E-7	6.927182E-3
1.453000E-7	6.911765E-3
1.453500E-7	6.904913E-3
1.454000E-7	6.918617E-3
1.454500E-7	6.952876E-3
1.455000E-7	6.990561E-3
1.455500E-7	7.029959E-3
1.456000E-7	7.081347E-3
1.456500E-7	7.129310E-3
1.457000E-7	7.156717E-3
1.457500E-7	7.168708E-3
1.458000E-7	7.178985E-3
1.458500E-7	7.180698E-3
1.459000E-7	7.163569E-3
1.459500E-7	7.134449E-3
1.460000E-7	7.103615E-3
1.460500E-7	7.077921E-3
1.461000E-7	7.053940E-3
1.461500E-7	7.035097E-3
1.462000E-7	7.026533E-3
1.462500E-7	7.031672E-3
1.463000E-7	7.041949E-3
1.463500E-7	7.052227E-3
1.464000E-7	7.059079E-3
1.464500E-7	7.060792E-3
1.465000E-7	7.055653E-3
1.465500E-7	7.045375E-3
1.466000E-7	7.028246E-3
1.466500E-7	7.011116E-3
1.467000E-7	6.992274E-3
1.467500E-7	6.959728E-3
1.468000E-7	6.922043E-3
1.468500E-7	6.899774E-3
1.469000E-7	6.892923E-3
1.469500E-7	6.887784E-3
1.470000E-7	6.891210E-3
1.470500E-7	6.910052E-3
1.471000E-7	6.940885E-3
1.471500E-7	6.971718E-3
1.472000E-7	7.004264E-3
1.472500E-7	7.045375E-3
1.473000E-7	7.089912E-3
1.473500E-7	7.132736E-3
1.474000E-7	7.161856E-3
1.474500E-7	7.182411E-3
1.475000E-7	7.209818E-3
1.475500E-7	7.237226E-3
1.476000E-7	7.249216E-3
1.476500E-7	7.242364E-3
1.477000E-7	7.233800E-3
1.477500E-7	7.228661E-3
1.478000E-7	7.221809E-3
1.478500E-7	7.209818E-3
1.479000E-7	7.201254E-3
1.479500E-7	7.192689E-3
1.480000E-7	7.180698E-3
1.480500E-7	7.170420E-3
1.481000E-7	7.165282E-3
1.481500E-7	7.146439E-3
1.482000E-7	7.110467E-3
1.482500E-7	7.081347E-3
1.483000E-7	7.065931E-3
1.483500E-7	7.062505E-3
1.484000E-7	7.074495E-3
1.484500E-7	7.098477E-3
1.485000E-7	7.124171E-3
1.485500E-7	7.155004E-3
1.486000E-7	7.194402E-3
1.486500E-7	7.223522E-3
1.487000E-7	7.237226E-3
1.487500E-7	7.245790E-3
1.488000E-7	7.238938E-3
1.488500E-7	7.204679E-3
1.489000E-7	7.151578E-3
1.489500E-7	7.096764E-3
1.490000E-7	7.029959E-3
1.490500E-7	6.951163E-3
1.491000E-7	6.884358E-3
1.491500E-7	6.841534E-3
1.492000E-7	6.827830E-3
1.492500E-7	6.843247E-3
1.493000E-7	6.880932E-3
1.493500E-7	6.932320E-3
1.494000E-7	6.992274E-3
1.494500E-7	7.055653E-3
1.495000E-7	7.107041E-3
1.495500E-7	7.137874E-3
1.496000E-7	7.143013E-3
1.496500E-7	7.113893E-3
1.497000E-7	7.055653E-3
1.497500E-7	6.978570E-3
1.498000E-7	6.877506E-3
1.498500E-7	6.750748E-3
1.499000E-7	6.620564E-3
1.499500E-7	6.512648E-3
1.500000E-7	6.420148E-3
1.500500E-7	6.348204E-3
1.501000E-7	6.325936E-3
1.501500E-7	6.351630E-3
1.502000E-7	6.401306E-3
1.502500E-7	6.476676E-3
1.503000E-7	6.582879E-3
1.503500E-7	6.701072E-3
1.504000E-7	6.800423E-3
1.504500E-7	6.891210E-3
1.505000E-7	6.970005E-3
1.505500E-7	7.014542E-3
1.506000E-7	7.012829E-3
1.506500E-7	6.985422E-3
1.507000E-7	6.944311E-3
1.507500E-7	6.877506E-3
1.508000E-7	6.788433E-3
1.508500E-7	6.701072E-3
1.509000E-7	6.639406E-3
1.509500E-7	6.601721E-3
1.510000E-7	6.579453E-3
1.510500E-7	6.570888E-3
1.511000E-7	6.589730E-3
1.511500E-7	6.632554E-3
1.512000E-7	6.687369E-3
1.512500E-7	6.733618E-3
1.513000E-7	6.764451E-3
1.513500E-7	6.791859E-3
1.514000E-7	6.824405E-3
1.514500E-7	6.838108E-3
1.515000E-7	6.824405E-3
1.515500E-7	6.802136E-3
1.516000E-7	6.783294E-3
1.516500E-7	6.771303E-3
1.517000E-7	6.761025E-3
1.517500E-7	6.757600E-3
1.518000E-7	6.769590E-3
1.518500E-7	6.798710E-3
1.519000E-7	6.836395E-3
1.519500E-7	6.875793E-3
1.520000E-7	6.910052E-3
1.520500E-7	6.935746E-3
1.521000E-7	6.949450E-3
1.521500E-7	6.951163E-3
1.522000E-7	6.930607E-3
1.522500E-7	6.886071E-3
1.523000E-7	6.831256E-3
1.523500E-7	6.764451E-3
1.524000E-7	6.694220E-3
1.524500E-7	6.647971E-3
1.525000E-7	6.629128E-3
1.525500E-7	6.618851E-3
1.526000E-7	6.623989E-3
1.526500E-7	6.671952E-3
1.527000E-7	6.750748E-3
1.527500E-7	6.827830E-3
1.528000E-7	6.901487E-3
1.528500E-7	6.983709E-3
1.529000E-7	7.055653E-3
1.529500E-7	7.101902E-3
1.530000E-7	7.129310E-3
1.530500E-7	7.136161E-3
1.531000E-7	7.112180E-3
1.531500E-7	7.065931E-3
1.532000E-7	7.011116E-3
1.532500E-7	6.958015E-3
1.533000E-7	6.904913E-3
1.533500E-7	6.848386E-3
1.534000E-7	6.798710E-3
1.534500E-7	6.766164E-3
1.535000E-7	6.750748E-3
1.535500E-7	6.745609E-3
1.536000E-7	6.752461E-3
1.536500E-7	6.771303E-3
1.537000E-7	6.793571E-3
1.537500E-7	6.812414E-3
1.538000E-7	6.832969E-3
1.538500E-7	6.860377E-3
1.539000E-7	6.886071E-3
1.539500E-7	6.904913E-3
1.540000E-7	6.925469E-3
1.540500E-7	6.952876E-3
1.541000E-7	6.968292E-3
1.541500E-7	6.966579E-3
1.542000E-7	6.949450E-3
1.542500E-7	6.922043E-3
1.543000E-7	6.894636E-3
1.543500E-7	6.868941E-3
1.544000E-7	6.832969E-3
1.544500E-7	6.785007E-3
1.545000E-7	6.747322E-3
1.545500E-7	6.721628E-3
1.546000E-7	6.692507E-3
1.546500E-7	6.656535E-3
1.547000E-7	6.618851E-3
1.547500E-7	6.582879E-3
1.548000E-7	6.562323E-3
1.548500E-7	6.552046E-3
1.549000E-7	6.529777E-3
1.549500E-7	6.493805E-3
1.550000E-7	6.454407E-3
1.550500E-7	6.409871E-3
1.551000E-7	6.370473E-3
1.551500E-7	6.349917E-3
1.552000E-7	6.339640E-3
1.552500E-7	6.337927E-3
1.553000E-7	6.368760E-3
1.553500E-7	6.435565E-3
1.554000E-7	6.512648E-3
1.554500E-7	6.605147E-3
1.555000E-7	6.718202E-3
1.555500E-7	6.836395E-3
1.556000E-7	6.939172E-3
1.556500E-7	7.026533E-3
1.557000E-7	7.088199E-3
1.557500E-7	7.113893E-3
1.558000E-7	7.107041E-3
1.558500E-7	7.072782E-3
1.559000E-7	7.007690E-3
1.559500E-7	6.911765E-3
1.560000E-7	6.805562E-3
1.560500E-7	6.702785E-3
1.561000E-7	6.603434E-3
1.561500E-7	6.517787E-3
1.562000E-7	6.468111E-3
1.562500E-7	6.459546E-3
1.563000E-7	6.473250E-3
1.563500E-7	6.497231E-3
1.564000E-7	6.540055E-3
1.564500E-7	6.605147E-3
1.565000E-7	6.677091E-3
1.565500E-7	6.749035E-3
1.566000E-7	6.820979E-3
1.566500E-7	6.882645E-3
1.567000E-7	6.928895E-3
1.567500E-7	6.963154E-3
1.568000E-7	6.981996E-3
1.568500E-7	6.971718E-3
1.569000E-7	6.930607E-3
1.569500E-7	6.874080E-3
1.570000E-7	6.802136E-3
1.570500E-7	6.707924E-3
1.571000E-7	6.606860E-3
1.571500E-7	6.522925E-3
1.572000E-7	6.452694E-3
1.572500E-7	6.389315E-3
1.573000E-7	6.343066E-3
1.573500E-7	6.322510E-3
1.574000E-7	6.317371E-3
1.574500E-7	6.337927E-3
1.575000E-7	6.377325E-3
1.575500E-7	6.409871E-3
1.576000E-7	6.428713E-3
1.576500E-7	6.445843E-3
1.577000E-7	6.452694E-3
1.577500E-7	6.445843E-3
1.578000E-7	6.438991E-3
1.578500E-7	6.435565E-3
1.579000E-7	6.432139E-3
1.579500E-7	6.440704E-3
1.580000E-7	6.466398E-3
1.580500E-7	6.497231E-3
1.581000E-7	6.540055E-3
1.581500E-7	6.593156E-3
1.582000E-7	6.641119E-3
1.582500E-7	6.673665E-3
1.583000E-7	6.694220E-3
1.583500E-7	6.692507E-3
1.584000E-7	6.671952E-3
1.584500E-7	6.639406E-3
1.585000E-7	6.600008E-3
1.585500E-7	6.550333E-3
1.586000E-7	6.504083E-3
1.586500E-7	6.466398E-3
1.587000E-7	6.440704E-3
1.587500E-7	6.430426E-3
1.588000E-7	6.438991E-3
1.588500E-7	6.468111E-3
1.589000E-7	6.514361E-3
1.589500E-7	6.565749E-3
1.590000E-7	6.610286E-3
1.590500E-7	6.630841E-3
1.591000E-7	6.623989E-3
1.591500E-7	6.600008E-3
1.592000E-7	6.572601E-3
1.592500E-7	6.538342E-3
1.593000E-7	6.488666E-3
1.593500E-7	6.440704E-3
1.594000E-7	6.415010E-3
1.594500E-7	6.411584E-3
1.595000E-7	6.413297E-3
1.595500E-7	6.427000E-3
1.596000E-7	6.457833E-3
1.596500E-7	6.500657E-3
1.597000E-7	6.558897E-3
1.597500E-7	6.627415E-3
1.598000E-7	6.685656E-3
1.598500E-7	6.725053E-3
1.599000E-7	6.764451E-3
1.599500E-7	6.798710E-3
1.600000E-7	6.819266E-3
1.600500E-7	6.829543E-3
1.601000E-7	6.834682E-3
1.601500E-7	6.822692E-3
1.602000E-7	6.798710E-3
1.602500E-7	6.774729E-3
1.603000E-7	6.745609E-3
1.603500E-7	6.711350E-3
1.604000E-7	6.671952E-3
1.604500E-7	6.634267E-3
1.605000E-7	6.593156E-3
1.605500E-7	6.550333E-3
1.606000E-7	6.521212E-3
1.606500E-7	6.505796E-3
1.607000E-7	6.493805E-3
1.607500E-7	6.480102E-3
1.608000E-7	6.476676E-3
1.608500E-7	6.490379E-3
1.609000E-7	6.505796E-3
1.609500E-7	6.505796E-3
1.610000E-7	6.500657E-3
1.610500E-7	6.505796E-3
1.611000E-7	6.517787E-3
1.611500E-7	6.516074E-3
1.612000E-7	6.493805E-3
1.612500E-7	6.462972E-3
1.613000E-7	6.425287E-3
1.613500E-7	6.382463E-3
1.614000E-7	6.339640E-3
1.614500E-7	6.307094E-3
1.615000E-7	6.267696E-3
1.615500E-7	6.230011E-3
1.616000E-7	6.218020E-3
1.616500E-7	6.219733E-3
1.617000E-7	6.212881E-3
1.617500E-7	6.219733E-3
1.618000E-7	6.253992E-3
1.618500E-7	6.291677E-3
1.619000E-7	6.341353E-3
1.619500E-7	6.415010E-3
1.620000E-7	6.488666E-3
1.620500E-7	6.543481E-3
1.621000E-7	6.591443E-3
1.621500E-7	6.634267E-3
1.622000E-7	6.651397E-3
1.622500E-7	6.644545E-3
1.623000E-7	6.627415E-3
1.623500E-7	6.586305E-3
1.624000E-7	6.528064E-3
1.624500E-7	6.473250E-3
1.625000E-7	6.413297E-3
1.625500E-7	6.336214E-3
1.626000E-7	6.253992E-3
1.626500E-7	6.192326E-3
1.627000E-7	6.142650E-3
1.627500E-7	6.096401E-3
1.628000E-7	6.063855E-3
1.628500E-7	6.048438E-3
1.629000E-7	6.051864E-3
1.629500E-7	6.072419E-3
1.630000E-7	6.113530E-3
1.630500E-7	6.166632E-3
1.631000E-7	6.233437E-3
1.631500E-7	6.320797E-3
1.632000E-7	6.415010E-3
1.632500E-7	6.507509E-3
1.633000E-7	6.596582E-3
1.633500E-7	6.670239E-3
1.634000E-7	6.719915E-3
1.634500E-7	6.754174E-3
1.635000E-7	6.778155E-3
1.635500E-7	6.783294E-3
1.636000E-7	6.762738E-3
1.636500E-7	6.730192E-3
1.637000E-7	6.683943E-3
1.637500E-7	6.627415E-3
1.638000E-7	6.567462E-3
1.638500E-7	6.504083E-3
1.639000E-7	6.437278E-3
1.639500E-7	6.387602E-3
1.640000E-7	6.361908E-3
1.640500E-7	6.341353E-3
1.641000E-7	6.329362E-3
1.641500E-7	6.337927E-3
1.642000E-7	6.363621E-3
1.642500E-7	6.401306E-3
1.643000E-7	6.440704E-3
1.643500E-7	6.468111E-3
1.644000E-7	6.474963E-3
1.644500E-7	6.469824E-3
1.645000E-7	6.456120E-3
1.645500E-7	6.428713E-3
1.646000E-7	6.392741E-3
1.646500E-7	6.361908E-3
1.647000E-7	6.334501E-3
1.647500E-7	6.308807E-3
1.648000E-7	6.291677E-3
1.648500E-7	6.296816E-3
1.649000E-7	6.322510E-3
1.649500E-7	6.360195E-3
1.650000E-7	6.420148E-3
1.650500E-7	6.507509E-3
1.651000E-7	6.603434E-3
1.651500E-7	6.678804E-3
1.652000E-7	6.731905E-3
1.652500E-7	6.764451E-3
1.653000E-7	6.779868E-3
1.653500E-7	6.781581E-3
1.654000E-7	6.764451E-3
1.654500E-7	6.733618E-3
1.655000E-7	6.694220E-3
1.655500E-7	6.651397E-3
1.656000E-7	6.594869E-3
1.656500E-7	6.540055E-3
1.657000E-7	6.498944E-3
1.657500E-7	6.469824E-3
1.658000E-7	6.457833E-3
1.658500E-7	6.466398E-3
1.659000E-7	6.473250E-3
1.659500E-7	6.459546E-3
1.660000E-7	6.442417E-3
1.660500E-7	6.421861E-3
1.661000E-7	6.379038E-3
1.661500E-7	6.324223E-3
1.662000E-7	6.272835E-3
1.662500E-7	6.219733E-3
1.663000E-7	6.158067E-3
1.663500E-7	6.111817E-3
1.664000E-7	6.091262E-3
1.664500E-7	6.082697E-3
1.665000E-7	6.077558E-3
1.665500E-7	6.075845E-3
1.666000E-7	6.084410E-3
1.666500E-7	6.110104E-3
1.667000E-7	6.144363E-3
1.667500E-7	6.171771E-3
1.668000E-7	6.195752E-3
1.668500E-7	6.231724E-3
1.669000E-7	6.274548E-3
1.669500E-7	6.308807E-3
1.670000E-7	6.336214E-3
1.670500E-7	6.363621E-3
1.671000E-7	6.384176E-3
1.671500E-7	6.387602E-3
1.672000E-7	6.379038E-3
1.672500E-7	6.367047E-3
1.673000E-7	6.353343E-3
1.673500E-7	6.341353E-3
1.674000E-7	6.332788E-3
1.674500E-7	6.319084E-3
1.675000E-7	6.303668E-3
1.675500E-7	6.298529E-3
1.676000E-7	6.301955E-3
1.676500E-7	6.310520E-3
1.677000E-7	6.322510E-3
1.677500E-7	6.348204E-3
1.678000E-7	6.380751E-3
1.678500E-7	6.420148E-3
1.679000E-7	6.469824E-3
1.679500E-7	6.516074E-3
1.680000E-7	6.553758E-3
1.680500E-7	6.579453E-3
1.681000E-7	6.586305E-3
1.681500E-7	6.576027E-3
1.682000E-7	6.555471E-3
1.682500E-7	6.517787E-3
1.683000E-7	6.456120E-3
1.683500E-7	6.382463E-3
1.684000E-7	6.307094E-3
1.684500E-7	6.228298E-3
1.685000E-7	6.149502E-3
1.685500E-7	6.084410E-3
1.686000E-7	6.039873E-3
1.686500E-7	6.010753E-3
1.687000E-7	6.002189E-3
1.687500E-7	6.024457E-3
1.688000E-7	6.080984E-3
1.688500E-7	6.149502E-3
1.689000E-7	6.209455E-3
1.689500E-7	6.260844E-3
1.690000E-7	6.312233E-3
1.690500E-7	6.361908E-3
1.691000E-7	6.401306E-3
1.691500E-7	6.432139E-3
1.692000E-7	6.444130E-3
1.692500E-7	6.438991E-3
1.693000E-7	6.430426E-3
1.693500E-7	6.418435E-3
1.694000E-7	6.391028E-3
1.694500E-7	6.355056E-3
1.695000E-7	6.322510E-3
1.695500E-7	6.284825E-3
1.696000E-7	6.242002E-3
1.696500E-7	6.200891E-3
1.697000E-7	6.156354E-3
1.697500E-7	6.106678E-3
1.698000E-7	6.057003E-3
1.698500E-7	6.015892E-3
1.699000E-7	5.986772E-3
1.699500E-7	5.966217E-3
1.700000E-7	5.950800E-3
1.700500E-7	5.950800E-3
1.701000E-7	5.974781E-3
1.701500E-7	6.015892E-3
1.702000E-7	6.057003E-3
1.702500E-7	6.094688E-3
1.703000E-7	6.132373E-3
1.703500E-7	6.168345E-3
1.704000E-7	6.206030E-3
1.704500E-7	6.242002E-3
1.705000E-7	6.265983E-3
1.705500E-7	6.288251E-3
1.706000E-7	6.312233E-3
1.706500E-7	6.327649E-3
1.707000E-7	6.332788E-3
1.707500E-7	6.344779E-3
1.708000E-7	6.349917E-3
1.708500E-7	6.332788E-3
1.709000E-7	6.312233E-3
1.709500E-7	6.296816E-3
1.710000E-7	6.277973E-3
1.710500E-7	6.260844E-3
1.711000E-7	6.252279E-3
1.711500E-7	6.248853E-3
1.712000E-7	6.247140E-3
1.712500E-7	6.253992E-3
1.713000E-7	6.260844E-3
1.713500E-7	6.253992E-3
1.714000E-7	6.236863E-3
1.714500E-7	6.214594E-3
1.715000E-7	6.178622E-3
1.715500E-7	6.123808E-3
1.716000E-7	6.060429E-3
1.716500E-7	6.005614E-3
1.717000E-7	5.952513E-3
1.717500E-7	5.899412E-3
1.718000E-7	5.863440E-3
1.718500E-7	5.853162E-3
1.719000E-7	5.856588E-3
1.719500E-7	5.866865E-3
1.720000E-7	5.897699E-3
1.720500E-7	5.947374E-3
1.721000E-7	5.991911E-3
1.721500E-7	6.033022E-3
1.722000E-7	6.079271E-3
1.722500E-7	6.123808E-3
1.723000E-7	6.146076E-3
1.723500E-7	6.146076E-3
1.724000E-7	6.137512E-3
1.724500E-7	6.127234E-3
1.725000E-7	6.104966E-3
1.725500E-7	6.067281E-3
1.726000E-7	6.027883E-3
1.726500E-7	6.005614E-3
1.727000E-7	5.998763E-3
1.727500E-7	5.990198E-3
1.728000E-7	5.986772E-3
1.728500E-7	6.014179E-3
1.729000E-7	6.063855E-3
1.729500E-7	6.110104E-3
1.730000E-7	6.151215E-3
1.730500E-7	6.204317E-3
1.731000E-7	6.252279E-3
1.731500E-7	6.283112E-3
1.732000E-7	6.300242E-3
1.732500E-7	6.307094E-3
1.733000E-7	6.296816E-3
1.733500E-7	6.276261E-3
1.734000E-7	6.242002E-3
1.734500E-7	6.195752E-3
1.735000E-7	6.152928E-3
1.735500E-7	6.120382E-3
1.736000E-7	6.084410E-3
1.736500E-7	6.053577E-3
1.737000E-7	6.039873E-3
1.737500E-7	6.033022E-3
1.738000E-7	6.026170E-3
1.738500E-7	6.029596E-3
1.739000E-7	6.031309E-3
1.739500E-7	6.021031E-3
1.740000E-7	6.009040E-3
1.740500E-7	6.002189E-3
1.741000E-7	5.990198E-3
1.741500E-7	5.969642E-3
1.742000E-7	5.952513E-3
1.742500E-7	5.935383E-3
1.743000E-7	5.925106E-3
1.743500E-7	5.916541E-3
1.744000E-7	5.916541E-3
1.744500E-7	5.935383E-3
1.745000E-7	5.971355E-3
1.745500E-7	6.003901E-3
1.746000E-7	6.031309E-3
1.746500E-7	6.062142E-3
1.747000E-7	6.087836E-3
1.747500E-7	6.092975E-3
1.748000E-7	6.087836E-3
1.748500E-7	6.086123E-3
1.749000E-7	6.072419E-3
1.749500E-7	6.043299E-3
1.750000E-7	6.019318E-3
1.750500E-7	6.005614E-3
1.751000E-7	5.988485E-3
1.751500E-7	5.966217E-3
1.752000E-7	5.945661E-3
1.752500E-7	5.935383E-3
1.753000E-7	5.942235E-3
1.753500E-7	5.959365E-3
1.754000E-7	5.966217E-3
1.754500E-7	5.961078E-3
1.755000E-7	5.955939E-3
1.755500E-7	5.949087E-3
1.756000E-7	5.928532E-3
1.756500E-7	5.904550E-3
1.757000E-7	5.889134E-3
1.757500E-7	5.875430E-3
1.758000E-7	5.849736E-3
1.758500E-7	5.817190E-3
1.759000E-7	5.784644E-3
1.759500E-7	5.757237E-3
1.760000E-7	5.734968E-3
1.760500E-7	5.707561E-3
1.761000E-7	5.664737E-3
1.761500E-7	5.613349E-3
1.762000E-7	5.568812E-3
1.762500E-7	5.525988E-3
1.763000E-7	5.481452E-3
1.763500E-7	5.445480E-3
1.764000E-7	5.428350E-3
1.764500E-7	5.423211E-3
1.765000E-7	5.430063E-3
1.765500E-7	5.459183E-3
1.766000E-7	5.515711E-3
1.766500E-7	5.589368E-3
1.767000E-7	5.676728E-3
1.767500E-7	5.774366E-3
1.768000E-7	5.863440E-3
1.768500E-7	5.942235E-3
1.769000E-7	6.007327E-3
1.769500E-7	6.055290E-3
1.770000E-7	6.079271E-3
1.770500E-7	6.082697E-3
1.771000E-7	6.062142E-3
1.771500E-7	6.024457E-3
1.772000E-7	5.974781E-3
1.772500E-7	5.914828E-3
1.773000E-7	5.849736E-3
1.773500E-7	5.798347E-3
1.774000E-7	5.765801E-3
1.774500E-7	5.745246E-3
1.775000E-7	5.731542E-3
1.775500E-7	5.717839E-3
1.776000E-7	5.698996E-3
1.776500E-7	5.683580E-3
1.777000E-7	5.681867E-3
1.777500E-7	5.676728E-3
1.778000E-7	5.656173E-3
1.778500E-7	5.642469E-3
1.779000E-7	5.632191E-3
1.779500E-7	5.604784E-3
1.780000E-7	5.567099E-3
1.780500E-7	5.551683E-3
1.781000E-7	5.563673E-3
1.781500E-7	5.572238E-3
1.782000E-7	5.575664E-3
1.782500E-7	5.592793E-3
1.783000E-7	5.621914E-3
1.783500E-7	5.644182E-3
1.784000E-7	5.656173E-3
1.784500E-7	5.669876E-3
1.785000E-7	5.678441E-3
1.785500E-7	5.685293E-3
1.786000E-7	5.698996E-3
1.786500E-7	5.719552E-3
1.787000E-7	5.738394E-3
1.787500E-7	5.753811E-3
1.788000E-7	5.774366E-3
1.788500E-7	5.810338E-3
1.789000E-7	5.851449E-3
1.789500E-7	5.878856E-3
1.790000E-7	5.890847E-3
1.790500E-7	5.897699E-3
1.791000E-7	5.892560E-3
1.791500E-7	5.863440E-3
1.792000E-7	5.827468E-3
1.792500E-7	5.793209E-3
1.793000E-7	5.746959E-3
1.793500E-7	5.690432E-3
1.794000E-7	5.649321E-3
1.794500E-7	5.621914E-3
1.795000E-7	5.599645E-3
1.795500E-7	5.584229E-3
1.796000E-7	5.579090E-3
1.796500E-7	5.572238E-3
1.797000E-7	5.560247E-3
1.797500E-7	5.556822E-3
1.798000E-7	5.555109E-3
1.798500E-7	5.539692E-3
1.799000E-7	5.522563E-3
1.799500E-7	5.515711E-3
1.800000E-7	5.507146E-3
1.800500E-7	5.495155E-3
1.801000E-7	5.488304E-3
1.801500E-7	5.491729E-3
1.802000E-7	5.502007E-3
1.802500E-7	5.517424E-3
1.803000E-7	5.527701E-3
1.803500E-7	5.534553E-3
1.804000E-7	5.558534E-3
1.804500E-7	5.587655E-3
1.805000E-7	5.606497E-3
1.805500E-7	5.628765E-3
1.806000E-7	5.664737E-3
1.806500E-7	5.697283E-3
1.807000E-7	5.724691E-3
1.807500E-7	5.755524E-3
1.808000E-7	5.774366E-3
1.808500E-7	5.760663E-3
1.809000E-7	5.736681E-3
1.809500E-7	5.714413E-3
1.810000E-7	5.680154E-3
1.810500E-7	5.639043E-3
1.811000E-7	5.599645E-3
1.811500E-7	5.570525E-3
1.812000E-7	5.563673E-3
1.812500E-7	5.577377E-3
1.813000E-7	5.601358E-3
1.813500E-7	5.640756E-3
1.814000E-7	5.702422E-3
1.814500E-7	5.765801E-3
1.815000E-7	5.813764E-3
1.815500E-7	5.854875E-3
1.816000E-7	5.889134E-3
1.816500E-7	5.916541E-3
1.817000E-7	5.938809E-3
1.817500E-7	5.952513E-3
1.818000E-7	5.959365E-3
1.818500E-7	5.971355E-3
1.819000E-7	5.981633E-3
1.819500E-7	5.976494E-3
1.820000E-7	5.967930E-3
1.820500E-7	5.971355E-3
1.821000E-7	5.974781E-3
1.821500E-7	5.964504E-3
1.822000E-7	5.947374E-3
1.822500E-7	5.923393E-3
1.823000E-7	5.889134E-3
1.823500E-7	5.851449E-3
1.824000E-7	5.815477E-3
1.824500E-7	5.779505E-3
1.825000E-7	5.748672E-3
1.825500E-7	5.728117E-3
1.826000E-7	5.714413E-3
1.826500E-7	5.724691E-3
1.827000E-7	5.755524E-3
1.827500E-7	5.784644E-3
1.828000E-7	5.803486E-3
1.828500E-7	5.820616E-3
1.829000E-7	5.834319E-3
1.829500E-7	5.836032E-3
1.830000E-7	5.829181E-3
1.830500E-7	5.813764E-3
1.831000E-7	5.781218E-3
1.831500E-7	5.740107E-3
1.832000E-7	5.710987E-3
1.832500E-7	5.688719E-3
1.833000E-7	5.669876E-3
1.833500E-7	5.663024E-3
1.834000E-7	5.671589E-3
1.834500E-7	5.688719E-3
1.835000E-7	5.717839E-3
1.835500E-7	5.757237E-3
1.836000E-7	5.800060E-3
1.836500E-7	5.837745E-3
1.837000E-7	5.873717E-3
1.837500E-7	5.901124E-3
1.838000E-7	5.911402E-3
1.838500E-7	5.909689E-3
1.839000E-7	5.894273E-3
1.839500E-7	5.851449E-3
1.840000E-7	5.788070E-3
1.840500E-7	5.733255E-3
1.841000E-7	5.685293E-3
1.841500E-7	5.635617E-3
1.842000E-7	5.603071E-3
1.842500E-7	5.599645E-3
1.843000E-7	5.604784E-3
1.843500E-7	5.611636E-3
1.844000E-7	5.630478E-3
1.844500E-7	5.651034E-3
1.845000E-7	5.659599E-3
1.845500E-7	5.661311E-3
1.846000E-7	5.659599E-3
1.846500E-7	5.644182E-3
1.847000E-7	5.611636E-3
1.847500E-7	5.570525E-3
1.848000E-7	5.532840E-3
1.848500E-7	5.502007E-3
1.849000E-7	5.479739E-3
1.849500E-7	5.464322E-3
1.850000E-7	5.455757E-3
1.850500E-7	5.464322E-3
1.851000E-7	5.479739E-3
1.851500E-7	5.496868E-3
1.852000E-7	5.512285E-3
1.852500E-7	5.541405E-3
1.853000E-7	5.577377E-3
1.853500E-7	5.599645E-3
1.854000E-7	5.615062E-3
1.854500E-7	5.644182E-3
1.855000E-7	5.683580E-3
1.855500E-7	5.716126E-3
1.856000E-7	5.746959E-3
1.856500E-7	5.784644E-3
1.857000E-7	5.824042E-3
1.857500E-7	5.858301E-3
1.858000E-7	5.868578E-3
1.858500E-7	5.851449E-3
1.859000E-7	5.820616E-3
1.859500E-7	5.786357E-3
1.860000E-7	5.731542E-3
1.860500E-7	5.659599E-3
1.861000E-7	5.594506E-3
1.861500E-7	5.541405E-3
1.862000E-7	5.502007E-3
1.862500E-7	5.500294E-3
1.863000E-7	5.537979E-3
1.863500E-7	5.592793E-3
1.864000E-7	5.656173E-3
1.864500E-7	5.741820E-3
1.865000E-7	5.836032E-3
1.865500E-7	5.919967E-3
1.866000E-7	5.979920E-3
1.866500E-7	6.009040E-3
1.867000E-7	6.003901E-3
1.867500E-7	5.967930E-3
1.868000E-7	5.902837E-3
1.868500E-7	5.812051E-3
1.869000E-7	5.712700E-3
1.869500E-7	5.608210E-3
1.870000E-7	5.502007E-3
1.870500E-7	5.416360E-3
1.871000E-7	5.359832E-3
1.871500E-7	5.317009E-3
1.872000E-7	5.293027E-3
1.872500E-7	5.305018E-3
1.873000E-7	5.346129E-3
1.873500E-7	5.390665E-3
1.874000E-7	5.438628E-3
1.874500E-7	5.495155E-3
1.875000E-7	5.555109E-3
1.875500E-7	5.608210E-3
1.876000E-7	5.652747E-3
1.876500E-7	5.688719E-3
1.877000E-7	5.712700E-3
1.877500E-7	5.724691E-3
1.878000E-7	5.716126E-3
1.878500E-7	5.700709E-3
1.879000E-7	5.687006E-3
1.879500E-7	5.676728E-3
1.880000E-7	5.654460E-3
1.880500E-7	5.625340E-3
1.881000E-7	5.597932E-3
1.881500E-7	5.575664E-3
1.882000E-7	5.544831E-3
1.882500E-7	5.507146E-3
1.883000E-7	5.472887E-3
1.883500E-7	5.442054E-3
1.884000E-7	5.411221E-3
1.884500E-7	5.383814E-3
1.885000E-7	5.368397E-3
1.885500E-7	5.359832E-3
1.886000E-7	5.354693E-3
1.886500E-7	5.352980E-3
1.887000E-7	5.349555E-3
1.887500E-7	5.340990E-3
1.888000E-7	5.332425E-3
1.888500E-7	5.332425E-3
1.889000E-7	5.323860E-3
1.889500E-7	5.299879E-3
1.890000E-7	5.281037E-3
1.890500E-7	5.282750E-3
1.891000E-7	5.293027E-3
1.891500E-7	5.301592E-3
1.892000E-7	5.327286E-3
1.892500E-7	5.376962E-3
1.893000E-7	5.424924E-3
1.893500E-7	5.459183E-3
1.894000E-7	5.498581E-3
1.894500E-7	5.537979E-3
1.895000E-7	5.549970E-3
1.895500E-7	5.534553E-3
1.896000E-7	5.517424E-3
1.896500E-7	5.500294E-3
1.897000E-7	5.467748E-3
1.897500E-7	5.435202E-3
1.898000E-7	5.414647E-3
1.898500E-7	5.404369E-3
1.899000E-7	5.400943E-3
1.899500E-7	5.414647E-3
1.900000E-7	5.448906E-3
1.900500E-7	5.488304E-3
1.901000E-7	5.519137E-3
1.901500E-7	5.541405E-3
1.902000E-7	5.558534E-3
1.902500E-7	5.560247E-3
1.903000E-7	5.541405E-3
1.903500E-7	5.498581E-3
1.904000E-7	5.445480E-3
1.904500E-7	5.378675E-3
1.905000E-7	5.303305E-3
1.905500E-7	5.238213E-3
1.906000E-7	5.183398E-3
1.906500E-7	5.126871E-3
1.907000E-7	5.072057E-3
1.907500E-7	5.044649E-3
1.908000E-7	5.041224E-3
1.908500E-7	5.044649E-3
1.909000E-7	5.058353E-3
1.909500E-7	5.090899E-3
1.910000E-7	5.125158E-3
1.910500E-7	5.155991E-3
1.911000E-7	5.191963E-3
1.911500E-7	5.234787E-3
1.912000E-7	5.269046E-3
1.912500E-7	5.289601E-3
1.913000E-7	5.303305E-3
1.913500E-7	5.328999E-3
1.914000E-7	5.366684E-3
1.914500E-7	5.412934E-3
1.915000E-7	5.462609E-3
1.915500E-7	5.522563E-3
1.916000E-7	5.589368E-3
1.916500E-7	5.656173E-3
1.917000E-7	5.717839E-3
1.917500E-7	5.762376E-3
1.918000E-7	5.779505E-3
1.918500E-7	5.772653E-3
1.919000E-7	5.746959E-3
1.919500E-7	5.704135E-3
1.920000E-7	5.644182E-3
1.920500E-7	5.582516E-3
1.921000E-7	5.527701E-3
1.921500E-7	5.474600E-3
1.922000E-7	5.424924E-3
1.922500E-7	5.406082E-3
1.923000E-7	5.428350E-3
1.923500E-7	5.472887E-3
1.924000E-7	5.519137E-3
1.924500E-7	5.570525E-3
1.925000E-7	5.639043E-3
1.925500E-7	5.714413E-3
1.926000E-7	5.764088E-3
1.926500E-7	5.772653E-3
1.927000E-7	5.757237E-3
1.927500E-7	5.724691E-3
1.928000E-7	5.640756E-3
1.928500E-7	5.503720E-3
1.929000E-7	5.346129E-3
1.929500E-7	5.191963E-3
1.930000E-7	5.037798E-3
1.930500E-7	4.897336E-3
1.931000E-7	4.782568E-3
1.931500E-7	4.695208E-3
1.932000E-7	4.638680E-3
1.932500E-7	4.638680E-3
1.933000E-7	4.693495E-3
1.933500E-7	4.792846E-3
1.934000E-7	4.933308E-3
1.934500E-7	5.099464E-3
1.935000E-7	5.251916E-3
1.935500E-7	5.378675E-3
1.936000E-7	5.476313E-3
1.936500E-7	5.534553E-3
1.937000E-7	5.536266E-3
1.937500E-7	5.488304E-3
1.938000E-7	5.418073E-3
1.938500E-7	5.332425E-3
1.939000E-7	5.234787E-3
1.939500E-7	5.144001E-3
1.940000E-7	5.092612E-3
1.940500E-7	5.084047E-3
1.941000E-7	5.111455E-3
1.941500E-7	5.162843E-3
1.942000E-7	5.226222E-3
1.942500E-7	5.289601E-3
1.943000E-7	5.356406E-3
1.943500E-7	5.412934E-3
1.944000E-7	5.435202E-3
1.944500E-7	5.414647E-3
1.945000E-7	5.366684E-3
1.945500E-7	5.293027E-3
1.946000E-7	5.190250E-3
1.946500E-7	5.078908E-3
1.947000E-7	4.977844E-3
1.947500E-7	4.897336E-3
1.948000E-7	4.849373E-3
1.948500E-7	4.837383E-3
1.949000E-7	4.854512E-3
1.949500E-7	4.897336E-3
1.950000E-7	4.976131E-3
1.950500E-7	5.077196E-3
1.951000E-7	5.179973E-3
1.951500E-7	5.267333E-3
1.952000E-7	5.337564E-3
1.952500E-7	5.392378E-3
1.953000E-7	5.424924E-3
1.953500E-7	5.430063E-3
1.954000E-7	5.414647E-3
1.954500E-7	5.388952E-3
1.955000E-7	5.354693E-3
1.955500E-7	5.323860E-3
1.956000E-7	5.296453E-3
1.956500E-7	5.272472E-3
1.957000E-7	5.251916E-3
1.957500E-7	5.241639E-3
1.958000E-7	5.245065E-3
1.958500E-7	5.243352E-3
1.959000E-7	5.236500E-3
1.959500E-7	5.229648E-3
1.960000E-7	5.221083E-3
1.960500E-7	5.207380E-3
1.961000E-7	5.193676E-3
1.961500E-7	5.183398E-3
1.962000E-7	5.178260E-3
1.962500E-7	5.174834E-3
1.963000E-7	5.169695E-3
1.963500E-7	5.159417E-3
1.964000E-7	5.149139E-3
1.964500E-7	5.149139E-3
1.965000E-7	5.159417E-3
1.965500E-7	5.173121E-3
1.966000E-7	5.185111E-3
1.966500E-7	5.202241E-3
1.967000E-7	5.226222E-3
1.967500E-7	5.257055E-3
1.968000E-7	5.291314E-3
1.968500E-7	5.328999E-3
1.969000E-7	5.364971E-3
1.969500E-7	5.385527E-3
1.970000E-7	5.392378E-3
1.970500E-7	5.387239E-3
1.971000E-7	5.382101E-3
1.971500E-7	5.378675E-3
1.972000E-7	5.368397E-3
1.972500E-7	5.344416E-3
1.973000E-7	5.313583E-3
1.973500E-7	5.284462E-3
1.974000E-7	5.257055E-3
1.974500E-7	5.234787E-3
1.975000E-7	5.221083E-3
1.975500E-7	5.210806E-3
1.976000E-7	5.207380E-3
1.976500E-7	5.209093E-3
1.977000E-7	5.209093E-3
1.977500E-7	5.209093E-3
1.978000E-7	5.215944E-3
1.978500E-7	5.224509E-3
1.979000E-7	5.224509E-3
1.979500E-7	5.226222E-3
1.980000E-7	5.238213E-3
1.980500E-7	5.253629E-3
1.981000E-7	5.258768E-3
1.981500E-7	5.262194E-3
1.982000E-7	5.272472E-3
1.982500E-7	5.279324E-3
1.983000E-7	5.272472E-3
1.983500E-7	5.253629E-3
1.984000E-7	5.234787E-3
1.984500E-7	5.205667E-3
1.985000E-7	5.155991E-3
1.985500E-7	5.104603E-3
1.986000E-7	5.065205E-3
1.986500E-7	5.034372E-3
1.987000E-7	5.001826E-3
1.987500E-7	4.988122E-3
1.988000E-7	5.003539E-3
1.988500E-7	5.036085E-3
1.989000E-7	5.077196E-3
1.989500E-7	5.135436E-3
1.990000E-7	5.203954E-3
1.990500E-7	5.274185E-3
1.991000E-7	5.340990E-3
1.991500E-7	5.397517E-3
1.992000E-7	5.436915E-3
1.992500E-7	5.457470E-3
1.993000E-7	5.460896E-3
1.993500E-7	5.447193E-3
1.994000E-7	5.416360E-3
1.994500E-7	5.373536E-3
1.995000E-7	5.327286E-3
1.995500E-7	5.287888E-3
1.996000E-7	5.255342E-3
1.996500E-7	5.229648E-3
1.997000E-7	5.207380E-3
1.997500E-7	5.186824E-3
1.998000E-7	5.164556E-3
1.998500E-7	5.150852E-3
1.999000E-7	5.152565E-3
1.999500E-7	5.157704E-3
2.000000E-7	5.154278E-3
