Study Name	PremaTech_CVD_SiC_HeandSi
Sample Name	2025-10-31
Run Name	spot02
Operator	Keshav
Date	10/31/2025
Time	15:47
Sign	FIX
Grating Spacing	06.40um
Channel	3
Number Traces	10000
Files in Batch	1
Batch Number	27
dt	50.000001E-12
time stamp (ms)	4:15:57 PM
	
Time	Amplitude
0.000000E+0	-3.990974E-4
5.000000E-11	-5.532629E-4
1.000000E-10	-6.851601E-4
1.500000E-10	-7.656687E-4
2.000000E-10	-8.102054E-4
2.500000E-10	-8.410385E-4
3.000000E-10	-8.684457E-4
3.500000E-10	-8.735846E-4
4.000000E-10	-8.564551E-4
4.500000E-10	-8.478903E-4
5.000000E-10	-8.667328E-4
5.500000E-10	-9.009918E-4
6.000000E-10	-9.472414E-4
6.500000E-10	-1.007195E-3
7.000000E-10	-1.063722E-3
7.500000E-10	-1.099694E-3
8.000000E-10	-1.104833E-3
8.500000E-10	-1.065435E-3
9.000000E-10	-9.866393E-4
9.500000E-10	-8.735846E-4
1.000000E-9	-7.279838E-4
1.050000E-9	-5.721054E-4
1.100000E-9	-4.299305E-4
1.150000E-9	-3.048852E-4
1.200000E-9	-1.986822E-4
1.250000E-9	-1.387290E-4
1.300000E-9	-1.353031E-4
1.350000E-9	-1.678491E-4
1.400000E-9	-2.363671E-4
1.450000E-9	-3.528478E-4
1.500000E-9	-4.813190E-4
1.550000E-9	-5.977996E-4
1.600000E-9	-7.074284E-4
1.650000E-9	-7.982148E-4
1.700000E-9	-8.341867E-4
1.750000E-9	-8.136313E-4
1.800000E-9	-7.673817E-4
1.850000E-9	-7.022896E-4
1.900000E-9	-6.080773E-4
1.950000E-9	-5.190039E-4
2.000000E-9	-4.676154E-4
2.050000E-9	-4.419212E-4
2.100000E-9	-4.282176E-4
2.150000E-9	-4.350694E-4
2.200000E-9	-4.607636E-4
2.250000E-9	-4.933097E-4
2.300000E-9	-5.309946E-4
2.350000E-9	-5.601147E-4
2.400000E-9	-5.686795E-4
2.450000E-9	-5.601147E-4
2.500000E-9	-5.292816E-4
2.550000E-9	-4.590507E-4
2.600000E-9	-3.579866E-4
2.650000E-9	-2.569225E-4
2.700000E-9	-1.729880E-4
2.750000E-9	-1.147477E-4
2.800000E-9	-1.010441E-4
2.850000E-9	-1.267383E-4
2.900000E-9	-1.644232E-4
2.950000E-9	-1.969693E-4
3.000000E-9	-2.140988E-4
3.050000E-9	-2.021081E-4
3.100000E-9	-1.764139E-4
3.150000E-9	-1.335901E-4
3.200000E-9	-5.479444E-5
3.250000E-9	5.826026E-5
3.300000E-9	1.798797E-4
3.350000E-9	2.895085E-4
3.400000E-9	3.939985E-4
3.450000E-9	4.727942E-4
3.500000E-9	5.173309E-4
3.550000E-9	5.207568E-4
3.600000E-9	4.830719E-4
3.650000E-9	3.957114E-4
3.700000E-9	2.758049E-4
3.750000E-9	1.387689E-4
3.800000E-9	-1.368364E-5
3.850000E-9	-1.695621E-4
3.900000E-9	-3.151629E-4
3.950000E-9	-4.419212E-4
4.000000E-9	-5.601147E-4
4.050000E-9	-6.611788E-4
4.100000E-9	-7.348356E-4
4.150000E-9	-7.879371E-4
4.200000E-9	-8.273349E-4
4.250000E-9	-8.427515E-4
4.300000E-9	-8.376126E-4
4.350000E-9	-8.341867E-4
4.400000E-9	-8.273349E-4
4.450000E-9	-7.913630E-4
4.500000E-9	-7.245579E-4
4.550000E-9	-6.509011E-4
4.600000E-9	-5.755313E-4
4.650000E-9	-5.104392E-4
4.700000E-9	-4.367823E-4
4.750000E-9	-3.391442E-4
4.800000E-9	-2.243765E-4
4.850000E-9	-1.250254E-4
4.900000E-9	-5.136854E-5
4.950000E-9	1.995795E-8
5.000000E-9	1.543651E-5
5.050000E-9	1.995795E-8
5.100000E-9	-3.081314E-5
5.150000E-9	-7.192394E-5
5.200000E-9	-1.147477E-4
5.250000E-9	-1.438678E-4
5.300000E-9	-1.661362E-4
5.350000E-9	-1.952563E-4
5.400000E-9	-2.140988E-4
5.450000E-9	-2.072470E-4
5.500000E-9	-1.866916E-4
5.550000E-9	-1.335901E-4
5.600000E-9	-4.622969E-5
5.650000E-9	4.969551E-5
5.700000E-9	1.370560E-4
5.750000E-9	2.158517E-4
5.800000E-9	2.775179E-4
5.850000E-9	2.980733E-4
5.900000E-9	2.655272E-4
5.950000E-9	1.833056E-4
6.000000E-9	8.052861E-5
6.050000E-9	-2.396134E-5
6.100000E-9	-1.318772E-4
6.150000E-9	-2.346542E-4
6.200000E-9	-2.997463E-4
6.250000E-9	-3.134499E-4
6.300000E-9	-3.014593E-4
6.350000E-9	-2.654873E-4
6.400000E-9	-1.918304E-4
6.450000E-9	-9.590524E-5
6.500000E-9	-6.831842E-6
6.550000E-9	7.025091E-5
6.600000E-9	1.233524E-4
6.650000E-9	1.130747E-4
6.700000E-9	2.742716E-5
6.750000E-9	-7.534984E-5
6.800000E-9	-1.507196E-4
6.850000E-9	-2.106729E-4
6.900000E-9	-2.689132E-4
6.950000E-9	-3.322924E-4
7.000000E-9	-3.871068E-4
7.050000E-9	-4.076622E-4
7.100000E-9	-3.905327E-4
7.150000E-9	-3.682643E-4
7.200000E-9	-3.665514E-4
7.250000E-9	-3.682643E-4
7.300000E-9	-4.076622E-4
7.350000E-9	-5.087262E-4
7.400000E-9	-6.440493E-4
7.450000E-9	-7.519651E-4
7.500000E-9	-8.444644E-4
7.550000E-9	-9.438155E-4
7.600000E-9	-1.010621E-3
7.650000E-9	-1.020898E-3
7.700000E-9	-1.003769E-3
7.750000E-9	-9.660839E-4
7.800000E-9	-8.890011E-4
7.850000E-9	-7.827982E-4
7.900000E-9	-6.526140E-4
7.950000E-9	-4.984485E-4
8.000000E-9	-3.477089E-4
8.050000E-9	-2.243765E-4
8.100000E-9	-1.113218E-4
8.150000E-9	-8.544792E-6
8.200000E-9	6.511206E-5
8.250000E-9	1.062229E-4
8.300000E-9	1.182135E-4
8.350000E-9	9.423221E-5
8.400000E-9	4.626961E-5
8.450000E-9	-1.197069E-5
8.500000E-9	-9.247934E-5
8.550000E-9	-1.935434E-4
8.600000E-9	-2.877557E-4
8.650000E-9	-3.631255E-4
8.700000E-9	-4.299305E-4
8.750000E-9	-4.933097E-4
8.800000E-9	-5.138651E-4
8.850000E-9	-4.607636E-4
8.900000E-9	-3.545607E-4
8.950000E-9	-2.329412E-4
9.000000E-9	-8.391459E-5
9.050000E-9	1.027970E-4
9.100000E-9	2.706661E-4
9.150000E-9	3.888596E-4
9.200000E-9	4.882107E-4
9.250000E-9	5.652935E-4
9.300000E-9	5.789971E-4
9.350000E-9	5.276086E-4
9.400000E-9	4.488129E-4
9.450000E-9	3.477488E-4
9.500000E-9	2.261294E-4
9.550000E-9	9.423221E-5
9.600000E-9	-2.567429E-5
9.650000E-9	-1.335901E-4
9.700000E-9	-2.278024E-4
9.750000E-9	-3.065981E-4
9.800000E-9	-3.665514E-4
9.850000E-9	-4.042363E-4
9.900000E-9	-4.350694E-4
9.950000E-9	-4.727543E-4
1.000000E-8	-5.155780E-4
1.005000E-8	-5.601147E-4
1.010000E-8	-6.012255E-4
1.015000E-8	-6.423363E-4
1.020000E-8	-6.937248E-4
1.025000E-8	-7.502522E-4
1.030000E-8	-7.947889E-4
1.035000E-8	-8.136313E-4
1.040000E-8	-8.119184E-4
1.045000E-8	-7.776594E-4
1.050000E-8	-7.005766E-4
1.055000E-8	-5.909478E-4
1.060000E-8	-4.659025E-4
1.065000E-8	-3.322924E-4
1.070000E-8	-2.106729E-4
1.075000E-8	-1.215995E-4
1.080000E-8	-6.507214E-5
1.085000E-8	-3.252609E-5
1.090000E-8	-2.396134E-5
1.095000E-8	-4.794264E-5
1.100000E-8	-9.076639E-5
1.105000E-8	-1.267383E-4
1.110000E-8	-1.781268E-4
1.115000E-8	-2.466448E-4
1.120000E-8	-2.997463E-4
1.125000E-8	-3.185888E-4
1.130000E-8	-3.168758E-4
1.135000E-8	-3.031722E-4
1.140000E-8	-2.672003E-4
1.145000E-8	-2.226635E-4
1.150000E-8	-1.918304E-4
1.155000E-8	-1.661362E-4
1.160000E-8	-1.387290E-4
1.165000E-8	-1.233124E-4
1.170000E-8	-1.181736E-4
1.175000E-8	-1.096088E-4
1.180000E-8	-9.419229E-5
1.185000E-8	-8.905344E-5
1.190000E-8	-8.905344E-5
1.195000E-8	-9.419229E-5
1.200000E-8	-9.247934E-5
1.205000E-8	-8.905344E-5
1.210000E-8	-9.247934E-5
1.215000E-8	-9.761820E-5
1.220000E-8	-7.534984E-5
1.225000E-8	-4.109084E-5
1.230000E-8	-1.882249E-5
1.235000E-8	1.029766E-5
1.240000E-8	6.511206E-5
1.245000E-8	1.113617E-4
1.250000E-8	1.319171E-4
1.255000E-8	1.541855E-4
1.260000E-8	1.815927E-4
1.265000E-8	1.798797E-4
1.270000E-8	1.507596E-4
1.275000E-8	1.045099E-4
1.280000E-8	3.941781E-5
1.285000E-8	-3.595199E-5
1.290000E-8	-9.419229E-5
1.295000E-8	-1.472937E-4
1.300000E-8	-2.106729E-4
1.305000E-8	-2.603484E-4
1.310000E-8	-2.672003E-4
1.315000E-8	-2.415060E-4
1.320000E-8	-2.140988E-4
1.325000E-8	-1.729880E-4
1.330000E-8	-1.096088E-4
1.335000E-8	-5.650739E-5
1.340000E-8	-3.081314E-5
1.345000E-8	-2.396134E-5
1.350000E-8	-3.595199E-5
1.355000E-8	-5.308149E-5
1.360000E-8	-7.877574E-5
1.365000E-8	-1.284513E-4
1.370000E-8	-1.918304E-4
1.375000E-8	-2.329412E-4
1.380000E-8	-2.552096E-4
1.385000E-8	-2.809039E-4
1.390000E-8	-2.946075E-4
1.395000E-8	-2.928945E-4
1.400000E-8	-2.757650E-4
1.405000E-8	-2.260894E-4
1.410000E-8	-1.455808E-4
1.415000E-8	-7.363689E-5
1.420000E-8	-1.882249E-5
1.425000E-8	2.914011E-5
1.430000E-8	4.798256E-5
1.435000E-8	4.113076E-5
1.440000E-8	5.312141E-5
1.445000E-8	5.483436E-5
1.450000E-8	8.584708E-6
1.455000E-8	-1.710954E-5
1.460000E-8	-5.118892E-6
1.465000E-8	-2.738724E-5
1.470000E-8	-9.590524E-5
1.475000E-8	-1.472937E-4
1.480000E-8	-1.935434E-4
1.485000E-8	-2.432189E-4
1.490000E-8	-2.449319E-4
1.495000E-8	-2.175247E-4
1.500000E-8	-2.346542E-4
1.505000E-8	-2.757650E-4
1.510000E-8	-2.654873E-4
1.515000E-8	-2.106729E-4
1.520000E-8	-1.558585E-4
1.525000E-8	-1.096088E-4
1.530000E-8	-8.562754E-5
1.535000E-8	-8.562754E-5
1.540000E-8	-1.010441E-4
1.545000E-8	-1.404419E-4
1.550000E-8	-1.849786E-4
1.555000E-8	-1.935434E-4
1.560000E-8	-1.455808E-4
1.565000E-8	-8.562754E-5
1.570000E-8	-3.423904E-5
1.575000E-8	1.543651E-5
1.580000E-8	7.538976E-5
1.585000E-8	1.541855E-4
1.590000E-8	2.346941E-4
1.595000E-8	2.483977E-4
1.600000E-8	1.507596E-4
1.605000E-8	-8.544792E-6
1.610000E-8	-1.609973E-4
1.615000E-8	-3.220147E-4
1.620000E-8	-5.172910E-4
1.625000E-8	-7.211320E-4
1.630000E-8	-8.684457E-4
1.635000E-8	-9.335378E-4
1.640000E-8	-9.198342E-4
1.645000E-8	-8.547421E-4
1.650000E-8	-7.468263E-4
1.655000E-8	-5.995126E-4
1.660000E-8	-4.402082E-4
1.665000E-8	-3.374312E-4
1.670000E-8	-2.826168E-4
1.675000E-8	-2.415060E-4
1.680000E-8	-2.363671E-4
1.685000E-8	-3.014593E-4
1.690000E-8	-3.819679E-4
1.695000E-8	-4.265046E-4
1.700000E-8	-4.521989E-4
1.705000E-8	-4.915967E-4
1.710000E-8	-5.412723E-4
1.715000E-8	-5.601147E-4
1.720000E-8	-5.207169E-4
1.725000E-8	-4.573377E-4
1.730000E-8	-4.145140E-4
1.735000E-8	-3.734032E-4
1.740000E-8	-3.031722E-4
1.745000E-8	-2.329412E-4
1.750000E-8	-2.021081E-4
1.755000E-8	-1.764139E-4
1.760000E-8	-1.507196E-4
1.765000E-8	-1.507196E-4
1.770000E-8	-1.781268E-4
1.775000E-8	-1.918304E-4
1.780000E-8	-1.901175E-4
1.785000E-8	-1.644232E-4
1.790000E-8	-7.877574E-5
1.795000E-8	7.710271E-5
1.800000E-8	3.117769E-4
1.805000E-8	6.595057E-4
1.810000E-8	1.187094E-3
1.815000E-8	1.932228E-3
1.820000E-8	2.918887E-3
1.825000E-8	4.167627E-3
1.830000E-8	5.676736E-3
1.835000E-8	7.432510E-3
1.840000E-8	9.450365E-3
1.845000E-8	1.170803E-2
1.850000E-8	1.410102E-2
1.855000E-8	1.658652E-2
1.860000E-8	1.919876E-2
1.865000E-8	2.192749E-2
1.870000E-8	2.465280E-2
1.875000E-8	2.730616E-2
1.880000E-8	2.985845E-2
1.885000E-8	3.221890E-2
1.890000E-8	3.430013E-2
1.895000E-8	3.609530E-2
1.900000E-8	3.756673E-2
1.905000E-8	3.859450E-2
1.910000E-8	3.915121E-2
1.915000E-8	3.932935E-2
1.920000E-8	3.917861E-2
1.925000E-8	3.870584E-2
1.930000E-8	3.801895E-2
1.935000E-8	3.724298E-2
1.940000E-8	3.640877E-2
1.945000E-8	3.554716E-2
1.950000E-8	3.476263E-2
1.955000E-8	3.414083E-2
1.960000E-8	3.366291E-2
1.965000E-8	3.333745E-2
1.970000E-8	3.319528E-2
1.975000E-8	3.316616E-2
1.980000E-8	3.315759E-2
1.985000E-8	3.314389E-2
1.990000E-8	3.306509E-2
1.995000E-8	3.289894E-2
2.000000E-8	3.269510E-2
2.005000E-8	3.248440E-2
2.010000E-8	3.219492E-2
2.015000E-8	3.179237E-2
2.020000E-8	3.130761E-2
2.025000E-8	3.079372E-2
2.030000E-8	3.030553E-2
2.035000E-8	2.990470E-2
2.040000E-8	2.960151E-2
2.045000E-8	2.937369E-2
2.050000E-8	2.923151E-2
2.055000E-8	2.916471E-2
2.060000E-8	2.912702E-2
2.065000E-8	2.910304E-2
2.070000E-8	2.910647E-2
2.075000E-8	2.912188E-2
2.080000E-8	2.910475E-2
2.085000E-8	2.901911E-2
2.090000E-8	2.885124E-2
2.095000E-8	2.862855E-2
2.100000E-8	2.842129E-2
2.105000E-8	2.823458E-2
2.110000E-8	2.801874E-2
2.115000E-8	2.773439E-2
2.120000E-8	2.744662E-2
2.125000E-8	2.724620E-2
2.130000E-8	2.713829E-2
2.135000E-8	2.706292E-2
2.140000E-8	2.701153E-2
2.145000E-8	2.702695E-2
2.150000E-8	2.713486E-2
2.155000E-8	2.728389E-2
2.160000E-8	2.741750E-2
2.165000E-8	2.755282E-2
2.170000E-8	2.771384E-2
2.175000E-8	2.783888E-2
2.180000E-8	2.785601E-2
2.185000E-8	2.782518E-2
2.190000E-8	2.780463E-2
2.195000E-8	2.773953E-2
2.200000E-8	2.756995E-2
2.205000E-8	2.735755E-2
2.210000E-8	2.717426E-2
2.215000E-8	2.701324E-2
2.220000E-8	2.682482E-2
2.225000E-8	2.662612E-2
2.230000E-8	2.647024E-2
2.235000E-8	2.638459E-2
2.240000E-8	2.635718E-2
2.245000E-8	2.635033E-2
2.250000E-8	2.635204E-2
2.255000E-8	2.636575E-2
2.260000E-8	2.639487E-2
2.265000E-8	2.642056E-2
2.270000E-8	2.642741E-2
2.275000E-8	2.642056E-2
2.280000E-8	2.638973E-2
2.285000E-8	2.632806E-2
2.290000E-8	2.624070E-2
2.295000E-8	2.613107E-2
2.300000E-8	2.600774E-2
2.305000E-8	2.589469E-2
2.310000E-8	2.579876E-2
2.315000E-8	2.569598E-2
2.320000E-8	2.556923E-2
2.325000E-8	2.548186E-2
2.330000E-8	2.547501E-2
2.335000E-8	2.552126E-2
2.340000E-8	2.557436E-2
2.345000E-8	2.564117E-2
2.350000E-8	2.574909E-2
2.355000E-8	2.591010E-2
2.360000E-8	2.607455E-2
2.365000E-8	2.616191E-2
2.370000E-8	2.618760E-2
2.375000E-8	2.622357E-2
2.380000E-8	2.626126E-2
2.385000E-8	2.624927E-2
2.390000E-8	2.618760E-2
2.395000E-8	2.608140E-2
2.400000E-8	2.589811E-2
2.405000E-8	2.567372E-2
2.410000E-8	2.547844E-2
2.415000E-8	2.531913E-2
2.420000E-8	2.517525E-2
2.425000E-8	2.505363E-2
2.430000E-8	2.496284E-2
2.435000E-8	2.490117E-2
2.440000E-8	2.488062E-2
2.445000E-8	2.491317E-2
2.450000E-8	2.499367E-2
2.455000E-8	2.510844E-2
2.460000E-8	2.525747E-2
2.465000E-8	2.540992E-2
2.470000E-8	2.553325E-2
2.475000E-8	2.560691E-2
2.480000E-8	2.565316E-2
2.485000E-8	2.566686E-2
2.490000E-8	2.563432E-2
2.495000E-8	2.555895E-2
2.500000E-8	2.545274E-2
2.505000E-8	2.531913E-2
2.510000E-8	2.515983E-2
2.515000E-8	2.501080E-2
2.520000E-8	2.490117E-2
2.525000E-8	2.482409E-2
2.530000E-8	2.480525E-2
2.535000E-8	2.487891E-2
2.540000E-8	2.499881E-2
2.545000E-8	2.511015E-2
2.550000E-8	2.525233E-2
2.555000E-8	2.544418E-2
2.560000E-8	2.562918E-2
2.565000E-8	2.574909E-2
2.570000E-8	2.581075E-2
2.575000E-8	2.583987E-2
2.580000E-8	2.581246E-2
2.585000E-8	2.571825E-2
2.590000E-8	2.558464E-2
2.595000E-8	2.542362E-2
2.600000E-8	2.523006E-2
2.605000E-8	2.504678E-2
2.610000E-8	2.492687E-2
2.615000E-8	2.486349E-2
2.620000E-8	2.484122E-2
2.625000E-8	2.488062E-2
2.630000E-8	2.497826E-2
2.635000E-8	2.509988E-2
2.640000E-8	2.523863E-2
2.645000E-8	2.539108E-2
2.650000E-8	2.553154E-2
2.655000E-8	2.564288E-2
2.660000E-8	2.573367E-2
2.665000E-8	2.577992E-2
2.670000E-8	2.574052E-2
2.675000E-8	2.562918E-2
2.680000E-8	2.548529E-2
2.685000E-8	2.531913E-2
2.690000E-8	2.510330E-2
2.695000E-8	2.486520E-2
2.700000E-8	2.464252E-2
2.705000E-8	2.445238E-2
2.710000E-8	2.428965E-2
2.715000E-8	2.418687E-2
2.720000E-8	2.415775E-2
2.725000E-8	2.420058E-2
2.730000E-8	2.431192E-2
2.735000E-8	2.447979E-2
2.740000E-8	2.469562E-2
2.745000E-8	2.494057E-2
2.750000E-8	2.520094E-2
2.755000E-8	2.542191E-2
2.760000E-8	2.556923E-2
2.765000E-8	2.563946E-2
2.770000E-8	2.560520E-2
2.775000E-8	2.544589E-2
2.780000E-8	2.517867E-2
2.785000E-8	2.483094E-2
2.790000E-8	2.444896E-2
2.795000E-8	2.410123E-2
2.800000E-8	2.379975E-2
2.805000E-8	2.354109E-2
2.810000E-8	2.335781E-2
2.815000E-8	2.328929E-2
2.820000E-8	2.332526E-2
2.825000E-8	2.344174E-2
2.830000E-8	2.363359E-2
2.835000E-8	2.385456E-2
2.840000E-8	2.406868E-2
2.845000E-8	2.427424E-2
2.850000E-8	2.442326E-2
2.855000E-8	2.448322E-2
2.860000E-8	2.447294E-2
2.865000E-8	2.440271E-2
2.870000E-8	2.424854E-2
2.875000E-8	2.401558E-2
2.880000E-8	2.374836E-2
2.885000E-8	2.347429E-2
2.890000E-8	2.322420E-2
2.895000E-8	2.303577E-2
2.900000E-8	2.291758E-2
2.905000E-8	2.284221E-2
2.910000E-8	2.281480E-2
2.915000E-8	2.282165E-2
2.920000E-8	2.286105E-2
2.925000E-8	2.294327E-2
2.930000E-8	2.307517E-2
2.935000E-8	2.323790E-2
2.940000E-8	2.340063E-2
2.945000E-8	2.355480E-2
2.950000E-8	2.367128E-2
2.955000E-8	2.372780E-2
2.960000E-8	2.370040E-2
2.965000E-8	2.360447E-2
2.970000E-8	2.345031E-2
2.975000E-8	2.324304E-2
2.980000E-8	2.296212E-2
2.985000E-8	2.263323E-2
2.990000E-8	2.229920E-2
2.995000E-8	2.199430E-2
3.000000E-8	2.174421E-2
3.005000E-8	2.157634E-2
3.010000E-8	2.149412E-2
3.015000E-8	2.151810E-2
3.020000E-8	2.165513E-2
3.025000E-8	2.190351E-2
3.030000E-8	2.222383E-2
3.035000E-8	2.257670E-2
3.040000E-8	2.292272E-2
3.045000E-8	2.320535E-2
3.050000E-8	2.338179E-2
3.055000E-8	2.343146E-2
3.060000E-8	2.337151E-2
3.065000E-8	2.321392E-2
3.070000E-8	2.296554E-2
3.075000E-8	2.266235E-2
3.080000E-8	2.234031E-2
3.085000E-8	2.203884E-2
3.090000E-8	2.180759E-2
3.095000E-8	2.168254E-2
3.100000E-8	2.165685E-2
3.105000E-8	2.172194E-2
3.110000E-8	2.188296E-2
3.115000E-8	2.213819E-2
3.120000E-8	2.243453E-2
3.125000E-8	2.273429E-2
3.130000E-8	2.301008E-2
3.135000E-8	2.323105E-2
3.140000E-8	2.338179E-2
3.145000E-8	2.346058E-2
3.150000E-8	2.345031E-2
3.155000E-8	2.333554E-2
3.160000E-8	2.313684E-2
3.165000E-8	2.288846E-2
3.170000E-8	2.261439E-2
3.175000E-8	2.231119E-2
3.180000E-8	2.200286E-2
3.185000E-8	2.173907E-2
3.190000E-8	2.154893E-2
3.195000E-8	2.141703E-2
3.200000E-8	2.135194E-2
3.205000E-8	2.137421E-2
3.210000E-8	2.146157E-2
3.215000E-8	2.159861E-2
3.220000E-8	2.180587E-2
3.225000E-8	2.204569E-2
3.230000E-8	2.225638E-2
3.235000E-8	2.242767E-2
3.240000E-8	2.257670E-2
3.245000E-8	2.265036E-2
3.250000E-8	2.262638E-2
3.255000E-8	2.254244E-2
3.260000E-8	2.240712E-2
3.265000E-8	2.218444E-2
3.270000E-8	2.189152E-2
3.275000E-8	2.158490E-2
3.280000E-8	2.128685E-2
3.285000E-8	2.102306E-2
3.290000E-8	2.084320E-2
3.295000E-8	2.076269E-2
3.300000E-8	2.076097E-2
3.305000E-8	2.082949E-2
3.310000E-8	2.098366E-2
3.315000E-8	2.124060E-2
3.320000E-8	2.157120E-2
3.325000E-8	2.190694E-2
3.330000E-8	2.219300E-2
3.335000E-8	2.243453E-2
3.340000E-8	2.263837E-2
3.345000E-8	2.279253E-2
3.350000E-8	2.286276E-2
3.355000E-8	2.284050E-2
3.360000E-8	2.272915E-2
3.365000E-8	2.253216E-2
3.370000E-8	2.228036E-2
3.375000E-8	2.202171E-2
3.380000E-8	2.177504E-2
3.385000E-8	2.153865E-2
3.390000E-8	2.134680E-2
3.395000E-8	2.120463E-2
3.400000E-8	2.109329E-2
3.405000E-8	2.101963E-2
3.410000E-8	2.102306E-2
3.415000E-8	2.108301E-2
3.420000E-8	2.115667E-2
3.425000E-8	2.124231E-2
3.430000E-8	2.132454E-2
3.435000E-8	2.135366E-2
3.440000E-8	2.134166E-2
3.445000E-8	2.132454E-2
3.450000E-8	2.128856E-2
3.455000E-8	2.119606E-2
3.460000E-8	2.107273E-2
3.465000E-8	2.093056E-2
3.470000E-8	2.077810E-2
3.475000E-8	2.064963E-2
3.480000E-8	2.057255E-2
3.485000E-8	2.054172E-2
3.490000E-8	2.054000E-2
3.495000E-8	2.055885E-2
3.500000E-8	2.059311E-2
3.505000E-8	2.063250E-2
3.510000E-8	2.069588E-2
3.515000E-8	2.077810E-2
3.520000E-8	2.084491E-2
3.525000E-8	2.088773E-2
3.530000E-8	2.091343E-2
3.535000E-8	2.090658E-2
3.540000E-8	2.085347E-2
3.545000E-8	2.076954E-2
3.550000E-8	2.066676E-2
3.555000E-8	2.052973E-2
3.560000E-8	2.036186E-2
3.565000E-8	2.019741E-2
3.570000E-8	2.003982E-2
3.575000E-8	1.987538E-2
3.580000E-8	1.972978E-2
3.585000E-8	1.964242E-2
3.590000E-8	1.961330E-2
3.595000E-8	1.962871E-2
3.600000E-8	1.972464E-2
3.605000E-8	1.990279E-2
3.610000E-8	2.012547E-2
3.615000E-8	2.036871E-2
3.620000E-8	2.061366E-2
3.625000E-8	2.084320E-2
3.630000E-8	2.105560E-2
3.635000E-8	2.123889E-2
3.640000E-8	2.135366E-2
3.645000E-8	2.137592E-2
3.650000E-8	2.133139E-2
3.655000E-8	2.121833E-2
3.660000E-8	2.102819E-2
3.665000E-8	2.077125E-2
3.670000E-8	2.046806E-2
3.675000E-8	2.014603E-2
3.680000E-8	1.982913E-2
3.685000E-8	1.955677E-2
3.690000E-8	1.934436E-2
3.695000E-8	1.921247E-2
3.700000E-8	1.916451E-2
3.705000E-8	1.919191E-2
3.710000E-8	1.927927E-2
3.715000E-8	1.941631E-2
3.720000E-8	1.961159E-2
3.725000E-8	1.984112E-2
3.730000E-8	2.005524E-2
3.735000E-8	2.023339E-2
3.740000E-8	2.038241E-2
3.745000E-8	2.048519E-2
3.750000E-8	2.050403E-2
3.755000E-8	2.045093E-2
3.760000E-8	2.033959E-2
3.765000E-8	2.017515E-2
3.770000E-8	1.996617E-2
3.775000E-8	1.974348E-2
3.780000E-8	1.952251E-2
3.785000E-8	1.930668E-2
3.790000E-8	1.913367E-2
3.795000E-8	1.904289E-2
3.800000E-8	1.902576E-2
3.805000E-8	1.907201E-2
3.810000E-8	1.917650E-2
3.815000E-8	1.934436E-2
3.820000E-8	1.957047E-2
3.825000E-8	1.982742E-2
3.830000E-8	2.008436E-2
3.835000E-8	2.032417E-2
3.840000E-8	2.053144E-2
3.845000E-8	2.067875E-2
3.850000E-8	2.074385E-2
3.855000E-8	2.072672E-2
3.860000E-8	2.063764E-2
3.865000E-8	2.049547E-2
3.870000E-8	2.033102E-2
3.875000E-8	2.015802E-2
3.880000E-8	1.998501E-2
3.885000E-8	1.980344E-2
3.890000E-8	1.963385E-2
3.895000E-8	1.951223E-2
3.900000E-8	1.946256E-2
3.905000E-8	1.946770E-2
3.910000E-8	1.950710E-2
3.915000E-8	1.957390E-2
3.920000E-8	1.966297E-2
3.925000E-8	1.974862E-2
3.930000E-8	1.982057E-2
3.935000E-8	1.986168E-2
3.940000E-8	1.986853E-2
3.945000E-8	1.983598E-2
3.950000E-8	1.975719E-2
3.955000E-8	1.964071E-2
3.960000E-8	1.949339E-2
3.965000E-8	1.932381E-2
3.970000E-8	1.914566E-2
3.975000E-8	1.900520E-2
3.980000E-8	1.892127E-2
3.985000E-8	1.888016E-2
3.990000E-8	1.886645E-2
3.995000E-8	1.889215E-2
4.000000E-8	1.897094E-2
4.005000E-8	1.908057E-2
4.010000E-8	1.919705E-2
4.015000E-8	1.930497E-2
4.020000E-8	1.941802E-2
4.025000E-8	1.950881E-2
4.030000E-8	1.955506E-2
4.035000E-8	1.955848E-2
4.040000E-8	1.953450E-2
4.045000E-8	1.945399E-2
4.050000E-8	1.933066E-2
4.055000E-8	1.920562E-2
4.060000E-8	1.909599E-2
4.065000E-8	1.898465E-2
4.070000E-8	1.887844E-2
4.075000E-8	1.880136E-2
4.080000E-8	1.873798E-2
4.085000E-8	1.868831E-2
4.090000E-8	1.868145E-2
4.095000E-8	1.870201E-2
4.100000E-8	1.872256E-2
4.105000E-8	1.876539E-2
4.110000E-8	1.884418E-2
4.115000E-8	1.892469E-2
4.120000E-8	1.898636E-2
4.125000E-8	1.903261E-2
4.130000E-8	1.905145E-2
4.135000E-8	1.904117E-2
4.140000E-8	1.904289E-2
4.145000E-8	1.907372E-2
4.150000E-8	1.909599E-2
4.155000E-8	1.911140E-2
4.160000E-8	1.917821E-2
4.165000E-8	1.927413E-2
4.170000E-8	1.934265E-2
4.175000E-8	1.940946E-2
4.180000E-8	1.950538E-2
4.185000E-8	1.960131E-2
4.190000E-8	1.968524E-2
4.195000E-8	1.976232E-2
4.200000E-8	1.980172E-2
4.205000E-8	1.979830E-2
4.210000E-8	1.977945E-2
4.215000E-8	1.974520E-2
4.220000E-8	1.967668E-2
4.225000E-8	1.959617E-2
4.230000E-8	1.952251E-2
4.235000E-8	1.944200E-2
4.240000E-8	1.935636E-2
4.245000E-8	1.927585E-2
4.250000E-8	1.918677E-2
4.255000E-8	1.908400E-2
4.260000E-8	1.897779E-2
4.265000E-8	1.887673E-2
4.270000E-8	1.878252E-2
4.275000E-8	1.869173E-2
4.280000E-8	1.860437E-2
4.285000E-8	1.853071E-2
4.290000E-8	1.849474E-2
4.295000E-8	1.849817E-2
4.300000E-8	1.852900E-2
4.305000E-8	1.858382E-2
4.310000E-8	1.865747E-2
4.315000E-8	1.873798E-2
4.320000E-8	1.882363E-2
4.325000E-8	1.889043E-2
4.330000E-8	1.892812E-2
4.335000E-8	1.894182E-2
4.340000E-8	1.893154E-2
4.345000E-8	1.890071E-2
4.350000E-8	1.884418E-2
4.355000E-8	1.876025E-2
4.360000E-8	1.864891E-2
4.365000E-8	1.852729E-2
4.370000E-8	1.840567E-2
4.375000E-8	1.828747E-2
4.380000E-8	1.819326E-2
4.385000E-8	1.815386E-2
4.390000E-8	1.818127E-2
4.395000E-8	1.824808E-2
4.400000E-8	1.831831E-2
4.405000E-8	1.840224E-2
4.410000E-8	1.854442E-2
4.415000E-8	1.873284E-2
4.420000E-8	1.892469E-2
4.425000E-8	1.910969E-2
4.430000E-8	1.927756E-2
4.435000E-8	1.941288E-2
4.440000E-8	1.949339E-2
4.445000E-8	1.951052E-2
4.450000E-8	1.946598E-2
4.455000E-8	1.936149E-2
4.460000E-8	1.920048E-2
4.465000E-8	1.897779E-2
4.470000E-8	1.872085E-2
4.475000E-8	1.848104E-2
4.480000E-8	1.828405E-2
4.485000E-8	1.813502E-2
4.490000E-8	1.804595E-2
4.495000E-8	1.802197E-2
4.500000E-8	1.804766E-2
4.505000E-8	1.811618E-2
4.510000E-8	1.821896E-2
4.515000E-8	1.833544E-2
4.520000E-8	1.844164E-2
4.525000E-8	1.853757E-2
4.530000E-8	1.860780E-2
4.535000E-8	1.862150E-2
4.540000E-8	1.853585E-2
4.545000E-8	1.836798E-2
4.550000E-8	1.815558E-2
4.555000E-8	1.792090E-2
4.560000E-8	1.766053E-2
4.565000E-8	1.741730E-2
4.570000E-8	1.722887E-2
4.575000E-8	1.707813E-2
4.580000E-8	1.698563E-2
4.585000E-8	1.698906E-2
4.590000E-8	1.707471E-2
4.595000E-8	1.720318E-2
4.600000E-8	1.737790E-2
4.605000E-8	1.760401E-2
4.610000E-8	1.784553E-2
4.615000E-8	1.806650E-2
4.620000E-8	1.827720E-2
4.625000E-8	1.845877E-2
4.630000E-8	1.857011E-2
4.635000E-8	1.860437E-2
4.640000E-8	1.859409E-2
4.645000E-8	1.855298E-2
4.650000E-8	1.847761E-2
4.655000E-8	1.836970E-2
4.660000E-8	1.824636E-2
4.665000E-8	1.811961E-2
4.670000E-8	1.800313E-2
4.675000E-8	1.790720E-2
4.680000E-8	1.784725E-2
4.685000E-8	1.782155E-2
4.690000E-8	1.784039E-2
4.695000E-8	1.791748E-2
4.700000E-8	1.802025E-2
4.705000E-8	1.810590E-2
4.710000E-8	1.816757E-2
4.715000E-8	1.822067E-2
4.720000E-8	1.824979E-2
4.725000E-8	1.824808E-2
4.730000E-8	1.821724E-2
4.735000E-8	1.815558E-2
4.740000E-8	1.806650E-2
4.745000E-8	1.795516E-2
4.750000E-8	1.784211E-2
4.755000E-8	1.773248E-2
4.760000E-8	1.762970E-2
4.765000E-8	1.755091E-2
4.770000E-8	1.750808E-2
4.775000E-8	1.749952E-2
4.780000E-8	1.752007E-2
4.785000E-8	1.758174E-2
4.790000E-8	1.766225E-2
4.795000E-8	1.772734E-2
4.800000E-8	1.779415E-2
4.805000E-8	1.787808E-2
4.810000E-8	1.796201E-2
4.815000E-8	1.803225E-2
4.820000E-8	1.807849E-2
4.825000E-8	1.809049E-2
4.830000E-8	1.807164E-2
4.835000E-8	1.803053E-2
4.840000E-8	1.795859E-2
4.845000E-8	1.787123E-2
4.850000E-8	1.779243E-2
4.855000E-8	1.773419E-2
4.860000E-8	1.767595E-2
4.865000E-8	1.760401E-2
4.870000E-8	1.755776E-2
4.875000E-8	1.754234E-2
4.880000E-8	1.752864E-2
4.885000E-8	1.752007E-2
4.890000E-8	1.752179E-2
4.895000E-8	1.752864E-2
4.900000E-8	1.752350E-2
4.905000E-8	1.752521E-2
4.910000E-8	1.754748E-2
4.915000E-8	1.758003E-2
4.920000E-8	1.763141E-2
4.925000E-8	1.771364E-2
4.930000E-8	1.780442E-2
4.935000E-8	1.787294E-2
4.940000E-8	1.794488E-2
4.945000E-8	1.802197E-2
4.950000E-8	1.808192E-2
4.955000E-8	1.811789E-2
4.960000E-8	1.813502E-2
4.965000E-8	1.813674E-2
4.970000E-8	1.811104E-2
4.975000E-8	1.806650E-2
4.980000E-8	1.800484E-2
4.985000E-8	1.792262E-2
4.990000E-8	1.783354E-2
4.995000E-8	1.773933E-2
5.000000E-8	1.765368E-2
5.005000E-8	1.758517E-2
5.010000E-8	1.754063E-2
5.015000E-8	1.750637E-2
5.020000E-8	1.749095E-2
5.025000E-8	1.749438E-2
5.030000E-8	1.751151E-2
5.035000E-8	1.750980E-2
5.040000E-8	1.748068E-2
5.045000E-8	1.743271E-2
5.050000E-8	1.736762E-2
5.055000E-8	1.727855E-2
5.060000E-8	1.718262E-2
5.065000E-8	1.710211E-2
5.070000E-8	1.704045E-2
5.075000E-8	1.700448E-2
5.080000E-8	1.699762E-2
5.085000E-8	1.701475E-2
5.090000E-8	1.703531E-2
5.095000E-8	1.706443E-2
5.100000E-8	1.711068E-2
5.105000E-8	1.715864E-2
5.110000E-8	1.718947E-2
5.115000E-8	1.718947E-2
5.120000E-8	1.716207E-2
5.125000E-8	1.713637E-2
5.130000E-8	1.711239E-2
5.135000E-8	1.706957E-2
5.140000E-8	1.702160E-2
5.145000E-8	1.698906E-2
5.150000E-8	1.696336E-2
5.155000E-8	1.694281E-2
5.160000E-8	1.694281E-2
5.165000E-8	1.696336E-2
5.170000E-8	1.697193E-2
5.175000E-8	1.696508E-2
5.180000E-8	1.694795E-2
5.185000E-8	1.690855E-2
5.190000E-8	1.684174E-2
5.195000E-8	1.675267E-2
5.200000E-8	1.665503E-2
5.205000E-8	1.656425E-2
5.210000E-8	1.649573E-2
5.215000E-8	1.646147E-2
5.220000E-8	1.646147E-2
5.225000E-8	1.647689E-2
5.230000E-8	1.651628E-2
5.235000E-8	1.660022E-2
5.240000E-8	1.672355E-2
5.245000E-8	1.684174E-2
5.250000E-8	1.693596E-2
5.255000E-8	1.702332E-2
5.260000E-8	1.710725E-2
5.265000E-8	1.716721E-2
5.270000E-8	1.718947E-2
5.275000E-8	1.716721E-2
5.280000E-8	1.711068E-2
5.285000E-8	1.702503E-2
5.290000E-8	1.689999E-2
5.295000E-8	1.674239E-2
5.300000E-8	1.659165E-2
5.305000E-8	1.647175E-2
5.310000E-8	1.637582E-2
5.315000E-8	1.628675E-2
5.320000E-8	1.622166E-2
5.325000E-8	1.618568E-2
5.330000E-8	1.616342E-2
5.335000E-8	1.615656E-2
5.340000E-8	1.614971E-2
5.345000E-8	1.613258E-2
5.350000E-8	1.610175E-2
5.355000E-8	1.607606E-2
5.360000E-8	1.606235E-2
5.365000E-8	1.604865E-2
5.370000E-8	1.602467E-2
5.375000E-8	1.600925E-2
5.380000E-8	1.600411E-2
5.385000E-8	1.601268E-2
5.390000E-8	1.602124E-2
5.395000E-8	1.603323E-2
5.400000E-8	1.606407E-2
5.405000E-8	1.610175E-2
5.410000E-8	1.613430E-2
5.415000E-8	1.615999E-2
5.420000E-8	1.618397E-2
5.425000E-8	1.620624E-2
5.430000E-8	1.623022E-2
5.435000E-8	1.625934E-2
5.440000E-8	1.628332E-2
5.445000E-8	1.629189E-2
5.450000E-8	1.627990E-2
5.455000E-8	1.624221E-2
5.460000E-8	1.619254E-2
5.465000E-8	1.612744E-2
5.470000E-8	1.605036E-2
5.475000E-8	1.597157E-2
5.480000E-8	1.590134E-2
5.485000E-8	1.581911E-2
5.490000E-8	1.573175E-2
5.495000E-8	1.567351E-2
5.500000E-8	1.565467E-2
5.505000E-8	1.563583E-2
5.510000E-8	1.560842E-2
5.515000E-8	1.561699E-2
5.520000E-8	1.566152E-2
5.525000E-8	1.570263E-2
5.530000E-8	1.573861E-2
5.535000E-8	1.578828E-2
5.540000E-8	1.583453E-2
5.545000E-8	1.586022E-2
5.550000E-8	1.588763E-2
5.555000E-8	1.591675E-2
5.560000E-8	1.592018E-2
5.565000E-8	1.590476E-2
5.570000E-8	1.590305E-2
5.575000E-8	1.590647E-2
5.580000E-8	1.589106E-2
5.585000E-8	1.587907E-2
5.590000E-8	1.589106E-2
5.595000E-8	1.591846E-2
5.600000E-8	1.596300E-2
5.605000E-8	1.603323E-2
5.610000E-8	1.611032E-2
5.615000E-8	1.617541E-2
5.620000E-8	1.623193E-2
5.625000E-8	1.627133E-2
5.630000E-8	1.627647E-2
5.635000E-8	1.624221E-2
5.640000E-8	1.617541E-2
5.645000E-8	1.608976E-2
5.650000E-8	1.600754E-2
5.655000E-8	1.593388E-2
5.660000E-8	1.586536E-2
5.665000E-8	1.581740E-2
5.670000E-8	1.579685E-2
5.675000E-8	1.579513E-2
5.680000E-8	1.580198E-2
5.685000E-8	1.583453E-2
5.690000E-8	1.589962E-2
5.695000E-8	1.598356E-2
5.700000E-8	1.604351E-2
5.705000E-8	1.606578E-2
5.710000E-8	1.603837E-2
5.715000E-8	1.595615E-2
5.720000E-8	1.583967E-2
5.725000E-8	1.573689E-2
5.730000E-8	1.566495E-2
5.735000E-8	1.558615E-2
5.740000E-8	1.550564E-2
5.745000E-8	1.546282E-2
5.750000E-8	1.546453E-2
5.755000E-8	1.547995E-2
5.760000E-8	1.550050E-2
5.765000E-8	1.555703E-2
5.770000E-8	1.564439E-2
5.775000E-8	1.573689E-2
5.780000E-8	1.581055E-2
5.785000E-8	1.586194E-2
5.790000E-8	1.588934E-2
5.795000E-8	1.589448E-2
5.800000E-8	1.589277E-2
5.805000E-8	1.588934E-2
5.810000E-8	1.588249E-2
5.815000E-8	1.587222E-2
5.820000E-8	1.586879E-2
5.825000E-8	1.588763E-2
5.830000E-8	1.591846E-2
5.835000E-8	1.593731E-2
5.840000E-8	1.594758E-2
5.845000E-8	1.597842E-2
5.850000E-8	1.600754E-2
5.855000E-8	1.600240E-2
5.860000E-8	1.596985E-2
5.865000E-8	1.592703E-2
5.870000E-8	1.586022E-2
5.875000E-8	1.578314E-2
5.880000E-8	1.571462E-2
5.885000E-8	1.565981E-2
5.890000E-8	1.559986E-2
5.895000E-8	1.555875E-2
5.900000E-8	1.553305E-2
5.905000E-8	1.549194E-2
5.910000E-8	1.544226E-2
5.915000E-8	1.541486E-2
5.920000E-8	1.539944E-2
5.925000E-8	1.537032E-2
5.930000E-8	1.533949E-2
5.935000E-8	1.532407E-2
5.940000E-8	1.533264E-2
5.945000E-8	1.537717E-2
5.950000E-8	1.544912E-2
5.955000E-8	1.553305E-2
5.960000E-8	1.562041E-2
5.965000E-8	1.571805E-2
5.970000E-8	1.580541E-2
5.975000E-8	1.585680E-2
5.980000E-8	1.586365E-2
5.985000E-8	1.585509E-2
5.990000E-8	1.585337E-2
5.995000E-8	1.582597E-2
6.000000E-8	1.577286E-2
6.005000E-8	1.573175E-2
6.010000E-8	1.571291E-2
6.015000E-8	1.569578E-2
6.020000E-8	1.568893E-2
6.025000E-8	1.570435E-2
6.030000E-8	1.572490E-2
6.035000E-8	1.574546E-2
6.040000E-8	1.578485E-2
6.045000E-8	1.580541E-2
6.050000E-8	1.578143E-2
6.055000E-8	1.572490E-2
6.060000E-8	1.564097E-2
6.065000E-8	1.552963E-2
6.070000E-8	1.539602E-2
6.075000E-8	1.524699E-2
6.080000E-8	1.509454E-2
6.085000E-8	1.496606E-2
6.090000E-8	1.487699E-2
6.095000E-8	1.481704E-2
6.100000E-8	1.479306E-2
6.105000E-8	1.482560E-2
6.110000E-8	1.489583E-2
6.115000E-8	1.498491E-2
6.120000E-8	1.509111E-2
6.125000E-8	1.521102E-2
6.130000E-8	1.531722E-2
6.135000E-8	1.541314E-2
6.140000E-8	1.550393E-2
6.145000E-8	1.556731E-2
6.150000E-8	1.560499E-2
6.155000E-8	1.563412E-2
6.160000E-8	1.564268E-2
6.165000E-8	1.561527E-2
6.170000E-8	1.558787E-2
6.175000E-8	1.556902E-2
6.180000E-8	1.552963E-2
6.185000E-8	1.546453E-2
6.190000E-8	1.539602E-2
6.195000E-8	1.532407E-2
6.200000E-8	1.523500E-2
6.205000E-8	1.512537E-2
6.210000E-8	1.500718E-2
6.215000E-8	1.488042E-2
6.220000E-8	1.476736E-2
6.225000E-8	1.469371E-2
6.230000E-8	1.465945E-2
6.235000E-8	1.466459E-2
6.240000E-8	1.471084E-2
6.245000E-8	1.478620E-2
6.250000E-8	1.487870E-2
6.255000E-8	1.497977E-2
6.260000E-8	1.506884E-2
6.265000E-8	1.514421E-2
6.270000E-8	1.520930E-2
6.275000E-8	1.525213E-2
6.280000E-8	1.527611E-2
6.285000E-8	1.531208E-2
6.290000E-8	1.534977E-2
6.295000E-8	1.535833E-2
6.300000E-8	1.535490E-2
6.305000E-8	1.535662E-2
6.310000E-8	1.533264E-2
6.315000E-8	1.528296E-2
6.320000E-8	1.522129E-2
6.325000E-8	1.515106E-2
6.330000E-8	1.507227E-2
6.335000E-8	1.499347E-2
6.340000E-8	1.490269E-2
6.345000E-8	1.477250E-2
6.350000E-8	1.462690E-2
6.355000E-8	1.451213E-2
6.360000E-8	1.442477E-2
6.365000E-8	1.436996E-2
6.370000E-8	1.436311E-2
6.375000E-8	1.439737E-2
6.380000E-8	1.446074E-2
6.385000E-8	1.454639E-2
6.390000E-8	1.464232E-2
6.395000E-8	1.473824E-2
6.400000E-8	1.484273E-2
6.405000E-8	1.492667E-2
6.410000E-8	1.495579E-2
6.415000E-8	1.494551E-2
6.420000E-8	1.491468E-2
6.425000E-8	1.485472E-2
6.430000E-8	1.477079E-2
6.435000E-8	1.469713E-2
6.440000E-8	1.464403E-2
6.445000E-8	1.458922E-2
6.450000E-8	1.454810E-2
6.455000E-8	1.454982E-2
6.460000E-8	1.458408E-2
6.465000E-8	1.461834E-2
6.470000E-8	1.464060E-2
6.475000E-8	1.465945E-2
6.480000E-8	1.467144E-2
6.485000E-8	1.467315E-2
6.490000E-8	1.464574E-2
6.495000E-8	1.458922E-2
6.500000E-8	1.452070E-2
6.505000E-8	1.445561E-2
6.510000E-8	1.438709E-2
6.515000E-8	1.432542E-2
6.520000E-8	1.427061E-2
6.525000E-8	1.422093E-2
6.530000E-8	1.420209E-2
6.535000E-8	1.424320E-2
6.540000E-8	1.431857E-2
6.545000E-8	1.438880E-2
6.550000E-8	1.445389E-2
6.555000E-8	1.451213E-2
6.560000E-8	1.454468E-2
6.565000E-8	1.455667E-2
6.570000E-8	1.455496E-2
6.575000E-8	1.450699E-2
6.580000E-8	1.441278E-2
6.585000E-8	1.429459E-2
6.590000E-8	1.417982E-2
6.595000E-8	1.406505E-2
6.600000E-8	1.398112E-2
6.605000E-8	1.396399E-2
6.610000E-8	1.400339E-2
6.615000E-8	1.407876E-2
6.620000E-8	1.417639E-2
6.625000E-8	1.428945E-2
6.630000E-8	1.439908E-2
6.635000E-8	1.450528E-2
6.640000E-8	1.458922E-2
6.645000E-8	1.463547E-2
6.650000E-8	1.465088E-2
6.655000E-8	1.464403E-2
6.660000E-8	1.460977E-2
6.665000E-8	1.454810E-2
6.670000E-8	1.445903E-2
6.675000E-8	1.434598E-2
6.680000E-8	1.423635E-2
6.685000E-8	1.415584E-2
6.690000E-8	1.409417E-2
6.695000E-8	1.405478E-2
6.700000E-8	1.406163E-2
6.705000E-8	1.411987E-2
6.710000E-8	1.420038E-2
6.715000E-8	1.429801E-2
6.720000E-8	1.441963E-2
6.725000E-8	1.454810E-2
6.730000E-8	1.465773E-2
6.735000E-8	1.473653E-2
6.740000E-8	1.476736E-2
6.745000E-8	1.475366E-2
6.750000E-8	1.470398E-2
6.755000E-8	1.459607E-2
6.760000E-8	1.442477E-2
6.765000E-8	1.422950E-2
6.770000E-8	1.404107E-2
6.775000E-8	1.386121E-2
6.780000E-8	1.371732E-2
6.785000E-8	1.363339E-2
6.790000E-8	1.360598E-2
6.795000E-8	1.362825E-2
6.800000E-8	1.370876E-2
6.805000E-8	1.383894E-2
6.810000E-8	1.397769E-2
6.815000E-8	1.409075E-2
6.820000E-8	1.416269E-2
6.825000E-8	1.419695E-2
6.830000E-8	1.419695E-2
6.835000E-8	1.415584E-2
6.840000E-8	1.405649E-2
6.845000E-8	1.391089E-2
6.850000E-8	1.376015E-2
6.855000E-8	1.362140E-2
6.860000E-8	1.349807E-2
6.865000E-8	1.340728E-2
6.870000E-8	1.337645E-2
6.875000E-8	1.340043E-2
6.880000E-8	1.347580E-2
6.885000E-8	1.358543E-2
6.890000E-8	1.370876E-2
6.895000E-8	1.383209E-2
6.900000E-8	1.395542E-2
6.905000E-8	1.408390E-2
6.910000E-8	1.418839E-2
6.915000E-8	1.425519E-2
6.920000E-8	1.429630E-2
6.925000E-8	1.431172E-2
6.930000E-8	1.428602E-2
6.935000E-8	1.422264E-2
6.940000E-8	1.416098E-2
6.945000E-8	1.411644E-2
6.950000E-8	1.407533E-2
6.955000E-8	1.402394E-2
6.960000E-8	1.399482E-2
6.965000E-8	1.399653E-2
6.970000E-8	1.400339E-2
6.975000E-8	1.400167E-2
6.980000E-8	1.401195E-2
6.985000E-8	1.403765E-2
6.990000E-8	1.406848E-2
6.995000E-8	1.411130E-2
7.000000E-8	1.415413E-2
7.005000E-8	1.416612E-2
7.010000E-8	1.416098E-2
7.015000E-8	1.415070E-2
7.020000E-8	1.410788E-2
7.025000E-8	1.404450E-2
7.030000E-8	1.401195E-2
7.035000E-8	1.400167E-2
7.040000E-8	1.397769E-2
7.045000E-8	1.395200E-2
7.050000E-8	1.394343E-2
7.055000E-8	1.392973E-2
7.060000E-8	1.392117E-2
7.065000E-8	1.392973E-2
7.070000E-8	1.392459E-2
7.075000E-8	1.388862E-2
7.080000E-8	1.381496E-2
7.085000E-8	1.370533E-2
7.090000E-8	1.356658E-2
7.095000E-8	1.341413E-2
7.100000E-8	1.324626E-2
7.105000E-8	1.308011E-2
7.110000E-8	1.294821E-2
7.115000E-8	1.284372E-2
7.120000E-8	1.275465E-2
7.125000E-8	1.273238E-2
7.130000E-8	1.278719E-2
7.135000E-8	1.286256E-2
7.140000E-8	1.294992E-2
7.145000E-8	1.309210E-2
7.150000E-8	1.324969E-2
7.155000E-8	1.336960E-2
7.160000E-8	1.346209E-2
7.165000E-8	1.353575E-2
7.170000E-8	1.355973E-2
7.175000E-8	1.354089E-2
7.180000E-8	1.349807E-2
7.185000E-8	1.344325E-2
7.190000E-8	1.337131E-2
7.195000E-8	1.329936E-2
7.200000E-8	1.325311E-2
7.205000E-8	1.322742E-2
7.210000E-8	1.320686E-2
7.215000E-8	1.318974E-2
7.220000E-8	1.318117E-2
7.225000E-8	1.320173E-2
7.230000E-8	1.324284E-2
7.235000E-8	1.327024E-2
7.240000E-8	1.327710E-2
7.245000E-8	1.328737E-2
7.250000E-8	1.330450E-2
7.255000E-8	1.330450E-2
7.260000E-8	1.329423E-2
7.265000E-8	1.329594E-2
7.270000E-8	1.330279E-2
7.275000E-8	1.328395E-2
7.280000E-8	1.321543E-2
7.285000E-8	1.310580E-2
7.290000E-8	1.298418E-2
7.295000E-8	1.286085E-2
7.300000E-8	1.273066E-2
7.305000E-8	1.262104E-2
7.310000E-8	1.255937E-2
7.315000E-8	1.254567E-2
7.320000E-8	1.256451E-2
7.325000E-8	1.262789E-2
7.330000E-8	1.274266E-2
7.335000E-8	1.287113E-2
7.340000E-8	1.298076E-2
7.345000E-8	1.308182E-2
7.350000E-8	1.318117E-2
7.355000E-8	1.324626E-2
7.360000E-8	1.326682E-2
7.365000E-8	1.327024E-2
7.370000E-8	1.325825E-2
7.375000E-8	1.319659E-2
7.380000E-8	1.309210E-2
7.385000E-8	1.296876E-2
7.390000E-8	1.285742E-2
7.395000E-8	1.276321E-2
7.400000E-8	1.269641E-2
7.405000E-8	1.266729E-2
7.410000E-8	1.265358E-2
7.415000E-8	1.265358E-2
7.420000E-8	1.267928E-2
7.425000E-8	1.273238E-2
7.430000E-8	1.278205E-2
7.435000E-8	1.283515E-2
7.440000E-8	1.291395E-2
7.445000E-8	1.300474E-2
7.450000E-8	1.308182E-2
7.455000E-8	1.314177E-2
7.460000E-8	1.318802E-2
7.465000E-8	1.320858E-2
7.470000E-8	1.318117E-2
7.475000E-8	1.311950E-2
7.480000E-8	1.304242E-2
7.485000E-8	1.296534E-2
7.490000E-8	1.290025E-2
7.495000E-8	1.284715E-2
7.500000E-8	1.280603E-2
7.505000E-8	1.277178E-2
7.510000E-8	1.275807E-2
7.515000E-8	1.278377E-2
7.520000E-8	1.285057E-2
7.525000E-8	1.294478E-2
7.530000E-8	1.304756E-2
7.535000E-8	1.313663E-2
7.540000E-8	1.317261E-2
7.545000E-8	1.316062E-2
7.550000E-8	1.312636E-2
7.555000E-8	1.306983E-2
7.560000E-8	1.298418E-2
7.565000E-8	1.290196E-2
7.570000E-8	1.286085E-2
7.575000E-8	1.283687E-2
7.580000E-8	1.280432E-2
7.585000E-8	1.278377E-2
7.590000E-8	1.279233E-2
7.595000E-8	1.282316E-2
7.600000E-8	1.286427E-2
7.605000E-8	1.291224E-2
7.610000E-8	1.294307E-2
7.615000E-8	1.294307E-2
7.620000E-8	1.291566E-2
7.625000E-8	1.286770E-2
7.630000E-8	1.279918E-2
7.635000E-8	1.271354E-2
7.640000E-8	1.263645E-2
7.645000E-8	1.256451E-2
7.650000E-8	1.248743E-2
7.655000E-8	1.240863E-2
7.660000E-8	1.234696E-2
7.665000E-8	1.230585E-2
7.670000E-8	1.227845E-2
7.675000E-8	1.226132E-2
7.680000E-8	1.225618E-2
7.685000E-8	1.225789E-2
7.690000E-8	1.226988E-2
7.695000E-8	1.229900E-2
7.700000E-8	1.235210E-2
7.705000E-8	1.241377E-2
7.710000E-8	1.248400E-2
7.715000E-8	1.257136E-2
7.720000E-8	1.266729E-2
7.725000E-8	1.276321E-2
7.730000E-8	1.284886E-2
7.735000E-8	1.290710E-2
7.740000E-8	1.294136E-2
7.745000E-8	1.296191E-2
7.750000E-8	1.297733E-2
7.755000E-8	1.297562E-2
7.760000E-8	1.294307E-2
7.765000E-8	1.288312E-2
7.770000E-8	1.280775E-2
7.775000E-8	1.273409E-2
7.780000E-8	1.266557E-2
7.785000E-8	1.259877E-2
7.790000E-8	1.255937E-2
7.795000E-8	1.258164E-2
7.800000E-8	1.263303E-2
7.805000E-8	1.268099E-2
7.810000E-8	1.273409E-2
7.815000E-8	1.280946E-2
7.820000E-8	1.287627E-2
7.825000E-8	1.292252E-2
7.830000E-8	1.297219E-2
7.835000E-8	1.303386E-2
7.840000E-8	1.308696E-2
7.845000E-8	1.313150E-2
7.850000E-8	1.316062E-2
7.855000E-8	1.316233E-2
7.860000E-8	1.313321E-2
7.865000E-8	1.308525E-2
7.870000E-8	1.300302E-2
7.875000E-8	1.287627E-2
7.880000E-8	1.273409E-2
7.885000E-8	1.257307E-2
7.890000E-8	1.236581E-2
7.895000E-8	1.216368E-2
7.900000E-8	1.202322E-2
7.905000E-8	1.193243E-2
7.910000E-8	1.186049E-2
7.915000E-8	1.182794E-2
7.920000E-8	1.185363E-2
7.925000E-8	1.193072E-2
7.930000E-8	1.203349E-2
7.935000E-8	1.211572E-2
7.940000E-8	1.216025E-2
7.945000E-8	1.217053E-2
7.950000E-8	1.215340E-2
7.955000E-8	1.210544E-2
7.960000E-8	1.203007E-2
7.965000E-8	1.194271E-2
7.970000E-8	1.186905E-2
7.975000E-8	1.181595E-2
7.980000E-8	1.178169E-2
7.985000E-8	1.175428E-2
7.990000E-8	1.175257E-2
7.995000E-8	1.180225E-2
8.000000E-8	1.188104E-2
8.005000E-8	1.196840E-2
8.010000E-8	1.205405E-2
8.015000E-8	1.211058E-2
8.020000E-8	1.212085E-2
8.025000E-8	1.211400E-2
8.030000E-8	1.210715E-2
8.035000E-8	1.207118E-2
8.040000E-8	1.200609E-2
8.045000E-8	1.195470E-2
8.050000E-8	1.192387E-2
8.055000E-8	1.189817E-2
8.060000E-8	1.189132E-2
8.065000E-8	1.191530E-2
8.070000E-8	1.194785E-2
8.075000E-8	1.198382E-2
8.080000E-8	1.203863E-2
8.085000E-8	1.209859E-2
8.090000E-8	1.214826E-2
8.095000E-8	1.219965E-2
8.100000E-8	1.223562E-2
8.105000E-8	1.223562E-2
8.110000E-8	1.221335E-2
8.115000E-8	1.219280E-2
8.120000E-8	1.216539E-2
8.125000E-8	1.214484E-2
8.130000E-8	1.214312E-2
8.135000E-8	1.213627E-2
8.140000E-8	1.212085E-2
8.145000E-8	1.213627E-2
8.150000E-8	1.217396E-2
8.155000E-8	1.219965E-2
8.160000E-8	1.222363E-2
8.165000E-8	1.225618E-2
8.170000E-8	1.227331E-2
8.175000E-8	1.227331E-2
8.180000E-8	1.226646E-2
8.185000E-8	1.223734E-2
8.190000E-8	1.218937E-2
8.195000E-8	1.214655E-2
8.200000E-8	1.209859E-2
8.205000E-8	1.204377E-2
8.210000E-8	1.200780E-2
8.215000E-8	1.199924E-2
8.220000E-8	1.197697E-2
8.225000E-8	1.195299E-2
8.230000E-8	1.195641E-2
8.235000E-8	1.198211E-2
8.240000E-8	1.202836E-2
8.245000E-8	1.208660E-2
8.250000E-8	1.213798E-2
8.255000E-8	1.217396E-2
8.260000E-8	1.219622E-2
8.265000E-8	1.219622E-2
8.270000E-8	1.217053E-2
8.275000E-8	1.212771E-2
8.280000E-8	1.205919E-2
8.285000E-8	1.196669E-2
8.290000E-8	1.186905E-2
8.295000E-8	1.177998E-2
8.300000E-8	1.169433E-2
8.305000E-8	1.162410E-2
8.310000E-8	1.157785E-2
8.315000E-8	1.154016E-2
8.320000E-8	1.149563E-2
8.325000E-8	1.146822E-2
8.330000E-8	1.147336E-2
8.335000E-8	1.149734E-2
8.340000E-8	1.152475E-2
8.345000E-8	1.158470E-2
8.350000E-8	1.166178E-2
8.355000E-8	1.173030E-2
8.360000E-8	1.179368E-2
8.365000E-8	1.187076E-2
8.370000E-8	1.193757E-2
8.375000E-8	1.200266E-2
8.380000E-8	1.209002E-2
8.385000E-8	1.217909E-2
8.390000E-8	1.224247E-2
8.395000E-8	1.227845E-2
8.400000E-8	1.228530E-2
8.405000E-8	1.225618E-2
8.410000E-8	1.220136E-2
8.415000E-8	1.212599E-2
8.420000E-8	1.201294E-2
8.425000E-8	1.188275E-2
8.430000E-8	1.177826E-2
8.435000E-8	1.168405E-2
8.440000E-8	1.160354E-2
8.445000E-8	1.155387E-2
8.450000E-8	1.154873E-2
8.455000E-8	1.157785E-2
8.460000E-8	1.166007E-2
8.465000E-8	1.178340E-2
8.470000E-8	1.190502E-2
8.475000E-8	1.200609E-2
8.480000E-8	1.209002E-2
8.485000E-8	1.214826E-2
8.490000E-8	1.216882E-2
8.495000E-8	1.216197E-2
8.500000E-8	1.210715E-2
8.505000E-8	1.201294E-2
8.510000E-8	1.190331E-2
8.515000E-8	1.179026E-2
8.520000E-8	1.167720E-2
8.525000E-8	1.158470E-2
8.530000E-8	1.153503E-2
8.535000E-8	1.153331E-2
8.540000E-8	1.156586E-2
8.545000E-8	1.162581E-2
8.550000E-8	1.170632E-2
8.555000E-8	1.180225E-2
8.560000E-8	1.187762E-2
8.565000E-8	1.192558E-2
8.570000E-8	1.194271E-2
8.575000E-8	1.192558E-2
8.580000E-8	1.186562E-2
8.585000E-8	1.178683E-2
8.590000E-8	1.170461E-2
8.595000E-8	1.161553E-2
8.600000E-8	1.152475E-2
8.605000E-8	1.144424E-2
8.610000E-8	1.136887E-2
8.615000E-8	1.130549E-2
8.620000E-8	1.126267E-2
8.625000E-8	1.122841E-2
8.630000E-8	1.119586E-2
8.635000E-8	1.116160E-2
8.640000E-8	1.112563E-2
8.645000E-8	1.108452E-2
8.650000E-8	1.105369E-2
8.655000E-8	1.104341E-2
8.660000E-8	1.105197E-2
8.665000E-8	1.107253E-2
8.670000E-8	1.110508E-2
8.675000E-8	1.115646E-2
8.680000E-8	1.122156E-2
8.685000E-8	1.129521E-2
8.690000E-8	1.136030E-2
8.695000E-8	1.141169E-2
8.700000E-8	1.145623E-2
8.705000E-8	1.147850E-2
8.710000E-8	1.148706E-2
8.715000E-8	1.148192E-2
8.720000E-8	1.146993E-2
8.725000E-8	1.145109E-2
8.730000E-8	1.142540E-2
8.735000E-8	1.139114E-2
8.740000E-8	1.135174E-2
8.745000E-8	1.130206E-2
8.750000E-8	1.124896E-2
8.755000E-8	1.120100E-2
8.760000E-8	1.116503E-2
8.765000E-8	1.114276E-2
8.770000E-8	1.114447E-2
8.775000E-8	1.115818E-2
8.780000E-8	1.117702E-2
8.785000E-8	1.121984E-2
8.790000E-8	1.126781E-2
8.795000E-8	1.128151E-2
8.800000E-8	1.127808E-2
8.805000E-8	1.128665E-2
8.810000E-8	1.128665E-2
8.815000E-8	1.125581E-2
8.820000E-8	1.121642E-2
8.825000E-8	1.119929E-2
8.830000E-8	1.119586E-2
8.835000E-8	1.118730E-2
8.840000E-8	1.117188E-2
8.845000E-8	1.116160E-2
8.850000E-8	1.117702E-2
8.855000E-8	1.121813E-2
8.860000E-8	1.126438E-2
8.865000E-8	1.132262E-2
8.870000E-8	1.139628E-2
8.875000E-8	1.143910E-2
8.880000E-8	1.144595E-2
8.885000E-8	1.144253E-2
8.890000E-8	1.142711E-2
8.895000E-8	1.138257E-2
8.900000E-8	1.132947E-2
8.905000E-8	1.126781E-2
8.910000E-8	1.117017E-2
8.915000E-8	1.104170E-2
8.920000E-8	1.090637E-2
8.925000E-8	1.075049E-2
8.930000E-8	1.058776E-2
8.935000E-8	1.045073E-2
8.940000E-8	1.033767E-2
8.945000E-8	1.023832E-2
8.950000E-8	1.019550E-2
8.955000E-8	1.021434E-2
8.960000E-8	1.025545E-2
8.965000E-8	1.031883E-2
8.970000E-8	1.042846E-2
8.975000E-8	1.056378E-2
8.980000E-8	1.070767E-2
8.985000E-8	1.086355E-2
8.990000E-8	1.102114E-2
8.995000E-8	1.114276E-2
9.000000E-8	1.121813E-2
9.005000E-8	1.124725E-2
9.010000E-8	1.121813E-2
9.015000E-8	1.114790E-2
9.020000E-8	1.104683E-2
9.025000E-8	1.091665E-2
9.030000E-8	1.078133E-2
9.035000E-8	1.067341E-2
9.040000E-8	1.059462E-2
9.045000E-8	1.053466E-2
9.050000E-8	1.051239E-2
9.055000E-8	1.053466E-2
9.060000E-8	1.058434E-2
9.065000E-8	1.063915E-2
9.070000E-8	1.069568E-2
9.075000E-8	1.075563E-2
9.080000E-8	1.081216E-2
9.085000E-8	1.085156E-2
9.090000E-8	1.087040E-2
9.095000E-8	1.087383E-2
9.100000E-8	1.085498E-2
9.105000E-8	1.081216E-2
9.110000E-8	1.073850E-2
9.115000E-8	1.064600E-2
9.120000E-8	1.055179E-2
9.125000E-8	1.047985E-2
9.130000E-8	1.043017E-2
9.135000E-8	1.040790E-2
9.140000E-8	1.042503E-2
9.145000E-8	1.047300E-2
9.150000E-8	1.053809E-2
9.155000E-8	1.062716E-2
9.160000E-8	1.074022E-2
9.165000E-8	1.084813E-2
9.170000E-8	1.093721E-2
9.175000E-8	1.101258E-2
9.180000E-8	1.106054E-2
9.185000E-8	1.106568E-2
9.190000E-8	1.104855E-2
9.195000E-8	1.103142E-2
9.200000E-8	1.100230E-2
9.205000E-8	1.095776E-2
9.210000E-8	1.092864E-2
9.215000E-8	1.092864E-2
9.220000E-8	1.092864E-2
9.225000E-8	1.091836E-2
9.230000E-8	1.091836E-2
9.235000E-8	1.094577E-2
9.240000E-8	1.098003E-2
9.245000E-8	1.101258E-2
9.250000E-8	1.104855E-2
9.255000E-8	1.108966E-2
9.260000E-8	1.111878E-2
9.265000E-8	1.112734E-2
9.270000E-8	1.110850E-2
9.275000E-8	1.106739E-2
9.280000E-8	1.100059E-2
9.285000E-8	1.090466E-2
9.290000E-8	1.080017E-2
9.295000E-8	1.070082E-2
9.300000E-8	1.061003E-2
9.305000E-8	1.054494E-2
9.310000E-8	1.052952E-2
9.315000E-8	1.054151E-2
9.320000E-8	1.054323E-2
9.325000E-8	1.052610E-2
9.330000E-8	1.052610E-2
9.335000E-8	1.053295E-2
9.340000E-8	1.051925E-2
9.345000E-8	1.049698E-2
9.350000E-8	1.047300E-2
9.355000E-8	1.041990E-2
9.360000E-8	1.033082E-2
9.365000E-8	1.022976E-2
9.370000E-8	1.012698E-2
9.375000E-8	1.001564E-2
9.380000E-8	9.912862E-3
9.385000E-8	9.854622E-3
9.390000E-8	9.842631E-3
9.395000E-8	9.852909E-3
9.400000E-8	9.873464E-3
9.405000E-8	9.923140E-3
9.410000E-8	1.000879E-2
9.415000E-8	1.010643E-2
9.420000E-8	1.019550E-2
9.425000E-8	1.027258E-2
9.430000E-8	1.033425E-2
9.435000E-8	1.037878E-2
9.440000E-8	1.041476E-2
9.445000E-8	1.044216E-2
9.450000E-8	1.046272E-2
9.455000E-8	1.046101E-2
9.460000E-8	1.043189E-2
9.465000E-8	1.039763E-2
9.470000E-8	1.037536E-2
9.475000E-8	1.036337E-2
9.480000E-8	1.035652E-2
9.485000E-8	1.034453E-2
9.490000E-8	1.031712E-2
9.495000E-8	1.026916E-2
9.500000E-8	1.020578E-2
9.505000E-8	1.012184E-2
9.510000E-8	1.001906E-2
9.515000E-8	9.909436E-3
9.520000E-8	9.815224E-3
9.525000E-8	9.738141E-3
9.530000E-8	9.678188E-3
9.535000E-8	9.650781E-3
9.540000E-8	9.673049E-3
9.545000E-8	9.751845E-3
9.550000E-8	9.871751E-3
9.555000E-8	1.000536E-2
9.560000E-8	1.012184E-2
9.565000E-8	1.021092E-2
9.570000E-8	1.026059E-2
9.575000E-8	1.025203E-2
9.580000E-8	1.020749E-2
9.585000E-8	1.013383E-2
9.590000E-8	1.002078E-2
9.595000E-8	9.870038E-3
9.600000E-8	9.724437E-3
9.605000E-8	9.607957E-3
9.610000E-8	9.508606E-3
9.615000E-8	9.433236E-3
9.620000E-8	9.414393E-3
9.625000E-8	9.450365E-3
9.630000E-8	9.512032E-3
9.635000E-8	9.577124E-3
9.640000E-8	9.645642E-3
9.645000E-8	9.719299E-3
9.650000E-8	9.801520E-3
9.655000E-8	9.878603E-3
9.660000E-8	9.947121E-3
9.665000E-8	1.002078E-2
9.670000E-8	1.010643E-2
9.675000E-8	1.018351E-2
9.680000E-8	1.024517E-2
9.685000E-8	1.028800E-2
9.690000E-8	1.029656E-2
9.695000E-8	1.025888E-2
9.700000E-8	1.019550E-2
9.705000E-8	1.012869E-2
9.710000E-8	1.005675E-2
9.715000E-8	9.971102E-3
9.720000E-8	9.873464E-3
9.725000E-8	9.796381E-3
9.730000E-8	9.762122E-3
9.735000E-8	9.770687E-3
9.740000E-8	9.825501E-3
9.745000E-8	9.919714E-3
9.750000E-8	1.003448E-2
9.755000E-8	1.014068E-2
9.760000E-8	1.023832E-2
9.765000E-8	1.031541E-2
9.770000E-8	1.035480E-2
9.775000E-8	1.035480E-2
9.780000E-8	1.032397E-2
9.785000E-8	1.026916E-2
9.790000E-8	1.019207E-2
9.795000E-8	1.010471E-2
9.800000E-8	9.984806E-3
9.805000E-8	9.837492E-3
9.810000E-8	9.693604E-3
9.815000E-8	9.583975E-3
9.820000E-8	9.503467E-3
9.825000E-8	9.445227E-3
9.830000E-8	9.421245E-3
9.835000E-8	9.446939E-3
9.840000E-8	9.515457E-3
9.845000E-8	9.614809E-3
9.850000E-8	9.727863E-3
9.855000E-8	9.837492E-3
9.860000E-8	9.955686E-3
9.865000E-8	1.007902E-2
9.870000E-8	1.017494E-2
9.875000E-8	1.022804E-2
9.880000E-8	1.028286E-2
9.885000E-8	1.034624E-2
9.890000E-8	1.038906E-2
9.895000E-8	1.041133E-2
9.900000E-8	1.044045E-2
9.905000E-8	1.047471E-2
9.910000E-8	1.046957E-2
9.915000E-8	1.045073E-2
9.920000E-8	1.044216E-2
9.925000E-8	1.042332E-2
9.930000E-8	1.036508E-2
9.935000E-8	1.027601E-2
9.940000E-8	1.018180E-2
9.945000E-8	1.007388E-2
9.950000E-8	9.936843E-3
9.955000E-8	9.794668E-3
9.960000E-8	9.667910E-3
9.965000E-8	9.554855E-3
9.970000E-8	9.453791E-3
9.975000E-8	9.407542E-3
9.980000E-8	9.417819E-3
9.985000E-8	9.462356E-3
9.990000E-8	9.524022E-3
9.995000E-8	9.609670E-3
1.000000E-7	9.717586E-3
1.000500E-7	9.816937E-3
1.001000E-7	9.894019E-3
1.001500E-7	9.971102E-3
1.002000E-7	1.003277E-2
1.002500E-7	1.005332E-2
1.003000E-7	1.002934E-2
1.003500E-7	9.989945E-3
1.004000E-7	9.947121E-3
1.004500E-7	9.882029E-3
1.005000E-7	9.794668E-3
1.005500E-7	9.702169E-3
1.006000E-7	9.618235E-3
1.006500E-7	9.549716E-3
1.007000E-7	9.494902E-3
1.007500E-7	9.450365E-3
1.008000E-7	9.416106E-3
1.008500E-7	9.397264E-3
1.009000E-7	9.373283E-3
1.009500E-7	9.337311E-3
1.010000E-7	9.303052E-3
1.010500E-7	9.279070E-3
1.011000E-7	9.263654E-3
1.011500E-7	9.249950E-3
1.012000E-7	9.249950E-3
1.012500E-7	9.273932E-3
1.013000E-7	9.325320E-3
1.013500E-7	9.400690E-3
1.014000E-7	9.494902E-3
1.014500E-7	9.604531E-3
1.015000E-7	9.705595E-3
1.015500E-7	9.782678E-3
1.016000E-7	9.849483E-3
1.016500E-7	9.918001E-3
1.017000E-7	9.976241E-3
1.017500E-7	1.000879E-2
1.018000E-7	1.002249E-2
1.018500E-7	1.001050E-2
1.019000E-7	9.969389E-3
1.019500E-7	9.931704E-3
1.020000E-7	9.907723E-3
1.020500E-7	9.863186E-3
1.021000E-7	9.784391E-3
1.021500E-7	9.698743E-3
1.022000E-7	9.623373E-3
1.022500E-7	9.548004E-3
1.023000E-7	9.464069E-3
1.023500E-7	9.390412E-3
1.024000E-7	9.323607E-3
1.024500E-7	9.279070E-3
1.025000E-7	9.248237E-3
1.025500E-7	9.229395E-3
1.026000E-7	9.219117E-3
1.026500E-7	9.229395E-3
1.027000E-7	9.239673E-3
1.027500E-7	9.249950E-3
1.028000E-7	9.272219E-3
1.028500E-7	9.304765E-3
1.029000E-7	9.330459E-3
1.029500E-7	9.366431E-3
1.030000E-7	9.428097E-3
1.030500E-7	9.518883E-3
1.031000E-7	9.628512E-3
1.031500E-7	9.743280E-3
1.032000E-7	9.849483E-3
1.032500E-7	9.950547E-3
1.033000E-7	1.002420E-2
1.033500E-7	1.003277E-2
1.034000E-7	9.981380E-3
1.034500E-7	9.897445E-3
1.035000E-7	9.763835E-3
1.035500E-7	9.587401E-3
1.036000E-7	9.395551E-3
1.036500E-7	9.207126E-3
1.037000E-7	9.010137E-3
1.037500E-7	8.830277E-3
1.038000E-7	8.698380E-3
1.038500E-7	8.633288E-3
1.039000E-7	8.621298E-3
1.039500E-7	8.664121E-3
1.040000E-7	8.746343E-3
1.040500E-7	8.845694E-3
1.041000E-7	8.948471E-3
1.041500E-7	9.056387E-3
1.042000E-7	9.155738E-3
1.042500E-7	9.229395E-3
1.043000E-7	9.275644E-3
1.043500E-7	9.292774E-3
1.044000E-7	9.297913E-3
1.044500E-7	9.289348E-3
1.045000E-7	9.239673E-3
1.045500E-7	9.140321E-3
1.046000E-7	9.051248E-3
1.046500E-7	9.011850E-3
1.047000E-7	8.979304E-3
1.047500E-7	8.941619E-3
1.048000E-7	8.945045E-3
1.048500E-7	8.993008E-3
1.049000E-7	9.058100E-3
1.049500E-7	9.142034E-3
1.050000E-7	9.251663E-3
1.050500E-7	9.339024E-3
1.051000E-7	9.393838E-3
1.051500E-7	9.448652E-3
1.052000E-7	9.491476E-3
1.052500E-7	9.489763E-3
1.053000E-7	9.460643E-3
1.053500E-7	9.419532E-3
1.054000E-7	9.363005E-3
1.054500E-7	9.299626E-3
1.055000E-7	9.267080E-3
1.055500E-7	9.279070E-3
1.056000E-7	9.335598E-3
1.056500E-7	9.414393E-3
1.057000E-7	9.506893E-3
1.057500E-7	9.611383E-3
1.058000E-7	9.714160E-3
1.058500E-7	9.787817E-3
1.059000E-7	9.822076E-3
1.059500E-7	9.816937E-3
1.060000E-7	9.780965E-3
1.060500E-7	9.721012E-3
1.061000E-7	9.654206E-3
1.061500E-7	9.573698E-3
1.062000E-7	9.493189E-3
1.062500E-7	9.421245E-3
1.063000E-7	9.361292E-3
1.063500E-7	9.306478E-3
1.064000E-7	9.251663E-3
1.064500E-7	9.181432E-3
1.065000E-7	9.102637E-3
1.065500E-7	9.027267E-3
1.066000E-7	8.957036E-3
1.066500E-7	8.881666E-3
1.067000E-7	8.811435E-3
1.067500E-7	8.760047E-3
1.068000E-7	8.717223E-3
1.068500E-7	8.688103E-3
1.069000E-7	8.693241E-3
1.069500E-7	8.748056E-3
1.070000E-7	8.843981E-3
1.070500E-7	8.965601E-3
1.071000E-7	9.102637E-3
1.071500E-7	9.244811E-3
1.072000E-7	9.381847E-3
1.072500E-7	9.501754E-3
1.073000E-7	9.583975E-3
1.073500E-7	9.618235E-3
1.074000E-7	9.623373E-3
1.074500E-7	9.601105E-3
1.075000E-7	9.530874E-3
1.075500E-7	9.424671E-3
1.076000E-7	9.335598E-3
1.076500E-7	9.268793E-3
1.077000E-7	9.201988E-3
1.077500E-7	9.147173E-3
1.078000E-7	9.131757E-3
1.078500E-7	9.126618E-3
1.079000E-7	9.106062E-3
1.079500E-7	9.090646E-3
1.080000E-7	9.078655E-3
1.080500E-7	9.054674E-3
1.081000E-7	9.040970E-3
1.081500E-7	9.052961E-3
1.082000E-7	9.058100E-3
1.082500E-7	9.030693E-3
1.083000E-7	8.993008E-3
1.083500E-7	8.975878E-3
1.084000E-7	8.989582E-3
1.084500E-7	9.020415E-3
1.085000E-7	9.054674E-3
1.085500E-7	9.111201E-3
1.086000E-7	9.179719E-3
1.086500E-7	9.224256E-3
1.087000E-7	9.244811E-3
1.087500E-7	9.263654E-3
1.088000E-7	9.272219E-3
1.088500E-7	9.261941E-3
1.089000E-7	9.241385E-3
1.089500E-7	9.220830E-3
1.090000E-7	9.198562E-3
1.090500E-7	9.179719E-3
1.091000E-7	9.162590E-3
1.091500E-7	9.143747E-3
1.092000E-7	9.136896E-3
1.092500E-7	9.142034E-3
1.093000E-7	9.126618E-3
1.093500E-7	9.087220E-3
1.094000E-7	9.070090E-3
1.094500E-7	9.087220E-3
1.095000E-7	9.102637E-3
1.095500E-7	9.116340E-3
1.096000E-7	9.133470E-3
1.096500E-7	9.145460E-3
1.097000E-7	9.130044E-3
1.097500E-7	9.092359E-3
1.098000E-7	9.037544E-3
1.098500E-7	8.955323E-3
1.099000E-7	8.838842E-3
1.099500E-7	8.686390E-3
1.100000E-7	8.504817E-3
1.100500E-7	8.307828E-3
1.101000E-7	8.105700E-3
1.101500E-7	7.912136E-3
1.102000E-7	7.747693E-3
1.102500E-7	7.653481E-3
1.103000E-7	7.626074E-3
1.103500E-7	7.653481E-3
1.104000E-7	7.744267E-3
1.104500E-7	7.910423E-3
1.105000E-7	8.124542E-3
1.105500E-7	8.348939E-3
1.106000E-7	8.575048E-3
1.106500E-7	8.780602E-3
1.107000E-7	8.943332E-3
1.107500E-7	9.061526E-3
1.108000E-7	9.133470E-3
1.108500E-7	9.131757E-3
1.109000E-7	9.071803E-3
1.109500E-7	8.982730E-3
1.110000E-7	8.871388E-3
1.110500E-7	8.729213E-3
1.111000E-7	8.571622E-3
1.111500E-7	8.419169E-3
1.112000E-7	8.285559E-3
1.112500E-7	8.175931E-3
1.113000E-7	8.090283E-3
1.113500E-7	8.042320E-3
1.114000E-7	8.037182E-3
1.114500E-7	8.057737E-3
1.115000E-7	8.090283E-3
1.115500E-7	8.129681E-3
1.116000E-7	8.189634E-3
1.116500E-7	8.247874E-3
1.117000E-7	8.288985E-3
1.117500E-7	8.326670E-3
1.118000E-7	8.360929E-3
1.118500E-7	8.386623E-3
1.119000E-7	8.410605E-3
1.119500E-7	8.436299E-3
1.120000E-7	8.444864E-3
1.120500E-7	8.424308E-3
1.121000E-7	8.395188E-3
1.121500E-7	8.372920E-3
1.122000E-7	8.355790E-3
1.122500E-7	8.347226E-3
1.123000E-7	8.347226E-3
1.123500E-7	8.350651E-3
1.124000E-7	8.381485E-3
1.124500E-7	8.424308E-3
1.125000E-7	8.450003E-3
1.125500E-7	8.473984E-3
1.126000E-7	8.516808E-3
1.126500E-7	8.547641E-3
1.127000E-7	8.527085E-3
1.127500E-7	8.480836E-3
1.128000E-7	8.426021E-3
1.128500E-7	8.364355E-3
1.129000E-7	8.306115E-3
1.129500E-7	8.261578E-3
1.130000E-7	8.229032E-3
1.130500E-7	8.227319E-3
1.131000E-7	8.251300E-3
1.131500E-7	8.280421E-3
1.132000E-7	8.324957E-3
1.132500E-7	8.396901E-3
1.133000E-7	8.475697E-3
1.133500E-7	8.532224E-3
1.134000E-7	8.569909E-3
1.134500E-7	8.587039E-3
1.135000E-7	8.573335E-3
1.135500E-7	8.523659E-3
1.136000E-7	8.443151E-3
1.136500E-7	8.347226E-3
1.137000E-7	8.271856E-3
1.137500E-7	8.232458E-3
1.138000E-7	8.213615E-3
1.138500E-7	8.230745E-3
1.139000E-7	8.282133E-3
1.139500E-7	8.343800E-3
1.140000E-7	8.405466E-3
1.140500E-7	8.475697E-3
1.141000E-7	8.549354E-3
1.141500E-7	8.607594E-3
1.142000E-7	8.658982E-3
1.142500E-7	8.693241E-3
1.143000E-7	8.681251E-3
1.143500E-7	8.616159E-3
1.144000E-7	8.527085E-3
1.144500E-7	8.422595E-3
1.145000E-7	8.283846E-3
1.145500E-7	8.121116E-3
1.146000E-7	7.972090E-3
1.146500E-7	7.862461E-3
1.147000E-7	7.780239E-3
1.147500E-7	7.721999E-3
1.148000E-7	7.692879E-3
1.148500E-7	7.691166E-3
1.149000E-7	7.720286E-3
1.149500E-7	7.771674E-3
1.150000E-7	7.836766E-3
1.150500E-7	7.917275E-3
1.151000E-7	8.002923E-3
1.151500E-7	8.071441E-3
1.152000E-7	8.117690E-3
1.152500E-7	8.167366E-3
1.153000E-7	8.217041E-3
1.153500E-7	8.251300E-3
1.154000E-7	8.275282E-3
1.154500E-7	8.280421E-3
1.155000E-7	8.271856E-3
1.155500E-7	8.283846E-3
1.156000E-7	8.316392E-3
1.156500E-7	8.331809E-3
1.157000E-7	8.335235E-3
1.157500E-7	8.340374E-3
1.158000E-7	8.324957E-3
1.158500E-7	8.266717E-3
1.159000E-7	8.182782E-3
1.159500E-7	8.091996E-3
1.160000E-7	7.994358E-3
1.160500E-7	7.888155E-3
1.161000E-7	7.790517E-3
1.161500E-7	7.718573E-3
1.162000E-7	7.680888E-3
1.162500E-7	7.672323E-3
1.163000E-7	7.684314E-3
1.163500E-7	7.725425E-3
1.164000E-7	7.795656E-3
1.164500E-7	7.871025E-3
1.165000E-7	7.941256E-3
1.165500E-7	8.002923E-3
1.166000E-7	8.044033E-3
1.166500E-7	8.068015E-3
1.167000E-7	8.076579E-3
1.167500E-7	8.054311E-3
1.168000E-7	8.004636E-3
1.168500E-7	7.948108E-3
1.169000E-7	7.915562E-3
1.169500E-7	7.908710E-3
1.170000E-7	7.918988E-3
1.170500E-7	7.949821E-3
1.171000E-7	8.008061E-3
1.171500E-7	8.081718E-3
1.172000E-7	8.167366E-3
1.172500E-7	8.263291E-3
1.173000E-7	8.350651E-3
1.173500E-7	8.410605E-3
1.174000E-7	8.444864E-3
1.174500E-7	8.451716E-3
1.175000E-7	8.415744E-3
1.175500E-7	8.347226E-3
1.176000E-7	8.261578E-3
1.176500E-7	8.138246E-3
1.177000E-7	7.968664E-3
1.177500E-7	7.797369E-3
1.178000E-7	7.667184E-3
1.178500E-7	7.569546E-3
1.179000E-7	7.495889E-3
1.179500E-7	7.447927E-3
1.180000E-7	7.430797E-3
1.180500E-7	7.434223E-3
1.181000E-7	7.449640E-3
1.181500E-7	7.480473E-3
1.182000E-7	7.537000E-3
1.182500E-7	7.583250E-3
1.183000E-7	7.605518E-3
1.183500E-7	7.644916E-3
1.184000E-7	7.701443E-3
1.184500E-7	7.739128E-3
1.185000E-7	7.775100E-3
1.185500E-7	7.838479E-3
1.186000E-7	7.917275E-3
1.186500E-7	7.994358E-3
1.187000E-7	8.071441E-3
1.187500E-7	8.134820E-3
1.188000E-7	8.170792E-3
1.188500E-7	8.186208E-3
1.189000E-7	8.179356E-3
1.189500E-7	8.155375E-3
1.190000E-7	8.121116E-3
1.190500E-7	8.073154E-3
1.191000E-7	8.011487E-3
1.191500E-7	7.966951E-3
1.192000E-7	7.958386E-3
1.192500E-7	7.949821E-3
1.193000E-7	7.941256E-3
1.193500E-7	7.949821E-3
1.194000E-7	7.975515E-3
1.194500E-7	8.002923E-3
1.195000E-7	8.032043E-3
1.195500E-7	8.066302E-3
1.196000E-7	8.088570E-3
1.196500E-7	8.083431E-3
1.197000E-7	8.040608E-3
1.197500E-7	7.980654E-3
1.198000E-7	7.922414E-3
1.198500E-7	7.862461E-3
1.199000E-7	7.802507E-3
1.199500E-7	7.739128E-3
1.200000E-7	7.675749E-3
1.200500E-7	7.629499E-3
1.201000E-7	7.591815E-3
1.201500E-7	7.550704E-3
1.202000E-7	7.511306E-3
1.202500E-7	7.504454E-3
1.203000E-7	7.521584E-3
1.203500E-7	7.554130E-3
1.204000E-7	7.617509E-3
1.204500E-7	7.725425E-3
1.205000E-7	7.843618E-3
1.205500E-7	7.951534E-3
1.206000E-7	8.059450E-3
1.206500E-7	8.157088E-3
1.207000E-7	8.220467E-3
1.207500E-7	8.247874E-3
1.208000E-7	8.259865E-3
1.208500E-7	8.268430E-3
1.209000E-7	8.266717E-3
1.209500E-7	8.259865E-3
1.210000E-7	8.258152E-3
1.210500E-7	8.230745E-3
1.211000E-7	8.162227E-3
1.211500E-7	8.086857E-3
1.212000E-7	8.038895E-3
1.212500E-7	7.977228E-3
1.213000E-7	7.871025E-3
1.213500E-7	7.757971E-3
1.214000E-7	7.682601E-3
1.214500E-7	7.631212E-3
1.215000E-7	7.584963E-3
1.215500E-7	7.540426E-3
1.216000E-7	7.504454E-3
1.216500E-7	7.468482E-3
1.217000E-7	7.420520E-3
1.217500E-7	7.352002E-3
1.218000E-7	7.286909E-3
1.218500E-7	7.225243E-3
1.219000E-7	7.160151E-3
1.219500E-7	7.095059E-3
1.220000E-7	7.062513E-3
1.220500E-7	7.055661E-3
1.221000E-7	7.069365E-3
1.221500E-7	7.112189E-3
1.222000E-7	7.196123E-3
1.222500E-7	7.302326E-3
1.223000E-7	7.417094E-3
1.223500E-7	7.552417E-3
1.224000E-7	7.692879E-3
1.224500E-7	7.807646E-3
1.225000E-7	7.891581E-3
1.225500E-7	7.963525E-3
1.226000E-7	8.002923E-3
1.226500E-7	7.985793E-3
1.227000E-7	7.930979E-3
1.227500E-7	7.869312E-3
1.228000E-7	7.811072E-3
1.228500E-7	7.773387E-3
1.229000E-7	7.754545E-3
1.229500E-7	7.740841E-3
1.230000E-7	7.733989E-3
1.230500E-7	7.751119E-3
1.231000E-7	7.776813E-3
1.231500E-7	7.781952E-3
1.232000E-7	7.769961E-3
1.232500E-7	7.759684E-3
1.233000E-7	7.735702E-3
1.233500E-7	7.677462E-3
1.234000E-7	7.598666E-3
1.234500E-7	7.530148E-3
1.235000E-7	7.466769E-3
1.235500E-7	7.415381E-3
1.236000E-7	7.381122E-3
1.236500E-7	7.358853E-3
1.237000E-7	7.345150E-3
1.237500E-7	7.341724E-3
1.238000E-7	7.357140E-3
1.238500E-7	7.387974E-3
1.239000E-7	7.425658E-3
1.239500E-7	7.461630E-3
1.240000E-7	7.489038E-3
1.240500E-7	7.526722E-3
1.241000E-7	7.564407E-3
1.241500E-7	7.588389E-3
1.242000E-7	7.610657E-3
1.242500E-7	7.638064E-3
1.243000E-7	7.660333E-3
1.243500E-7	7.667184E-3
1.244000E-7	7.658620E-3
1.244500E-7	7.624361E-3
1.245000E-7	7.564407E-3
1.245500E-7	7.485612E-3
1.246000E-7	7.396538E-3
1.246500E-7	7.321168E-3
1.247000E-7	7.266354E-3
1.247500E-7	7.221817E-3
1.248000E-7	7.189271E-3
1.248500E-7	7.184132E-3
1.249000E-7	7.204688E-3
1.249500E-7	7.228669E-3
1.250000E-7	7.256076E-3
1.250500E-7	7.292048E-3
1.251000E-7	7.310891E-3
1.251500E-7	7.293761E-3
1.252000E-7	7.254363E-3
1.252500E-7	7.220104E-3
1.253000E-7	7.192697E-3
1.253500E-7	7.163577E-3
1.254000E-7	7.149873E-3
1.254500E-7	7.165290E-3
1.255000E-7	7.206401E-3
1.255500E-7	7.266354E-3
1.256000E-7	7.350289E-3
1.256500E-7	7.453066E-3
1.257000E-7	7.554130E-3
1.257500E-7	7.617509E-3
1.258000E-7	7.638064E-3
1.258500E-7	7.620935E-3
1.259000E-7	7.583250E-3
1.259500E-7	7.533574E-3
1.260000E-7	7.468482E-3
1.260500E-7	7.391399E-3
1.261000E-7	7.314317E-3
1.261500E-7	7.249225E-3
1.262000E-7	7.192697E-3
1.262500E-7	7.168716E-3
1.263000E-7	7.177281E-3
1.263500E-7	7.208114E-3
1.264000E-7	7.244086E-3
1.264500E-7	7.285197E-3
1.265000E-7	7.329733E-3
1.265500E-7	7.384548E-3
1.266000E-7	7.447927E-3
1.266500E-7	7.514732E-3
1.267000E-7	7.566120E-3
1.267500E-7	7.605518E-3
1.268000E-7	7.646629E-3
1.268500E-7	7.684314E-3
1.269000E-7	7.711721E-3
1.269500E-7	7.713434E-3
1.270000E-7	7.670610E-3
1.270500E-7	7.591815E-3
1.271000E-7	7.490751E-3
1.271500E-7	7.391399E-3
1.272000E-7	7.295474E-3
1.272500E-7	7.199549E-3
1.273000E-7	7.108763E-3
1.273500E-7	7.041958E-3
1.274000E-7	6.990569E-3
1.274500E-7	6.944319E-3
1.275000E-7	6.934042E-3
1.275500E-7	6.976866E-3
1.276000E-7	7.036819E-3
1.276500E-7	7.108763E-3
1.277000E-7	7.196123E-3
1.277500E-7	7.280058E-3
1.278000E-7	7.343437E-3
1.278500E-7	7.398251E-3
1.279000E-7	7.437649E-3
1.279500E-7	7.437649E-3
1.280000E-7	7.420520E-3
1.280500E-7	7.394825E-3
1.281000E-7	7.333159E-3
1.281500E-7	7.250938E-3
1.282000E-7	7.194410E-3
1.282500E-7	7.165290E-3
1.283000E-7	7.131031E-3
1.283500E-7	7.093346E-3
1.284000E-7	7.077930E-3
1.284500E-7	7.101911E-3
1.285000E-7	7.161864E-3
1.285500E-7	7.237234E-3
1.286000E-7	7.293761E-3
1.286500E-7	7.352002E-3
1.287000E-7	7.410242E-3
1.287500E-7	7.446214E-3
1.288000E-7	7.454779E-3
1.288500E-7	7.459917E-3
1.289000E-7	7.454779E-3
1.289500E-7	7.427371E-3
1.290000E-7	7.403390E-3
1.290500E-7	7.386261E-3
1.291000E-7	7.346863E-3
1.291500E-7	7.276632E-3
1.292000E-7	7.201262E-3
1.292500E-7	7.120753E-3
1.293000E-7	7.038532E-3
1.293500E-7	6.964875E-3
1.294000E-7	6.894644E-3
1.294500E-7	6.820987E-3
1.295000E-7	6.762747E-3
1.295500E-7	6.721636E-3
1.296000E-7	6.706219E-3
1.296500E-7	6.725062E-3
1.297000E-7	6.766173E-3
1.297500E-7	6.812422E-3
1.298000E-7	6.874089E-3
1.298500E-7	6.947745E-3
1.299000E-7	6.999134E-3
1.299500E-7	7.026541E-3
1.300000E-7	7.069365E-3
1.300500E-7	7.120753E-3
1.301000E-7	7.146448E-3
1.301500E-7	7.144735E-3
1.302000E-7	7.141309E-3
1.302500E-7	7.112189E-3
1.303000E-7	7.052235E-3
1.303500E-7	6.990569E-3
1.304000E-7	6.942607E-3
1.304500E-7	6.904922E-3
1.305000E-7	6.872376E-3
1.305500E-7	6.850107E-3
1.306000E-7	6.820987E-3
1.306500E-7	6.798719E-3
1.307000E-7	6.797006E-3
1.307500E-7	6.819274E-3
1.308000E-7	6.858672E-3
1.308500E-7	6.906635E-3
1.309000E-7	6.940894E-3
1.309500E-7	6.956310E-3
1.310000E-7	6.959736E-3
1.310500E-7	6.947745E-3
1.311000E-7	6.913486E-3
1.311500E-7	6.867237E-3
1.312000E-7	6.846681E-3
1.312500E-7	6.874089E-3
1.313000E-7	6.930616E-3
1.313500E-7	6.983717E-3
1.314000E-7	7.017976E-3
1.314500E-7	7.035106E-3
1.315000E-7	7.043671E-3
1.315500E-7	7.035106E-3
1.316000E-7	7.021402E-3
1.316500E-7	6.993995E-3
1.317000E-7	6.942607E-3
1.317500E-7	6.865524E-3
1.318000E-7	6.786728E-3
1.318500E-7	6.728488E-3
1.319000E-7	6.689090E-3
1.319500E-7	6.677099E-3
1.320000E-7	6.683951E-3
1.320500E-7	6.701081E-3
1.321000E-7	6.752469E-3
1.321500E-7	6.834691E-3
1.322000E-7	6.904922E-3
1.322500E-7	6.942607E-3
1.323000E-7	6.966588E-3
1.323500E-7	6.968301E-3
1.324000E-7	6.918625E-3
1.324500E-7	6.824413E-3
1.325000E-7	6.707932E-3
1.325500E-7	6.605155E-3
1.326000E-7	6.529786E-3
1.326500E-7	6.483536E-3
1.327000E-7	6.461268E-3
1.327500E-7	6.478397E-3
1.328000E-7	6.562332E-3
1.328500E-7	6.702794E-3
1.329000E-7	6.858672E-3
1.329500E-7	6.999134E-3
1.330000E-7	7.120753E-3
1.330500E-7	7.211540E-3
1.331000E-7	7.240660E-3
1.331500E-7	7.184132E-3
1.332000E-7	7.057374E-3
1.332500E-7	6.904922E-3
1.333000E-7	6.743904E-3
1.333500E-7	6.558906E-3
1.334000E-7	6.377333E-3
1.334500E-7	6.238584E-3
1.335000E-7	6.140946E-3
1.335500E-7	6.075854E-3
1.336000E-7	6.067289E-3
1.336500E-7	6.116965E-3
1.337000E-7	6.202612E-3
1.337500E-7	6.296824E-3
1.338000E-7	6.389324E-3
1.338500E-7	6.468119E-3
1.339000E-7	6.522934E-3
1.339500E-7	6.548628E-3
1.340000E-7	6.545202E-3
1.340500E-7	6.522934E-3
1.341000E-7	6.493814E-3
1.341500E-7	6.457842E-3
1.342000E-7	6.411592E-3
1.342500E-7	6.379046E-3
1.343000E-7	6.368768E-3
1.343500E-7	6.370481E-3
1.344000E-7	6.384185E-3
1.344500E-7	6.416731E-3
1.345000E-7	6.473258E-3
1.345500E-7	6.558906E-3
1.346000E-7	6.677099E-3
1.346500E-7	6.795293E-3
1.347000E-7	6.882653E-3
1.347500E-7	6.959736E-3
1.348000E-7	7.040245E-3
1.348500E-7	7.091633E-3
1.349000E-7	7.113902E-3
1.349500E-7	7.132744E-3
1.350000E-7	7.120753E-3
1.350500E-7	7.059087E-3
1.351000E-7	6.973440E-3
1.351500E-7	6.875801E-3
1.352000E-7	6.757608E-3
1.352500E-7	6.651405E-3
1.353000E-7	6.565758E-3
1.353500E-7	6.464693E-3
1.354000E-7	6.363629E-3
1.354500E-7	6.312241E-3
1.355000E-7	6.296824E-3
1.355500E-7	6.279695E-3
1.356000E-7	6.265991E-3
1.356500E-7	6.281408E-3
1.357000E-7	6.319093E-3
1.357500E-7	6.389324E-3
1.358000E-7	6.486962E-3
1.358500E-7	6.591452E-3
1.359000E-7	6.701081E-3
1.359500E-7	6.836404E-3
1.360000E-7	6.975153E-3
1.360500E-7	7.072791E-3
1.361000E-7	7.137883E-3
1.361500E-7	7.182420E-3
1.362000E-7	7.182420E-3
1.362500E-7	7.117327E-3
1.363000E-7	7.002560E-3
1.363500E-7	6.865524E-3
1.364000E-7	6.713071E-3
1.364500E-7	6.564045E-3
1.365000E-7	6.432147E-3
1.365500E-7	6.320806E-3
1.366000E-7	6.228306E-3
1.366500E-7	6.159788E-3
1.367000E-7	6.111826E-3
1.367500E-7	6.096409E-3
1.368000E-7	6.118678E-3
1.368500E-7	6.159788E-3
1.369000E-7	6.188908E-3
1.369500E-7	6.211177E-3
1.370000E-7	6.228306E-3
1.370500E-7	6.235158E-3
1.371000E-7	6.235158E-3
1.371500E-7	6.231732E-3
1.372000E-7	6.228306E-3
1.372500E-7	6.238584E-3
1.373000E-7	6.252288E-3
1.373500E-7	6.265991E-3
1.374000E-7	6.293398E-3
1.374500E-7	6.327657E-3
1.375000E-7	6.379046E-3
1.375500E-7	6.449277E-3
1.376000E-7	6.524647E-3
1.376500E-7	6.581174E-3
1.377000E-7	6.613720E-3
1.377500E-7	6.623998E-3
1.378000E-7	6.598304E-3
1.378500E-7	6.534924E-3
1.379000E-7	6.462981E-3
1.379500E-7	6.377333E-3
1.380000E-7	6.271130E-3
1.380500E-7	6.178631E-3
1.381000E-7	6.116965E-3
1.381500E-7	6.077567E-3
1.382000E-7	6.072428E-3
1.382500E-7	6.123816E-3
1.383000E-7	6.194047E-3
1.383500E-7	6.248862E-3
1.384000E-7	6.312241E-3
1.384500E-7	6.382472E-3
1.385000E-7	6.430434E-3
1.385500E-7	6.445851E-3
1.386000E-7	6.420157E-3
1.386500E-7	6.346500E-3
1.387000E-7	6.269417E-3
1.387500E-7	6.228306E-3
1.388000E-7	6.188908E-3
1.388500E-7	6.128955E-3
1.389000E-7	6.091270E-3
1.389500E-7	6.087844E-3
1.390000E-7	6.087844E-3
1.390500E-7	6.091270E-3
1.391000E-7	6.123816E-3
1.391500E-7	6.164927E-3
1.392000E-7	6.192334E-3
1.392500E-7	6.214603E-3
1.393000E-7	6.223167E-3
1.393500E-7	6.194047E-3
1.394000E-7	6.132381E-3
1.394500E-7	6.058724E-3
1.395000E-7	5.971364E-3
1.395500E-7	5.861735E-3
1.396000E-7	5.731551E-3
1.396500E-7	5.601367E-3
1.397000E-7	5.493451E-3
1.397500E-7	5.414655E-3
1.398000E-7	5.385535E-3
1.398500E-7	5.406090E-3
1.399000E-7	5.464331E-3
1.399500E-7	5.553404E-3
1.400000E-7	5.681875E-3
1.400500E-7	5.830902E-3
1.401000E-7	5.973077E-3
1.401500E-7	6.084419E-3
1.402000E-7	6.166640E-3
1.402500E-7	6.216316E-3
1.403000E-7	6.230019E-3
1.403500E-7	6.218029E-3
1.404000E-7	6.194047E-3
1.404500E-7	6.163214E-3
1.405000E-7	6.151224E-3
1.405500E-7	6.166640E-3
1.406000E-7	6.195760E-3
1.406500E-7	6.231732E-3
1.407000E-7	6.276269E-3
1.407500E-7	6.310528E-3
1.408000E-7	6.334509E-3
1.408500E-7	6.373907E-3
1.409000E-7	6.423583E-3
1.409500E-7	6.457842E-3
1.410000E-7	6.485249E-3
1.410500E-7	6.500665E-3
1.411000E-7	6.486962E-3
1.411500E-7	6.450990E-3
1.412000E-7	6.421870E-3
1.412500E-7	6.396175E-3
1.413000E-7	6.360204E-3
1.413500E-7	6.337935E-3
1.414000E-7	6.332796E-3
1.414500E-7	6.322519E-3
1.415000E-7	6.319093E-3
1.415500E-7	6.344787E-3
1.416000E-7	6.377333E-3
1.416500E-7	6.406453E-3
1.417000E-7	6.428722E-3
1.417500E-7	6.437286E-3
1.418000E-7	6.430434E-3
1.418500E-7	6.432147E-3
1.419000E-7	6.430434E-3
1.419500E-7	6.384185E-3
1.420000E-7	6.300250E-3
1.420500E-7	6.214603E-3
1.421000E-7	6.122103E-3
1.421500E-7	6.015901E-3
1.422000E-7	5.926827E-3
1.422500E-7	5.858309E-3
1.423000E-7	5.793217E-3
1.423500E-7	5.755532E-3
1.424000E-7	5.779513E-3
1.424500E-7	5.841180E-3
1.425000E-7	5.919975E-3
1.425500E-7	6.014188E-3
1.426000E-7	6.118678E-3
1.426500E-7	6.192334E-3
1.427000E-7	6.218029E-3
1.427500E-7	6.200899E-3
1.428000E-7	6.152937E-3
1.428500E-7	6.079280E-3
1.429000E-7	5.997058E-3
1.429500E-7	5.921688E-3
1.430000E-7	5.842893E-3
1.430500E-7	5.772662E-3
1.431000E-7	5.729838E-3
1.431500E-7	5.722986E-3
1.432000E-7	5.748680E-3
1.432500E-7	5.818911E-3
1.433000E-7	5.914836E-3
1.433500E-7	6.012475E-3
1.434000E-7	6.096409E-3
1.434500E-7	6.156362E-3
1.435000E-7	6.173492E-3
1.435500E-7	6.161501E-3
1.436000E-7	6.146085E-3
1.436500E-7	6.111826E-3
1.437000E-7	6.045021E-3
1.437500E-7	5.973077E-3
1.438000E-7	5.914836E-3
1.438500E-7	5.856596E-3
1.439000E-7	5.796643E-3
1.439500E-7	5.752106E-3
1.440000E-7	5.736690E-3
1.440500E-7	5.745254E-3
1.441000E-7	5.777800E-3
1.441500E-7	5.824050E-3
1.442000E-7	5.875439E-3
1.442500E-7	5.930253E-3
1.443000E-7	5.985067E-3
1.443500E-7	6.043308E-3
1.444000E-7	6.082706E-3
1.444500E-7	6.084419E-3
1.445000E-7	6.062150E-3
1.445500E-7	6.033030E-3
1.446000E-7	5.973077E-3
1.446500E-7	5.880577E-3
1.447000E-7	5.786365E-3
1.447500E-7	5.707570E-3
1.448000E-7	5.632200E-3
1.448500E-7	5.575672E-3
1.449000E-7	5.541413E-3
1.449500E-7	5.524284E-3
1.450000E-7	5.510580E-3
1.450500E-7	5.517432E-3
1.451000E-7	5.546552E-3
1.451500E-7	5.591089E-3
1.452000E-7	5.623635E-3
1.452500E-7	5.639052E-3
1.453000E-7	5.640764E-3
1.453500E-7	5.627061E-3
1.454000E-7	5.591089E-3
1.454500E-7	5.539700E-3
1.455000E-7	5.484886E-3
1.455500E-7	5.433498E-3
1.456000E-7	5.397526E-3
1.456500E-7	5.378683E-3
1.457000E-7	5.368405E-3
1.457500E-7	5.352989E-3
1.458000E-7	5.325582E-3
1.458500E-7	5.301600E-3
1.459000E-7	5.281045E-3
1.459500E-7	5.267341E-3
1.460000E-7	5.248499E-3
1.460500E-7	5.241647E-3
1.461000E-7	5.274193E-3
1.461500E-7	5.320443E-3
1.462000E-7	5.366692E-3
1.462500E-7	5.424933E-3
1.463000E-7	5.491738E-3
1.463500E-7	5.544839E-3
1.464000E-7	5.580811E-3
1.464500E-7	5.621922E-3
1.465000E-7	5.635626E-3
1.465500E-7	5.601367E-3
1.466000E-7	5.543126E-3
1.466500E-7	5.488312E-3
1.467000E-7	5.438636E-3
1.467500E-7	5.402664E-3
1.468000E-7	5.407803E-3
1.468500E-7	5.474608E-3
1.469000E-7	5.580811E-3
1.469500E-7	5.712708E-3
1.470000E-7	5.875439E-3
1.470500E-7	6.053585E-3
1.471000E-7	6.207751E-3
1.471500E-7	6.331083E-3
1.472000E-7	6.423583E-3
1.472500E-7	6.459555E-3
1.473000E-7	6.435573E-3
1.473500E-7	6.384185E-3
1.474000E-7	6.307102E-3
1.474500E-7	6.211177E-3
1.475000E-7	6.128955E-3
1.475500E-7	6.069002E-3
1.476000E-7	6.015901E-3
1.476500E-7	5.993632E-3
1.477000E-7	6.014188E-3
1.477500E-7	6.027891E-3
1.478000E-7	6.009049E-3
1.478500E-7	5.979929E-3
1.479000E-7	5.928540E-3
1.479500E-7	5.839467E-3
1.480000E-7	5.731551E-3
1.480500E-7	5.608218E-3
1.481000E-7	5.469469E-3
1.481500E-7	5.359841E-3
1.482000E-7	5.308452E-3
1.482500E-7	5.299887E-3
1.483000E-7	5.335859E-3
1.483500E-7	5.426646E-3
1.484000E-7	5.544839E-3
1.484500E-7	5.676736E-3
1.485000E-7	5.813772E-3
1.485500E-7	5.914836E-3
1.486000E-7	5.967938E-3
1.486500E-7	6.003910E-3
1.487000E-7	6.014188E-3
1.487500E-7	5.962799E-3
1.488000E-7	5.878865E-3
1.488500E-7	5.803495E-3
1.489000E-7	5.731551E-3
1.489500E-7	5.671598E-3
1.490000E-7	5.654468E-3
1.490500E-7	5.680162E-3
1.491000E-7	5.717847E-3
1.491500E-7	5.755532E-3
1.492000E-7	5.800069E-3
1.492500E-7	5.848031E-3
1.493000E-7	5.890855E-3
1.493500E-7	5.923401E-3
1.494000E-7	5.942244E-3
1.494500E-7	5.928540E-3
1.495000E-7	5.895994E-3
1.495500E-7	5.865161E-3
1.496000E-7	5.830902E-3
1.496500E-7	5.767523E-3
1.497000E-7	5.683588E-3
1.497500E-7	5.597941E-3
1.498000E-7	5.515719E-3
1.498500E-7	5.430072E-3
1.499000E-7	5.340998E-3
1.499500E-7	5.260490E-3
1.500000E-7	5.212527E-3
1.500500E-7	5.188546E-3
1.501000E-7	5.195397E-3
1.501500E-7	5.248499E-3
1.502000E-7	5.337572E-3
1.502500E-7	5.445488E-3
1.503000E-7	5.573959E-3
1.503500E-7	5.705857E-3
1.504000E-7	5.806921E-3
1.504500E-7	5.884003E-3
1.505000E-7	5.940531E-3
1.505500E-7	5.942244E-3
1.506000E-7	5.895994E-3
1.506500E-7	5.834328E-3
1.507000E-7	5.750393E-3
1.507500E-7	5.627061E-3
1.508000E-7	5.500303E-3
1.508500E-7	5.399239E-3
1.509000E-7	5.322156E-3
1.509500E-7	5.270767E-3
1.510000E-7	5.258777E-3
1.510500E-7	5.255351E-3
1.511000E-7	5.251925E-3
1.511500E-7	5.272480E-3
1.512000E-7	5.323869E-3
1.512500E-7	5.383822E-3
1.513000E-7	5.440349E-3
1.513500E-7	5.484886E-3
1.514000E-7	5.498590E-3
1.514500E-7	5.478034E-3
1.515000E-7	5.433498E-3
1.515500E-7	5.375257E-3
1.516000E-7	5.279332E-3
1.516500E-7	5.159426E-3
1.517000E-7	5.046371E-3
1.517500E-7	4.948733E-3
1.518000E-7	4.859659E-3
1.518500E-7	4.813410E-3
1.519000E-7	4.842530E-3
1.519500E-7	4.933316E-3
1.520000E-7	5.085769E-3
1.520500E-7	5.296462E-3
1.521000E-7	5.529423E-3
1.521500E-7	5.750393E-3
1.522000E-7	5.937105E-3
1.522500E-7	6.080993E-3
1.523000E-7	6.175205E-3
1.523500E-7	6.211177E-3
1.524000E-7	6.173492E-3
1.524500E-7	6.063863E-3
1.525000E-7	5.914836E-3
1.525500E-7	5.745254E-3
1.526000E-7	5.553404E-3
1.526500E-7	5.347850E-3
1.527000E-7	5.152574E-3
1.527500E-7	4.989843E-3
1.528000E-7	4.878502E-3
1.528500E-7	4.828826E-3
1.529000E-7	4.827113E-3
1.529500E-7	4.847669E-3
1.530000E-7	4.881928E-3
1.530500E-7	4.947020E-3
1.531000E-7	5.046371E-3
1.531500E-7	5.152574E-3
1.532000E-7	5.248499E-3
1.532500E-7	5.310165E-3
1.533000E-7	5.323869E-3
1.533500E-7	5.289610E-3
1.534000E-7	5.227944E-3
1.534500E-7	5.171416E-3
1.535000E-7	5.130305E-3
1.535500E-7	5.099472E-3
1.536000E-7	5.066926E-3
1.536500E-7	5.034380E-3
1.537000E-7	5.036093E-3
1.537500E-7	5.072065E-3
1.538000E-7	5.118315E-3
1.538500E-7	5.164564E-3
1.539000E-7	5.207388E-3
1.539500E-7	5.231369E-3
1.540000E-7	5.236508E-3
1.540500E-7	5.236508E-3
1.541000E-7	5.222805E-3
1.541500E-7	5.185120E-3
1.542000E-7	5.147435E-3
1.542500E-7	5.113176E-3
1.543000E-7	5.085769E-3
1.543500E-7	5.068639E-3
1.544000E-7	5.072065E-3
1.544500E-7	5.084056E-3
1.545000E-7	5.092620E-3
1.545500E-7	5.111463E-3
1.546000E-7	5.142296E-3
1.546500E-7	5.159426E-3
1.547000E-7	5.140583E-3
1.547500E-7	5.087482E-3
1.548000E-7	5.018964E-3
1.548500E-7	4.943594E-3
1.549000E-7	4.859659E-3
1.549500E-7	4.780864E-3
1.550000E-7	4.731188E-3
1.550500E-7	4.691790E-3
1.551000E-7	4.666096E-3
1.551500E-7	4.683225E-3
1.552000E-7	4.750030E-3
1.552500E-7	4.852807E-3
1.553000E-7	4.972714E-3
1.553500E-7	5.089195E-3
1.554000E-7	5.181694E-3
1.554500E-7	5.243360E-3
1.555000E-7	5.267341E-3
1.555500E-7	5.238221E-3
1.556000E-7	5.174842E-3
1.556500E-7	5.092620E-3
1.557000E-7	4.991556E-3
1.557500E-7	4.887066E-3
1.558000E-7	4.811697E-3
1.558500E-7	4.779151E-3
1.559000E-7	4.789428E-3
1.559500E-7	4.847669E-3
1.560000E-7	4.945307E-3
1.560500E-7	5.073778E-3
1.561000E-7	5.233082E-3
1.561500E-7	5.395813E-3
1.562000E-7	5.517432E-3
1.562500E-7	5.592802E-3
1.563000E-7	5.609931E-3
1.563500E-7	5.549978E-3
1.564000E-7	5.428359E-3
1.564500E-7	5.275906E-3
1.565000E-7	5.087482E-3
1.565500E-7	4.887066E-3
1.566000E-7	4.720910E-3
1.566500E-7	4.602717E-3
1.567000E-7	4.523921E-3
1.567500E-7	4.489662E-3
1.568000E-7	4.515356E-3
1.568500E-7	4.589013E-3
1.569000E-7	4.691790E-3
1.569500E-7	4.811697E-3
1.570000E-7	4.931603E-3
1.570500E-7	5.042945E-3
1.571000E-7	5.142296E-3
1.571500E-7	5.222805E-3
1.572000E-7	5.263915E-3
1.572500E-7	5.253638E-3
1.573000E-7	5.205675E-3
1.573500E-7	5.144009E-3
1.574000E-7	5.070352E-3
1.574500E-7	4.984705E-3
1.575000E-7	4.907622E-3
1.575500E-7	4.859659E-3
1.576000E-7	4.845956E-3
1.576500E-7	4.849382E-3
1.577000E-7	4.851095E-3
1.577500E-7	4.854520E-3
1.578000E-7	4.880215E-3
1.578500E-7	4.919613E-3
1.579000E-7	4.948733E-3
1.579500E-7	4.967575E-3
1.580000E-7	4.988131E-3
1.580500E-7	5.006973E-3
1.581000E-7	5.006973E-3
1.581500E-7	4.986418E-3
1.582000E-7	4.967575E-3
1.582500E-7	4.959010E-3
1.583000E-7	4.959010E-3
1.583500E-7	4.965862E-3
1.584000E-7	4.977853E-3
1.584500E-7	4.986418E-3
1.585000E-7	4.969288E-3
1.585500E-7	4.923038E-3
1.586000E-7	4.866511E-3
1.586500E-7	4.806558E-3
1.587000E-7	4.748318E-3
1.587500E-7	4.693503E-3
1.588000E-7	4.645540E-3
1.588500E-7	4.630124E-3
1.589000E-7	4.660957E-3
1.589500E-7	4.707207E-3
1.590000E-7	4.758595E-3
1.590500E-7	4.820261E-3
1.591000E-7	4.876789E-3
1.591500E-7	4.893918E-3
1.592000E-7	4.895631E-3
1.592500E-7	4.897344E-3
1.593000E-7	4.875076E-3
1.593500E-7	4.811697E-3
1.594000E-7	4.727762E-3
1.594500E-7	4.623272E-3
1.595000E-7	4.508504E-3
1.595500E-7	4.397163E-3
1.596000E-7	4.309802E-3
1.596500E-7	4.253275E-3
1.597000E-7	4.232720E-3
1.597500E-7	4.249849E-3
1.598000E-7	4.296099E-3
1.598500E-7	4.368043E-3
1.599000E-7	4.453690E-3
1.599500E-7	4.527347E-3
1.600000E-7	4.583874E-3
1.600500E-7	4.624985E-3
1.601000E-7	4.664383E-3
1.601500E-7	4.710633E-3
1.602000E-7	4.755169E-3
1.602500E-7	4.765447E-3
1.603000E-7	4.743179E-3
1.603500E-7	4.720910E-3
1.604000E-7	4.712346E-3
1.604500E-7	4.712346E-3
1.605000E-7	4.726049E-3
1.605500E-7	4.772299E-3
1.606000E-7	4.845956E-3
1.606500E-7	4.914474E-3
1.607000E-7	4.972714E-3
1.607500E-7	5.025815E-3
1.608000E-7	5.068639E-3
1.608500E-7	5.085769E-3
1.609000E-7	5.061787E-3
1.609500E-7	4.991556E-3
1.610000E-7	4.890492E-3
1.610500E-7	4.772299E-3
1.611000E-7	4.640402E-3
1.611500E-7	4.511930E-3
1.612000E-7	4.407440E-3
1.612500E-7	4.338922E-3
1.613000E-7	4.301238E-3
1.613500E-7	4.292673E-3
1.614000E-7	4.314941E-3
1.614500E-7	4.373181E-3
1.615000E-7	4.453690E-3
1.615500E-7	4.544476E-3
1.616000E-7	4.636976E-3
1.616500E-7	4.726049E-3
1.617000E-7	4.794567E-3
1.617500E-7	4.833965E-3
1.618000E-7	4.845956E-3
1.618500E-7	4.849382E-3
1.619000E-7	4.842530E-3
1.619500E-7	4.832252E-3
1.620000E-7	4.820261E-3
1.620500E-7	4.799706E-3
1.621000E-7	4.780864E-3
1.621500E-7	4.770586E-3
1.622000E-7	4.743179E-3
1.622500E-7	4.679800E-3
1.623000E-7	4.611281E-3
1.623500E-7	4.553041E-3
1.624000E-7	4.474245E-3
1.624500E-7	4.373181E-3
1.625000E-7	4.302950E-3
1.625500E-7	4.260127E-3
1.626000E-7	4.232720E-3
1.626500E-7	4.237858E-3
1.627000E-7	4.290960E-3
1.627500E-7	4.366330E-3
1.628000E-7	4.433135E-3
1.628500E-7	4.496514E-3
1.629000E-7	4.547902E-3
1.629500E-7	4.575310E-3
1.630000E-7	4.563319E-3
1.630500E-7	4.530773E-3
1.631000E-7	4.498227E-3
1.631500E-7	4.458829E-3
1.632000E-7	4.398876E-3
1.632500E-7	4.345774E-3
1.633000E-7	4.323506E-3
1.633500E-7	4.335497E-3
1.634000E-7	4.371468E-3
1.634500E-7	4.436561E-3
1.635000E-7	4.529060E-3
1.635500E-7	4.640402E-3
1.636000E-7	4.765447E-3
1.636500E-7	4.897344E-3
1.637000E-7	5.017251E-3
1.637500E-7	5.109750E-3
1.638000E-7	5.181694E-3
1.638500E-7	5.233082E-3
1.639000E-7	5.234795E-3
1.639500E-7	5.164564E-3
1.640000E-7	5.039519E-3
1.640500E-7	4.887066E-3
1.641000E-7	4.698642E-3
1.641500E-7	4.481097E-3
1.642000E-7	4.272117E-3
1.642500E-7	4.088832E-3
1.643000E-7	3.934666E-3
1.643500E-7	3.828463E-3
1.644000E-7	3.790778E-3
1.644500E-7	3.811334E-3
1.645000E-7	3.871287E-3
1.645500E-7	3.962073E-3
1.646000E-7	4.075128E-3
1.646500E-7	4.193322E-3
1.647000E-7	4.296099E-3
1.647500E-7	4.374894E-3
1.648000E-7	4.429709E-3
1.648500E-7	4.457116E-3
1.649000E-7	4.458829E-3
1.649500E-7	4.457116E-3
1.650000E-7	4.455403E-3
1.650500E-7	4.463968E-3
1.651000E-7	4.505079E-3
1.651500E-7	4.590726E-3
1.652000E-7	4.705494E-3
1.652500E-7	4.821974E-3
1.653000E-7	4.933316E-3
1.653500E-7	5.032667E-3
1.654000E-7	5.111463E-3
1.654500E-7	5.162851E-3
1.655000E-7	5.176555E-3
1.655500E-7	5.157713E-3
1.656000E-7	5.104611E-3
1.656500E-7	5.001834E-3
1.657000E-7	4.847669E-3
1.657500E-7	4.684938E-3
1.658000E-7	4.535912E-3
1.658500E-7	4.395450E-3
1.659000E-7	4.273830E-3
1.659500E-7	4.183044E-3
1.660000E-7	4.111100E-3
1.660500E-7	4.066563E-3
1.661000E-7	4.080267E-3
1.661500E-7	4.147072E-3
1.662000E-7	4.224155E-3
1.662500E-7	4.325219E-3
1.663000E-7	4.445125E-3
1.663500E-7	4.546189E-3
1.664000E-7	4.621559E-3
1.664500E-7	4.669522E-3
1.665000E-7	4.679800E-3
1.665500E-7	4.648966E-3
1.666000E-7	4.601004E-3
1.666500E-7	4.542763E-3
1.667000E-7	4.460542E-3
1.667500E-7	4.362904E-3
1.668000E-7	4.273830E-3
1.668500E-7	4.184757E-3
1.669000E-7	4.099109E-3
1.669500E-7	4.034017E-3
1.670000E-7	3.999758E-3
1.670500E-7	3.994619E-3
1.671000E-7	3.992907E-3
1.671500E-7	4.011749E-3
1.672000E-7	4.078554E-3
1.672500E-7	4.169340E-3
1.673000E-7	4.256701E-3
1.673500E-7	4.347487E-3
1.674000E-7	4.455403E-3
1.674500E-7	4.537625E-3
1.675000E-7	4.580448E-3
1.675500E-7	4.606143E-3
1.676000E-7	4.626698E-3
1.676500E-7	4.614707E-3
1.677000E-7	4.580448E-3
1.677500E-7	4.535912E-3
1.678000E-7	4.474245E-3
1.678500E-7	4.407440E-3
1.679000E-7	4.361191E-3
1.679500E-7	4.321793E-3
1.680000E-7	4.265266E-3
1.680500E-7	4.213877E-3
1.681000E-7	4.181331E-3
1.681500E-7	4.148785E-3
1.682000E-7	4.116239E-3
1.682500E-7	4.109387E-3
1.683000E-7	4.095684E-3
1.683500E-7	4.042582E-3
1.684000E-7	3.984342E-3
1.684500E-7	3.960360E-3
1.685000E-7	3.950083E-3
1.685500E-7	3.926101E-3
1.686000E-7	3.926101E-3
1.686500E-7	3.960360E-3
1.687000E-7	3.989481E-3
1.687500E-7	3.989481E-3
1.688000E-7	4.001471E-3
1.688500E-7	4.030591E-3
1.689000E-7	4.052860E-3
1.689500E-7	4.068276E-3
1.690000E-7	4.088832E-3
1.690500E-7	4.100822E-3
1.691000E-7	4.071702E-3
1.691500E-7	4.027166E-3
1.692000E-7	4.006610E-3
1.692500E-7	3.986055E-3
1.693000E-7	3.939805E-3
1.693500E-7	3.898694E-3
1.694000E-7	3.914111E-3
1.694500E-7	3.946657E-3
1.695000E-7	3.953509E-3
1.695500E-7	3.941518E-3
1.696000E-7	3.944944E-3
1.696500E-7	3.963786E-3
1.697000E-7	3.992907E-3
1.697500E-7	4.039156E-3
1.698000E-7	4.093971E-3
1.698500E-7	4.147072E-3
1.699000E-7	4.189896E-3
1.699500E-7	4.215590E-3
1.700000E-7	4.217303E-3
1.700500E-7	4.205312E-3
1.701000E-7	4.186470E-3
1.701500E-7	4.169340E-3
1.702000E-7	4.171053E-3
1.702500E-7	4.183044E-3
1.703000E-7	4.188183E-3
1.703500E-7	4.201886E-3
1.704000E-7	4.232720E-3
1.704500E-7	4.239571E-3
1.705000E-7	4.198461E-3
1.705500E-7	4.124804E-3
1.706000E-7	4.027166E-3
1.706500E-7	3.902120E-3
1.707000E-7	3.771936E-3
1.707500E-7	3.652029E-3
1.708000E-7	3.544114E-3
1.708500E-7	3.458466E-3
1.709000E-7	3.419068E-3
1.709500E-7	3.429346E-3
1.710000E-7	3.482447E-3
1.710500E-7	3.585224E-3
1.711000E-7	3.725686E-3
1.711500E-7	3.869574E-3
1.712000E-7	4.003184E-3
1.712500E-7	4.119665E-3
1.713000E-7	4.208738E-3
1.713500E-7	4.261840E-3
1.714000E-7	4.285821E-3
1.714500E-7	4.275543E-3
1.715000E-7	4.246423E-3
1.715500E-7	4.212164E-3
1.716000E-7	4.171053E-3
1.716500E-7	4.133368E-3
1.717000E-7	4.105961E-3
1.717500E-7	4.087119E-3
1.718000E-7	4.068276E-3
1.718500E-7	4.054573E-3
1.719000E-7	4.049434E-3
1.719500E-7	4.057999E-3
1.720000E-7	4.085406E-3
1.720500E-7	4.138507E-3
1.721000E-7	4.186470E-3
1.721500E-7	4.220729E-3
1.722000E-7	4.253275E-3
1.722500E-7	4.270404E-3
1.723000E-7	4.249849E-3
1.723500E-7	4.210451E-3
1.724000E-7	4.172766E-3
1.724500E-7	4.133368E-3
1.725000E-7	4.083693E-3
1.725500E-7	4.040869E-3
1.726000E-7	3.989481E-3
1.726500E-7	3.922676E-3
1.727000E-7	3.861009E-3
1.727500E-7	3.797630E-3
1.728000E-7	3.722260E-3
1.728500E-7	3.662307E-3
1.729000E-7	3.638326E-3
1.729500E-7	3.638326E-3
1.730000E-7	3.633187E-3
1.730500E-7	3.629761E-3
1.731000E-7	3.624622E-3
1.731500E-7	3.610919E-3
1.732000E-7	3.590363E-3
1.732500E-7	3.552678E-3
1.733000E-7	3.492725E-3
1.733500E-7	3.439624E-3
1.734000E-7	3.405365E-3
1.734500E-7	3.371106E-3
1.735000E-7	3.335134E-3
1.735500E-7	3.345411E-3
1.736000E-7	3.405365E-3
1.736500E-7	3.494438E-3
1.737000E-7	3.622909E-3
1.737500E-7	3.789065E-3
1.738000E-7	3.972351E-3
1.738500E-7	4.172766E-3
1.739000E-7	4.371468E-3
1.739500E-7	4.522208E-3
1.740000E-7	4.626698E-3
1.740500E-7	4.696929E-3
1.741000E-7	4.700355E-3
1.741500E-7	4.626698E-3
1.742000E-7	4.511930E-3
1.742500E-7	4.378320E-3
1.743000E-7	4.222442E-3
1.743500E-7	4.075128E-3
1.744000E-7	3.958648E-3
1.744500E-7	3.871287E-3
1.745000E-7	3.825037E-3
1.745500E-7	3.842167E-3
1.746000E-7	3.908972E-3
1.746500E-7	4.006610E-3
1.747000E-7	4.117952E-3
1.747500E-7	4.215590E-3
1.748000E-7	4.287534E-3
1.748500E-7	4.337209E-3
1.749000E-7	4.347487E-3
1.749500E-7	4.308089E-3
1.750000E-7	4.234432E-3
1.750500E-7	4.145359E-3
1.751000E-7	4.034017E-3
1.751500E-7	3.926101E-3
1.752000E-7	3.852445E-3
1.752500E-7	3.809621E-3
1.753000E-7	3.782214E-3
1.753500E-7	3.778788E-3
1.754000E-7	3.790778E-3
1.754500E-7	3.789065E-3
1.755000E-7	3.759945E-3
1.755500E-7	3.718835E-3
1.756000E-7	3.672585E-3
1.756500E-7	3.614345E-3
1.757000E-7	3.552678E-3
1.757500E-7	3.496151E-3
1.758000E-7	3.439624E-3
1.758500E-7	3.391661E-3
1.759000E-7	3.369393E-3
1.759500E-7	3.407078E-3
1.760000E-7	3.499577E-3
1.760500E-7	3.628048E-3
1.761000E-7	3.775362E-3
1.761500E-7	3.917537E-3
1.762000E-7	4.040869E-3
1.762500E-7	4.124804E-3
1.763000E-7	4.157350E-3
1.763500E-7	4.136794E-3
1.764000E-7	4.085406E-3
1.764500E-7	4.010036E-3
1.765000E-7	3.926101E-3
1.765500E-7	3.854158E-3
1.766000E-7	3.785640E-3
1.766500E-7	3.729112E-3
1.767000E-7	3.696566E-3
1.767500E-7	3.679437E-3
1.768000E-7	3.669159E-3
1.768500E-7	3.672585E-3
1.769000E-7	3.681150E-3
1.769500E-7	3.664020E-3
1.770000E-7	3.624622E-3
1.770500E-7	3.586937E-3
1.771000E-7	3.566382E-3
1.771500E-7	3.532123E-3
1.772000E-7	3.496151E-3
1.772500E-7	3.480734E-3
1.773000E-7	3.509855E-3
1.773500E-7	3.566382E-3
1.774000E-7	3.626335E-3
1.774500E-7	3.698279E-3
1.775000E-7	3.775362E-3
1.775500E-7	3.840454E-3
1.776000E-7	3.878139E-3
1.776500E-7	3.895268E-3
1.777000E-7	3.886704E-3
1.777500E-7	3.847306E-3
1.778000E-7	3.773649E-3
1.778500E-7	3.665733E-3
1.779000E-7	3.538975E-3
1.779500E-7	3.415642E-3
1.780000E-7	3.309439E-3
1.780500E-7	3.220366E-3
1.781000E-7	3.156987E-3
1.781500E-7	3.121015E-3
1.782000E-7	3.110737E-3
1.782500E-7	3.136432E-3
1.783000E-7	3.210088E-3
1.783500E-7	3.324856E-3
1.784000E-7	3.484160E-3
1.784500E-7	3.674298E-3
1.785000E-7	3.854158E-3
1.785500E-7	4.003184E-3
1.786000E-7	4.124804E-3
1.786500E-7	4.213877E-3
1.787000E-7	4.263553E-3
1.787500E-7	4.284108E-3
1.788000E-7	4.275543E-3
1.788500E-7	4.225868E-3
1.789000E-7	4.153924E-3
1.789500E-7	4.081980E-3
1.790000E-7	4.003184E-3
1.790500E-7	3.922676E-3
1.791000E-7	3.869574E-3
1.791500E-7	3.842167E-3
1.792000E-7	3.840454E-3
1.792500E-7	3.873000E-3
1.793000E-7	3.938092E-3
1.793500E-7	3.992907E-3
1.794000E-7	4.027166E-3
1.794500E-7	4.054573E-3
1.795000E-7	4.064850E-3
1.795500E-7	4.032304E-3
1.796000E-7	3.974064E-3
1.796500E-7	3.896981E-3
1.797000E-7	3.797630E-3
1.797500E-7	3.689714E-3
1.798000E-7	3.604067E-3
1.798500E-7	3.532123E-3
1.799000E-7	3.470457E-3
1.799500E-7	3.419068E-3
1.800000E-7	3.391661E-3
1.800500E-7	3.386522E-3
1.801000E-7	3.400226E-3
1.801500E-7	3.425920E-3
1.802000E-7	3.463605E-3
1.802500E-7	3.523558E-3
1.803000E-7	3.588650E-3
1.803500E-7	3.636613E-3
1.804000E-7	3.682863E-3
1.804500E-7	3.734251E-3
1.805000E-7	3.770223E-3
1.805500E-7	3.785640E-3
1.806000E-7	3.795917E-3
1.806500E-7	3.789065E-3
1.807000E-7	3.768510E-3
1.807500E-7	3.770223E-3
1.808000E-7	3.785640E-3
1.808500E-7	3.778788E-3
1.809000E-7	3.761658E-3
1.809500E-7	3.765084E-3
1.810000E-7	3.787353E-3
1.810500E-7	3.814760E-3
1.811000E-7	3.857583E-3
1.811500E-7	3.926101E-3
1.812000E-7	4.004897E-3
1.812500E-7	4.071702E-3
1.813000E-7	4.128230E-3
1.813500E-7	4.183044E-3
1.814000E-7	4.244710E-3
1.814500E-7	4.290960E-3
1.815000E-7	4.309802E-3
1.815500E-7	4.289247E-3
1.816000E-7	4.241284E-3
1.816500E-7	4.183044E-3
1.817000E-7	4.128230E-3
1.817500E-7	4.061425E-3
1.818000E-7	3.970638E-3
1.818500E-7	3.862722E-3
1.819000E-7	3.778788E-3
1.819500E-7	3.715409E-3
1.820000E-7	3.645178E-3
1.820500E-7	3.574947E-3
1.821000E-7	3.528697E-3
1.821500E-7	3.503003E-3
1.822000E-7	3.465318E-3
1.822500E-7	3.444763E-3
1.823000E-7	3.458466E-3
1.823500E-7	3.477309E-3
1.824000E-7	3.491012E-3
1.824500E-7	3.528697E-3
1.825000E-7	3.593789E-3
1.825500E-7	3.655455E-3
1.826000E-7	3.715409E-3
1.826500E-7	3.787353E-3
1.827000E-7	3.854158E-3
1.827500E-7	3.881565E-3
1.828000E-7	3.886704E-3
1.828500E-7	3.881565E-3
1.829000E-7	3.840454E-3
1.829500E-7	3.746242E-3
1.830000E-7	3.636613E-3
1.830500E-7	3.549252E-3
1.831000E-7	3.470457E-3
1.831500E-7	3.401939E-3
1.832000E-7	3.357402E-3
1.832500E-7	3.335134E-3
1.833000E-7	3.328282E-3
1.833500E-7	3.345411E-3
1.834000E-7	3.369393E-3
1.834500E-7	3.381383E-3
1.835000E-7	3.377957E-3
1.835500E-7	3.331708E-3
1.836000E-7	3.222079E-3
1.836500E-7	3.079904E-3
1.837000E-7	2.936016E-3
1.837500E-7	2.798980E-3
1.838000E-7	2.699629E-3
1.838500E-7	2.665370E-3
1.839000E-7	2.670509E-3
1.839500E-7	2.703055E-3
1.840000E-7	2.800693E-3
1.840500E-7	2.958285E-3
1.841000E-7	3.124441E-3
1.841500E-7	3.282032E-3
1.842000E-7	3.439624E-3
1.842500E-7	3.590363E-3
1.843000E-7	3.701705E-3
1.843500E-7	3.758232E-3
1.844000E-7	3.770223E-3
1.844500E-7	3.771936E-3
1.845000E-7	3.778788E-3
1.845500E-7	3.777075E-3
1.846000E-7	3.778788E-3
1.846500E-7	3.816473E-3
1.847000E-7	3.896981E-3
1.847500E-7	3.984342E-3
1.848000E-7	4.042582E-3
1.848500E-7	4.068276E-3
1.849000E-7	4.064850E-3
1.849500E-7	4.023740E-3
1.850000E-7	3.938092E-3
1.850500E-7	3.811334E-3
1.851000E-7	3.662307E-3
1.851500E-7	3.523558E-3
1.852000E-7	3.427633E-3
1.852500E-7	3.362541E-3
1.853000E-7	3.321430E-3
1.853500E-7	3.331708E-3
1.854000E-7	3.389948E-3
1.854500E-7	3.467031E-3
1.855000E-7	3.549252E-3
1.855500E-7	3.634900E-3
1.856000E-7	3.696566E-3
1.856500E-7	3.717122E-3
1.857000E-7	3.691427E-3
1.857500E-7	3.619483E-3
1.858000E-7	3.523558E-3
1.858500E-7	3.432772E-3
1.859000E-7	3.350550E-3
1.859500E-7	3.264903E-3
1.860000E-7	3.204950E-3
1.860500E-7	3.194672E-3
1.861000E-7	3.218653E-3
1.861500E-7	3.270042E-3
1.862000E-7	3.357402E-3
1.862500E-7	3.468744E-3
1.863000E-7	3.583511E-3
1.863500E-7	3.694853E-3
1.864000E-7	3.792491E-3
1.864500E-7	3.876426E-3
1.865000E-7	3.944944E-3
1.865500E-7	3.991194E-3
1.866000E-7	3.994619E-3
1.866500E-7	3.968925E-3
1.867000E-7	3.914111E-3
1.867500E-7	3.826750E-3
1.868000E-7	3.717122E-3
1.868500E-7	3.595502E-3
1.869000E-7	3.465318E-3
1.869500E-7	3.359115E-3
1.870000E-7	3.307727E-3
1.870500E-7	3.300875E-3
1.871000E-7	3.331708E-3
1.871500E-7	3.398513E-3
1.872000E-7	3.484160E-3
1.872500E-7	3.571521E-3
1.873000E-7	3.648604E-3
1.873500E-7	3.688001E-3
1.874000E-7	3.674298E-3
1.874500E-7	3.617770E-3
1.875000E-7	3.542401E-3
1.875500E-7	3.429346E-3
1.876000E-7	3.283745E-3
1.876500E-7	3.131293E-3
1.877000E-7	3.002821E-3
1.877500E-7	2.912035E-3
1.878000E-7	2.862359E-3
1.878500E-7	2.865785E-3
1.879000E-7	2.917174E-3
1.879500E-7	2.992544E-3
1.880000E-7	3.085043E-3
1.880500E-7	3.177542E-3
1.881000E-7	3.261477E-3
1.881500E-7	3.323143E-3
1.882000E-7	3.372819E-3
1.882500E-7	3.393374E-3
1.883000E-7	3.372819E-3
1.883500E-7	3.329995E-3
1.884000E-7	3.278606E-3
1.884500E-7	3.199811E-3
1.885000E-7	3.090182E-3
1.885500E-7	2.980553E-3
1.886000E-7	2.884628E-3
1.886500E-7	2.804119E-3
1.887000E-7	2.757870E-3
1.887500E-7	2.742453E-3
1.888000E-7	2.751018E-3
1.888500E-7	2.783564E-3
1.889000E-7	2.838378E-3
1.889500E-7	2.900044E-3
1.890000E-7	2.956572E-3
1.890500E-7	3.025090E-3
1.891000E-7	3.098747E-3
1.891500E-7	3.162126E-3
1.892000E-7	3.216940E-3
1.892500E-7	3.280319E-3
1.893000E-7	3.347124E-3
1.893500E-7	3.386522E-3
1.894000E-7	3.412216E-3
1.894500E-7	3.443050E-3
1.895000E-7	3.479022E-3
1.895500E-7	3.496151E-3
1.896000E-7	3.497864E-3
1.896500E-7	3.492725E-3
1.897000E-7	3.460179E-3
1.897500E-7	3.384809E-3
1.898000E-7	3.285458E-3
1.898500E-7	3.184394E-3
1.899000E-7	3.090182E-3
1.899500E-7	3.007960E-3
1.900000E-7	2.942868E-3
1.900500E-7	2.896618E-3
1.901000E-7	2.872637E-3
1.901500E-7	2.870924E-3
1.902000E-7	2.891480E-3
1.902500E-7	2.930877E-3
1.903000E-7	2.973701E-3
1.903500E-7	3.009673E-3
1.904000E-7	3.047358E-3
1.904500E-7	3.083330E-3
1.905000E-7	3.100460E-3
1.905500E-7	3.105598E-3
1.906000E-7	3.110737E-3
1.906500E-7	3.098747E-3
1.907000E-7	3.071339E-3
1.907500E-7	3.043932E-3
1.908000E-7	3.018238E-3
1.908500E-7	2.995970E-3
1.909000E-7	2.992544E-3
1.909500E-7	2.997683E-3
1.910000E-7	2.995970E-3
1.910500E-7	2.995970E-3
1.911000E-7	2.997683E-3
1.911500E-7	2.983979E-3
1.912000E-7	2.956572E-3
1.912500E-7	2.929165E-3
1.913000E-7	2.910322E-3
1.913500E-7	2.917174E-3
1.914000E-7	2.948007E-3
1.914500E-7	2.983979E-3
1.915000E-7	3.023377E-3
1.915500E-7	3.091895E-3
1.916000E-7	3.179255E-3
1.916500E-7	3.244347E-3
1.917000E-7	3.278606E-3
1.917500E-7	3.285458E-3
1.918000E-7	3.261477E-3
1.918500E-7	3.201524E-3
1.919000E-7	3.109024E-3
1.919500E-7	2.985692E-3
1.920000E-7	2.843517E-3
1.920500E-7	2.708194E-3
1.921000E-7	2.588287E-3
1.921500E-7	2.492362E-3
1.922000E-7	2.437548E-3
1.922500E-7	2.415280E-3
1.923000E-7	2.422131E-3
1.923500E-7	2.470094E-3
1.924000E-7	2.571158E-3
1.924500E-7	2.699629E-3
1.925000E-7	2.845230E-3
1.925500E-7	3.002821E-3
1.926000E-7	3.151848E-3
1.926500E-7	3.271755E-3
1.927000E-7	3.367680E-3
1.927500E-7	3.437911E-3
1.928000E-7	3.458466E-3
1.928500E-7	3.432772E-3
1.929000E-7	3.362541E-3
1.929500E-7	3.242634E-3
1.930000E-7	3.086756E-3
1.930500E-7	2.901757E-3
1.931000E-7	2.701342E-3
1.931500E-7	2.507779E-3
1.932000E-7	2.358752E-3
1.932500E-7	2.255975E-3
1.933000E-7	2.213151E-3
1.933500E-7	2.245697E-3
1.934000E-7	2.336484E-3
1.934500E-7	2.452964E-3
1.935000E-7	2.600278E-3
1.935500E-7	2.769860E-3
1.936000E-7	2.922313E-3
1.936500E-7	3.038793E-3
1.937000E-7	3.129580E-3
1.937500E-7	3.186107E-3
1.938000E-7	3.194672E-3
1.938500E-7	3.170691E-3
1.939000E-7	3.144996E-3
1.939500E-7	3.107311E-3
1.940000E-7	3.057636E-3
1.940500E-7	3.011386E-3
1.941000E-7	2.978840E-3
1.941500E-7	2.936016E-3
1.942000E-7	2.884628E-3
1.942500E-7	2.846943E-3
1.943000E-7	2.819536E-3
1.943500E-7	2.780138E-3
1.944000E-7	2.737314E-3
1.944500E-7	2.692777E-3
1.945000E-7	2.641389E-3
1.945500E-7	2.598565E-3
1.946000E-7	2.583149E-3
1.946500E-7	2.588287E-3
1.947000E-7	2.591713E-3
1.947500E-7	2.600278E-3
1.948000E-7	2.641389E-3
1.948500E-7	2.715046E-3
1.949000E-7	2.792129E-3
1.949500E-7	2.860647E-3
1.950000E-7	2.924026E-3
1.950500E-7	2.965136E-3
1.951000E-7	2.975414E-3
1.951500E-7	2.970275E-3
1.952000E-7	2.963424E-3
1.952500E-7	2.942868E-3
1.953000E-7	2.901757E-3
1.953500E-7	2.838378E-3
1.954000E-7	2.768147E-3
1.954500E-7	2.692777E-3
1.955000E-7	2.619121E-3
1.955500E-7	2.552316E-3
1.956000E-7	2.516344E-3
1.956500E-7	2.518057E-3
1.957000E-7	2.536899E-3
1.957500E-7	2.564306E-3
1.958000E-7	2.622546E-3
1.958500E-7	2.697916E-3
1.959000E-7	2.773286E-3
1.959500E-7	2.848656E-3
1.960000E-7	2.922313E-3
1.960500E-7	2.982266E-3
1.961000E-7	3.025090E-3
1.961500E-7	3.040506E-3
1.962000E-7	3.028516E-3
1.962500E-7	2.997683E-3
1.963000E-7	2.953146E-3
1.963500E-7	2.898331E-3
1.964000E-7	2.846943E-3
1.964500E-7	2.807545E-3
1.965000E-7	2.756157E-3
1.965500E-7	2.682500E-3
1.966000E-7	2.612269E-3
1.966500E-7	2.554028E-3
1.967000E-7	2.499214E-3
1.967500E-7	2.459816E-3
1.968000E-7	2.446113E-3
1.968500E-7	2.452964E-3
1.969000E-7	2.454677E-3
1.969500E-7	2.449539E-3
1.970000E-7	2.468381E-3
1.970500E-7	2.526621E-3
1.971000E-7	2.593426E-3
1.971500E-7	2.656805E-3
1.972000E-7	2.727036E-3
1.972500E-7	2.798980E-3
1.973000E-7	2.860647E-3
1.973500E-7	2.915461E-3
1.974000E-7	2.977127E-3
1.974500E-7	3.045645E-3
1.975000E-7	3.122728E-3
1.975500E-7	3.216940E-3
1.976000E-7	3.318004E-3
1.976500E-7	3.395087E-3
1.977000E-7	3.446475E-3
1.977500E-7	3.473883E-3
1.978000E-7	3.465318E-3
1.978500E-7	3.388235E-3
1.979000E-7	3.261477E-3
1.979500E-7	3.114163E-3
1.980000E-7	2.948007E-3
1.980500E-7	2.754444E-3
1.981000E-7	2.576297E-3
1.981500E-7	2.461529E-3
1.982000E-7	2.408428E-3
1.982500E-7	2.406715E-3
1.983000E-7	2.456390E-3
1.983500E-7	2.543751E-3
1.984000E-7	2.651667E-3
1.984500E-7	2.774999E-3
1.985000E-7	2.898331E-3
1.985500E-7	2.989118E-3
1.986000E-7	3.031942E-3
1.986500E-7	3.035367E-3
1.987000E-7	3.007960E-3
1.987500E-7	2.939442E-3
1.988000E-7	2.831526E-3
1.988500E-7	2.727036E-3
1.989000E-7	2.656805E-3
1.989500E-7	2.613982E-3
1.990000E-7	2.596852E-3
1.990500E-7	2.605417E-3
1.991000E-7	2.627685E-3
1.991500E-7	2.655093E-3
1.992000E-7	2.694490E-3
1.992500E-7	2.732175E-3
1.993000E-7	2.745879E-3
1.993500E-7	2.761295E-3
1.994000E-7	2.785277E-3
1.994500E-7	2.788703E-3
1.995000E-7	2.756157E-3
1.995500E-7	2.716759E-3
1.996000E-7	2.682500E-3
1.996500E-7	2.636250E-3
1.997000E-7	2.603704E-3
1.997500E-7	2.593426E-3
1.998000E-7	2.598565E-3
1.998500E-7	2.607130E-3
1.999000E-7	2.624259E-3
1.999500E-7	2.643102E-3
2.000000E-7	2.672222E-3
