Study Name	PremaTech_CVD_SiC_HeandSi
Sample Name	2025-10-31
Run Name	spot04
Operator	Keshav
Date	10/31/2025
Time	17:43
Sign	FIX
Grating Spacing	06.40um
Channel	3
Number Traces	10000
Files in Batch	1
Batch Number	15
dt	50.000001E-12
time stamp (ms)	5:59:00 PM
	
Time	Amplitude
0.000000E+0	2.346941E-4
5.000000E-11	2.569625E-4
1.000000E-10	3.032121E-4
1.500000E-10	3.186287E-4
2.000000E-10	2.912215E-4
2.500000E-10	2.432589E-4
3.000000E-10	1.850186E-4
3.500000E-10	1.079358E-4
4.000000E-10	2.742716E-5
4.500000E-10	-2.396134E-5
5.000000E-10	-5.136854E-5
5.500000E-10	-6.164624E-5
6.000000E-10	-3.595199E-5
6.500000E-10	1.543651E-5
7.000000E-10	7.196386E-5
7.500000E-10	1.404819E-4
8.000000E-10	2.295553E-4
8.500000E-10	3.032121E-4
9.000000E-10	3.289064E-4
9.500000E-10	3.014992E-4
1.000000E-9	2.141387E-4
1.050000E-9	7.710271E-5
1.100000E-9	-6.507214E-5
1.150000E-9	-1.747009E-4
1.200000E-9	-2.586355E-4
1.250000E-9	-3.100240E-4
1.300000E-9	-3.220147E-4
1.350000E-9	-2.946075E-4
1.400000E-9	-2.175247E-4
1.450000E-9	-9.076639E-5
1.500000E-9	5.826026E-5
1.550000E-9	2.038610E-4
1.600000E-9	3.306193E-4
1.650000E-9	4.008503E-4
1.700000E-9	3.991373E-4
1.750000E-9	3.477488E-4
1.800000E-9	2.792308E-4
1.850000E-9	1.970092E-4
1.900000E-9	1.096488E-4
1.950000E-9	2.400126E-5
2.000000E-9	-6.335919E-5
2.050000E-9	-1.353031E-4
2.100000E-9	-1.661362E-4
2.150000E-9	-1.747009E-4
2.200000E-9	-1.781268E-4
2.250000E-9	-1.575714E-4
2.300000E-9	-1.215995E-4
2.350000E-9	-9.247934E-5
2.400000E-9	-7.534984E-5
2.450000E-9	-6.164624E-5
2.500000E-9	-4.109084E-5
2.550000E-9	-5.118892E-6
2.600000E-9	4.455666E-5
2.650000E-9	8.224156E-5
2.700000E-9	1.027970E-4
2.750000E-9	1.216394E-4
2.800000E-9	1.319171E-4
2.850000E-9	1.404819E-4
2.900000E-9	1.507596E-4
2.950000E-9	1.524725E-4
3.000000E-9	1.250653E-4
3.050000E-9	9.594516E-5
3.100000E-9	8.738041E-5
3.150000E-9	7.196386E-5
3.200000E-9	3.770486E-5
3.250000E-9	5.158808E-6
3.300000E-9	-1.368364E-5
3.350000E-9	-3.937789E-5
3.400000E-9	-6.849804E-5
3.450000E-9	-9.933115E-5
3.500000E-9	-1.181736E-4
3.550000E-9	-1.078959E-4
3.600000E-9	-8.734049E-5
3.650000E-9	-8.048869E-5
3.700000E-9	-8.220164E-5
3.750000E-9	-7.021099E-5
3.800000E-9	-3.937789E-5
3.850000E-9	-1.882249E-5
3.900000E-9	-2.567429E-5
3.950000E-9	-3.081314E-5
4.000000E-9	-2.567429E-5
4.050000E-9	-2.396134E-5
4.100000E-9	-4.109084E-5
4.150000E-9	-4.794264E-5
4.200000E-9	-2.224839E-5
4.250000E-9	2.057536E-5
4.300000E-9	6.511206E-5
4.350000E-9	1.284912E-4
4.400000E-9	2.346941E-4
4.450000E-9	3.802949E-4
4.500000E-9	5.395992E-4
4.550000E-9	6.817741E-4
4.600000E-9	7.914029E-4
4.650000E-9	8.564950E-4
4.700000E-9	8.650597E-4
4.750000E-9	8.051065E-4
4.800000E-9	6.834870E-4
4.850000E-9	5.241827E-4
4.900000E-9	3.494618E-4
4.950000E-9	1.610373E-4
5.000000E-9	-4.280379E-5
5.050000E-9	-2.226635E-4
5.100000E-9	-3.391442E-4
5.150000E-9	-3.905327E-4
5.200000E-9	-3.905327E-4
5.250000E-9	-3.459960E-4
5.300000E-9	-2.637744E-4
5.350000E-9	-1.798398E-4
5.400000E-9	-9.933115E-5
5.450000E-9	-2.738724E-5
5.500000E-9	1.886241E-5
5.550000E-9	1.543651E-5
5.600000E-9	-1.882249E-5
5.650000E-9	-6.507214E-5
5.700000E-9	-1.284513E-4
5.750000E-9	-1.986822E-4
5.800000E-9	-2.380801E-4
5.850000E-9	-2.672003E-4
5.900000E-9	-3.083111E-4
5.950000E-9	-3.425701E-4
6.000000E-9	-3.459960E-4
6.050000E-9	-3.305794E-4
6.100000E-9	-2.997463E-4
6.150000E-9	-2.295153E-4
6.200000E-9	-1.318772E-4
6.250000E-9	-4.451674E-5
6.300000E-9	1.714946E-5
6.350000E-9	7.367681E-5
6.400000E-9	1.216394E-4
6.450000E-9	1.370560E-4
6.500000E-9	1.199265E-4
6.550000E-9	8.224156E-5
6.600000E-9	5.140846E-5
6.650000E-9	1.714946E-5
6.700000E-9	-3.595199E-5
6.750000E-9	-8.048869E-5
6.800000E-9	-8.048869E-5
6.850000E-9	-5.822034E-5
6.900000E-9	-4.794264E-5
6.950000E-9	-3.081314E-5
7.000000E-9	1.372356E-5
7.050000E-9	6.853796E-5
7.100000E-9	1.267783E-4
7.150000E-9	1.867315E-4
7.200000E-9	2.483977E-4
7.250000E-9	2.946474E-4
7.300000E-9	3.323323E-4
7.350000E-9	3.546006E-4
7.400000E-9	3.408970E-4
7.450000E-9	2.912215E-4
7.500000E-9	2.227035E-4
7.550000E-9	1.541855E-4
7.600000E-9	9.251926E-5
7.650000E-9	3.599191E-5
7.700000E-9	-1.882249E-5
7.750000E-9	-5.650739E-5
7.800000E-9	-7.534984E-5
7.850000E-9	-9.076639E-5
7.900000E-9	-1.250254E-4
7.950000E-9	-1.627103E-4
8.000000E-9	-1.798398E-4
8.050000E-9	-2.021081E-4
8.100000E-9	-2.569225E-4
8.150000E-9	-3.288665E-4
8.200000E-9	-3.648384E-4
8.250000E-9	-3.699773E-4
8.300000E-9	-3.528478E-4
8.350000E-9	-3.117370E-4
8.400000E-9	-2.329412E-4
8.450000E-9	-1.318772E-4
8.500000E-9	-2.396134E-5
8.550000E-9	1.096488E-4
8.600000E-9	2.672402E-4
8.650000E-9	4.351093E-4
8.700000E-9	5.892748E-4
8.750000E-9	7.194590E-4
8.800000E-9	8.170971E-4
8.850000E-9	8.719115E-4
8.900000E-9	8.650597E-4
8.950000E-9	8.016806E-4
9.000000E-9	6.971906E-4
9.050000E-9	5.807100E-4
9.100000E-9	4.470999E-4
9.150000E-9	2.963603E-4
9.200000E-9	1.490466E-4
9.250000E-9	3.256601E-5
9.300000E-9	-5.479444E-5
9.350000E-9	-1.027570E-4
9.400000E-9	-1.061829E-4
9.450000E-9	-4.794264E-5
9.500000E-9	6.168616E-5
9.550000E-9	1.901574E-4
9.600000E-9	3.100639E-4
9.650000E-9	4.145539E-4
9.700000E-9	4.813589E-4
9.750000E-9	4.847848E-4
9.800000E-9	3.974244E-4
9.850000E-9	2.621013E-4
9.900000E-9	1.267783E-4
9.950000E-9	-2.738724E-5
1.000000E-8	-2.278024E-4
1.005000E-8	-4.299305E-4
1.010000E-8	-5.806701E-4
1.015000E-8	-6.868730E-4
1.020000E-8	-7.536781E-4
1.025000E-8	-7.656687E-4
1.030000E-8	-7.331227E-4
1.035000E-8	-6.714565E-4
1.040000E-8	-5.840960E-4
1.045000E-8	-4.830320E-4
1.050000E-8	-3.802550E-4
1.055000E-8	-2.809039E-4
1.060000E-8	-1.849786E-4
1.065000E-8	-1.010441E-4
1.070000E-8	-3.081314E-5
1.075000E-8	2.742716E-5
1.080000E-8	7.538976E-5
1.085000E-8	1.096488E-4
1.090000E-8	1.370560E-4
1.095000E-8	1.713150E-4
1.100000E-8	1.867315E-4
1.105000E-8	1.678891E-4
1.110000E-8	1.507596E-4
1.115000E-8	1.576114E-4
1.120000E-8	1.644632E-4
1.125000E-8	1.644632E-4
1.130000E-8	1.815927E-4
1.135000E-8	1.850186E-4
1.140000E-8	1.627502E-4
1.145000E-8	1.267783E-4
1.150000E-8	8.395451E-5
1.155000E-8	3.941781E-5
1.160000E-8	1.995795E-8
1.165000E-8	-4.280379E-5
1.170000E-8	-1.113218E-4
1.175000E-8	-1.695621E-4
1.180000E-8	-2.123858E-4
1.185000E-8	-2.483578E-4
1.190000E-8	-2.552096E-4
1.195000E-8	-2.003952E-4
1.200000E-8	-1.130347E-4
1.205000E-8	-1.197069E-5
1.210000E-8	1.062229E-4
1.215000E-8	2.107128E-4
1.220000E-8	2.826567E-4
1.225000E-8	3.391841E-4
1.230000E-8	3.837208E-4
1.235000E-8	3.785819E-4
1.240000E-8	3.340452E-4
1.245000E-8	2.672402E-4
1.250000E-8	1.593243E-4
1.255000E-8	3.427896E-5
1.260000E-8	-5.822034E-5
1.265000E-8	-1.301642E-4
1.270000E-8	-1.901175E-4
1.275000E-8	-2.226635E-4
1.280000E-8	-2.106729E-4
1.285000E-8	-1.781268E-4
1.290000E-8	-1.370160E-4
1.295000E-8	-7.877574E-5
1.300000E-8	6.871758E-6
1.305000E-8	9.251926E-5
1.310000E-8	1.456207E-4
1.315000E-8	1.730279E-4
1.320000E-8	2.209905E-4
1.325000E-8	2.809438E-4
1.330000E-8	3.100639E-4
1.335000E-8	3.169157E-4
1.340000E-8	3.169157E-4
1.345000E-8	2.929344E-4
1.350000E-8	2.364071E-4
1.355000E-8	1.576114E-4
1.360000E-8	5.654731E-5
1.365000E-8	-5.479444E-5
1.370000E-8	-1.472937E-4
1.375000E-8	-2.260894E-4
1.380000E-8	-3.134499E-4
1.385000E-8	-3.819679E-4
1.390000E-8	-4.179399E-4
1.395000E-8	-4.282176E-4
1.400000E-8	-4.196528E-4
1.405000E-8	-3.562737E-4
1.410000E-8	-2.432189E-4
1.415000E-8	-1.404419E-4
1.420000E-8	-7.021099E-5
1.425000E-8	1.732908E-6
1.430000E-8	7.538976E-5
1.435000E-8	1.370560E-4
1.440000E-8	2.055740E-4
1.445000E-8	2.586754E-4
1.450000E-8	2.621013E-4
1.455000E-8	2.432589E-4
1.460000E-8	2.312682E-4
1.465000E-8	1.815927E-4
1.470000E-8	8.566746E-5
1.475000E-8	-3.405942E-6
1.480000E-8	-4.965559E-5
1.485000E-8	-4.622969E-5
1.490000E-8	1.995795E-8
1.495000E-8	6.339911E-5
1.500000E-8	1.147876E-4
1.505000E-8	1.730279E-4
1.510000E-8	2.483977E-4
1.515000E-8	3.357582E-4
1.520000E-8	4.248316E-4
1.525000E-8	5.036273E-4
1.530000E-8	5.395992E-4
1.535000E-8	5.276086E-4
1.540000E-8	4.864978E-4
1.545000E-8	4.025632E-4
1.550000E-8	2.569625E-4
1.555000E-8	1.010840E-4
1.560000E-8	5.158808E-6
1.565000E-8	-3.252609E-5
1.570000E-8	-5.308149E-5
1.575000E-8	-6.849804E-5
1.580000E-8	-6.849804E-5
1.585000E-8	-1.882249E-5
1.590000E-8	9.594516E-5
1.595000E-8	2.089999E-4
1.600000E-8	2.466848E-4
1.605000E-8	2.398330E-4
1.610000E-8	2.621013E-4
1.615000E-8	2.929344E-4
1.620000E-8	2.740920E-4
1.625000E-8	2.089999E-4
1.630000E-8	1.387689E-4
1.635000E-8	7.710271E-5
1.640000E-8	1.886241E-5
1.645000E-8	-7.363689E-5
1.650000E-8	-1.918304E-4
1.655000E-8	-2.654873E-4
1.660000E-8	-2.569225E-4
1.665000E-8	-2.483578E-4
1.670000E-8	-2.637744E-4
1.675000E-8	-2.363671E-4
1.680000E-8	-1.918304E-4
1.685000E-8	-2.175247E-4
1.690000E-8	-2.483578E-4
1.695000E-8	-2.055340E-4
1.700000E-8	-1.353031E-4
1.705000E-8	-1.181736E-4
1.710000E-8	-1.078959E-4
1.715000E-8	-7.192394E-5
1.720000E-8	-2.567429E-5
1.725000E-8	1.372356E-5
1.730000E-8	4.113076E-5
1.735000E-8	4.455666E-5
1.740000E-8	3.427896E-5
1.745000E-8	3.770486E-5
1.750000E-8	3.427896E-5
1.755000E-8	1.372356E-5
1.760000E-8	8.584708E-6
1.765000E-8	1.714946E-5
1.770000E-8	1.886241E-5
1.775000E-8	3.085306E-5
1.780000E-8	6.682501E-5
1.785000E-8	1.267783E-4
1.790000E-8	2.655272E-4
1.795000E-8	5.361733E-4
1.800000E-8	9.661238E-4
1.805000E-8	1.618758E-3
1.810000E-8	2.615695E-3
1.815000E-8	4.018601E-3
1.820000E-8	5.844606E-3
1.825000E-8	8.138246E-3
1.830000E-8	1.089610E-2
1.835000E-8	1.402737E-2
1.840000E-8	1.746868E-2
1.845000E-8	2.116352E-2
1.850000E-8	2.491317E-2
1.855000E-8	2.854633E-2
1.860000E-8	3.205617E-2
1.865000E-8	3.540670E-2
1.870000E-8	3.848487E-2
1.875000E-8	4.125471E-2
1.880000E-8	4.374534E-2
1.885000E-8	4.595676E-2
1.890000E-8	4.782216E-2
1.895000E-8	4.932956E-2
1.900000E-8	5.044126E-2
1.905000E-8	5.107163E-2
1.910000E-8	5.120181E-2
1.915000E-8	5.092603E-2
1.920000E-8	5.032649E-2
1.925000E-8	4.949057E-2
1.930000E-8	4.852789E-2
1.935000E-8	4.752411E-2
1.940000E-8	4.651860E-2
1.945000E-8	4.558162E-2
1.950000E-8	4.475598E-2
1.955000E-8	4.399885E-2
1.960000E-8	4.329655E-2
1.965000E-8	4.270558E-2
1.970000E-8	4.223966E-2
1.975000E-8	4.182170E-2
1.980000E-8	4.141744E-2
1.985000E-8	4.100804E-2
1.990000E-8	4.052499E-2
1.995000E-8	3.990319E-2
2.000000E-8	3.917005E-2
2.005000E-8	3.840436E-2
2.010000E-8	3.760613E-2
2.015000E-8	3.673595E-2
2.020000E-8	3.582466E-2
2.025000E-8	3.497161E-2
2.030000E-8	3.425731E-2
2.035000E-8	3.370574E-2
2.040000E-8	3.335972E-2
2.045000E-8	3.324838E-2
2.050000E-8	3.331690E-2
2.055000E-8	3.350875E-2
2.060000E-8	3.378282E-2
2.065000E-8	3.410999E-2
2.070000E-8	3.442346E-2
2.075000E-8	3.468041E-2
2.080000E-8	3.484485E-2
2.085000E-8	3.485170E-2
2.090000E-8	3.466499E-2
2.095000E-8	3.436009E-2
2.100000E-8	3.402263E-2
2.105000E-8	3.366805E-2
2.110000E-8	3.326208E-2
2.115000E-8	3.279616E-2
2.120000E-8	3.235251E-2
2.125000E-8	3.202705E-2
2.130000E-8	3.186432E-2
2.135000E-8	3.183520E-2
2.140000E-8	3.190371E-2
2.145000E-8	3.210927E-2
2.150000E-8	3.245871E-2
2.155000E-8	3.283556E-2
2.160000E-8	3.315759E-2
2.165000E-8	3.344366E-2
2.170000E-8	3.365606E-2
2.175000E-8	3.370403E-2
2.180000E-8	3.357213E-2
2.185000E-8	3.333403E-2
2.190000E-8	3.297088E-2
2.195000E-8	3.246556E-2
2.200000E-8	3.188145E-2
2.205000E-8	3.129904E-2
2.210000E-8	3.077488E-2
2.215000E-8	3.034150E-2
2.220000E-8	3.001262E-2
2.225000E-8	2.982077E-2
2.230000E-8	2.980192E-2
2.235000E-8	2.994753E-2
2.240000E-8	3.020789E-2
2.245000E-8	3.055562E-2
2.250000E-8	3.093590E-2
2.255000E-8	3.129048E-2
2.260000E-8	3.160909E-2
2.265000E-8	3.186603E-2
2.270000E-8	3.199621E-2
2.275000E-8	3.197737E-2
2.280000E-8	3.181807E-2
2.285000E-8	3.151830E-2
2.290000E-8	3.107465E-2
2.295000E-8	3.055048E-2
2.300000E-8	3.004859E-2
2.305000E-8	2.962720E-2
2.310000E-8	2.926063E-2
2.315000E-8	2.893689E-2
2.320000E-8	2.870221E-2
2.325000E-8	2.863541E-2
2.330000E-8	2.876730E-2
2.335000E-8	2.904651E-2
2.340000E-8	2.939082E-2
2.345000E-8	2.977109E-2
2.350000E-8	3.020961E-2
2.355000E-8	3.066011E-2
2.360000E-8	3.100613E-2
2.365000E-8	3.116372E-2
2.370000E-8	3.118428E-2
2.375000E-8	3.109349E-2
2.380000E-8	3.087252E-2
2.385000E-8	3.054021E-2
2.390000E-8	3.012910E-2
2.395000E-8	2.964605E-2
2.400000E-8	2.909962E-2
2.405000E-8	2.856346E-2
2.410000E-8	2.811467E-2
2.415000E-8	2.776523E-2
2.420000E-8	2.752370E-2
2.425000E-8	2.742778E-2
2.430000E-8	2.748602E-2
2.435000E-8	2.765046E-2
2.440000E-8	2.789199E-2
2.445000E-8	2.820717E-2
2.450000E-8	2.853777E-2
2.455000E-8	2.881355E-2
2.460000E-8	2.899855E-2
2.465000E-8	2.908420E-2
2.470000E-8	2.901397E-2
2.475000E-8	2.879642E-2
2.480000E-8	2.848638E-2
2.485000E-8	2.811981E-2
2.490000E-8	2.769671E-2
2.495000E-8	2.724449E-2
2.500000E-8	2.680940E-2
2.505000E-8	2.643940E-2
2.510000E-8	2.620644E-2
2.515000E-8	2.616362E-2
2.520000E-8	2.629723E-2
2.525000E-8	2.657987E-2
2.530000E-8	2.700468E-2
2.535000E-8	2.753398E-2
2.540000E-8	2.806842E-2
2.545000E-8	2.856004E-2
2.550000E-8	2.901397E-2
2.555000E-8	2.939424E-2
2.560000E-8	2.963748E-2
2.565000E-8	2.974711E-2
2.570000E-8	2.974882E-2
2.575000E-8	2.964947E-2
2.580000E-8	2.942850E-2
2.585000E-8	2.913730E-2
2.590000E-8	2.885295E-2
2.595000E-8	2.858744E-2
2.600000E-8	2.832536E-2
2.605000E-8	2.810953E-2
2.610000E-8	2.798791E-2
2.615000E-8	2.795023E-2
2.620000E-8	2.797935E-2
2.625000E-8	2.807527E-2
2.630000E-8	2.823286E-2
2.635000E-8	2.843156E-2
2.640000E-8	2.866795E-2
2.645000E-8	2.892318E-2
2.650000E-8	2.915614E-2
2.655000E-8	2.933600E-2
2.660000E-8	2.941480E-2
2.665000E-8	2.939424E-2
2.670000E-8	2.931373E-2
2.675000E-8	2.914758E-2
2.680000E-8	2.887693E-2
2.685000E-8	2.856175E-2
2.690000E-8	2.827055E-2
2.695000E-8	2.800333E-2
2.700000E-8	2.779263E-2
2.705000E-8	2.771384E-2
2.710000E-8	2.775666E-2
2.715000E-8	2.790569E-2
2.720000E-8	2.815749E-2
2.725000E-8	2.848124E-2
2.730000E-8	2.883068E-2
2.735000E-8	2.919383E-2
2.740000E-8	2.954327E-2
2.745000E-8	2.980706E-2
2.750000E-8	2.994581E-2
2.755000E-8	2.993896E-2
2.760000E-8	2.976081E-2
2.765000E-8	2.942850E-2
2.770000E-8	2.897628E-2
2.775000E-8	2.844013E-2
2.780000E-8	2.787486E-2
2.785000E-8	2.736268E-2
2.790000E-8	2.692074E-2
2.795000E-8	2.657301E-2
2.800000E-8	2.637260E-2
2.805000E-8	2.634519E-2
2.810000E-8	2.644968E-2
2.815000E-8	2.667237E-2
2.820000E-8	2.700810E-2
2.825000E-8	2.737296E-2
2.830000E-8	2.772926E-2
2.835000E-8	2.806671E-2
2.840000E-8	2.831166E-2
2.845000E-8	2.836990E-2
2.850000E-8	2.827397E-2
2.855000E-8	2.807527E-2
2.860000E-8	2.778064E-2
2.865000E-8	2.742435E-2
2.870000E-8	2.706463E-2
2.875000E-8	2.672718E-2
2.880000E-8	2.641200E-2
2.885000E-8	2.616191E-2
2.890000E-8	2.600945E-2
2.895000E-8	2.594950E-2
2.900000E-8	2.601117E-2
2.905000E-8	2.624070E-2
2.910000E-8	2.659014E-2
2.915000E-8	2.698412E-2
2.920000E-8	2.738324E-2
2.925000E-8	2.777379E-2
2.930000E-8	2.811124E-2
2.935000E-8	2.838189E-2
2.940000E-8	2.857374E-2
2.945000E-8	2.865939E-2
2.950000E-8	2.860457E-2
2.955000E-8	2.838874E-2
2.960000E-8	2.802902E-2
2.965000E-8	2.759736E-2
2.970000E-8	2.712972E-2
2.975000E-8	2.666037E-2
2.980000E-8	2.619103E-2
2.985000E-8	2.580390E-2
2.990000E-8	2.555038E-2
2.995000E-8	2.545103E-2
3.000000E-8	2.552298E-2
3.005000E-8	2.572853E-2
3.010000E-8	2.599918E-2
3.015000E-8	2.632121E-2
3.020000E-8	2.668093E-2
3.025000E-8	2.702009E-2
3.030000E-8	2.727190E-2
3.035000E-8	2.740551E-2
3.040000E-8	2.742778E-2
3.045000E-8	2.731301E-2
3.050000E-8	2.708176E-2
3.055000E-8	2.676658E-2
3.060000E-8	2.637602E-2
3.065000E-8	2.593237E-2
3.070000E-8	2.551441E-2
3.075000E-8	2.516326E-2
3.080000E-8	2.490631E-2
3.085000E-8	2.476071E-2
3.090000E-8	2.473159E-2
3.095000E-8	2.481724E-2
3.100000E-8	2.500224E-2
3.105000E-8	2.528659E-2
3.110000E-8	2.563774E-2
3.115000E-8	2.603343E-2
3.120000E-8	2.644283E-2
3.125000E-8	2.682653E-2
3.130000E-8	2.714000E-2
3.135000E-8	2.736611E-2
3.140000E-8	2.747916E-2
3.145000E-8	2.746204E-2
3.150000E-8	2.729930E-2
3.155000E-8	2.701324E-2
3.160000E-8	2.662783E-2
3.165000E-8	2.619959E-2
3.170000E-8	2.576279E-2
3.175000E-8	2.532941E-2
3.180000E-8	2.493543E-2
3.185000E-8	2.463567E-2
3.190000E-8	2.444039E-2
3.195000E-8	2.436502E-2
3.200000E-8	2.441812E-2
3.205000E-8	2.459456E-2
3.210000E-8	2.484807E-2
3.215000E-8	2.512900E-2
3.220000E-8	2.540650E-2
3.225000E-8	2.564631E-2
3.230000E-8	2.583816E-2
3.235000E-8	2.597348E-2
3.240000E-8	2.603343E-2
3.245000E-8	2.600603E-2
3.250000E-8	2.588612E-2
3.255000E-8	2.566858E-2
3.260000E-8	2.538765E-2
3.265000E-8	2.508103E-2
3.270000E-8	2.480011E-2
3.275000E-8	2.456715E-2
3.280000E-8	2.439243E-2
3.285000E-8	2.428623E-2
3.290000E-8	2.426053E-2
3.295000E-8	2.434447E-2
3.300000E-8	2.454317E-2
3.305000E-8	2.479497E-2
3.310000E-8	2.506562E-2
3.315000E-8	2.536025E-2
3.320000E-8	2.566686E-2
3.325000E-8	2.590325E-2
3.330000E-8	2.604371E-2
3.335000E-8	2.609681E-2
3.340000E-8	2.604714E-2
3.345000E-8	2.588783E-2
3.350000E-8	2.565830E-2
3.355000E-8	2.533626E-2
3.360000E-8	2.492687E-2
3.365000E-8	2.450377E-2
3.370000E-8	2.412350E-2
3.375000E-8	2.378947E-2
3.380000E-8	2.351369E-2
3.385000E-8	2.335438E-2
3.390000E-8	2.327901E-2
3.395000E-8	2.326873E-2
3.400000E-8	2.334753E-2
3.405000E-8	2.349998E-2
3.410000E-8	2.367299E-2
3.415000E-8	2.386827E-2
3.420000E-8	2.408924E-2
3.425000E-8	2.428280E-2
3.430000E-8	2.439243E-2
3.435000E-8	2.442840E-2
3.440000E-8	2.443525E-2
3.445000E-8	2.441298E-2
3.450000E-8	2.435817E-2
3.455000E-8	2.427595E-2
3.460000E-8	2.419373E-2
3.465000E-8	2.410808E-2
3.470000E-8	2.403442E-2
3.475000E-8	2.400359E-2
3.480000E-8	2.400701E-2
3.485000E-8	2.403614E-2
3.490000E-8	2.410465E-2
3.495000E-8	2.421428E-2
3.500000E-8	2.432562E-2
3.505000E-8	2.443525E-2
3.510000E-8	2.456886E-2
3.515000E-8	2.471275E-2
3.520000E-8	2.483951E-2
3.525000E-8	2.495428E-2
3.530000E-8	2.501937E-2
3.535000E-8	2.497312E-2
3.540000E-8	2.484122E-2
3.545000E-8	2.468534E-2
3.550000E-8	2.447465E-2
3.555000E-8	2.418859E-2
3.560000E-8	2.388882E-2
3.565000E-8	2.362674E-2
3.570000E-8	2.338179E-2
3.575000E-8	2.318480E-2
3.580000E-8	2.309401E-2
3.585000E-8	2.312142E-2
3.590000E-8	2.322420E-2
3.595000E-8	2.339378E-2
3.600000E-8	2.363188E-2
3.605000E-8	2.389910E-2
3.610000E-8	2.415262E-2
3.615000E-8	2.436845E-2
3.620000E-8	2.451062E-2
3.625000E-8	2.456372E-2
3.630000E-8	2.451062E-2
3.635000E-8	2.438215E-2
3.640000E-8	2.420914E-2
3.645000E-8	2.400701E-2
3.650000E-8	2.378604E-2
3.655000E-8	2.355651E-2
3.660000E-8	2.333040E-2
3.665000E-8	2.312485E-2
3.670000E-8	2.295698E-2
3.675000E-8	2.282851E-2
3.680000E-8	2.277883E-2
3.685000E-8	2.287133E-2
3.690000E-8	2.308716E-2
3.695000E-8	2.334924E-2
3.700000E-8	2.362503E-2
3.705000E-8	2.391280E-2
3.710000E-8	2.416632E-2
3.715000E-8	2.434960E-2
3.720000E-8	2.445923E-2
3.725000E-8	2.451234E-2
3.730000E-8	2.449349E-2
3.735000E-8	2.439757E-2
3.740000E-8	2.423141E-2
3.745000E-8	2.400530E-2
3.750000E-8	2.375179E-2
3.755000E-8	2.346915E-2
3.760000E-8	2.315054E-2
3.765000E-8	2.284050E-2
3.770000E-8	2.262638E-2
3.775000E-8	2.250818E-2
3.780000E-8	2.244652E-2
3.785000E-8	2.246707E-2
3.790000E-8	2.258013E-2
3.795000E-8	2.275142E-2
3.800000E-8	2.294499E-2
3.805000E-8	2.315568E-2
3.810000E-8	2.337665E-2
3.815000E-8	2.359419E-2
3.820000E-8	2.379290E-2
3.825000E-8	2.393507E-2
3.830000E-8	2.399160E-2
3.835000E-8	2.397618E-2
3.840000E-8	2.387854E-2
3.845000E-8	2.371239E-2
3.850000E-8	2.352568E-2
3.855000E-8	2.335267E-2
3.860000E-8	2.319336E-2
3.865000E-8	2.303235E-2
3.870000E-8	2.287647E-2
3.875000E-8	2.275999E-2
3.880000E-8	2.271545E-2
3.885000E-8	2.272915E-2
3.890000E-8	2.278397E-2
3.895000E-8	2.288846E-2
3.900000E-8	2.304262E-2
3.905000E-8	2.320364E-2
3.910000E-8	2.333554E-2
3.915000E-8	2.342632E-2
3.920000E-8	2.347257E-2
3.925000E-8	2.346744E-2
3.930000E-8	2.342461E-2
3.935000E-8	2.333383E-2
3.940000E-8	2.317623E-2
3.945000E-8	2.298096E-2
3.950000E-8	2.276684E-2
3.955000E-8	2.254073E-2
3.960000E-8	2.235059E-2
3.965000E-8	2.223411E-2
3.970000E-8	2.215703E-2
3.975000E-8	2.210393E-2
3.980000E-8	2.214675E-2
3.985000E-8	2.230434E-2
3.990000E-8	2.249448E-2
3.995000E-8	2.269147E-2
4.000000E-8	2.289188E-2
4.005000E-8	2.305975E-2
4.010000E-8	2.315225E-2
4.015000E-8	2.316938E-2
4.020000E-8	2.310772E-2
4.025000E-8	2.297068E-2
4.030000E-8	2.278397E-2
4.035000E-8	2.256985E-2
4.040000E-8	2.234545E-2
4.045000E-8	2.214161E-2
4.050000E-8	2.196860E-2
4.055000E-8	2.185555E-2
4.060000E-8	2.180587E-2
4.065000E-8	2.181101E-2
4.070000E-8	2.184185E-2
4.075000E-8	2.189666E-2
4.080000E-8	2.196860E-2
4.085000E-8	2.205254E-2
4.090000E-8	2.215532E-2
4.095000E-8	2.227694E-2
4.100000E-8	2.239170E-2
4.105000E-8	2.248249E-2
4.110000E-8	2.257499E-2
4.115000E-8	2.263152E-2
4.120000E-8	2.262466E-2
4.125000E-8	2.257841E-2
4.130000E-8	2.252531E-2
4.135000E-8	2.245851E-2
4.140000E-8	2.236772E-2
4.145000E-8	2.225295E-2
4.150000E-8	2.209879E-2
4.155000E-8	2.191893E-2
4.160000E-8	2.174935E-2
4.165000E-8	2.158662E-2
4.170000E-8	2.145472E-2
4.175000E-8	2.138791E-2
4.180000E-8	2.137250E-2
4.185000E-8	2.139477E-2
4.190000E-8	2.146842E-2
4.195000E-8	2.161745E-2
4.200000E-8	2.179388E-2
4.205000E-8	2.195833E-2
4.210000E-8	2.210050E-2
4.215000E-8	2.220670E-2
4.220000E-8	2.227180E-2
4.225000E-8	2.229235E-2
4.230000E-8	2.224610E-2
4.235000E-8	2.212791E-2
4.240000E-8	2.198402E-2
4.245000E-8	2.183499E-2
4.250000E-8	2.165685E-2
4.255000E-8	2.149240E-2
4.260000E-8	2.139477E-2
4.265000E-8	2.134680E-2
4.270000E-8	2.132796E-2
4.275000E-8	2.136222E-2
4.280000E-8	2.145815E-2
4.285000E-8	2.159861E-2
4.290000E-8	2.178361E-2
4.295000E-8	2.198231E-2
4.300000E-8	2.215703E-2
4.305000E-8	2.230606E-2
4.310000E-8	2.242254E-2
4.315000E-8	2.244309E-2
4.320000E-8	2.236943E-2
4.325000E-8	2.224268E-2
4.330000E-8	2.205939E-2
4.335000E-8	2.184185E-2
4.340000E-8	2.163801E-2
4.345000E-8	2.146157E-2
4.350000E-8	2.130741E-2
4.355000E-8	2.119949E-2
4.360000E-8	2.115153E-2
4.365000E-8	2.114125E-2
4.370000E-8	2.116352E-2
4.375000E-8	2.120463E-2
4.380000E-8	2.125259E-2
4.385000E-8	2.131597E-2
4.390000E-8	2.139477E-2
4.395000E-8	2.145472E-2
4.400000E-8	2.145643E-2
4.405000E-8	2.141018E-2
4.410000E-8	2.133139E-2
4.415000E-8	2.126629E-2
4.420000E-8	2.121491E-2
4.425000E-8	2.114810E-2
4.430000E-8	2.108986E-2
4.435000E-8	2.107787E-2
4.440000E-8	2.108472E-2
4.445000E-8	2.108301E-2
4.450000E-8	2.109500E-2
4.455000E-8	2.114125E-2
4.460000E-8	2.118407E-2
4.465000E-8	2.122861E-2
4.470000E-8	2.129370E-2
4.475000E-8	2.133653E-2
4.480000E-8	2.133481E-2
4.485000E-8	2.133139E-2
4.490000E-8	2.132796E-2
4.495000E-8	2.130055E-2
4.500000E-8	2.126629E-2
4.505000E-8	2.126287E-2
4.510000E-8	2.125259E-2
4.515000E-8	2.121319E-2
4.520000E-8	2.117380E-2
4.525000E-8	2.114296E-2
4.530000E-8	2.107273E-2
4.535000E-8	2.093056E-2
4.540000E-8	2.074385E-2
4.545000E-8	2.055542E-2
4.550000E-8	2.036700E-2
4.555000E-8	2.016144E-2
4.560000E-8	1.998158E-2
4.565000E-8	1.987538E-2
4.570000E-8	1.985654E-2
4.575000E-8	1.991135E-2
4.580000E-8	2.002954E-2
4.585000E-8	2.019913E-2
4.590000E-8	2.040982E-2
4.595000E-8	2.065306E-2
4.600000E-8	2.090486E-2
4.605000E-8	2.111384E-2
4.610000E-8	2.124403E-2
4.615000E-8	2.130227E-2
4.620000E-8	2.130055E-2
4.625000E-8	2.124403E-2
4.630000E-8	2.113097E-2
4.635000E-8	2.098537E-2
4.640000E-8	2.080894E-2
4.645000E-8	2.062565E-2
4.650000E-8	2.044237E-2
4.655000E-8	2.027792E-2
4.660000E-8	2.014774E-2
4.665000E-8	2.006723E-2
4.670000E-8	2.004667E-2
4.675000E-8	2.008093E-2
4.680000E-8	2.015459E-2
4.685000E-8	2.025223E-2
4.690000E-8	2.034130E-2
4.695000E-8	2.043038E-2
4.700000E-8	2.053658E-2
4.705000E-8	2.062051E-2
4.710000E-8	2.065991E-2
4.715000E-8	2.067361E-2
4.720000E-8	2.066334E-2
4.725000E-8	2.060681E-2
4.730000E-8	2.051260E-2
4.735000E-8	2.041496E-2
4.740000E-8	2.033102E-2
4.745000E-8	2.023681E-2
4.750000E-8	2.013575E-2
4.755000E-8	2.004154E-2
4.760000E-8	1.997302E-2
4.765000E-8	1.993876E-2
4.770000E-8	1.994047E-2
4.775000E-8	1.998672E-2
4.780000E-8	2.005695E-2
4.785000E-8	2.014945E-2
4.790000E-8	2.026251E-2
4.795000E-8	2.035672E-2
4.800000E-8	2.038070E-2
4.805000E-8	2.037556E-2
4.810000E-8	2.038070E-2
4.815000E-8	2.037385E-2
4.820000E-8	2.032931E-2
4.825000E-8	2.025908E-2
4.830000E-8	2.018885E-2
4.835000E-8	2.010491E-2
4.840000E-8	2.002269E-2
4.845000E-8	1.995589E-2
4.850000E-8	1.988223E-2
4.855000E-8	1.978631E-2
4.860000E-8	1.972293E-2
4.865000E-8	1.969895E-2
4.870000E-8	1.969381E-2
4.875000E-8	1.971094E-2
4.880000E-8	1.974177E-2
4.885000E-8	1.979830E-2
4.890000E-8	1.986681E-2
4.895000E-8	1.994732E-2
4.900000E-8	2.003126E-2
4.905000E-8	2.011691E-2
4.910000E-8	2.018885E-2
4.915000E-8	2.021968E-2
4.920000E-8	2.019570E-2
4.925000E-8	2.013575E-2
4.930000E-8	2.006552E-2
4.935000E-8	1.999015E-2
4.940000E-8	1.991649E-2
4.945000E-8	1.983256E-2
4.950000E-8	1.974177E-2
4.955000E-8	1.966297E-2
4.960000E-8	1.959446E-2
4.965000E-8	1.953793E-2
4.970000E-8	1.952251E-2
4.975000E-8	1.955506E-2
4.980000E-8	1.960816E-2
4.985000E-8	1.966469E-2
4.990000E-8	1.974520E-2
4.995000E-8	1.984455E-2
5.000000E-8	1.993362E-2
5.005000E-8	2.000556E-2
5.010000E-8	2.005524E-2
5.015000E-8	2.007751E-2
5.020000E-8	2.007408E-2
5.025000E-8	2.006038E-2
5.030000E-8	2.003811E-2
5.035000E-8	1.999015E-2
5.040000E-8	1.992505E-2
5.045000E-8	1.985825E-2
5.050000E-8	1.977945E-2
5.055000E-8	1.970237E-2
5.060000E-8	1.964927E-2
5.065000E-8	1.960302E-2
5.070000E-8	1.951909E-2
5.075000E-8	1.942316E-2
5.080000E-8	1.937520E-2
5.085000E-8	1.935978E-2
5.090000E-8	1.932552E-2
5.095000E-8	1.930325E-2
5.100000E-8	1.933237E-2
5.105000E-8	1.939575E-2
5.110000E-8	1.945228E-2
5.115000E-8	1.951052E-2
5.120000E-8	1.956705E-2
5.125000E-8	1.959617E-2
5.130000E-8	1.958075E-2
5.135000E-8	1.953793E-2
5.140000E-8	1.948654E-2
5.145000E-8	1.945057E-2
5.150000E-8	1.942830E-2
5.155000E-8	1.940089E-2
5.160000E-8	1.936149E-2
5.165000E-8	1.932038E-2
5.170000E-8	1.931011E-2
5.175000E-8	1.931011E-2
5.180000E-8	1.933409E-2
5.185000E-8	1.940089E-2
5.190000E-8	1.949168E-2
5.195000E-8	1.955848E-2
5.200000E-8	1.961844E-2
5.205000E-8	1.969552E-2
5.210000E-8	1.974348E-2
5.215000E-8	1.974520E-2
5.220000E-8	1.973320E-2
5.225000E-8	1.969723E-2
5.230000E-8	1.959446E-2
5.235000E-8	1.946085E-2
5.240000E-8	1.934950E-2
5.245000E-8	1.926557E-2
5.250000E-8	1.921075E-2
5.255000E-8	1.919020E-2
5.260000E-8	1.918335E-2
5.265000E-8	1.917992E-2
5.270000E-8	1.917650E-2
5.275000E-8	1.917821E-2
5.280000E-8	1.919363E-2
5.285000E-8	1.921761E-2
5.290000E-8	1.922446E-2
5.295000E-8	1.920733E-2
5.300000E-8	1.917650E-2
5.305000E-8	1.913025E-2
5.310000E-8	1.906858E-2
5.315000E-8	1.900006E-2
5.320000E-8	1.892983E-2
5.325000E-8	1.887159E-2
5.330000E-8	1.881849E-2
5.335000E-8	1.876710E-2
5.340000E-8	1.872599E-2
5.345000E-8	1.872428E-2
5.350000E-8	1.875168E-2
5.355000E-8	1.878594E-2
5.360000E-8	1.884932E-2
5.365000E-8	1.894182E-2
5.370000E-8	1.902576E-2
5.375000E-8	1.908914E-2
5.380000E-8	1.913710E-2
5.385000E-8	1.915594E-2
5.390000E-8	1.914909E-2
5.395000E-8	1.911997E-2
5.400000E-8	1.907543E-2
5.405000E-8	1.903603E-2
5.410000E-8	1.899492E-2
5.415000E-8	1.894182E-2
5.420000E-8	1.889386E-2
5.425000E-8	1.885789E-2
5.430000E-8	1.881506E-2
5.435000E-8	1.880821E-2
5.440000E-8	1.884761E-2
5.445000E-8	1.888529E-2
5.450000E-8	1.889728E-2
5.455000E-8	1.893668E-2
5.460000E-8	1.898636E-2
5.465000E-8	1.898465E-2
5.470000E-8	1.894353E-2
5.475000E-8	1.890756E-2
5.480000E-8	1.886474E-2
5.485000E-8	1.881506E-2
5.490000E-8	1.876367E-2
5.495000E-8	1.871400E-2
5.500000E-8	1.865405E-2
5.505000E-8	1.859752E-2
5.510000E-8	1.855641E-2
5.515000E-8	1.852044E-2
5.520000E-8	1.848789E-2
5.525000E-8	1.847076E-2
5.530000E-8	1.847761E-2
5.535000E-8	1.849132E-2
5.540000E-8	1.849988E-2
5.545000E-8	1.851187E-2
5.550000E-8	1.852215E-2
5.555000E-8	1.851358E-2
5.560000E-8	1.847247E-2
5.565000E-8	1.841766E-2
5.570000E-8	1.835599E-2
5.575000E-8	1.829433E-2
5.580000E-8	1.824294E-2
5.585000E-8	1.821553E-2
5.590000E-8	1.821382E-2
5.595000E-8	1.822923E-2
5.600000E-8	1.824808E-2
5.605000E-8	1.824808E-2
5.610000E-8	1.822923E-2
5.615000E-8	1.820354E-2
5.620000E-8	1.818470E-2
5.625000E-8	1.816243E-2
5.630000E-8	1.812474E-2
5.635000E-8	1.808363E-2
5.640000E-8	1.805794E-2
5.645000E-8	1.803053E-2
5.650000E-8	1.799627E-2
5.655000E-8	1.797743E-2
5.660000E-8	1.796544E-2
5.665000E-8	1.795002E-2
5.670000E-8	1.795516E-2
5.675000E-8	1.799285E-2
5.680000E-8	1.802368E-2
5.685000E-8	1.803225E-2
5.690000E-8	1.804081E-2
5.695000E-8	1.806650E-2
5.700000E-8	1.809391E-2
5.705000E-8	1.810419E-2
5.710000E-8	1.810933E-2
5.715000E-8	1.812817E-2
5.720000E-8	1.815215E-2
5.725000E-8	1.817785E-2
5.730000E-8	1.818298E-2
5.735000E-8	1.817956E-2
5.740000E-8	1.818812E-2
5.745000E-8	1.820868E-2
5.750000E-8	1.823437E-2
5.755000E-8	1.824979E-2
5.760000E-8	1.826178E-2
5.765000E-8	1.827548E-2
5.770000E-8	1.826349E-2
5.775000E-8	1.822067E-2
5.780000E-8	1.817099E-2
5.785000E-8	1.811447E-2
5.790000E-8	1.803567E-2
5.795000E-8	1.791748E-2
5.800000E-8	1.776845E-2
5.805000E-8	1.761942E-2
5.810000E-8	1.749780E-2
5.815000E-8	1.742757E-2
5.820000E-8	1.742072E-2
5.825000E-8	1.746526E-2
5.830000E-8	1.755262E-2
5.835000E-8	1.766910E-2
5.840000E-8	1.779928E-2
5.845000E-8	1.792433E-2
5.850000E-8	1.803738E-2
5.855000E-8	1.811447E-2
5.860000E-8	1.813845E-2
5.865000E-8	1.809734E-2
5.870000E-8	1.800655E-2
5.875000E-8	1.786951E-2
5.880000E-8	1.767595E-2
5.885000E-8	1.745327E-2
5.890000E-8	1.724943E-2
5.895000E-8	1.711410E-2
5.900000E-8	1.705244E-2
5.905000E-8	1.704901E-2
5.910000E-8	1.709697E-2
5.915000E-8	1.719461E-2
5.920000E-8	1.733165E-2
5.925000E-8	1.748581E-2
5.930000E-8	1.762799E-2
5.935000E-8	1.775475E-2
5.940000E-8	1.786438E-2
5.945000E-8	1.795002E-2
5.950000E-8	1.800998E-2
5.955000E-8	1.803396E-2
5.960000E-8	1.802368E-2
5.965000E-8	1.799456E-2
5.970000E-8	1.797743E-2
5.975000E-8	1.796887E-2
5.980000E-8	1.795345E-2
5.985000E-8	1.794831E-2
5.990000E-8	1.796715E-2
5.995000E-8	1.798257E-2
6.000000E-8	1.797058E-2
6.005000E-8	1.795345E-2
6.010000E-8	1.792604E-2
6.015000E-8	1.785067E-2
6.020000E-8	1.773248E-2
6.025000E-8	1.760915E-2
6.030000E-8	1.748239E-2
6.035000E-8	1.733165E-2
6.040000E-8	1.719290E-2
6.045000E-8	1.708498E-2
6.050000E-8	1.701647E-2
6.055000E-8	1.697022E-2
6.060000E-8	1.696679E-2
6.065000E-8	1.700276E-2
6.070000E-8	1.704045E-2
6.075000E-8	1.704730E-2
6.080000E-8	1.702332E-2
6.085000E-8	1.698049E-2
6.090000E-8	1.690512E-2
6.095000E-8	1.681434E-2
6.100000E-8	1.674925E-2
6.105000E-8	1.670128E-2
6.110000E-8	1.665675E-2
6.115000E-8	1.663448E-2
6.120000E-8	1.667388E-2
6.125000E-8	1.674068E-2
6.130000E-8	1.680749E-2
6.135000E-8	1.689656E-2
6.140000E-8	1.699934E-2
6.145000E-8	1.705929E-2
6.150000E-8	1.708841E-2
6.155000E-8	1.712267E-2
6.160000E-8	1.715864E-2
6.165000E-8	1.716892E-2
6.170000E-8	1.717406E-2
6.175000E-8	1.718605E-2
6.180000E-8	1.720832E-2
6.185000E-8	1.724943E-2
6.190000E-8	1.731794E-2
6.195000E-8	1.739160E-2
6.200000E-8	1.746526E-2
6.205000E-8	1.753720E-2
6.210000E-8	1.758003E-2
6.215000E-8	1.757489E-2
6.220000E-8	1.752521E-2
6.225000E-8	1.741387E-2
6.230000E-8	1.724600E-2
6.235000E-8	1.707299E-2
6.240000E-8	1.691711E-2
6.245000E-8	1.676809E-2
6.250000E-8	1.665503E-2
6.255000E-8	1.660193E-2
6.260000E-8	1.658823E-2
6.265000E-8	1.660364E-2
6.270000E-8	1.665503E-2
6.275000E-8	1.672698E-2
6.280000E-8	1.680749E-2
6.285000E-8	1.687943E-2
6.290000E-8	1.692397E-2
6.295000E-8	1.694452E-2
6.300000E-8	1.695823E-2
6.305000E-8	1.693082E-2
6.310000E-8	1.682633E-2
6.315000E-8	1.668587E-2
6.320000E-8	1.655226E-2
6.325000E-8	1.641865E-2
6.330000E-8	1.628332E-2
6.335000E-8	1.619254E-2
6.340000E-8	1.617027E-2
6.345000E-8	1.618911E-2
6.350000E-8	1.624735E-2
6.355000E-8	1.633985E-2
6.360000E-8	1.645976E-2
6.365000E-8	1.658480E-2
6.370000E-8	1.669272E-2
6.375000E-8	1.676980E-2
6.380000E-8	1.681091E-2
6.385000E-8	1.680406E-2
6.390000E-8	1.676124E-2
6.395000E-8	1.669443E-2
6.400000E-8	1.659679E-2
6.405000E-8	1.647003E-2
6.410000E-8	1.633642E-2
6.415000E-8	1.623536E-2
6.420000E-8	1.618740E-2
6.425000E-8	1.619939E-2
6.430000E-8	1.625934E-2
6.435000E-8	1.636212E-2
6.440000E-8	1.650429E-2
6.445000E-8	1.665503E-2
6.450000E-8	1.679378E-2
6.455000E-8	1.691540E-2
6.460000E-8	1.699762E-2
6.465000E-8	1.702674E-2
6.470000E-8	1.701304E-2
6.475000E-8	1.696508E-2
6.480000E-8	1.687429E-2
6.485000E-8	1.673383E-2
6.490000E-8	1.657281E-2
6.495000E-8	1.641008E-2
6.500000E-8	1.626962E-2
6.505000E-8	1.617369E-2
6.510000E-8	1.611374E-2
6.515000E-8	1.606407E-2
6.520000E-8	1.604865E-2
6.525000E-8	1.604865E-2
6.530000E-8	1.605036E-2
6.535000E-8	1.605036E-2
6.540000E-8	1.607092E-2
6.545000E-8	1.609319E-2
6.550000E-8	1.610860E-2
6.555000E-8	1.612059E-2
6.560000E-8	1.614971E-2
6.565000E-8	1.617883E-2
6.570000E-8	1.619939E-2
6.575000E-8	1.623365E-2
6.580000E-8	1.627990E-2
6.585000E-8	1.630559E-2
6.590000E-8	1.630902E-2
6.595000E-8	1.630217E-2
6.600000E-8	1.626962E-2
6.605000E-8	1.619254E-2
6.610000E-8	1.610175E-2
6.615000E-8	1.603495E-2
6.620000E-8	1.600069E-2
6.625000E-8	1.598356E-2
6.630000E-8	1.597842E-2
6.635000E-8	1.602295E-2
6.640000E-8	1.611374E-2
6.645000E-8	1.621309E-2
6.650000E-8	1.629531E-2
6.655000E-8	1.637582E-2
6.660000E-8	1.646832E-2
6.665000E-8	1.652656E-2
6.670000E-8	1.654027E-2
6.675000E-8	1.650943E-2
6.680000E-8	1.643235E-2
6.685000E-8	1.632443E-2
6.690000E-8	1.620967E-2
6.695000E-8	1.607606E-2
6.700000E-8	1.594416E-2
6.705000E-8	1.584309E-2
6.710000E-8	1.577115E-2
6.715000E-8	1.572319E-2
6.720000E-8	1.573347E-2
6.725000E-8	1.580198E-2
6.730000E-8	1.588592E-2
6.735000E-8	1.598698E-2
6.740000E-8	1.609661E-2
6.745000E-8	1.619425E-2
6.750000E-8	1.627647E-2
6.755000E-8	1.633814E-2
6.760000E-8	1.633985E-2
6.765000E-8	1.629531E-2
6.770000E-8	1.625592E-2
6.775000E-8	1.623022E-2
6.780000E-8	1.618911E-2
6.785000E-8	1.618055E-2
6.790000E-8	1.621481E-2
6.795000E-8	1.624221E-2
6.800000E-8	1.624050E-2
6.805000E-8	1.622851E-2
6.810000E-8	1.619254E-2
6.815000E-8	1.612916E-2
6.820000E-8	1.606749E-2
6.825000E-8	1.601782E-2
6.830000E-8	1.597499E-2
6.835000E-8	1.594930E-2
6.840000E-8	1.593388E-2
6.845000E-8	1.592360E-2
6.850000E-8	1.592018E-2
6.855000E-8	1.592360E-2
6.860000E-8	1.595101E-2
6.865000E-8	1.601953E-2
6.870000E-8	1.612059E-2
6.875000E-8	1.620624E-2
6.880000E-8	1.627305E-2
6.885000E-8	1.634156E-2
6.890000E-8	1.638439E-2
6.895000E-8	1.638610E-2
6.900000E-8	1.638610E-2
6.905000E-8	1.637240E-2
6.910000E-8	1.632786E-2
6.915000E-8	1.624906E-2
6.920000E-8	1.617198E-2
6.925000E-8	1.608633E-2
6.930000E-8	1.599555E-2
6.935000E-8	1.591675E-2
6.940000E-8	1.585509E-2
6.945000E-8	1.579342E-2
6.950000E-8	1.573004E-2
6.955000E-8	1.570263E-2
6.960000E-8	1.570263E-2
6.965000E-8	1.570606E-2
6.970000E-8	1.572833E-2
6.975000E-8	1.577458E-2
6.980000E-8	1.581226E-2
6.985000E-8	1.580884E-2
6.990000E-8	1.577972E-2
6.995000E-8	1.571291E-2
7.000000E-8	1.559814E-2
7.005000E-8	1.547652E-2
7.010000E-8	1.538574E-2
7.015000E-8	1.531379E-2
7.020000E-8	1.526926E-2
7.025000E-8	1.528296E-2
7.030000E-8	1.532921E-2
7.035000E-8	1.538060E-2
7.040000E-8	1.544226E-2
7.045000E-8	1.550393E-2
7.050000E-8	1.553476E-2
7.055000E-8	1.556046E-2
7.060000E-8	1.556217E-2
7.065000E-8	1.550564E-2
7.070000E-8	1.538916E-2
7.075000E-8	1.526412E-2
7.080000E-8	1.514592E-2
7.085000E-8	1.504657E-2
7.090000E-8	1.499176E-2
7.095000E-8	1.498491E-2
7.100000E-8	1.501060E-2
7.105000E-8	1.506370E-2
7.110000E-8	1.514592E-2
7.115000E-8	1.523328E-2
7.120000E-8	1.531208E-2
7.125000E-8	1.537203E-2
7.130000E-8	1.540972E-2
7.135000E-8	1.540115E-2
7.140000E-8	1.533606E-2
7.145000E-8	1.524014E-2
7.150000E-8	1.514935E-2
7.155000E-8	1.506542E-2
7.160000E-8	1.498662E-2
7.165000E-8	1.494037E-2
7.170000E-8	1.493694E-2
7.175000E-8	1.495921E-2
7.180000E-8	1.499347E-2
7.185000E-8	1.504143E-2
7.190000E-8	1.509454E-2
7.195000E-8	1.513565E-2
7.200000E-8	1.516991E-2
7.205000E-8	1.520416E-2
7.210000E-8	1.520416E-2
7.215000E-8	1.515106E-2
7.220000E-8	1.506028E-2
7.225000E-8	1.496093E-2
7.230000E-8	1.485472E-2
7.235000E-8	1.473310E-2
7.240000E-8	1.464917E-2
7.245000E-8	1.465259E-2
7.250000E-8	1.469713E-2
7.255000E-8	1.474167E-2
7.260000E-8	1.480333E-2
7.265000E-8	1.489755E-2
7.270000E-8	1.499005E-2
7.275000E-8	1.507055E-2
7.280000E-8	1.515278E-2
7.285000E-8	1.523842E-2
7.290000E-8	1.529153E-2
7.295000E-8	1.529838E-2
7.300000E-8	1.528810E-2
7.305000E-8	1.526926E-2
7.310000E-8	1.523842E-2
7.315000E-8	1.519389E-2
7.320000E-8	1.514079E-2
7.325000E-8	1.506370E-2
7.330000E-8	1.495065E-2
7.335000E-8	1.485644E-2
7.340000E-8	1.481361E-2
7.345000E-8	1.479991E-2
7.350000E-8	1.479306E-2
7.355000E-8	1.481704E-2
7.360000E-8	1.486843E-2
7.365000E-8	1.491810E-2
7.370000E-8	1.495236E-2
7.375000E-8	1.498148E-2
7.380000E-8	1.500718E-2
7.385000E-8	1.504143E-2
7.390000E-8	1.507227E-2
7.395000E-8	1.507055E-2
7.400000E-8	1.505685E-2
7.405000E-8	1.505171E-2
7.410000E-8	1.502773E-2
7.415000E-8	1.497463E-2
7.420000E-8	1.491810E-2
7.425000E-8	1.488384E-2
7.430000E-8	1.486500E-2
7.435000E-8	1.487699E-2
7.440000E-8	1.491810E-2
7.445000E-8	1.494722E-2
7.450000E-8	1.497463E-2
7.455000E-8	1.503116E-2
7.460000E-8	1.509454E-2
7.465000E-8	1.515106E-2
7.470000E-8	1.521787E-2
7.475000E-8	1.529666E-2
7.480000E-8	1.536861E-2
7.485000E-8	1.541143E-2
7.490000E-8	1.542514E-2
7.495000E-8	1.541314E-2
7.500000E-8	1.538060E-2
7.505000E-8	1.532407E-2
7.510000E-8	1.521102E-2
7.515000E-8	1.505514E-2
7.520000E-8	1.489412E-2
7.525000E-8	1.474681E-2
7.530000E-8	1.459435E-2
7.535000E-8	1.443676E-2
7.540000E-8	1.431514E-2
7.545000E-8	1.424663E-2
7.550000E-8	1.423463E-2
7.555000E-8	1.426889E-2
7.560000E-8	1.433570E-2
7.565000E-8	1.441963E-2
7.570000E-8	1.451385E-2
7.575000E-8	1.461320E-2
7.580000E-8	1.470741E-2
7.585000E-8	1.479991E-2
7.590000E-8	1.488213E-2
7.595000E-8	1.492667E-2
7.600000E-8	1.493523E-2
7.605000E-8	1.492495E-2
7.610000E-8	1.488042E-2
7.615000E-8	1.479991E-2
7.620000E-8	1.471597E-2
7.625000E-8	1.467144E-2
7.630000E-8	1.463889E-2
7.635000E-8	1.461148E-2
7.640000E-8	1.458922E-2
7.645000E-8	1.457722E-2
7.650000E-8	1.457209E-2
7.655000E-8	1.458065E-2
7.660000E-8	1.460463E-2
7.665000E-8	1.463547E-2
7.670000E-8	1.465431E-2
7.675000E-8	1.465945E-2
7.680000E-8	1.465431E-2
7.685000E-8	1.463547E-2
7.690000E-8	1.458236E-2
7.695000E-8	1.449843E-2
7.700000E-8	1.440250E-2
7.705000E-8	1.431514E-2
7.710000E-8	1.423292E-2
7.715000E-8	1.416612E-2
7.720000E-8	1.413871E-2
7.725000E-8	1.415584E-2
7.730000E-8	1.420209E-2
7.735000E-8	1.426204E-2
7.740000E-8	1.434084E-2
7.745000E-8	1.443334E-2
7.750000E-8	1.450014E-2
7.755000E-8	1.453098E-2
7.760000E-8	1.453783E-2
7.765000E-8	1.453098E-2
7.770000E-8	1.448815E-2
7.775000E-8	1.441107E-2
7.780000E-8	1.429973E-2
7.785000E-8	1.417982E-2
7.790000E-8	1.409075E-2
7.795000E-8	1.404964E-2
7.800000E-8	1.404278E-2
7.805000E-8	1.409931E-2
7.810000E-8	1.423977E-2
7.815000E-8	1.440593E-2
7.820000E-8	1.454639E-2
7.825000E-8	1.468514E-2
7.830000E-8	1.481190E-2
7.835000E-8	1.487185E-2
7.840000E-8	1.484102E-2
7.845000E-8	1.474852E-2
7.850000E-8	1.459949E-2
7.855000E-8	1.439223E-2
7.860000E-8	1.415413E-2
7.865000E-8	1.390061E-2
7.870000E-8	1.365737E-2
7.875000E-8	1.344668E-2
7.880000E-8	1.331135E-2
7.885000E-8	1.325311E-2
7.890000E-8	1.323770E-2
7.895000E-8	1.327367E-2
7.900000E-8	1.340728E-2
7.905000E-8	1.359742E-2
7.910000E-8	1.376357E-2
7.915000E-8	1.388519E-2
7.920000E-8	1.399311E-2
7.925000E-8	1.405135E-2
7.930000E-8	1.400167E-2
7.935000E-8	1.387663E-2
7.940000E-8	1.376186E-2
7.945000E-8	1.368135E-2
7.950000E-8	1.361969E-2
7.955000E-8	1.356487E-2
7.960000E-8	1.352376E-2
7.965000E-8	1.349293E-2
7.970000E-8	1.347580E-2
7.975000E-8	1.349978E-2
7.980000E-8	1.356316E-2
7.985000E-8	1.364195E-2
7.990000E-8	1.373617E-2
7.995000E-8	1.383209E-2
8.000000E-8	1.391260E-2
8.005000E-8	1.397427E-2
8.010000E-8	1.402394E-2
8.015000E-8	1.406163E-2
8.020000E-8	1.406163E-2
8.025000E-8	1.402565E-2
8.030000E-8	1.397598E-2
8.035000E-8	1.391774E-2
8.040000E-8	1.386978E-2
8.045000E-8	1.383723E-2
8.050000E-8	1.380811E-2
8.055000E-8	1.378755E-2
8.060000E-8	1.379612E-2
8.065000E-8	1.385607E-2
8.070000E-8	1.395029E-2
8.075000E-8	1.406163E-2
8.080000E-8	1.417468E-2
8.085000E-8	1.429116E-2
8.090000E-8	1.440936E-2
8.095000E-8	1.450528E-2
8.100000E-8	1.454810E-2
8.105000E-8	1.451213E-2
8.110000E-8	1.443848E-2
8.115000E-8	1.436653E-2
8.120000E-8	1.428774E-2
8.125000E-8	1.418667E-2
8.130000E-8	1.409417E-2
8.135000E-8	1.402394E-2
8.140000E-8	1.395714E-2
8.145000E-8	1.389890E-2
8.150000E-8	1.387320E-2
8.155000E-8	1.386806E-2
8.160000E-8	1.385950E-2
8.165000E-8	1.383723E-2
8.170000E-8	1.382010E-2
8.175000E-8	1.379783E-2
8.180000E-8	1.375501E-2
8.185000E-8	1.368135E-2
8.190000E-8	1.361112E-2
8.195000E-8	1.357344E-2
8.200000E-8	1.356487E-2
8.205000E-8	1.355459E-2
8.210000E-8	1.354603E-2
8.215000E-8	1.355802E-2
8.220000E-8	1.355802E-2
8.225000E-8	1.353746E-2
8.230000E-8	1.351177E-2
8.235000E-8	1.349121E-2
8.240000E-8	1.345010E-2
8.245000E-8	1.340214E-2
8.250000E-8	1.336103E-2
8.255000E-8	1.333534E-2
8.260000E-8	1.333876E-2
8.265000E-8	1.339015E-2
8.270000E-8	1.345867E-2
8.275000E-8	1.350492E-2
8.280000E-8	1.355631E-2
8.285000E-8	1.362482E-2
8.290000E-8	1.365737E-2
8.295000E-8	1.364367E-2
8.300000E-8	1.362140E-2
8.305000E-8	1.358029E-2
8.310000E-8	1.348265E-2
8.315000E-8	1.335247E-2
8.320000E-8	1.324455E-2
8.325000E-8	1.316747E-2
8.330000E-8	1.311094E-2
8.335000E-8	1.309895E-2
8.340000E-8	1.314520E-2
8.345000E-8	1.321714E-2
8.350000E-8	1.329423E-2
8.355000E-8	1.337131E-2
8.360000E-8	1.342441E-2
8.365000E-8	1.344668E-2
8.370000E-8	1.343811E-2
8.375000E-8	1.340728E-2
8.380000E-8	1.335589E-2
8.385000E-8	1.329936E-2
8.390000E-8	1.325311E-2
8.395000E-8	1.321029E-2
8.400000E-8	1.315890E-2
8.405000E-8	1.310066E-2
8.410000E-8	1.305441E-2
8.415000E-8	1.303214E-2
8.420000E-8	1.300645E-2
8.425000E-8	1.296191E-2
8.430000E-8	1.293279E-2
8.435000E-8	1.291224E-2
8.440000E-8	1.287969E-2
8.445000E-8	1.284715E-2
8.450000E-8	1.283173E-2
8.455000E-8	1.283515E-2
8.460000E-8	1.285228E-2
8.465000E-8	1.291909E-2
8.470000E-8	1.304585E-2
8.475000E-8	1.320686E-2
8.480000E-8	1.337816E-2
8.485000E-8	1.355802E-2
8.490000E-8	1.373274E-2
8.495000E-8	1.387149E-2
8.500000E-8	1.396741E-2
8.505000E-8	1.404278E-2
8.510000E-8	1.408218E-2
8.515000E-8	1.406677E-2
8.520000E-8	1.400853E-2
8.525000E-8	1.391945E-2
8.530000E-8	1.380811E-2
8.535000E-8	1.366936E-2
8.540000E-8	1.353746E-2
8.545000E-8	1.343640E-2
8.550000E-8	1.335075E-2
8.555000E-8	1.327024E-2
8.560000E-8	1.321029E-2
8.565000E-8	1.318631E-2
8.570000E-8	1.319659E-2
8.575000E-8	1.320515E-2
8.580000E-8	1.318974E-2
8.585000E-8	1.315205E-2
8.590000E-8	1.311779E-2
8.595000E-8	1.309724E-2
8.600000E-8	1.307154E-2
8.605000E-8	1.305099E-2
8.610000E-8	1.304413E-2
8.615000E-8	1.302872E-2
8.620000E-8	1.298932E-2
8.625000E-8	1.294992E-2
8.630000E-8	1.296191E-2
8.635000E-8	1.299617E-2
8.640000E-8	1.301844E-2
8.645000E-8	1.306126E-2
8.650000E-8	1.313835E-2
8.655000E-8	1.320686E-2
8.660000E-8	1.323941E-2
8.665000E-8	1.326853E-2
8.670000E-8	1.330793E-2
8.675000E-8	1.332506E-2
8.680000E-8	1.330964E-2
8.685000E-8	1.328395E-2
8.690000E-8	1.322913E-2
8.695000E-8	1.315376E-2
8.700000E-8	1.308353E-2
8.705000E-8	1.304413E-2
8.710000E-8	1.303728E-2
8.715000E-8	1.306640E-2
8.720000E-8	1.310923E-2
8.725000E-8	1.314177E-2
8.730000E-8	1.312636E-2
8.735000E-8	1.308696E-2
8.740000E-8	1.305784E-2
8.745000E-8	1.303214E-2
8.750000E-8	1.298247E-2
8.755000E-8	1.292594E-2
8.760000E-8	1.287113E-2
8.765000E-8	1.282659E-2
8.770000E-8	1.280090E-2
8.775000E-8	1.279747E-2
8.780000E-8	1.281117E-2
8.785000E-8	1.284715E-2
8.790000E-8	1.289339E-2
8.795000E-8	1.294307E-2
8.800000E-8	1.299275E-2
8.805000E-8	1.304756E-2
8.810000E-8	1.311779E-2
8.815000E-8	1.319830E-2
8.820000E-8	1.326853E-2
8.825000E-8	1.330622E-2
8.830000E-8	1.331992E-2
8.835000E-8	1.331307E-2
8.840000E-8	1.327196E-2
8.845000E-8	1.321543E-2
8.850000E-8	1.316404E-2
8.855000E-8	1.309895E-2
8.860000E-8	1.302529E-2
8.865000E-8	1.299275E-2
8.870000E-8	1.300816E-2
8.875000E-8	1.303214E-2
8.880000E-8	1.307497E-2
8.885000E-8	1.316062E-2
8.890000E-8	1.324626E-2
8.895000E-8	1.329080E-2
8.900000E-8	1.331307E-2
8.905000E-8	1.332163E-2
8.910000E-8	1.329423E-2
8.915000E-8	1.322057E-2
8.920000E-8	1.311265E-2
8.925000E-8	1.297048E-2
8.930000E-8	1.279747E-2
8.935000E-8	1.263988E-2
8.940000E-8	1.251141E-2
8.945000E-8	1.242576E-2
8.950000E-8	1.240007E-2
8.955000E-8	1.241891E-2
8.960000E-8	1.245488E-2
8.965000E-8	1.252168E-2
8.970000E-8	1.264673E-2
8.975000E-8	1.280261E-2
8.980000E-8	1.293451E-2
8.985000E-8	1.302701E-2
8.990000E-8	1.308353E-2
8.995000E-8	1.309895E-2
9.000000E-8	1.305955E-2
9.005000E-8	1.295506E-2
9.010000E-8	1.282488E-2
9.015000E-8	1.269298E-2
9.020000E-8	1.257136E-2
9.025000E-8	1.246173E-2
9.030000E-8	1.239321E-2
9.035000E-8	1.236067E-2
9.040000E-8	1.235382E-2
9.045000E-8	1.239150E-2
9.050000E-8	1.245659E-2
9.055000E-8	1.252340E-2
9.060000E-8	1.259877E-2
9.065000E-8	1.269127E-2
9.070000E-8	1.273752E-2
9.075000E-8	1.270840E-2
9.080000E-8	1.267071E-2
9.085000E-8	1.265872E-2
9.090000E-8	1.262104E-2
9.095000E-8	1.254567E-2
9.100000E-8	1.246344E-2
9.105000E-8	1.240349E-2
9.110000E-8	1.236752E-2
9.115000E-8	1.234354E-2
9.120000E-8	1.231956E-2
9.125000E-8	1.229386E-2
9.130000E-8	1.230414E-2
9.135000E-8	1.234011E-2
9.140000E-8	1.238122E-2
9.145000E-8	1.242062E-2
9.150000E-8	1.247544E-2
9.155000E-8	1.253710E-2
9.160000E-8	1.259877E-2
9.165000E-8	1.266557E-2
9.170000E-8	1.273752E-2
9.175000E-8	1.279747E-2
9.180000E-8	1.282316E-2
9.185000E-8	1.282830E-2
9.190000E-8	1.281460E-2
9.195000E-8	1.275978E-2
9.200000E-8	1.266043E-2
9.205000E-8	1.252340E-2
9.210000E-8	1.236067E-2
9.215000E-8	1.219451E-2
9.220000E-8	1.203863E-2
9.225000E-8	1.189817E-2
9.230000E-8	1.178683E-2
9.235000E-8	1.171146E-2
9.240000E-8	1.167549E-2
9.245000E-8	1.167720E-2
9.250000E-8	1.171317E-2
9.255000E-8	1.177655E-2
9.260000E-8	1.185363E-2
9.265000E-8	1.193928E-2
9.270000E-8	1.201636E-2
9.275000E-8	1.207460E-2
9.280000E-8	1.211743E-2
9.285000E-8	1.214655E-2
9.290000E-8	1.215854E-2
9.295000E-8	1.215511E-2
9.300000E-8	1.212428E-2
9.305000E-8	1.207460E-2
9.310000E-8	1.203349E-2
9.315000E-8	1.203007E-2
9.320000E-8	1.204720E-2
9.325000E-8	1.207118E-2
9.330000E-8	1.210373E-2
9.335000E-8	1.213970E-2
9.340000E-8	1.215854E-2
9.345000E-8	1.215340E-2
9.350000E-8	1.213798E-2
9.355000E-8	1.214826E-2
9.360000E-8	1.217567E-2
9.365000E-8	1.220136E-2
9.370000E-8	1.223734E-2
9.375000E-8	1.229386E-2
9.380000E-8	1.234183E-2
9.385000E-8	1.237266E-2
9.390000E-8	1.238636E-2
9.395000E-8	1.237437E-2
9.400000E-8	1.233497E-2
9.405000E-8	1.229386E-2
9.410000E-8	1.223220E-2
9.415000E-8	1.213798E-2
9.420000E-8	1.203349E-2
9.425000E-8	1.194442E-2
9.430000E-8	1.187076E-2
9.435000E-8	1.182451E-2
9.440000E-8	1.182109E-2
9.445000E-8	1.185021E-2
9.450000E-8	1.188789E-2
9.455000E-8	1.193928E-2
9.460000E-8	1.199410E-2
9.465000E-8	1.206090E-2
9.470000E-8	1.214484E-2
9.475000E-8	1.222021E-2
9.480000E-8	1.224076E-2
9.485000E-8	1.221335E-2
9.490000E-8	1.216025E-2
9.495000E-8	1.209002E-2
9.500000E-8	1.200951E-2
9.505000E-8	1.191873E-2
9.510000E-8	1.181938E-2
9.515000E-8	1.173030E-2
9.520000E-8	1.168063E-2
9.525000E-8	1.164465E-2
9.530000E-8	1.161725E-2
9.535000E-8	1.162924E-2
9.540000E-8	1.168748E-2
9.545000E-8	1.175257E-2
9.550000E-8	1.181252E-2
9.555000E-8	1.188104E-2
9.560000E-8	1.194442E-2
9.565000E-8	1.200609E-2
9.570000E-8	1.206433E-2
9.575000E-8	1.208317E-2
9.580000E-8	1.203692E-2
9.585000E-8	1.197011E-2
9.590000E-8	1.193243E-2
9.595000E-8	1.190502E-2
9.600000E-8	1.186562E-2
9.605000E-8	1.182623E-2
9.610000E-8	1.179882E-2
9.615000E-8	1.177484E-2
9.620000E-8	1.176114E-2
9.625000E-8	1.176285E-2
9.630000E-8	1.176970E-2
9.635000E-8	1.177141E-2
9.640000E-8	1.178169E-2
9.645000E-8	1.178683E-2
9.650000E-8	1.178683E-2
9.655000E-8	1.179882E-2
9.660000E-8	1.180738E-2
9.665000E-8	1.180738E-2
9.670000E-8	1.180396E-2
9.675000E-8	1.180396E-2
9.680000E-8	1.179539E-2
9.685000E-8	1.177655E-2
9.690000E-8	1.175600E-2
9.695000E-8	1.172516E-2
9.700000E-8	1.170461E-2
9.705000E-8	1.171489E-2
9.710000E-8	1.175942E-2
9.715000E-8	1.183308E-2
9.720000E-8	1.194785E-2
9.725000E-8	1.209173E-2
9.730000E-8	1.220993E-2
9.735000E-8	1.228358E-2
9.740000E-8	1.232641E-2
9.745000E-8	1.233155E-2
9.750000E-8	1.227502E-2
9.755000E-8	1.215683E-2
9.760000E-8	1.199924E-2
9.765000E-8	1.182109E-2
9.770000E-8	1.164294E-2
9.775000E-8	1.148021E-2
9.780000E-8	1.132091E-2
9.785000E-8	1.118044E-2
9.790000E-8	1.108966E-2
9.795000E-8	1.105197E-2
9.800000E-8	1.105711E-2
9.805000E-8	1.109651E-2
9.810000E-8	1.117188E-2
9.815000E-8	1.127980E-2
9.820000E-8	1.139628E-2
9.825000E-8	1.150077E-2
9.830000E-8	1.158128E-2
9.835000E-8	1.164808E-2
9.840000E-8	1.168748E-2
9.845000E-8	1.167549E-2
9.850000E-8	1.162581E-2
9.855000E-8	1.158641E-2
9.860000E-8	1.156243E-2
9.865000E-8	1.153331E-2
9.870000E-8	1.150591E-2
9.875000E-8	1.148706E-2
9.880000E-8	1.146308E-2
9.885000E-8	1.144081E-2
9.890000E-8	1.143910E-2
9.895000E-8	1.144938E-2
9.900000E-8	1.144938E-2
9.905000E-8	1.146137E-2
9.910000E-8	1.148535E-2
9.915000E-8	1.147679E-2
9.920000E-8	1.142540E-2
9.925000E-8	1.137058E-2
9.930000E-8	1.133804E-2
9.935000E-8	1.131748E-2
9.940000E-8	1.130035E-2
9.945000E-8	1.129864E-2
9.950000E-8	1.131748E-2
9.955000E-8	1.134660E-2
9.960000E-8	1.138086E-2
9.965000E-8	1.143396E-2
9.970000E-8	1.151447E-2
9.975000E-8	1.158813E-2
9.980000E-8	1.159669E-2
9.985000E-8	1.155216E-2
9.990000E-8	1.150591E-2
9.995000E-8	1.147336E-2
1.000000E-7	1.143567E-2
1.000500E-7	1.140827E-2
1.001000E-7	1.141855E-2
1.001500E-7	1.145109E-2
1.002000E-7	1.147850E-2
1.002500E-7	1.149391E-2
1.003000E-7	1.152989E-2
1.003500E-7	1.157442E-2
1.004000E-7	1.160697E-2
1.004500E-7	1.164294E-2
1.005000E-7	1.169262E-2
1.005500E-7	1.172859E-2
1.006000E-7	1.173030E-2
1.006500E-7	1.171660E-2
1.007000E-7	1.170975E-2
1.007500E-7	1.170461E-2
1.008000E-7	1.169947E-2
1.008500E-7	1.169604E-2
1.009000E-7	1.166007E-2
1.009500E-7	1.156928E-2
1.010000E-7	1.146651E-2
1.010500E-7	1.137058E-2
1.011000E-7	1.127294E-2
1.011500E-7	1.117873E-2
1.012000E-7	1.111707E-2
1.012500E-7	1.107767E-2
1.013000E-7	1.102114E-2
1.013500E-7	1.094234E-2
1.014000E-7	1.088924E-2
1.014500E-7	1.088068E-2
1.015000E-7	1.089952E-2
1.015500E-7	1.092864E-2
1.016000E-7	1.094920E-2
1.016500E-7	1.097318E-2
1.017000E-7	1.100401E-2
1.017500E-7	1.103142E-2
1.018000E-7	1.103656E-2
1.018500E-7	1.102971E-2
1.019000E-7	1.101943E-2
1.019500E-7	1.099716E-2
1.020000E-7	1.096290E-2
1.020500E-7	1.092522E-2
1.021000E-7	1.088068E-2
1.021500E-7	1.082244E-2
1.022000E-7	1.076249E-2
1.022500E-7	1.073508E-2
1.023000E-7	1.072823E-2
1.023500E-7	1.073508E-2
1.024000E-7	1.077105E-2
1.024500E-7	1.083272E-2
1.025000E-7	1.089781E-2
1.025500E-7	1.094406E-2
1.026000E-7	1.097147E-2
1.026500E-7	1.100230E-2
1.027000E-7	1.105026E-2
1.027500E-7	1.109308E-2
1.028000E-7	1.111878E-2
1.028500E-7	1.113933E-2
1.029000E-7	1.115646E-2
1.029500E-7	1.115646E-2
1.030000E-7	1.115304E-2
1.030500E-7	1.115818E-2
1.031000E-7	1.116332E-2
1.031500E-7	1.115646E-2
1.032000E-7	1.114790E-2
1.032500E-7	1.113762E-2
1.033000E-7	1.112906E-2
1.033500E-7	1.113248E-2
1.034000E-7	1.114105E-2
1.034500E-7	1.114961E-2
1.035000E-7	1.117531E-2
1.035500E-7	1.120785E-2
1.036000E-7	1.122841E-2
1.036500E-7	1.124725E-2
1.037000E-7	1.126952E-2
1.037500E-7	1.127466E-2
1.038000E-7	1.127808E-2
1.038500E-7	1.130549E-2
1.039000E-7	1.132433E-2
1.039500E-7	1.130549E-2
1.040000E-7	1.129007E-2
1.040500E-7	1.131406E-2
1.041000E-7	1.134660E-2
1.041500E-7	1.136373E-2
1.042000E-7	1.138086E-2
1.042500E-7	1.141341E-2
1.043000E-7	1.145452E-2
1.043500E-7	1.147336E-2
1.044000E-7	1.148364E-2
1.044500E-7	1.149905E-2
1.045000E-7	1.150419E-2
1.045500E-7	1.146993E-2
1.046000E-7	1.141855E-2
1.046500E-7	1.136202E-2
1.047000E-7	1.127980E-2
1.047500E-7	1.117188E-2
1.048000E-7	1.105197E-2
1.048500E-7	1.093378E-2
1.049000E-7	1.081216E-2
1.049500E-7	1.072309E-2
1.050000E-7	1.066656E-2
1.050500E-7	1.062031E-2
1.051000E-7	1.060147E-2
1.051500E-7	1.062888E-2
1.052000E-7	1.069054E-2
1.052500E-7	1.076249E-2
1.053000E-7	1.083614E-2
1.053500E-7	1.089952E-2
1.054000E-7	1.096119E-2
1.054500E-7	1.102457E-2
1.055000E-7	1.106225E-2
1.055500E-7	1.105540E-2
1.056000E-7	1.101600E-2
1.056500E-7	1.095605E-2
1.057000E-7	1.085156E-2
1.057500E-7	1.070596E-2
1.058000E-7	1.054151E-2
1.058500E-7	1.037193E-2
1.059000E-7	1.020578E-2
1.059500E-7	1.008758E-2
1.060000E-7	1.002078E-2
1.060500E-7	9.988232E-3
1.061000E-7	1.000194E-2
1.061500E-7	1.008758E-2
1.062000E-7	1.022976E-2
1.062500E-7	1.039420E-2
1.063000E-7	1.058605E-2
1.063500E-7	1.079503E-2
1.064000E-7	1.097660E-2
1.064500E-7	1.111021E-2
1.065000E-7	1.121642E-2
1.065500E-7	1.129179E-2
1.066000E-7	1.131919E-2
1.066500E-7	1.131577E-2
1.067000E-7	1.129007E-2
1.067500E-7	1.122841E-2
1.068000E-7	1.112392E-2
1.068500E-7	1.100572E-2
1.069000E-7	1.089096E-2
1.069500E-7	1.078475E-2
1.070000E-7	1.069054E-2
1.070500E-7	1.060661E-2
1.071000E-7	1.052952E-2
1.071500E-7	1.045758E-2
1.072000E-7	1.038564E-2
1.072500E-7	1.032740E-2
1.073000E-7	1.029142E-2
1.073500E-7	1.027601E-2
1.074000E-7	1.027772E-2
1.074500E-7	1.031369E-2
1.075000E-7	1.037707E-2
1.075500E-7	1.044388E-2
1.076000E-7	1.052610E-2
1.076500E-7	1.062545E-2
1.077000E-7	1.071795E-2
1.077500E-7	1.077276E-2
1.078000E-7	1.080017E-2
1.078500E-7	1.080017E-2
1.079000E-7	1.076249E-2
1.079500E-7	1.068883E-2
1.080000E-7	1.059290E-2
1.080500E-7	1.047128E-2
1.081000E-7	1.033596E-2
1.081500E-7	1.021092E-2
1.082000E-7	1.011328E-2
1.082500E-7	1.003791E-2
1.083000E-7	9.983093E-3
1.083500E-7	9.962537E-3
1.084000E-7	9.971102E-3
1.084500E-7	1.002592E-2
1.085000E-7	1.010300E-2
1.085500E-7	1.016467E-2
1.086000E-7	1.019550E-2
1.086500E-7	1.021263E-2
1.087000E-7	1.024004E-2
1.087500E-7	1.026744E-2
1.088000E-7	1.027429E-2
1.088500E-7	1.026573E-2
1.089000E-7	1.026059E-2
1.089500E-7	1.025716E-2
1.090000E-7	1.027772E-2
1.090500E-7	1.034795E-2
1.091000E-7	1.044902E-2
1.091500E-7	1.053295E-2
1.092000E-7	1.059804E-2
1.092500E-7	1.064258E-2
1.093000E-7	1.065286E-2
1.093500E-7	1.062031E-2
1.094000E-7	1.053980E-2
1.094500E-7	1.042161E-2
1.095000E-7	1.027601E-2
1.095500E-7	1.011670E-2
1.096000E-7	9.962537E-3
1.096500E-7	9.830640E-3
1.097000E-7	9.738141E-3
1.097500E-7	9.685040E-3
1.098000E-7	9.690178E-3
1.098500E-7	9.760409E-3
1.099000E-7	9.885455E-3
1.099500E-7	1.004133E-2
1.100000E-7	1.021092E-2
1.100500E-7	1.038221E-2
1.101000E-7	1.055179E-2
1.101500E-7	1.065286E-2
1.102000E-7	1.065286E-2
1.102500E-7	1.058091E-2
1.103000E-7	1.049013E-2
1.103500E-7	1.037707E-2
1.104000E-7	1.026230E-2
1.104500E-7	1.018865E-2
1.105000E-7	1.015953E-2
1.105500E-7	1.015610E-2
1.106000E-7	1.017323E-2
1.106500E-7	1.023147E-2
1.107000E-7	1.032740E-2
1.107500E-7	1.044045E-2
1.108000E-7	1.053980E-2
1.108500E-7	1.061346E-2
1.109000E-7	1.067170E-2
1.109500E-7	1.070938E-2
1.110000E-7	1.070596E-2
1.110500E-7	1.067170E-2
1.111000E-7	1.063573E-2
1.111500E-7	1.060318E-2
1.112000E-7	1.055693E-2
1.112500E-7	1.051239E-2
1.113000E-7	1.049013E-2
1.113500E-7	1.047985E-2
1.114000E-7	1.047128E-2
1.114500E-7	1.045929E-2
1.115000E-7	1.044559E-2
1.115500E-7	1.044730E-2
1.116000E-7	1.045758E-2
1.116500E-7	1.044045E-2
1.117000E-7	1.037707E-2
1.117500E-7	1.031027E-2
1.118000E-7	1.025374E-2
1.118500E-7	1.019550E-2
1.119000E-7	1.013897E-2
1.119500E-7	1.010643E-2
1.120000E-7	1.010643E-2
1.120500E-7	1.010985E-2
1.121000E-7	1.011499E-2
1.121500E-7	1.014411E-2
1.122000E-7	1.020578E-2
1.122500E-7	1.026059E-2
1.123000E-7	1.030513E-2
1.123500E-7	1.036679E-2
1.124000E-7	1.044559E-2
1.124500E-7	1.053124E-2
1.125000E-7	1.060661E-2
1.125500E-7	1.065457E-2
1.126000E-7	1.067512E-2
1.126500E-7	1.068540E-2
1.127000E-7	1.070253E-2
1.127500E-7	1.070082E-2
1.128000E-7	1.065971E-2
1.128500E-7	1.059119E-2
1.129000E-7	1.052952E-2
1.129500E-7	1.049184E-2
1.130000E-7	1.045415E-2
1.130500E-7	1.040619E-2
1.131000E-7	1.034624E-2
1.131500E-7	1.030855E-2
1.132000E-7	1.026916E-2
1.132500E-7	1.021777E-2
1.133000E-7	1.016638E-2
1.133500E-7	1.013897E-2
1.134000E-7	1.010814E-2
1.134500E-7	1.001735E-2
1.135000E-7	9.882029E-3
1.135500E-7	9.733002E-3
1.136000E-7	9.568559E-3
1.136500E-7	9.383560E-3
1.137000E-7	9.201988E-3
1.137500E-7	9.056387E-3
1.138000E-7	8.965601E-3
1.138500E-7	8.938193E-3
1.139000E-7	8.962175E-3
1.139500E-7	9.027267E-3
1.140000E-7	9.130044E-3
1.140500E-7	9.282496E-3
1.141000E-7	9.464069E-3
1.141500E-7	9.661058E-3
1.142000E-7	9.870038E-3
1.142500E-7	1.007217E-2
1.143000E-7	1.022119E-2
1.143500E-7	1.029142E-2
1.144000E-7	1.030684E-2
1.144500E-7	1.028457E-2
1.145000E-7	1.021948E-2
1.145500E-7	1.012698E-2
1.146000E-7	1.005846E-2
1.146500E-7	1.001735E-2
1.147000E-7	9.967676E-3
1.147500E-7	9.912862E-3
1.148000E-7	9.870038E-3
1.148500E-7	9.830640E-3
1.149000E-7	9.813511E-3
1.149500E-7	9.832353E-3
1.150000E-7	9.880316E-3
1.150500E-7	9.933417E-3
1.151000E-7	9.984806E-3
1.151500E-7	1.002934E-2
1.152000E-7	1.007045E-2
1.152500E-7	1.011670E-2
1.153000E-7	1.016467E-2
1.153500E-7	1.020749E-2
1.154000E-7	1.024175E-2
1.154500E-7	1.026402E-2
1.155000E-7	1.026230E-2
1.155500E-7	1.022291E-2
1.156000E-7	1.015781E-2
1.156500E-7	1.009101E-2
1.157000E-7	1.003106E-2
1.157500E-7	9.960825E-3
1.158000E-7	9.882029E-3
1.158500E-7	9.813511E-3
1.159000E-7	9.755271E-3
1.159500E-7	9.710734E-3
1.160000E-7	9.685040E-3
1.160500E-7	9.673049E-3
1.161000E-7	9.688465E-3
1.161500E-7	9.746706E-3
1.162000E-7	9.832353E-3
1.162500E-7	9.900871E-3
1.163000E-7	9.953973E-3
1.163500E-7	1.001906E-2
1.164000E-7	1.008416E-2
1.164500E-7	1.011842E-2
1.165000E-7	1.013555E-2
1.165500E-7	1.014411E-2
1.166000E-7	1.014754E-2
1.166500E-7	1.014925E-2
1.167000E-7	1.014068E-2
1.167500E-7	1.010985E-2
1.168000E-7	1.007902E-2
1.168500E-7	1.006531E-2
1.169000E-7	1.005332E-2
1.169500E-7	1.003962E-2
1.170000E-7	1.004647E-2
1.170500E-7	1.006018E-2
1.171000E-7	1.005504E-2
1.171500E-7	1.004476E-2
1.172000E-7	1.005504E-2
1.172500E-7	1.007388E-2
1.173000E-7	1.007731E-2
1.173500E-7	1.006874E-2
1.174000E-7	1.004990E-2
1.174500E-7	1.000022E-2
1.175000E-7	9.924853E-3
1.175500E-7	9.830640E-3
1.176000E-7	9.721012E-3
1.176500E-7	9.611383E-3
1.177000E-7	9.518883E-3
1.177500E-7	9.460643E-3
1.178000E-7	9.424671E-3
1.178500E-7	9.405829E-3
1.179000E-7	9.414393E-3
1.179500E-7	9.431523E-3
1.180000E-7	9.440088E-3
1.180500E-7	9.433236E-3
1.181000E-7	9.426384E-3
1.181500E-7	9.409255E-3
1.182000E-7	9.368144E-3
1.182500E-7	9.325320E-3
1.183000E-7	9.277357E-3
1.183500E-7	9.231108E-3
1.184000E-7	9.212265E-3
1.184500E-7	9.237960E-3
1.185000E-7	9.280783E-3
1.185500E-7	9.318468E-3
1.186000E-7	9.386986E-3
1.186500E-7	9.477773E-3
1.187000E-7	9.551429E-3
1.187500E-7	9.590827E-3
1.188000E-7	9.601105E-3
1.188500E-7	9.580550E-3
1.189000E-7	9.527448E-3
1.189500E-7	9.481198E-3
1.190000E-7	9.464069E-3
1.190500E-7	9.464069E-3
1.191000E-7	9.484624E-3
1.191500E-7	9.542865E-3
1.192000E-7	9.625086E-3
1.192500E-7	9.709021E-3
1.193000E-7	9.780965E-3
1.193500E-7	9.840918E-3
1.194000E-7	9.870038E-3
1.194500E-7	9.868325E-3
1.195000E-7	9.835779E-3
1.195500E-7	9.765548E-3
1.196000E-7	9.654206E-3
1.196500E-7	9.520596E-3
1.197000E-7	9.392125E-3
1.197500E-7	9.285922E-3
1.198000E-7	9.207126E-3
1.198500E-7	9.154025E-3
1.199000E-7	9.111201E-3
1.199500E-7	9.087220E-3
1.200000E-7	9.087220E-3
1.200500E-7	9.118053E-3
1.201000E-7	9.155738E-3
1.201500E-7	9.207126E-3
1.202000E-7	9.279070E-3
1.202500E-7	9.335598E-3
1.203000E-7	9.359579E-3
1.203500E-7	9.378421E-3
1.204000E-7	9.393838E-3
1.204500E-7	9.385273E-3
1.205000E-7	9.352727E-3
1.205500E-7	9.308191E-3
1.206000E-7	9.236247E-3
1.206500E-7	9.150599E-3
1.207000E-7	9.071803E-3
1.207500E-7	9.001572E-3
1.208000E-7	8.933054E-3
1.208500E-7	8.883379E-3
1.209000E-7	8.845694E-3
1.209500E-7	8.794306E-3
1.210000E-7	8.754908E-3
1.210500E-7	8.758334E-3
1.211000E-7	8.790880E-3
1.211500E-7	8.820000E-3
1.212000E-7	8.867962E-3
1.212500E-7	8.962175E-3
1.213000E-7	9.087220E-3
1.213500E-7	9.210552E-3
1.214000E-7	9.321894E-3
1.214500E-7	9.429810E-3
1.215000E-7	9.536013E-3
1.215500E-7	9.618235E-3
1.216000E-7	9.645642E-3
1.216500E-7	9.631938E-3
1.217000E-7	9.597679E-3
1.217500E-7	9.551429E-3
1.218000E-7	9.506893E-3
1.218500E-7	9.446939E-3
1.219000E-7	9.357866E-3
1.219500E-7	9.243098E-3
1.220000E-7	9.135183E-3
1.220500E-7	9.039257E-3
1.221000E-7	8.963888E-3
1.221500E-7	8.933054E-3
1.222000E-7	8.938193E-3
1.222500E-7	8.955323E-3
1.223000E-7	8.998147E-3
1.223500E-7	9.085507E-3
1.224000E-7	9.183145E-3
1.224500E-7	9.270506E-3
1.225000E-7	9.393838E-3
1.225500E-7	9.529161E-3
1.226000E-7	9.625086E-3
1.226500E-7	9.676475E-3
1.227000E-7	9.690178E-3
1.227500E-7	9.659345E-3
1.228000E-7	9.589114E-3
1.228500E-7	9.484624E-3
1.229000E-7	9.339024E-3
1.229500E-7	9.176293E-3
1.230000E-7	9.032406E-3
1.230500E-7	8.915925E-3
1.231000E-7	8.826852E-3
1.231500E-7	8.780602E-3
1.232000E-7	8.766898E-3
1.232500E-7	8.789167E-3
1.233000E-7	8.857685E-3
1.233500E-7	8.945045E-3
1.234000E-7	9.020415E-3
1.234500E-7	9.100924E-3
1.235000E-7	9.193423E-3
1.235500E-7	9.265367E-3
1.236000E-7	9.297913E-3
1.236500E-7	9.315042E-3
1.237000E-7	9.313329E-3
1.237500E-7	9.292774E-3
1.238000E-7	9.256802E-3
1.238500E-7	9.195136E-3
1.239000E-7	9.124905E-3
1.239500E-7	9.082081E-3
1.240000E-7	9.071803E-3
1.240500E-7	9.066665E-3
1.241000E-7	9.063239E-3
1.241500E-7	9.076942E-3
1.242000E-7	9.090646E-3
1.242500E-7	9.073516E-3
1.243000E-7	9.028980E-3
1.243500E-7	8.986156E-3
1.244000E-7	8.963888E-3
1.244500E-7	8.943332E-3
1.245000E-7	8.905647E-3
1.245500E-7	8.862824E-3
1.246000E-7	8.823426E-3
1.246500E-7	8.787454E-3
1.247000E-7	8.756621E-3
1.247500E-7	8.725788E-3
1.248000E-7	8.696667E-3
1.248500E-7	8.670973E-3
1.249000E-7	8.653844E-3
1.249500E-7	8.631575E-3
1.250000E-7	8.619585E-3
1.250500E-7	8.653844E-3
1.251000E-7	8.737778E-3
1.251500E-7	8.833703E-3
1.252000E-7	8.941619E-3
1.252500E-7	9.068378E-3
1.253000E-7	9.181432E-3
1.253500E-7	9.260228E-3
1.254000E-7	9.306478E-3
1.254500E-7	9.323607E-3
1.255000E-7	9.280783E-3
1.255500E-7	9.159164E-3
1.256000E-7	8.994721E-3
1.256500E-7	8.830277E-3
1.257000E-7	8.657270E-3
1.257500E-7	8.479123E-3
1.258000E-7	8.324957E-3
1.258500E-7	8.220467E-3
1.259000E-7	8.163940E-3
1.259500E-7	8.167366E-3
1.260000E-7	8.230745E-3
1.260500E-7	8.345513E-3
1.261000E-7	8.489400E-3
1.261500E-7	8.655557E-3
1.262000E-7	8.835416E-3
1.262500E-7	8.977591E-3
1.263000E-7	9.051248E-3
1.263500E-7	9.088933E-3
1.264000E-7	9.112914E-3
1.264500E-7	9.099211E-3
1.265000E-7	9.035831E-3
1.265500E-7	8.946758E-3
1.266000E-7	8.843981E-3
1.266500E-7	8.724075E-3
1.267000E-7	8.612733E-3
1.267500E-7	8.542502E-3
1.268000E-7	8.509956E-3
1.268500E-7	8.516808E-3
1.269000E-7	8.569909E-3
1.269500E-7	8.660695E-3
1.270000E-7	8.766898E-3
1.270500E-7	8.874814E-3
1.271000E-7	8.982730E-3
1.271500E-7	9.088933E-3
1.272000E-7	9.196849E-3
1.272500E-7	9.292774E-3
1.273000E-7	9.332172E-3
1.273500E-7	9.327033E-3
1.274000E-7	9.296200E-3
1.274500E-7	9.246524E-3
1.275000E-7	9.171155E-3
1.275500E-7	9.073516E-3
1.276000E-7	8.955323E-3
1.276500E-7	8.843981E-3
1.277000E-7	8.761759E-3
1.277500E-7	8.734352E-3
1.278000E-7	8.760047E-3
1.278500E-7	8.840555E-3
1.279000E-7	8.953610E-3
1.279500E-7	9.064952E-3
1.280000E-7	9.155738E-3
1.280500E-7	9.227682E-3
1.281000E-7	9.277357E-3
1.281500E-7	9.297913E-3
1.282000E-7	9.270506E-3
1.282500E-7	9.212265E-3
1.283000E-7	9.150599E-3
1.283500E-7	9.071803E-3
1.284000E-7	8.967313E-3
1.284500E-7	8.843981E-3
1.285000E-7	8.713797E-3
1.285500E-7	8.581900E-3
1.286000E-7	8.482549E-3
1.286500E-7	8.429447E-3
1.287000E-7	8.398614E-3
1.287500E-7	8.374633E-3
1.288000E-7	8.350651E-3
1.288500E-7	8.326670E-3
1.289000E-7	8.297550E-3
1.289500E-7	8.287272E-3
1.290000E-7	8.297550E-3
1.290500E-7	8.324957E-3
1.291000E-7	8.371207E-3
1.291500E-7	8.448290E-3
1.292000E-7	8.535650E-3
1.292500E-7	8.619585E-3
1.293000E-7	8.708658E-3
1.293500E-7	8.785741E-3
1.294000E-7	8.831990E-3
1.294500E-7	8.864536E-3
1.295000E-7	8.910786E-3
1.295500E-7	8.939906E-3
1.296000E-7	8.924490E-3
1.296500E-7	8.879953E-3
1.297000E-7	8.823426E-3
1.297500E-7	8.742917E-3
1.298000E-7	8.641853E-3
1.298500E-7	8.566483E-3
1.299000E-7	8.516808E-3
1.299500E-7	8.451716E-3
1.300000E-7	8.376346E-3
1.300500E-7	8.321531E-3
1.301000E-7	8.287272E-3
1.301500E-7	8.275282E-3
1.302000E-7	8.304402E-3
1.302500E-7	8.378059E-3
1.303000E-7	8.470558E-3
1.303500E-7	8.576761E-3
1.304000E-7	8.686390E-3
1.304500E-7	8.780602E-3
1.305000E-7	8.820000E-3
1.305500E-7	8.797731E-3
1.306000E-7	8.751482E-3
1.306500E-7	8.691529E-3
1.307000E-7	8.590464E-3
1.307500E-7	8.451716E-3
1.308000E-7	8.299263E-3
1.308500E-7	8.148523E-3
1.309000E-7	8.023478E-3
1.309500E-7	7.944682E-3
1.310000E-7	7.903571E-3
1.310500E-7	7.893294E-3
1.311000E-7	7.942969E-3
1.311500E-7	8.038895E-3
1.312000E-7	8.127968E-3
1.312500E-7	8.201625E-3
1.313000E-7	8.288985E-3
1.313500E-7	8.388336E-3
1.314000E-7	8.473984E-3
1.314500E-7	8.544215E-3
1.315000E-7	8.595603E-3
1.315500E-7	8.629862E-3
1.316000E-7	8.676112E-3
1.316500E-7	8.742917E-3
1.317000E-7	8.794306E-3
1.317500E-7	8.820000E-3
1.318000E-7	8.862824E-3
1.318500E-7	8.926203E-3
1.319000E-7	8.963888E-3
1.319500E-7	8.962175E-3
1.320000E-7	8.938193E-3
1.320500E-7	8.876527E-3
1.321000E-7	8.768611E-3
1.321500E-7	8.652131E-3
1.322000E-7	8.533937E-3
1.322500E-7	8.381485E-3
1.323000E-7	8.234171E-3
1.323500E-7	8.134820E-3
1.324000E-7	8.056024E-3
1.324500E-7	8.002923E-3
1.325000E-7	8.018339E-3
1.325500E-7	8.095422E-3
1.326000E-7	8.189634E-3
1.326500E-7	8.295837E-3
1.327000E-7	8.426021E-3
1.327500E-7	8.540789E-3
1.328000E-7	8.619585E-3
1.328500E-7	8.682964E-3
1.329000E-7	8.725788E-3
1.329500E-7	8.700093E-3
1.330000E-7	8.614446E-3
1.330500E-7	8.504817E-3
1.331000E-7	8.383198E-3
1.331500E-7	8.254726E-3
1.332000E-7	8.129681E-3
1.332500E-7	8.032043E-3
1.333000E-7	7.973802E-3
1.333500E-7	7.954960E-3
1.334000E-7	7.954960E-3
1.334500E-7	7.978941E-3
1.335000E-7	8.028617E-3
1.335500E-7	8.086857E-3
1.336000E-7	8.133107E-3
1.336500E-7	8.169079E-3
1.337000E-7	8.208477E-3
1.337500E-7	8.229032E-3
1.338000E-7	8.230745E-3
1.338500E-7	8.230745E-3
1.339000E-7	8.239310E-3
1.339500E-7	8.234171E-3
1.340000E-7	8.225606E-3
1.340500E-7	8.223893E-3
1.341000E-7	8.223893E-3
1.341500E-7	8.217041E-3
1.342000E-7	8.203338E-3
1.342500E-7	8.174218E-3
1.343000E-7	8.124542E-3
1.343500E-7	8.050885E-3
1.344000E-7	7.973802E-3
1.344500E-7	7.898433E-3
1.345000E-7	7.831628E-3
1.345500E-7	7.768248E-3
1.346000E-7	7.728851E-3
1.346500E-7	7.728851E-3
1.347000E-7	7.754545E-3
1.347500E-7	7.793943E-3
1.348000E-7	7.879590E-3
1.348500E-7	7.989219E-3
1.349000E-7	8.068015E-3
1.349500E-7	8.105700E-3
1.350000E-7	8.133107E-3
1.350500E-7	8.167366E-3
1.351000E-7	8.186208E-3
1.351500E-7	8.196486E-3
1.352000E-7	8.235884E-3
1.352500E-7	8.297550E-3
1.353000E-7	8.371207E-3
1.353500E-7	8.441438E-3
1.354000E-7	8.516808E-3
1.354500E-7	8.587039E-3
1.355000E-7	8.645279E-3
1.355500E-7	8.681251E-3
1.356000E-7	8.684677E-3
1.356500E-7	8.655557E-3
1.357000E-7	8.581900E-3
1.357500E-7	8.461993E-3
1.358000E-7	8.314680E-3
1.358500E-7	8.174218E-3
1.359000E-7	8.042320E-3
1.359500E-7	7.920701E-3
1.360000E-7	7.836766E-3
1.360500E-7	7.809359E-3
1.361000E-7	7.819637E-3
1.361500E-7	7.855609E-3
1.362000E-7	7.917275E-3
1.362500E-7	8.001210E-3
1.363000E-7	8.078292E-3
1.363500E-7	8.133107E-3
1.364000E-7	8.179356E-3
1.364500E-7	8.205051E-3
1.365000E-7	8.174218E-3
1.365500E-7	8.083431E-3
1.366000E-7	7.984080E-3
1.366500E-7	7.888155E-3
1.367000E-7	7.793943E-3
1.367500E-7	7.720286E-3
1.368000E-7	7.682601E-3
1.368500E-7	7.679175E-3
1.369000E-7	7.718573E-3
1.369500E-7	7.797369E-3
1.370000E-7	7.877877E-3
1.370500E-7	7.937830E-3
1.371000E-7	8.002923E-3
1.371500E-7	8.074867E-3
1.372000E-7	8.122829E-3
1.372500E-7	8.148523E-3
1.373000E-7	8.186208E-3
1.373500E-7	8.253013E-3
1.374000E-7	8.311254E-3
1.374500E-7	8.343800E-3
1.375000E-7	8.372920E-3
1.375500E-7	8.396901E-3
1.376000E-7	8.403753E-3
1.376500E-7	8.400327E-3
1.377000E-7	8.403753E-3
1.377500E-7	8.384910E-3
1.378000E-7	8.336948E-3
1.378500E-7	8.292411E-3
1.379000E-7	8.251300E-3
1.379500E-7	8.184495E-3
1.380000E-7	8.093709E-3
1.380500E-7	7.999497E-3
1.381000E-7	7.893294E-3
1.381500E-7	7.781952E-3
1.382000E-7	7.679175E-3
1.382500E-7	7.581537E-3
1.383000E-7	7.502741E-3
1.383500E-7	7.461630E-3
1.384000E-7	7.420520E-3
1.384500E-7	7.384548E-3
1.385000E-7	7.370844E-3
1.385500E-7	7.365705E-3
1.386000E-7	7.355427E-3
1.386500E-7	7.379409E-3
1.387000E-7	7.439362E-3
1.387500E-7	7.483899E-3
1.388000E-7	7.511306E-3
1.388500E-7	7.562694E-3
1.389000E-7	7.607231E-3
1.389500E-7	7.610657E-3
1.390000E-7	7.603805E-3
1.390500E-7	7.608944E-3
1.391000E-7	7.588389E-3
1.391500E-7	7.542139E-3
1.392000E-7	7.504454E-3
1.392500E-7	7.478760E-3
1.393000E-7	7.465056E-3
1.393500E-7	7.490751E-3
1.394000E-7	7.547278E-3
1.394500E-7	7.617509E-3
1.395000E-7	7.713434E-3
1.395500E-7	7.836766E-3
1.396000E-7	7.954960E-3
1.396500E-7	8.064589E-3
1.397000E-7	8.170792E-3
1.397500E-7	8.239310E-3
1.398000E-7	8.270143E-3
1.398500E-7	8.314680E-3
1.399000E-7	8.347226E-3
1.399500E-7	8.312967E-3
1.400000E-7	8.247874E-3
1.400500E-7	8.179356E-3
1.401000E-7	8.074867E-3
1.401500E-7	7.968664E-3
1.402000E-7	7.930979E-3
1.402500E-7	7.925840E-3
1.403000E-7	7.895007E-3
1.403500E-7	7.852183E-3
1.404000E-7	7.852183E-3
1.404500E-7	7.877877E-3
1.405000E-7	7.905284E-3
1.405500E-7	7.920701E-3
1.406000E-7	7.910423E-3
1.406500E-7	7.877877E-3
1.407000E-7	7.829915E-3
1.407500E-7	7.771674E-3
1.408000E-7	7.698017E-3
1.408500E-7	7.607231E-3
1.409000E-7	7.507880E-3
1.409500E-7	7.420520E-3
1.410000E-7	7.352002E-3
1.410500E-7	7.300613E-3
1.411000E-7	7.278345E-3
1.411500E-7	7.295474E-3
1.412000E-7	7.355427E-3
1.412500E-7	7.422233E-3
1.413000E-7	7.494176E-3
1.413500E-7	7.572972E-3
1.414000E-7	7.665471E-3
1.414500E-7	7.766535E-3
1.415000E-7	7.850470E-3
1.415500E-7	7.920701E-3
1.416000E-7	7.966951E-3
1.416500E-7	7.977228E-3
1.417000E-7	7.951534E-3
1.417500E-7	7.912136E-3
1.418000E-7	7.877877E-3
1.418500E-7	7.840192E-3
1.419000E-7	7.804220E-3
1.419500E-7	7.781952E-3
1.420000E-7	7.775100E-3
1.420500E-7	7.773387E-3
1.421000E-7	7.757971E-3
1.421500E-7	7.730564E-3
1.422000E-7	7.704869E-3
1.422500E-7	7.684314E-3
1.423000E-7	7.650055E-3
1.423500E-7	7.610657E-3
1.424000E-7	7.576398E-3
1.424500E-7	7.538713E-3
1.425000E-7	7.490751E-3
1.425500E-7	7.432510E-3
1.426000E-7	7.375983E-3
1.426500E-7	7.346863E-3
1.427000E-7	7.336585E-3
1.427500E-7	7.333159E-3
1.428000E-7	7.324594E-3
1.428500E-7	7.300613E-3
1.429000E-7	7.285197E-3
1.429500E-7	7.297187E-3
1.430000E-7	7.319456E-3
1.430500E-7	7.322881E-3
1.431000E-7	7.310891E-3
1.431500E-7	7.304039E-3
1.432000E-7	7.310891E-3
1.432500E-7	7.338298E-3
1.433000E-7	7.398251E-3
1.433500E-7	7.485612E-3
1.434000E-7	7.595240E-3
1.434500E-7	7.711721E-3
1.435000E-7	7.814498E-3
1.435500E-7	7.889868E-3
1.436000E-7	7.939543E-3
1.436500E-7	7.977228E-3
1.437000E-7	7.982367E-3
1.437500E-7	7.930979E-3
1.438000E-7	7.826489E-3
1.438500E-7	7.691166E-3
1.439000E-7	7.518158E-3
1.439500E-7	7.340011E-3
1.440000E-7	7.213253E-3
1.440500E-7	7.143022E-3
1.441000E-7	7.086494E-3
1.441500E-7	7.048809E-3
1.442000E-7	7.053948E-3
1.442500E-7	7.089920E-3
1.443000E-7	7.122466E-3
1.443500E-7	7.155012E-3
1.444000E-7	7.216679E-3
1.444500E-7	7.286909E-3
1.445000E-7	7.348576E-3
1.445500E-7	7.399964E-3
1.446000E-7	7.447927E-3
1.446500E-7	7.495889E-3
1.447000E-7	7.550704E-3
1.447500E-7	7.603805E-3
1.448000E-7	7.643203E-3
1.448500E-7	7.672323E-3
1.449000E-7	7.696305E-3
1.449500E-7	7.713434E-3
1.450000E-7	7.725425E-3
1.450500E-7	7.728851E-3
1.451000E-7	7.715147E-3
1.451500E-7	7.704869E-3
1.452000E-7	7.716860E-3
1.452500E-7	7.732276E-3
1.453000E-7	7.730564E-3
1.453500E-7	7.720286E-3
1.454000E-7	7.727138E-3
1.454500E-7	7.739128E-3
1.455000E-7	7.733989E-3
1.455500E-7	7.711721E-3
1.456000E-7	7.680888E-3
1.456500E-7	7.632925E-3
1.457000E-7	7.578111E-3
1.457500E-7	7.533574E-3
1.458000E-7	7.514732E-3
1.458500E-7	7.528435E-3
1.459000E-7	7.564407E-3
1.459500E-7	7.593528E-3
1.460000E-7	7.598666E-3
1.460500E-7	7.588389E-3
1.461000E-7	7.560981E-3
1.461500E-7	7.526722E-3
1.462000E-7	7.501028E-3
1.462500E-7	7.489038E-3
1.463000E-7	7.478760E-3
1.463500E-7	7.459917E-3
1.464000E-7	7.449640E-3
1.464500E-7	7.447927E-3
1.465000E-7	7.461630E-3
1.465500E-7	7.492463E-3
1.466000E-7	7.554130E-3
1.466500E-7	7.629499E-3
1.467000E-7	7.694592E-3
1.467500E-7	7.744267E-3
1.468000E-7	7.793943E-3
1.468500E-7	7.819637E-3
1.469000E-7	7.802507E-3
1.469500E-7	7.751119E-3
1.470000E-7	7.670610E-3
1.470500E-7	7.566120E-3
1.471000E-7	7.447927E-3
1.471500E-7	7.328020E-3
1.472000E-7	7.206401E-3
1.472500E-7	7.098485E-3
1.473000E-7	7.012837E-3
1.473500E-7	6.952884E-3
1.474000E-7	6.906635E-3
1.474500E-7	6.870663E-3
1.475000E-7	6.855246E-3
1.475500E-7	6.867237E-3
1.476000E-7	6.910060E-3
1.476500E-7	6.961449E-3
1.477000E-7	7.009412E-3
1.477500E-7	7.055661E-3
1.478000E-7	7.110476E-3
1.478500E-7	7.185845E-3
1.479000E-7	7.264641E-3
1.479500E-7	7.314317E-3
1.480000E-7	7.338298E-3
1.480500E-7	7.369131E-3
1.481000E-7	7.403390E-3
1.481500E-7	7.425658E-3
1.482000E-7	7.427371E-3
1.482500E-7	7.434223E-3
1.483000E-7	7.435936E-3
1.483500E-7	7.437649E-3
1.484000E-7	7.437649E-3
1.484500E-7	7.423945E-3
1.485000E-7	7.384548E-3
1.485500E-7	7.324594E-3
1.486000E-7	7.259502E-3
1.486500E-7	7.194410E-3
1.487000E-7	7.129318E-3
1.487500E-7	7.071078E-3
1.488000E-7	7.017976E-3
1.488500E-7	6.971727E-3
1.489000E-7	6.939181E-3
1.489500E-7	6.932329E-3
1.490000E-7	6.947745E-3
1.490500E-7	6.982004E-3
1.491000E-7	7.019689E-3
1.491500E-7	7.023115E-3
1.492000E-7	6.995708E-3
1.492500E-7	6.978578E-3
1.493000E-7	6.964875E-3
1.493500E-7	6.925477E-3
1.494000E-7	6.882653E-3
1.494500E-7	6.862098E-3
1.495000E-7	6.865524E-3
1.495500E-7	6.891218E-3
1.496000E-7	6.951171E-3
1.496500E-7	7.057374E-3
1.497000E-7	7.192697E-3
1.497500E-7	7.326307E-3
1.498000E-7	7.434223E-3
1.498500E-7	7.507880E-3
1.499000E-7	7.560981E-3
1.499500E-7	7.586676E-3
1.500000E-7	7.576398E-3
1.500500E-7	7.533574E-3
1.501000E-7	7.465056E-3
1.501500E-7	7.375983E-3
1.502000E-7	7.288622E-3
1.502500E-7	7.225243E-3
1.503000E-7	7.197836E-3
1.503500E-7	7.206401E-3
1.504000E-7	7.240660E-3
1.504500E-7	7.304039E-3
1.505000E-7	7.381122E-3
1.505500E-7	7.442788E-3
1.506000E-7	7.485612E-3
1.506500E-7	7.519871E-3
1.507000E-7	7.530148E-3
1.507500E-7	7.499315E-3
1.508000E-7	7.453066E-3
1.508500E-7	7.375983E-3
1.509000E-7	7.233808E-3
1.509500E-7	7.055661E-3
1.510000E-7	6.889505E-3
1.510500E-7	6.730201E-3
1.511000E-7	6.582887E-3
1.511500E-7	6.469832E-3
1.512000E-7	6.399601E-3
1.512500E-7	6.399601E-3
1.513000E-7	6.469832E-3
1.513500E-7	6.579461E-3
1.514000E-7	6.718210E-3
1.514500E-7	6.899783E-3
1.515000E-7	7.107050E-3
1.515500E-7	7.268067E-3
1.516000E-7	7.363992E-3
1.516500E-7	7.410242E-3
1.517000E-7	7.393112E-3
1.517500E-7	7.304039E-3
1.518000E-7	7.167003E-3
1.518500E-7	7.019689E-3
1.519000E-7	6.879227E-3
1.519500E-7	6.762747E-3
1.520000E-7	6.673673E-3
1.520500E-7	6.605155E-3
1.521000E-7	6.560619E-3
1.521500E-7	6.548628E-3
1.522000E-7	6.565758E-3
1.522500E-7	6.584600E-3
1.523000E-7	6.608581E-3
1.523500E-7	6.661683E-3
1.524000E-7	6.743904E-3
1.524500E-7	6.802145E-3
1.525000E-7	6.836404E-3
1.525500E-7	6.856959E-3
1.526000E-7	6.853533E-3
1.526500E-7	6.819274E-3
1.527000E-7	6.783302E-3
1.527500E-7	6.766173E-3
1.528000E-7	6.754182E-3
1.528500E-7	6.728488E-3
1.529000E-7	6.682238E-3
1.529500E-7	6.629137E-3
1.530000E-7	6.570896E-3
1.530500E-7	6.505804E-3
1.531000E-7	6.450990E-3
1.531500E-7	6.418444E-3
1.532000E-7	6.406453E-3
1.532500E-7	6.415018E-3
1.533000E-7	6.459555E-3
1.533500E-7	6.536637E-3
1.534000E-7	6.641127E-3
1.534500E-7	6.776450E-3
1.535000E-7	6.939181E-3
1.535500E-7	7.098485E-3
1.536000E-7	7.223530E-3
1.536500E-7	7.319456E-3
1.537000E-7	7.410242E-3
1.537500E-7	7.475334E-3
1.538000E-7	7.483899E-3
1.538500E-7	7.423945E-3
1.539000E-7	7.307465E-3
1.539500E-7	7.132744E-3
1.540000E-7	6.910060E-3
1.540500E-7	6.675386E-3
1.541000E-7	6.457842E-3
1.541500E-7	6.264278E-3
1.542000E-7	6.113539E-3
1.542500E-7	6.036456E-3
1.543000E-7	6.026178E-3
1.543500E-7	6.057011E-3
1.544000E-7	6.122103E-3
1.544500E-7	6.219742E-3
1.545000E-7	6.310528E-3
1.545500E-7	6.370481E-3
1.546000E-7	6.415018E-3
1.546500E-7	6.459555E-3
1.547000E-7	6.485249E-3
1.547500E-7	6.476684E-3
1.548000E-7	6.457842E-3
1.548500E-7	6.450990E-3
1.549000E-7	6.456129E-3
1.549500E-7	6.450990E-3
1.550000E-7	6.469832E-3
1.550500E-7	6.536637E-3
1.551000E-7	6.644553E-3
1.551500E-7	6.759321E-3
1.552000E-7	6.884366E-3
1.552500E-7	7.016263E-3
1.553000E-7	7.124179E-3
1.553500E-7	7.190984E-3
1.554000E-7	7.233808E-3
1.554500E-7	7.247512E-3
1.555000E-7	7.213253E-3
1.555500E-7	7.146448E-3
1.556000E-7	7.083068E-3
1.556500E-7	7.011125E-3
1.557000E-7	6.898070E-3
1.557500E-7	6.781589E-3
1.558000E-7	6.706219E-3
1.558500E-7	6.661683E-3
1.559000E-7	6.620572E-3
1.559500E-7	6.589739E-3
1.560000E-7	6.582887E-3
1.560500E-7	6.567470E-3
1.561000E-7	6.533211E-3
1.561500E-7	6.502378E-3
1.562000E-7	6.488675E-3
1.562500E-7	6.468119E-3
1.563000E-7	6.438999E-3
1.563500E-7	6.411592E-3
1.564000E-7	6.375620E-3
1.564500E-7	6.341361E-3
1.565000E-7	6.325945E-3
1.565500E-7	6.303676E-3
1.566000E-7	6.259139E-3
1.566500E-7	6.219742E-3
1.567000E-7	6.211177E-3
1.567500E-7	6.214603E-3
1.568000E-7	6.233445E-3
1.568500E-7	6.276269E-3
1.569000E-7	6.329370E-3
1.569500E-7	6.356778E-3
1.570000E-7	6.367055E-3
1.570500E-7	6.384185E-3
1.571000E-7	6.413305E-3
1.571500E-7	6.461268E-3
1.572000E-7	6.538350E-3
1.572500E-7	6.627424E-3
1.573000E-7	6.701081E-3
1.573500E-7	6.755895E-3
1.574000E-7	6.786728E-3
1.574500E-7	6.767886E-3
1.575000E-7	6.721636E-3
1.575500E-7	6.682238E-3
1.576000E-7	6.651405E-3
1.576500E-7	6.615433E-3
1.577000E-7	6.584600E-3
1.577500E-7	6.546915E-3
1.578000E-7	6.474971E-3
1.578500E-7	6.392750E-3
1.579000E-7	6.351639E-3
1.579500E-7	6.337935E-3
1.580000E-7	6.324232E-3
1.580500E-7	6.322519E-3
1.581000E-7	6.322519E-3
1.581500E-7	6.301963E-3
1.582000E-7	6.281408E-3
1.582500E-7	6.277982E-3
1.583000E-7	6.271130E-3
1.583500E-7	6.252288E-3
1.584000E-7	6.238584E-3
1.584500E-7	6.245436E-3
1.585000E-7	6.279695E-3
1.585500E-7	6.322519E-3
1.586000E-7	6.355065E-3
1.586500E-7	6.384185E-3
1.587000E-7	6.416731E-3
1.587500E-7	6.425296E-3
1.588000E-7	6.413305E-3
1.588500E-7	6.427009E-3
1.589000E-7	6.452703E-3
1.589500E-7	6.444138E-3
1.590000E-7	6.411592E-3
1.590500E-7	6.384185E-3
1.591000E-7	6.355065E-3
1.591500E-7	6.317380E-3
1.592000E-7	6.295111E-3
1.592500E-7	6.288260E-3
1.593000E-7	6.286547E-3
1.593500E-7	6.295111E-3
1.594000E-7	6.315667E-3
1.594500E-7	6.348213E-3
1.595000E-7	6.408166E-3
1.595500E-7	6.480110E-3
1.596000E-7	6.536637E-3
1.596500E-7	6.572609E-3
1.597000E-7	6.605155E-3
1.597500E-7	6.618859E-3
1.598000E-7	6.600017E-3
1.598500E-7	6.560619E-3
1.599000E-7	6.516082E-3
1.599500E-7	6.464693E-3
1.600000E-7	6.425296E-3
1.600500E-7	6.418444E-3
1.601000E-7	6.423583E-3
1.601500E-7	6.420157E-3
1.602000E-7	6.432147E-3
1.602500E-7	6.466406E-3
1.603000E-7	6.510943E-3
1.603500E-7	6.557193E-3
1.604000E-7	6.601729E-3
1.604500E-7	6.635988E-3
1.605000E-7	6.671960E-3
1.605500E-7	6.726775E-3
1.606000E-7	6.790154E-3
1.606500E-7	6.839830E-3
1.607000E-7	6.887792E-3
1.607500E-7	6.934042E-3
1.608000E-7	6.970014E-3
1.608500E-7	6.987143E-3
1.609000E-7	6.970014E-3
1.609500E-7	6.937468E-3
1.610000E-7	6.915199E-3
1.610500E-7	6.889505E-3
1.611000E-7	6.829552E-3
1.611500E-7	6.740478E-3
1.612000E-7	6.663396E-3
1.612500E-7	6.593165E-3
1.613000E-7	6.517795E-3
1.613500E-7	6.447564E-3
1.614000E-7	6.396175E-3
1.614500E-7	6.358491E-3
1.615000E-7	6.332796E-3
1.615500E-7	6.310528E-3
1.616000E-7	6.277982E-3
1.616500E-7	6.250575E-3
1.617000E-7	6.245436E-3
1.617500E-7	6.235158E-3
1.618000E-7	6.218029E-3
1.618500E-7	6.219742E-3
1.619000E-7	6.252288E-3
1.619500E-7	6.291685E-3
1.620000E-7	6.312241E-3
1.620500E-7	6.334509E-3
1.621000E-7	6.361916E-3
1.621500E-7	6.372194E-3
1.622000E-7	6.355065E-3
1.622500E-7	6.325945E-3
1.623000E-7	6.289973E-3
1.623500E-7	6.247149E-3
1.624000E-7	6.209464E-3
1.624500E-7	6.185483E-3
1.625000E-7	6.152937E-3
1.625500E-7	6.110113E-3
1.626000E-7	6.067289E-3
1.626500E-7	6.038169E-3
1.627000E-7	6.034743E-3
1.627500E-7	6.069002E-3
1.628000E-7	6.130668E-3
1.628500E-7	6.197473E-3
1.629000E-7	6.252288E-3
1.629500E-7	6.286547E-3
1.630000E-7	6.310528E-3
1.630500E-7	6.329370E-3
1.631000E-7	6.334509E-3
1.631500E-7	6.307102E-3
1.632000E-7	6.248862E-3
1.632500E-7	6.173492E-3
1.633000E-7	6.092983E-3
1.633500E-7	6.010762E-3
1.634000E-7	5.938818E-3
1.634500E-7	5.878865E-3
1.635000E-7	5.837754E-3
1.635500E-7	5.839467E-3
1.636000E-7	5.880577E-3
1.636500E-7	5.943957E-3
1.637000E-7	6.034743E-3
1.637500E-7	6.154649E-3
1.638000E-7	6.271130E-3
1.638500E-7	6.358491E-3
1.639000E-7	6.428722E-3
1.639500E-7	6.478397E-3
1.640000E-7	6.505804E-3
1.640500E-7	6.534924E-3
1.641000E-7	6.574322E-3
1.641500E-7	6.612007E-3
1.642000E-7	6.661683E-3
1.642500E-7	6.737053E-3
1.643000E-7	6.812422E-3
1.643500E-7	6.877514E-3
1.644000E-7	6.937468E-3
1.644500E-7	6.982004E-3
1.645000E-7	6.990569E-3
1.645500E-7	6.968301E-3
1.646000E-7	6.904922E-3
1.646500E-7	6.795293E-3
1.647000E-7	6.646266E-3
1.647500E-7	6.469832E-3
1.648000E-7	6.271130E-3
1.648500E-7	6.053585E-3
1.649000E-7	5.861735E-3
1.649500E-7	5.719560E-3
1.650000E-7	5.623635E-3
1.650500E-7	5.572246E-3
1.651000E-7	5.579098E-3
1.651500E-7	5.645903E-3
1.652000E-7	5.760671E-3
1.652500E-7	5.877152E-3
1.653000E-7	5.997058E-3
1.653500E-7	6.139233E-3
1.654000E-7	6.283121E-3
1.654500E-7	6.379046E-3
1.655000E-7	6.427009E-3
1.655500E-7	6.473258E-3
1.656000E-7	6.519508E-3
1.656500E-7	6.534924E-3
1.657000E-7	6.516082E-3
1.657500E-7	6.498952E-3
1.658000E-7	6.500665E-3
1.658500E-7	6.507517E-3
1.659000E-7	6.509230E-3
1.659500E-7	6.502378E-3
1.660000E-7	6.481823E-3
1.660500E-7	6.435573E-3
1.661000E-7	6.367055E-3
1.661500E-7	6.288260E-3
1.662000E-7	6.197473E-3
1.662500E-7	6.074141E-3
1.663000E-7	5.940531E-3
1.663500E-7	5.825763E-3
1.664000E-7	5.743541E-3
1.664500E-7	5.692153E-3
1.665000E-7	5.695579E-3
1.665500E-7	5.753819E-3
1.666000E-7	5.827476E-3
1.666500E-7	5.923401E-3
1.667000E-7	6.058724E-3
1.667500E-7	6.199186E-3
1.668000E-7	6.289973E-3
1.668500E-7	6.344787E-3
1.669000E-7	6.380759E-3
1.669500E-7	6.385898E-3
1.670000E-7	6.348213E-3
1.670500E-7	6.277982E-3
1.671000E-7	6.194047E-3
1.671500E-7	6.101548E-3
1.672000E-7	5.988493E-3
1.672500E-7	5.868587E-3
1.673000E-7	5.789791E-3
1.673500E-7	5.762384E-3
1.674000E-7	5.736690E-3
1.674500E-7	5.705857E-3
1.675000E-7	5.721273E-3
1.675500E-7	5.774375E-3
1.676000E-7	5.836041E-3
1.676500E-7	5.914836E-3
1.677000E-7	6.024465E-3
1.677500E-7	6.130668E-3
1.678000E-7	6.212890E-3
1.678500E-7	6.272843E-3
1.679000E-7	6.315667E-3
1.679500E-7	6.351639E-3
1.680000E-7	6.380759E-3
1.680500E-7	6.373907E-3
1.681000E-7	6.329370E-3
1.681500E-7	6.288260E-3
1.682000E-7	6.265991E-3
1.682500E-7	6.242010E-3
1.683000E-7	6.209464E-3
1.683500E-7	6.176918E-3
1.684000E-7	6.132381E-3
1.684500E-7	6.069002E-3
1.685000E-7	6.014188E-3
1.685500E-7	5.995345E-3
1.686000E-7	5.990206E-3
1.686500E-7	5.976503E-3
1.687000E-7	5.955947E-3
1.687500E-7	5.955947E-3
1.688000E-7	5.957660E-3
1.688500E-7	5.945670E-3
1.689000E-7	5.925114E-3
1.689500E-7	5.926827E-3
1.690000E-7	5.945670E-3
1.690500E-7	5.957660E-3
1.691000E-7	5.955947E-3
1.691500E-7	5.983354E-3
1.692000E-7	6.041595E-3
1.692500E-7	6.094696E-3
1.693000E-7	6.127242E-3
1.693500E-7	6.170066E-3
1.694000E-7	6.223167E-3
1.694500E-7	6.271130E-3
1.695000E-7	6.331083E-3
1.695500E-7	6.430434E-3
1.696000E-7	6.526360E-3
1.696500E-7	6.600017E-3
1.697000E-7	6.665109E-3
1.697500E-7	6.697655E-3
1.698000E-7	6.671960E-3
1.698500E-7	6.612007E-3
1.699000E-7	6.522934E-3
1.699500E-7	6.384185E-3
1.700000E-7	6.218029E-3
1.700500E-7	6.072428E-3
1.701000E-7	5.937105E-3
1.701500E-7	5.803495E-3
1.702000E-7	5.717847E-3
1.702500E-7	5.688727E-3
1.703000E-7	5.699005E-3
1.703500E-7	5.760671E-3
1.704000E-7	5.875439E-3
1.704500E-7	6.000484E-3
1.705000E-7	6.110113E-3
1.705500E-7	6.206038E-3
1.706000E-7	6.272843E-3
1.706500E-7	6.288260E-3
1.707000E-7	6.260852E-3
1.707500E-7	6.185483E-3
1.708000E-7	6.048447E-3
1.708500E-7	5.873726E-3
1.709000E-7	5.702431E-3
1.709500E-7	5.556830E-3
1.710000E-7	5.445488E-3
1.710500E-7	5.375257E-3
1.711000E-7	5.349563E-3
1.711500E-7	5.383822E-3
1.712000E-7	5.483173E-3
1.712500E-7	5.611644E-3
1.713000E-7	5.762384E-3
1.713500E-7	5.952521E-3
1.714000E-7	6.149511E-3
1.714500E-7	6.320806E-3
1.715000E-7	6.471545E-3
1.715500E-7	6.606868E-3
1.716000E-7	6.694229E-3
1.716500E-7	6.737053E-3
1.717000E-7	6.773024E-3
1.717500E-7	6.788441E-3
1.718000E-7	6.738765E-3
1.718500E-7	6.639414E-3
1.719000E-7	6.526360E-3
1.719500E-7	6.401314E-3
1.720000E-7	6.283121E-3
1.720500E-7	6.190621E-3
1.721000E-7	6.116965E-3
1.721500E-7	6.063863E-3
1.722000E-7	6.026178E-3
1.722500E-7	5.997058E-3
1.723000E-7	5.995345E-3
1.723500E-7	6.027891E-3
1.724000E-7	6.046734E-3
1.724500E-7	6.027891E-3
1.725000E-7	6.026178E-3
1.725500E-7	6.019326E-3
1.726000E-7	5.954234E-3
1.726500E-7	5.870300E-3
1.727000E-7	5.817198E-3
1.727500E-7	5.753819E-3
1.728000E-7	5.647616E-3
1.728500E-7	5.541413E-3
1.729000E-7	5.433498E-3
1.729500E-7	5.306739E-3
1.730000E-7	5.183407E-3
1.730500E-7	5.087482E-3
1.731000E-7	5.020677E-3
1.731500E-7	4.986418E-3
1.732000E-7	4.994982E-3
1.732500E-7	5.037806E-3
1.733000E-7	5.108037E-3
1.733500E-7	5.191972E-3
1.734000E-7	5.275906E-3
1.734500E-7	5.356415E-3
1.735000E-7	5.438636E-3
1.735500E-7	5.498590E-3
1.736000E-7	5.548265E-3
1.736500E-7	5.584237E-3
1.737000E-7	5.579098E-3
1.737500E-7	5.565395E-3
1.738000E-7	5.579098E-3
1.738500E-7	5.601367E-3
1.739000E-7	5.601367E-3
1.739500E-7	5.625348E-3
1.740000E-7	5.678449E-3
1.740500E-7	5.728125E-3
1.741000E-7	5.776088E-3
1.741500E-7	5.822337E-3
1.742000E-7	5.813772E-3
1.742500E-7	5.772662E-3
1.743000E-7	5.755532E-3
1.743500E-7	5.738403E-3
1.744000E-7	5.668172E-3
1.744500E-7	5.555117E-3
1.745000E-7	5.438636E-3
1.745500E-7	5.332433E-3
1.746000E-7	5.246786E-3
1.746500E-7	5.203962E-3
1.747000E-7	5.209101E-3
1.747500E-7	5.250212E-3
1.748000E-7	5.318730E-3
1.748500E-7	5.411229E-3
1.749000E-7	5.514006E-3
1.749500E-7	5.615070E-3
1.750000E-7	5.717847E-3
1.750500E-7	5.818911E-3
1.751000E-7	5.889142E-3
1.751500E-7	5.909698E-3
1.752000E-7	5.890855E-3
1.752500E-7	5.854883E-3
1.753000E-7	5.806921E-3
1.753500E-7	5.733264E-3
1.754000E-7	5.654468E-3
1.754500E-7	5.606505E-3
1.755000E-7	5.599654E-3
1.755500E-7	5.615070E-3
1.756000E-7	5.654468E-3
1.756500E-7	5.728125E-3
1.757000E-7	5.832615E-3
1.757500E-7	5.955947E-3
1.758000E-7	6.079280E-3
1.758500E-7	6.168353E-3
1.759000E-7	6.204325E-3
1.759500E-7	6.195760E-3
1.760000E-7	6.146085E-3
1.760500E-7	6.053585E-3
1.761000E-7	5.947383E-3
1.761500E-7	5.844606E-3
1.762000E-7	5.748680E-3
1.762500E-7	5.659607E-3
1.763000E-7	5.599654E-3
1.763500E-7	5.567108E-3
1.764000E-7	5.563682E-3
1.764500E-7	5.585950E-3
1.765000E-7	5.611644E-3
1.765500E-7	5.647616E-3
1.766000E-7	5.699005E-3
1.766500E-7	5.765810E-3
1.767000E-7	5.810347E-3
1.767500E-7	5.837754E-3
1.768000E-7	5.861735E-3
1.768500E-7	5.873726E-3
1.769000E-7	5.856596E-3
1.769500E-7	5.812059E-3
1.770000E-7	5.741829E-3
1.770500E-7	5.661320E-3
1.771000E-7	5.591089E-3
1.771500E-7	5.514006E-3
1.772000E-7	5.452340E-3
1.772500E-7	5.407803E-3
1.773000E-7	5.366692E-3
1.773500E-7	5.327295E-3
1.774000E-7	5.325582E-3
1.774500E-7	5.370118E-3
1.775000E-7	5.436923E-3
1.775500E-7	5.520858E-3
1.776000E-7	5.603080E-3
1.776500E-7	5.675023E-3
1.777000E-7	5.733264E-3
1.777500E-7	5.781226E-3
1.778000E-7	5.801782E-3
1.778500E-7	5.782939E-3
1.779000E-7	5.755532E-3
1.779500E-7	5.729838E-3
1.780000E-7	5.687014E-3
1.780500E-7	5.609931E-3
1.781000E-7	5.534562E-3
1.781500E-7	5.486599E-3
1.782000E-7	5.459192E-3
1.782500E-7	5.412942E-3
1.783000E-7	5.368405E-3
1.783500E-7	5.364980E-3
1.784000E-7	5.388961E-3
1.784500E-7	5.414655E-3
1.785000E-7	5.455766E-3
1.785500E-7	5.541413E-3
1.786000E-7	5.637339E-3
1.786500E-7	5.719560E-3
1.787000E-7	5.784652E-3
1.787500E-7	5.841180E-3
1.788000E-7	5.875439E-3
1.788500E-7	5.865161E-3
1.789000E-7	5.794930E-3
1.789500E-7	5.692153E-3
1.790000E-7	5.572246E-3
1.790500E-7	5.426646E-3
1.791000E-7	5.265628E-3
1.791500E-7	5.114889E-3
1.792000E-7	5.000121E-3
1.792500E-7	4.935029E-3
1.793000E-7	4.917900E-3
1.793500E-7	4.962436E-3
1.794000E-7	5.065213E-3
1.794500E-7	5.190259E-3
1.795000E-7	5.303313E-3
1.795500E-7	5.428359E-3
1.796000E-7	5.556830E-3
1.796500E-7	5.647616E-3
1.797000E-7	5.714421E-3
1.797500E-7	5.767523E-3
1.798000E-7	5.788078E-3
1.798500E-7	5.774375E-3
1.799000E-7	5.755532E-3
1.799500E-7	5.714421E-3
1.800000E-7	5.632200E-3
1.800500E-7	5.543126E-3
1.801000E-7	5.474608E-3
1.801500E-7	5.414655E-3
1.802000E-7	5.364980E-3
1.802500E-7	5.323869E-3
1.803000E-7	5.269054E-3
1.803500E-7	5.207388E-3
1.804000E-7	5.157713E-3
1.804500E-7	5.106324E-3
1.805000E-7	5.046371E-3
1.805500E-7	4.986418E-3
1.806000E-7	4.945307E-3
1.806500E-7	4.909335E-3
1.807000E-7	4.888779E-3
1.807500E-7	4.912761E-3
1.808000E-7	4.996695E-3
1.808500E-7	5.102898E-3
1.809000E-7	5.191972E-3
1.809500E-7	5.269054E-3
1.810000E-7	5.351276E-3
1.810500E-7	5.392387E-3
1.811000E-7	5.378683E-3
1.811500E-7	5.370118E-3
1.812000E-7	5.373544E-3
1.812500E-7	5.339285E-3
1.813000E-7	5.284471E-3
1.813500E-7	5.260490E-3
1.814000E-7	5.234795E-3
1.814500E-7	5.210814E-3
1.815000E-7	5.222805E-3
1.815500E-7	5.258777E-3
1.816000E-7	5.298174E-3
1.816500E-7	5.383822E-3
1.817000E-7	5.519145E-3
1.817500E-7	5.645903E-3
1.818000E-7	5.741829E-3
1.818500E-7	5.834328E-3
1.819000E-7	5.907985E-3
1.819500E-7	5.937105E-3
1.820000E-7	5.925114E-3
1.820500E-7	5.887429E-3
1.821000E-7	5.827476E-3
1.821500E-7	5.750393E-3
1.822000E-7	5.654468E-3
1.822500E-7	5.534562E-3
1.823000E-7	5.394100E-3
1.823500E-7	5.270767E-3
1.824000E-7	5.161138E-3
1.824500E-7	5.063500E-3
1.825000E-7	4.979566E-3
1.825500E-7	4.919613E-3
1.826000E-7	4.871650E-3
1.826500E-7	4.839104E-3
1.827000E-7	4.828826E-3
1.827500E-7	4.823687E-3
1.828000E-7	4.825400E-3
1.828500E-7	4.856233E-3
1.829000E-7	4.907622E-3
1.829500E-7	4.955584E-3
1.830000E-7	5.018964E-3
1.830500E-7	5.111463E-3
1.831000E-7	5.195397E-3
1.831500E-7	5.236508E-3
1.832000E-7	5.265628E-3
1.832500E-7	5.306739E-3
1.833000E-7	5.346137E-3
1.833500E-7	5.382109E-3
1.834000E-7	5.404377E-3
1.834500E-7	5.406090E-3
1.835000E-7	5.385535E-3
1.835500E-7	5.340998E-3
1.836000E-7	5.260490E-3
1.836500E-7	5.157713E-3
1.837000E-7	5.051510E-3
1.837500E-7	4.955584E-3
1.838000E-7	4.875076E-3
1.838500E-7	4.791141E-3
1.839000E-7	4.695216E-3
1.839500E-7	4.621559E-3
1.840000E-7	4.597578E-3
1.840500E-7	4.607856E-3
1.841000E-7	4.647253E-3
1.841500E-7	4.746605E-3
1.842000E-7	4.893918E-3
1.842500E-7	5.044658E-3
1.843000E-7	5.181694E-3
1.843500E-7	5.313591E-3
1.844000E-7	5.414655E-3
1.844500E-7	5.469469E-3
1.845000E-7	5.464331E-3
1.845500E-7	5.411229E-3
1.846000E-7	5.325582E-3
1.846500E-7	5.222805E-3
1.847000E-7	5.094333E-3
1.847500E-7	4.989843E-3
1.848000E-7	4.924751E-3
1.848500E-7	4.883641E-3
1.849000E-7	4.859659E-3
1.849500E-7	4.890492E-3
1.850000E-7	4.979566E-3
1.850500E-7	5.080630E-3
1.851000E-7	5.173129E-3
1.851500E-7	5.255351E-3
1.852000E-7	5.308452E-3
1.852500E-7	5.306739E-3
1.853000E-7	5.250212E-3
1.853500E-7	5.133731E-3
1.854000E-7	4.977853E-3
1.854500E-7	4.808271E-3
1.855000E-7	4.647253E-3
1.855500E-7	4.501653E-3
1.856000E-7	4.395450E-3
1.856500E-7	4.342348E-3
1.857000E-7	4.352626E-3
1.857500E-7	4.426283E-3
1.858000E-7	4.553041E-3
1.858500E-7	4.696929E-3
1.859000E-7	4.832252E-3
1.859500E-7	4.969288E-3
1.860000E-7	5.113176E-3
1.860500E-7	5.253638E-3
1.861000E-7	5.373544E-3
1.861500E-7	5.467757E-3
1.862000E-7	5.544839E-3
1.862500E-7	5.618496E-3
1.863000E-7	5.705857E-3
1.863500E-7	5.781226E-3
1.864000E-7	5.836041E-3
1.864500E-7	5.892568E-3
1.865000E-7	5.935392E-3
1.865500E-7	5.926827E-3
1.866000E-7	5.860022E-3
1.866500E-7	5.755532E-3
1.867000E-7	5.625348E-3
1.867500E-7	5.479747E-3
1.868000E-7	5.330721E-3
1.868500E-7	5.197110E-3
1.869000E-7	5.097759E-3
1.869500E-7	5.044658E-3
1.870000E-7	5.044658E-3
1.870500E-7	5.102898E-3
1.871000E-7	5.190259E-3
1.871500E-7	5.265628E-3
1.872000E-7	5.313591E-3
1.872500E-7	5.356415E-3
1.873000E-7	5.390674E-3
1.873500E-7	5.385535E-3
1.874000E-7	5.339285E-3
1.874500E-7	5.265628E-3
1.875000E-7	5.164564E-3
1.875500E-7	5.025815E-3
1.876000E-7	4.881928E-3
1.876500E-7	4.746605E-3
1.877000E-7	4.609569E-3
1.877500E-7	4.484523E-3
1.878000E-7	4.402302E-3
1.878500E-7	4.373181E-3
1.879000E-7	4.371468E-3
1.879500E-7	4.383459E-3
1.880000E-7	4.410866E-3
1.880500E-7	4.462255E-3
1.881000E-7	4.534199E-3
1.881500E-7	4.597578E-3
1.882000E-7	4.638689E-3
1.882500E-7	4.678087E-3
1.883000E-7	4.719197E-3
1.883500E-7	4.763734E-3
1.884000E-7	4.813410E-3
1.884500E-7	4.852807E-3
1.885000E-7	4.866511E-3
1.885500E-7	4.869937E-3
1.886000E-7	4.876789E-3
1.886500E-7	4.876789E-3
1.887000E-7	4.866511E-3
1.887500E-7	4.861372E-3
1.888000E-7	4.837391E-3
1.888500E-7	4.789428E-3
1.889000E-7	4.734614E-3
1.889500E-7	4.700355E-3
1.890000E-7	4.681512E-3
1.890500E-7	4.681512E-3
1.891000E-7	4.714059E-3
1.891500E-7	4.796280E-3
1.892000E-7	4.897344E-3
1.892500E-7	4.994982E-3
1.893000E-7	5.094333E-3
1.893500E-7	5.202249E-3
1.894000E-7	5.306739E-3
1.894500E-7	5.375257E-3
1.895000E-7	5.392387E-3
1.895500E-7	5.368405E-3
1.896000E-7	5.310165E-3
1.896500E-7	5.238221E-3
1.897000E-7	5.161138E-3
1.897500E-7	5.073778E-3
1.898000E-7	4.993269E-3
1.898500E-7	4.923038E-3
1.899000E-7	4.851095E-3
1.899500E-7	4.772299E-3
1.900000E-7	4.717484E-3
1.900500E-7	4.681512E-3
1.901000E-7	4.652392E-3
1.901500E-7	4.655818E-3
1.902000E-7	4.707207E-3
1.902500E-7	4.755169E-3
1.903000E-7	4.768873E-3
1.903500E-7	4.775725E-3
1.904000E-7	4.772299E-3
1.904500E-7	4.756882E-3
1.905000E-7	4.743179E-3
1.905500E-7	4.744892E-3
1.906000E-7	4.753456E-3
1.906500E-7	4.768873E-3
1.907000E-7	4.797993E-3
1.907500E-7	4.847669E-3
1.908000E-7	4.912761E-3
1.908500E-7	4.988131E-3
1.909000E-7	5.054936E-3
1.909500E-7	5.099472E-3
1.910000E-7	5.130305E-3
1.910500E-7	5.159426E-3
1.911000E-7	5.178268E-3
1.911500E-7	5.185120E-3
1.912000E-7	5.197110E-3
1.912500E-7	5.224518E-3
1.913000E-7	5.263915E-3
1.913500E-7	5.318730E-3
1.914000E-7	5.388961E-3
1.914500E-7	5.483173E-3
1.915000E-7	5.591089E-3
1.915500E-7	5.695579E-3
1.916000E-7	5.789791E-3
1.916500E-7	5.848031E-3
1.917000E-7	5.860022E-3
1.917500E-7	5.829189E-3
1.918000E-7	5.767523E-3
1.918500E-7	5.669885E-3
1.919000E-7	5.536275E-3
1.919500E-7	5.387248E-3
1.920000E-7	5.243360E-3
1.920500E-7	5.128592E-3
1.921000E-7	5.049797E-3
1.921500E-7	4.972714E-3
1.922000E-7	4.881928E-3
1.922500E-7	4.808271E-3
1.923000E-7	4.767160E-3
1.923500E-7	4.722623E-3
1.924000E-7	4.664383E-3
1.924500E-7	4.624985E-3
1.925000E-7	4.609569E-3
1.925500E-7	4.594152E-3
1.926000E-7	4.590726E-3
1.926500E-7	4.624985E-3
1.927000E-7	4.672948E-3
1.927500E-7	4.714059E-3
1.928000E-7	4.777438E-3
1.928500E-7	4.876789E-3
1.929000E-7	4.976140E-3
1.929500E-7	5.025815E-3
1.930000E-7	5.048084E-3
1.930500E-7	5.080630E-3
1.931000E-7	5.099472E-3
1.931500E-7	5.063500E-3
1.932000E-7	4.993269E-3
1.932500E-7	4.904196E-3
1.933000E-7	4.803132E-3
1.933500E-7	4.693503E-3
1.934000E-7	4.614707E-3
1.934500E-7	4.587300E-3
1.935000E-7	4.599291E-3
1.935500E-7	4.631837E-3
1.936000E-7	4.674661E-3
1.936500E-7	4.726049E-3
1.937000E-7	4.784289E-3
1.937500E-7	4.842530E-3
1.938000E-7	4.885354E-3
1.938500E-7	4.893918E-3
1.939000E-7	4.866511E-3
1.939500E-7	4.815123E-3
1.940000E-7	4.765447E-3
1.940500E-7	4.712346E-3
1.941000E-7	4.638689E-3
1.941500E-7	4.556467E-3
1.942000E-7	4.487949E-3
1.942500E-7	4.457116E-3
1.943000E-7	4.450264E-3
1.943500E-7	4.467394E-3
1.944000E-7	4.487949E-3
1.944500E-7	4.503366E-3
1.945000E-7	4.506792E-3
1.945500E-7	4.506792E-3
1.946000E-7	4.515356E-3
1.946500E-7	4.527347E-3
1.947000E-7	4.541051E-3
1.947500E-7	4.561606E-3
1.948000E-7	4.597578E-3
1.948500E-7	4.636976E-3
1.949000E-7	4.655818E-3
1.949500E-7	4.671235E-3
1.950000E-7	4.690077E-3
1.950500E-7	4.712346E-3
1.951000E-7	4.726049E-3
1.951500E-7	4.734614E-3
1.952000E-7	4.729475E-3
1.952500E-7	4.700355E-3
1.953000E-7	4.640402E-3
1.953500E-7	4.554754E-3
1.954000E-7	4.453690E-3
1.954500E-7	4.352626E-3
1.955000E-7	4.268691E-3
1.955500E-7	4.225868E-3
1.956000E-7	4.219016E-3
1.956500E-7	4.246423E-3
1.957000E-7	4.318367E-3
1.957500E-7	4.424570E-3
1.958000E-7	4.547902E-3
1.958500E-7	4.667809E-3
1.959000E-7	4.756882E-3
1.959500E-7	4.801419E-3
1.960000E-7	4.825400E-3
1.960500E-7	4.859659E-3
1.961000E-7	4.883641E-3
1.961500E-7	4.859659E-3
1.962000E-7	4.796280E-3
1.962500E-7	4.731188E-3
1.963000E-7	4.688364E-3
1.963500E-7	4.669522E-3
1.964000E-7	4.679800E-3
1.964500E-7	4.726049E-3
1.965000E-7	4.786002E-3
1.965500E-7	4.828826E-3
1.966000E-7	4.832252E-3
1.966500E-7	4.787715E-3
1.967000E-7	4.710633E-3
1.967500E-7	4.630124E-3
1.968000E-7	4.556467E-3
1.968500E-7	4.499940E-3
1.969000E-7	4.475958E-3
1.969500E-7	4.481097E-3
1.970000E-7	4.503366E-3
1.970500E-7	4.544476E-3
1.971000E-7	4.623272E-3
1.971500E-7	4.714059E-3
1.972000E-7	4.808271E-3
1.972500E-7	4.917900E-3
1.973000E-7	5.025815E-3
1.973500E-7	5.087482E-3
1.974000E-7	5.126879E-3
1.974500E-7	5.157713E-3
1.975000E-7	5.156000E-3
1.975500E-7	5.106324E-3
1.976000E-7	5.037806E-3
1.976500E-7	4.955584E-3
1.977000E-7	4.852807E-3
1.977500E-7	4.753456E-3
1.978000E-7	4.678087E-3
1.978500E-7	4.599291E-3
1.979000E-7	4.529060E-3
1.979500E-7	4.484523E-3
1.980000E-7	4.467394E-3
1.980500E-7	4.467394E-3
1.981000E-7	4.484523E-3
1.981500E-7	4.510217E-3
1.982000E-7	4.529060E-3
1.982500E-7	4.549615E-3
1.983000E-7	4.577022E-3
1.983500E-7	4.594152E-3
1.984000E-7	4.597578E-3
1.984500E-7	4.595865E-3
1.985000E-7	4.601004E-3
1.985500E-7	4.587300E-3
1.986000E-7	4.542763E-3
1.986500E-7	4.499940E-3
1.987000E-7	4.489662E-3
1.987500E-7	4.498227E-3
1.988000E-7	4.499940E-3
1.988500E-7	4.477671E-3
1.989000E-7	4.445125E-3
1.989500E-7	4.398876E-3
1.990000E-7	4.338922E-3
1.990500E-7	4.290960E-3
1.991000E-7	4.265266E-3
1.991500E-7	4.256701E-3
1.992000E-7	4.272117E-3
1.992500E-7	4.318367E-3
1.993000E-7	4.378320E-3
1.993500E-7	4.426283E-3
1.994000E-7	4.463968E-3
1.994500E-7	4.493088E-3
1.995000E-7	4.501653E-3
1.995500E-7	4.486236E-3
1.996000E-7	4.448551E-3
1.996500E-7	4.376607E-3
1.997000E-7	4.273830E-3
1.997500E-7	4.157350E-3
1.998000E-7	4.034017E-3
1.998500E-7	3.917537E-3
1.999000E-7	3.831889E-3
1.999500E-7	3.785640E-3
2.000000E-7	3.785640E-3
