Study Name	PremaTech_CVD_SiC_HeandSi
Sample Name	2025-10-31
Run Name	spot04
Operator	Keshav
Date	10/31/2025
Time	17:43
Sign	FIX
Grating Spacing	06.40um
Channel	3
Number Traces	10000
Files in Batch	1
Batch Number	27
dt	50.000001E-12
time stamp (ms)	6:12:05 PM
	
Time	Amplitude
0.000000E+0	-3.699773E-4
5.000000E-11	-2.620614E-4
1.000000E-10	-1.541455E-4
1.500000E-10	-4.109084E-5
2.000000E-10	8.224156E-5
2.500000E-10	1.884445E-4
3.000000E-10	2.569625E-4
3.500000E-10	3.083510E-4
4.000000E-10	3.340452E-4
4.500000E-10	2.980733E-4
5.000000E-10	2.089999E-4
5.500000E-10	7.710271E-5
6.000000E-10	-7.877574E-5
6.500000E-10	-2.209506E-4
7.000000E-10	-3.271535E-4
7.500000E-10	-3.973845E-4
8.000000E-10	-4.453471E-4
8.500000E-10	-4.676154E-4
9.000000E-10	-4.898838E-4
9.500000E-10	-5.155780E-4
1.000000E-9	-5.224298E-4
1.050000E-9	-5.087262E-4
1.100000E-9	-5.001615E-4
1.150000E-9	-5.035874E-4
1.200000E-9	-5.104392E-4
1.250000E-9	-5.121521E-4
1.300000E-9	-5.258557E-4
1.350000E-9	-5.429852E-4
1.400000E-9	-5.549759E-4
1.450000E-9	-5.309946E-4
1.500000E-9	-4.915967E-4
1.550000E-9	-4.487730E-4
1.600000E-9	-3.990974E-4
1.650000E-9	-3.477089E-4
1.700000E-9	-3.134499E-4
1.750000E-9	-2.672003E-4
1.800000E-9	-1.918304E-4
1.850000E-9	-1.027570E-4
1.900000E-9	-6.831842E-6
1.950000E-9	1.165006E-4
2.000000E-9	2.312682E-4
2.050000E-9	3.014992E-4
2.100000E-9	3.631654E-4
2.150000E-9	4.436740E-4
2.200000E-9	5.087661E-4
2.250000E-9	5.378863E-4
2.300000E-9	5.413122E-4
2.350000E-9	5.139050E-4
2.400000E-9	4.590906E-4
2.450000E-9	4.077021E-4
2.500000E-9	3.648783E-4
2.550000E-9	3.032121E-4
2.600000E-9	2.346941E-4
2.650000E-9	1.850186E-4
2.700000E-9	1.319171E-4
2.750000E-9	7.538976E-5
2.800000E-9	4.626961E-5
2.850000E-9	3.256601E-5
2.900000E-9	-1.539659E-5
2.950000E-9	-7.363689E-5
3.000000E-9	-1.061829E-4
3.050000E-9	-1.284513E-4
3.100000E-9	-1.507196E-4
3.150000E-9	-1.455808E-4
3.200000E-9	-1.318772E-4
3.250000E-9	-1.233124E-4
3.300000E-9	-9.419229E-5
3.350000E-9	-4.109084E-5
3.400000E-9	2.057536E-5
3.450000E-9	8.395451E-5
3.500000E-9	1.439078E-4
3.550000E-9	1.815927E-4
3.600000E-9	2.124258E-4
3.650000E-9	2.501107E-4
3.700000E-9	2.621013E-4
3.750000E-9	2.398330E-4
3.800000E-9	2.072869E-4
3.850000E-9	1.558984E-4
3.900000E-9	1.096488E-4
3.950000E-9	8.909336E-5
4.000000E-9	8.224156E-5
4.050000E-9	8.738041E-5
4.100000E-9	1.336301E-4
4.150000E-9	1.952963E-4
4.200000E-9	2.209905E-4
4.250000E-9	2.415459E-4
4.300000E-9	2.860826E-4
4.350000E-9	3.186287E-4
4.400000E-9	3.391841E-4
4.450000E-9	3.648783E-4
4.500000E-9	3.631654E-4
4.550000E-9	3.271934E-4
4.600000E-9	2.723790E-4
4.650000E-9	2.141387E-4
4.700000E-9	1.473337E-4
4.750000E-9	8.052861E-5
4.800000E-9	1.995795E-8
4.850000E-9	-9.076639E-5
4.900000E-9	-1.815527E-4
4.950000E-9	-2.620614E-4
5.000000E-9	-3.237276E-4
5.050000E-9	-3.511348E-4
5.100000E-9	-3.494219E-4
5.150000E-9	-3.357183E-4
5.200000E-9	-2.928945E-4
5.250000E-9	-2.140988E-4
5.300000E-9	-1.421549E-4
5.350000E-9	-8.048869E-5
5.400000E-9	-2.053544E-5
5.450000E-9	5.158808E-6
5.500000E-9	-5.118892E-6
5.550000E-9	-4.280379E-5
5.600000E-9	-1.061829E-4
5.650000E-9	-1.866916E-4
5.700000E-9	-2.723391E-4
5.750000E-9	-3.528478E-4
5.800000E-9	-4.008104E-4
5.850000E-9	-3.973845E-4
5.900000E-9	-3.682643E-4
5.950000E-9	-3.271535E-4
6.000000E-9	-2.534966E-4
6.050000E-9	-1.490067E-4
6.100000E-9	-3.595199E-5
6.150000E-9	7.196386E-5
6.200000E-9	1.678891E-4
6.250000E-9	2.346941E-4
6.300000E-9	2.621013E-4
6.350000E-9	2.569625E-4
6.400000E-9	2.261294E-4
6.450000E-9	1.815927E-4
6.500000E-9	1.387689E-4
6.550000E-9	1.284912E-4
6.600000E-9	1.558984E-4
6.650000E-9	1.987222E-4
6.700000E-9	2.569625E-4
6.750000E-9	3.494618E-4
6.800000E-9	4.539517E-4
6.850000E-9	5.190438E-4
6.900000E-9	5.618676E-4
6.950000E-9	5.875618E-4
7.000000E-9	5.652935E-4
7.050000E-9	4.847848E-4
7.100000E-9	3.700172E-4
7.150000E-9	2.244164E-4
7.200000E-9	5.654731E-5
7.250000E-9	-8.734049E-5
7.300000E-9	-1.849786E-4
7.350000E-9	-2.397930E-4
7.400000E-9	-2.483578E-4
7.450000E-9	-2.226635E-4
7.500000E-9	-1.678491E-4
7.550000E-9	-8.391459E-5
7.600000E-9	4.113076E-5
7.650000E-9	1.747409E-4
7.700000E-9	3.049251E-4
7.750000E-9	4.179798E-4
7.800000E-9	5.036273E-4
7.850000E-9	5.464510E-4
7.900000E-9	5.344604E-4
7.950000E-9	4.796460E-4
8.000000E-9	4.077021E-4
8.050000E-9	3.271934E-4
8.100000E-9	2.432589E-4
8.150000E-9	1.696020E-4
8.200000E-9	1.336301E-4
8.250000E-9	1.353430E-4
8.300000E-9	1.696020E-4
8.350000E-9	2.107128E-4
8.400000E-9	2.381200E-4
8.450000E-9	2.569625E-4
8.500000E-9	2.706661E-4
8.550000E-9	2.569625E-4
8.600000E-9	1.935833E-4
8.650000E-9	8.395451E-5
8.700000E-9	-3.766494E-5
8.750000E-9	-1.575714E-4
8.800000E-9	-2.911816E-4
8.850000E-9	-4.419212E-4
8.900000E-9	-5.703924E-4
8.950000E-9	-6.440493E-4
9.000000E-9	-6.628917E-4
9.050000E-9	-6.371975E-4
9.100000E-9	-5.481241E-4
9.150000E-9	-3.956715E-4
9.200000E-9	-2.055340E-4
9.250000E-9	-1.368364E-5
9.300000E-9	1.490466E-4
9.350000E-9	2.809438E-4
9.400000E-9	3.837208E-4
9.450000E-9	4.333963E-4
9.500000E-9	4.042762E-4
9.550000E-9	3.152028E-4
9.600000E-9	1.901574E-4
9.650000E-9	5.312141E-5
9.700000E-9	-5.822034E-5
9.750000E-9	-1.198865E-4
9.800000E-9	-1.370160E-4
9.850000E-9	-1.027570E-4
9.900000E-9	-5.118892E-6
9.950000E-9	1.250653E-4
1.000000E-8	2.655272E-4
1.005000E-8	4.077021E-4
1.010000E-8	5.070532E-4
1.015000E-8	5.310345E-4
1.020000E-8	5.173309E-4
1.025000E-8	4.642294E-4
1.030000E-8	3.460359E-4
1.035000E-8	1.935833E-4
1.040000E-8	5.654731E-5
1.045000E-8	-6.678509E-5
1.050000E-8	-1.798398E-4
1.055000E-8	-2.552096E-4
1.060000E-8	-2.809039E-4
1.065000E-8	-2.654873E-4
1.070000E-8	-2.312283E-4
1.075000E-8	-2.021081E-4
1.080000E-8	-1.901175E-4
1.085000E-8	-1.832657E-4
1.090000E-8	-1.798398E-4
1.095000E-8	-2.123858E-4
1.100000E-8	-2.774780E-4
1.105000E-8	-3.494219E-4
1.110000E-8	-4.213658E-4
1.115000E-8	-4.967356E-4
1.120000E-8	-5.446982E-4
1.125000E-8	-5.515500E-4
1.130000E-8	-5.361334E-4
1.135000E-8	-5.035874E-4
1.140000E-8	-4.504859E-4
1.145000E-8	-4.008104E-4
1.150000E-8	-3.579866E-4
1.155000E-8	-2.980334E-4
1.160000E-8	-2.432189E-4
1.165000E-8	-2.278024E-4
1.170000E-8	-2.243765E-4
1.175000E-8	-2.072470E-4
1.180000E-8	-1.815527E-4
1.185000E-8	-1.575714E-4
1.190000E-8	-1.164606E-4
1.195000E-8	-5.650739E-5
1.200000E-8	1.372356E-5
1.205000E-8	1.045099E-4
1.210000E-8	2.141387E-4
1.215000E-8	3.271934E-4
1.220000E-8	4.299704E-4
1.225000E-8	5.053402E-4
1.230000E-8	5.481640E-4
1.235000E-8	5.618676E-4
1.240000E-8	5.430251E-4
1.245000E-8	4.813589E-4
1.250000E-8	3.717301E-4
1.255000E-8	2.295553E-4
1.260000E-8	8.224156E-5
1.265000E-8	-4.451674E-5
1.270000E-8	-1.250254E-4
1.275000E-8	-1.609973E-4
1.280000E-8	-1.678491E-4
1.285000E-8	-1.455808E-4
1.290000E-8	-9.761820E-5
1.295000E-8	-3.252609E-5
1.300000E-8	4.113076E-5
1.305000E-8	1.113617E-4
1.310000E-8	1.524725E-4
1.315000E-8	1.558984E-4
1.320000E-8	1.421948E-4
1.325000E-8	1.319171E-4
1.330000E-8	1.147876E-4
1.335000E-8	8.224156E-5
1.340000E-8	5.140846E-5
1.345000E-8	4.626961E-5
1.350000E-8	5.312141E-5
1.355000E-8	6.168616E-5
1.360000E-8	8.052861E-5
1.365000E-8	1.130747E-4
1.370000E-8	1.267783E-4
1.375000E-8	1.233524E-4
1.380000E-8	1.113617E-4
1.385000E-8	1.027970E-4
1.390000E-8	8.909336E-5
1.395000E-8	5.483436E-5
1.400000E-8	-1.539659E-5
1.405000E-8	-8.048869E-5
1.410000E-8	-1.096088E-4
1.415000E-8	-1.455808E-4
1.420000E-8	-2.003952E-4
1.425000E-8	-2.295153E-4
1.430000E-8	-2.329412E-4
1.435000E-8	-2.329412E-4
1.440000E-8	-2.123858E-4
1.445000E-8	-1.592844E-4
1.450000E-8	-1.096088E-4
1.455000E-8	-4.109084E-5
1.460000E-8	5.654731E-5
1.465000E-8	1.336301E-4
1.470000E-8	1.644632E-4
1.475000E-8	2.175646E-4
1.480000E-8	2.997862E-4
1.485000E-8	3.597395E-4
1.490000E-8	3.991373E-4
1.495000E-8	4.179798E-4
1.500000E-8	3.717301E-4
1.505000E-8	2.672402E-4
1.510000E-8	1.678891E-4
1.515000E-8	7.538976E-5
1.520000E-8	-2.910019E-5
1.525000E-8	-1.370160E-4
1.530000E-8	-2.397930E-4
1.535000E-8	-3.254406E-4
1.540000E-8	-3.836809E-4
1.545000E-8	-4.110881E-4
1.550000E-8	-4.025233E-4
1.555000E-8	-3.459960E-4
1.560000E-8	-2.397930E-4
1.565000E-8	-1.027570E-4
1.570000E-8	3.256601E-5
1.575000E-8	9.937106E-5
1.580000E-8	9.080631E-5
1.585000E-8	7.367681E-5
1.590000E-8	8.395451E-5
1.595000E-8	2.742716E-5
1.600000E-8	-1.387290E-4
1.605000E-8	-3.357183E-4
1.610000E-8	-4.813190E-4
1.615000E-8	-5.909478E-4
1.620000E-8	-6.868730E-4
1.625000E-8	-7.605299E-4
1.630000E-8	-7.827982E-4
1.635000E-8	-7.348356E-4
1.640000E-8	-6.354845E-4
1.645000E-8	-5.549759E-4
1.650000E-8	-5.275687E-4
1.655000E-8	-4.796061E-4
1.660000E-8	-3.871068E-4
1.665000E-8	-3.322924E-4
1.670000E-8	-3.408571E-4
1.675000E-8	-3.391442E-4
1.680000E-8	-3.151629E-4
1.685000E-8	-3.391442E-4
1.690000E-8	-3.888197E-4
1.695000E-8	-3.905327E-4
1.700000E-8	-3.442830E-4
1.705000E-8	-3.031722E-4
1.710000E-8	-2.809039E-4
1.715000E-8	-2.637744E-4
1.720000E-8	-2.175247E-4
1.725000E-8	-1.438678E-4
1.730000E-8	-1.010441E-4
1.735000E-8	-9.247934E-5
1.740000E-8	-5.479444E-5
1.745000E-8	2.571421E-5
1.750000E-8	1.045099E-4
1.755000E-8	1.833056E-4
1.760000E-8	2.843697E-4
1.765000E-8	3.785819E-4
1.770000E-8	4.453870E-4
1.775000E-8	4.984884E-4
1.780000E-8	5.430251E-4
1.785000E-8	6.029784E-4
1.790000E-8	7.537180E-4
1.795000E-8	1.046632E-3
1.800000E-8	1.491999E-3
1.805000E-8	2.144633E-3
1.810000E-8	3.122728E-3
1.815000E-8	4.511930E-3
1.820000E-8	6.339648E-3
1.825000E-8	8.633288E-3
1.830000E-8	1.138771E-2
1.835000E-8	1.455324E-2
1.840000E-8	1.805280E-2
1.845000E-8	2.181615E-2
1.850000E-8	2.570112E-2
1.855000E-8	2.956554E-2
1.860000E-8	3.334088E-2
1.865000E-8	3.699118E-2
1.870000E-8	4.043249E-2
1.875000E-8	4.358603E-2
1.880000E-8	4.647407E-2
1.885000E-8	4.911030E-2
1.890000E-8	5.142107E-2
1.895000E-8	5.336869E-2
1.900000E-8	5.489836E-2
1.905000E-8	5.589015E-2
1.910000E-8	5.630126E-2
1.915000E-8	5.623960E-2
1.920000E-8	5.580279E-2
1.925000E-8	5.507479E-2
1.930000E-8	5.414980E-2
1.935000E-8	5.316314E-2
1.940000E-8	5.217990E-2
1.945000E-8	5.124806E-2
1.950000E-8	5.040358E-2
1.955000E-8	4.963446E-2
1.960000E-8	4.894072E-2
1.965000E-8	4.836859E-2
1.970000E-8	4.791295E-2
1.975000E-8	4.752582E-2
1.980000E-8	4.715753E-2
1.985000E-8	4.676870E-2
1.990000E-8	4.632162E-2
1.995000E-8	4.584884E-2
2.000000E-8	4.536065E-2
2.005000E-8	4.484334E-2
2.010000E-8	4.424038E-2
2.015000E-8	4.351923E-2
2.020000E-8	4.274155E-2
2.025000E-8	4.203924E-2
2.030000E-8	4.147225E-2
2.035000E-8	4.102346E-2
2.040000E-8	4.072198E-2
2.045000E-8	4.064147E-2
2.050000E-8	4.074082E-2
2.055000E-8	4.096008E-2
2.060000E-8	4.127184E-2
2.065000E-8	4.164355E-2
2.070000E-8	4.197586E-2
2.075000E-8	4.221910E-2
2.080000E-8	4.238183E-2
2.085000E-8	4.239896E-2
2.090000E-8	4.220197E-2
2.095000E-8	4.184568E-2
2.100000E-8	4.144485E-2
2.105000E-8	4.103888E-2
2.110000E-8	4.051643E-2
2.115000E-8	3.989291E-2
2.120000E-8	3.931736E-2
2.125000E-8	3.889769E-2
2.130000E-8	3.863903E-2
2.135000E-8	3.852769E-2
2.140000E-8	3.854311E-2
2.145000E-8	3.873325E-2
2.150000E-8	3.911010E-2
2.155000E-8	3.954005E-2
2.160000E-8	3.994088E-2
2.165000E-8	4.035027E-2
2.170000E-8	4.073397E-2
2.175000E-8	4.093267E-2
2.180000E-8	4.095837E-2
2.185000E-8	4.090013E-2
2.190000E-8	4.074425E-2
2.195000E-8	4.035370E-2
2.200000E-8	3.975245E-2
2.205000E-8	3.905871E-2
2.210000E-8	3.832556E-2
2.215000E-8	3.761469E-2
2.220000E-8	3.698775E-2
2.225000E-8	3.648928E-2
2.230000E-8	3.617924E-2
2.235000E-8	3.611757E-2
2.240000E-8	3.632484E-2
2.245000E-8	3.676335E-2
2.250000E-8	3.733034E-2
2.255000E-8	3.795899E-2
2.260000E-8	3.862362E-2
2.265000E-8	3.924884E-2
2.270000E-8	3.971134E-2
2.275000E-8	3.994602E-2
2.280000E-8	3.999398E-2
2.285000E-8	3.984495E-2
2.290000E-8	3.949380E-2
2.295000E-8	3.899875E-2
2.300000E-8	3.847802E-2
2.305000E-8	3.795557E-2
2.310000E-8	3.740742E-2
2.315000E-8	3.687983E-2
2.320000E-8	3.646701E-2
2.325000E-8	3.621350E-2
2.330000E-8	3.616040E-2
2.335000E-8	3.631114E-2
2.340000E-8	3.659377E-2
2.345000E-8	3.695863E-2
2.350000E-8	3.742798E-2
2.355000E-8	3.796413E-2
2.360000E-8	3.838552E-2
2.365000E-8	3.859450E-2
2.370000E-8	3.868186E-2
2.375000E-8	3.868186E-2
2.380000E-8	3.854311E-2
2.385000E-8	3.827075E-2
2.390000E-8	3.790589E-2
2.395000E-8	3.742969E-2
2.400000E-8	3.685071E-2
2.405000E-8	3.628030E-2
2.410000E-8	3.576813E-2
2.415000E-8	3.532448E-2
2.420000E-8	3.495962E-2
2.425000E-8	3.469754E-2
2.430000E-8	3.456564E-2
2.435000E-8	3.461189E-2
2.440000E-8	3.484999E-2
2.445000E-8	3.524911E-2
2.450000E-8	3.576470E-2
2.455000E-8	3.633512E-2
2.460000E-8	3.685928E-2
2.465000E-8	3.728066E-2
2.470000E-8	3.756330E-2
2.475000E-8	3.764381E-2
2.480000E-8	3.752733E-2
2.485000E-8	3.721557E-2
2.490000E-8	3.676507E-2
2.495000E-8	3.621178E-2
2.500000E-8	3.560369E-2
2.505000E-8	3.497675E-2
2.510000E-8	3.442346E-2
2.515000E-8	3.402263E-2
2.520000E-8	3.381023E-2
2.525000E-8	3.377597E-2
2.530000E-8	3.396439E-2
2.535000E-8	3.436694E-2
2.540000E-8	3.491679E-2
2.545000E-8	3.554373E-2
2.550000E-8	3.623234E-2
2.555000E-8	3.689183E-2
2.560000E-8	3.740742E-2
2.565000E-8	3.776714E-2
2.570000E-8	3.796584E-2
2.575000E-8	3.797098E-2
2.580000E-8	3.777057E-2
2.585000E-8	3.743997E-2
2.590000E-8	3.704256E-2
2.595000E-8	3.655951E-2
2.600000E-8	3.602336E-2
2.605000E-8	3.556086E-2
2.610000E-8	3.523540E-2
2.615000E-8	3.503499E-2
2.620000E-8	3.500244E-2
2.625000E-8	3.516517E-2
2.630000E-8	3.543239E-2
2.635000E-8	3.575957E-2
2.640000E-8	3.617753E-2
2.645000E-8	3.663660E-2
2.650000E-8	3.706312E-2
2.655000E-8	3.745196E-2
2.660000E-8	3.776886E-2
2.665000E-8	3.794015E-2
2.670000E-8	3.797612E-2
2.675000E-8	3.792473E-2
2.680000E-8	3.772089E-2
2.685000E-8	3.737316E-2
2.690000E-8	3.695692E-2
2.695000E-8	3.653211E-2
2.700000E-8	3.610044E-2
2.705000E-8	3.570818E-2
2.710000E-8	3.538614E-2
2.715000E-8	3.517031E-2
2.720000E-8	3.511378E-2
2.725000E-8	3.522512E-2
2.730000E-8	3.546151E-2
2.735000E-8	3.581267E-2
2.740000E-8	3.627345E-2
2.745000E-8	3.681303E-2
2.750000E-8	3.732863E-2
2.755000E-8	3.773288E-2
2.760000E-8	3.800353E-2
2.765000E-8	3.813543E-2
2.770000E-8	3.810802E-2
2.775000E-8	3.793501E-2
2.780000E-8	3.763182E-2
2.785000E-8	3.721557E-2
2.790000E-8	3.670340E-2
2.795000E-8	3.615183E-2
2.800000E-8	3.562596E-2
2.805000E-8	3.514119E-2
2.810000E-8	3.472323E-2
2.815000E-8	3.442689E-2
2.820000E-8	3.430356E-2
2.825000E-8	3.433268E-2
2.830000E-8	3.450055E-2
2.835000E-8	3.478490E-2
2.840000E-8	3.515832E-2
2.845000E-8	3.553859E-2
2.850000E-8	3.586234E-2
2.855000E-8	3.612785E-2
2.860000E-8	3.631285E-2
2.865000E-8	3.637794E-2
2.870000E-8	3.633512E-2
2.875000E-8	3.620151E-2
2.880000E-8	3.595998E-2
2.885000E-8	3.562253E-2
2.890000E-8	3.525938E-2
2.895000E-8	3.492365E-2
2.900000E-8	3.466842E-2
2.905000E-8	3.452624E-2
2.910000E-8	3.450911E-2
2.915000E-8	3.459133E-2
2.920000E-8	3.478147E-2
2.925000E-8	3.505897E-2
2.930000E-8	3.538614E-2
2.935000E-8	3.573045E-2
2.940000E-8	3.607646E-2
2.945000E-8	3.637451E-2
2.950000E-8	3.658178E-2
2.955000E-8	3.666572E-2
2.960000E-8	3.661947E-2
2.965000E-8	3.646701E-2
2.970000E-8	3.624262E-2
2.975000E-8	3.593771E-2
2.980000E-8	3.557457E-2
2.985000E-8	3.519600E-2
2.990000E-8	3.484485E-2
2.995000E-8	3.450055E-2
3.000000E-8	3.421448E-2
3.005000E-8	3.406032E-2
3.010000E-8	3.401236E-2
3.015000E-8	3.403120E-2
3.020000E-8	3.414083E-2
3.025000E-8	3.434467E-2
3.030000E-8	3.454680E-2
3.035000E-8	3.473693E-2
3.040000E-8	3.495619E-2
3.045000E-8	3.516175E-2
3.050000E-8	3.527309E-2
3.055000E-8	3.529364E-2
3.060000E-8	3.525082E-2
3.065000E-8	3.512920E-2
3.070000E-8	3.492022E-2
3.075000E-8	3.466328E-2
3.080000E-8	3.437379E-2
3.085000E-8	3.406546E-2
3.090000E-8	3.378453E-2
3.095000E-8	3.356014E-2
3.100000E-8	3.342653E-2
3.105000E-8	3.341111E-2
3.110000E-8	3.351903E-2
3.115000E-8	3.374342E-2
3.120000E-8	3.406546E-2
3.125000E-8	3.446115E-2
3.130000E-8	3.486198E-2
3.135000E-8	3.524054E-2
3.140000E-8	3.559512E-2
3.145000E-8	3.588461E-2
3.150000E-8	3.606104E-2
3.155000E-8	3.611586E-2
3.160000E-8	3.606104E-2
3.165000E-8	3.588975E-2
3.170000E-8	3.559170E-2
3.175000E-8	3.519943E-2
3.180000E-8	3.472323E-2
3.185000E-8	3.420078E-2
3.190000E-8	3.370231E-2
3.195000E-8	3.328093E-2
3.200000E-8	3.295033E-2
3.205000E-8	3.270880E-2
3.210000E-8	3.257177E-2
3.215000E-8	3.253922E-2
3.220000E-8	3.262315E-2
3.225000E-8	3.282528E-2
3.230000E-8	3.310449E-2
3.235000E-8	3.336486E-2
3.240000E-8	3.358926E-2
3.245000E-8	3.381537E-2
3.250000E-8	3.400893E-2
3.255000E-8	3.411513E-2
3.260000E-8	3.415624E-2
3.265000E-8	3.413398E-2
3.270000E-8	3.399009E-2
3.275000E-8	3.375884E-2
3.280000E-8	3.351731E-2
3.285000E-8	3.327750E-2
3.290000E-8	3.301885E-2
3.295000E-8	3.277389E-2
3.300000E-8	3.260774E-2
3.305000E-8	3.252894E-2
3.310000E-8	3.254778E-2
3.315000E-8	3.266769E-2
3.320000E-8	3.290579E-2
3.325000E-8	3.325352E-2
3.330000E-8	3.365092E-2
3.335000E-8	3.402263E-2
3.340000E-8	3.435152E-2
3.345000E-8	3.464443E-2
3.350000E-8	3.484999E-2
3.355000E-8	3.493564E-2
3.360000E-8	3.490823E-2
3.365000E-8	3.474550E-2
3.370000E-8	3.445258E-2
3.375000E-8	3.405518E-2
3.380000E-8	3.359782E-2
3.385000E-8	3.311134E-2
3.390000E-8	3.266426E-2
3.395000E-8	3.228056E-2
3.400000E-8	3.198765E-2
3.405000E-8	3.184205E-2
3.410000E-8	3.185918E-2
3.415000E-8	3.199108E-2
3.420000E-8	3.220519E-2
3.425000E-8	3.251695E-2
3.430000E-8	3.291264E-2
3.435000E-8	3.332546E-2
3.440000E-8	3.368347E-2
3.445000E-8	3.400208E-2
3.450000E-8	3.424703E-2
3.455000E-8	3.439263E-2
3.460000E-8	3.444231E-2
3.465000E-8	3.437893E-2
3.470000E-8	3.420592E-2
3.475000E-8	3.394726E-2
3.480000E-8	3.364236E-2
3.485000E-8	3.330491E-2
3.490000E-8	3.295375E-2
3.495000E-8	3.265056E-2
3.500000E-8	3.242445E-2
3.505000E-8	3.228742E-2
3.510000E-8	3.222746E-2
3.515000E-8	3.225316E-2
3.520000E-8	3.236450E-2
3.525000E-8	3.256663E-2
3.530000E-8	3.282357E-2
3.535000E-8	3.307537E-2
3.540000E-8	3.329292E-2
3.545000E-8	3.347278E-2
3.550000E-8	3.359440E-2
3.555000E-8	3.361666E-2
3.560000E-8	3.357042E-2
3.565000E-8	3.348991E-2
3.570000E-8	3.333917E-2
3.575000E-8	3.311477E-2
3.580000E-8	3.287324E-2
3.585000E-8	3.261288E-2
3.590000E-8	3.230626E-2
3.595000E-8	3.199279E-2
3.600000E-8	3.175811E-2
3.605000E-8	3.161594E-2
3.610000E-8	3.154742E-2
3.615000E-8	3.155085E-2
3.620000E-8	3.162450E-2
3.625000E-8	3.175298E-2
3.630000E-8	3.192941E-2
3.635000E-8	3.213496E-2
3.640000E-8	3.234566E-2
3.645000E-8	3.253751E-2
3.650000E-8	3.272079E-2
3.655000E-8	3.286639E-2
3.660000E-8	3.295718E-2
3.665000E-8	3.296232E-2
3.670000E-8	3.284926E-2
3.675000E-8	3.266769E-2
3.680000E-8	3.247413E-2
3.685000E-8	3.229598E-2
3.690000E-8	3.210242E-2
3.695000E-8	3.192770E-2
3.700000E-8	3.183177E-2
3.705000E-8	3.181635E-2
3.710000E-8	3.186089E-2
3.715000E-8	3.199450E-2
3.720000E-8	3.220519E-2
3.725000E-8	3.243644E-2
3.730000E-8	3.268482E-2
3.735000E-8	3.294519E-2
3.740000E-8	3.316958E-2
3.745000E-8	3.332032E-2
3.750000E-8	3.341625E-2
3.755000E-8	3.344537E-2
3.760000E-8	3.337856E-2
3.765000E-8	3.321241E-2
3.770000E-8	3.298630E-2
3.775000E-8	3.270709E-2
3.780000E-8	3.240903E-2
3.785000E-8	3.211955E-2
3.790000E-8	3.184034E-2
3.795000E-8	3.158168E-2
3.800000E-8	3.142580E-2
3.805000E-8	3.138298E-2
3.810000E-8	3.140696E-2
3.815000E-8	3.152001E-2
3.820000E-8	3.174270E-2
3.825000E-8	3.201848E-2
3.830000E-8	3.228399E-2
3.835000E-8	3.252552E-2
3.840000E-8	3.268996E-2
3.845000E-8	3.276019E-2
3.850000E-8	3.275334E-2
3.855000E-8	3.266084E-2
3.860000E-8	3.247241E-2
3.865000E-8	3.223431E-2
3.870000E-8	3.197908E-2
3.875000E-8	3.173071E-2
3.880000E-8	3.154228E-2
3.885000E-8	3.141552E-2
3.890000E-8	3.132988E-2
3.895000E-8	3.129219E-2
3.900000E-8	3.133502E-2
3.905000E-8	3.145150E-2
3.910000E-8	3.160224E-2
3.915000E-8	3.176325E-2
3.920000E-8	3.193283E-2
3.925000E-8	3.210070E-2
3.930000E-8	3.223603E-2
3.935000E-8	3.230454E-2
3.940000E-8	3.229941E-2
3.945000E-8	3.224973E-2
3.950000E-8	3.214695E-2
3.955000E-8	3.199279E-2
3.960000E-8	3.182663E-2
3.965000E-8	3.165020E-2
3.970000E-8	3.144978E-2
3.975000E-8	3.121168E-2
3.980000E-8	3.097530E-2
3.985000E-8	3.077317E-2
3.990000E-8	3.061558E-2
3.995000E-8	3.052308E-2
4.000000E-8	3.051451E-2
4.005000E-8	3.058646E-2
4.010000E-8	3.071664E-2
4.015000E-8	3.087252E-2
4.020000E-8	3.106951E-2
4.025000E-8	3.130590E-2
4.030000E-8	3.152687E-2
4.035000E-8	3.169816E-2
4.040000E-8	3.183006E-2
4.045000E-8	3.191228E-2
4.050000E-8	3.190885E-2
4.055000E-8	3.182834E-2
4.060000E-8	3.169645E-2
4.065000E-8	3.152001E-2
4.070000E-8	3.133159E-2
4.075000E-8	3.117229E-2
4.080000E-8	3.105752E-2
4.085000E-8	3.100442E-2
4.090000E-8	3.105067E-2
4.095000E-8	3.116201E-2
4.100000E-8	3.128191E-2
4.105000E-8	3.144464E-2
4.110000E-8	3.164677E-2
4.115000E-8	3.180779E-2
4.120000E-8	3.190714E-2
4.125000E-8	3.196195E-2
4.130000E-8	3.198765E-2
4.135000E-8	3.192256E-2
4.140000E-8	3.178210E-2
4.145000E-8	3.159196E-2
4.150000E-8	3.138126E-2
4.155000E-8	3.115344E-2
4.160000E-8	3.093590E-2
4.165000E-8	3.074919E-2
4.170000E-8	3.064298E-2
4.175000E-8	3.059673E-2
4.180000E-8	3.056933E-2
4.185000E-8	3.057447E-2
4.190000E-8	3.062757E-2
4.195000E-8	3.071493E-2
4.200000E-8	3.081942E-2
4.205000E-8	3.093247E-2
4.210000E-8	3.102326E-2
4.215000E-8	3.109692E-2
4.220000E-8	3.116886E-2
4.225000E-8	3.121168E-2
4.230000E-8	3.120312E-2
4.235000E-8	3.114659E-2
4.240000E-8	3.107636E-2
4.245000E-8	3.098215E-2
4.250000E-8	3.085368E-2
4.255000E-8	3.070465E-2
4.260000E-8	3.053678E-2
4.265000E-8	3.033294E-2
4.270000E-8	3.014109E-2
4.275000E-8	2.999549E-2
4.280000E-8	2.988757E-2
4.285000E-8	2.979336E-2
4.290000E-8	2.975739E-2
4.295000E-8	2.980878E-2
4.300000E-8	2.992354E-2
4.305000E-8	3.005544E-2
4.310000E-8	3.021475E-2
4.315000E-8	3.038433E-2
4.320000E-8	3.054021E-2
4.325000E-8	3.066696E-2
4.330000E-8	3.075946E-2
4.335000E-8	3.080743E-2
4.340000E-8	3.078687E-2
4.345000E-8	3.069951E-2
4.350000E-8	3.056590E-2
4.355000E-8	3.040317E-2
4.360000E-8	3.024215E-2
4.365000E-8	3.007771E-2
4.370000E-8	2.990984E-2
4.375000E-8	2.976767E-2
4.380000E-8	2.968544E-2
4.385000E-8	2.965290E-2
4.390000E-8	2.968887E-2
4.395000E-8	2.978651E-2
4.400000E-8	2.991155E-2
4.405000E-8	3.006229E-2
4.410000E-8	3.023530E-2
4.415000E-8	3.041002E-2
4.420000E-8	3.056247E-2
4.425000E-8	3.067724E-2
4.430000E-8	3.075946E-2
4.435000E-8	3.080229E-2
4.440000E-8	3.078858E-2
4.445000E-8	3.073548E-2
4.450000E-8	3.063442E-2
4.455000E-8	3.046826E-2
4.460000E-8	3.027813E-2
4.465000E-8	3.009998E-2
4.470000E-8	2.993896E-2
4.475000E-8	2.977452E-2
4.480000E-8	2.964262E-2
4.485000E-8	2.957582E-2
4.490000E-8	2.956725E-2
4.495000E-8	2.958609E-2
4.500000E-8	2.964947E-2
4.505000E-8	2.977966E-2
4.510000E-8	2.997665E-2
4.515000E-8	3.020104E-2
4.520000E-8	3.039118E-2
4.525000E-8	3.052822E-2
4.530000E-8	3.062072E-2
4.535000E-8	3.065326E-2
4.540000E-8	3.060701E-2
4.545000E-8	3.047683E-2
4.550000E-8	3.031067E-2
4.555000E-8	3.012567E-2
4.560000E-8	2.991669E-2
4.565000E-8	2.969401E-2
4.570000E-8	2.948674E-2
4.575000E-8	2.929660E-2
4.580000E-8	2.908249E-2
4.585000E-8	2.885638E-2
4.590000E-8	2.867480E-2
4.595000E-8	2.858916E-2
4.600000E-8	2.856346E-2
4.605000E-8	2.858230E-2
4.610000E-8	2.866624E-2
4.615000E-8	2.879814E-2
4.620000E-8	2.893346E-2
4.625000E-8	2.909619E-2
4.630000E-8	2.930174E-2
4.635000E-8	2.954327E-2
4.640000E-8	2.974882E-2
4.645000E-8	2.989956E-2
4.650000E-8	3.000405E-2
4.655000E-8	3.004003E-2
4.660000E-8	3.000405E-2
4.665000E-8	2.991327E-2
4.670000E-8	2.982762E-2
4.675000E-8	2.972142E-2
4.680000E-8	2.957924E-2
4.685000E-8	2.943021E-2
4.690000E-8	2.930860E-2
4.695000E-8	2.918526E-2
4.700000E-8	2.908420E-2
4.705000E-8	2.906707E-2
4.710000E-8	2.912188E-2
4.715000E-8	2.919725E-2
4.720000E-8	2.930346E-2
4.725000E-8	2.942679E-2
4.730000E-8	2.951929E-2
4.735000E-8	2.956896E-2
4.740000E-8	2.960494E-2
4.745000E-8	2.961007E-2
4.750000E-8	2.960836E-2
4.755000E-8	2.962549E-2
4.760000E-8	2.962378E-2
4.765000E-8	2.956725E-2
4.770000E-8	2.950045E-2
4.775000E-8	2.942850E-2
4.780000E-8	2.934971E-2
4.785000E-8	2.928804E-2
4.790000E-8	2.926406E-2
4.795000E-8	2.923494E-2
4.800000E-8	2.921952E-2
4.805000E-8	2.926406E-2
4.810000E-8	2.931202E-2
4.815000E-8	2.930174E-2
4.820000E-8	2.928119E-2
4.825000E-8	2.926406E-2
4.830000E-8	2.919554E-2
4.835000E-8	2.908762E-2
4.840000E-8	2.897800E-2
4.845000E-8	2.888207E-2
4.850000E-8	2.879128E-2
4.855000E-8	2.873647E-2
4.860000E-8	2.871591E-2
4.865000E-8	2.870392E-2
4.870000E-8	2.870392E-2
4.875000E-8	2.872791E-2
4.880000E-8	2.876559E-2
4.885000E-8	2.881184E-2
4.890000E-8	2.885809E-2
4.895000E-8	2.892318E-2
4.900000E-8	2.898313E-2
4.905000E-8	2.902082E-2
4.910000E-8	2.903795E-2
4.915000E-8	2.902082E-2
4.920000E-8	2.897457E-2
4.925000E-8	2.890777E-2
4.930000E-8	2.883240E-2
4.935000E-8	2.875189E-2
4.940000E-8	2.869365E-2
4.945000E-8	2.867309E-2
4.950000E-8	2.867994E-2
4.955000E-8	2.869022E-2
4.960000E-8	2.872277E-2
4.965000E-8	2.880499E-2
4.970000E-8	2.889920E-2
4.975000E-8	2.898656E-2
4.980000E-8	2.906193E-2
4.985000E-8	2.913216E-2
4.990000E-8	2.917499E-2
4.995000E-8	2.918526E-2
5.000000E-8	2.915272E-2
5.005000E-8	2.910304E-2
5.010000E-8	2.905337E-2
5.015000E-8	2.898656E-2
5.020000E-8	2.890263E-2
5.025000E-8	2.880499E-2
5.030000E-8	2.871078E-2
5.035000E-8	2.865425E-2
5.040000E-8	2.863027E-2
5.045000E-8	2.861656E-2
5.050000E-8	2.862170E-2
5.055000E-8	2.865596E-2
5.060000E-8	2.870564E-2
5.065000E-8	2.873476E-2
5.070000E-8	2.874846E-2
5.075000E-8	2.874846E-2
5.080000E-8	2.870906E-2
5.085000E-8	2.860286E-2
5.090000E-8	2.847781E-2
5.095000E-8	2.835620E-2
5.100000E-8	2.824485E-2
5.105000E-8	2.815921E-2
5.110000E-8	2.807013E-2
5.115000E-8	2.795879E-2
5.120000E-8	2.785087E-2
5.125000E-8	2.778921E-2
5.130000E-8	2.774638E-2
5.135000E-8	2.773439E-2
5.140000E-8	2.777893E-2
5.145000E-8	2.785773E-2
5.150000E-8	2.790398E-2
5.155000E-8	2.791597E-2
5.160000E-8	2.793310E-2
5.165000E-8	2.797078E-2
5.170000E-8	2.799819E-2
5.175000E-8	2.801189E-2
5.180000E-8	2.801874E-2
5.185000E-8	2.802388E-2
5.190000E-8	2.801874E-2
5.195000E-8	2.798620E-2
5.200000E-8	2.793652E-2
5.205000E-8	2.789884E-2
5.210000E-8	2.786115E-2
5.215000E-8	2.780120E-2
5.220000E-8	2.774810E-2
5.225000E-8	2.773439E-2
5.230000E-8	2.774467E-2
5.235000E-8	2.774125E-2
5.240000E-8	2.773439E-2
5.245000E-8	2.772412E-2
5.250000E-8	2.770699E-2
5.255000E-8	2.769328E-2
5.260000E-8	2.767615E-2
5.265000E-8	2.762305E-2
5.270000E-8	2.755625E-2
5.275000E-8	2.749458E-2
5.280000E-8	2.745176E-2
5.285000E-8	2.742092E-2
5.290000E-8	2.742435E-2
5.295000E-8	2.746204E-2
5.300000E-8	2.753398E-2
5.305000E-8	2.762305E-2
5.310000E-8	2.772412E-2
5.315000E-8	2.782518E-2
5.320000E-8	2.793481E-2
5.325000E-8	2.806842E-2
5.330000E-8	2.820203E-2
5.335000E-8	2.828425E-2
5.340000E-8	2.830995E-2
5.345000E-8	2.828939E-2
5.350000E-8	2.824999E-2
5.355000E-8	2.820374E-2
5.360000E-8	2.816777E-2
5.365000E-8	2.811638E-2
5.370000E-8	2.804958E-2
5.375000E-8	2.798277E-2
5.380000E-8	2.791939E-2
5.385000E-8	2.783888E-2
5.390000E-8	2.775324E-2
5.395000E-8	2.766930E-2
5.400000E-8	2.760250E-2
5.405000E-8	2.753055E-2
5.410000E-8	2.745004E-2
5.415000E-8	2.737639E-2
5.420000E-8	2.731986E-2
5.425000E-8	2.728560E-2
5.430000E-8	2.725134E-2
5.435000E-8	2.723250E-2
5.440000E-8	2.723764E-2
5.445000E-8	2.723935E-2
5.450000E-8	2.724449E-2
5.455000E-8	2.728903E-2
5.460000E-8	2.735069E-2
5.465000E-8	2.739523E-2
5.470000E-8	2.744662E-2
5.475000E-8	2.749801E-2
5.480000E-8	2.752199E-2
5.485000E-8	2.750657E-2
5.490000E-8	2.746717E-2
5.495000E-8	2.740379E-2
5.500000E-8	2.732843E-2
5.505000E-8	2.728046E-2
5.510000E-8	2.726333E-2
5.515000E-8	2.727018E-2
5.520000E-8	2.731301E-2
5.525000E-8	2.738153E-2
5.530000E-8	2.744319E-2
5.535000E-8	2.748944E-2
5.540000E-8	2.754597E-2
5.545000E-8	2.763333E-2
5.550000E-8	2.772754E-2
5.555000E-8	2.780291E-2
5.560000E-8	2.785430E-2
5.565000E-8	2.788171E-2
5.570000E-8	2.786629E-2
5.575000E-8	2.778578E-2
5.580000E-8	2.766588E-2
5.585000E-8	2.753398E-2
5.590000E-8	2.739866E-2
5.595000E-8	2.726162E-2
5.600000E-8	2.714857E-2
5.605000E-8	2.707662E-2
5.610000E-8	2.706634E-2
5.615000E-8	2.706977E-2
5.620000E-8	2.706634E-2
5.625000E-8	2.707491E-2
5.630000E-8	2.712801E-2
5.635000E-8	2.721537E-2
5.640000E-8	2.734384E-2
5.645000E-8	2.748944E-2
5.650000E-8	2.761963E-2
5.655000E-8	2.773268E-2
5.660000E-8	2.782347E-2
5.665000E-8	2.785773E-2
5.670000E-8	2.783032E-2
5.675000E-8	2.777893E-2
5.680000E-8	2.770527E-2
5.685000E-8	2.757338E-2
5.690000E-8	2.740551E-2
5.695000E-8	2.724963E-2
5.700000E-8	2.710060E-2
5.705000E-8	2.696014E-2
5.710000E-8	2.685394E-2
5.715000E-8	2.680598E-2
5.720000E-8	2.678028E-2
5.725000E-8	2.675630E-2
5.730000E-8	2.675630E-2
5.735000E-8	2.677514E-2
5.740000E-8	2.678542E-2
5.745000E-8	2.677857E-2
5.750000E-8	2.678199E-2
5.755000E-8	2.678028E-2
5.760000E-8	2.677343E-2
5.765000E-8	2.676144E-2
5.770000E-8	2.676144E-2
5.775000E-8	2.676486E-2
5.780000E-8	2.677857E-2
5.785000E-8	2.680426E-2
5.790000E-8	2.683510E-2
5.795000E-8	2.688991E-2
5.800000E-8	2.696699E-2
5.805000E-8	2.705264E-2
5.810000E-8	2.712630E-2
5.815000E-8	2.718282E-2
5.820000E-8	2.717940E-2
5.825000E-8	2.713657E-2
5.830000E-8	2.708690E-2
5.835000E-8	2.704579E-2
5.840000E-8	2.698070E-2
5.845000E-8	2.691560E-2
5.850000E-8	2.688135E-2
5.855000E-8	2.687621E-2
5.860000E-8	2.687278E-2
5.865000E-8	2.687449E-2
5.870000E-8	2.689505E-2
5.875000E-8	2.694472E-2
5.880000E-8	2.702866E-2
5.885000E-8	2.712630E-2
5.890000E-8	2.718625E-2
5.895000E-8	2.721366E-2
5.900000E-8	2.722222E-2
5.905000E-8	2.717940E-2
5.910000E-8	2.709375E-2
5.915000E-8	2.699783E-2
5.920000E-8	2.689847E-2
5.925000E-8	2.682139E-2
5.930000E-8	2.675459E-2
5.935000E-8	2.665010E-2
5.940000E-8	2.650450E-2
5.945000E-8	2.635376E-2
5.950000E-8	2.625098E-2
5.955000E-8	2.618931E-2
5.960000E-8	2.615848E-2
5.965000E-8	2.615334E-2
5.970000E-8	2.615677E-2
5.975000E-8	2.615848E-2
5.980000E-8	2.616704E-2
5.985000E-8	2.618417E-2
5.990000E-8	2.622015E-2
5.995000E-8	2.626468E-2
6.000000E-8	2.630579E-2
6.005000E-8	2.634005E-2
6.010000E-8	2.636917E-2
6.015000E-8	2.637945E-2
6.020000E-8	2.637945E-2
6.025000E-8	2.637602E-2
6.030000E-8	2.637945E-2
6.035000E-8	2.637431E-2
6.040000E-8	2.637260E-2
6.045000E-8	2.637774E-2
6.050000E-8	2.639144E-2
6.055000E-8	2.640857E-2
6.060000E-8	2.641885E-2
6.065000E-8	2.642227E-2
6.070000E-8	2.642741E-2
6.075000E-8	2.643940E-2
6.080000E-8	2.644968E-2
6.085000E-8	2.643598E-2
6.090000E-8	2.639829E-2
6.095000E-8	2.635718E-2
6.100000E-8	2.631436E-2
6.105000E-8	2.627153E-2
6.110000E-8	2.623556E-2
6.115000E-8	2.620302E-2
6.120000E-8	2.616019E-2
6.125000E-8	2.613450E-2
6.130000E-8	2.614135E-2
6.135000E-8	2.614820E-2
6.140000E-8	2.614135E-2
6.145000E-8	2.616191E-2
6.150000E-8	2.619274E-2
6.155000E-8	2.620302E-2
6.160000E-8	2.618931E-2
6.165000E-8	2.617390E-2
6.170000E-8	2.614992E-2
6.175000E-8	2.610024E-2
6.180000E-8	2.605399E-2
6.185000E-8	2.602316E-2
6.190000E-8	2.601802E-2
6.195000E-8	2.601117E-2
6.200000E-8	2.598890E-2
6.205000E-8	2.597519E-2
6.210000E-8	2.597862E-2
6.215000E-8	2.597519E-2
6.220000E-8	2.596834E-2
6.225000E-8	2.598033E-2
6.230000E-8	2.601117E-2
6.235000E-8	2.605913E-2
6.240000E-8	2.613450E-2
6.245000E-8	2.624241E-2
6.250000E-8	2.633663E-2
6.255000E-8	2.639829E-2
6.260000E-8	2.645311E-2
6.265000E-8	2.648737E-2
6.270000E-8	2.646681E-2
6.275000E-8	2.641028E-2
6.280000E-8	2.634177E-2
6.285000E-8	2.625441E-2
6.290000E-8	2.612936E-2
6.295000E-8	2.602316E-2
6.300000E-8	2.597519E-2
6.305000E-8	2.596320E-2
6.310000E-8	2.596492E-2
6.315000E-8	2.600603E-2
6.320000E-8	2.608140E-2
6.325000E-8	2.616704E-2
6.330000E-8	2.624755E-2
6.335000E-8	2.631265E-2
6.340000E-8	2.632464E-2
6.345000E-8	2.628181E-2
6.350000E-8	2.621329E-2
6.355000E-8	2.612765E-2
6.360000E-8	2.599746E-2
6.365000E-8	2.584844E-2
6.370000E-8	2.571996E-2
6.375000E-8	2.562747E-2
6.380000E-8	2.555723E-2
6.385000E-8	2.550585E-2
6.390000E-8	2.548186E-2
6.395000E-8	2.547844E-2
6.400000E-8	2.547673E-2
6.405000E-8	2.548015E-2
6.410000E-8	2.548358E-2
6.415000E-8	2.547844E-2
6.420000E-8	2.543219E-2
6.425000E-8	2.537395E-2
6.430000E-8	2.532941E-2
6.435000E-8	2.529687E-2
6.440000E-8	2.529173E-2
6.445000E-8	2.531742E-2
6.450000E-8	2.536881E-2
6.455000E-8	2.540992E-2
6.460000E-8	2.544247E-2
6.465000E-8	2.547673E-2
6.470000E-8	2.550413E-2
6.475000E-8	2.549557E-2
6.480000E-8	2.547330E-2
6.485000E-8	2.546987E-2
6.490000E-8	2.547159E-2
6.495000E-8	2.545274E-2
6.500000E-8	2.541335E-2
6.505000E-8	2.537224E-2
6.510000E-8	2.530372E-2
6.515000E-8	2.519066E-2
6.520000E-8	2.504678E-2
6.525000E-8	2.488747E-2
6.530000E-8	2.475044E-2
6.535000E-8	2.466479E-2
6.540000E-8	2.462025E-2
6.545000E-8	2.458257E-2
6.550000E-8	2.455173E-2
6.555000E-8	2.455345E-2
6.560000E-8	2.461169E-2
6.565000E-8	2.469391E-2
6.570000E-8	2.478298E-2
6.575000E-8	2.487719E-2
6.580000E-8	2.496284E-2
6.585000E-8	2.502622E-2
6.590000E-8	2.508617E-2
6.595000E-8	2.515812E-2
6.600000E-8	2.521636E-2
6.605000E-8	2.524890E-2
6.610000E-8	2.526775E-2
6.615000E-8	2.526261E-2
6.620000E-8	2.521122E-2
6.625000E-8	2.512728E-2
6.630000E-8	2.504678E-2
6.635000E-8	2.497654E-2
6.640000E-8	2.490803E-2
6.645000E-8	2.487891E-2
6.650000E-8	2.490974E-2
6.655000E-8	2.498511E-2
6.660000E-8	2.508103E-2
6.665000E-8	2.517867E-2
6.670000E-8	2.527631E-2
6.675000E-8	2.535339E-2
6.680000E-8	2.539964E-2
6.685000E-8	2.540478E-2
6.690000E-8	2.538594E-2
6.695000E-8	2.535168E-2
6.700000E-8	2.531057E-2
6.705000E-8	2.525404E-2
6.710000E-8	2.520437E-2
6.715000E-8	2.517867E-2
6.720000E-8	2.516840E-2
6.725000E-8	2.514784E-2
6.730000E-8	2.514441E-2
6.735000E-8	2.515812E-2
6.740000E-8	2.517525E-2
6.745000E-8	2.518381E-2
6.750000E-8	2.520608E-2
6.755000E-8	2.525576E-2
6.760000E-8	2.529858E-2
6.765000E-8	2.531742E-2
6.770000E-8	2.530372E-2
6.775000E-8	2.525918E-2
6.780000E-8	2.520437E-2
6.785000E-8	2.513927E-2
6.790000E-8	2.506562E-2
6.795000E-8	2.499025E-2
6.800000E-8	2.493543E-2
6.805000E-8	2.491830E-2
6.810000E-8	2.493201E-2
6.815000E-8	2.496455E-2
6.820000E-8	2.499710E-2
6.825000E-8	2.502108E-2
6.830000E-8	2.502279E-2
6.835000E-8	2.498511E-2
6.840000E-8	2.495942E-2
6.845000E-8	2.494057E-2
6.850000E-8	2.490117E-2
6.855000E-8	2.482409E-2
6.860000E-8	2.474187E-2
6.865000E-8	2.466307E-2
6.870000E-8	2.458771E-2
6.875000E-8	2.452775E-2
6.880000E-8	2.450377E-2
6.885000E-8	2.450720E-2
6.890000E-8	2.452090E-2
6.895000E-8	2.453632E-2
6.900000E-8	2.452261E-2
6.905000E-8	2.451062E-2
6.910000E-8	2.453118E-2
6.915000E-8	2.455345E-2
6.920000E-8	2.456715E-2
6.925000E-8	2.461340E-2
6.930000E-8	2.469562E-2
6.935000E-8	2.478298E-2
6.940000E-8	2.487205E-2
6.945000E-8	2.497483E-2
6.950000E-8	2.505534E-2
6.955000E-8	2.510673E-2
6.960000E-8	2.513585E-2
6.965000E-8	2.514784E-2
6.970000E-8	2.512728E-2
6.975000E-8	2.508275E-2
6.980000E-8	2.503307E-2
6.985000E-8	2.498854E-2
6.990000E-8	2.493372E-2
6.995000E-8	2.486349E-2
7.000000E-8	2.481039E-2
7.005000E-8	2.480696E-2
7.010000E-8	2.482923E-2
7.015000E-8	2.486863E-2
7.020000E-8	2.495599E-2
7.025000E-8	2.509131E-2
7.030000E-8	2.521636E-2
7.035000E-8	2.529515E-2
7.040000E-8	2.534483E-2
7.045000E-8	2.534825E-2
7.050000E-8	2.527802E-2
7.055000E-8	2.515127E-2
7.060000E-8	2.500224E-2
7.065000E-8	2.483266E-2
7.070000E-8	2.466136E-2
7.075000E-8	2.452775E-2
7.080000E-8	2.440099E-2
7.085000E-8	2.431192E-2
7.090000E-8	2.429993E-2
7.095000E-8	2.433761E-2
7.100000E-8	2.436331E-2
7.105000E-8	2.439414E-2
7.110000E-8	2.445581E-2
7.115000E-8	2.450034E-2
7.120000E-8	2.450548E-2
7.125000E-8	2.452433E-2
7.130000E-8	2.455516E-2
7.135000E-8	2.453803E-2
7.140000E-8	2.446437E-2
7.145000E-8	2.437359E-2
7.150000E-8	2.431192E-2
7.155000E-8	2.429479E-2
7.160000E-8	2.433419E-2
7.165000E-8	2.441470E-2
7.170000E-8	2.451919E-2
7.175000E-8	2.463224E-2
7.180000E-8	2.471960E-2
7.185000E-8	2.476756E-2
7.190000E-8	2.478127E-2
7.195000E-8	2.475900E-2
7.200000E-8	2.471446E-2
7.205000E-8	2.465280E-2
7.210000E-8	2.459113E-2
7.215000E-8	2.451234E-2
7.220000E-8	2.443011E-2
7.225000E-8	2.434104E-2
7.230000E-8	2.425025E-2
7.235000E-8	2.416461E-2
7.240000E-8	2.410979E-2
7.245000E-8	2.407553E-2
7.250000E-8	2.404299E-2
7.255000E-8	2.401558E-2
7.260000E-8	2.400530E-2
7.265000E-8	2.399160E-2
7.270000E-8	2.396419E-2
7.275000E-8	2.391965E-2
7.280000E-8	2.388540E-2
7.285000E-8	2.387683E-2
7.290000E-8	2.388711E-2
7.295000E-8	2.393336E-2
7.300000E-8	2.402243E-2
7.305000E-8	2.413035E-2
7.310000E-8	2.424169E-2
7.315000E-8	2.435474E-2
7.320000E-8	2.445238E-2
7.325000E-8	2.451919E-2
7.330000E-8	2.456372E-2
7.335000E-8	2.457914E-2
7.340000E-8	2.454659E-2
7.345000E-8	2.447979E-2
7.350000E-8	2.440613E-2
7.355000E-8	2.432391E-2
7.360000E-8	2.422627E-2
7.365000E-8	2.414576E-2
7.370000E-8	2.409438E-2
7.375000E-8	2.404813E-2
7.380000E-8	2.400873E-2
7.385000E-8	2.399331E-2
7.390000E-8	2.400701E-2
7.395000E-8	2.400188E-2
7.400000E-8	2.395563E-2
7.405000E-8	2.390424E-2
7.410000E-8	2.385114E-2
7.415000E-8	2.379804E-2
7.420000E-8	2.374665E-2
7.425000E-8	2.370040E-2
7.430000E-8	2.366956E-2
7.435000E-8	2.366614E-2
7.440000E-8	2.370896E-2
7.445000E-8	2.380660E-2
7.450000E-8	2.394021E-2
7.455000E-8	2.407896E-2
7.460000E-8	2.420743E-2
7.465000E-8	2.432734E-2
7.470000E-8	2.441812E-2
7.475000E-8	2.442840E-2
7.480000E-8	2.433933E-2
7.485000E-8	2.420229E-2
7.490000E-8	2.406697E-2
7.495000E-8	2.393678E-2
7.500000E-8	2.379461E-2
7.505000E-8	2.363530E-2
7.510000E-8	2.350512E-2
7.515000E-8	2.344003E-2
7.520000E-8	2.343832E-2
7.525000E-8	2.347771E-2
7.530000E-8	2.354452E-2
7.535000E-8	2.361475E-2
7.540000E-8	2.365757E-2
7.545000E-8	2.369183E-2
7.550000E-8	2.373979E-2
7.555000E-8	2.377063E-2
7.560000E-8	2.373979E-2
7.565000E-8	2.365929E-2
7.570000E-8	2.355993E-2
7.575000E-8	2.346744E-2
7.580000E-8	2.338864E-2
7.585000E-8	2.331670E-2
7.590000E-8	2.327045E-2
7.595000E-8	2.328586E-2
7.600000E-8	2.334924E-2
7.605000E-8	2.343489E-2
7.610000E-8	2.354452E-2
7.615000E-8	2.368155E-2
7.620000E-8	2.382887E-2
7.625000E-8	2.396933E-2
7.630000E-8	2.410465E-2
7.635000E-8	2.422285E-2
7.640000E-8	2.428794E-2
7.645000E-8	2.429136E-2
7.650000E-8	2.426396E-2
7.655000E-8	2.424169E-2
7.660000E-8	2.421257E-2
7.665000E-8	2.417660E-2
7.670000E-8	2.413377E-2
7.675000E-8	2.407382E-2
7.680000E-8	2.397789E-2
7.685000E-8	2.386655E-2
7.690000E-8	2.377405E-2
7.695000E-8	2.370554E-2
7.700000E-8	2.365072E-2
7.705000E-8	2.360961E-2
7.710000E-8	2.359077E-2
7.715000E-8	2.357706E-2
7.720000E-8	2.354281E-2
7.725000E-8	2.347943E-2
7.730000E-8	2.342632E-2
7.735000E-8	2.339035E-2
7.740000E-8	2.334753E-2
7.745000E-8	2.328415E-2
7.750000E-8	2.320878E-2
7.755000E-8	2.314883E-2
7.760000E-8	2.312142E-2
7.765000E-8	2.311971E-2
7.770000E-8	2.308887E-2
7.775000E-8	2.306832E-2
7.780000E-8	2.309573E-2
7.785000E-8	2.316596E-2
7.790000E-8	2.321049E-2
7.795000E-8	2.321906E-2
7.800000E-8	2.320193E-2
7.805000E-8	2.319508E-2
7.810000E-8	2.319336E-2
7.815000E-8	2.317966E-2
7.820000E-8	2.316767E-2
7.825000E-8	2.316767E-2
7.830000E-8	2.316253E-2
7.835000E-8	2.315054E-2
7.840000E-8	2.316596E-2
7.845000E-8	2.320878E-2
7.850000E-8	2.325846E-2
7.855000E-8	2.330984E-2
7.860000E-8	2.335438E-2
7.865000E-8	2.337322E-2
7.870000E-8	2.337836E-2
7.875000E-8	2.337665E-2
7.880000E-8	2.336637E-2
7.885000E-8	2.333896E-2
7.890000E-8	2.328586E-2
7.895000E-8	2.321392E-2
7.900000E-8	2.313341E-2
7.905000E-8	2.303920E-2
7.910000E-8	2.290901E-2
7.915000E-8	2.277198E-2
7.920000E-8	2.267091E-2
7.925000E-8	2.260582E-2
7.930000E-8	2.255786E-2
7.935000E-8	2.253045E-2
7.940000E-8	2.253559E-2
7.945000E-8	2.257328E-2
7.950000E-8	2.264008E-2
7.955000E-8	2.271545E-2
7.960000E-8	2.279425E-2
7.965000E-8	2.287989E-2
7.970000E-8	2.295184E-2
7.975000E-8	2.300665E-2
7.980000E-8	2.302721E-2
7.985000E-8	2.301350E-2
7.990000E-8	2.295698E-2
7.995000E-8	2.287475E-2
8.000000E-8	2.279253E-2
8.005000E-8	2.270003E-2
8.010000E-8	2.260582E-2
8.015000E-8	2.254587E-2
8.020000E-8	2.255443E-2
8.025000E-8	2.258698E-2
8.030000E-8	2.262980E-2
8.035000E-8	2.271545E-2
8.040000E-8	2.283364E-2
8.045000E-8	2.292443E-2
8.050000E-8	2.298952E-2
8.055000E-8	2.304776E-2
8.060000E-8	2.308031E-2
8.065000E-8	2.307346E-2
8.070000E-8	2.304091E-2
8.075000E-8	2.298781E-2
8.080000E-8	2.290388E-2
8.085000E-8	2.280452E-2
8.090000E-8	2.272744E-2
8.095000E-8	2.268462E-2
8.100000E-8	2.267777E-2
8.105000E-8	2.270517E-2
8.110000E-8	2.276513E-2
8.115000E-8	2.284735E-2
8.120000E-8	2.290901E-2
8.125000E-8	2.291929E-2
8.130000E-8	2.289017E-2
8.135000E-8	2.285249E-2
8.140000E-8	2.281309E-2
8.145000E-8	2.275314E-2
8.150000E-8	2.266235E-2
8.155000E-8	2.256129E-2
8.160000E-8	2.244994E-2
8.165000E-8	2.234717E-2
8.170000E-8	2.228721E-2
8.175000E-8	2.228036E-2
8.180000E-8	2.231291E-2
8.185000E-8	2.236430E-2
8.190000E-8	2.244823E-2
8.195000E-8	2.256300E-2
8.200000E-8	2.268290E-2
8.205000E-8	2.280110E-2
8.210000E-8	2.291929E-2
8.215000E-8	2.300151E-2
8.220000E-8	2.304091E-2
8.225000E-8	2.307003E-2
8.230000E-8	2.309059E-2
8.235000E-8	2.310258E-2
8.240000E-8	2.311799E-2
8.245000E-8	2.313512E-2
8.250000E-8	2.314026E-2
8.255000E-8	2.313341E-2
8.260000E-8	2.312485E-2
8.265000E-8	2.310943E-2
8.270000E-8	2.307346E-2
8.275000E-8	2.301350E-2
8.280000E-8	2.293471E-2
8.285000E-8	2.282851E-2
8.290000E-8	2.272573E-2
8.295000E-8	2.264179E-2
8.300000E-8	2.255615E-2
8.305000E-8	2.247735E-2
8.310000E-8	2.242082E-2
8.315000E-8	2.240712E-2
8.320000E-8	2.242596E-2
8.325000E-8	2.246707E-2
8.330000E-8	2.252703E-2
8.335000E-8	2.258869E-2
8.340000E-8	2.263665E-2
8.345000E-8	2.264693E-2
8.350000E-8	2.259726E-2
8.355000E-8	2.249962E-2
8.360000E-8	2.240027E-2
8.365000E-8	2.230606E-2
8.370000E-8	2.222383E-2
8.375000E-8	2.216559E-2
8.380000E-8	2.214161E-2
8.385000E-8	2.214333E-2
8.390000E-8	2.218101E-2
8.395000E-8	2.225638E-2
8.400000E-8	2.237286E-2
8.405000E-8	2.249448E-2
8.410000E-8	2.260925E-2
8.415000E-8	2.270346E-2
8.420000E-8	2.277883E-2
8.425000E-8	2.285077E-2
8.430000E-8	2.287818E-2
8.435000E-8	2.284392E-2
8.440000E-8	2.277712E-2
8.445000E-8	2.269490E-2
8.450000E-8	2.259041E-2
8.455000E-8	2.246193E-2
8.460000E-8	2.234031E-2
8.465000E-8	2.223582E-2
8.470000E-8	2.215703E-2
8.475000E-8	2.211078E-2
8.480000E-8	2.209365E-2
8.485000E-8	2.212448E-2
8.490000E-8	2.219814E-2
8.495000E-8	2.227351E-2
8.500000E-8	2.234031E-2
8.505000E-8	2.243624E-2
8.510000E-8	2.255786E-2
8.515000E-8	2.267605E-2
8.520000E-8	2.275656E-2
8.525000E-8	2.278911E-2
8.530000E-8	2.276513E-2
8.535000E-8	2.270175E-2
8.540000E-8	2.263837E-2
8.545000E-8	2.256129E-2
8.550000E-8	2.249105E-2
8.555000E-8	2.245680E-2
8.560000E-8	2.245851E-2
8.565000E-8	2.246193E-2
8.570000E-8	2.245166E-2
8.575000E-8	2.243110E-2
8.580000E-8	2.242425E-2
8.585000E-8	2.244994E-2
8.590000E-8	2.248934E-2
8.595000E-8	2.253216E-2
8.600000E-8	2.258527E-2
8.605000E-8	2.266406E-2
8.610000E-8	2.272915E-2
8.615000E-8	2.273772E-2
8.620000E-8	2.270175E-2
8.625000E-8	2.266064E-2
8.630000E-8	2.260411E-2
8.635000E-8	2.252703E-2
8.640000E-8	2.243795E-2
8.645000E-8	2.234374E-2
8.650000E-8	2.224096E-2
8.655000E-8	2.214333E-2
8.660000E-8	2.207138E-2
8.665000E-8	2.203198E-2
8.670000E-8	2.202171E-2
8.675000E-8	2.204397E-2
8.680000E-8	2.210393E-2
8.685000E-8	2.219300E-2
8.690000E-8	2.230092E-2
8.695000E-8	2.239170E-2
8.700000E-8	2.246193E-2
8.705000E-8	2.248078E-2
8.710000E-8	2.244994E-2
8.715000E-8	2.238656E-2
8.720000E-8	2.231805E-2
8.725000E-8	2.221356E-2
8.730000E-8	2.207995E-2
8.735000E-8	2.196347E-2
8.740000E-8	2.188638E-2
8.745000E-8	2.183842E-2
8.750000E-8	2.183328E-2
8.755000E-8	2.187782E-2
8.760000E-8	2.194634E-2
8.765000E-8	2.201999E-2
8.770000E-8	2.210393E-2
8.775000E-8	2.218786E-2
8.780000E-8	2.224953E-2
8.785000E-8	2.227865E-2
8.790000E-8	2.225809E-2
8.795000E-8	2.219814E-2
8.800000E-8	2.210393E-2
8.805000E-8	2.197888E-2
8.810000E-8	2.183671E-2
8.815000E-8	2.171166E-2
8.820000E-8	2.158490E-2
8.825000E-8	2.145815E-2
8.830000E-8	2.137078E-2
8.835000E-8	2.135194E-2
8.840000E-8	2.138278E-2
8.845000E-8	2.145301E-2
8.850000E-8	2.156606E-2
8.855000E-8	2.170138E-2
8.860000E-8	2.184870E-2
8.865000E-8	2.198402E-2
8.870000E-8	2.210907E-2
8.875000E-8	2.221870E-2
8.880000E-8	2.229406E-2
8.885000E-8	2.235059E-2
8.890000E-8	2.240883E-2
8.895000E-8	2.245508E-2
8.900000E-8	2.246707E-2
8.905000E-8	2.248249E-2
8.910000E-8	2.252189E-2
8.915000E-8	2.250990E-2
8.920000E-8	2.243281E-2
8.925000E-8	2.234374E-2
8.930000E-8	2.226152E-2
8.935000E-8	2.216731E-2
8.940000E-8	2.207481E-2
8.945000E-8	2.200286E-2
8.950000E-8	2.193777E-2
8.955000E-8	2.190009E-2
8.960000E-8	2.191722E-2
8.965000E-8	2.194120E-2
8.970000E-8	2.194291E-2
8.975000E-8	2.197888E-2
8.980000E-8	2.204569E-2
8.985000E-8	2.207138E-2
8.990000E-8	2.204226E-2
8.995000E-8	2.199430E-2
9.000000E-8	2.193435E-2
9.005000E-8	2.183328E-2
9.010000E-8	2.168425E-2
9.015000E-8	2.153523E-2
9.020000E-8	2.141018E-2
9.025000E-8	2.129713E-2
9.030000E-8	2.119264E-2
9.035000E-8	2.112755E-2
9.040000E-8	2.111384E-2
9.045000E-8	2.113268E-2
9.050000E-8	2.117893E-2
9.055000E-8	2.125602E-2
9.060000E-8	2.134338E-2
9.065000E-8	2.141190E-2
9.070000E-8	2.145129E-2
9.075000E-8	2.145472E-2
9.080000E-8	2.139648E-2
9.085000E-8	2.129370E-2
9.090000E-8	2.118579E-2
9.095000E-8	2.111213E-2
9.100000E-8	2.106588E-2
9.105000E-8	2.102134E-2
9.110000E-8	2.099051E-2
9.115000E-8	2.098023E-2
9.120000E-8	2.097509E-2
9.125000E-8	2.098366E-2
9.130000E-8	2.102134E-2
9.135000E-8	2.107273E-2
9.140000E-8	2.111556E-2
9.145000E-8	2.114296E-2
9.150000E-8	2.115667E-2
9.155000E-8	2.117208E-2
9.160000E-8	2.121148E-2
9.165000E-8	2.126458E-2
9.170000E-8	2.132454E-2
9.175000E-8	2.139134E-2
9.180000E-8	2.145301E-2
9.185000E-8	2.149754E-2
9.190000E-8	2.154208E-2
9.195000E-8	2.159689E-2
9.200000E-8	2.163287E-2
9.205000E-8	2.165342E-2
9.210000E-8	2.168083E-2
9.215000E-8	2.167226E-2
9.220000E-8	2.160203E-2
9.225000E-8	2.150268E-2
9.230000E-8	2.141875E-2
9.235000E-8	2.132111E-2
9.240000E-8	2.120634E-2
9.245000E-8	2.109671E-2
9.250000E-8	2.099907E-2
9.255000E-8	2.089972E-2
9.260000E-8	2.081579E-2
9.265000E-8	2.077125E-2
9.270000E-8	2.076269E-2
9.275000E-8	2.078838E-2
9.280000E-8	2.086718E-2
9.285000E-8	2.098880E-2
9.290000E-8	2.113268E-2
9.295000E-8	2.125944E-2
9.300000E-8	2.136736E-2
9.305000E-8	2.146842E-2
9.310000E-8	2.153352E-2
9.315000E-8	2.156264E-2
9.320000E-8	2.156092E-2
9.325000E-8	2.152838E-2
9.330000E-8	2.145643E-2
9.335000E-8	2.132111E-2
9.340000E-8	2.115495E-2
9.345000E-8	2.101278E-2
9.350000E-8	2.089116E-2
9.355000E-8	2.078324E-2
9.360000E-8	2.069588E-2
9.365000E-8	2.064792E-2
9.370000E-8	2.063250E-2
9.375000E-8	2.064278E-2
9.380000E-8	2.068218E-2
9.385000E-8	2.073185E-2
9.390000E-8	2.076440E-2
9.395000E-8	2.078838E-2
9.400000E-8	2.080551E-2
9.405000E-8	2.082435E-2
9.410000E-8	2.084834E-2
9.415000E-8	2.086718E-2
9.420000E-8	2.085005E-2
9.425000E-8	2.080551E-2
9.430000E-8	2.076097E-2
9.435000E-8	2.071815E-2
9.440000E-8	2.067190E-2
9.445000E-8	2.064621E-2
9.450000E-8	2.064792E-2
9.455000E-8	2.066848E-2
9.460000E-8	2.071986E-2
9.465000E-8	2.080551E-2
9.470000E-8	2.090144E-2
9.475000E-8	2.100764E-2
9.480000E-8	2.114468E-2
9.485000E-8	2.128342E-2
9.490000E-8	2.138106E-2
9.495000E-8	2.142731E-2
9.500000E-8	2.143930E-2
9.505000E-8	2.141532E-2
9.510000E-8	2.132796E-2
9.515000E-8	2.118579E-2
9.520000E-8	2.102819E-2
9.525000E-8	2.086889E-2
9.530000E-8	2.069246E-2
9.535000E-8	2.053144E-2
9.540000E-8	2.043723E-2
9.545000E-8	2.038241E-2
9.550000E-8	2.033274E-2
9.555000E-8	2.032931E-2
9.560000E-8	2.038070E-2
9.565000E-8	2.046121E-2
9.570000E-8	2.053658E-2
9.575000E-8	2.061195E-2
9.580000E-8	2.067533E-2
9.585000E-8	2.071815E-2
9.590000E-8	2.073528E-2
9.595000E-8	2.070445E-2
9.600000E-8	2.062736E-2
9.605000E-8	2.052630E-2
9.610000E-8	2.043380E-2
9.615000E-8	2.035843E-2
9.620000E-8	2.028991E-2
9.625000E-8	2.026079E-2
9.630000E-8	2.026764E-2
9.635000E-8	2.029334E-2
9.640000E-8	2.034644E-2
9.645000E-8	2.044579E-2
9.650000E-8	2.054857E-2
9.655000E-8	2.062565E-2
9.660000E-8	2.070273E-2
9.665000E-8	2.079009E-2
9.670000E-8	2.083806E-2
9.675000E-8	2.084320E-2
9.680000E-8	2.082264E-2
9.685000E-8	2.075926E-2
9.690000E-8	2.064449E-2
9.695000E-8	2.051431E-2
9.700000E-8	2.040126E-2
9.705000E-8	2.032589E-2
9.710000E-8	2.026422E-2
9.715000E-8	2.018714E-2
9.720000E-8	2.009464E-2
9.725000E-8	2.002954E-2
9.730000E-8	1.999357E-2
9.735000E-8	1.995931E-2
9.740000E-8	1.995075E-2
9.745000E-8	1.997816E-2
9.750000E-8	1.999015E-2
9.755000E-8	1.995589E-2
9.760000E-8	1.992334E-2
9.765000E-8	1.991649E-2
9.770000E-8	1.992505E-2
9.775000E-8	1.996445E-2
9.780000E-8	2.004154E-2
9.785000E-8	2.015630E-2
9.790000E-8	2.030362E-2
9.795000E-8	2.044922E-2
9.800000E-8	2.057769E-2
9.805000E-8	2.073014E-2
9.810000E-8	2.088945E-2
9.815000E-8	2.097681E-2
9.820000E-8	2.098880E-2
9.825000E-8	2.096995E-2
9.830000E-8	2.091343E-2
9.835000E-8	2.083292E-2
9.840000E-8	2.078324E-2
9.845000E-8	2.077125E-2
9.850000E-8	2.077639E-2
9.855000E-8	2.078324E-2
9.860000E-8	2.079695E-2
9.865000E-8	2.080037E-2
9.870000E-8	2.080722E-2
9.875000E-8	2.083634E-2
9.880000E-8	2.085690E-2
9.885000E-8	2.083977E-2
9.890000E-8	2.079009E-2
9.895000E-8	2.071815E-2
9.900000E-8	2.062736E-2
9.905000E-8	2.052801E-2
9.910000E-8	2.042524E-2
9.915000E-8	2.032589E-2
9.920000E-8	2.022825E-2
9.925000E-8	2.013917E-2
9.930000E-8	2.006723E-2
9.935000E-8	2.004667E-2
9.940000E-8	2.009635E-2
9.945000E-8	2.018714E-2
9.950000E-8	2.031389E-2
9.955000E-8	2.048348E-2
9.960000E-8	2.066334E-2
9.965000E-8	2.081579E-2
9.970000E-8	2.094083E-2
9.975000E-8	2.104875E-2
9.980000E-8	2.114468E-2
9.985000E-8	2.119264E-2
9.990000E-8	2.116694E-2
9.995000E-8	2.108644E-2
1.000000E-7	2.099394E-2
1.000500E-7	2.085519E-2
1.001000E-7	2.066505E-2
1.001500E-7	2.047320E-2
1.002000E-7	2.030704E-2
1.002500E-7	2.014431E-2
1.003000E-7	2.000042E-2
1.003500E-7	1.990793E-2
1.004000E-7	1.987538E-2
1.004500E-7	1.992163E-2
1.005000E-7	2.003640E-2
1.005500E-7	2.015288E-2
1.006000E-7	2.023167E-2
1.006500E-7	2.029848E-2
1.007000E-7	2.036871E-2
1.007500E-7	2.040297E-2
1.008000E-7	2.039612E-2
1.008500E-7	2.036186E-2
1.009000E-7	2.027278E-2
1.009500E-7	2.013746E-2
1.010000E-7	1.997816E-2
1.010500E-7	1.981885E-2
1.011000E-7	1.966126E-2
1.011500E-7	1.953793E-2
1.012000E-7	1.947626E-2
1.012500E-7	1.948654E-2
1.013000E-7	1.956020E-2
1.013500E-7	1.965955E-2
1.014000E-7	1.977260E-2
1.014500E-7	1.990621E-2
1.015000E-7	2.004496E-2
1.015500E-7	2.016316E-2
1.016000E-7	2.025052E-2
1.016500E-7	2.028820E-2
1.017000E-7	2.024195E-2
1.017500E-7	2.013061E-2
1.018000E-7	1.998501E-2
1.018500E-7	1.980686E-2
1.019000E-7	1.961672E-2
1.019500E-7	1.946598E-2
1.020000E-7	1.936149E-2
1.020500E-7	1.927756E-2
1.021000E-7	1.924844E-2
1.021500E-7	1.931524E-2
1.022000E-7	1.943515E-2
1.022500E-7	1.955848E-2
1.023000E-7	1.970751E-2
1.023500E-7	1.986681E-2
1.024000E-7	1.997987E-2
1.024500E-7	2.003811E-2
1.025000E-7	2.008265E-2
1.025500E-7	2.008265E-2
1.026000E-7	2.003811E-2
1.026500E-7	2.000899E-2
1.027000E-7	2.001070E-2
1.027500E-7	2.000556E-2
1.028000E-7	1.999186E-2
1.028500E-7	1.997816E-2
1.029000E-7	1.996788E-2
1.029500E-7	1.995418E-2
1.030000E-7	1.993533E-2
1.030500E-7	1.990107E-2
1.031000E-7	1.985311E-2
1.031500E-7	1.979487E-2
1.032000E-7	1.972464E-2
1.032500E-7	1.965955E-2
1.033000E-7	1.961844E-2
1.033500E-7	1.957219E-2
1.034000E-7	1.951566E-2
1.034500E-7	1.945571E-2
1.035000E-7	1.937177E-2
1.035500E-7	1.925187E-2
1.036000E-7	1.912682E-2
1.036500E-7	1.903946E-2
1.037000E-7	1.899492E-2
1.037500E-7	1.899492E-2
1.038000E-7	1.904802E-2
1.038500E-7	1.914395E-2
1.039000E-7	1.924330E-2
1.039500E-7	1.934779E-2
1.040000E-7	1.947969E-2
1.040500E-7	1.961501E-2
1.041000E-7	1.971779E-2
1.041500E-7	1.980344E-2
1.042000E-7	1.990621E-2
1.042500E-7	2.000214E-2
1.043000E-7	2.006380E-2
1.043500E-7	2.010834E-2
1.044000E-7	2.013232E-2
1.044500E-7	2.011177E-2
1.045000E-7	2.004325E-2
1.045500E-7	1.996959E-2
1.046000E-7	1.990793E-2
1.046500E-7	1.984283E-2
1.047000E-7	1.977089E-2
1.047500E-7	1.971436E-2
1.048000E-7	1.970066E-2
1.048500E-7	1.972293E-2
1.049000E-7	1.976404E-2
1.049500E-7	1.980686E-2
1.050000E-7	1.985311E-2
1.050500E-7	1.988223E-2
1.051000E-7	1.988223E-2
1.051500E-7	1.987709E-2
1.052000E-7	1.987195E-2
1.052500E-7	1.984112E-2
1.053000E-7	1.977774E-2
1.053500E-7	1.969209E-2
1.054000E-7	1.959788E-2
1.054500E-7	1.951737E-2
1.055000E-7	1.947797E-2
1.055500E-7	1.947969E-2
1.056000E-7	1.951566E-2
1.056500E-7	1.957561E-2
1.057000E-7	1.964927E-2
1.057500E-7	1.971779E-2
1.058000E-7	1.975205E-2
1.058500E-7	1.974691E-2
1.059000E-7	1.971094E-2
1.059500E-7	1.965955E-2
1.060000E-7	1.959788E-2
1.060500E-7	1.951566E-2
1.061000E-7	1.941802E-2
1.061500E-7	1.932210E-2
1.062000E-7	1.925358E-2
1.062500E-7	1.920562E-2
1.063000E-7	1.916964E-2
1.063500E-7	1.916279E-2
1.064000E-7	1.917478E-2
1.064500E-7	1.917821E-2
1.065000E-7	1.918849E-2
1.065500E-7	1.922446E-2
1.066000E-7	1.923987E-2
1.066500E-7	1.919705E-2
1.067000E-7	1.914052E-2
1.067500E-7	1.910113E-2
1.068000E-7	1.905659E-2
1.068500E-7	1.900177E-2
1.069000E-7	1.897437E-2
1.069500E-7	1.900349E-2
1.070000E-7	1.907029E-2
1.070500E-7	1.914566E-2
1.071000E-7	1.921932E-2
1.071500E-7	1.930325E-2
1.072000E-7	1.940261E-2
1.072500E-7	1.951737E-2
1.073000E-7	1.962529E-2
1.073500E-7	1.971950E-2
1.074000E-7	1.977774E-2
1.074500E-7	1.980172E-2
1.075000E-7	1.979144E-2
1.075500E-7	1.976232E-2
1.076000E-7	1.973663E-2
1.076500E-7	1.975205E-2
1.077000E-7	1.978973E-2
1.077500E-7	1.981543E-2
1.078000E-7	1.982742E-2
1.078500E-7	1.981543E-2
1.079000E-7	1.975890E-2
1.079500E-7	1.966983E-2
1.080000E-7	1.957047E-2
1.080500E-7	1.946085E-2
1.081000E-7	1.935293E-2
1.081500E-7	1.926900E-2
1.082000E-7	1.922446E-2
1.082500E-7	1.920390E-2
1.083000E-7	1.919876E-2
1.083500E-7	1.920904E-2
1.084000E-7	1.924673E-2
1.084500E-7	1.928099E-2
1.085000E-7	1.929983E-2
1.085500E-7	1.930325E-2
1.086000E-7	1.930497E-2
1.086500E-7	1.929640E-2
1.087000E-7	1.927413E-2
1.087500E-7	1.923987E-2
1.088000E-7	1.916793E-2
1.088500E-7	1.905488E-2
1.089000E-7	1.892469E-2
1.089500E-7	1.880992E-2
1.090000E-7	1.871571E-2
1.090500E-7	1.867803E-2
1.091000E-7	1.870030E-2
1.091500E-7	1.876367E-2
1.092000E-7	1.883904E-2
1.092500E-7	1.891784E-2
1.093000E-7	1.898807E-2
1.093500E-7	1.905145E-2
1.094000E-7	1.910113E-2
1.094500E-7	1.914052E-2
1.095000E-7	1.914224E-2
1.095500E-7	1.910798E-2
1.096000E-7	1.903261E-2
1.096500E-7	1.894696E-2
1.097000E-7	1.887844E-2
1.097500E-7	1.881849E-2
1.098000E-7	1.875168E-2
1.098500E-7	1.870543E-2
1.099000E-7	1.869002E-2
1.099500E-7	1.869516E-2
1.100000E-7	1.871914E-2
1.100500E-7	1.876539E-2
1.101000E-7	1.881335E-2
1.101500E-7	1.884761E-2
1.102000E-7	1.886988E-2
1.102500E-7	1.886474E-2
1.103000E-7	1.884761E-2
1.103500E-7	1.882877E-2
1.104000E-7	1.881506E-2
1.104500E-7	1.879279E-2
1.105000E-7	1.875511E-2
1.105500E-7	1.871400E-2
1.106000E-7	1.870543E-2
1.106500E-7	1.872770E-2
1.107000E-7	1.878252E-2
1.107500E-7	1.889043E-2
1.108000E-7	1.902918E-2
1.108500E-7	1.913710E-2
1.109000E-7	1.919876E-2
1.109500E-7	1.923131E-2
1.110000E-7	1.923645E-2
1.110500E-7	1.921418E-2
1.111000E-7	1.917478E-2
1.111500E-7	1.912168E-2
1.112000E-7	1.906002E-2
1.112500E-7	1.899835E-2
1.113000E-7	1.890928E-2
1.113500E-7	1.877567E-2
1.114000E-7	1.862835E-2
1.114500E-7	1.849817E-2
1.115000E-7	1.839368E-2
1.115500E-7	1.832002E-2
1.116000E-7	1.827377E-2
1.116500E-7	1.823951E-2
1.117000E-7	1.820525E-2
1.117500E-7	1.819669E-2
1.118000E-7	1.824123E-2
1.118500E-7	1.832687E-2
1.119000E-7	1.845877E-2
1.119500E-7	1.861636E-2
1.120000E-7	1.879622E-2
1.120500E-7	1.898978E-2
1.121000E-7	1.916108E-2
1.121500E-7	1.929126E-2
1.122000E-7	1.940432E-2
1.122500E-7	1.947626E-2
1.123000E-7	1.947626E-2
1.123500E-7	1.941631E-2
1.124000E-7	1.932038E-2
1.124500E-7	1.917821E-2
1.125000E-7	1.901548E-2
1.125500E-7	1.887673E-2
1.126000E-7	1.874483E-2
1.126500E-7	1.860780E-2
1.127000E-7	1.851016E-2
1.127500E-7	1.845534E-2
1.128000E-7	1.841081E-2
1.128500E-7	1.835771E-2
1.129000E-7	1.833372E-2
1.129500E-7	1.834572E-2
1.130000E-7	1.836456E-2
1.130500E-7	1.835257E-2
1.131000E-7	1.831146E-2
1.131500E-7	1.825664E-2
1.132000E-7	1.820183E-2
1.132500E-7	1.815558E-2
1.133000E-7	1.811789E-2
1.133500E-7	1.809049E-2
1.134000E-7	1.809734E-2
1.134500E-7	1.815215E-2
1.135000E-7	1.824465E-2
1.135500E-7	1.833544E-2
1.136000E-7	1.842965E-2
1.136500E-7	1.851358E-2
1.137000E-7	1.857696E-2
1.137500E-7	1.861636E-2
1.138000E-7	1.864891E-2
1.138500E-7	1.868488E-2
1.139000E-7	1.870886E-2
1.139500E-7	1.870715E-2
1.140000E-7	1.867460E-2
1.140500E-7	1.862493E-2
1.141000E-7	1.857525E-2
1.141500E-7	1.852386E-2
1.142000E-7	1.847247E-2
1.142500E-7	1.844164E-2
1.143000E-7	1.842965E-2
1.143500E-7	1.840909E-2
1.144000E-7	1.838340E-2
1.144500E-7	1.836798E-2
1.145000E-7	1.836284E-2
1.145500E-7	1.835599E-2
1.146000E-7	1.836113E-2
1.146500E-7	1.837141E-2
1.147000E-7	1.837826E-2
1.147500E-7	1.836113E-2
1.148000E-7	1.832173E-2
1.148500E-7	1.827891E-2
1.149000E-7	1.823951E-2
1.149500E-7	1.820183E-2
1.150000E-7	1.816072E-2
1.150500E-7	1.812474E-2
1.151000E-7	1.810248E-2
1.151500E-7	1.808535E-2
1.152000E-7	1.806308E-2
1.152500E-7	1.804766E-2
1.153000E-7	1.803567E-2
1.153500E-7	1.803053E-2
1.154000E-7	1.803225E-2
1.154500E-7	1.803567E-2
1.155000E-7	1.802197E-2
1.155500E-7	1.799113E-2
1.156000E-7	1.797229E-2
1.156500E-7	1.796030E-2
1.157000E-7	1.796030E-2
1.157500E-7	1.796201E-2
1.158000E-7	1.797229E-2
1.158500E-7	1.799113E-2
1.159000E-7	1.800998E-2
1.159500E-7	1.801683E-2
1.160000E-7	1.802711E-2
1.160500E-7	1.804424E-2
1.161000E-7	1.805794E-2
1.161500E-7	1.807849E-2
1.162000E-7	1.813502E-2
1.162500E-7	1.823609E-2
1.163000E-7	1.834058E-2
1.163500E-7	1.842965E-2
1.164000E-7	1.851187E-2
1.164500E-7	1.858382E-2
1.165000E-7	1.863349E-2
1.165500E-7	1.866775E-2
1.166000E-7	1.869173E-2
1.166500E-7	1.871229E-2
1.167000E-7	1.872256E-2
1.167500E-7	1.869002E-2
1.168000E-7	1.860094E-2
1.168500E-7	1.849474E-2
1.169000E-7	1.838169E-2
1.169500E-7	1.823780E-2
1.170000E-7	1.808535E-2
1.170500E-7	1.795345E-2
1.171000E-7	1.785581E-2
1.171500E-7	1.780271E-2
1.172000E-7	1.782669E-2
1.172500E-7	1.792776E-2
1.173000E-7	1.805965E-2
1.173500E-7	1.819498E-2
1.174000E-7	1.830803E-2
1.174500E-7	1.838511E-2
1.175000E-7	1.845192E-2
1.175500E-7	1.849303E-2
1.176000E-7	1.848446E-2
1.176500E-7	1.842622E-2
1.177000E-7	1.836113E-2
1.177500E-7	1.829090E-2
1.178000E-7	1.822923E-2
1.178500E-7	1.821210E-2
1.179000E-7	1.823609E-2
1.179500E-7	1.827548E-2
1.180000E-7	1.832687E-2
1.180500E-7	1.839196E-2
1.181000E-7	1.842622E-2
1.181500E-7	1.843821E-2
1.182000E-7	1.844335E-2
1.182500E-7	1.843308E-2
1.183000E-7	1.839710E-2
1.183500E-7	1.835771E-2
1.184000E-7	1.832345E-2
1.184500E-7	1.830974E-2
1.185000E-7	1.833030E-2
1.185500E-7	1.836456E-2
1.186000E-7	1.837484E-2
1.186500E-7	1.838683E-2
1.187000E-7	1.840224E-2
1.187500E-7	1.837826E-2
1.188000E-7	1.829433E-2
1.188500E-7	1.818984E-2
1.189000E-7	1.807164E-2
1.189500E-7	1.793118E-2
1.190000E-7	1.780271E-2
1.190500E-7	1.770165E-2
1.191000E-7	1.762285E-2
1.191500E-7	1.760401E-2
1.192000E-7	1.766567E-2
1.192500E-7	1.776502E-2
1.193000E-7	1.786095E-2
1.193500E-7	1.796373E-2
1.194000E-7	1.805794E-2
1.194500E-7	1.813502E-2
1.195000E-7	1.817785E-2
1.195500E-7	1.818470E-2
1.196000E-7	1.815215E-2
1.196500E-7	1.808535E-2
1.197000E-7	1.800655E-2
1.197500E-7	1.791234E-2
1.198000E-7	1.780785E-2
1.198500E-7	1.772734E-2
1.199000E-7	1.768452E-2
1.199500E-7	1.768623E-2
1.200000E-7	1.773590E-2
1.200500E-7	1.783526E-2
1.201000E-7	1.798086E-2
1.201500E-7	1.817785E-2
1.202000E-7	1.837997E-2
1.202500E-7	1.855812E-2
1.203000E-7	1.870886E-2
1.203500E-7	1.883904E-2
1.204000E-7	1.892127E-2
1.204500E-7	1.892983E-2
1.205000E-7	1.887844E-2
1.205500E-7	1.879279E-2
1.206000E-7	1.867631E-2
1.206500E-7	1.852557E-2
1.207000E-7	1.835942E-2
1.207500E-7	1.818298E-2
1.208000E-7	1.801340E-2
1.208500E-7	1.784382E-2
1.209000E-7	1.770336E-2
1.209500E-7	1.760058E-2
1.210000E-7	1.752521E-2
1.210500E-7	1.745156E-2
1.211000E-7	1.739160E-2
1.211500E-7	1.734021E-2
1.212000E-7	1.728540E-2
1.212500E-7	1.725799E-2
1.213000E-7	1.730253E-2
1.213500E-7	1.740873E-2
1.214000E-7	1.752521E-2
1.214500E-7	1.762456E-2
1.215000E-7	1.771192E-2
1.215500E-7	1.778901E-2
1.216000E-7	1.786609E-2
1.216500E-7	1.791234E-2
1.217000E-7	1.789692E-2
1.217500E-7	1.785239E-2
1.218000E-7	1.780442E-2
1.218500E-7	1.775475E-2
1.219000E-7	1.769137E-2
1.219500E-7	1.763655E-2
1.220000E-7	1.759030E-2
1.220500E-7	1.753549E-2
1.221000E-7	1.750466E-2
1.221500E-7	1.751493E-2
1.222000E-7	1.751665E-2
1.222500E-7	1.750123E-2
1.223000E-7	1.749438E-2
1.223500E-7	1.749438E-2
1.224000E-7	1.748068E-2
1.224500E-7	1.746697E-2
1.225000E-7	1.746526E-2
1.225500E-7	1.746012E-2
1.226000E-7	1.743614E-2
1.226500E-7	1.741901E-2
1.227000E-7	1.740702E-2
1.227500E-7	1.740359E-2
1.228000E-7	1.742929E-2
1.228500E-7	1.749609E-2
1.229000E-7	1.759373E-2
1.229500E-7	1.770165E-2
1.230000E-7	1.779928E-2
1.230500E-7	1.789864E-2
1.231000E-7	1.799285E-2
1.231500E-7	1.802711E-2
1.232000E-7	1.798942E-2
1.232500E-7	1.792433E-2
1.233000E-7	1.787294E-2
1.233500E-7	1.781641E-2
1.234000E-7	1.775646E-2
1.234500E-7	1.771535E-2
1.235000E-7	1.767253E-2
1.235500E-7	1.761429E-2
1.236000E-7	1.756461E-2
1.236500E-7	1.753549E-2
1.237000E-7	1.752007E-2
1.237500E-7	1.752179E-2
1.238000E-7	1.754234E-2
1.238500E-7	1.755947E-2
1.239000E-7	1.758174E-2
1.239500E-7	1.761600E-2
1.240000E-7	1.761771E-2
1.240500E-7	1.758174E-2
1.241000E-7	1.753206E-2
1.241500E-7	1.747896E-2
1.242000E-7	1.740188E-2
1.242500E-7	1.731966E-2
1.243000E-7	1.724771E-2
1.243500E-7	1.717748E-2
1.244000E-7	1.713809E-2
1.244500E-7	1.715864E-2
1.245000E-7	1.720489E-2
1.245500E-7	1.726998E-2
1.246000E-7	1.738304E-2
1.246500E-7	1.751322E-2
1.247000E-7	1.761257E-2
1.247500E-7	1.770678E-2
1.248000E-7	1.782155E-2
1.248500E-7	1.789521E-2
1.249000E-7	1.790035E-2
1.249500E-7	1.788322E-2
1.250000E-7	1.785581E-2
1.250500E-7	1.777702E-2
1.251000E-7	1.764512E-2
1.251500E-7	1.750123E-2
1.252000E-7	1.736933E-2
1.252500E-7	1.725970E-2
1.253000E-7	1.717748E-2
1.253500E-7	1.712781E-2
1.254000E-7	1.710211E-2
1.254500E-7	1.711239E-2
1.255000E-7	1.715693E-2
1.255500E-7	1.722373E-2
1.256000E-7	1.729396E-2
1.256500E-7	1.735906E-2
1.257000E-7	1.742072E-2
1.257500E-7	1.747211E-2
1.258000E-7	1.750466E-2
1.258500E-7	1.751836E-2
1.259000E-7	1.749438E-2
1.259500E-7	1.741730E-2
1.260000E-7	1.732137E-2
1.260500E-7	1.723401E-2
1.261000E-7	1.713980E-2
1.261500E-7	1.706100E-2
1.262000E-7	1.703702E-2
1.262500E-7	1.705244E-2
1.263000E-7	1.707642E-2
1.263500E-7	1.713123E-2
1.264000E-7	1.719633E-2
1.264500E-7	1.722716E-2
1.265000E-7	1.724258E-2
1.265500E-7	1.728369E-2
1.266000E-7	1.734707E-2
1.266500E-7	1.739331E-2
1.267000E-7	1.743271E-2
1.267500E-7	1.748068E-2
1.268000E-7	1.751493E-2
1.268500E-7	1.752007E-2
1.269000E-7	1.750980E-2
1.269500E-7	1.748410E-2
1.270000E-7	1.743956E-2
1.270500E-7	1.737276E-2
1.271000E-7	1.728711E-2
1.271500E-7	1.720489E-2
1.272000E-7	1.712952E-2
1.272500E-7	1.704901E-2
1.273000E-7	1.697364E-2
1.273500E-7	1.694966E-2
1.274000E-7	1.699077E-2
1.274500E-7	1.705072E-2
1.275000E-7	1.710211E-2
1.275500E-7	1.716207E-2
1.276000E-7	1.723401E-2
1.276500E-7	1.729739E-2
1.277000E-7	1.734364E-2
1.277500E-7	1.737961E-2
1.278000E-7	1.740873E-2
1.278500E-7	1.743785E-2
1.279000E-7	1.746868E-2
1.279500E-7	1.746868E-2
1.280000E-7	1.741901E-2
1.280500E-7	1.735906E-2
1.281000E-7	1.731281E-2
1.281500E-7	1.726484E-2
1.282000E-7	1.722031E-2
1.282500E-7	1.720318E-2
1.283000E-7	1.720146E-2
1.283500E-7	1.718262E-2
1.284000E-7	1.713809E-2
1.284500E-7	1.709697E-2
1.285000E-7	1.708498E-2
1.285500E-7	1.708841E-2
1.286000E-7	1.707299E-2
1.286500E-7	1.704216E-2
1.287000E-7	1.701304E-2
1.287500E-7	1.699762E-2
1.288000E-7	1.698049E-2
1.288500E-7	1.697535E-2
1.289000E-7	1.699420E-2
1.289500E-7	1.702160E-2
1.290000E-7	1.704730E-2
1.290500E-7	1.706443E-2
1.291000E-7	1.709012E-2
1.291500E-7	1.711068E-2
1.292000E-7	1.712781E-2
1.292500E-7	1.713466E-2
1.293000E-7	1.714836E-2
1.293500E-7	1.717406E-2
1.294000E-7	1.720660E-2
1.294500E-7	1.725970E-2
1.295000E-7	1.731623E-2
1.295500E-7	1.736933E-2
1.296000E-7	1.742586E-2
1.296500E-7	1.750637E-2
1.297000E-7	1.757831E-2
1.297500E-7	1.762970E-2
1.298000E-7	1.767424E-2
1.298500E-7	1.770507E-2
1.299000E-7	1.768794E-2
1.299500E-7	1.763484E-2
1.300000E-7	1.756804E-2
1.300500E-7	1.747040E-2
1.301000E-7	1.734021E-2
1.301500E-7	1.720660E-2
1.302000E-7	1.708498E-2
1.302500E-7	1.698392E-2
1.303000E-7	1.691198E-2
1.303500E-7	1.684688E-2
1.304000E-7	1.676809E-2
1.304500E-7	1.669957E-2
1.305000E-7	1.664647E-2
1.305500E-7	1.660536E-2
1.306000E-7	1.659337E-2
1.306500E-7	1.660707E-2
1.307000E-7	1.660536E-2
1.307500E-7	1.660536E-2
1.308000E-7	1.662077E-2
1.308500E-7	1.661221E-2
1.309000E-7	1.656939E-2
1.309500E-7	1.653684E-2
1.310000E-7	1.652828E-2
1.310500E-7	1.652314E-2
1.311000E-7	1.652314E-2
1.311500E-7	1.653170E-2
1.312000E-7	1.652828E-2
1.312500E-7	1.651457E-2
1.313000E-7	1.650429E-2
1.313500E-7	1.649915E-2
1.314000E-7	1.648716E-2
1.314500E-7	1.648203E-2
1.315000E-7	1.646832E-2
1.315500E-7	1.646147E-2
1.316000E-7	1.649573E-2
1.316500E-7	1.657624E-2
1.317000E-7	1.666874E-2
1.317500E-7	1.678008E-2
1.318000E-7	1.690512E-2
1.318500E-7	1.702846E-2
1.319000E-7	1.712609E-2
1.319500E-7	1.719633E-2
1.320000E-7	1.723915E-2
1.320500E-7	1.723572E-2
1.321000E-7	1.717920E-2
1.321500E-7	1.705586E-2
1.322000E-7	1.688114E-2
1.322500E-7	1.668244E-2
1.323000E-7	1.649573E-2
1.323500E-7	1.633129E-2
1.324000E-7	1.618568E-2
1.324500E-7	1.607434E-2
1.325000E-7	1.601782E-2
1.325500E-7	1.601782E-2
1.326000E-7	1.606235E-2
1.326500E-7	1.613087E-2
1.327000E-7	1.622851E-2
1.327500E-7	1.634842E-2
1.328000E-7	1.648203E-2
1.328500E-7	1.659508E-2
1.329000E-7	1.667045E-2
1.329500E-7	1.672869E-2
1.330000E-7	1.678008E-2
1.330500E-7	1.680920E-2
1.331000E-7	1.682290E-2
1.331500E-7	1.681948E-2
1.332000E-7	1.680577E-2
1.332500E-7	1.680063E-2
1.333000E-7	1.680406E-2
1.333500E-7	1.681091E-2
1.334000E-7	1.681434E-2
1.334500E-7	1.680577E-2
1.335000E-7	1.676980E-2
1.335500E-7	1.672526E-2
1.336000E-7	1.669614E-2
1.336500E-7	1.668415E-2
1.337000E-7	1.668073E-2
1.337500E-7	1.667901E-2
1.338000E-7	1.667216E-2
1.338500E-7	1.667216E-2
1.339000E-7	1.668758E-2
1.339500E-7	1.672526E-2
1.340000E-7	1.675267E-2
1.340500E-7	1.678522E-2
1.341000E-7	1.684003E-2
1.341500E-7	1.690684E-2
1.342000E-7	1.694281E-2
1.342500E-7	1.693938E-2
1.343000E-7	1.691198E-2
1.343500E-7	1.685202E-2
1.344000E-7	1.674582E-2
1.344500E-7	1.659851E-2
1.345000E-7	1.645291E-2
1.345500E-7	1.633129E-2
1.346000E-7	1.621309E-2
1.346500E-7	1.609319E-2
1.347000E-7	1.601782E-2
1.347500E-7	1.600583E-2
1.348000E-7	1.603495E-2
1.348500E-7	1.608633E-2
1.349000E-7	1.616513E-2
1.349500E-7	1.627476E-2
1.350000E-7	1.639638E-2
1.350500E-7	1.650429E-2
1.351000E-7	1.658309E-2
1.351500E-7	1.662934E-2
1.352000E-7	1.665161E-2
1.352500E-7	1.664647E-2
1.353000E-7	1.661392E-2
1.353500E-7	1.655397E-2
1.354000E-7	1.648203E-2
1.354500E-7	1.642892E-2
1.355000E-7	1.637068E-2
1.355500E-7	1.630217E-2
1.356000E-7	1.623365E-2
1.356500E-7	1.619254E-2
1.357000E-7	1.618397E-2
1.357500E-7	1.619082E-2
1.358000E-7	1.621994E-2
1.358500E-7	1.626619E-2
1.359000E-7	1.630902E-2
1.359500E-7	1.634328E-2
1.360000E-7	1.637925E-2
1.360500E-7	1.642379E-2
1.361000E-7	1.646490E-2
1.361500E-7	1.649744E-2
1.362000E-7	1.650772E-2
1.362500E-7	1.648545E-2
1.363000E-7	1.644091E-2
1.363500E-7	1.638267E-2
1.364000E-7	1.631416E-2
1.364500E-7	1.627133E-2
1.365000E-7	1.625420E-2
1.365500E-7	1.625592E-2
1.366000E-7	1.628161E-2
1.366500E-7	1.634328E-2
1.367000E-7	1.640152E-2
1.367500E-7	1.646147E-2
1.368000E-7	1.654540E-2
1.368500E-7	1.662763E-2
1.369000E-7	1.666189E-2
1.369500E-7	1.665846E-2
1.370000E-7	1.665161E-2
1.370500E-7	1.661221E-2
1.371000E-7	1.652485E-2
1.371500E-7	1.641693E-2
1.372000E-7	1.630730E-2
1.372500E-7	1.618055E-2
1.373000E-7	1.605379E-2
1.373500E-7	1.596814E-2
1.374000E-7	1.593046E-2
1.374500E-7	1.591333E-2
1.375000E-7	1.591504E-2
1.375500E-7	1.593731E-2
1.376000E-7	1.595444E-2
1.376500E-7	1.594758E-2
1.377000E-7	1.592360E-2
1.377500E-7	1.589106E-2
1.378000E-7	1.584823E-2
1.378500E-7	1.582425E-2
1.379000E-7	1.582083E-2
1.379500E-7	1.579856E-2
1.380000E-7	1.575745E-2
1.380500E-7	1.572490E-2
1.381000E-7	1.571462E-2
1.381500E-7	1.570092E-2
1.382000E-7	1.569407E-2
1.382500E-7	1.570092E-2
1.383000E-7	1.569749E-2
1.383500E-7	1.566837E-2
1.384000E-7	1.563754E-2
1.384500E-7	1.560671E-2
1.385000E-7	1.558101E-2
1.385500E-7	1.556731E-2
1.386000E-7	1.557416E-2
1.386500E-7	1.559129E-2
1.387000E-7	1.561013E-2
1.387500E-7	1.561185E-2
1.388000E-7	1.560157E-2
1.388500E-7	1.559814E-2
1.389000E-7	1.561527E-2
1.389500E-7	1.565296E-2
1.390000E-7	1.570948E-2
1.390500E-7	1.578657E-2
1.391000E-7	1.587735E-2
1.391500E-7	1.596985E-2
1.392000E-7	1.604008E-2
1.392500E-7	1.606578E-2
1.393000E-7	1.606235E-2
1.393500E-7	1.602809E-2
1.394000E-7	1.595786E-2
1.394500E-7	1.583967E-2
1.395000E-7	1.572148E-2
1.395500E-7	1.561527E-2
1.396000E-7	1.551935E-2
1.396500E-7	1.544569E-2
1.397000E-7	1.539430E-2
1.397500E-7	1.537032E-2
1.398000E-7	1.541486E-2
1.398500E-7	1.553476E-2
1.399000E-7	1.567694E-2
1.399500E-7	1.580884E-2
1.400000E-7	1.595272E-2
1.400500E-7	1.608462E-2
1.401000E-7	1.617883E-2
1.401500E-7	1.624050E-2
1.402000E-7	1.626277E-2
1.402500E-7	1.623707E-2
1.403000E-7	1.618226E-2
1.403500E-7	1.611032E-2
1.404000E-7	1.600069E-2
1.404500E-7	1.588249E-2
1.405000E-7	1.578485E-2
1.405500E-7	1.571634E-2
1.406000E-7	1.565810E-2
1.406500E-7	1.563412E-2
1.407000E-7	1.564097E-2
1.407500E-7	1.565124E-2
1.408000E-7	1.567351E-2
1.408500E-7	1.570777E-2
1.409000E-7	1.574374E-2
1.409500E-7	1.576601E-2
1.410000E-7	1.578485E-2
1.410500E-7	1.579856E-2
1.411000E-7	1.578143E-2
1.411500E-7	1.570777E-2
1.412000E-7	1.562212E-2
1.412500E-7	1.556560E-2
1.413000E-7	1.551421E-2
1.413500E-7	1.542685E-2
1.414000E-7	1.532750E-2
1.414500E-7	1.524528E-2
1.415000E-7	1.517847E-2
1.415500E-7	1.510653E-2
1.416000E-7	1.504829E-2
1.416500E-7	1.503458E-2
1.417000E-7	1.505514E-2
1.417500E-7	1.509796E-2
1.418000E-7	1.516648E-2
1.418500E-7	1.525041E-2
1.419000E-7	1.533606E-2
1.419500E-7	1.541828E-2
1.420000E-7	1.551250E-2
1.420500E-7	1.559643E-2
1.421000E-7	1.565810E-2
1.421500E-7	1.569407E-2
1.422000E-7	1.571634E-2
1.422500E-7	1.570948E-2
1.423000E-7	1.567694E-2
1.423500E-7	1.562898E-2
1.424000E-7	1.559814E-2
1.424500E-7	1.559814E-2
1.425000E-7	1.559986E-2
1.425500E-7	1.558615E-2
1.426000E-7	1.559300E-2
1.426500E-7	1.563240E-2
1.427000E-7	1.568550E-2
1.427500E-7	1.574888E-2
1.428000E-7	1.582939E-2
1.428500E-7	1.590476E-2
1.429000E-7	1.595444E-2
1.429500E-7	1.598356E-2
1.430000E-7	1.599383E-2
1.430500E-7	1.600240E-2
1.431000E-7	1.602124E-2
1.431500E-7	1.604351E-2
1.432000E-7	1.604008E-2
1.432500E-7	1.602295E-2
1.433000E-7	1.597328E-2
1.433500E-7	1.589277E-2
1.434000E-7	1.581397E-2
1.434500E-7	1.577115E-2
1.435000E-7	1.573861E-2
1.435500E-7	1.568379E-2
1.436000E-7	1.564953E-2
1.436500E-7	1.567009E-2
1.437000E-7	1.571291E-2
1.437500E-7	1.574546E-2
1.438000E-7	1.578828E-2
1.438500E-7	1.584823E-2
1.439000E-7	1.588421E-2
1.439500E-7	1.588763E-2
1.440000E-7	1.588763E-2
1.440500E-7	1.587907E-2
1.441000E-7	1.583624E-2
1.441500E-7	1.574374E-2
1.442000E-7	1.561013E-2
1.442500E-7	1.543884E-2
1.443000E-7	1.526583E-2
1.443500E-7	1.511852E-2
1.444000E-7	1.497292E-2
1.444500E-7	1.484616E-2
1.445000E-7	1.476051E-2
1.445500E-7	1.470398E-2
1.446000E-7	1.468857E-2
1.446500E-7	1.473996E-2
1.447000E-7	1.482218E-2
1.447500E-7	1.492153E-2
1.448000E-7	1.507055E-2
1.448500E-7	1.525727E-2
1.449000E-7	1.542685E-2
1.449500E-7	1.557416E-2
1.450000E-7	1.571291E-2
1.450500E-7	1.580884E-2
1.451000E-7	1.584481E-2
1.451500E-7	1.584652E-2
1.452000E-7	1.579856E-2
1.452500E-7	1.568893E-2
1.453000E-7	1.555361E-2
1.453500E-7	1.542342E-2
1.454000E-7	1.529666E-2
1.454500E-7	1.519046E-2
1.455000E-7	1.513736E-2
1.455500E-7	1.512023E-2
1.456000E-7	1.512366E-2
1.456500E-7	1.516134E-2
1.457000E-7	1.522129E-2
1.457500E-7	1.526754E-2
1.458000E-7	1.531037E-2
1.458500E-7	1.536689E-2
1.459000E-7	1.540629E-2
1.459500E-7	1.539259E-2
1.460000E-7	1.531893E-2
1.460500E-7	1.521444E-2
1.461000E-7	1.511338E-2
1.461500E-7	1.504829E-2
1.462000E-7	1.501917E-2
1.462500E-7	1.499518E-2
1.463000E-7	1.498662E-2
1.463500E-7	1.500718E-2
1.464000E-7	1.506028E-2
1.464500E-7	1.512023E-2
1.465000E-7	1.517162E-2
1.465500E-7	1.519731E-2
1.466000E-7	1.519560E-2
1.466500E-7	1.518018E-2
1.467000E-7	1.513565E-2
1.467500E-7	1.506370E-2
1.468000E-7	1.500889E-2
1.468500E-7	1.497806E-2
1.469000E-7	1.492495E-2
1.469500E-7	1.486843E-2
1.470000E-7	1.486843E-2
1.470500E-7	1.489069E-2
1.471000E-7	1.490440E-2
1.471500E-7	1.493523E-2
1.472000E-7	1.499690E-2
1.472500E-7	1.503801E-2
1.473000E-7	1.504657E-2
1.473500E-7	1.503801E-2
1.474000E-7	1.500546E-2
1.474500E-7	1.496949E-2
1.475000E-7	1.493523E-2
1.475500E-7	1.488727E-2
1.476000E-7	1.485130E-2
1.476500E-7	1.484958E-2
1.477000E-7	1.487014E-2
1.477500E-7	1.491468E-2
1.478000E-7	1.501403E-2
1.478500E-7	1.516648E-2
1.479000E-7	1.532578E-2
1.479500E-7	1.544912E-2
1.480000E-7	1.553134E-2
1.480500E-7	1.559472E-2
1.481000E-7	1.565296E-2
1.481500E-7	1.566837E-2
1.482000E-7	1.563412E-2
1.482500E-7	1.559986E-2
1.483000E-7	1.556902E-2
1.483500E-7	1.549365E-2
1.484000E-7	1.537889E-2
1.484500E-7	1.528810E-2
1.485000E-7	1.522643E-2
1.485500E-7	1.516477E-2
1.486000E-7	1.509967E-2
1.486500E-7	1.503801E-2
1.487000E-7	1.497463E-2
1.487500E-7	1.492324E-2
1.488000E-7	1.488042E-2
1.488500E-7	1.484102E-2
1.489000E-7	1.480505E-2
1.489500E-7	1.478963E-2
1.490000E-7	1.478620E-2
1.490500E-7	1.479477E-2
1.491000E-7	1.480847E-2
1.491500E-7	1.479820E-2
1.492000E-7	1.476736E-2
1.492500E-7	1.472454E-2
1.493000E-7	1.466287E-2
1.493500E-7	1.457551E-2
1.494000E-7	1.446760E-2
1.494500E-7	1.434940E-2
1.495000E-7	1.422093E-2
1.495500E-7	1.411815E-2
1.496000E-7	1.407362E-2
1.496500E-7	1.406677E-2
1.497000E-7	1.408390E-2
1.497500E-7	1.416783E-2
1.498000E-7	1.432371E-2
1.498500E-7	1.449672E-2
1.499000E-7	1.465773E-2
1.499500E-7	1.480847E-2
1.500000E-7	1.493694E-2
1.500500E-7	1.501231E-2
1.501000E-7	1.504657E-2
1.501500E-7	1.503458E-2
1.502000E-7	1.495921E-2
1.502500E-7	1.483588E-2
1.503000E-7	1.470227E-2
1.503500E-7	1.455838E-2
1.504000E-7	1.438537E-2
1.504500E-7	1.422264E-2
1.505000E-7	1.411302E-2
1.505500E-7	1.404792E-2
1.506000E-7	1.400681E-2
1.506500E-7	1.398283E-2
1.507000E-7	1.397941E-2
1.507500E-7	1.400853E-2
1.508000E-7	1.407362E-2
1.508500E-7	1.415755E-2
1.509000E-7	1.423292E-2
1.509500E-7	1.429973E-2
1.510000E-7	1.439394E-2
1.510500E-7	1.450528E-2
1.511000E-7	1.461491E-2
1.511500E-7	1.472968E-2
1.512000E-7	1.486157E-2
1.512500E-7	1.497806E-2
1.513000E-7	1.506884E-2
1.513500E-7	1.514764E-2
1.514000E-7	1.520245E-2
1.514500E-7	1.519217E-2
1.515000E-7	1.513736E-2
1.515500E-7	1.506199E-2
1.516000E-7	1.496778E-2
1.516500E-7	1.486843E-2
1.517000E-7	1.478792E-2
1.517500E-7	1.473824E-2
1.518000E-7	1.473139E-2
1.518500E-7	1.478278E-2
1.519000E-7	1.484616E-2
1.519500E-7	1.491468E-2
1.520000E-7	1.502602E-2
1.520500E-7	1.514935E-2
1.521000E-7	1.521616E-2
1.521500E-7	1.524528E-2
1.522000E-7	1.528125E-2
1.522500E-7	1.529838E-2
1.523000E-7	1.525555E-2
1.523500E-7	1.518018E-2
1.524000E-7	1.512023E-2
1.524500E-7	1.505685E-2
1.525000E-7	1.496093E-2
1.525500E-7	1.485130E-2
1.526000E-7	1.476565E-2
1.526500E-7	1.471255E-2
1.527000E-7	1.466972E-2
1.527500E-7	1.462519E-2
1.528000E-7	1.458922E-2
1.528500E-7	1.457894E-2
1.529000E-7	1.459264E-2
1.529500E-7	1.461834E-2
1.530000E-7	1.463033E-2
1.530500E-7	1.462005E-2
1.531000E-7	1.460806E-2
1.531500E-7	1.459949E-2
1.532000E-7	1.456523E-2
1.532500E-7	1.451898E-2
1.533000E-7	1.447102E-2
1.533500E-7	1.440764E-2
1.534000E-7	1.434255E-2
1.534500E-7	1.431343E-2
1.535000E-7	1.431514E-2
1.535500E-7	1.432713E-2
1.536000E-7	1.437167E-2
1.536500E-7	1.445218E-2
1.537000E-7	1.450871E-2
1.537500E-7	1.452755E-2
1.538000E-7	1.453611E-2
1.538500E-7	1.454125E-2
1.539000E-7	1.452412E-2
1.539500E-7	1.450357E-2
1.540000E-7	1.450014E-2
1.540500E-7	1.449500E-2
1.541000E-7	1.449329E-2
1.541500E-7	1.450014E-2
1.542000E-7	1.449843E-2
1.542500E-7	1.447787E-2
1.543000E-7	1.446931E-2
1.543500E-7	1.448986E-2
1.544000E-7	1.451556E-2
1.544500E-7	1.453783E-2
1.545000E-7	1.456181E-2
1.545500E-7	1.459949E-2
1.546000E-7	1.465945E-2
1.546500E-7	1.472283E-2
1.547000E-7	1.475880E-2
1.547500E-7	1.476394E-2
1.548000E-7	1.476565E-2
1.548500E-7	1.475880E-2
1.549000E-7	1.472283E-2
1.549500E-7	1.466801E-2
1.550000E-7	1.462176E-2
1.550500E-7	1.458065E-2
1.551000E-7	1.453440E-2
1.551500E-7	1.450014E-2
1.552000E-7	1.448473E-2
1.552500E-7	1.448301E-2
1.553000E-7	1.447445E-2
1.553500E-7	1.446588E-2
1.554000E-7	1.445732E-2
1.554500E-7	1.443505E-2
1.555000E-7	1.438366E-2
1.555500E-7	1.432371E-2
1.556000E-7	1.427575E-2
1.556500E-7	1.424149E-2
1.557000E-7	1.421579E-2
1.557500E-7	1.418325E-2
1.558000E-7	1.413528E-2
1.558500E-7	1.409075E-2
1.559000E-7	1.406848E-2
1.559500E-7	1.407019E-2
1.560000E-7	1.409075E-2
1.560500E-7	1.413014E-2
1.561000E-7	1.418667E-2
1.561500E-7	1.425519E-2
1.562000E-7	1.431514E-2
1.562500E-7	1.434426E-2
1.563000E-7	1.436824E-2
1.563500E-7	1.441107E-2
1.564000E-7	1.444190E-2
1.564500E-7	1.443334E-2
1.565000E-7	1.443162E-2
1.565500E-7	1.445561E-2
1.566000E-7	1.445047E-2
1.566500E-7	1.441449E-2
1.567000E-7	1.440422E-2
1.567500E-7	1.442649E-2
1.568000E-7	1.442306E-2
1.568500E-7	1.440079E-2
1.569000E-7	1.438709E-2
1.569500E-7	1.436139E-2
1.570000E-7	1.430315E-2
1.570500E-7	1.424663E-2
1.571000E-7	1.420723E-2
1.571500E-7	1.415927E-2
1.572000E-7	1.410274E-2
1.572500E-7	1.406163E-2
1.573000E-7	1.404107E-2
1.573500E-7	1.402223E-2
1.574000E-7	1.398797E-2
1.574500E-7	1.395200E-2
1.575000E-7	1.394172E-2
1.575500E-7	1.394857E-2
1.576000E-7	1.396741E-2
1.576500E-7	1.401024E-2
1.577000E-7	1.408218E-2
1.577500E-7	1.414727E-2
1.578000E-7	1.417811E-2
1.578500E-7	1.419524E-2
1.579000E-7	1.421237E-2
1.579500E-7	1.421237E-2
1.580000E-7	1.419352E-2
1.580500E-7	1.417297E-2
1.581000E-7	1.415070E-2
1.581500E-7	1.411130E-2
1.582000E-7	1.406334E-2
1.582500E-7	1.402223E-2
1.583000E-7	1.398968E-2
1.583500E-7	1.396913E-2
1.584000E-7	1.396570E-2
1.584500E-7	1.395714E-2
1.585000E-7	1.394857E-2
1.585500E-7	1.395200E-2
1.586000E-7	1.395885E-2
1.586500E-7	1.395200E-2
1.587000E-7	1.392973E-2
1.587500E-7	1.389718E-2
1.588000E-7	1.385436E-2
1.588500E-7	1.379955E-2
1.589000E-7	1.376357E-2
1.589500E-7	1.374816E-2
1.590000E-7	1.373103E-2
1.590500E-7	1.372418E-2
1.591000E-7	1.375672E-2
1.591500E-7	1.380982E-2
1.592000E-7	1.386464E-2
1.592500E-7	1.394686E-2
1.593000E-7	1.406848E-2
1.593500E-7	1.417982E-2
1.594000E-7	1.427746E-2
1.594500E-7	1.439051E-2
1.595000E-7	1.449158E-2
1.595500E-7	1.454982E-2
1.596000E-7	1.458065E-2
1.596500E-7	1.459949E-2
1.597000E-7	1.459607E-2
1.597500E-7	1.455667E-2
1.598000E-7	1.448986E-2
1.598500E-7	1.439223E-2
1.599000E-7	1.428602E-2
1.599500E-7	1.418325E-2
1.600000E-7	1.408218E-2
1.600500E-7	1.399140E-2
1.601000E-7	1.391089E-2
1.601500E-7	1.385265E-2
1.602000E-7	1.382181E-2
1.602500E-7	1.380468E-2
1.603000E-7	1.380811E-2
1.603500E-7	1.384237E-2
1.604000E-7	1.390917E-2
1.604500E-7	1.399482E-2
1.605000E-7	1.407876E-2
1.605500E-7	1.415584E-2
1.606000E-7	1.421237E-2
1.606500E-7	1.424491E-2
1.607000E-7	1.425005E-2
1.607500E-7	1.423977E-2
1.608000E-7	1.420209E-2
1.608500E-7	1.414727E-2
1.609000E-7	1.408390E-2
1.609500E-7	1.405478E-2
1.610000E-7	1.408218E-2
1.610500E-7	1.413357E-2
1.611000E-7	1.418667E-2
1.611500E-7	1.422778E-2
1.612000E-7	1.426547E-2
1.612500E-7	1.428945E-2
1.613000E-7	1.429288E-2
1.613500E-7	1.428774E-2
1.614000E-7	1.426889E-2
1.614500E-7	1.423463E-2
1.615000E-7	1.417982E-2
1.615500E-7	1.412158E-2
1.616000E-7	1.407190E-2
1.616500E-7	1.404450E-2
1.617000E-7	1.406677E-2
1.617500E-7	1.414899E-2
1.618000E-7	1.425862E-2
1.618500E-7	1.435968E-2
1.619000E-7	1.445903E-2
1.619500E-7	1.454125E-2
1.620000E-7	1.459607E-2
1.620500E-7	1.461834E-2
1.621000E-7	1.461662E-2
1.621500E-7	1.458236E-2
1.622000E-7	1.451042E-2
1.622500E-7	1.439565E-2
1.623000E-7	1.424663E-2
1.623500E-7	1.409760E-2
1.624000E-7	1.397769E-2
1.624500E-7	1.389376E-2
1.625000E-7	1.384237E-2
1.625500E-7	1.383723E-2
1.626000E-7	1.388862E-2
1.626500E-7	1.396399E-2
1.627000E-7	1.402052E-2
1.627500E-7	1.405135E-2
1.628000E-7	1.407704E-2
1.628500E-7	1.408903E-2
1.629000E-7	1.407704E-2
1.629500E-7	1.404278E-2
1.630000E-7	1.399825E-2
1.630500E-7	1.396570E-2
1.631000E-7	1.397255E-2
1.631500E-7	1.401195E-2
1.632000E-7	1.405135E-2
1.632500E-7	1.408390E-2
1.633000E-7	1.414727E-2
1.633500E-7	1.422436E-2
1.634000E-7	1.428260E-2
1.634500E-7	1.431514E-2
1.635000E-7	1.434769E-2
1.635500E-7	1.436824E-2
1.636000E-7	1.437338E-2
1.636500E-7	1.438024E-2
1.637000E-7	1.438880E-2
1.637500E-7	1.438709E-2
1.638000E-7	1.436996E-2
1.638500E-7	1.435625E-2
1.639000E-7	1.434598E-2
1.639500E-7	1.434598E-2
1.640000E-7	1.433227E-2
1.640500E-7	1.429630E-2
1.641000E-7	1.425005E-2
1.641500E-7	1.422778E-2
1.642000E-7	1.422607E-2
1.642500E-7	1.423292E-2
1.643000E-7	1.425519E-2
1.643500E-7	1.429288E-2
1.644000E-7	1.431686E-2
1.644500E-7	1.432371E-2
1.645000E-7	1.431172E-2
1.645500E-7	1.427746E-2
1.646000E-7	1.421922E-2
1.646500E-7	1.416098E-2
1.647000E-7	1.409075E-2
1.647500E-7	1.400339E-2
1.648000E-7	1.389890E-2
1.648500E-7	1.381154E-2
1.649000E-7	1.373445E-2
1.649500E-7	1.365737E-2
1.650000E-7	1.359742E-2
1.650500E-7	1.357001E-2
1.651000E-7	1.358714E-2
1.651500E-7	1.364024E-2
1.652000E-7	1.372418E-2
1.652500E-7	1.382524E-2
1.653000E-7	1.393487E-2
1.653500E-7	1.404107E-2
1.654000E-7	1.415241E-2
1.654500E-7	1.427061E-2
1.655000E-7	1.437167E-2
1.655500E-7	1.441621E-2
1.656000E-7	1.439394E-2
1.656500E-7	1.429801E-2
1.657000E-7	1.415413E-2
1.657500E-7	1.397769E-2
1.658000E-7	1.378584E-2
1.658500E-7	1.361112E-2
1.659000E-7	1.347751E-2
1.659500E-7	1.336446E-2
1.660000E-7	1.328223E-2
1.660500E-7	1.322399E-2
1.661000E-7	1.319830E-2
1.661500E-7	1.320173E-2
1.662000E-7	1.325140E-2
1.662500E-7	1.334047E-2
1.663000E-7	1.343126E-2
1.663500E-7	1.350321E-2
1.664000E-7	1.355802E-2
1.664500E-7	1.358885E-2
1.665000E-7	1.359228E-2
1.665500E-7	1.357858E-2
1.666000E-7	1.357686E-2
1.666500E-7	1.359913E-2
1.667000E-7	1.362311E-2
1.667500E-7	1.364195E-2
1.668000E-7	1.367621E-2
1.668500E-7	1.371047E-2
1.669000E-7	1.371561E-2
1.669500E-7	1.369163E-2
1.670000E-7	1.366251E-2
1.670500E-7	1.361626E-2
1.671000E-7	1.352547E-2
1.671500E-7	1.340043E-2
1.672000E-7	1.325825E-2
1.672500E-7	1.310409E-2
1.673000E-7	1.293964E-2
1.673500E-7	1.280432E-2
1.674000E-7	1.273409E-2
1.674500E-7	1.274437E-2
1.675000E-7	1.282488E-2
1.675500E-7	1.295506E-2
1.676000E-7	1.310923E-2
1.676500E-7	1.327196E-2
1.677000E-7	1.344325E-2
1.677500E-7	1.359399E-2
1.678000E-7	1.369163E-2
1.678500E-7	1.370533E-2
1.679000E-7	1.365566E-2
1.679500E-7	1.357515E-2
1.680000E-7	1.347409E-2
1.680500E-7	1.335247E-2
1.681000E-7	1.322228E-2
1.681500E-7	1.311779E-2
1.682000E-7	1.304242E-2
1.682500E-7	1.299103E-2
1.683000E-7	1.297219E-2
1.683500E-7	1.300988E-2
1.684000E-7	1.308696E-2
1.684500E-7	1.317603E-2
1.685000E-7	1.325140E-2
1.685500E-7	1.331478E-2
1.686000E-7	1.339015E-2
1.686500E-7	1.346209E-2
1.687000E-7	1.348265E-2
1.687500E-7	1.344668E-2
1.688000E-7	1.339872E-2
1.688500E-7	1.332335E-2
1.689000E-7	1.321372E-2
1.689500E-7	1.310923E-2
1.690000E-7	1.305784E-2
1.690500E-7	1.303043E-2
1.691000E-7	1.300988E-2
1.691500E-7	1.303043E-2
1.692000E-7	1.310409E-2
1.692500E-7	1.318974E-2
1.693000E-7	1.327538E-2
1.693500E-7	1.335247E-2
1.694000E-7	1.344154E-2
1.694500E-7	1.354432E-2
1.695000E-7	1.362482E-2
1.695500E-7	1.367107E-2
1.696000E-7	1.370362E-2
1.696500E-7	1.373274E-2
1.697000E-7	1.371732E-2
1.697500E-7	1.367279E-2
1.698000E-7	1.363853E-2
1.698500E-7	1.359913E-2
1.699000E-7	1.352376E-2
1.699500E-7	1.346552E-2
1.700000E-7	1.344668E-2
1.700500E-7	1.344668E-2
1.701000E-7	1.347409E-2
1.701500E-7	1.354603E-2
1.702000E-7	1.363168E-2
1.702500E-7	1.371732E-2
1.703000E-7	1.379955E-2
1.703500E-7	1.385607E-2
1.704000E-7	1.389376E-2
1.704500E-7	1.392802E-2
1.705000E-7	1.395542E-2
1.705500E-7	1.395200E-2
1.706000E-7	1.391260E-2
1.706500E-7	1.385093E-2
1.707000E-7	1.377214E-2
1.707500E-7	1.369677E-2
1.708000E-7	1.364024E-2
1.708500E-7	1.357858E-2
1.709000E-7	1.351862E-2
1.709500E-7	1.345182E-2
1.710000E-7	1.336788E-2
1.710500E-7	1.325997E-2
1.711000E-7	1.313663E-2
1.711500E-7	1.302529E-2
1.712000E-7	1.293108E-2
1.712500E-7	1.284372E-2
1.713000E-7	1.277349E-2
1.713500E-7	1.273238E-2
1.714000E-7	1.273580E-2
1.714500E-7	1.276664E-2
1.715000E-7	1.283002E-2
1.715500E-7	1.292937E-2
1.716000E-7	1.303900E-2
1.716500E-7	1.314862E-2
1.717000E-7	1.327881E-2
1.717500E-7	1.341756E-2
1.718000E-7	1.355973E-2
1.718500E-7	1.368135E-2
1.719000E-7	1.376186E-2
1.719500E-7	1.381325E-2
1.720000E-7	1.385436E-2
1.720500E-7	1.386464E-2
1.721000E-7	1.382695E-2
1.721500E-7	1.377043E-2
1.722000E-7	1.371904E-2
1.722500E-7	1.364538E-2
1.723000E-7	1.355117E-2
1.723500E-7	1.348094E-2
1.724000E-7	1.344154E-2
1.724500E-7	1.341242E-2
1.725000E-7	1.339186E-2
1.725500E-7	1.337302E-2
1.726000E-7	1.337131E-2
1.726500E-7	1.338844E-2
1.727000E-7	1.341927E-2
1.727500E-7	1.343640E-2
1.728000E-7	1.346038E-2
1.728500E-7	1.350663E-2
1.729000E-7	1.352890E-2
1.729500E-7	1.350321E-2
1.730000E-7	1.348265E-2
1.730500E-7	1.348265E-2
1.731000E-7	1.346038E-2
1.731500E-7	1.342612E-2
1.732000E-7	1.340043E-2
1.732500E-7	1.336103E-2
1.733000E-7	1.328909E-2
1.733500E-7	1.323085E-2
1.734000E-7	1.318631E-2
1.734500E-7	1.311608E-2
1.735000E-7	1.304927E-2
1.735500E-7	1.302701E-2
1.736000E-7	1.301673E-2
1.736500E-7	1.299960E-2
1.737000E-7	1.298589E-2
1.737500E-7	1.298247E-2
1.738000E-7	1.299275E-2
1.738500E-7	1.302187E-2
1.739000E-7	1.304756E-2
1.739500E-7	1.308182E-2
1.740000E-7	1.313835E-2
1.740500E-7	1.321200E-2
1.741000E-7	1.326682E-2
1.741500E-7	1.330108E-2
1.742000E-7	1.332163E-2
1.742500E-7	1.331135E-2
1.743000E-7	1.329080E-2
1.743500E-7	1.327881E-2
1.744000E-7	1.324798E-2
1.744500E-7	1.317774E-2
1.745000E-7	1.309724E-2
1.745500E-7	1.300645E-2
1.746000E-7	1.290025E-2
1.746500E-7	1.278548E-2
1.747000E-7	1.264673E-2
1.747500E-7	1.248400E-2
1.748000E-7	1.235039E-2
1.748500E-7	1.227502E-2
1.749000E-7	1.225789E-2
1.749500E-7	1.229729E-2
1.750000E-7	1.239493E-2
1.750500E-7	1.251997E-2
1.751000E-7	1.265872E-2
1.751500E-7	1.281289E-2
1.752000E-7	1.297048E-2
1.752500E-7	1.311950E-2
1.753000E-7	1.324969E-2
1.753500E-7	1.335589E-2
1.754000E-7	1.343469E-2
1.754500E-7	1.347066E-2
1.755000E-7	1.345696E-2
1.755500E-7	1.339872E-2
1.756000E-7	1.331307E-2
1.756500E-7	1.323256E-2
1.757000E-7	1.317432E-2
1.757500E-7	1.313321E-2
1.758000E-7	1.310751E-2
1.758500E-7	1.312464E-2
1.759000E-7	1.316747E-2
1.759500E-7	1.321200E-2
1.760000E-7	1.325140E-2
1.760500E-7	1.327367E-2
1.761000E-7	1.327367E-2
1.761500E-7	1.324798E-2
1.762000E-7	1.321714E-2
1.762500E-7	1.316575E-2
1.763000E-7	1.307839E-2
1.763500E-7	1.296363E-2
1.764000E-7	1.283344E-2
1.764500E-7	1.271011E-2
1.765000E-7	1.262104E-2
1.765500E-7	1.258164E-2
1.766000E-7	1.257821E-2
1.766500E-7	1.259705E-2
1.767000E-7	1.263474E-2
1.767500E-7	1.270668E-2
1.768000E-7	1.280775E-2
1.768500E-7	1.290196E-2
1.769000E-7	1.295849E-2
1.769500E-7	1.298076E-2
1.770000E-7	1.297562E-2
1.770500E-7	1.291909E-2
1.771000E-7	1.280090E-2
1.771500E-7	1.266557E-2
1.772000E-7	1.253539E-2
1.772500E-7	1.239835E-2
1.773000E-7	1.225446E-2
1.773500E-7	1.213798E-2
1.774000E-7	1.207460E-2
1.774500E-7	1.206090E-2
1.775000E-7	1.210201E-2
1.775500E-7	1.217396E-2
1.776000E-7	1.227159E-2
1.776500E-7	1.241377E-2
1.777000E-7	1.260562E-2
1.777500E-7	1.278891E-2
1.778000E-7	1.293964E-2
1.778500E-7	1.307839E-2
1.779000E-7	1.319487E-2
1.779500E-7	1.325311E-2
1.780000E-7	1.323599E-2
1.780500E-7	1.315548E-2
1.781000E-7	1.301330E-2
1.781500E-7	1.284372E-2
1.782000E-7	1.268955E-2
1.782500E-7	1.254738E-2
1.783000E-7	1.242233E-2
1.783500E-7	1.235553E-2
1.784000E-7	1.236923E-2
1.784500E-7	1.241206E-2
1.785000E-7	1.247886E-2
1.785500E-7	1.261076E-2
1.786000E-7	1.280432E-2
1.786500E-7	1.298247E-2
1.787000E-7	1.311950E-2
1.787500E-7	1.321543E-2
1.788000E-7	1.323770E-2
1.788500E-7	1.315719E-2
1.789000E-7	1.302187E-2
1.789500E-7	1.286427E-2
1.790000E-7	1.268784E-2
1.790500E-7	1.251826E-2
1.791000E-7	1.238294E-2
1.791500E-7	1.228358E-2
1.792000E-7	1.222706E-2
1.792500E-7	1.221507E-2
1.793000E-7	1.223905E-2
1.793500E-7	1.230414E-2
1.794000E-7	1.237608E-2
1.794500E-7	1.241719E-2
1.795000E-7	1.241891E-2
1.795500E-7	1.241891E-2
1.796000E-7	1.242233E-2
1.796500E-7	1.240863E-2
1.797000E-7	1.237437E-2
1.797500E-7	1.235895E-2
1.798000E-7	1.238122E-2
1.798500E-7	1.242576E-2
1.799000E-7	1.247715E-2
1.799500E-7	1.255252E-2
1.800000E-7	1.265701E-2
1.800500E-7	1.275807E-2
1.801000E-7	1.280946E-2
1.801500E-7	1.280775E-2
1.802000E-7	1.278891E-2
1.802500E-7	1.274951E-2
1.803000E-7	1.265872E-2
1.803500E-7	1.251826E-2
1.804000E-7	1.239664E-2
1.804500E-7	1.230757E-2
1.805000E-7	1.221849E-2
1.805500E-7	1.214997E-2
1.806000E-7	1.214312E-2
1.806500E-7	1.218766E-2
1.807000E-7	1.226646E-2
1.807500E-7	1.238294E-2
1.808000E-7	1.251655E-2
1.808500E-7	1.263131E-2
1.809000E-7	1.271867E-2
1.809500E-7	1.278719E-2
1.810000E-7	1.282830E-2
1.810500E-7	1.285057E-2
1.811000E-7	1.284372E-2
1.811500E-7	1.281460E-2
1.812000E-7	1.276321E-2
1.812500E-7	1.270326E-2
1.813000E-7	1.261418E-2
1.813500E-7	1.249599E-2
1.814000E-7	1.239493E-2
1.814500E-7	1.232983E-2
1.815000E-7	1.226817E-2
1.815500E-7	1.222363E-2
1.816000E-7	1.223391E-2
1.816500E-7	1.226132E-2
1.817000E-7	1.226646E-2
1.817500E-7	1.225104E-2
1.818000E-7	1.224590E-2
1.818500E-7	1.223905E-2
1.819000E-7	1.220479E-2
1.819500E-7	1.216539E-2
1.820000E-7	1.213798E-2
1.820500E-7	1.211400E-2
1.821000E-7	1.207974E-2
1.821500E-7	1.207632E-2
1.822000E-7	1.210373E-2
1.822500E-7	1.214141E-2
1.823000E-7	1.218252E-2
1.823500E-7	1.224419E-2
1.824000E-7	1.230585E-2
1.824500E-7	1.233497E-2
1.825000E-7	1.236409E-2
1.825500E-7	1.240692E-2
1.826000E-7	1.244460E-2
1.826500E-7	1.246173E-2
1.827000E-7	1.246173E-2
1.827500E-7	1.245145E-2
1.828000E-7	1.243261E-2
1.828500E-7	1.240863E-2
1.829000E-7	1.236752E-2
1.829500E-7	1.233155E-2
1.830000E-7	1.234011E-2
1.830500E-7	1.236581E-2
1.831000E-7	1.239493E-2
1.831500E-7	1.243261E-2
1.832000E-7	1.249428E-2
1.832500E-7	1.254738E-2
1.833000E-7	1.257479E-2
1.833500E-7	1.258678E-2
1.834000E-7	1.258849E-2
1.834500E-7	1.257479E-2
1.835000E-7	1.255937E-2
1.835500E-7	1.255423E-2
1.836000E-7	1.255766E-2
1.836500E-7	1.255080E-2
1.837000E-7	1.252511E-2
1.837500E-7	1.251141E-2
1.838000E-7	1.251655E-2
1.838500E-7	1.252168E-2
1.839000E-7	1.251826E-2
1.839500E-7	1.254395E-2
1.840000E-7	1.261076E-2
1.840500E-7	1.270326E-2
1.841000E-7	1.279918E-2
1.841500E-7	1.289853E-2
1.842000E-7	1.299788E-2
1.842500E-7	1.306298E-2
1.843000E-7	1.308867E-2
1.843500E-7	1.308353E-2
1.844000E-7	1.303043E-2
1.844500E-7	1.291909E-2
1.845000E-7	1.278034E-2
1.845500E-7	1.263303E-2
1.846000E-7	1.247372E-2
1.846500E-7	1.232127E-2
1.847000E-7	1.220136E-2
1.847500E-7	1.211743E-2
1.848000E-7	1.206775E-2
1.848500E-7	1.205405E-2
1.849000E-7	1.208317E-2
1.849500E-7	1.214997E-2
1.850000E-7	1.224076E-2
1.850500E-7	1.231784E-2
1.851000E-7	1.235382E-2
1.851500E-7	1.237095E-2
1.852000E-7	1.234696E-2
1.852500E-7	1.226474E-2
1.853000E-7	1.215854E-2
1.853500E-7	1.206433E-2
1.854000E-7	1.197354E-2
1.854500E-7	1.188275E-2
1.855000E-7	1.182965E-2
1.855500E-7	1.181766E-2
1.856000E-7	1.183137E-2
1.856500E-7	1.186734E-2
1.857000E-7	1.193414E-2
1.857500E-7	1.200780E-2
1.858000E-7	1.205748E-2
1.858500E-7	1.205748E-2
1.859000E-7	1.203007E-2
1.859500E-7	1.199924E-2
1.860000E-7	1.196326E-2
1.860500E-7	1.190674E-2
1.861000E-7	1.184164E-2
1.861500E-7	1.181081E-2
1.862000E-7	1.180567E-2
1.862500E-7	1.179882E-2
1.863000E-7	1.177998E-2
1.863500E-7	1.175771E-2
1.864000E-7	1.173715E-2
1.864500E-7	1.172516E-2
1.865000E-7	1.171489E-2
1.865500E-7	1.169776E-2
1.866000E-7	1.166864E-2
1.866500E-7	1.165322E-2
1.867000E-7	1.166521E-2
1.867500E-7	1.167891E-2
1.868000E-7	1.169604E-2
1.868500E-7	1.172859E-2
1.869000E-7	1.175771E-2
1.869500E-7	1.175771E-2
1.870000E-7	1.174058E-2
1.870500E-7	1.170118E-2
1.871000E-7	1.164294E-2
1.871500E-7	1.158641E-2
1.872000E-7	1.155216E-2
1.872500E-7	1.153503E-2
1.873000E-7	1.155216E-2
1.873500E-7	1.161553E-2
1.874000E-7	1.171489E-2
1.874500E-7	1.181081E-2
1.875000E-7	1.189303E-2
1.875500E-7	1.195470E-2
1.876000E-7	1.196669E-2
1.876500E-7	1.192729E-2
1.877000E-7	1.186562E-2
1.877500E-7	1.182109E-2
1.878000E-7	1.180053E-2
1.878500E-7	1.179197E-2
1.879000E-7	1.178854E-2
1.879500E-7	1.180225E-2
1.880000E-7	1.182623E-2
1.880500E-7	1.185363E-2
1.881000E-7	1.188789E-2
1.881500E-7	1.191873E-2
1.882000E-7	1.195470E-2
1.882500E-7	1.197354E-2
1.883000E-7	1.193586E-2
1.883500E-7	1.185363E-2
1.884000E-7	1.177141E-2
1.884500E-7	1.171660E-2
1.885000E-7	1.168063E-2
1.885500E-7	1.167206E-2
1.886000E-7	1.167377E-2
1.886500E-7	1.167377E-2
1.887000E-7	1.168748E-2
1.887500E-7	1.174743E-2
1.888000E-7	1.183479E-2
1.888500E-7	1.193586E-2
1.889000E-7	1.206433E-2
1.889500E-7	1.219280E-2
1.890000E-7	1.227159E-2
1.890500E-7	1.229729E-2
1.891000E-7	1.230414E-2
1.891500E-7	1.230585E-2
1.892000E-7	1.229558E-2
1.892500E-7	1.226303E-2
1.893000E-7	1.221335E-2
1.893500E-7	1.214997E-2
1.894000E-7	1.209002E-2
1.894500E-7	1.203178E-2
1.895000E-7	1.196669E-2
1.895500E-7	1.188447E-2
1.896000E-7	1.180910E-2
1.896500E-7	1.174058E-2
1.897000E-7	1.166178E-2
1.897500E-7	1.158299E-2
1.898000E-7	1.153845E-2
1.898500E-7	1.154016E-2
1.899000E-7	1.156928E-2
1.899500E-7	1.161211E-2
1.900000E-7	1.167377E-2
1.900500E-7	1.173201E-2
1.901000E-7	1.178512E-2
1.901500E-7	1.183479E-2
1.902000E-7	1.186220E-2
1.902500E-7	1.186905E-2
1.903000E-7	1.185192E-2
1.903500E-7	1.179711E-2
1.904000E-7	1.170118E-2
1.904500E-7	1.158813E-2
1.905000E-7	1.148706E-2
1.905500E-7	1.139799E-2
1.906000E-7	1.134489E-2
1.906500E-7	1.135688E-2
1.907000E-7	1.143910E-2
1.907500E-7	1.156415E-2
1.908000E-7	1.172345E-2
1.908500E-7	1.190502E-2
1.909000E-7	1.207632E-2
1.909500E-7	1.222534E-2
1.910000E-7	1.231956E-2
1.910500E-7	1.233326E-2
1.911000E-7	1.228187E-2
1.911500E-7	1.219622E-2
1.912000E-7	1.207460E-2
1.912500E-7	1.191530E-2
1.913000E-7	1.174058E-2
1.913500E-7	1.159669E-2
1.914000E-7	1.149905E-2
1.914500E-7	1.145280E-2
1.915000E-7	1.148192E-2
1.915500E-7	1.157100E-2
1.916000E-7	1.166007E-2
1.916500E-7	1.174743E-2
1.917000E-7	1.186391E-2
1.917500E-7	1.198211E-2
1.918000E-7	1.206947E-2
1.918500E-7	1.215340E-2
1.919000E-7	1.223391E-2
1.919500E-7	1.226132E-2
1.920000E-7	1.223048E-2
1.920500E-7	1.219622E-2
1.921000E-7	1.215683E-2
1.921500E-7	1.210201E-2
1.922000E-7	1.203521E-2
1.922500E-7	1.196326E-2
1.923000E-7	1.189303E-2
1.923500E-7	1.183479E-2
1.924000E-7	1.178512E-2
1.924500E-7	1.172688E-2
1.925000E-7	1.167206E-2
1.925500E-7	1.161553E-2
1.926000E-7	1.153845E-2
1.926500E-7	1.146308E-2
1.927000E-7	1.142197E-2
1.927500E-7	1.140655E-2
1.928000E-7	1.141512E-2
1.928500E-7	1.145280E-2
1.929000E-7	1.150762E-2
1.929500E-7	1.154359E-2
1.930000E-7	1.157785E-2
1.930500E-7	1.163609E-2
1.931000E-7	1.169604E-2
1.931500E-7	1.176114E-2
1.932000E-7	1.182451E-2
1.932500E-7	1.186220E-2
1.933000E-7	1.187248E-2
1.933500E-7	1.189817E-2
1.934000E-7	1.195127E-2
1.934500E-7	1.199752E-2
1.935000E-7	1.203178E-2
1.935500E-7	1.207289E-2
1.936000E-7	1.210715E-2
1.936500E-7	1.212085E-2
1.937000E-7	1.211743E-2
1.937500E-7	1.209002E-2
1.938000E-7	1.204206E-2
1.938500E-7	1.197525E-2
1.939000E-7	1.188447E-2
1.939500E-7	1.177826E-2
1.940000E-7	1.166864E-2
1.940500E-7	1.156072E-2
1.941000E-7	1.145452E-2
1.941500E-7	1.136373E-2
1.942000E-7	1.130892E-2
1.942500E-7	1.129179E-2
1.943000E-7	1.128836E-2
1.943500E-7	1.128836E-2
1.944000E-7	1.130206E-2
1.944500E-7	1.131748E-2
1.945000E-7	1.132262E-2
1.945500E-7	1.132091E-2
1.946000E-7	1.131063E-2
1.946500E-7	1.128665E-2
1.947000E-7	1.124211E-2
1.947500E-7	1.120614E-2
1.948000E-7	1.120614E-2
1.948500E-7	1.123012E-2
1.949000E-7	1.126438E-2
1.949500E-7	1.131919E-2
1.950000E-7	1.139456E-2
1.950500E-7	1.147336E-2
1.951000E-7	1.154016E-2
1.951500E-7	1.160526E-2
1.952000E-7	1.165836E-2
1.952500E-7	1.170461E-2
1.953000E-7	1.173887E-2
1.953500E-7	1.175600E-2
1.954000E-7	1.175942E-2
1.954500E-7	1.175771E-2
1.955000E-7	1.174743E-2
1.955500E-7	1.173201E-2
1.956000E-7	1.174914E-2
1.956500E-7	1.179026E-2
1.957000E-7	1.181252E-2
1.957500E-7	1.181252E-2
1.958000E-7	1.181938E-2
1.958500E-7	1.184164E-2
1.959000E-7	1.185021E-2
1.959500E-7	1.183650E-2
1.960000E-7	1.181252E-2
1.960500E-7	1.177484E-2
1.961000E-7	1.172002E-2
1.961500E-7	1.164808E-2
1.962000E-7	1.156757E-2
1.962500E-7	1.148878E-2
1.963000E-7	1.139970E-2
1.963500E-7	1.127808E-2
1.964000E-7	1.112734E-2
1.964500E-7	1.099031E-2
1.965000E-7	1.090295E-2
1.965500E-7	1.087211E-2
1.966000E-7	1.087383E-2
1.966500E-7	1.090295E-2
1.967000E-7	1.096461E-2
1.967500E-7	1.105369E-2
1.968000E-7	1.112392E-2
1.968500E-7	1.117702E-2
1.969000E-7	1.123869E-2
1.969500E-7	1.129521E-2
1.970000E-7	1.131063E-2
1.970500E-7	1.129007E-2
1.971000E-7	1.125924E-2
1.971500E-7	1.122841E-2
1.972000E-7	1.118044E-2
1.972500E-7	1.112734E-2
1.973000E-7	1.109137E-2
1.973500E-7	1.107424E-2
1.974000E-7	1.106054E-2
1.974500E-7	1.105540E-2
1.975000E-7	1.106739E-2
1.975500E-7	1.109651E-2
1.976000E-7	1.112392E-2
1.976500E-7	1.114105E-2
1.977000E-7	1.115818E-2
1.977500E-7	1.116160E-2
1.978000E-7	1.117359E-2
1.978500E-7	1.120785E-2
1.979000E-7	1.123526E-2
1.979500E-7	1.125924E-2
1.980000E-7	1.131063E-2
1.980500E-7	1.136544E-2
1.981000E-7	1.139628E-2
1.981500E-7	1.142882E-2
1.982000E-7	1.146137E-2
1.982500E-7	1.145452E-2
1.983000E-7	1.141169E-2
1.983500E-7	1.136716E-2
1.984000E-7	1.131406E-2
1.984500E-7	1.123697E-2
1.985000E-7	1.117017E-2
1.985500E-7	1.112049E-2
1.986000E-7	1.107253E-2
1.986500E-7	1.101429E-2
1.987000E-7	1.097660E-2
1.987500E-7	1.098859E-2
1.988000E-7	1.104855E-2
1.988500E-7	1.110679E-2
1.989000E-7	1.113762E-2
1.989500E-7	1.116845E-2
1.990000E-7	1.121128E-2
1.990500E-7	1.125239E-2
1.991000E-7	1.127466E-2
1.991500E-7	1.128665E-2
1.992000E-7	1.128151E-2
1.992500E-7	1.125410E-2
1.993000E-7	1.120957E-2
1.993500E-7	1.115646E-2
1.994000E-7	1.109480E-2
1.994500E-7	1.101600E-2
1.995000E-7	1.095776E-2
1.995500E-7	1.093721E-2
1.996000E-7	1.095605E-2
1.996500E-7	1.100572E-2
1.997000E-7	1.110165E-2
1.997500E-7	1.122669E-2
1.998000E-7	1.134660E-2
1.998500E-7	1.144938E-2
1.999000E-7	1.154016E-2
1.999500E-7	1.159669E-2
2.000000E-7	1.160354E-2
