Study Name	PremaTech_CVD_SiC_HeandSi
Sample Name	2025-10-31
Run Name	spot04
Operator	Keshav
Date	10/31/2025
Time	17:43
Sign	FIX
Grating Spacing	06.40um
Channel	3
Number Traces	10000
Files in Batch	1
Batch Number	97
dt	50.000001E-12
time stamp (ms)	7:28:10 PM
	
Time	Amplitude
0.000000E+0	-3.819679E-4
5.000000E-11	-4.025233E-4
1.000000E-10	-3.939586E-4
1.500000E-10	-3.665514E-4
2.000000E-10	-3.374312E-4
2.500000E-10	-2.980334E-4
3.000000E-10	-2.380801E-4
3.500000E-10	-1.558585E-4
4.000000E-10	-6.335919E-5
4.500000E-10	1.543651E-5
5.000000E-10	9.251926E-5
5.500000E-10	1.730279E-4
6.000000E-10	2.278423E-4
6.500000E-10	2.261294E-4
7.000000E-10	1.730279E-4
7.500000E-10	8.566746E-5
8.000000E-10	-3.423904E-5
8.500000E-10	-1.712750E-4
9.000000E-10	-2.980334E-4
9.500000E-10	-4.110881E-4
1.000000E-9	-5.001615E-4
1.050000E-9	-5.446982E-4
1.100000E-9	-5.361334E-4
1.150000E-9	-4.761802E-4
1.200000E-9	-3.562737E-4
1.250000E-9	-2.055340E-4
1.300000E-9	-5.308149E-5
1.350000E-9	7.710271E-5
1.400000E-9	1.696020E-4
1.450000E-9	2.209905E-4
1.500000E-9	2.466848E-4
1.550000E-9	2.638143E-4
1.600000E-9	2.689531E-4
1.650000E-9	2.723790E-4
1.700000E-9	2.792308E-4
1.750000E-9	2.997862E-4
1.800000E-9	3.374711E-4
1.850000E-9	3.871467E-4
1.900000E-9	4.436740E-4
1.950000E-9	4.916366E-4
2.000000E-9	5.207568E-4
2.050000E-9	5.121920E-4
2.100000E-9	4.727942E-4
2.150000E-9	4.094150E-4
2.200000E-9	3.220546E-4
2.250000E-9	2.072869E-4
2.300000E-9	9.251926E-5
2.350000E-9	1.543651E-5
2.400000E-9	-2.738724E-5
2.450000E-9	-4.965559E-5
2.500000E-9	-5.650739E-5
2.550000E-9	-3.766494E-5
2.600000E-9	8.584708E-6
2.650000E-9	6.682501E-5
2.700000E-9	1.284912E-4
2.750000E-9	1.798797E-4
2.800000E-9	2.089999E-4
2.850000E-9	2.175646E-4
2.900000E-9	2.158517E-4
2.950000E-9	1.884445E-4
3.000000E-9	1.456207E-4
3.050000E-9	1.096488E-4
3.100000E-9	8.395451E-5
3.150000E-9	4.969551E-5
3.200000E-9	1.543651E-5
3.250000E-9	-8.544792E-6
3.300000E-9	-3.081314E-5
3.350000E-9	-5.822034E-5
3.400000E-9	-7.192394E-5
3.450000E-9	-7.192394E-5
3.500000E-9	-6.335919E-5
3.550000E-9	-4.794264E-5
3.600000E-9	-2.396134E-5
3.650000E-9	8.584708E-6
3.700000E-9	4.798256E-5
3.750000E-9	9.251926E-5
3.800000E-9	1.387689E-4
3.850000E-9	2.038610E-4
3.900000E-9	2.877956E-4
3.950000E-9	3.528877E-4
4.000000E-9	3.888596E-4
4.050000E-9	3.957114E-4
4.100000E-9	3.580265E-4
4.150000E-9	2.843697E-4
4.200000E-9	1.935833E-4
4.250000E-9	8.395451E-5
4.300000E-9	-5.136854E-5
4.350000E-9	-1.969693E-4
4.400000E-9	-3.185888E-4
4.450000E-9	-3.853938E-4
4.500000E-9	-3.990974E-4
4.550000E-9	-3.511348E-4
4.600000E-9	-2.517837E-4
4.650000E-9	-1.130347E-4
4.700000E-9	3.085306E-5
4.750000E-9	1.798797E-4
4.800000E-9	3.169157E-4
4.850000E-9	4.145539E-4
4.900000E-9	4.402481E-4
4.950000E-9	4.111280E-4
5.000000E-9	3.426100E-4
5.050000E-9	2.278423E-4
5.100000E-9	9.594516E-5
5.150000E-9	-3.081314E-5
5.200000E-9	-1.575714E-4
5.250000E-9	-2.826168E-4
5.300000E-9	-3.682643E-4
5.350000E-9	-3.973845E-4
5.400000E-9	-4.042363E-4
5.450000E-9	-4.110881E-4
5.500000E-9	-3.922456E-4
5.550000E-9	-3.357183E-4
5.600000E-9	-2.689132E-4
5.650000E-9	-2.158117E-4
5.700000E-9	-1.541455E-4
5.750000E-9	-7.877574E-5
5.800000E-9	8.584708E-6
5.850000E-9	1.045099E-4
5.900000E-9	2.192776E-4
5.950000E-9	3.391841E-4
6.000000E-9	4.505258E-4
6.050000E-9	5.481640E-4
6.100000E-9	6.183949E-4
6.150000E-9	6.560798E-4
6.200000E-9	6.577928E-4
6.250000E-9	6.149690E-4
6.300000E-9	5.207568E-4
6.350000E-9	3.974244E-4
6.400000E-9	2.792308E-4
6.450000E-9	1.541855E-4
6.500000E-9	5.158808E-6
6.550000E-9	-1.284513E-4
6.600000E-9	-1.832657E-4
6.650000E-9	-1.627103E-4
6.700000E-9	-1.318772E-4
6.750000E-9	-1.061829E-4
6.800000E-9	-3.766494E-5
6.850000E-9	5.483436E-5
6.900000E-9	1.267783E-4
6.950000E-9	1.696020E-4
7.000000E-9	1.987222E-4
7.050000E-9	2.004351E-4
7.100000E-9	1.627502E-4
7.150000E-9	9.765811E-5
7.200000E-9	2.057536E-5
7.250000E-9	-7.021099E-5
7.300000E-9	-1.541455E-4
7.350000E-9	-2.175247E-4
7.400000E-9	-2.723391E-4
7.450000E-9	-3.237276E-4
7.500000E-9	-3.528478E-4
7.550000E-9	-3.819679E-4
7.600000E-9	-4.179399E-4
7.650000E-9	-4.419212E-4
7.700000E-9	-4.419212E-4
7.750000E-9	-4.282176E-4
7.800000E-9	-4.076622E-4
7.850000E-9	-3.802550E-4
7.900000E-9	-3.528478E-4
7.950000E-9	-3.083111E-4
8.000000E-9	-2.363671E-4
8.050000E-9	-1.490067E-4
8.100000E-9	-5.822034E-5
8.150000E-9	4.969551E-5
8.200000E-9	1.764538E-4
8.250000E-9	3.134898E-4
8.300000E-9	4.522388E-4
8.350000E-9	5.601546E-4
8.400000E-9	6.115431E-4
8.450000E-9	6.320985E-4
8.500000E-9	6.355244E-4
8.550000E-9	6.132561E-4
8.600000E-9	5.618676E-4
8.650000E-9	5.087661E-4
8.700000E-9	4.402481E-4
8.750000E-9	3.323323E-4
8.800000E-9	1.987222E-4
8.850000E-9	6.339911E-5
8.900000E-9	-5.993329E-5
8.950000E-9	-1.609973E-4
9.000000E-9	-2.586355E-4
9.050000E-9	-3.425701E-4
9.100000E-9	-3.956715E-4
9.150000E-9	-4.265046E-4
9.200000E-9	-4.539118E-4
9.250000E-9	-4.333564E-4
9.300000E-9	-3.425701E-4
9.350000E-9	-2.346542E-4
9.400000E-9	-1.404419E-4
9.450000E-9	-3.423904E-5
9.500000E-9	6.168616E-5
9.550000E-9	1.233524E-4
9.600000E-9	1.610373E-4
9.650000E-9	1.970092E-4
9.700000E-9	2.004351E-4
9.750000E-9	1.798797E-4
9.800000E-9	1.576114E-4
9.850000E-9	1.250653E-4
9.900000E-9	8.224156E-5
9.950000E-9	3.770486E-5
1.000000E-8	-1.025774E-5
1.005000E-8	-4.965559E-5
1.010000E-8	-7.534984E-5
1.015000E-8	-1.421549E-4
1.020000E-8	-2.637744E-4
1.025000E-8	-3.922456E-4
1.030000E-8	-5.190039E-4
1.035000E-8	-6.577529E-4
1.040000E-8	-7.708076E-4
1.045000E-8	-8.033536E-4
1.050000E-8	-7.776594E-4
1.055000E-8	-7.159932E-4
1.060000E-8	-6.097903E-4
1.065000E-8	-4.847449E-4
1.070000E-8	-3.682643E-4
1.075000E-8	-2.329412E-4
1.080000E-8	-8.048869E-5
1.085000E-8	3.427896E-5
1.090000E-8	1.130747E-4
1.095000E-8	1.970092E-4
1.100000E-8	2.758049E-4
1.105000E-8	3.169157E-4
1.110000E-8	3.374711E-4
1.115000E-8	3.443229E-4
1.120000E-8	3.152028E-4
1.125000E-8	2.655272E-4
1.130000E-8	2.209905E-4
1.135000E-8	1.867315E-4
1.140000E-8	1.558984E-4
1.145000E-8	1.336301E-4
1.150000E-8	1.267783E-4
1.155000E-8	1.404819E-4
1.160000E-8	1.576114E-4
1.165000E-8	1.610373E-4
1.170000E-8	1.781668E-4
1.175000E-8	2.192776E-4
1.180000E-8	2.586754E-4
1.185000E-8	2.877956E-4
1.190000E-8	3.186287E-4
1.195000E-8	3.254805E-4
1.200000E-8	3.066380E-4
1.205000E-8	2.792308E-4
1.210000E-8	2.432589E-4
1.215000E-8	1.901574E-4
1.220000E-8	1.473337E-4
1.225000E-8	1.267783E-4
1.230000E-8	1.096488E-4
1.235000E-8	1.045099E-4
1.240000E-8	1.062229E-4
1.245000E-8	9.937106E-5
1.250000E-8	7.881566E-5
1.255000E-8	5.997321E-5
1.260000E-8	3.427896E-5
1.265000E-8	1.732908E-6
1.270000E-8	-1.025774E-5
1.275000E-8	-2.567429E-5
1.280000E-8	-7.706279E-5
1.285000E-8	-1.267383E-4
1.290000E-8	-1.541455E-4
1.295000E-8	-1.661362E-4
1.300000E-8	-1.781268E-4
1.305000E-8	-1.678491E-4
1.310000E-8	-1.421549E-4
1.315000E-8	-1.147477E-4
1.320000E-8	-7.534984E-5
1.325000E-8	-3.405942E-6
1.330000E-8	7.710271E-5
1.335000E-8	1.421948E-4
1.340000E-8	2.021481E-4
1.345000E-8	2.501107E-4
1.350000E-8	2.655272E-4
1.355000E-8	2.518236E-4
1.360000E-8	2.107128E-4
1.365000E-8	1.507596E-4
1.370000E-8	7.881566E-5
1.375000E-8	-2.053544E-5
1.380000E-8	-1.592844E-4
1.385000E-8	-2.877557E-4
1.390000E-8	-3.665514E-4
1.395000E-8	-4.282176E-4
1.400000E-8	-4.933097E-4
1.405000E-8	-5.155780E-4
1.410000E-8	-4.933097E-4
1.415000E-8	-4.539118E-4
1.420000E-8	-3.819679E-4
1.425000E-8	-2.723391E-4
1.430000E-8	-1.884045E-4
1.435000E-8	-1.387290E-4
1.440000E-8	-8.562754E-5
1.445000E-8	-4.280379E-5
1.450000E-8	-6.164624E-5
1.455000E-8	-8.905344E-5
1.460000E-8	-1.233124E-4
1.465000E-8	-2.072470E-4
1.470000E-8	-3.254406E-4
1.475000E-8	-4.093751E-4
1.480000E-8	-4.556248E-4
1.485000E-8	-4.590507E-4
1.490000E-8	-3.802550E-4
1.495000E-8	-2.415060E-4
1.500000E-8	-1.370160E-4
1.505000E-8	-6.678509E-5
1.510000E-8	5.140846E-5
1.515000E-8	2.089999E-4
1.520000E-8	3.408970E-4
1.525000E-8	4.333963E-4
1.530000E-8	4.950625E-4
1.535000E-8	4.950625E-4
1.540000E-8	4.333963E-4
1.545000E-8	3.528877E-4
1.550000E-8	2.535366E-4
1.555000E-8	1.507596E-4
1.560000E-8	8.052861E-5
1.565000E-8	1.714946E-5
1.570000E-8	-4.965559E-5
1.575000E-8	-1.113218E-4
1.580000E-8	-1.507196E-4
1.585000E-8	-1.575714E-4
1.590000E-8	-9.761820E-5
1.595000E-8	-1.368364E-5
1.600000E-8	1.543651E-5
1.605000E-8	1.714946E-5
1.610000E-8	5.140846E-5
1.615000E-8	9.251926E-5
1.620000E-8	9.594516E-5
1.625000E-8	7.881566E-5
1.630000E-8	4.284371E-5
1.635000E-8	-1.710954E-5
1.640000E-8	-7.534984E-5
1.645000E-8	-1.609973E-4
1.650000E-8	-2.963204E-4
1.655000E-8	-3.973845E-4
1.660000E-8	-4.316435E-4
1.665000E-8	-4.641895E-4
1.670000E-8	-4.796061E-4
1.675000E-8	-3.973845E-4
1.680000E-8	-2.706262E-4
1.685000E-8	-1.952563E-4
1.690000E-8	-1.284513E-4
1.695000E-8	-1.692992E-6
1.700000E-8	1.096488E-4
1.705000E-8	1.404819E-4
1.710000E-8	1.113617E-4
1.715000E-8	5.997321E-5
1.720000E-8	-1.710954E-5
1.725000E-8	-1.370160E-4
1.730000E-8	-2.928945E-4
1.735000E-8	-4.436341E-4
1.740000E-8	-5.395593E-4
1.745000E-8	-6.029385E-4
1.750000E-8	-6.646047E-4
1.755000E-8	-6.663176E-4
1.760000E-8	-5.875219E-4
1.765000E-8	-5.035874E-4
1.770000E-8	-4.436341E-4
1.775000E-8	-3.374312E-4
1.780000E-8	-1.575714E-4
1.785000E-8	7.538976E-5
1.790000E-8	4.059891E-4
1.795000E-8	9.113094E-4
1.800000E-8	1.622184E-3
1.805000E-8	2.591713E-3
1.810000E-8	3.931240E-3
1.815000E-8	5.693866E-3
1.820000E-8	7.884729E-3
1.825000E-8	1.053980E-2
1.830000E-8	1.365908E-2
1.835000E-8	1.715864E-2
1.840000E-8	2.095796E-2
1.845000E-8	2.497312E-2
1.850000E-8	2.907392E-2
1.855000E-8	3.310621E-2
1.860000E-8	3.705627E-2
1.865000E-8	4.087101E-2
1.870000E-8	4.452130E-2
1.875000E-8	4.798146E-2
1.880000E-8	5.124806E-2
1.885000E-8	5.432623E-2
1.890000E-8	5.715431E-2
1.895000E-8	5.967577E-2
1.900000E-8	6.176729E-2
1.905000E-8	6.328496E-2
1.910000E-8	6.419967E-2
1.915000E-8	6.458509E-2
1.920000E-8	6.447375E-2
1.925000E-8	6.388621E-2
1.930000E-8	6.302117E-2
1.935000E-8	6.208418E-2
1.940000E-8	6.110609E-2
1.945000E-8	6.006119E-2
1.950000E-8	5.906425E-2
1.955000E-8	5.819236E-2
1.960000E-8	5.735987E-2
1.965000E-8	5.652223E-2
1.970000E-8	5.573770E-2
1.975000E-8	5.506451E-2
1.980000E-8	5.447183E-2
1.985000E-8	5.394938E-2
1.990000E-8	5.344235E-2
1.995000E-8	5.296615E-2
2.000000E-8	5.252935E-2
2.005000E-8	5.213708E-2
2.010000E-8	5.169685E-2
2.015000E-8	5.115213E-2
2.020000E-8	5.056802E-2
2.025000E-8	5.000960E-2
2.030000E-8	4.945460E-2
2.035000E-8	4.894243E-2
2.040000E-8	4.859641E-2
2.045000E-8	4.842340E-2
2.050000E-8	4.839428E-2
2.055000E-8	4.848507E-2
2.060000E-8	4.868377E-2
2.065000E-8	4.891331E-2
2.070000E-8	4.913771E-2
2.075000E-8	4.933298E-2
2.080000E-8	4.945460E-2
2.085000E-8	4.941349E-2
2.090000E-8	4.921479E-2
2.095000E-8	4.893386E-2
2.100000E-8	4.860669E-2
2.105000E-8	4.828123E-2
2.110000E-8	4.791980E-2
2.115000E-8	4.749156E-2
2.120000E-8	4.705133E-2
2.125000E-8	4.669333E-2
2.130000E-8	4.645009E-2
2.135000E-8	4.629421E-2
2.140000E-8	4.625652E-2
2.145000E-8	4.641583E-2
2.150000E-8	4.673786E-2
2.155000E-8	4.711129E-2
2.160000E-8	4.747272E-2
2.165000E-8	4.784957E-2
2.170000E-8	4.819216E-2
2.175000E-8	4.841313E-2
2.180000E-8	4.844739E-2
2.185000E-8	4.836516E-2
2.190000E-8	4.814591E-2
2.195000E-8	4.776735E-2
2.200000E-8	4.723633E-2
2.205000E-8	4.666078E-2
2.210000E-8	4.609551E-2
2.215000E-8	4.550968E-2
2.220000E-8	4.493241E-2
2.225000E-8	4.448019E-2
2.230000E-8	4.423010E-2
2.235000E-8	4.419756E-2
2.240000E-8	4.438427E-2
2.245000E-8	4.477140E-2
2.250000E-8	4.534523E-2
2.255000E-8	4.600986E-2
2.260000E-8	4.663337E-2
2.265000E-8	4.713698E-2
2.270000E-8	4.748813E-2
2.275000E-8	4.766286E-2
2.280000E-8	4.761661E-2
2.285000E-8	4.735624E-2
2.290000E-8	4.691087E-2
2.295000E-8	4.633874E-2
2.300000E-8	4.574264E-2
2.305000E-8	4.514996E-2
2.310000E-8	4.457955E-2
2.315000E-8	4.403997E-2
2.320000E-8	4.359631E-2
2.325000E-8	4.329312E-2
2.330000E-8	4.317664E-2
2.335000E-8	4.328455E-2
2.340000E-8	4.359460E-2
2.345000E-8	4.403483E-2
2.350000E-8	4.456584E-2
2.355000E-8	4.514653E-2
2.360000E-8	4.563986E-2
2.365000E-8	4.595162E-2
2.370000E-8	4.611435E-2
2.375000E-8	4.618629E-2
2.380000E-8	4.612120E-2
2.385000E-8	4.587796E-2
2.390000E-8	4.555250E-2
2.395000E-8	4.515510E-2
2.400000E-8	4.465149E-2
2.405000E-8	4.412219E-2
2.410000E-8	4.365969E-2
2.415000E-8	4.320062E-2
2.420000E-8	4.274326E-2
2.425000E-8	4.243493E-2
2.430000E-8	4.232530E-2
2.435000E-8	4.235271E-2
2.440000E-8	4.251030E-2
2.445000E-8	4.281692E-2
2.450000E-8	4.322631E-2
2.455000E-8	4.369052E-2
2.460000E-8	4.417186E-2
2.465000E-8	4.458297E-2
2.470000E-8	4.489301E-2
2.475000E-8	4.509514E-2
2.480000E-8	4.510199E-2
2.485000E-8	4.493413E-2
2.490000E-8	4.467547E-2
2.495000E-8	4.430033E-2
2.500000E-8	4.376589E-2
2.505000E-8	4.314923E-2
2.510000E-8	4.256340E-2
2.515000E-8	4.202382E-2
2.520000E-8	4.157160E-2
2.525000E-8	4.131124E-2
2.530000E-8	4.128897E-2
2.535000E-8	4.148253E-2
2.540000E-8	4.185082E-2
2.545000E-8	4.235956E-2
2.550000E-8	4.300021E-2
2.555000E-8	4.372307E-2
2.560000E-8	4.440311E-2
2.565000E-8	4.492556E-2
2.570000E-8	4.531954E-2
2.575000E-8	4.559532E-2
2.580000E-8	4.566213E-2
2.585000E-8	4.551139E-2
2.590000E-8	4.522361E-2
2.595000E-8	4.479538E-2
2.600000E-8	4.422154E-2
2.605000E-8	4.361173E-2
2.610000E-8	4.303104E-2
2.615000E-8	4.247262E-2
2.620000E-8	4.201526E-2
2.625000E-8	4.176517E-2
2.630000E-8	4.171035E-2
2.635000E-8	4.180285E-2
2.640000E-8	4.209577E-2
2.645000E-8	4.258396E-2
2.650000E-8	4.318349E-2
2.655000E-8	4.382242E-2
2.660000E-8	4.444765E-2
2.665000E-8	4.499579E-2
2.670000E-8	4.542232E-2
2.675000E-8	4.569125E-2
2.680000E-8	4.577347E-2
2.685000E-8	4.570324E-2
2.690000E-8	4.546171E-2
2.695000E-8	4.503690E-2
2.700000E-8	4.449390E-2
2.705000E-8	4.391663E-2
2.710000E-8	4.336849E-2
2.715000E-8	4.290085E-2
2.720000E-8	4.257197E-2
2.725000E-8	4.240067E-2
2.730000E-8	4.239896E-2
2.735000E-8	4.259766E-2
2.740000E-8	4.295909E-2
2.745000E-8	4.340446E-2
2.750000E-8	4.391835E-2
2.755000E-8	4.446478E-2
2.760000E-8	4.496496E-2
2.765000E-8	4.535894E-2
2.770000E-8	4.560903E-2
2.775000E-8	4.568440E-2
2.780000E-8	4.555935E-2
2.785000E-8	4.525616E-2
2.790000E-8	4.478339E-2
2.795000E-8	4.420612E-2
2.800000E-8	4.358946E-2
2.805000E-8	4.297965E-2
2.810000E-8	4.241609E-2
2.815000E-8	4.198956E-2
2.820000E-8	4.172577E-2
2.825000E-8	4.161443E-2
2.830000E-8	4.171035E-2
2.835000E-8	4.201183E-2
2.840000E-8	4.244007E-2
2.845000E-8	4.296423E-2
2.850000E-8	4.353465E-2
2.855000E-8	4.406052E-2
2.860000E-8	4.449047E-2
2.865000E-8	4.479880E-2
2.870000E-8	4.492385E-2
2.875000E-8	4.483820E-2
2.880000E-8	4.461038E-2
2.885000E-8	4.430205E-2
2.890000E-8	4.392862E-2
2.895000E-8	4.351580E-2
2.900000E-8	4.306872E-2
2.905000E-8	4.261308E-2
2.910000E-8	4.222938E-2
2.915000E-8	4.199813E-2
2.920000E-8	4.186623E-2
2.925000E-8	4.183540E-2
2.930000E-8	4.200156E-2
2.935000E-8	4.236641E-2
2.940000E-8	4.278437E-2
2.945000E-8	4.319891E-2
2.950000E-8	4.364599E-2
2.955000E-8	4.407936E-2
2.960000E-8	4.439969E-2
2.965000E-8	4.461552E-2
2.970000E-8	4.472343E-2
2.975000E-8	4.467204E-2
2.980000E-8	4.443737E-2
2.985000E-8	4.407251E-2
2.990000E-8	4.359631E-2
2.995000E-8	4.303618E-2
3.000000E-8	4.246748E-2
3.005000E-8	4.192276E-2
3.010000E-8	4.141915E-2
3.015000E-8	4.102860E-2
3.020000E-8	4.080934E-2
3.025000E-8	4.074768E-2
3.030000E-8	4.081791E-2
3.035000E-8	4.104059E-2
3.040000E-8	4.142772E-2
3.045000E-8	4.191419E-2
3.050000E-8	4.241780E-2
3.055000E-8	4.288030E-2
3.060000E-8	4.326057E-2
3.065000E-8	4.354664E-2
3.070000E-8	4.367853E-2
3.075000E-8	4.363400E-2
3.080000E-8	4.345414E-2
3.085000E-8	4.316807E-2
3.090000E-8	4.279465E-2
3.095000E-8	4.237155E-2
3.100000E-8	4.193132E-2
3.105000E-8	4.149966E-2
3.110000E-8	4.118448E-2
3.115000E-8	4.102689E-2
3.120000E-8	4.095666E-2
3.125000E-8	4.100804E-2
3.130000E-8	4.125642E-2
3.135000E-8	4.166924E-2
3.140000E-8	4.214030E-2
3.145000E-8	4.263021E-2
3.150000E-8	4.309270E-2
3.155000E-8	4.348497E-2
3.160000E-8	4.378131E-2
3.165000E-8	4.394918E-2
3.170000E-8	4.393376E-2
3.175000E-8	4.371451E-2
3.180000E-8	4.334793E-2
3.185000E-8	4.286660E-2
3.190000E-8	4.229276E-2
3.195000E-8	4.168295E-2
3.200000E-8	4.108855E-2
3.205000E-8	4.052842E-2
3.210000E-8	4.007791E-2
3.215000E-8	3.979185E-2
3.220000E-8	3.967708E-2
3.225000E-8	3.971305E-2
3.230000E-8	3.993574E-2
3.235000E-8	4.031601E-2
3.240000E-8	4.078193E-2
3.245000E-8	4.127526E-2
3.250000E-8	4.177716E-2
3.255000E-8	4.221910E-2
3.260000E-8	4.252400E-2
3.265000E-8	4.263877E-2
3.270000E-8	4.256169E-2
3.275000E-8	4.235442E-2
3.280000E-8	4.210605E-2
3.285000E-8	4.183711E-2
3.290000E-8	4.154248E-2
3.295000E-8	4.127013E-2
3.300000E-8	4.105258E-2
3.305000E-8	4.087615E-2
3.310000E-8	4.075624E-2
3.315000E-8	4.073740E-2
3.320000E-8	4.077680E-2
3.325000E-8	4.085388E-2
3.330000E-8	4.099263E-2
3.335000E-8	4.119647E-2
3.340000E-8	4.142429E-2
3.345000E-8	4.167609E-2
3.350000E-8	4.191419E-2
3.355000E-8	4.208378E-2
3.360000E-8	4.219683E-2
3.365000E-8	4.225165E-2
3.370000E-8	4.223109E-2
3.375000E-8	4.215915E-2
3.380000E-8	4.205637E-2
3.385000E-8	4.186623E-2
3.390000E-8	4.159045E-2
3.395000E-8	4.129068E-2
3.400000E-8	4.099263E-2
3.405000E-8	4.071684E-2
3.410000E-8	4.049759E-2
3.415000E-8	4.036911E-2
3.420000E-8	4.035884E-2
3.425000E-8	4.048217E-2
3.430000E-8	4.065518E-2
3.435000E-8	4.080934E-2
3.440000E-8	4.102860E-2
3.445000E-8	4.133693E-2
3.450000E-8	4.162471E-2
3.455000E-8	4.185253E-2
3.460000E-8	4.205637E-2
3.465000E-8	4.218655E-2
3.470000E-8	4.216086E-2
3.475000E-8	4.201868E-2
3.480000E-8	4.179086E-2
3.485000E-8	4.146198E-2
3.490000E-8	4.109369E-2
3.495000E-8	4.074768E-2
3.500000E-8	4.038967E-2
3.505000E-8	4.004879E-2
3.510000E-8	3.981069E-2
3.515000E-8	3.968393E-2
3.520000E-8	3.962741E-2
3.525000E-8	3.967194E-2
3.530000E-8	3.987236E-2
3.535000E-8	4.015842E-2
3.540000E-8	4.045819E-2
3.545000E-8	4.076652E-2
3.550000E-8	4.108341E-2
3.555000E-8	4.135063E-2
3.560000E-8	4.156304E-2
3.565000E-8	4.170179E-2
3.570000E-8	4.172920E-2
3.575000E-8	4.163670E-2
3.580000E-8	4.146883E-2
3.585000E-8	4.122901E-2
3.590000E-8	4.091041E-2
3.595000E-8	4.057124E-2
3.600000E-8	4.026634E-2
3.605000E-8	4.001453E-2
3.610000E-8	3.985523E-2
3.615000E-8	3.979014E-2
3.620000E-8	3.979870E-2
3.625000E-8	3.987407E-2
3.630000E-8	4.003338E-2
3.635000E-8	4.024578E-2
3.640000E-8	4.051129E-2
3.645000E-8	4.081962E-2
3.650000E-8	4.111939E-2
3.655000E-8	4.133522E-2
3.660000E-8	4.144142E-2
3.665000E-8	4.143628E-2
3.670000E-8	4.132323E-2
3.675000E-8	4.115364E-2
3.680000E-8	4.096693E-2
3.685000E-8	4.072198E-2
3.690000E-8	4.041365E-2
3.695000E-8	4.007791E-2
3.700000E-8	3.977643E-2
3.705000E-8	3.952806E-2
3.710000E-8	3.934477E-2
3.715000E-8	3.923000E-2
3.720000E-8	3.919060E-2
3.725000E-8	3.924884E-2
3.730000E-8	3.942014E-2
3.735000E-8	3.967537E-2
3.740000E-8	4.000426E-2
3.745000E-8	4.037083E-2
3.750000E-8	4.071684E-2
3.755000E-8	4.096522E-2
3.760000E-8	4.106971E-2
3.765000E-8	4.105429E-2
3.770000E-8	4.096008E-2
3.775000E-8	4.077337E-2
3.780000E-8	4.049416E-2
3.785000E-8	4.014129E-2
3.790000E-8	3.976102E-2
3.795000E-8	3.937560E-2
3.800000E-8	3.902445E-2
3.805000E-8	3.874695E-2
3.810000E-8	3.859278E-2
3.815000E-8	3.855339E-2
3.820000E-8	3.859278E-2
3.825000E-8	3.870070E-2
3.830000E-8	3.889084E-2
3.835000E-8	3.915977E-2
3.840000E-8	3.944241E-2
3.845000E-8	3.968736E-2
3.850000E-8	3.991176E-2
3.855000E-8	4.010189E-2
3.860000E-8	4.027148E-2
3.865000E-8	4.042393E-2
3.870000E-8	4.053184E-2
3.875000E-8	4.057295E-2
3.880000E-8	4.054212E-2
3.885000E-8	4.045990E-2
3.890000E-8	4.031601E-2
3.895000E-8	4.014643E-2
3.900000E-8	4.001453E-2
3.905000E-8	3.986379E-2
3.910000E-8	3.964625E-2
3.915000E-8	3.944069E-2
3.920000E-8	3.932593E-2
3.925000E-8	3.927968E-2
3.930000E-8	3.926940E-2
3.935000E-8	3.933107E-2
3.940000E-8	3.947495E-2
3.945000E-8	3.964796E-2
3.950000E-8	3.981926E-2
3.955000E-8	3.998027E-2
3.960000E-8	4.009504E-2
3.965000E-8	4.016185E-2
3.970000E-8	4.015328E-2
3.975000E-8	4.005564E-2
3.980000E-8	3.988949E-2
3.985000E-8	3.969592E-2
3.990000E-8	3.948352E-2
3.995000E-8	3.928310E-2
4.000000E-8	3.912037E-2
4.005000E-8	3.900732E-2
4.010000E-8	3.891996E-2
4.015000E-8	3.886000E-2
4.020000E-8	3.888570E-2
4.025000E-8	3.900732E-2
4.030000E-8	3.916491E-2
4.035000E-8	3.932421E-2
4.040000E-8	3.951264E-2
4.045000E-8	3.970106E-2
4.050000E-8	3.986379E-2
4.055000E-8	3.998199E-2
4.060000E-8	4.005393E-2
4.065000E-8	4.005393E-2
4.070000E-8	3.998027E-2
4.075000E-8	3.985694E-2
4.080000E-8	3.968907E-2
4.085000E-8	3.948694E-2
4.090000E-8	3.927111E-2
4.095000E-8	3.906898E-2
4.100000E-8	3.889255E-2
4.105000E-8	3.877264E-2
4.110000E-8	3.872468E-2
4.115000E-8	3.876579E-2
4.120000E-8	3.889598E-2
4.125000E-8	3.908783E-2
4.130000E-8	3.930708E-2
4.135000E-8	3.954176E-2
4.140000E-8	3.976787E-2
4.145000E-8	3.997000E-2
4.150000E-8	4.012587E-2
4.155000E-8	4.019782E-2
4.160000E-8	4.020467E-2
4.165000E-8	4.016013E-2
4.170000E-8	4.006763E-2
4.175000E-8	3.992203E-2
4.180000E-8	3.973875E-2
4.185000E-8	3.953833E-2
4.190000E-8	3.932593E-2
4.195000E-8	3.909982E-2
4.200000E-8	3.886857E-2
4.205000E-8	3.867843E-2
4.210000E-8	3.857566E-2
4.215000E-8	3.854482E-2
4.220000E-8	3.856709E-2
4.225000E-8	3.868186E-2
4.230000E-8	3.889940E-2
4.235000E-8	3.913408E-2
4.240000E-8	3.932593E-2
4.245000E-8	3.950065E-2
4.250000E-8	3.967708E-2
4.255000E-8	3.980555E-2
4.260000E-8	3.986893E-2
4.265000E-8	3.989291E-2
4.270000E-8	3.987407E-2
4.275000E-8	3.983981E-2
4.280000E-8	3.979699E-2
4.285000E-8	3.971991E-2
4.290000E-8	3.958630E-2
4.295000E-8	3.941157E-2
4.300000E-8	3.923685E-2
4.305000E-8	3.908611E-2
4.310000E-8	3.895764E-2
4.315000E-8	3.886000E-2
4.320000E-8	3.880690E-2
4.325000E-8	3.881033E-2
4.330000E-8	3.884801E-2
4.335000E-8	3.891139E-2
4.340000E-8	3.900218E-2
4.345000E-8	3.913579E-2
4.350000E-8	3.927283E-2
4.355000E-8	3.937560E-2
4.360000E-8	3.942357E-2
4.365000E-8	3.943384E-2
4.370000E-8	3.941500E-2
4.375000E-8	3.934134E-2
4.380000E-8	3.917690E-2
4.385000E-8	3.896107E-2
4.390000E-8	3.871098E-2
4.395000E-8	3.841806E-2
4.400000E-8	3.809260E-2
4.405000E-8	3.780140E-2
4.410000E-8	3.757872E-2
4.415000E-8	3.741085E-2
4.420000E-8	3.732863E-2
4.425000E-8	3.734233E-2
4.430000E-8	3.743483E-2
4.435000E-8	3.755816E-2
4.440000E-8	3.767636E-2
4.445000E-8	3.778770E-2
4.450000E-8	3.791103E-2
4.455000E-8	3.806691E-2
4.460000E-8	3.822279E-2
4.465000E-8	3.831015E-2
4.470000E-8	3.829302E-2
4.475000E-8	3.822107E-2
4.480000E-8	3.810973E-2
4.485000E-8	3.795728E-2
4.490000E-8	3.778599E-2
4.495000E-8	3.764895E-2
4.500000E-8	3.753761E-2
4.505000E-8	3.743826E-2
4.510000E-8	3.738858E-2
4.515000E-8	3.744340E-2
4.520000E-8	3.756844E-2
4.525000E-8	3.769691E-2
4.530000E-8	3.785964E-2
4.535000E-8	3.807547E-2
4.540000E-8	3.830158E-2
4.545000E-8	3.847117E-2
4.550000E-8	3.856538E-2
4.555000E-8	3.862704E-2
4.560000E-8	3.867672E-2
4.565000E-8	3.868528E-2
4.570000E-8	3.864246E-2
4.575000E-8	3.855681E-2
4.580000E-8	3.845061E-2
4.585000E-8	3.833756E-2
4.590000E-8	3.823649E-2
4.595000E-8	3.813200E-2
4.600000E-8	3.801723E-2
4.605000E-8	3.789561E-2
4.610000E-8	3.780140E-2
4.615000E-8	3.775687E-2
4.620000E-8	3.778256E-2
4.625000E-8	3.784251E-2
4.630000E-8	3.788191E-2
4.635000E-8	3.792816E-2
4.640000E-8	3.801723E-2
4.645000E-8	3.813371E-2
4.650000E-8	3.821765E-2
4.655000E-8	3.827246E-2
4.660000E-8	3.831871E-2
4.665000E-8	3.832043E-2
4.670000E-8	3.826219E-2
4.675000E-8	3.817482E-2
4.680000E-8	3.806520E-2
4.685000E-8	3.791274E-2
4.690000E-8	3.770548E-2
4.695000E-8	3.747252E-2
4.700000E-8	3.724127E-2
4.705000E-8	3.704428E-2
4.710000E-8	3.694321E-2
4.715000E-8	3.691067E-2
4.720000E-8	3.690553E-2
4.725000E-8	3.693465E-2
4.730000E-8	3.704770E-2
4.735000E-8	3.718645E-2
4.740000E-8	3.730122E-2
4.745000E-8	3.740914E-2
4.750000E-8	3.752733E-2
4.755000E-8	3.761126E-2
4.760000E-8	3.766094E-2
4.765000E-8	3.770034E-2
4.770000E-8	3.773974E-2
4.775000E-8	3.776886E-2
4.780000E-8	3.775173E-2
4.785000E-8	3.768835E-2
4.790000E-8	3.763696E-2
4.795000E-8	3.762497E-2
4.800000E-8	3.761640E-2
4.805000E-8	3.756501E-2
4.810000E-8	3.748622E-2
4.815000E-8	3.738344E-2
4.820000E-8	3.726011E-2
4.825000E-8	3.716590E-2
4.830000E-8	3.710937E-2
4.835000E-8	3.709053E-2
4.840000E-8	3.709567E-2
4.845000E-8	3.713678E-2
4.850000E-8	3.721043E-2
4.855000E-8	3.729094E-2
4.860000E-8	3.737659E-2
4.865000E-8	3.745196E-2
4.870000E-8	3.750677E-2
4.875000E-8	3.755816E-2
4.880000E-8	3.761640E-2
4.885000E-8	3.764724E-2
4.890000E-8	3.764895E-2
4.895000E-8	3.762668E-2
4.900000E-8	3.759242E-2
4.905000E-8	3.754103E-2
4.910000E-8	3.745710E-2
4.915000E-8	3.736460E-2
4.920000E-8	3.728238E-2
4.925000E-8	3.717960E-2
4.930000E-8	3.703057E-2
4.935000E-8	3.687470E-2
4.940000E-8	3.674280E-2
4.945000E-8	3.663488E-2
4.950000E-8	3.652354E-2
4.955000E-8	3.643618E-2
4.960000E-8	3.638479E-2
4.965000E-8	3.635910E-2
4.970000E-8	3.637109E-2
4.975000E-8	3.645674E-2
4.980000E-8	3.661433E-2
4.985000E-8	3.681817E-2
4.990000E-8	3.703057E-2
4.995000E-8	3.721900E-2
5.000000E-8	3.735090E-2
5.005000E-8	3.742627E-2
5.010000E-8	3.749992E-2
5.015000E-8	3.755645E-2
5.020000E-8	3.753247E-2
5.025000E-8	3.743312E-2
5.030000E-8	3.733548E-2
5.035000E-8	3.724983E-2
5.040000E-8	3.713849E-2
5.045000E-8	3.704599E-2
5.050000E-8	3.698261E-2
5.055000E-8	3.691238E-2
5.060000E-8	3.685071E-2
5.065000E-8	3.682845E-2
5.070000E-8	3.683016E-2
5.075000E-8	3.681817E-2
5.080000E-8	3.682673E-2
5.085000E-8	3.687641E-2
5.090000E-8	3.693979E-2
5.095000E-8	3.699289E-2
5.100000E-8	3.703057E-2
5.105000E-8	3.705798E-2
5.110000E-8	3.709738E-2
5.115000E-8	3.714534E-2
5.120000E-8	3.716247E-2
5.125000E-8	3.715905E-2
5.130000E-8	3.716932E-2
5.135000E-8	3.715048E-2
5.140000E-8	3.708539E-2
5.145000E-8	3.702201E-2
5.150000E-8	3.697919E-2
5.155000E-8	3.692095E-2
5.160000E-8	3.683872E-2
5.165000E-8	3.672567E-2
5.170000E-8	3.659891E-2
5.175000E-8	3.650470E-2
5.180000E-8	3.643104E-2
5.185000E-8	3.634368E-2
5.190000E-8	3.624947E-2
5.195000E-8	3.618095E-2
5.200000E-8	3.613470E-2
5.205000E-8	3.609530E-2
5.210000E-8	3.607475E-2
5.215000E-8	3.611757E-2
5.220000E-8	3.619123E-2
5.225000E-8	3.625803E-2
5.230000E-8	3.630942E-2
5.235000E-8	3.638822E-2
5.240000E-8	3.650470E-2
5.245000E-8	3.661947E-2
5.250000E-8	3.672053E-2
5.255000E-8	3.679076E-2
5.260000E-8	3.680618E-2
5.265000E-8	3.676507E-2
5.270000E-8	3.668798E-2
5.275000E-8	3.660576E-2
5.280000E-8	3.652525E-2
5.285000E-8	3.646187E-2
5.290000E-8	3.639678E-2
5.295000E-8	3.633169E-2
5.300000E-8	3.627859E-2
5.305000E-8	3.625632E-2
5.310000E-8	3.626489E-2
5.315000E-8	3.629229E-2
5.320000E-8	3.633340E-2
5.325000E-8	3.639507E-2
5.330000E-8	3.645502E-2
5.335000E-8	3.648072E-2
5.340000E-8	3.646187E-2
5.345000E-8	3.643789E-2
5.350000E-8	3.639507E-2
5.355000E-8	3.634711E-2
5.360000E-8	3.629743E-2
5.365000E-8	3.623405E-2
5.370000E-8	3.614840E-2
5.375000E-8	3.605077E-2
5.380000E-8	3.596341E-2
5.385000E-8	3.586748E-2
5.390000E-8	3.578526E-2
5.395000E-8	3.573558E-2
5.400000E-8	3.570989E-2
5.405000E-8	3.572702E-2
5.410000E-8	3.578183E-2
5.415000E-8	3.584864E-2
5.420000E-8	3.591544E-2
5.425000E-8	3.600452E-2
5.430000E-8	3.608331E-2
5.435000E-8	3.612100E-2
5.440000E-8	3.612614E-2
5.445000E-8	3.609702E-2
5.450000E-8	3.602165E-2
5.455000E-8	3.592401E-2
5.460000E-8	3.581781E-2
5.465000E-8	3.569961E-2
5.470000E-8	3.559341E-2
5.475000E-8	3.550262E-2
5.480000E-8	3.543410E-2
5.485000E-8	3.543239E-2
5.490000E-8	3.550091E-2
5.495000E-8	3.558998E-2
5.500000E-8	3.568077E-2
5.505000E-8	3.579211E-2
5.510000E-8	3.588118E-2
5.515000E-8	3.587947E-2
5.520000E-8	3.579554E-2
5.525000E-8	3.567392E-2
5.530000E-8	3.555744E-2
5.535000E-8	3.544952E-2
5.540000E-8	3.535017E-2
5.545000E-8	3.527651E-2
5.550000E-8	3.525938E-2
5.555000E-8	3.528850E-2
5.560000E-8	3.533647E-2
5.565000E-8	3.539299E-2
5.570000E-8	3.549406E-2
5.575000E-8	3.562938E-2
5.580000E-8	3.576470E-2
5.585000E-8	3.587433E-2
5.590000E-8	3.596169E-2
5.595000E-8	3.602850E-2
5.600000E-8	3.607475E-2
5.605000E-8	3.608674E-2
5.610000E-8	3.604220E-2
5.615000E-8	3.596341E-2
5.620000E-8	3.590003E-2
5.625000E-8	3.584007E-2
5.630000E-8	3.578697E-2
5.635000E-8	3.573558E-2
5.640000E-8	3.572188E-2
5.645000E-8	3.572531E-2
5.650000E-8	3.569790E-2
5.655000E-8	3.562767E-2
5.660000E-8	3.555572E-2
5.665000E-8	3.548549E-2
5.670000E-8	3.541698E-2
5.675000E-8	3.536559E-2
5.680000E-8	3.535188E-2
5.685000E-8	3.536901E-2
5.690000E-8	3.543239E-2
5.695000E-8	3.553859E-2
5.700000E-8	3.564137E-2
5.705000E-8	3.569961E-2
5.710000E-8	3.571674E-2
5.715000E-8	3.568591E-2
5.720000E-8	3.560026E-2
5.725000E-8	3.547350E-2
5.730000E-8	3.535702E-2
5.735000E-8	3.524568E-2
5.740000E-8	3.511550E-2
5.745000E-8	3.497675E-2
5.750000E-8	3.488767E-2
5.755000E-8	3.484485E-2
5.760000E-8	3.485513E-2
5.765000E-8	3.494078E-2
5.770000E-8	3.506411E-2
5.775000E-8	3.517888E-2
5.780000E-8	3.528508E-2
5.785000E-8	3.538614E-2
5.790000E-8	3.547179E-2
5.795000E-8	3.553688E-2
5.800000E-8	3.557971E-2
5.805000E-8	3.559512E-2
5.810000E-8	3.561054E-2
5.815000E-8	3.563452E-2
5.820000E-8	3.561396E-2
5.825000E-8	3.555059E-2
5.830000E-8	3.549406E-2
5.835000E-8	3.542040E-2
5.840000E-8	3.527480E-2
5.845000E-8	3.509323E-2
5.850000E-8	3.495790E-2
5.855000E-8	3.487911E-2
5.860000E-8	3.482772E-2
5.865000E-8	3.481230E-2
5.870000E-8	3.484999E-2
5.875000E-8	3.491851E-2
5.880000E-8	3.498360E-2
5.885000E-8	3.503156E-2
5.890000E-8	3.509837E-2
5.895000E-8	3.518059E-2
5.900000E-8	3.522170E-2
5.905000E-8	3.519772E-2
5.910000E-8	3.516688E-2
5.915000E-8	3.514633E-2
5.920000E-8	3.508295E-2
5.925000E-8	3.498531E-2
5.930000E-8	3.492536E-2
5.935000E-8	3.490138E-2
5.940000E-8	3.486883E-2
5.945000E-8	3.486712E-2
5.950000E-8	3.491851E-2
5.955000E-8	3.498189E-2
5.960000E-8	3.502300E-2
5.965000E-8	3.506582E-2
5.970000E-8	3.512063E-2
5.975000E-8	3.514804E-2
5.980000E-8	3.514976E-2
5.985000E-8	3.512577E-2
5.990000E-8	3.506411E-2
5.995000E-8	3.498189E-2
6.000000E-8	3.490309E-2
6.005000E-8	3.482258E-2
6.010000E-8	3.474892E-2
6.015000E-8	3.469411E-2
6.020000E-8	3.467184E-2
6.025000E-8	3.469582E-2
6.030000E-8	3.473180E-2
6.035000E-8	3.475235E-2
6.040000E-8	3.476948E-2
6.045000E-8	3.480545E-2
6.050000E-8	3.482601E-2
6.055000E-8	3.482087E-2
6.060000E-8	3.481230E-2
6.065000E-8	3.477119E-2
6.070000E-8	3.470268E-2
6.075000E-8	3.464443E-2
6.080000E-8	3.460332E-2
6.085000E-8	3.456221E-2
6.090000E-8	3.453994E-2
6.095000E-8	3.456735E-2
6.100000E-8	3.462559E-2
6.105000E-8	3.468041E-2
6.110000E-8	3.471980E-2
6.115000E-8	3.474207E-2
6.120000E-8	3.475578E-2
6.125000E-8	3.477462E-2
6.130000E-8	3.476777E-2
6.135000E-8	3.469925E-2
6.140000E-8	3.462559E-2
6.145000E-8	3.458277E-2
6.150000E-8	3.453309E-2
6.155000E-8	3.449370E-2
6.160000E-8	3.447828E-2
6.165000E-8	3.447143E-2
6.170000E-8	3.447143E-2
6.175000E-8	3.449198E-2
6.180000E-8	3.453138E-2
6.185000E-8	3.456221E-2
6.190000E-8	3.460504E-2
6.195000E-8	3.467184E-2
6.200000E-8	3.473008E-2
6.205000E-8	3.476777E-2
6.210000E-8	3.480374E-2
6.215000E-8	3.481230E-2
6.220000E-8	3.477804E-2
6.225000E-8	3.472494E-2
6.230000E-8	3.464957E-2
6.235000E-8	3.453652E-2
6.240000E-8	3.440805E-2
6.245000E-8	3.432925E-2
6.250000E-8	3.431726E-2
6.255000E-8	3.435323E-2
6.260000E-8	3.442175E-2
6.265000E-8	3.451596E-2
6.270000E-8	3.462731E-2
6.275000E-8	3.474892E-2
6.280000E-8	3.484828E-2
6.285000E-8	3.492193E-2
6.290000E-8	3.496304E-2
6.295000E-8	3.495277E-2
6.300000E-8	3.488596E-2
6.305000E-8	3.478490E-2
6.310000E-8	3.467355E-2
6.315000E-8	3.454508E-2
6.320000E-8	3.439606E-2
6.325000E-8	3.428129E-2
6.330000E-8	3.425046E-2
6.335000E-8	3.430184E-2
6.340000E-8	3.437550E-2
6.345000E-8	3.444745E-2
6.350000E-8	3.456221E-2
6.355000E-8	3.471638E-2
6.360000E-8	3.483629E-2
6.365000E-8	3.490823E-2
6.370000E-8	3.495277E-2
6.375000E-8	3.496818E-2
6.380000E-8	3.492193E-2
6.385000E-8	3.482943E-2
6.390000E-8	3.473180E-2
6.395000E-8	3.462731E-2
6.400000E-8	3.451425E-2
6.405000E-8	3.444402E-2
6.410000E-8	3.440633E-2
6.415000E-8	3.438921E-2
6.420000E-8	3.440976E-2
6.425000E-8	3.448513E-2
6.430000E-8	3.457249E-2
6.435000E-8	3.464101E-2
6.440000E-8	3.468897E-2
6.445000E-8	3.469068E-2
6.450000E-8	3.463930E-2
6.455000E-8	3.455194E-2
6.460000E-8	3.443374E-2
6.465000E-8	3.427615E-2
6.470000E-8	3.409800E-2
6.475000E-8	3.392328E-2
6.480000E-8	3.376227E-2
6.485000E-8	3.363893E-2
6.490000E-8	3.358241E-2
6.495000E-8	3.357727E-2
6.500000E-8	3.359954E-2
6.505000E-8	3.363379E-2
6.510000E-8	3.368347E-2
6.515000E-8	3.374171E-2
6.520000E-8	3.380166E-2
6.525000E-8	3.383250E-2
6.530000E-8	3.383078E-2
6.535000E-8	3.381537E-2
6.540000E-8	3.377939E-2
6.545000E-8	3.370916E-2
6.550000E-8	3.362352E-2
6.555000E-8	3.357213E-2
6.560000E-8	3.353444E-2
6.565000E-8	3.350361E-2
6.570000E-8	3.348991E-2
6.575000E-8	3.355329E-2
6.580000E-8	3.367833E-2
6.585000E-8	3.381879E-2
6.590000E-8	3.394213E-2
6.595000E-8	3.404662E-2
6.600000E-8	3.412370E-2
6.605000E-8	3.415796E-2
6.610000E-8	3.417509E-2
6.615000E-8	3.416995E-2
6.620000E-8	3.410486E-2
6.625000E-8	3.402435E-2
6.630000E-8	3.398152E-2
6.635000E-8	3.398324E-2
6.640000E-8	3.398324E-2
6.645000E-8	3.398324E-2
6.650000E-8	3.401064E-2
6.655000E-8	3.401578E-2
6.660000E-8	3.398324E-2
6.665000E-8	3.394213E-2
6.670000E-8	3.389416E-2
6.675000E-8	3.381879E-2
6.680000E-8	3.372972E-2
6.685000E-8	3.365092E-2
6.690000E-8	3.357555E-2
6.695000E-8	3.351046E-2
6.700000E-8	3.348305E-2
6.705000E-8	3.347792E-2
6.710000E-8	3.350532E-2
6.715000E-8	3.357213E-2
6.720000E-8	3.364578E-2
6.725000E-8	3.370916E-2
6.730000E-8	3.380166E-2
6.735000E-8	3.391472E-2
6.740000E-8	3.398152E-2
6.745000E-8	3.397810E-2
6.750000E-8	3.392500E-2
6.755000E-8	3.383421E-2
6.760000E-8	3.371259E-2
6.765000E-8	3.359782E-2
6.770000E-8	3.351731E-2
6.775000E-8	3.345565E-2
6.780000E-8	3.343338E-2
6.785000E-8	3.344880E-2
6.790000E-8	3.348991E-2
6.795000E-8	3.352245E-2
6.800000E-8	3.356528E-2
6.805000E-8	3.363551E-2
6.810000E-8	3.369375E-2
6.815000E-8	3.372972E-2
6.820000E-8	3.376740E-2
6.825000E-8	3.380509E-2
6.830000E-8	3.381365E-2
6.835000E-8	3.382051E-2
6.840000E-8	3.384620E-2
6.845000E-8	3.384277E-2
6.850000E-8	3.377939E-2
6.855000E-8	3.367319E-2
6.860000E-8	3.356528E-2
6.865000E-8	3.343680E-2
6.870000E-8	3.330319E-2
6.875000E-8	3.317472E-2
6.880000E-8	3.305139E-2
6.885000E-8	3.293834E-2
6.890000E-8	3.287153E-2
6.895000E-8	3.282699E-2
6.900000E-8	3.277903E-2
6.905000E-8	3.276704E-2
6.910000E-8	3.282528E-2
6.915000E-8	3.290750E-2
6.920000E-8	3.299658E-2
6.925000E-8	3.309935E-2
6.930000E-8	3.317472E-2
6.935000E-8	3.318671E-2
6.940000E-8	3.315931E-2
6.945000E-8	3.312847E-2
6.950000E-8	3.309421E-2
6.955000E-8	3.306852E-2
6.960000E-8	3.304454E-2
6.965000E-8	3.301199E-2
6.970000E-8	3.298459E-2
6.975000E-8	3.297602E-2
6.980000E-8	3.297602E-2
6.985000E-8	3.298630E-2
6.990000E-8	3.300685E-2
6.995000E-8	3.302741E-2
7.000000E-8	3.304283E-2
7.005000E-8	3.305310E-2
7.010000E-8	3.304454E-2
7.015000E-8	3.301713E-2
7.020000E-8	3.298630E-2
7.025000E-8	3.296403E-2
7.030000E-8	3.294348E-2
7.035000E-8	3.294348E-2
7.040000E-8	3.296574E-2
7.045000E-8	3.300343E-2
7.050000E-8	3.304111E-2
7.055000E-8	3.309079E-2
7.060000E-8	3.314560E-2
7.065000E-8	3.317301E-2
7.070000E-8	3.317130E-2
7.075000E-8	3.316787E-2
7.080000E-8	3.317301E-2
7.085000E-8	3.318671E-2
7.090000E-8	3.319528E-2
7.095000E-8	3.317815E-2
7.100000E-8	3.315759E-2
7.105000E-8	3.316273E-2
7.110000E-8	3.316787E-2
7.115000E-8	3.313361E-2
7.120000E-8	3.309764E-2
7.125000E-8	3.307195E-2
7.130000E-8	3.300685E-2
7.135000E-8	3.292121E-2
7.140000E-8	3.286125E-2
7.145000E-8	3.283042E-2
7.150000E-8	3.281158E-2
7.155000E-8	3.281500E-2
7.160000E-8	3.284070E-2
7.165000E-8	3.284070E-2
7.170000E-8	3.280815E-2
7.175000E-8	3.277903E-2
7.180000E-8	3.276875E-2
7.185000E-8	3.276362E-2
7.190000E-8	3.276704E-2
7.195000E-8	3.279274E-2
7.200000E-8	3.282186E-2
7.205000E-8	3.282528E-2
7.210000E-8	3.280301E-2
7.215000E-8	3.279274E-2
7.220000E-8	3.280301E-2
7.225000E-8	3.280987E-2
7.230000E-8	3.280987E-2
7.235000E-8	3.281843E-2
7.240000E-8	3.282014E-2
7.245000E-8	3.280644E-2
7.250000E-8	3.279616E-2
7.255000E-8	3.280644E-2
7.260000E-8	3.283213E-2
7.265000E-8	3.283213E-2
7.270000E-8	3.281158E-2
7.275000E-8	3.279274E-2
7.280000E-8	3.277732E-2
7.285000E-8	3.274135E-2
7.290000E-8	3.271565E-2
7.295000E-8	3.272250E-2
7.300000E-8	3.273450E-2
7.305000E-8	3.273278E-2
7.310000E-8	3.275334E-2
7.315000E-8	3.279959E-2
7.320000E-8	3.286297E-2
7.325000E-8	3.293491E-2
7.330000E-8	3.299658E-2
7.335000E-8	3.301713E-2
7.340000E-8	3.300172E-2
7.345000E-8	3.297088E-2
7.350000E-8	3.291093E-2
7.355000E-8	3.283727E-2
7.360000E-8	3.281329E-2
7.365000E-8	3.281672E-2
7.370000E-8	3.277903E-2
7.375000E-8	3.270880E-2
7.380000E-8	3.264713E-2
7.385000E-8	3.257862E-2
7.390000E-8	3.247584E-2
7.395000E-8	3.236964E-2
7.400000E-8	3.229941E-2
7.405000E-8	3.223089E-2
7.410000E-8	3.214181E-2
7.415000E-8	3.205103E-2
7.420000E-8	3.199450E-2
7.425000E-8	3.196709E-2
7.430000E-8	3.193797E-2
7.435000E-8	3.192256E-2
7.440000E-8	3.196024E-2
7.445000E-8	3.205103E-2
7.450000E-8	3.215894E-2
7.455000E-8	3.225830E-2
7.460000E-8	3.236450E-2
7.465000E-8	3.247755E-2
7.470000E-8	3.255121E-2
7.475000E-8	3.257005E-2
7.480000E-8	3.257348E-2
7.485000E-8	3.257690E-2
7.490000E-8	3.256320E-2
7.495000E-8	3.252552E-2
7.500000E-8	3.248954E-2
7.505000E-8	3.246214E-2
7.510000E-8	3.242274E-2
7.515000E-8	3.236964E-2
7.520000E-8	3.232853E-2
7.525000E-8	3.230454E-2
7.530000E-8	3.229255E-2
7.535000E-8	3.226857E-2
7.540000E-8	3.226001E-2
7.545000E-8	3.227542E-2
7.550000E-8	3.229769E-2
7.555000E-8	3.230283E-2
7.560000E-8	3.230283E-2
7.565000E-8	3.233024E-2
7.570000E-8	3.236792E-2
7.575000E-8	3.235593E-2
7.580000E-8	3.229598E-2
7.585000E-8	3.225830E-2
7.590000E-8	3.225658E-2
7.595000E-8	3.222746E-2
7.600000E-8	3.218635E-2
7.605000E-8	3.218978E-2
7.610000E-8	3.222575E-2
7.615000E-8	3.224973E-2
7.620000E-8	3.228228E-2
7.625000E-8	3.234737E-2
7.630000E-8	3.242103E-2
7.635000E-8	3.246728E-2
7.640000E-8	3.250839E-2
7.645000E-8	3.254950E-2
7.650000E-8	3.255806E-2
7.655000E-8	3.252723E-2
7.660000E-8	3.249126E-2
7.665000E-8	3.247927E-2
7.670000E-8	3.246042E-2
7.675000E-8	3.239362E-2
7.680000E-8	3.229427E-2
7.685000E-8	3.220177E-2
7.690000E-8	3.210584E-2
7.695000E-8	3.198251E-2
7.700000E-8	3.186603E-2
7.705000E-8	3.177867E-2
7.710000E-8	3.171015E-2
7.715000E-8	3.166219E-2
7.720000E-8	3.166733E-2
7.725000E-8	3.172899E-2
7.730000E-8	3.181807E-2
7.735000E-8	3.192256E-2
7.740000E-8	3.203904E-2
7.745000E-8	3.214353E-2
7.750000E-8	3.219149E-2
7.755000E-8	3.217950E-2
7.760000E-8	3.213668E-2
7.765000E-8	3.205959E-2
7.770000E-8	3.194311E-2
7.775000E-8	3.180265E-2
7.780000E-8	3.165191E-2
7.785000E-8	3.149089E-2
7.790000E-8	3.134529E-2
7.795000E-8	3.127677E-2
7.800000E-8	3.130761E-2
7.805000E-8	3.138983E-2
7.810000E-8	3.150117E-2
7.815000E-8	3.164335E-2
7.820000E-8	3.180265E-2
7.825000E-8	3.194311E-2
7.830000E-8	3.203732E-2
7.835000E-8	3.206131E-2
7.840000E-8	3.202362E-2
7.845000E-8	3.196709E-2
7.850000E-8	3.189344E-2
7.855000E-8	3.179751E-2
7.860000E-8	3.168960E-2
7.865000E-8	3.159538E-2
7.870000E-8	3.151659E-2
7.875000E-8	3.146863E-2
7.880000E-8	3.147034E-2
7.885000E-8	3.149946E-2
7.890000E-8	3.152858E-2
7.895000E-8	3.154400E-2
7.900000E-8	3.153714E-2
7.905000E-8	3.149946E-2
7.910000E-8	3.145150E-2
7.915000E-8	3.142751E-2
7.920000E-8	3.143437E-2
7.925000E-8	3.144636E-2
7.930000E-8	3.146349E-2
7.935000E-8	3.148233E-2
7.940000E-8	3.151145E-2
7.945000E-8	3.157312E-2
7.950000E-8	3.166219E-2
7.955000E-8	3.173242E-2
7.960000E-8	3.179066E-2
7.965000E-8	3.183862E-2
7.970000E-8	3.185404E-2
7.975000E-8	3.183348E-2
7.980000E-8	3.182492E-2
7.985000E-8	3.185061E-2
7.990000E-8	3.188316E-2
7.995000E-8	3.187973E-2
8.000000E-8	3.184719E-2
8.005000E-8	3.184376E-2
8.010000E-8	3.185233E-2
8.015000E-8	3.184547E-2
8.020000E-8	3.181464E-2
8.025000E-8	3.179580E-2
8.030000E-8	3.175469E-2
8.035000E-8	3.166904E-2
8.040000E-8	3.159367E-2
8.045000E-8	3.157140E-2
8.050000E-8	3.158339E-2
8.055000E-8	3.162793E-2
8.060000E-8	3.169987E-2
8.065000E-8	3.176497E-2
8.070000E-8	3.181122E-2
8.075000E-8	3.185233E-2
8.080000E-8	3.186946E-2
8.085000E-8	3.184719E-2
8.090000E-8	3.180950E-2
8.095000E-8	3.177696E-2
8.100000E-8	3.171529E-2
8.105000E-8	3.164849E-2
8.110000E-8	3.157654E-2
8.115000E-8	3.148575E-2
8.120000E-8	3.141039E-2
8.125000E-8	3.138640E-2
8.130000E-8	3.137955E-2
8.135000E-8	3.135728E-2
8.140000E-8	3.135043E-2
8.145000E-8	3.135386E-2
8.150000E-8	3.135214E-2
8.155000E-8	3.136414E-2
8.160000E-8	3.138812E-2
8.165000E-8	3.138640E-2
8.170000E-8	3.137270E-2
8.175000E-8	3.138298E-2
8.180000E-8	3.142238E-2
8.185000E-8	3.144636E-2
8.190000E-8	3.143951E-2
8.195000E-8	3.141895E-2
8.200000E-8	3.139839E-2
8.205000E-8	3.136927E-2
8.210000E-8	3.132645E-2
8.215000E-8	3.128534E-2
8.220000E-8	3.124937E-2
8.225000E-8	3.120997E-2
8.230000E-8	3.119113E-2
8.235000E-8	3.121682E-2
8.240000E-8	3.126307E-2
8.245000E-8	3.130076E-2
8.250000E-8	3.134187E-2
8.255000E-8	3.138469E-2
8.260000E-8	3.140525E-2
8.265000E-8	3.137784E-2
8.270000E-8	3.134358E-2
8.275000E-8	3.131275E-2
8.280000E-8	3.127164E-2
8.285000E-8	3.121682E-2
8.290000E-8	3.121511E-2
8.295000E-8	3.124765E-2
8.300000E-8	3.126650E-2
8.305000E-8	3.126478E-2
8.310000E-8	3.127164E-2
8.315000E-8	3.128705E-2
8.320000E-8	3.130932E-2
8.325000E-8	3.134872E-2
8.330000E-8	3.137613E-2
8.335000E-8	3.138126E-2
8.340000E-8	3.138298E-2
8.345000E-8	3.138640E-2
8.350000E-8	3.136414E-2
8.355000E-8	3.134529E-2
8.360000E-8	3.133844E-2
8.365000E-8	3.132988E-2
8.370000E-8	3.132816E-2
8.375000E-8	3.135043E-2
8.380000E-8	3.136585E-2
8.385000E-8	3.134872E-2
8.390000E-8	3.132131E-2
8.395000E-8	3.128705E-2
8.400000E-8	3.120997E-2
8.405000E-8	3.113289E-2
8.410000E-8	3.109520E-2
8.415000E-8	3.105409E-2
8.420000E-8	3.102840E-2
8.425000E-8	3.105238E-2
8.430000E-8	3.111918E-2
8.435000E-8	3.120654E-2
8.440000E-8	3.130761E-2
8.445000E-8	3.139154E-2
8.450000E-8	3.143094E-2
8.455000E-8	3.146520E-2
8.460000E-8	3.151316E-2
8.465000E-8	3.153714E-2
8.470000E-8	3.150117E-2
8.475000E-8	3.141552E-2
8.480000E-8	3.127849E-2
8.485000E-8	3.110548E-2
8.490000E-8	3.093247E-2
8.495000E-8	3.080914E-2
8.500000E-8	3.072863E-2
8.505000E-8	3.066868E-2
8.510000E-8	3.063442E-2
8.515000E-8	3.064127E-2
8.520000E-8	3.068752E-2
8.525000E-8	3.075604E-2
8.530000E-8	3.085882E-2
8.535000E-8	3.098043E-2
8.540000E-8	3.108492E-2
8.545000E-8	3.117229E-2
8.550000E-8	3.123738E-2
8.555000E-8	3.124937E-2
8.560000E-8	3.119113E-2
8.565000E-8	3.107979E-2
8.570000E-8	3.094789E-2
8.575000E-8	3.082284E-2
8.580000E-8	3.070636E-2
8.585000E-8	3.060016E-2
8.590000E-8	3.049910E-2
8.595000E-8	3.041002E-2
8.600000E-8	3.035521E-2
8.605000E-8	3.035007E-2
8.610000E-8	3.038433E-2
8.615000E-8	3.043229E-2
8.620000E-8	3.050081E-2
8.625000E-8	3.059845E-2
8.630000E-8	3.068752E-2
8.635000E-8	3.075775E-2
8.640000E-8	3.083141E-2
8.645000E-8	3.087423E-2
8.650000E-8	3.088108E-2
8.655000E-8	3.087594E-2
8.660000E-8	3.085196E-2
8.665000E-8	3.080743E-2
8.670000E-8	3.076460E-2
8.675000E-8	3.074062E-2
8.680000E-8	3.071150E-2
8.685000E-8	3.067896E-2
8.690000E-8	3.066183E-2
8.695000E-8	3.063271E-2
8.700000E-8	3.060872E-2
8.705000E-8	3.061900E-2
8.710000E-8	3.063956E-2
8.715000E-8	3.065326E-2
8.720000E-8	3.072007E-2
8.725000E-8	3.083141E-2
8.730000E-8	3.092905E-2
8.735000E-8	3.097530E-2
8.740000E-8	3.101641E-2
8.745000E-8	3.106437E-2
8.750000E-8	3.107122E-2
8.755000E-8	3.099585E-2
8.760000E-8	3.089479E-2
8.765000E-8	3.080743E-2
8.770000E-8	3.068581E-2
8.775000E-8	3.050937E-2
8.780000E-8	3.034150E-2
8.785000E-8	3.023701E-2
8.790000E-8	3.019933E-2
8.795000E-8	3.022160E-2
8.800000E-8	3.030725E-2
8.805000E-8	3.043914E-2
8.810000E-8	3.059845E-2
8.815000E-8	3.077831E-2
8.820000E-8	3.092733E-2
8.825000E-8	3.098557E-2
8.830000E-8	3.094618E-2
8.835000E-8	3.086224E-2
8.840000E-8	3.075946E-2
8.845000E-8	3.061215E-2
8.850000E-8	3.043400E-2
8.855000E-8	3.030553E-2
8.860000E-8	3.023530E-2
8.865000E-8	3.020618E-2
8.870000E-8	3.019933E-2
8.875000E-8	3.021988E-2
8.880000E-8	3.025243E-2
8.885000E-8	3.029012E-2
8.890000E-8	3.033979E-2
8.895000E-8	3.039974E-2
8.900000E-8	3.047340E-2
8.905000E-8	3.054706E-2
8.910000E-8	3.061044E-2
8.915000E-8	3.066011E-2
8.920000E-8	3.068752E-2
8.925000E-8	3.069266E-2
8.930000E-8	3.072178E-2
8.935000E-8	3.078687E-2
8.940000E-8	3.084854E-2
8.945000E-8	3.087081E-2
8.950000E-8	3.089821E-2
8.955000E-8	3.090164E-2
8.960000E-8	3.083312E-2
8.965000E-8	3.071493E-2
8.970000E-8	3.057960E-2
8.975000E-8	3.041687E-2
8.980000E-8	3.027813E-2
8.985000E-8	3.018391E-2
8.990000E-8	3.008627E-2
8.995000E-8	2.998178E-2
9.000000E-8	2.993896E-2
9.005000E-8	2.993211E-2
9.010000E-8	2.987901E-2
9.015000E-8	2.981049E-2
9.020000E-8	2.977109E-2
9.025000E-8	2.973512E-2
9.030000E-8	2.968202E-2
9.035000E-8	2.963919E-2
9.040000E-8	2.961521E-2
9.045000E-8	2.958952E-2
9.050000E-8	2.954327E-2
9.055000E-8	2.950901E-2
9.060000E-8	2.951072E-2
9.065000E-8	2.954156E-2
9.070000E-8	2.958781E-2
9.075000E-8	2.967174E-2
9.080000E-8	2.979336E-2
9.085000E-8	2.993725E-2
9.090000E-8	3.009141E-2
9.095000E-8	3.022160E-2
9.100000E-8	3.029525E-2
9.105000E-8	3.030896E-2
9.110000E-8	3.028498E-2
9.115000E-8	3.024729E-2
9.120000E-8	3.021475E-2
9.125000E-8	3.018905E-2
9.130000E-8	3.015993E-2
9.135000E-8	3.012396E-2
9.140000E-8	3.007086E-2
9.145000E-8	3.000063E-2
9.150000E-8	2.994067E-2
9.155000E-8	2.992697E-2
9.160000E-8	2.992697E-2
9.165000E-8	2.991327E-2
9.170000E-8	2.989956E-2
9.175000E-8	2.987558E-2
9.180000E-8	2.980878E-2
9.185000E-8	2.974540E-2
9.190000E-8	2.971970E-2
9.195000E-8	2.970257E-2
9.200000E-8	2.968716E-2
9.205000E-8	2.970943E-2
9.210000E-8	2.977794E-2
9.215000E-8	2.988243E-2
9.220000E-8	3.001604E-2
9.225000E-8	3.015479E-2
9.230000E-8	3.026613E-2
9.235000E-8	3.034150E-2
9.240000E-8	3.037405E-2
9.245000E-8	3.033294E-2
9.250000E-8	3.025072E-2
9.255000E-8	3.015308E-2
9.260000E-8	3.001947E-2
9.265000E-8	2.984304E-2
9.270000E-8	2.966489E-2
9.275000E-8	2.953128E-2
9.280000E-8	2.946447E-2
9.285000E-8	2.942336E-2
9.290000E-8	2.941309E-2
9.295000E-8	2.945762E-2
9.300000E-8	2.955697E-2
9.305000E-8	2.963919E-2
9.310000E-8	2.968544E-2
9.315000E-8	2.975054E-2
9.320000E-8	2.984817E-2
9.325000E-8	2.993211E-2
9.330000E-8	2.998864E-2
9.335000E-8	3.002632E-2
9.340000E-8	3.004859E-2
9.345000E-8	3.004859E-2
9.350000E-8	3.000919E-2
9.355000E-8	2.994581E-2
9.360000E-8	2.990470E-2
9.365000E-8	2.989271E-2
9.370000E-8	2.985331E-2
9.375000E-8	2.979507E-2
9.380000E-8	2.975396E-2
9.385000E-8	2.971628E-2
9.390000E-8	2.964947E-2
9.395000E-8	2.957924E-2
9.400000E-8	2.952271E-2
9.405000E-8	2.948846E-2
9.410000E-8	2.949359E-2
9.415000E-8	2.954156E-2
9.420000E-8	2.957924E-2
9.425000E-8	2.961007E-2
9.430000E-8	2.968031E-2
9.435000E-8	2.977966E-2
9.440000E-8	2.986188E-2
9.445000E-8	2.992183E-2
9.450000E-8	2.996808E-2
9.455000E-8	2.997493E-2
9.460000E-8	2.993896E-2
9.465000E-8	2.990984E-2
9.470000E-8	2.989442E-2
9.475000E-8	2.986359E-2
9.480000E-8	2.980021E-2
9.485000E-8	2.969572E-2
9.490000E-8	2.957239E-2
9.495000E-8	2.943021E-2
9.500000E-8	2.927948E-2
9.505000E-8	2.914758E-2
9.510000E-8	2.904138E-2
9.515000E-8	2.897286E-2
9.520000E-8	2.891804E-2
9.525000E-8	2.887522E-2
9.530000E-8	2.885466E-2
9.535000E-8	2.885809E-2
9.540000E-8	2.887351E-2
9.545000E-8	2.890777E-2
9.550000E-8	2.892832E-2
9.555000E-8	2.893003E-2
9.560000E-8	2.895230E-2
9.565000E-8	2.899341E-2
9.570000E-8	2.901911E-2
9.575000E-8	2.902082E-2
9.580000E-8	2.904309E-2
9.585000E-8	2.910304E-2
9.590000E-8	2.917327E-2
9.595000E-8	2.925721E-2
9.600000E-8	2.933600E-2
9.605000E-8	2.940966E-2
9.610000E-8	2.947475E-2
9.615000E-8	2.952100E-2
9.620000E-8	2.953642E-2
9.625000E-8	2.952957E-2
9.630000E-8	2.948160E-2
9.635000E-8	2.938225E-2
9.640000E-8	2.925036E-2
9.645000E-8	2.911674E-2
9.650000E-8	2.897800E-2
9.655000E-8	2.882897E-2
9.660000E-8	2.870221E-2
9.665000E-8	2.861142E-2
9.670000E-8	2.856004E-2
9.675000E-8	2.857031E-2
9.680000E-8	2.863883E-2
9.685000E-8	2.873133E-2
9.690000E-8	2.881527E-2
9.695000E-8	2.888721E-2
9.700000E-8	2.894716E-2
9.705000E-8	2.900369E-2
9.710000E-8	2.905165E-2
9.715000E-8	2.908077E-2
9.720000E-8	2.910304E-2
9.725000E-8	2.914244E-2
9.730000E-8	2.918355E-2
9.735000E-8	2.920411E-2
9.740000E-8	2.921781E-2
9.745000E-8	2.924008E-2
9.750000E-8	2.927605E-2
9.755000E-8	2.931887E-2
9.760000E-8	2.937197E-2
9.765000E-8	2.943193E-2
9.770000E-8	2.948674E-2
9.775000E-8	2.952785E-2
9.780000E-8	2.954670E-2
9.785000E-8	2.955526E-2
9.790000E-8	2.954841E-2
9.795000E-8	2.953813E-2
9.800000E-8	2.951072E-2
9.805000E-8	2.944906E-2
9.810000E-8	2.935827E-2
9.815000E-8	2.925378E-2
9.820000E-8	2.915100E-2
9.825000E-8	2.904823E-2
9.830000E-8	2.895744E-2
9.835000E-8	2.891976E-2
9.840000E-8	2.892661E-2
9.845000E-8	2.896943E-2
9.850000E-8	2.904480E-2
9.855000E-8	2.913730E-2
9.860000E-8	2.923836E-2
9.865000E-8	2.936170E-2
9.870000E-8	2.949017E-2
9.875000E-8	2.958267E-2
9.880000E-8	2.962035E-2
9.885000E-8	2.964605E-2
9.890000E-8	2.968373E-2
9.895000E-8	2.971285E-2
9.900000E-8	2.968887E-2
9.905000E-8	2.964605E-2
9.910000E-8	2.961179E-2
9.915000E-8	2.956725E-2
9.920000E-8	2.949873E-2
9.925000E-8	2.941309E-2
9.930000E-8	2.932744E-2
9.935000E-8	2.925892E-2
9.940000E-8	2.920411E-2
9.945000E-8	2.916128E-2
9.950000E-8	2.911332E-2
9.955000E-8	2.906022E-2
9.960000E-8	2.901397E-2
9.965000E-8	2.898999E-2
9.970000E-8	2.898485E-2
9.975000E-8	2.897800E-2
9.980000E-8	2.896429E-2
9.985000E-8	2.895401E-2
9.990000E-8	2.895230E-2
9.995000E-8	2.894716E-2
1.000000E-7	2.893175E-2
1.000500E-7	2.890263E-2
1.001000E-7	2.885124E-2
1.001500E-7	2.880328E-2
1.002000E-7	2.877758E-2
1.002500E-7	2.877929E-2
1.003000E-7	2.878272E-2
1.003500E-7	2.881013E-2
1.004000E-7	2.888207E-2
1.004500E-7	2.897286E-2
1.005000E-7	2.907563E-2
1.005500E-7	2.918012E-2
1.006000E-7	2.926235E-2
1.006500E-7	2.932401E-2
1.007000E-7	2.939082E-2
1.007500E-7	2.944906E-2
1.008000E-7	2.945077E-2
1.008500E-7	2.941309E-2
1.009000E-7	2.936512E-2
1.009500E-7	2.928461E-2
1.010000E-7	2.914758E-2
1.010500E-7	2.898656E-2
1.011000E-7	2.886837E-2
1.011500E-7	2.879300E-2
1.012000E-7	2.874675E-2
1.012500E-7	2.872105E-2
1.013000E-7	2.872448E-2
1.013500E-7	2.875017E-2
1.014000E-7	2.875874E-2
1.014500E-7	2.874675E-2
1.015000E-7	2.873476E-2
1.015500E-7	2.873304E-2
1.016000E-7	2.871078E-2
1.016500E-7	2.866795E-2
1.017000E-7	2.865939E-2
1.017500E-7	2.866110E-2
1.018000E-7	2.863712E-2
1.018500E-7	2.861142E-2
1.019000E-7	2.859601E-2
1.019500E-7	2.858744E-2
1.020000E-7	2.860457E-2
1.020500E-7	2.864226E-2
1.021000E-7	2.866281E-2
1.021500E-7	2.866624E-2
1.022000E-7	2.867309E-2
1.022500E-7	2.867309E-2
1.023000E-7	2.864397E-2
1.023500E-7	2.859772E-2
1.024000E-7	2.858230E-2
1.024500E-7	2.858059E-2
1.025000E-7	2.858744E-2
1.025500E-7	2.857888E-2
1.026000E-7	2.856518E-2
1.026500E-7	2.854462E-2
1.027000E-7	2.854119E-2
1.027500E-7	2.854633E-2
1.028000E-7	2.855661E-2
1.028500E-7	2.856004E-2
1.029000E-7	2.854119E-2
1.029500E-7	2.849837E-2
1.030000E-7	2.846411E-2
1.030500E-7	2.842814E-2
1.031000E-7	2.838874E-2
1.031500E-7	2.835106E-2
1.032000E-7	2.833735E-2
1.032500E-7	2.833221E-2
1.033000E-7	2.834249E-2
1.033500E-7	2.839045E-2
1.034000E-7	2.844698E-2
1.034500E-7	2.848467E-2
1.035000E-7	2.852578E-2
1.035500E-7	2.856175E-2
1.036000E-7	2.860115E-2
1.036500E-7	2.865767E-2
1.037000E-7	2.871591E-2
1.037500E-7	2.873647E-2
1.038000E-7	2.873304E-2
1.038500E-7	2.872619E-2
1.039000E-7	2.867309E-2
1.039500E-7	2.853777E-2
1.040000E-7	2.839217E-2
1.040500E-7	2.828425E-2
1.041000E-7	2.817462E-2
1.041500E-7	2.805643E-2
1.042000E-7	2.797763E-2
1.042500E-7	2.793652E-2
1.043000E-7	2.792967E-2
1.043500E-7	2.797592E-2
1.044000E-7	2.805129E-2
1.044500E-7	2.813865E-2
1.045000E-7	2.826198E-2
1.045500E-7	2.840244E-2
1.046000E-7	2.850351E-2
1.046500E-7	2.859258E-2
1.047000E-7	2.867823E-2
1.047500E-7	2.871420E-2
1.048000E-7	2.869022E-2
1.048500E-7	2.865939E-2
1.049000E-7	2.861314E-2
1.049500E-7	2.852920E-2
1.050000E-7	2.845041E-2
1.050500E-7	2.838703E-2
1.051000E-7	2.830481E-2
1.051500E-7	2.818833E-2
1.052000E-7	2.806499E-2
1.052500E-7	2.793481E-2
1.053000E-7	2.780120E-2
1.053500E-7	2.768986E-2
1.054000E-7	2.760421E-2
1.054500E-7	2.753227E-2
1.055000E-7	2.748430E-2
1.055500E-7	2.746204E-2
1.056000E-7	2.747060E-2
1.056500E-7	2.753398E-2
1.057000E-7	2.766416E-2
1.057500E-7	2.780291E-2
1.058000E-7	2.791425E-2
1.058500E-7	2.803759E-2
1.059000E-7	2.818319E-2
1.059500E-7	2.830309E-2
1.060000E-7	2.835791E-2
1.060500E-7	2.836819E-2
1.061000E-7	2.833735E-2
1.061500E-7	2.826712E-2
1.062000E-7	2.816434E-2
1.062500E-7	2.805814E-2
1.063000E-7	2.797421E-2
1.063500E-7	2.789027E-2
1.064000E-7	2.781662E-2
1.064500E-7	2.778750E-2
1.065000E-7	2.780976E-2
1.065500E-7	2.788342E-2
1.066000E-7	2.798106E-2
1.066500E-7	2.808384E-2
1.067000E-7	2.818833E-2
1.067500E-7	2.828425E-2
1.068000E-7	2.831337E-2
1.068500E-7	2.827911E-2
1.069000E-7	2.823971E-2
1.069500E-7	2.819518E-2
1.070000E-7	2.810610E-2
1.070500E-7	2.801532E-2
1.071000E-7	2.796736E-2
1.071500E-7	2.790912E-2
1.072000E-7	2.781490E-2
1.072500E-7	2.774125E-2
1.073000E-7	2.771384E-2
1.073500E-7	2.771726E-2
1.074000E-7	2.775666E-2
1.074500E-7	2.782861E-2
1.075000E-7	2.791083E-2
1.075500E-7	2.800333E-2
1.076000E-7	2.808384E-2
1.076500E-7	2.813180E-2
1.077000E-7	2.814550E-2
1.077500E-7	2.814036E-2
1.078000E-7	2.810097E-2
1.078500E-7	2.801703E-2
1.079000E-7	2.792453E-2
1.079500E-7	2.782689E-2
1.080000E-7	2.771898E-2
1.080500E-7	2.763676E-2
1.081000E-7	2.759393E-2
1.081500E-7	2.757680E-2
1.082000E-7	2.760421E-2
1.082500E-7	2.768472E-2
1.083000E-7	2.778578E-2
1.083500E-7	2.788856E-2
1.084000E-7	2.799648E-2
1.084500E-7	2.810268E-2
1.085000E-7	2.817805E-2
1.085500E-7	2.820032E-2
1.086000E-7	2.816777E-2
1.086500E-7	2.811296E-2
1.087000E-7	2.806499E-2
1.087500E-7	2.801361E-2
1.088000E-7	2.795536E-2
1.088500E-7	2.793995E-2
1.089000E-7	2.799134E-2
1.089500E-7	2.805985E-2
1.090000E-7	2.809240E-2
1.090500E-7	2.811124E-2
1.091000E-7	2.813180E-2
1.091500E-7	2.814893E-2
1.092000E-7	2.815921E-2
1.092500E-7	2.816606E-2
1.093000E-7	2.815921E-2
1.093500E-7	2.812666E-2
1.094000E-7	2.808212E-2
1.094500E-7	2.803073E-2
1.095000E-7	2.796736E-2
1.095500E-7	2.792453E-2
1.096000E-7	2.791254E-2
1.096500E-7	2.791768E-2
1.097000E-7	2.792796E-2
1.097500E-7	2.794509E-2
1.098000E-7	2.796736E-2
1.098500E-7	2.797249E-2
1.099000E-7	2.796393E-2
1.099500E-7	2.792967E-2
1.100000E-7	2.788513E-2
1.100500E-7	2.785430E-2
1.101000E-7	2.782689E-2
1.101500E-7	2.777551E-2
1.102000E-7	2.772754E-2
1.102500E-7	2.772240E-2
1.103000E-7	2.773611E-2
1.103500E-7	2.772754E-2
1.104000E-7	2.769500E-2
1.104500E-7	2.765902E-2
1.105000E-7	2.762134E-2
1.105500E-7	2.760250E-2
1.106000E-7	2.759907E-2
1.106500E-7	2.762134E-2
1.107000E-7	2.767102E-2
1.107500E-7	2.772412E-2
1.108000E-7	2.776523E-2
1.108500E-7	2.780120E-2
1.109000E-7	2.784231E-2
1.109500E-7	2.788000E-2
1.110000E-7	2.788000E-2
1.110500E-7	2.783717E-2
1.111000E-7	2.777893E-2
1.111500E-7	2.773268E-2
1.112000E-7	2.771213E-2
1.112500E-7	2.769500E-2
1.113000E-7	2.768814E-2
1.113500E-7	2.772926E-2
1.114000E-7	2.782175E-2
1.114500E-7	2.793652E-2
1.115000E-7	2.804101E-2
1.115500E-7	2.815921E-2
1.116000E-7	2.828596E-2
1.116500E-7	2.836990E-2
1.117000E-7	2.838360E-2
1.117500E-7	2.835791E-2
1.118000E-7	2.830823E-2
1.118500E-7	2.821573E-2
1.119000E-7	2.808897E-2
1.119500E-7	2.792624E-2
1.120000E-7	2.774638E-2
1.120500E-7	2.760078E-2
1.121000E-7	2.750828E-2
1.121500E-7	2.745004E-2
1.122000E-7	2.740551E-2
1.122500E-7	2.736268E-2
1.123000E-7	2.732157E-2
1.123500E-7	2.728560E-2
1.124000E-7	2.726333E-2
1.124500E-7	2.726162E-2
1.125000E-7	2.726333E-2
1.125500E-7	2.725819E-2
1.126000E-7	2.723079E-2
1.126500E-7	2.718968E-2
1.127000E-7	2.715713E-2
1.127500E-7	2.714514E-2
1.128000E-7	2.715199E-2
1.128500E-7	2.719995E-2
1.129000E-7	2.728731E-2
1.129500E-7	2.733699E-2
1.130000E-7	2.733870E-2
1.130500E-7	2.733356E-2
1.131000E-7	2.731472E-2
1.131500E-7	2.725648E-2
1.132000E-7	2.718454E-2
1.132500E-7	2.712287E-2
1.133000E-7	2.706120E-2
1.133500E-7	2.701667E-2
1.134000E-7	2.700468E-2
1.134500E-7	2.701667E-2
1.135000E-7	2.704065E-2
1.135500E-7	2.707833E-2
1.136000E-7	2.713144E-2
1.136500E-7	2.720167E-2
1.137000E-7	2.727190E-2
1.137500E-7	2.734898E-2
1.138000E-7	2.740722E-2
1.138500E-7	2.741921E-2
1.139000E-7	2.736954E-2
1.139500E-7	2.729074E-2
1.140000E-7	2.721537E-2
1.140500E-7	2.715884E-2
1.141000E-7	2.713144E-2
1.141500E-7	2.712287E-2
1.142000E-7	2.713315E-2
1.142500E-7	2.716741E-2
1.143000E-7	2.722051E-2
1.143500E-7	2.727532E-2
1.144000E-7	2.733356E-2
1.144500E-7	2.742778E-2
1.145000E-7	2.753569E-2
1.145500E-7	2.761791E-2
1.146000E-7	2.768129E-2
1.146500E-7	2.774638E-2
1.147000E-7	2.778236E-2
1.147500E-7	2.778921E-2
1.148000E-7	2.777722E-2
1.148500E-7	2.772240E-2
1.149000E-7	2.762305E-2
1.149500E-7	2.750143E-2
1.150000E-7	2.736097E-2
1.150500E-7	2.719481E-2
1.151000E-7	2.703722E-2
1.151500E-7	2.693102E-2
1.152000E-7	2.688648E-2
1.152500E-7	2.685565E-2
1.153000E-7	2.684023E-2
1.153500E-7	2.685394E-2
1.154000E-7	2.688648E-2
1.154500E-7	2.691903E-2
1.155000E-7	2.693445E-2
1.155500E-7	2.693616E-2
1.156000E-7	2.692417E-2
1.156500E-7	2.693102E-2
1.157000E-7	2.695329E-2
1.157500E-7	2.697384E-2
1.158000E-7	2.699611E-2
1.158500E-7	2.702009E-2
1.159000E-7	2.701496E-2
1.159500E-7	2.698584E-2
1.160000E-7	2.696699E-2
1.160500E-7	2.696699E-2
1.161000E-7	2.695671E-2
1.161500E-7	2.692588E-2
1.162000E-7	2.689334E-2
1.162500E-7	2.685908E-2
1.163000E-7	2.682824E-2
1.163500E-7	2.679570E-2
1.164000E-7	2.675630E-2
1.164500E-7	2.671348E-2
1.165000E-7	2.667579E-2
1.165500E-7	2.666380E-2
1.166000E-7	2.666209E-2
1.166500E-7	2.669806E-2
1.167000E-7	2.676144E-2
1.167500E-7	2.682996E-2
1.168000E-7	2.686764E-2
1.168500E-7	2.685394E-2
1.169000E-7	2.681283E-2
1.169500E-7	2.675973E-2
1.170000E-7	2.669977E-2
1.170500E-7	2.666037E-2
1.171000E-7	2.665524E-2
1.171500E-7	2.664838E-2
1.172000E-7	2.662098E-2
1.172500E-7	2.660385E-2
1.173000E-7	2.659186E-2
1.173500E-7	2.656102E-2
1.174000E-7	2.651306E-2
1.174500E-7	2.649764E-2
1.175000E-7	2.651820E-2
1.175500E-7	2.655075E-2
1.176000E-7	2.657644E-2
1.176500E-7	2.659528E-2
1.177000E-7	2.659186E-2
1.177500E-7	2.655931E-2
1.178000E-7	2.649079E-2
1.178500E-7	2.641028E-2
1.179000E-7	2.633149E-2
1.179500E-7	2.627153E-2
1.180000E-7	2.624927E-2
1.180500E-7	2.626640E-2
1.181000E-7	2.630751E-2
1.181500E-7	2.638288E-2
1.182000E-7	2.649251E-2
1.182500E-7	2.660899E-2
1.183000E-7	2.672375E-2
1.183500E-7	2.682482E-2
1.184000E-7	2.690704E-2
1.184500E-7	2.696357E-2
1.185000E-7	2.700639E-2
1.185500E-7	2.704921E-2
1.186000E-7	2.707491E-2
1.186500E-7	2.706806E-2
1.187000E-7	2.704065E-2
1.187500E-7	2.700982E-2
1.188000E-7	2.701153E-2
1.188500E-7	2.700296E-2
1.189000E-7	2.695158E-2
1.189500E-7	2.689676E-2
1.190000E-7	2.686593E-2
1.190500E-7	2.681968E-2
1.191000E-7	2.674945E-2
1.191500E-7	2.670491E-2
1.192000E-7	2.667237E-2
1.192500E-7	2.661926E-2
1.193000E-7	2.658672E-2
1.193500E-7	2.659186E-2
1.194000E-7	2.658500E-2
1.194500E-7	2.654218E-2
1.195000E-7	2.651306E-2
1.195500E-7	2.649251E-2
1.196000E-7	2.644968E-2
1.196500E-7	2.639315E-2
1.197000E-7	2.634862E-2
1.197500E-7	2.632464E-2
1.198000E-7	2.632464E-2
1.198500E-7	2.632464E-2
1.199000E-7	2.628524E-2
1.199500E-7	2.623385E-2
1.200000E-7	2.620473E-2
1.200500E-7	2.616019E-2
1.201000E-7	2.606084E-2
1.201500E-7	2.597519E-2
1.202000E-7	2.594779E-2
1.202500E-7	2.593922E-2
1.203000E-7	2.594094E-2
1.203500E-7	2.598376E-2
1.204000E-7	2.605742E-2
1.204500E-7	2.613792E-2
1.205000E-7	2.624241E-2
1.205500E-7	2.635890E-2
1.206000E-7	2.644626E-2
1.206500E-7	2.650792E-2
1.207000E-7	2.654732E-2
1.207500E-7	2.651306E-2
1.208000E-7	2.642741E-2
1.208500E-7	2.634348E-2
1.209000E-7	2.628010E-2
1.209500E-7	2.624413E-2
1.210000E-7	2.625441E-2
1.210500E-7	2.627496E-2
1.211000E-7	2.630922E-2
1.211500E-7	2.638459E-2
1.212000E-7	2.646681E-2
1.212500E-7	2.650450E-2
1.213000E-7	2.651991E-2
1.213500E-7	2.655417E-2
1.214000E-7	2.659014E-2
1.214500E-7	2.659528E-2
1.215000E-7	2.657644E-2
1.215500E-7	2.656616E-2
1.216000E-7	2.656102E-2
1.216500E-7	2.656788E-2
1.217000E-7	2.657473E-2
1.217500E-7	2.655246E-2
1.218000E-7	2.652676E-2
1.218500E-7	2.650278E-2
1.219000E-7	2.648565E-2
1.219500E-7	2.646339E-2
1.220000E-7	2.644283E-2
1.220500E-7	2.643084E-2
1.221000E-7	2.643084E-2
1.221500E-7	2.644283E-2
1.222000E-7	2.645825E-2
1.222500E-7	2.647538E-2
1.223000E-7	2.651135E-2
1.223500E-7	2.653533E-2
1.224000E-7	2.651477E-2
1.224500E-7	2.647709E-2
1.225000E-7	2.645311E-2
1.225500E-7	2.640686E-2
1.226000E-7	2.635033E-2
1.226500E-7	2.633663E-2
1.227000E-7	2.635718E-2
1.227500E-7	2.634862E-2
1.228000E-7	2.632635E-2
1.228500E-7	2.632121E-2
1.229000E-7	2.631436E-2
1.229500E-7	2.629038E-2
1.230000E-7	2.628524E-2
1.230500E-7	2.628181E-2
1.231000E-7	2.623728E-2
1.231500E-7	2.615848E-2
1.232000E-7	2.609339E-2
1.232500E-7	2.603857E-2
1.233000E-7	2.598376E-2
1.233500E-7	2.591695E-2
1.234000E-7	2.585186E-2
1.234500E-7	2.579362E-2
1.235000E-7	2.574737E-2
1.235500E-7	2.571140E-2
1.236000E-7	2.569941E-2
1.236500E-7	2.571140E-2
1.237000E-7	2.573196E-2
1.237500E-7	2.574395E-2
1.238000E-7	2.575594E-2
1.238500E-7	2.579705E-2
1.239000E-7	2.585186E-2
1.239500E-7	2.588098E-2
1.240000E-7	2.588098E-2
1.240500E-7	2.588441E-2
1.241000E-7	2.588441E-2
1.241500E-7	2.585186E-2
1.242000E-7	2.579020E-2
1.242500E-7	2.574566E-2
1.243000E-7	2.571483E-2
1.243500E-7	2.568742E-2
1.244000E-7	2.565145E-2
1.244500E-7	2.562061E-2
1.245000E-7	2.559492E-2
1.245500E-7	2.556751E-2
1.246000E-7	2.554867E-2
1.246500E-7	2.554696E-2
1.247000E-7	2.556751E-2
1.247500E-7	2.560691E-2
1.248000E-7	2.565830E-2
1.248500E-7	2.573367E-2
1.249000E-7	2.583473E-2
1.249500E-7	2.595807E-2
1.250000E-7	2.607797E-2
1.250500E-7	2.616704E-2
1.251000E-7	2.622700E-2
1.251500E-7	2.626811E-2
1.252000E-7	2.629894E-2
1.252500E-7	2.628353E-2
1.253000E-7	2.620473E-2
1.253500E-7	2.608140E-2
1.254000E-7	2.595293E-2
1.254500E-7	2.582788E-2
1.255000E-7	2.573196E-2
1.255500E-7	2.569084E-2
1.256000E-7	2.569427E-2
1.256500E-7	2.571483E-2
1.257000E-7	2.578163E-2
1.257500E-7	2.590325E-2
1.258000E-7	2.604371E-2
1.258500E-7	2.616362E-2
1.259000E-7	2.625954E-2
1.259500E-7	2.631950E-2
1.260000E-7	2.630237E-2
1.260500E-7	2.623899E-2
1.261000E-7	2.616704E-2
1.261500E-7	2.607797E-2
1.262000E-7	2.595978E-2
1.262500E-7	2.583131E-2
1.263000E-7	2.573196E-2
1.263500E-7	2.569598E-2
1.264000E-7	2.571311E-2
1.264500E-7	2.575251E-2
1.265000E-7	2.577478E-2
1.265500E-7	2.579705E-2
1.266000E-7	2.583816E-2
1.266500E-7	2.590154E-2
1.267000E-7	2.594607E-2
1.267500E-7	2.594779E-2
1.268000E-7	2.594436E-2
1.268500E-7	2.594436E-2
1.269000E-7	2.589811E-2
1.269500E-7	2.580219E-2
1.270000E-7	2.573367E-2
1.270500E-7	2.570969E-2
1.271000E-7	2.568228E-2
1.271500E-7	2.566515E-2
1.272000E-7	2.569941E-2
1.272500E-7	2.576450E-2
1.273000E-7	2.583987E-2
1.273500E-7	2.593922E-2
1.274000E-7	2.605399E-2
1.274500E-7	2.613450E-2
1.275000E-7	2.618760E-2
1.275500E-7	2.621158E-2
1.276000E-7	2.616019E-2
1.276500E-7	2.603857E-2
1.277000E-7	2.589811E-2
1.277500E-7	2.574223E-2
1.278000E-7	2.557950E-2
1.278500E-7	2.541506E-2
1.279000E-7	2.526775E-2
1.279500E-7	2.515983E-2
1.280000E-7	2.508960E-2
1.280500E-7	2.503136E-2
1.281000E-7	2.501423E-2
1.281500E-7	2.507247E-2
1.282000E-7	2.518552E-2
1.282500E-7	2.530201E-2
1.283000E-7	2.541506E-2
1.283500E-7	2.554182E-2
1.284000E-7	2.563946E-2
1.284500E-7	2.569427E-2
1.285000E-7	2.571996E-2
1.285500E-7	2.570797E-2
1.286000E-7	2.564460E-2
1.286500E-7	2.557436E-2
1.287000E-7	2.551441E-2
1.287500E-7	2.545617E-2
1.288000E-7	2.540821E-2
1.288500E-7	2.537566E-2
1.289000E-7	2.536367E-2
1.289500E-7	2.538937E-2
1.290000E-7	2.544932E-2
1.290500E-7	2.550927E-2
1.291000E-7	2.553668E-2
1.291500E-7	2.554353E-2
1.292000E-7	2.554867E-2
1.292500E-7	2.552640E-2
1.293000E-7	2.547844E-2
1.293500E-7	2.543390E-2
1.294000E-7	2.541335E-2
1.294500E-7	2.541335E-2
1.295000E-7	2.541849E-2
1.295500E-7	2.541163E-2
1.296000E-7	2.540478E-2
1.296500E-7	2.542020E-2
1.297000E-7	2.546302E-2
1.297500E-7	2.549899E-2
1.298000E-7	2.552298E-2
1.298500E-7	2.552469E-2
1.299000E-7	2.549043E-2
1.299500E-7	2.543048E-2
1.300000E-7	2.536196E-2
1.300500E-7	2.530714E-2
1.301000E-7	2.528316E-2
1.301500E-7	2.528316E-2
1.302000E-7	2.528145E-2
1.302500E-7	2.530886E-2
1.303000E-7	2.539450E-2
1.303500E-7	2.552126E-2
1.304000E-7	2.563432E-2
1.304500E-7	2.572853E-2
1.305000E-7	2.578677E-2
1.305500E-7	2.579533E-2
1.306000E-7	2.577478E-2
1.306500E-7	2.573709E-2
1.307000E-7	2.567543E-2
1.307500E-7	2.561034E-2
1.308000E-7	2.555895E-2
1.308500E-7	2.549557E-2
1.309000E-7	2.542876E-2
1.309500E-7	2.539793E-2
1.310000E-7	2.538251E-2
1.310500E-7	2.535511E-2
1.311000E-7	2.533969E-2
1.311500E-7	2.532427E-2
1.312000E-7	2.526775E-2
1.312500E-7	2.522150E-2
1.313000E-7	2.520608E-2
1.313500E-7	2.514784E-2
1.314000E-7	2.502965E-2
1.314500E-7	2.493886E-2
1.315000E-7	2.489775E-2
1.315500E-7	2.487719E-2
1.316000E-7	2.486520E-2
1.316500E-7	2.486006E-2
1.317000E-7	2.485321E-2
1.317500E-7	2.487891E-2
1.318000E-7	2.494742E-2
1.318500E-7	2.500224E-2
1.319000E-7	2.502793E-2
1.319500E-7	2.506219E-2
1.320000E-7	2.512900E-2
1.320500E-7	2.520437E-2
1.321000E-7	2.529687E-2
1.321500E-7	2.539279E-2
1.322000E-7	2.546131E-2
1.322500E-7	2.548529E-2
1.323000E-7	2.547844E-2
1.323500E-7	2.543733E-2
1.324000E-7	2.538423E-2
1.324500E-7	2.535168E-2
1.325000E-7	2.533626E-2
1.325500E-7	2.530714E-2
1.326000E-7	2.527631E-2
1.326500E-7	2.524890E-2
1.327000E-7	2.521464E-2
1.327500E-7	2.518724E-2
1.328000E-7	2.516326E-2
1.328500E-7	2.513756E-2
1.329000E-7	2.511872E-2
1.329500E-7	2.513071E-2
1.330000E-7	2.514784E-2
1.330500E-7	2.515127E-2
1.331000E-7	2.516497E-2
1.331500E-7	2.516154E-2
1.332000E-7	2.514099E-2
1.332500E-7	2.513585E-2
1.333000E-7	2.515298E-2
1.333500E-7	2.514955E-2
1.334000E-7	2.514099E-2
1.334500E-7	2.515983E-2
1.335000E-7	2.519409E-2
1.335500E-7	2.523863E-2
1.336000E-7	2.532770E-2
1.336500E-7	2.542705E-2
1.337000E-7	2.550585E-2
1.337500E-7	2.557436E-2
1.338000E-7	2.563946E-2
1.338500E-7	2.568057E-2
1.339000E-7	2.567543E-2
1.339500E-7	2.566344E-2
1.340000E-7	2.566172E-2
1.340500E-7	2.564288E-2
1.341000E-7	2.558807E-2
1.341500E-7	2.551099E-2
1.342000E-7	2.542534E-2
1.342500E-7	2.535339E-2
1.343000E-7	2.530714E-2
1.343500E-7	2.528316E-2
1.344000E-7	2.526946E-2
1.344500E-7	2.527974E-2
1.345000E-7	2.530886E-2
1.345500E-7	2.532941E-2
1.346000E-7	2.534312E-2
1.346500E-7	2.536025E-2
1.347000E-7	2.538765E-2
1.347500E-7	2.540650E-2
1.348000E-7	2.542191E-2
1.348500E-7	2.542191E-2
1.349000E-7	2.537224E-2
1.349500E-7	2.531571E-2
1.350000E-7	2.528145E-2
1.350500E-7	2.525233E-2
1.351000E-7	2.522321E-2
1.351500E-7	2.520779E-2
1.352000E-7	2.519066E-2
1.352500E-7	2.516497E-2
1.353000E-7	2.513927E-2
1.353500E-7	2.510159E-2
1.354000E-7	2.503992E-2
1.354500E-7	2.499710E-2
1.355000E-7	2.499710E-2
1.355500E-7	2.500053E-2
1.356000E-7	2.497997E-2
1.356500E-7	2.497483E-2
1.357000E-7	2.499196E-2
1.357500E-7	2.499710E-2
1.358000E-7	2.498511E-2
1.358500E-7	2.498854E-2
1.359000E-7	2.502622E-2
1.359500E-7	2.507076E-2
1.360000E-7	2.510673E-2
1.360500E-7	2.512900E-2
1.361000E-7	2.515812E-2
1.361500E-7	2.517011E-2
1.362000E-7	2.515640E-2
1.362500E-7	2.513242E-2
1.363000E-7	2.510330E-2
1.363500E-7	2.505020E-2
1.364000E-7	2.496113E-2
1.364500E-7	2.488576E-2
1.365000E-7	2.484979E-2
1.365500E-7	2.482923E-2
1.366000E-7	2.480354E-2
1.366500E-7	2.479497E-2
1.367000E-7	2.479840E-2
1.367500E-7	2.478298E-2
1.368000E-7	2.479668E-2
1.368500E-7	2.484807E-2
1.369000E-7	2.488747E-2
1.369500E-7	2.488576E-2
1.370000E-7	2.486178E-2
1.370500E-7	2.481895E-2
1.371000E-7	2.475557E-2
1.371500E-7	2.468363E-2
1.372000E-7	2.462196E-2
1.372500E-7	2.459970E-2
1.373000E-7	2.461511E-2
1.373500E-7	2.464766E-2
1.374000E-7	2.468877E-2
1.374500E-7	2.472645E-2
1.375000E-7	2.474701E-2
1.375500E-7	2.473159E-2
1.376000E-7	2.469391E-2
1.376500E-7	2.463738E-2
1.377000E-7	2.454317E-2
1.377500E-7	2.445923E-2
1.378000E-7	2.438044E-2
1.378500E-7	2.426567E-2
1.379000E-7	2.413720E-2
1.379500E-7	2.405669E-2
1.380000E-7	2.401387E-2
1.380500E-7	2.399331E-2
1.381000E-7	2.400188E-2
1.381500E-7	2.405326E-2
1.382000E-7	2.412178E-2
1.382500E-7	2.418859E-2
1.383000E-7	2.426910E-2
1.383500E-7	2.432734E-2
1.384000E-7	2.436160E-2
1.384500E-7	2.440442E-2
1.385000E-7	2.444553E-2
1.385500E-7	2.445238E-2
1.386000E-7	2.443525E-2
1.386500E-7	2.442326E-2
1.387000E-7	2.439585E-2
1.387500E-7	2.433933E-2
1.388000E-7	2.427937E-2
1.388500E-7	2.424854E-2
1.389000E-7	2.425025E-2
1.389500E-7	2.427081E-2
1.390000E-7	2.429308E-2
1.390500E-7	2.434618E-2
1.391000E-7	2.443697E-2
1.391500E-7	2.453460E-2
1.392000E-7	2.461683E-2
1.392500E-7	2.469562E-2
1.393000E-7	2.476243E-2
1.393500E-7	2.477613E-2
1.394000E-7	2.476585E-2
1.394500E-7	2.478812E-2
1.395000E-7	2.481553E-2
1.395500E-7	2.480868E-2
1.396000E-7	2.478812E-2
1.396500E-7	2.475729E-2
1.397000E-7	2.471275E-2
1.397500E-7	2.468706E-2
1.398000E-7	2.467849E-2
1.398500E-7	2.464081E-2
1.399000E-7	2.457229E-2
1.399500E-7	2.452090E-2
1.400000E-7	2.446780E-2
1.400500E-7	2.438900E-2
1.401000E-7	2.431021E-2
1.401500E-7	2.422799E-2
1.402000E-7	2.413377E-2
1.402500E-7	2.406354E-2
1.403000E-7	2.404299E-2
1.403500E-7	2.404813E-2
1.404000E-7	2.406354E-2
1.404500E-7	2.410294E-2
1.405000E-7	2.414748E-2
1.405500E-7	2.417660E-2
1.406000E-7	2.419544E-2
1.406500E-7	2.420400E-2
1.407000E-7	2.418859E-2
1.407500E-7	2.415090E-2
1.408000E-7	2.410637E-2
1.408500E-7	2.407211E-2
1.409000E-7	2.405840E-2
1.409500E-7	2.405840E-2
1.410000E-7	2.406697E-2
1.410500E-7	2.408238E-2
1.411000E-7	2.412521E-2
1.411500E-7	2.420914E-2
1.412000E-7	2.432220E-2
1.412500E-7	2.443011E-2
1.413000E-7	2.450377E-2
1.413500E-7	2.455516E-2
1.414000E-7	2.458599E-2
1.414500E-7	2.458085E-2
1.415000E-7	2.453803E-2
1.415500E-7	2.448664E-2
1.416000E-7	2.443525E-2
1.416500E-7	2.440785E-2
1.417000E-7	2.443011E-2
1.417500E-7	2.446609E-2
1.418000E-7	2.444382E-2
1.418500E-7	2.438044E-2
1.419000E-7	2.431535E-2
1.419500E-7	2.424511E-2
1.420000E-7	2.417317E-2
1.420500E-7	2.412007E-2
1.421000E-7	2.407725E-2
1.421500E-7	2.401044E-2
1.422000E-7	2.394535E-2
1.422500E-7	2.392993E-2
1.423000E-7	2.394877E-2
1.423500E-7	2.395391E-2
1.424000E-7	2.396248E-2
1.424500E-7	2.397961E-2
1.425000E-7	2.398132E-2
1.425500E-7	2.398132E-2
1.426000E-7	2.399845E-2
1.426500E-7	2.401044E-2
1.427000E-7	2.399502E-2
1.427500E-7	2.396590E-2
1.428000E-7	2.392651E-2
1.428500E-7	2.389053E-2
1.429000E-7	2.384942E-2
1.429500E-7	2.381174E-2
1.430000E-7	2.380660E-2
1.430500E-7	2.385799E-2
1.431000E-7	2.392651E-2
1.431500E-7	2.398303E-2
1.432000E-7	2.403442E-2
1.432500E-7	2.409609E-2
1.433000E-7	2.414576E-2
1.433500E-7	2.416289E-2
1.434000E-7	2.414748E-2
1.434500E-7	2.411836E-2
1.435000E-7	2.408410E-2
1.435500E-7	2.402586E-2
1.436000E-7	2.394021E-2
1.436500E-7	2.384600E-2
1.437000E-7	2.374836E-2
1.437500E-7	2.363873E-2
1.438000E-7	2.354794E-2
1.438500E-7	2.352739E-2
1.439000E-7	2.357878E-2
1.439500E-7	2.366785E-2
1.440000E-7	2.380317E-2
1.440500E-7	2.396933E-2
1.441000E-7	2.412692E-2
1.441500E-7	2.424854E-2
1.442000E-7	2.433933E-2
1.442500E-7	2.439585E-2
1.443000E-7	2.439414E-2
1.443500E-7	2.433590E-2
1.444000E-7	2.421942E-2
1.444500E-7	2.407039E-2
1.445000E-7	2.391452E-2
1.445500E-7	2.374836E-2
1.446000E-7	2.358906E-2
1.446500E-7	2.346572E-2
1.447000E-7	2.340234E-2
1.447500E-7	2.338008E-2
1.448000E-7	2.338350E-2
1.448500E-7	2.344003E-2
1.449000E-7	2.355822E-2
1.449500E-7	2.368327E-2
1.450000E-7	2.378262E-2
1.450500E-7	2.387512E-2
1.451000E-7	2.397276E-2
1.451500E-7	2.404984E-2
1.452000E-7	2.411664E-2
1.452500E-7	2.417660E-2
1.453000E-7	2.420400E-2
1.453500E-7	2.418516E-2
1.454000E-7	2.414919E-2
1.454500E-7	2.412863E-2
1.455000E-7	2.413549E-2
1.455500E-7	2.415604E-2
1.456000E-7	2.418002E-2
1.456500E-7	2.421086E-2
1.457000E-7	2.424340E-2
1.457500E-7	2.427081E-2
1.458000E-7	2.430336E-2
1.458500E-7	2.431706E-2
1.459000E-7	2.428280E-2
1.459500E-7	2.422456E-2
1.460000E-7	2.416632E-2
1.460500E-7	2.407896E-2
1.461000E-7	2.395734E-2
1.461500E-7	2.384600E-2
1.462000E-7	2.376378E-2
1.462500E-7	2.370211E-2
1.463000E-7	2.366785E-2
1.463500E-7	2.367813E-2
1.464000E-7	2.372438E-2
1.464500E-7	2.378262E-2
1.465000E-7	2.382716E-2
1.465500E-7	2.385628E-2
1.466000E-7	2.387683E-2
1.466500E-7	2.389739E-2
1.467000E-7	2.388368E-2
1.467500E-7	2.383401E-2
1.468000E-7	2.378947E-2
1.468500E-7	2.374836E-2
1.469000E-7	2.370211E-2
1.469500E-7	2.366956E-2
1.470000E-7	2.365929E-2
1.470500E-7	2.366956E-2
1.471000E-7	2.370725E-2
1.471500E-7	2.378776E-2
1.472000E-7	2.388540E-2
1.472500E-7	2.397104E-2
1.473000E-7	2.404813E-2
1.473500E-7	2.410979E-2
1.474000E-7	2.413035E-2
1.474500E-7	2.409780E-2
1.475000E-7	2.402414E-2
1.475500E-7	2.391623E-2
1.476000E-7	2.377234E-2
1.476500E-7	2.361989E-2
1.477000E-7	2.350855E-2
1.477500E-7	2.345373E-2
1.478000E-7	2.344174E-2
1.478500E-7	2.347943E-2
1.479000E-7	2.356336E-2
1.479500E-7	2.365757E-2
1.480000E-7	2.375179E-2
1.480500E-7	2.384428E-2
1.481000E-7	2.390938E-2
1.481500E-7	2.392993E-2
1.482000E-7	2.391280E-2
1.482500E-7	2.387512E-2
1.483000E-7	2.380660E-2
1.483500E-7	2.372267E-2
1.484000E-7	2.365586E-2
1.484500E-7	2.361646E-2
1.485000E-7	2.359248E-2
1.485500E-7	2.358049E-2
1.486000E-7	2.359591E-2
1.486500E-7	2.361475E-2
1.487000E-7	2.361304E-2
1.487500E-7	2.357193E-2
1.488000E-7	2.352739E-2
1.488500E-7	2.350169E-2
1.489000E-7	2.348799E-2
1.489500E-7	2.345887E-2
1.490000E-7	2.343489E-2
1.490500E-7	2.341605E-2
1.491000E-7	2.338350E-2
1.491500E-7	2.333554E-2
1.492000E-7	2.330471E-2
1.492500E-7	2.328072E-2
1.493000E-7	2.325332E-2
1.493500E-7	2.324133E-2
1.494000E-7	2.324818E-2
1.494500E-7	2.322934E-2
1.495000E-7	2.320707E-2
1.495500E-7	2.324133E-2
1.496000E-7	2.329443E-2
1.496500E-7	2.328072E-2
1.497000E-7	2.323961E-2
1.497500E-7	2.323276E-2
1.498000E-7	2.324133E-2
1.498500E-7	2.323790E-2
1.499000E-7	2.326702E-2
1.499500E-7	2.333040E-2
1.500000E-7	2.339035E-2
1.500500E-7	2.345373E-2
1.501000E-7	2.352054E-2
1.501500E-7	2.357193E-2
1.502000E-7	2.360961E-2
1.502500E-7	2.362845E-2
1.503000E-7	2.360447E-2
1.503500E-7	2.357535E-2
1.504000E-7	2.353595E-2
1.504500E-7	2.348114E-2
1.505000E-7	2.341947E-2
1.505500E-7	2.335781E-2
1.506000E-7	2.329443E-2
1.506500E-7	2.325160E-2
1.507000E-7	2.324818E-2
1.507500E-7	2.324818E-2
1.508000E-7	2.324304E-2
1.508500E-7	2.325846E-2
1.509000E-7	2.328758E-2
1.509500E-7	2.331327E-2
1.510000E-7	2.332526E-2
1.510500E-7	2.333554E-2
1.511000E-7	2.333211E-2
1.511500E-7	2.332526E-2
1.512000E-7	2.332697E-2
1.512500E-7	2.331841E-2
1.513000E-7	2.332012E-2
1.513500E-7	2.335781E-2
1.514000E-7	2.342119E-2
1.514500E-7	2.348285E-2
1.515000E-7	2.354281E-2
1.515500E-7	2.358906E-2
1.516000E-7	2.359591E-2
1.516500E-7	2.358563E-2
1.517000E-7	2.355993E-2
1.517500E-7	2.351026E-2
1.518000E-7	2.345545E-2
1.518500E-7	2.339549E-2
1.519000E-7	2.330128E-2
1.519500E-7	2.321221E-2
1.520000E-7	2.317452E-2
1.520500E-7	2.318994E-2
1.521000E-7	2.322934E-2
1.521500E-7	2.328072E-2
1.522000E-7	2.334753E-2
1.522500E-7	2.341091E-2
1.523000E-7	2.348970E-2
1.523500E-7	2.355993E-2
1.524000E-7	2.359419E-2
1.524500E-7	2.360618E-2
1.525000E-7	2.360276E-2
1.525500E-7	2.355993E-2
1.526000E-7	2.347771E-2
1.526500E-7	2.340748E-2
1.527000E-7	2.336637E-2
1.527500E-7	2.333383E-2
1.528000E-7	2.329271E-2
1.528500E-7	2.326188E-2
1.529000E-7	2.323790E-2
1.529500E-7	2.321734E-2
1.530000E-7	2.320878E-2
1.530500E-7	2.320535E-2
1.531000E-7	2.319336E-2
1.531500E-7	2.316424E-2
1.532000E-7	2.311114E-2
1.532500E-7	2.303920E-2
1.533000E-7	2.296212E-2
1.533500E-7	2.288846E-2
1.534000E-7	2.284563E-2
1.534500E-7	2.281651E-2
1.535000E-7	2.278226E-2
1.535500E-7	2.275142E-2
1.536000E-7	2.276170E-2
1.536500E-7	2.283707E-2
1.537000E-7	2.293985E-2
1.537500E-7	2.303920E-2
1.538000E-7	2.313512E-2
1.538500E-7	2.323447E-2
1.539000E-7	2.335438E-2
1.539500E-7	2.346401E-2
1.540000E-7	2.354623E-2
1.540500E-7	2.358049E-2
1.541000E-7	2.362503E-2
1.541500E-7	2.367299E-2
1.542000E-7	2.367984E-2
1.542500E-7	2.363873E-2
1.543000E-7	2.361304E-2
1.543500E-7	2.358906E-2
1.544000E-7	2.355993E-2
1.544500E-7	2.356165E-2
1.545000E-7	2.358392E-2
1.545500E-7	2.357706E-2
1.546000E-7	2.354281E-2
1.546500E-7	2.352739E-2
1.547000E-7	2.349484E-2
1.547500E-7	2.341947E-2
1.548000E-7	2.334582E-2
1.548500E-7	2.328586E-2
1.549000E-7	2.321221E-2
1.549500E-7	2.315568E-2
1.550000E-7	2.313684E-2
1.550500E-7	2.311971E-2
1.551000E-7	2.308545E-2
1.551500E-7	2.305119E-2
1.552000E-7	2.303577E-2
1.552500E-7	2.301693E-2
1.553000E-7	2.299980E-2
1.553500E-7	2.299809E-2
1.554000E-7	2.302207E-2
1.554500E-7	2.304262E-2
1.555000E-7	2.303920E-2
1.555500E-7	2.304605E-2
1.556000E-7	2.309915E-2
1.556500E-7	2.316596E-2
1.557000E-7	2.319850E-2
1.557500E-7	2.319165E-2
1.558000E-7	2.318651E-2
1.558500E-7	2.320022E-2
1.559000E-7	2.320707E-2
1.559500E-7	2.317623E-2
1.560000E-7	2.310943E-2
1.560500E-7	2.303235E-2
1.561000E-7	2.294327E-2
1.561500E-7	2.282679E-2
1.562000E-7	2.270860E-2
1.562500E-7	2.262466E-2
1.563000E-7	2.255272E-2
1.563500E-7	2.245166E-2
1.564000E-7	2.234545E-2
1.564500E-7	2.228379E-2
1.565000E-7	2.226837E-2
1.565500E-7	2.226323E-2
1.566000E-7	2.228379E-2
1.566500E-7	2.236087E-2
1.567000E-7	2.248420E-2
1.567500E-7	2.260411E-2
1.568000E-7	2.272059E-2
1.568500E-7	2.283707E-2
1.569000E-7	2.293985E-2
1.569500E-7	2.300665E-2
1.570000E-7	2.303406E-2
1.570500E-7	2.303749E-2
1.571000E-7	2.303063E-2
1.571500E-7	2.300323E-2
1.572000E-7	2.294841E-2
1.572500E-7	2.289360E-2
1.573000E-7	2.286619E-2
1.573500E-7	2.287133E-2
1.574000E-7	2.289702E-2
1.574500E-7	2.292272E-2
1.575000E-7	2.292272E-2
1.575500E-7	2.290901E-2
1.576000E-7	2.288675E-2
1.576500E-7	2.284906E-2
1.577000E-7	2.279253E-2
1.577500E-7	2.276170E-2
1.578000E-7	2.277198E-2
1.578500E-7	2.276684E-2
1.579000E-7	2.276170E-2
1.579500E-7	2.280452E-2
1.580000E-7	2.289017E-2
1.580500E-7	2.295355E-2
1.581000E-7	2.299980E-2
1.581500E-7	2.304605E-2
1.582000E-7	2.306147E-2
1.582500E-7	2.304605E-2
1.583000E-7	2.302549E-2
1.583500E-7	2.299466E-2
1.584000E-7	2.293985E-2
1.584500E-7	2.288161E-2
1.585000E-7	2.286448E-2
1.585500E-7	2.287133E-2
1.586000E-7	2.289702E-2
1.586500E-7	2.294327E-2
1.587000E-7	2.300323E-2
1.587500E-7	2.303749E-2
1.588000E-7	2.302549E-2
1.588500E-7	2.296040E-2
1.589000E-7	2.286276E-2
1.589500E-7	2.274971E-2
1.590000E-7	2.265550E-2
1.590500E-7	2.258355E-2
1.591000E-7	2.252703E-2
1.591500E-7	2.249619E-2
1.592000E-7	2.249791E-2
1.592500E-7	2.252360E-2
1.593000E-7	2.257156E-2
1.593500E-7	2.265550E-2
1.594000E-7	2.275827E-2
1.594500E-7	2.284563E-2
1.595000E-7	2.292272E-2
1.595500E-7	2.299980E-2
1.596000E-7	2.305290E-2
1.596500E-7	2.307517E-2
1.597000E-7	2.310086E-2
1.597500E-7	2.311114E-2
1.598000E-7	2.307860E-2
1.598500E-7	2.301179E-2
1.599000E-7	2.293300E-2
1.599500E-7	2.285249E-2
1.600000E-7	2.276170E-2
1.600500E-7	2.268633E-2
1.601000E-7	2.264865E-2
1.601500E-7	2.264008E-2
1.602000E-7	2.264522E-2
1.602500E-7	2.267091E-2
1.603000E-7	2.272573E-2
1.603500E-7	2.278739E-2
1.604000E-7	2.284392E-2
1.604500E-7	2.289188E-2
1.605000E-7	2.289874E-2
1.605500E-7	2.287647E-2
1.606000E-7	2.285420E-2
1.606500E-7	2.283193E-2
1.607000E-7	2.278397E-2
1.607500E-7	2.272915E-2
1.608000E-7	2.269318E-2
1.608500E-7	2.266920E-2
1.609000E-7	2.266064E-2
1.609500E-7	2.267434E-2
1.610000E-7	2.270860E-2
1.610500E-7	2.274114E-2
1.611000E-7	2.276513E-2
1.611500E-7	2.275485E-2
1.612000E-7	2.272744E-2
1.612500E-7	2.272059E-2
1.613000E-7	2.271031E-2
1.613500E-7	2.268119E-2
1.614000E-7	2.268119E-2
1.614500E-7	2.272744E-2
1.615000E-7	2.275314E-2
1.615500E-7	2.274971E-2
1.616000E-7	2.275656E-2
1.616500E-7	2.276513E-2
1.617000E-7	2.273429E-2
1.617500E-7	2.268462E-2
1.618000E-7	2.263837E-2
1.618500E-7	2.257499E-2
1.619000E-7	2.250304E-2
1.619500E-7	2.243624E-2
1.620000E-7	2.235573E-2
1.620500E-7	2.226323E-2
1.621000E-7	2.219129E-2
1.621500E-7	2.214504E-2
1.622000E-7	2.209708E-2
1.622500E-7	2.207995E-2
1.623000E-7	2.211249E-2
1.623500E-7	2.217930E-2
1.624000E-7	2.226666E-2
1.624500E-7	2.238828E-2
1.625000E-7	2.252703E-2
1.625500E-7	2.266749E-2
1.626000E-7	2.281480E-2
1.626500E-7	2.295526E-2
1.627000E-7	2.303577E-2
1.627500E-7	2.304776E-2
1.628000E-7	2.303577E-2
1.628500E-7	2.299809E-2
1.629000E-7	2.292272E-2
1.629500E-7	2.283193E-2
1.630000E-7	2.274800E-2
1.630500E-7	2.265892E-2
1.631000E-7	2.258869E-2
1.631500E-7	2.253045E-2
1.632000E-7	2.247392E-2
1.632500E-7	2.243624E-2
1.633000E-7	2.245680E-2
1.633500E-7	2.249791E-2
1.634000E-7	2.251675E-2
1.634500E-7	2.251504E-2
1.635000E-7	2.250990E-2
1.635500E-7	2.248420E-2
1.636000E-7	2.243624E-2
1.636500E-7	2.239684E-2
1.637000E-7	2.237971E-2
1.637500E-7	2.238999E-2
1.638000E-7	2.242082E-2
1.638500E-7	2.247221E-2
1.639000E-7	2.252360E-2
1.639500E-7	2.255615E-2
1.640000E-7	2.256642E-2
1.640500E-7	2.256129E-2
1.641000E-7	2.252531E-2
1.641500E-7	2.245851E-2
1.642000E-7	2.239855E-2
1.642500E-7	2.234203E-2
1.643000E-7	2.226837E-2
1.643500E-7	2.218615E-2
1.644000E-7	2.213819E-2
1.644500E-7	2.213476E-2
1.645000E-7	2.216045E-2
1.645500E-7	2.219300E-2
1.646000E-7	2.222555E-2
1.646500E-7	2.226152E-2
1.647000E-7	2.231291E-2
1.647500E-7	2.235059E-2
1.648000E-7	2.236258E-2
1.648500E-7	2.236430E-2
1.649000E-7	2.236087E-2
1.649500E-7	2.233689E-2
1.650000E-7	2.227351E-2
1.650500E-7	2.219643E-2
1.651000E-7	2.212106E-2
1.651500E-7	2.206624E-2
1.652000E-7	2.205425E-2
1.652500E-7	2.208680E-2
1.653000E-7	2.216045E-2
1.653500E-7	2.228036E-2
1.654000E-7	2.242082E-2
1.654500E-7	2.254758E-2
1.655000E-7	2.263837E-2
1.655500E-7	2.268119E-2
1.656000E-7	2.266406E-2
1.656500E-7	2.257328E-2
1.657000E-7	2.242939E-2
1.657500E-7	2.227180E-2
1.658000E-7	2.214161E-2
1.658500E-7	2.202856E-2
1.659000E-7	2.193263E-2
1.659500E-7	2.184698E-2
1.660000E-7	2.178361E-2
1.660500E-7	2.174935E-2
1.661000E-7	2.173907E-2
1.661500E-7	2.177162E-2
1.662000E-7	2.185041E-2
1.662500E-7	2.195319E-2
1.663000E-7	2.203541E-2
1.663500E-7	2.209708E-2
1.664000E-7	2.214333E-2
1.664500E-7	2.216217E-2
1.665000E-7	2.215360E-2
1.665500E-7	2.213133E-2
1.666000E-7	2.212791E-2
1.666500E-7	2.213990E-2
1.667000E-7	2.215018E-2
1.667500E-7	2.216045E-2
1.668000E-7	2.219300E-2
1.668500E-7	2.225124E-2
1.669000E-7	2.229064E-2
1.669500E-7	2.230263E-2
1.670000E-7	2.233860E-2
1.670500E-7	2.237629E-2
1.671000E-7	2.236430E-2
1.671500E-7	2.232319E-2
1.672000E-7	2.229749E-2
1.672500E-7	2.225809E-2
1.673000E-7	2.217073E-2
1.673500E-7	2.207481E-2
1.674000E-7	2.199259E-2
1.674500E-7	2.190180E-2
1.675000E-7	2.179217E-2
1.675500E-7	2.168939E-2
1.676000E-7	2.162773E-2
1.676500E-7	2.159689E-2
1.677000E-7	2.156777E-2
1.677500E-7	2.154379E-2
1.678000E-7	2.156777E-2
1.678500E-7	2.164486E-2
1.679000E-7	2.172365E-2
1.679500E-7	2.178874E-2
1.680000E-7	2.184185E-2
1.680500E-7	2.189152E-2
1.681000E-7	2.192921E-2
1.681500E-7	2.193435E-2
1.682000E-7	2.190523E-2
1.682500E-7	2.185555E-2
1.683000E-7	2.179731E-2
1.683500E-7	2.172194E-2
1.684000E-7	2.162430E-2
1.684500E-7	2.153523E-2
1.685000E-7	2.150268E-2
1.685500E-7	2.150439E-2
1.686000E-7	2.150097E-2
1.686500E-7	2.149069E-2
1.687000E-7	2.148384E-2
1.687500E-7	2.147185E-2
1.688000E-7	2.145472E-2
1.688500E-7	2.143930E-2
1.689000E-7	2.143074E-2
1.689500E-7	2.144444E-2
1.690000E-7	2.151296E-2
1.690500E-7	2.161916E-2
1.691000E-7	2.173222E-2
1.691500E-7	2.185041E-2
1.692000E-7	2.198573E-2
1.692500E-7	2.212962E-2
1.693000E-7	2.224268E-2
1.693500E-7	2.230434E-2
1.694000E-7	2.231119E-2
1.694500E-7	2.229235E-2
1.695000E-7	2.226323E-2
1.695500E-7	2.219985E-2
1.696000E-7	2.212277E-2
1.696500E-7	2.204055E-2
1.697000E-7	2.196347E-2
1.697500E-7	2.189495E-2
1.698000E-7	2.183499E-2
1.698500E-7	2.176134E-2
1.699000E-7	2.166027E-2
1.699500E-7	2.156949E-2
1.700000E-7	2.151296E-2
1.700500E-7	2.148041E-2
1.701000E-7	2.148213E-2
1.701500E-7	2.153180E-2
1.702000E-7	2.161060E-2
1.702500E-7	2.169282E-2
1.703000E-7	2.179731E-2
1.703500E-7	2.193606E-2
1.704000E-7	2.205939E-2
1.704500E-7	2.214504E-2
1.705000E-7	2.221013E-2
1.705500E-7	2.225809E-2
1.706000E-7	2.224096E-2
1.706500E-7	2.216559E-2
1.707000E-7	2.205425E-2
1.707500E-7	2.192578E-2
1.708000E-7	2.180759E-2
1.708500E-7	2.173393E-2
1.709000E-7	2.171166E-2
1.709500E-7	2.172023E-2
1.710000E-7	2.175106E-2
1.710500E-7	2.180245E-2
1.711000E-7	2.186069E-2
1.711500E-7	2.192407E-2
1.712000E-7	2.198745E-2
1.712500E-7	2.204397E-2
1.713000E-7	2.206110E-2
1.713500E-7	2.203198E-2
1.714000E-7	2.195661E-2
1.714500E-7	2.185212E-2
1.715000E-7	2.174592E-2
1.715500E-7	2.162773E-2
1.716000E-7	2.148727E-2
1.716500E-7	2.135879E-2
1.717000E-7	2.123889E-2
1.717500E-7	2.110014E-2
1.718000E-7	2.098880E-2
1.718500E-7	2.095111E-2
1.719000E-7	2.093570E-2
1.719500E-7	2.088602E-2
1.720000E-7	2.085690E-2
1.720500E-7	2.088602E-2
1.721000E-7	2.093741E-2
1.721500E-7	2.099565E-2
1.722000E-7	2.107444E-2
1.722500E-7	2.117380E-2
1.723000E-7	2.128000E-2
1.723500E-7	2.137935E-2
1.724000E-7	2.146842E-2
1.724500E-7	2.154551E-2
1.725000E-7	2.161402E-2
1.725500E-7	2.166541E-2
1.726000E-7	2.169111E-2
1.726500E-7	2.169453E-2
1.727000E-7	2.168597E-2
1.727500E-7	2.165513E-2
1.728000E-7	2.162259E-2
1.728500E-7	2.158833E-2
1.729000E-7	2.155750E-2
1.729500E-7	2.153523E-2
1.730000E-7	2.151981E-2
1.730500E-7	2.150611E-2
1.731000E-7	2.150782E-2
1.731500E-7	2.152152E-2
1.732000E-7	2.155064E-2
1.732500E-7	2.160888E-2
1.733000E-7	2.170652E-2
1.733500E-7	2.178703E-2
1.734000E-7	2.185041E-2
1.734500E-7	2.193263E-2
1.735000E-7	2.201999E-2
1.735500E-7	2.207138E-2
1.736000E-7	2.207652E-2
1.736500E-7	2.205768E-2
1.737000E-7	2.199259E-2
1.737500E-7	2.189495E-2
1.738000E-7	2.177333E-2
1.738500E-7	2.161402E-2
1.739000E-7	2.142217E-2
1.739500E-7	2.123204E-2
1.740000E-7	2.106588E-2
1.740500E-7	2.090829E-2
1.741000E-7	2.078153E-2
1.741500E-7	2.071644E-2
1.742000E-7	2.072329E-2
1.742500E-7	2.077125E-2
1.743000E-7	2.085690E-2
1.743500E-7	2.098708E-2
1.744000E-7	2.113440E-2
1.744500E-7	2.126801E-2
1.745000E-7	2.137078E-2
1.745500E-7	2.142903E-2
1.746000E-7	2.144444E-2
1.746500E-7	2.142560E-2
1.747000E-7	2.135879E-2
1.747500E-7	2.122347E-2
1.748000E-7	2.104532E-2
1.748500E-7	2.086718E-2
1.749000E-7	2.069246E-2
1.749500E-7	2.055371E-2
1.750000E-7	2.047662E-2
1.750500E-7	2.046463E-2
1.751000E-7	2.048519E-2
1.751500E-7	2.054343E-2
1.752000E-7	2.064449E-2
1.752500E-7	2.074898E-2
1.753000E-7	2.083121E-2
1.753500E-7	2.088088E-2
1.754000E-7	2.092542E-2
1.754500E-7	2.095796E-2
1.755000E-7	2.094940E-2
1.755500E-7	2.091000E-2
1.756000E-7	2.087403E-2
1.756500E-7	2.085347E-2
1.757000E-7	2.083806E-2
1.757500E-7	2.081750E-2
1.758000E-7	2.079352E-2
1.758500E-7	2.075412E-2
1.759000E-7	2.068560E-2
1.759500E-7	2.061537E-2
1.760000E-7	2.056912E-2
1.760500E-7	2.053658E-2
1.761000E-7	2.050746E-2
1.761500E-7	2.049547E-2
1.762000E-7	2.052459E-2
1.762500E-7	2.057940E-2
1.763000E-7	2.065135E-2
1.763500E-7	2.075241E-2
1.764000E-7	2.087746E-2
1.764500E-7	2.099736E-2
1.765000E-7	2.110699E-2
1.765500E-7	2.120120E-2
1.766000E-7	2.126458E-2
1.766500E-7	2.127829E-2
1.767000E-7	2.124917E-2
1.767500E-7	2.116523E-2
1.768000E-7	2.103847E-2
1.768500E-7	2.091343E-2
1.769000E-7	2.081921E-2
1.769500E-7	2.074556E-2
1.770000E-7	2.069588E-2
1.770500E-7	2.070959E-2
1.771000E-7	2.078667E-2
1.771500E-7	2.089287E-2
1.772000E-7	2.101792E-2
1.772500E-7	2.115838E-2
1.773000E-7	2.128514E-2
1.773500E-7	2.138791E-2
1.774000E-7	2.148041E-2
1.774500E-7	2.157120E-2
1.775000E-7	2.161060E-2
1.775500E-7	2.158148E-2
1.776000E-7	2.151639E-2
1.776500E-7	2.143930E-2
1.777000E-7	2.132282E-2
1.777500E-7	2.118750E-2
1.778000E-7	2.107273E-2
1.778500E-7	2.099907E-2
1.779000E-7	2.094083E-2
1.779500E-7	2.091171E-2
1.780000E-7	2.091857E-2
1.780500E-7	2.093398E-2
1.781000E-7	2.095796E-2
1.781500E-7	2.101278E-2
1.782000E-7	2.109157E-2
1.782500E-7	2.116694E-2
1.783000E-7	2.123375E-2
1.783500E-7	2.129199E-2
1.784000E-7	2.132796E-2
1.784500E-7	2.134166E-2
1.785000E-7	2.132796E-2
1.785500E-7	2.128514E-2
1.786000E-7	2.122005E-2
1.786500E-7	2.116866E-2
1.787000E-7	2.112926E-2
1.787500E-7	2.108644E-2
1.788000E-7	2.102648E-2
1.788500E-7	2.097681E-2
1.789000E-7	2.094426E-2
1.789500E-7	2.092028E-2
1.790000E-7	2.088431E-2
1.790500E-7	2.083463E-2
1.791000E-7	2.079523E-2
1.791500E-7	2.076611E-2
1.792000E-7	2.072158E-2
1.792500E-7	2.068218E-2
1.793000E-7	2.068047E-2
1.793500E-7	2.069931E-2
1.794000E-7	2.073871E-2
1.794500E-7	2.083806E-2
1.795000E-7	2.096139E-2
1.795500E-7	2.104532E-2
1.796000E-7	2.110356E-2
1.796500E-7	2.115324E-2
1.797000E-7	2.116352E-2
1.797500E-7	2.112926E-2
1.798000E-7	2.106588E-2
1.798500E-7	2.097338E-2
1.799000E-7	2.086889E-2
1.799500E-7	2.079523E-2
1.800000E-7	2.071815E-2
1.800500E-7	2.060338E-2
1.801000E-7	2.051088E-2
1.801500E-7	2.048176E-2
1.802000E-7	2.048005E-2
1.802500E-7	2.049204E-2
1.803000E-7	2.053829E-2
1.803500E-7	2.058111E-2
1.804000E-7	2.060338E-2
1.804500E-7	2.062908E-2
1.805000E-7	2.066676E-2
1.805500E-7	2.068047E-2
1.806000E-7	2.065135E-2
1.806500E-7	2.059824E-2
1.807000E-7	2.052459E-2
1.807500E-7	2.044065E-2
1.808000E-7	2.035158E-2
1.808500E-7	2.028649E-2
1.809000E-7	2.028135E-2
1.809500E-7	2.033274E-2
1.810000E-7	2.039098E-2
1.810500E-7	2.044579E-2
1.811000E-7	2.054514E-2
1.811500E-7	2.068218E-2
1.812000E-7	2.080380E-2
1.812500E-7	2.090315E-2
1.813000E-7	2.098880E-2
1.813500E-7	2.104190E-2
1.814000E-7	2.106759E-2
1.814500E-7	2.108986E-2
1.815000E-7	2.108815E-2
1.815500E-7	2.102819E-2
1.816000E-7	2.093741E-2
1.816500E-7	2.085519E-2
1.817000E-7	2.075584E-2
1.817500E-7	2.065820E-2
1.818000E-7	2.059653E-2
1.818500E-7	2.056399E-2
1.819000E-7	2.055713E-2
1.819500E-7	2.059482E-2
1.820000E-7	2.065820E-2
1.820500E-7	2.071815E-2
1.821000E-7	2.081921E-2
1.821500E-7	2.095454E-2
1.822000E-7	2.105389E-2
1.822500E-7	2.109157E-2
1.823000E-7	2.107958E-2
1.823500E-7	2.101278E-2
1.824000E-7	2.088602E-2
1.824500E-7	2.074385E-2
1.825000E-7	2.060681E-2
1.825500E-7	2.045264E-2
1.826000E-7	2.028820E-2
1.826500E-7	2.015459E-2
1.827000E-7	2.007922E-2
1.827500E-7	2.006552E-2
1.828000E-7	2.008436E-2
1.828500E-7	2.013232E-2
1.829000E-7	2.021112E-2
1.829500E-7	2.033274E-2
1.830000E-7	2.047149E-2
1.830500E-7	2.059653E-2
1.831000E-7	2.068560E-2
1.831500E-7	2.075926E-2
1.832000E-7	2.083977E-2
1.832500E-7	2.091171E-2
1.833000E-7	2.096824E-2
1.833500E-7	2.101620E-2
1.834000E-7	2.105560E-2
1.834500E-7	2.105731E-2
1.835000E-7	2.103676E-2
1.835500E-7	2.101620E-2
1.836000E-7	2.097509E-2
1.836500E-7	2.092028E-2
1.837000E-7	2.084834E-2
1.837500E-7	2.074042E-2
1.838000E-7	2.060510E-2
1.838500E-7	2.048348E-2
1.839000E-7	2.036871E-2
1.839500E-7	2.026079E-2
1.840000E-7	2.019399E-2
1.840500E-7	2.018028E-2
1.841000E-7	2.019056E-2
1.841500E-7	2.022140E-2
1.842000E-7	2.030704E-2
1.842500E-7	2.043551E-2
1.843000E-7	2.056570E-2
1.843500E-7	2.066162E-2
1.844000E-7	2.073185E-2
1.844500E-7	2.077982E-2
1.845000E-7	2.080722E-2
1.845500E-7	2.079695E-2
1.846000E-7	2.075926E-2
1.846500E-7	2.070273E-2
1.847000E-7	2.062908E-2
1.847500E-7	2.056399E-2
1.848000E-7	2.051945E-2
1.848500E-7	2.045950E-2
1.849000E-7	2.036186E-2
1.849500E-7	2.025223E-2
1.850000E-7	2.015973E-2
1.850500E-7	2.008436E-2
1.851000E-7	2.004325E-2
1.851500E-7	2.002269E-2
1.852000E-7	2.000556E-2
1.852500E-7	2.000385E-2
1.853000E-7	2.003468E-2
1.853500E-7	2.007408E-2
1.854000E-7	2.011177E-2
1.854500E-7	2.016829E-2
1.855000E-7	2.025394E-2
1.855500E-7	2.034987E-2
1.856000E-7	2.042866E-2
1.856500E-7	2.049375E-2
1.857000E-7	2.052630E-2
1.857500E-7	2.052630E-2
1.858000E-7	2.050746E-2
1.858500E-7	2.047149E-2
1.859000E-7	2.041496E-2
1.859500E-7	2.037385E-2
1.860000E-7	2.036700E-2
1.860500E-7	2.037385E-2
1.861000E-7	2.037899E-2
1.861500E-7	2.038755E-2
1.862000E-7	2.039440E-2
1.862500E-7	2.039954E-2
1.863000E-7	2.043551E-2
1.863500E-7	2.050403E-2
1.864000E-7	2.056056E-2
1.864500E-7	2.061709E-2
1.865000E-7	2.068903E-2
1.865500E-7	2.075070E-2
1.866000E-7	2.074898E-2
1.866500E-7	2.069417E-2
1.867000E-7	2.060167E-2
1.867500E-7	2.047149E-2
1.868000E-7	2.030876E-2
1.868500E-7	2.013403E-2
1.869000E-7	1.996445E-2
1.869500E-7	1.983769E-2
1.870000E-7	1.975205E-2
1.870500E-7	1.969552E-2
1.871000E-7	1.970066E-2
1.871500E-7	1.975890E-2
1.872000E-7	1.981371E-2
1.872500E-7	1.984797E-2
1.873000E-7	1.989422E-2
1.873500E-7	1.993705E-2
1.874000E-7	1.992163E-2
1.874500E-7	1.983769E-2
1.875000E-7	1.973663E-2
1.875500E-7	1.964413E-2
1.876000E-7	1.955163E-2
1.876500E-7	1.947112E-2
1.877000E-7	1.942316E-2
1.877500E-7	1.941973E-2
1.878000E-7	1.945571E-2
1.878500E-7	1.951737E-2
1.879000E-7	1.961501E-2
1.879500E-7	1.975547E-2
1.880000E-7	1.992677E-2
1.880500E-7	2.010320E-2
1.881000E-7	2.026422E-2
1.881500E-7	2.038241E-2
1.882000E-7	2.045093E-2
1.882500E-7	2.046292E-2
1.883000E-7	2.043209E-2
1.883500E-7	2.035843E-2
1.884000E-7	2.025737E-2
1.884500E-7	2.014089E-2
1.885000E-7	2.001070E-2
1.885500E-7	1.986853E-2
1.886000E-7	1.973663E-2
1.886500E-7	1.964242E-2
1.887000E-7	1.960302E-2
1.887500E-7	1.960645E-2
1.888000E-7	1.963385E-2
1.888500E-7	1.968182E-2
1.889000E-7	1.974862E-2
1.889500E-7	1.982057E-2
1.890000E-7	1.987538E-2
1.890500E-7	1.991306E-2
1.891000E-7	1.996445E-2
1.891500E-7	2.003468E-2
1.892000E-7	2.008779E-2
1.892500E-7	2.010491E-2
1.893000E-7	2.010663E-2
1.893500E-7	2.011348E-2
1.894000E-7	2.009806E-2
1.894500E-7	2.006380E-2
1.895000E-7	2.001413E-2
1.895500E-7	1.995589E-2
1.896000E-7	1.987538E-2
1.896500E-7	1.977260E-2
1.897000E-7	1.967839E-2
1.897500E-7	1.959446E-2
1.898000E-7	1.953108E-2
1.898500E-7	1.948483E-2
1.899000E-7	1.946085E-2
1.899500E-7	1.946770E-2
1.900000E-7	1.951052E-2
1.900500E-7	1.959274E-2
1.901000E-7	1.969038E-2
1.901500E-7	1.978802E-2
1.902000E-7	1.990107E-2
1.902500E-7	2.002612E-2
1.903000E-7	2.013061E-2
1.903500E-7	2.019913E-2
1.904000E-7	2.024538E-2
1.904500E-7	2.025565E-2
1.905000E-7	2.022140E-2
1.905500E-7	2.019056E-2
1.906000E-7	2.018200E-2
1.906500E-7	2.015630E-2
1.907000E-7	2.011177E-2
1.907500E-7	2.008607E-2
1.908000E-7	2.006723E-2
1.908500E-7	2.003468E-2
1.909000E-7	2.001413E-2
1.909500E-7	2.003297E-2
1.910000E-7	2.008607E-2
1.910500E-7	2.015459E-2
1.911000E-7	2.020940E-2
1.911500E-7	2.021283E-2
1.912000E-7	2.019399E-2
1.912500E-7	2.019399E-2
1.913000E-7	2.019570E-2
1.913500E-7	2.016829E-2
1.914000E-7	2.013061E-2
1.914500E-7	2.006894E-2
1.915000E-7	1.997816E-2
1.915500E-7	1.987881E-2
1.916000E-7	1.978802E-2
1.916500E-7	1.970237E-2
1.917000E-7	1.964071E-2
1.917500E-7	1.964756E-2
1.918000E-7	1.970751E-2
1.918500E-7	1.979144E-2
1.919000E-7	1.990107E-2
1.919500E-7	2.004325E-2
1.920000E-7	2.017686E-2
1.920500E-7	2.029163E-2
1.921000E-7	2.038241E-2
1.921500E-7	2.043551E-2
1.922000E-7	2.044065E-2
1.922500E-7	2.042524E-2
1.923000E-7	2.041667E-2
1.923500E-7	2.039440E-2
1.924000E-7	2.036528E-2
1.924500E-7	2.034473E-2
1.925000E-7	2.032246E-2
1.925500E-7	2.027278E-2
1.926000E-7	2.022482E-2
1.926500E-7	2.019913E-2
1.927000E-7	2.018714E-2
1.927500E-7	2.018028E-2
1.928000E-7	2.016658E-2
1.928500E-7	2.014774E-2
1.929000E-7	2.012376E-2
1.929500E-7	2.007066E-2
1.930000E-7	1.999186E-2
1.930500E-7	1.990107E-2
1.931000E-7	1.981885E-2
1.931500E-7	1.973492E-2
1.932000E-7	1.966983E-2
1.932500E-7	1.964584E-2
1.933000E-7	1.963899E-2
1.933500E-7	1.962358E-2
1.934000E-7	1.961501E-2
1.934500E-7	1.961159E-2
1.935000E-7	1.960816E-2
1.935500E-7	1.960645E-2
1.936000E-7	1.961330E-2
1.936500E-7	1.962871E-2
1.937000E-7	1.962186E-2
1.937500E-7	1.957904E-2
1.938000E-7	1.951909E-2
1.938500E-7	1.945742E-2
1.939000E-7	1.939061E-2
1.939500E-7	1.933580E-2
1.940000E-7	1.933580E-2
1.940500E-7	1.937862E-2
1.941000E-7	1.941973E-2
1.941500E-7	1.946085E-2
1.942000E-7	1.953108E-2
1.942500E-7	1.961501E-2
1.943000E-7	1.970408E-2
1.943500E-7	1.979658E-2
1.944000E-7	1.988394E-2
1.944500E-7	1.993191E-2
1.945000E-7	1.991478E-2
1.945500E-7	1.983941E-2
1.946000E-7	1.974006E-2
1.946500E-7	1.962700E-2
1.947000E-7	1.951909E-2
1.947500E-7	1.943515E-2
1.948000E-7	1.939233E-2
1.948500E-7	1.939918E-2
1.949000E-7	1.944200E-2
1.949500E-7	1.950538E-2
1.950000E-7	1.956705E-2
1.950500E-7	1.964071E-2
1.951000E-7	1.974520E-2
1.951500E-7	1.985311E-2
1.952000E-7	1.993191E-2
1.952500E-7	1.995931E-2
1.953000E-7	1.993705E-2
1.953500E-7	1.988908E-2
1.954000E-7	1.984112E-2
1.954500E-7	1.976232E-2
1.955000E-7	1.964756E-2
1.955500E-7	1.955677E-2
1.956000E-7	1.952422E-2
1.956500E-7	1.952765E-2
1.957000E-7	1.956534E-2
1.957500E-7	1.964242E-2
1.958000E-7	1.975547E-2
1.958500E-7	1.989593E-2
1.959000E-7	2.002783E-2
1.959500E-7	2.013232E-2
1.960000E-7	2.021797E-2
1.960500E-7	2.028135E-2
1.961000E-7	2.028306E-2
1.961500E-7	2.021112E-2
1.962000E-7	2.009464E-2
1.962500E-7	1.994390E-2
1.963000E-7	1.978802E-2
1.963500E-7	1.962871E-2
1.964000E-7	1.947797E-2
1.964500E-7	1.937006E-2
1.965000E-7	1.931353E-2
1.965500E-7	1.927927E-2
1.966000E-7	1.924159E-2
1.966500E-7	1.922788E-2
1.967000E-7	1.924159E-2
1.967500E-7	1.926557E-2
1.968000E-7	1.929640E-2
1.968500E-7	1.934950E-2
1.969000E-7	1.941288E-2
1.969500E-7	1.947969E-2
1.970000E-7	1.953622E-2
1.970500E-7	1.957904E-2
1.971000E-7	1.958589E-2
1.971500E-7	1.956534E-2
1.972000E-7	1.951052E-2
1.972500E-7	1.942487E-2
1.973000E-7	1.931353E-2
1.973500E-7	1.919705E-2
1.974000E-7	1.907372E-2
1.974500E-7	1.894867E-2
1.975000E-7	1.884590E-2
1.975500E-7	1.879451E-2
1.976000E-7	1.879622E-2
1.976500E-7	1.884418E-2
1.977000E-7	1.895210E-2
1.977500E-7	1.907372E-2
1.978000E-7	1.917650E-2
1.978500E-7	1.928270E-2
1.979000E-7	1.942316E-2
1.979500E-7	1.955506E-2
1.980000E-7	1.965098E-2
1.980500E-7	1.973149E-2
1.981000E-7	1.977945E-2
1.981500E-7	1.978802E-2
1.982000E-7	1.977603E-2
1.982500E-7	1.976575E-2
1.983000E-7	1.975033E-2
1.983500E-7	1.974520E-2
1.984000E-7	1.975890E-2
1.984500E-7	1.979144E-2
1.985000E-7	1.983598E-2
1.985500E-7	1.990793E-2
1.986000E-7	1.995589E-2
1.986500E-7	1.996445E-2
1.987000E-7	1.994218E-2
1.987500E-7	1.990964E-2
1.988000E-7	1.984455E-2
1.988500E-7	1.972978E-2
1.989000E-7	1.956362E-2
1.989500E-7	1.936663E-2
1.990000E-7	1.919191E-2
1.990500E-7	1.906002E-2
1.991000E-7	1.898807E-2
1.991500E-7	1.898978E-2
1.992000E-7	1.905488E-2
1.992500E-7	1.915937E-2
1.993000E-7	1.928955E-2
1.993500E-7	1.942659E-2
1.994000E-7	1.954478E-2
1.994500E-7	1.963728E-2
1.995000E-7	1.972978E-2
1.995500E-7	1.981885E-2
1.996000E-7	1.985825E-2
1.996500E-7	1.983769E-2
1.997000E-7	1.977603E-2
1.997500E-7	1.968695E-2
1.998000E-7	1.956705E-2
1.998500E-7	1.941631E-2
1.999000E-7	1.925187E-2
1.999500E-7	1.909770E-2
2.000000E-7	1.895553E-2
