Study Name	PremaTech_CVD_SiC_HeandSi
Sample Name	2025-10-31
Run Name	spot04
Operator	Keshav
Date	10/31/2025
Time	17:43
Sign	FIX
Grating Spacing	06.40um
Channel	3
Number Traces	10000
Files in Batch	1
Batch Number	31
dt	50.000001E-12
time stamp (ms)	6:16:24 PM
	
Time	Amplitude
0.000000E+0	2.400126E-5
5.000000E-11	1.010840E-4
1.000000E-10	1.439078E-4
1.500000E-10	1.576114E-4
2.000000E-10	1.336301E-4
2.500000E-10	7.710271E-5
3.000000E-10	1.995795E-8
3.500000E-10	-9.247934E-5
4.000000E-10	-1.952563E-4
4.500000E-10	-2.911816E-4
5.000000E-10	-3.562737E-4
5.500000E-10	-3.905327E-4
6.000000E-10	-4.059492E-4
6.500000E-10	-3.836809E-4
7.000000E-10	-3.117370E-4
7.500000E-10	-2.175247E-4
8.000000E-10	-1.301642E-4
8.500000E-10	-3.937789E-5
9.000000E-10	4.969551E-5
9.500000E-10	1.096488E-4
1.000000E-9	1.370560E-4
1.050000E-9	1.524725E-4
1.100000E-9	1.507596E-4
1.150000E-9	1.250653E-4
1.200000E-9	8.052861E-5
1.250000E-9	1.543651E-5
1.300000E-9	-6.678509E-5
1.350000E-9	-1.353031E-4
1.400000E-9	-1.729880E-4
1.450000E-9	-1.884045E-4
1.500000E-9	-1.695621E-4
1.550000E-9	-1.233124E-4
1.600000E-9	-7.192394E-5
1.650000E-9	-3.081314E-5
1.700000E-9	1.372356E-5
1.750000E-9	5.654731E-5
1.800000E-9	8.566746E-5
1.850000E-9	1.096488E-4
1.900000E-9	1.267783E-4
1.950000E-9	1.216394E-4
2.000000E-9	1.010840E-4
2.050000E-9	9.423221E-5
2.100000E-9	7.367681E-5
2.150000E-9	2.914011E-5
2.200000E-9	-3.405942E-6
2.250000E-9	-1.692992E-6
2.300000E-9	2.228831E-5
2.350000E-9	4.969551E-5
2.400000E-9	6.682501E-5
2.450000E-9	8.052861E-5
2.500000E-9	7.538976E-5
2.550000E-9	4.284371E-5
2.600000E-9	-2.053544E-5
2.650000E-9	-1.113218E-4
2.700000E-9	-2.226635E-4
2.750000E-9	-3.528478E-4
2.800000E-9	-4.796061E-4
2.850000E-9	-5.789572E-4
2.900000E-9	-6.286327E-4
2.950000E-9	-6.200680E-4
3.000000E-9	-5.532629E-4
3.050000E-9	-4.333564E-4
3.100000E-9	-2.928945E-4
3.150000E-9	-1.404419E-4
3.200000E-9	-1.692992E-6
3.250000E-9	1.113617E-4
3.300000E-9	2.055740E-4
3.350000E-9	2.826567E-4
3.400000E-9	3.271934E-4
3.450000E-9	3.152028E-4
3.500000E-9	2.569625E-4
3.550000E-9	1.713150E-4
3.600000E-9	5.997321E-5
3.650000E-9	-6.678509E-5
3.700000E-9	-1.832657E-4
3.750000E-9	-2.517837E-4
3.800000E-9	-2.689132E-4
3.850000E-9	-2.637744E-4
3.900000E-9	-2.380801E-4
3.950000E-9	-1.781268E-4
4.000000E-9	-9.590524E-5
4.050000E-9	-1.710954E-5
4.100000E-9	5.140846E-5
4.150000E-9	1.113617E-4
4.200000E-9	1.490466E-4
4.250000E-9	1.576114E-4
4.300000E-9	1.558984E-4
4.350000E-9	1.524725E-4
4.400000E-9	1.473337E-4
4.450000E-9	1.387689E-4
4.500000E-9	1.404819E-4
4.550000E-9	1.644632E-4
4.600000E-9	1.918704E-4
4.650000E-9	2.278423E-4
4.700000E-9	2.809438E-4
4.750000E-9	3.546006E-4
4.800000E-9	4.077021E-4
4.850000E-9	4.453870E-4
4.900000E-9	4.813589E-4
4.950000E-9	4.916366E-4
5.000000E-9	4.333963E-4
5.050000E-9	3.254805E-4
5.100000E-9	2.072869E-4
5.150000E-9	8.395451E-5
5.200000E-9	-4.965559E-5
5.250000E-9	-1.644232E-4
5.300000E-9	-2.483578E-4
5.350000E-9	-3.117370E-4
5.400000E-9	-3.511348E-4
5.450000E-9	-3.511348E-4
5.500000E-9	-2.997463E-4
5.550000E-9	-2.072470E-4
5.600000E-9	-9.419229E-5
5.650000E-9	2.742716E-5
5.700000E-9	1.558984E-4
5.750000E-9	2.895085E-4
5.800000E-9	4.059891E-4
5.850000E-9	4.693683E-4
5.900000E-9	4.813589E-4
5.950000E-9	4.745071E-4
6.000000E-9	4.539517E-4
6.050000E-9	3.905726E-4
6.100000E-9	2.775179E-4
6.150000E-9	1.576114E-4
6.200000E-9	4.798256E-5
6.250000E-9	-6.849804E-5
6.300000E-9	-1.678491E-4
6.350000E-9	-2.329412E-4
6.400000E-9	-2.586355E-4
6.450000E-9	-2.466448E-4
6.500000E-9	-2.192376E-4
6.550000E-9	-1.969693E-4
6.600000E-9	-1.764139E-4
6.650000E-9	-1.609973E-4
6.700000E-9	-1.695621E-4
6.750000E-9	-2.072470E-4
6.800000E-9	-2.517837E-4
6.850000E-9	-2.963204E-4
6.900000E-9	-3.528478E-4
6.950000E-9	-3.990974E-4
7.000000E-9	-4.145140E-4
7.050000E-9	-4.299305E-4
7.100000E-9	-4.436341E-4
7.150000E-9	-4.265046E-4
7.200000E-9	-3.871068E-4
7.250000E-9	-3.459960E-4
7.300000E-9	-2.877557E-4
7.350000E-9	-2.123858E-4
7.400000E-9	-1.541455E-4
7.450000E-9	-1.301642E-4
7.500000E-9	-1.181736E-4
7.550000E-9	-9.590524E-5
7.600000E-9	-7.706279E-5
7.650000E-9	-7.021099E-5
7.700000E-9	-7.363689E-5
7.750000E-9	-9.419229E-5
7.800000E-9	-1.267383E-4
7.850000E-9	-1.507196E-4
7.900000E-9	-1.421549E-4
7.950000E-9	-8.905344E-5
8.000000E-9	-3.405942E-6
8.050000E-9	9.765811E-5
8.100000E-9	2.004351E-4
8.150000E-9	3.203416E-4
8.200000E-9	4.419611E-4
8.250000E-9	5.276086E-4
8.300000E-9	5.704323E-4
8.350000E-9	5.944136E-4
8.400000E-9	5.875618E-4
8.450000E-9	5.327474E-4
8.500000E-9	4.488129E-4
8.550000E-9	3.614524E-4
8.600000E-9	2.655272E-4
8.650000E-9	1.558984E-4
8.700000E-9	5.140846E-5
8.750000E-9	-2.567429E-5
8.800000E-9	-8.220164E-5
8.850000E-9	-1.387290E-4
8.900000E-9	-1.798398E-4
8.950000E-9	-1.866916E-4
9.000000E-9	-1.798398E-4
9.050000E-9	-1.798398E-4
9.100000E-9	-1.764139E-4
9.150000E-9	-1.627103E-4
9.200000E-9	-1.661362E-4
9.250000E-9	-1.729880E-4
9.300000E-9	-1.301642E-4
9.350000E-9	-4.451674E-5
9.400000E-9	4.455666E-5
9.450000E-9	1.490466E-4
9.500000E-9	2.860826E-4
9.550000E-9	4.059891E-4
9.600000E-9	4.933496E-4
9.650000E-9	5.635805E-4
9.700000E-9	6.132561E-4
9.750000E-9	6.269597E-4
9.800000E-9	5.944136E-4
9.850000E-9	5.310345E-4
9.900000E-9	4.453870E-4
9.950000E-9	3.597395E-4
1.000000E-8	2.843697E-4
1.005000E-8	2.141387E-4
1.010000E-8	1.661761E-4
1.015000E-8	1.370560E-4
1.020000E-8	1.096488E-4
1.025000E-8	8.909336E-5
1.030000E-8	7.710271E-5
1.035000E-8	5.826026E-5
1.040000E-8	1.372356E-5
1.045000E-8	-6.335919E-5
1.050000E-8	-1.609973E-4
1.055000E-8	-2.534966E-4
1.060000E-8	-3.357183E-4
1.065000E-8	-4.162269E-4
1.070000E-8	-4.881708E-4
1.075000E-8	-5.344205E-4
1.080000E-8	-5.532629E-4
1.085000E-8	-5.412723E-4
1.090000E-8	-4.881708E-4
1.095000E-8	-4.128010E-4
1.100000E-8	-3.425701E-4
1.105000E-8	-2.791909E-4
1.110000E-8	-1.901175E-4
1.115000E-8	-8.562754E-5
1.120000E-8	6.871758E-6
1.125000E-8	8.395451E-5
1.130000E-8	1.456207E-4
1.135000E-8	1.850186E-4
1.140000E-8	1.884445E-4
1.145000E-8	1.490466E-4
1.150000E-8	7.710271E-5
1.155000E-8	-8.544792E-6
1.160000E-8	-8.905344E-5
1.165000E-8	-1.490067E-4
1.170000E-8	-1.764139E-4
1.175000E-8	-1.798398E-4
1.180000E-8	-1.627103E-4
1.185000E-8	-1.301642E-4
1.190000E-8	-7.021099E-5
1.195000E-8	2.228831E-5
1.200000E-8	1.336301E-4
1.205000E-8	2.569625E-4
1.210000E-8	3.734431E-4
1.215000E-8	4.693683E-4
1.220000E-8	5.293215E-4
1.225000E-8	5.395992E-4
1.230000E-8	5.019143E-4
1.235000E-8	4.316834E-4
1.240000E-8	3.580265E-4
1.245000E-8	2.689531E-4
1.250000E-8	1.439078E-4
1.255000E-8	8.584708E-6
1.260000E-8	-1.113218E-4
1.265000E-8	-2.072470E-4
1.270000E-8	-2.877557E-4
1.275000E-8	-3.477089E-4
1.280000E-8	-3.734032E-4
1.285000E-8	-3.596996E-4
1.290000E-8	-3.203017E-4
1.295000E-8	-2.723391E-4
1.300000E-8	-2.089599E-4
1.305000E-8	-1.438678E-4
1.310000E-8	-1.113218E-4
1.315000E-8	-1.181736E-4
1.320000E-8	-1.370160E-4
1.325000E-8	-1.575714E-4
1.330000E-8	-1.986822E-4
1.335000E-8	-2.483578E-4
1.340000E-8	-2.894686E-4
1.345000E-8	-3.203017E-4
1.350000E-8	-3.442830E-4
1.355000E-8	-3.596996E-4
1.360000E-8	-3.665514E-4
1.365000E-8	-3.631255E-4
1.370000E-8	-3.357183E-4
1.375000E-8	-2.877557E-4
1.380000E-8	-2.312283E-4
1.385000E-8	-1.387290E-4
1.390000E-8	-1.539659E-5
1.395000E-8	9.251926E-5
1.400000E-8	1.576114E-4
1.405000E-8	2.209905E-4
1.410000E-8	2.860826E-4
1.415000E-8	2.946474E-4
1.420000E-8	2.381200E-4
1.425000E-8	1.576114E-4
1.430000E-8	5.997321E-5
1.435000E-8	-4.451674E-5
1.440000E-8	-1.215995E-4
1.445000E-8	-1.729880E-4
1.450000E-8	-2.226635E-4
1.455000E-8	-2.158117E-4
1.460000E-8	-1.472937E-4
1.465000E-8	-9.933115E-5
1.470000E-8	-9.419229E-5
1.475000E-8	-6.507214E-5
1.480000E-8	-4.280379E-5
1.485000E-8	-8.905344E-5
1.490000E-8	-1.627103E-4
1.495000E-8	-2.397930E-4
1.500000E-8	-3.614125E-4
1.505000E-8	-5.053003E-4
1.510000E-8	-5.926608E-4
1.515000E-8	-6.252068E-4
1.520000E-8	-6.200680E-4
1.525000E-8	-5.395593E-4
1.530000E-8	-4.059492E-4
1.535000E-8	-2.706262E-4
1.540000E-8	-1.318772E-4
1.545000E-8	1.995795E-8
1.550000E-8	7.710271E-5
1.555000E-8	1.233524E-4
1.560000E-8	1.781668E-4
1.565000E-8	2.141387E-4
1.570000E-8	1.918704E-4
1.575000E-8	1.353430E-4
1.580000E-8	6.168616E-5
1.585000E-8	1.372356E-5
1.590000E-8	2.057536E-5
1.595000E-8	3.256601E-5
1.600000E-8	1.201061E-5
1.605000E-8	-3.405942E-6
1.610000E-8	1.714946E-5
1.615000E-8	2.742716E-5
1.620000E-8	-3.405942E-6
1.625000E-8	-7.534984E-5
1.630000E-8	-1.729880E-4
1.635000E-8	-2.466448E-4
1.640000E-8	-2.894686E-4
1.645000E-8	-3.768291E-4
1.650000E-8	-5.001615E-4
1.655000E-8	-5.515500E-4
1.660000E-8	-5.258557E-4
1.665000E-8	-5.087262E-4
1.670000E-8	-4.744672E-4
1.675000E-8	-3.596996E-4
1.680000E-8	-2.278024E-4
1.685000E-8	-1.609973E-4
1.690000E-8	-1.147477E-4
1.695000E-8	-5.308149E-5
1.700000E-8	-2.567429E-5
1.705000E-8	-5.650739E-5
1.710000E-8	-1.010441E-4
1.715000E-8	-1.438678E-4
1.720000E-8	-1.884045E-4
1.725000E-8	-2.192376E-4
1.730000E-8	-2.569225E-4
1.735000E-8	-3.220147E-4
1.740000E-8	-3.973845E-4
1.745000E-8	-4.350694E-4
1.750000E-8	-4.384953E-4
1.755000E-8	-4.128010E-4
1.760000E-8	-3.391442E-4
1.765000E-8	-2.312283E-4
1.770000E-8	-1.250254E-4
1.775000E-8	-2.396134E-5
1.780000E-8	8.052861E-5
1.785000E-8	2.055740E-4
1.790000E-8	4.008503E-4
1.795000E-8	7.160331E-4
1.800000E-8	1.205937E-3
1.805000E-8	1.966487E-3
1.810000E-8	3.091895E-3
1.815000E-8	4.607856E-3
1.820000E-8	6.522934E-3
1.825000E-8	8.886805E-3
1.830000E-8	1.169090E-2
1.835000E-8	1.489583E-2
1.840000E-8	1.843308E-2
1.845000E-8	2.220670E-2
1.850000E-8	2.604885E-2
1.855000E-8	2.987216E-2
1.860000E-8	3.363722E-2
1.865000E-8	3.727039E-2
1.870000E-8	4.069286E-2
1.875000E-8	4.391149E-2
1.880000E-8	4.696911E-2
1.885000E-8	4.980918E-2
1.890000E-8	5.235463E-2
1.895000E-8	5.455919E-2
1.900000E-8	5.634922E-2
1.905000E-8	5.760824E-2
1.910000E-8	5.831055E-2
1.915000E-8	5.853152E-2
1.920000E-8	5.830713E-2
1.925000E-8	5.765963E-2
1.930000E-8	5.672950E-2
1.935000E-8	5.568631E-2
1.940000E-8	5.460887E-2
1.945000E-8	5.351429E-2
1.950000E-8	5.243856E-2
1.955000E-8	5.141593E-2
1.960000E-8	5.050293E-2
1.965000E-8	4.976293E-2
1.970000E-8	4.917196E-2
1.975000E-8	4.867350E-2
1.980000E-8	4.831035E-2
1.985000E-8	4.801230E-2
1.990000E-8	4.769711E-2
1.995000E-8	4.732198E-2
2.000000E-8	4.693314E-2
2.005000E-8	4.652717E-2
2.010000E-8	4.601500E-2
2.015000E-8	4.537264E-2
2.020000E-8	4.465320E-2
2.025000E-8	4.396631E-2
2.030000E-8	4.337534E-2
2.035000E-8	4.284947E-2
2.040000E-8	4.245377E-2
2.045000E-8	4.228077E-2
2.050000E-8	4.230646E-2
2.055000E-8	4.239896E-2
2.060000E-8	4.255655E-2
2.065000E-8	4.277067E-2
2.070000E-8	4.300877E-2
2.075000E-8	4.322289E-2
2.080000E-8	4.336678E-2
2.085000E-8	4.336506E-2
2.090000E-8	4.320576E-2
2.095000E-8	4.296595E-2
2.100000E-8	4.272271E-2
2.105000E-8	4.243836E-2
2.110000E-8	4.206151E-2
2.115000E-8	4.160072E-2
2.120000E-8	4.117763E-2
2.125000E-8	4.086416E-2
2.130000E-8	4.066545E-2
2.135000E-8	4.057638E-2
2.140000E-8	4.060893E-2
2.145000E-8	4.079564E-2
2.150000E-8	4.110568E-2
2.155000E-8	4.147568E-2
2.160000E-8	4.178915E-2
2.165000E-8	4.203924E-2
2.170000E-8	4.222424E-2
2.175000E-8	4.228933E-2
2.180000E-8	4.220882E-2
2.185000E-8	4.206151E-2
2.190000E-8	4.185938E-2
2.195000E-8	4.154248E-2
2.200000E-8	4.111253E-2
2.205000E-8	4.061578E-2
2.210000E-8	4.008819E-2
2.215000E-8	3.955546E-2
2.220000E-8	3.907755E-2
2.225000E-8	3.869556E-2
2.230000E-8	3.844376E-2
2.235000E-8	3.834269E-2
2.240000E-8	3.840779E-2
2.245000E-8	3.861505E-2
2.250000E-8	3.893195E-2
2.255000E-8	3.931736E-2
2.260000E-8	3.977643E-2
2.265000E-8	4.023550E-2
2.270000E-8	4.060721E-2
2.275000E-8	4.085217E-2
2.280000E-8	4.099434E-2
2.285000E-8	4.099091E-2
2.290000E-8	4.084874E-2
2.295000E-8	4.059008E-2
2.300000E-8	4.026462E-2
2.305000E-8	3.989977E-2
2.310000E-8	3.952292E-2
2.315000E-8	3.916320E-2
2.320000E-8	3.887200E-2
2.325000E-8	3.869214E-2
2.330000E-8	3.865445E-2
2.335000E-8	3.875380E-2
2.340000E-8	3.896278E-2
2.345000E-8	3.923171E-2
2.350000E-8	3.957088E-2
2.355000E-8	3.997342E-2
2.360000E-8	4.032629E-2
2.365000E-8	4.053356E-2
2.370000E-8	4.064661E-2
2.375000E-8	4.072198E-2
2.380000E-8	4.068087E-2
2.385000E-8	4.052157E-2
2.390000E-8	4.025606E-2
2.395000E-8	3.985352E-2
2.400000E-8	3.933278E-2
2.405000E-8	3.880176E-2
2.410000E-8	3.828617E-2
2.415000E-8	3.778427E-2
2.420000E-8	3.731492E-2
2.425000E-8	3.696206E-2
2.430000E-8	3.678734E-2
2.435000E-8	3.680960E-2
2.440000E-8	3.697405E-2
2.445000E-8	3.726354E-2
2.450000E-8	3.765923E-2
2.455000E-8	3.808918E-2
2.460000E-8	3.845917E-2
2.465000E-8	3.875551E-2
2.470000E-8	3.898334E-2
2.475000E-8	3.909982E-2
2.480000E-8	3.906385E-2
2.485000E-8	3.888741E-2
2.490000E-8	3.857052E-2
2.495000E-8	3.816797E-2
2.500000E-8	3.772261E-2
2.505000E-8	3.726011E-2
2.510000E-8	3.684386E-2
2.515000E-8	3.653553E-2
2.520000E-8	3.637280E-2
2.525000E-8	3.637623E-2
2.530000E-8	3.660405E-2
2.535000E-8	3.701858E-2
2.540000E-8	3.753932E-2
2.545000E-8	3.809774E-2
2.550000E-8	3.864075E-2
2.555000E-8	3.909468E-2
2.560000E-8	3.941157E-2
2.565000E-8	3.958287E-2
2.570000E-8	3.957944E-2
2.575000E-8	3.942014E-2
2.580000E-8	3.912037E-2
2.585000E-8	3.871269E-2
2.590000E-8	3.825705E-2
2.595000E-8	3.781511E-2
2.600000E-8	3.741599E-2
2.605000E-8	3.708539E-2
2.610000E-8	3.686271E-2
2.615000E-8	3.674965E-2
2.620000E-8	3.676507E-2
2.625000E-8	3.690210E-2
2.630000E-8	3.715905E-2
2.635000E-8	3.751534E-2
2.640000E-8	3.793330E-2
2.645000E-8	3.839408E-2
2.650000E-8	3.885487E-2
2.655000E-8	3.924371E-2
2.660000E-8	3.951606E-2
2.665000E-8	3.966167E-2
2.670000E-8	3.962741E-2
2.675000E-8	3.942014E-2
2.680000E-8	3.911010E-2
2.685000E-8	3.874181E-2
2.690000E-8	3.832214E-2
2.695000E-8	3.788020E-2
2.700000E-8	3.747594E-2
2.705000E-8	3.711965E-2
2.710000E-8	3.682331E-2
2.715000E-8	3.664516E-2
2.720000E-8	3.661947E-2
2.725000E-8	3.676164E-2
2.730000E-8	3.706826E-2
2.735000E-8	3.752219E-2
2.740000E-8	3.808061E-2
2.745000E-8	3.869214E-2
2.750000E-8	3.926084E-2
2.755000E-8	3.970106E-2
2.760000E-8	4.003509E-2
2.765000E-8	4.020296E-2
2.770000E-8	4.018069E-2
2.775000E-8	3.997000E-2
2.780000E-8	3.965653E-2
2.785000E-8	3.921630E-2
2.790000E-8	3.863218E-2
2.795000E-8	3.801381E-2
2.800000E-8	3.745539E-2
2.805000E-8	3.694150E-2
2.810000E-8	3.648072E-2
2.815000E-8	3.616040E-2
2.820000E-8	3.601308E-2
2.825000E-8	3.603878E-2
2.830000E-8	3.622891E-2
2.835000E-8	3.654410E-2
2.840000E-8	3.693122E-2
2.845000E-8	3.733548E-2
2.850000E-8	3.770548E-2
2.855000E-8	3.800353E-2
2.860000E-8	3.819709E-2
2.865000E-8	3.824848E-2
2.870000E-8	3.814057E-2
2.875000E-8	3.790247E-2
2.880000E-8	3.756330E-2
2.885000E-8	3.712650E-2
2.890000E-8	3.661947E-2
2.895000E-8	3.612100E-2
2.900000E-8	3.569961E-2
2.905000E-8	3.538272E-2
2.910000E-8	3.518573E-2
2.915000E-8	3.515661E-2
2.920000E-8	3.529878E-2
2.925000E-8	3.556771E-2
2.930000E-8	3.595827E-2
2.935000E-8	3.647387E-2
2.940000E-8	3.702030E-2
2.945000E-8	3.751191E-2
2.950000E-8	3.791103E-2
2.955000E-8	3.816969E-2
2.960000E-8	3.828103E-2
2.965000E-8	3.825533E-2
2.970000E-8	3.809260E-2
2.975000E-8	3.779455E-2
2.980000E-8	3.740228E-2
2.985000E-8	3.698261E-2
2.990000E-8	3.655266E-2
2.995000E-8	3.616211E-2
3.000000E-8	3.591544E-2
3.005000E-8	3.581609E-2
3.010000E-8	3.578697E-2
3.015000E-8	3.583836E-2
3.020000E-8	3.603364E-2
3.025000E-8	3.630086E-2
3.030000E-8	3.657836E-2
3.035000E-8	3.687983E-2
3.040000E-8	3.716932E-2
3.045000E-8	3.734918E-2
3.050000E-8	3.740742E-2
3.055000E-8	3.743140E-2
3.060000E-8	3.742113E-2
3.065000E-8	3.733205E-2
3.070000E-8	3.714363E-2
3.075000E-8	3.690724E-2
3.080000E-8	3.664173E-2
3.085000E-8	3.636938E-2
3.090000E-8	3.612956E-2
3.095000E-8	3.594970E-2
3.100000E-8	3.581609E-2
3.105000E-8	3.575785E-2
3.110000E-8	3.581095E-2
3.115000E-8	3.597197E-2
3.120000E-8	3.618438E-2
3.125000E-8	3.642762E-2
3.130000E-8	3.670854E-2
3.135000E-8	3.699803E-2
3.140000E-8	3.723613E-2
3.145000E-8	3.740914E-2
3.150000E-8	3.750506E-2
3.155000E-8	3.750849E-2
3.160000E-8	3.741085E-2
3.165000E-8	3.722071E-2
3.170000E-8	3.693465E-2
3.175000E-8	3.656465E-2
3.180000E-8	3.616211E-2
3.185000E-8	3.576470E-2
3.190000E-8	3.537415E-2
3.195000E-8	3.501786E-2
3.200000E-8	3.474036E-2
3.205000E-8	3.459819E-2
3.210000E-8	3.458448E-2
3.215000E-8	3.467013E-2
3.220000E-8	3.483800E-2
3.225000E-8	3.509151E-2
3.230000E-8	3.541526E-2
3.235000E-8	3.572188E-2
3.240000E-8	3.598225E-2
3.245000E-8	3.620836E-2
3.250000E-8	3.637965E-2
3.255000E-8	3.643961E-2
3.260000E-8	3.640021E-2
3.265000E-8	3.629058E-2
3.270000E-8	3.609188E-2
3.275000E-8	3.580581E-2
3.280000E-8	3.550605E-2
3.285000E-8	3.520286E-2
3.290000E-8	3.487397E-2
3.295000E-8	3.457592E-2
3.300000E-8	3.436180E-2
3.305000E-8	3.423333E-2
3.310000E-8	3.417680E-2
3.315000E-8	3.423504E-2
3.320000E-8	3.444059E-2
3.325000E-8	3.475406E-2
3.330000E-8	3.513776E-2
3.335000E-8	3.556600E-2
3.340000E-8	3.598567E-2
3.345000E-8	3.632655E-2
3.350000E-8	3.657150E-2
3.355000E-8	3.668798E-2
3.360000E-8	3.665544E-2
3.365000E-8	3.646187E-2
3.370000E-8	3.615526E-2
3.375000E-8	3.578355E-2
3.380000E-8	3.534674E-2
3.385000E-8	3.487911E-2
3.390000E-8	3.445944E-2
3.395000E-8	3.413740E-2
3.400000E-8	3.390273E-2
3.405000E-8	3.377254E-2
3.410000E-8	3.378967E-2
3.415000E-8	3.393699E-2
3.420000E-8	3.415111E-2
3.425000E-8	3.438921E-2
3.430000E-8	3.464443E-2
3.435000E-8	3.490480E-2
3.440000E-8	3.512749E-2
3.445000E-8	3.527823E-2
3.450000E-8	3.535017E-2
3.455000E-8	3.537073E-2
3.460000E-8	3.534674E-2
3.465000E-8	3.526624E-2
3.470000E-8	3.511378E-2
3.475000E-8	3.493906E-2
3.480000E-8	3.475749E-2
3.485000E-8	3.455194E-2
3.490000E-8	3.435666E-2
3.495000E-8	3.423333E-2
3.500000E-8	3.414768E-2
3.505000E-8	3.409800E-2
3.510000E-8	3.414768E-2
3.515000E-8	3.433268E-2
3.520000E-8	3.458106E-2
3.525000E-8	3.484999E-2
3.530000E-8	3.517888E-2
3.535000E-8	3.552489E-2
3.540000E-8	3.583665E-2
3.545000E-8	3.609530E-2
3.550000E-8	3.631285E-2
3.555000E-8	3.642076E-2
3.560000E-8	3.637109E-2
3.565000E-8	3.619465E-2
3.570000E-8	3.589831E-2
3.575000E-8	3.551119E-2
3.580000E-8	3.508466E-2
3.585000E-8	3.465471E-2
3.590000E-8	3.422990E-2
3.595000E-8	3.384791E-2
3.600000E-8	3.357213E-2
3.605000E-8	3.341111E-2
3.610000E-8	3.333574E-2
3.615000E-8	3.338370E-2
3.620000E-8	3.355842E-2
3.625000E-8	3.378967E-2
3.630000E-8	3.401921E-2
3.635000E-8	3.429157E-2
3.640000E-8	3.459819E-2
3.645000E-8	3.483115E-2
3.650000E-8	3.496133E-2
3.655000E-8	3.502985E-2
3.660000E-8	3.503670E-2
3.665000E-8	3.492022E-2
3.670000E-8	3.469754E-2
3.675000E-8	3.445087E-2
3.680000E-8	3.419050E-2
3.685000E-8	3.389930E-2
3.690000E-8	3.363722E-2
3.695000E-8	3.346421E-2
3.700000E-8	3.337856E-2
3.705000E-8	3.337000E-2
3.710000E-8	3.345907E-2
3.715000E-8	3.366805E-2
3.720000E-8	3.395754E-2
3.725000E-8	3.429157E-2
3.730000E-8	3.464615E-2
3.735000E-8	3.499730E-2
3.740000E-8	3.531591E-2
3.745000E-8	3.554202E-2
3.750000E-8	3.562938E-2
3.755000E-8	3.559683E-2
3.760000E-8	3.545809E-2
3.765000E-8	3.518744E-2
3.770000E-8	3.480545E-2
3.775000E-8	3.438064E-2
3.780000E-8	3.395069E-2
3.785000E-8	3.353787E-2
3.790000E-8	3.319528E-2
3.795000E-8	3.295889E-2
3.800000E-8	3.279959E-2
3.805000E-8	3.272250E-2
3.810000E-8	3.277903E-2
3.815000E-8	3.294005E-2
3.820000E-8	3.315931E-2
3.825000E-8	3.342481E-2
3.830000E-8	3.368861E-2
3.835000E-8	3.389759E-2
3.840000E-8	3.403462E-2
3.845000E-8	3.412027E-2
3.850000E-8	3.412712E-2
3.855000E-8	3.401578E-2
3.860000E-8	3.384963E-2
3.865000E-8	3.367148E-2
3.870000E-8	3.346421E-2
3.875000E-8	3.322954E-2
3.880000E-8	3.301713E-2
3.885000E-8	3.288524E-2
3.890000E-8	3.282014E-2
3.895000E-8	3.282357E-2
3.900000E-8	3.288524E-2
3.905000E-8	3.298630E-2
3.910000E-8	3.311477E-2
3.915000E-8	3.329120E-2
3.920000E-8	3.349505E-2
3.925000E-8	3.365778E-2
3.930000E-8	3.375370E-2
3.935000E-8	3.380509E-2
3.940000E-8	3.383764E-2
3.945000E-8	3.382564E-2
3.950000E-8	3.379652E-2
3.955000E-8	3.376055E-2
3.960000E-8	3.369203E-2
3.965000E-8	3.356185E-2
3.970000E-8	3.340597E-2
3.975000E-8	3.322269E-2
3.980000E-8	3.303255E-2
3.985000E-8	3.286297E-2
3.990000E-8	3.274306E-2
3.995000E-8	3.268311E-2
4.000000E-8	3.267112E-2
4.005000E-8	3.272079E-2
4.010000E-8	3.283213E-2
4.015000E-8	3.301885E-2
4.020000E-8	3.323296E-2
4.025000E-8	3.345222E-2
4.030000E-8	3.365949E-2
4.035000E-8	3.385476E-2
4.040000E-8	3.399865E-2
4.045000E-8	3.405347E-2
4.050000E-8	3.402949E-2
4.055000E-8	3.394041E-2
4.060000E-8	3.381708E-2
4.065000E-8	3.366291E-2
4.070000E-8	3.347792E-2
4.075000E-8	3.327236E-2
4.080000E-8	3.305653E-2
4.085000E-8	3.285611E-2
4.090000E-8	3.268311E-2
4.095000E-8	3.254950E-2
4.100000E-8	3.246214E-2
4.105000E-8	3.244329E-2
4.110000E-8	3.247755E-2
4.115000E-8	3.253751E-2
4.120000E-8	3.262144E-2
4.125000E-8	3.274991E-2
4.130000E-8	3.290065E-2
4.135000E-8	3.301371E-2
4.140000E-8	3.308394E-2
4.145000E-8	3.314903E-2
4.150000E-8	3.320556E-2
4.155000E-8	3.325009E-2
4.160000E-8	3.329463E-2
4.165000E-8	3.336315E-2
4.170000E-8	3.340768E-2
4.175000E-8	3.337171E-2
4.180000E-8	3.323125E-2
4.185000E-8	3.301885E-2
4.190000E-8	3.280644E-2
4.195000E-8	3.259746E-2
4.200000E-8	3.239019E-2
4.205000E-8	3.221376E-2
4.210000E-8	3.209557E-2
4.215000E-8	3.203390E-2
4.220000E-8	3.201506E-2
4.225000E-8	3.204760E-2
4.230000E-8	3.214695E-2
4.235000E-8	3.229427E-2
4.240000E-8	3.245015E-2
4.245000E-8	3.262144E-2
4.250000E-8	3.281500E-2
4.255000E-8	3.297088E-2
4.260000E-8	3.305824E-2
4.265000E-8	3.310107E-2
4.270000E-8	3.310278E-2
4.275000E-8	3.305653E-2
4.280000E-8	3.295718E-2
4.285000E-8	3.282186E-2
4.290000E-8	3.266255E-2
4.295000E-8	3.250153E-2
4.300000E-8	3.235422E-2
4.305000E-8	3.222918E-2
4.310000E-8	3.216922E-2
4.315000E-8	3.218293E-2
4.320000E-8	3.223774E-2
4.325000E-8	3.232853E-2
4.330000E-8	3.244329E-2
4.335000E-8	3.252894E-2
4.340000E-8	3.258204E-2
4.345000E-8	3.263172E-2
4.350000E-8	3.265913E-2
4.355000E-8	3.263343E-2
4.360000E-8	3.259232E-2
4.365000E-8	3.254265E-2
4.370000E-8	3.246556E-2
4.375000E-8	3.237820E-2
4.380000E-8	3.229598E-2
4.385000E-8	3.221376E-2
4.390000E-8	3.211955E-2
4.395000E-8	3.205617E-2
4.400000E-8	3.201334E-2
4.405000E-8	3.197052E-2
4.410000E-8	3.194311E-2
4.415000E-8	3.192598E-2
4.420000E-8	3.191228E-2
4.425000E-8	3.191228E-2
4.430000E-8	3.193797E-2
4.435000E-8	3.197566E-2
4.440000E-8	3.199621E-2
4.445000E-8	3.200992E-2
4.450000E-8	3.204075E-2
4.455000E-8	3.208700E-2
4.460000E-8	3.211269E-2
4.465000E-8	3.209728E-2
4.470000E-8	3.208357E-2
4.475000E-8	3.208700E-2
4.480000E-8	3.204932E-2
4.485000E-8	3.195510E-2
4.490000E-8	3.184890E-2
4.495000E-8	3.177182E-2
4.500000E-8	3.171015E-2
4.505000E-8	3.165191E-2
4.510000E-8	3.162450E-2
4.515000E-8	3.162450E-2
4.520000E-8	3.161251E-2
4.525000E-8	3.157997E-2
4.530000E-8	3.156284E-2
4.535000E-8	3.155085E-2
4.540000E-8	3.153714E-2
4.545000E-8	3.155599E-2
4.550000E-8	3.159538E-2
4.555000E-8	3.162108E-2
4.560000E-8	3.161936E-2
4.565000E-8	3.164506E-2
4.570000E-8	3.168446E-2
4.575000E-8	3.170501E-2
4.580000E-8	3.169816E-2
4.585000E-8	3.166048E-2
4.590000E-8	3.160909E-2
4.595000E-8	3.156112E-2
4.600000E-8	3.153029E-2
4.605000E-8	3.148918E-2
4.610000E-8	3.143094E-2
4.615000E-8	3.134015E-2
4.620000E-8	3.122025E-2
4.625000E-8	3.111918E-2
4.630000E-8	3.106266E-2
4.635000E-8	3.103867E-2
4.640000E-8	3.103525E-2
4.645000E-8	3.106780E-2
4.650000E-8	3.112432E-2
4.655000E-8	3.118085E-2
4.660000E-8	3.125279E-2
4.665000E-8	3.134701E-2
4.670000E-8	3.143437E-2
4.675000E-8	3.148233E-2
4.680000E-8	3.149775E-2
4.685000E-8	3.149261E-2
4.690000E-8	3.146691E-2
4.695000E-8	3.141381E-2
4.700000E-8	3.134358E-2
4.705000E-8	3.127506E-2
4.710000E-8	3.120312E-2
4.715000E-8	3.113460E-2
4.720000E-8	3.109178E-2
4.725000E-8	3.107465E-2
4.730000E-8	3.106266E-2
4.735000E-8	3.107465E-2
4.740000E-8	3.115002E-2
4.745000E-8	3.126821E-2
4.750000E-8	3.138469E-2
4.755000E-8	3.148404E-2
4.760000E-8	3.158853E-2
4.765000E-8	3.167075E-2
4.770000E-8	3.169302E-2
4.775000E-8	3.166390E-2
4.780000E-8	3.162622E-2
4.785000E-8	3.156626E-2
4.790000E-8	3.147034E-2
4.795000E-8	3.138812E-2
4.800000E-8	3.132816E-2
4.805000E-8	3.124594E-2
4.810000E-8	3.115173E-2
4.815000E-8	3.110548E-2
4.820000E-8	3.109006E-2
4.825000E-8	3.108492E-2
4.830000E-8	3.109349E-2
4.835000E-8	3.111918E-2
4.840000E-8	3.113289E-2
4.845000E-8	3.112775E-2
4.850000E-8	3.112604E-2
4.855000E-8	3.111404E-2
4.860000E-8	3.106266E-2
4.865000E-8	3.098215E-2
4.870000E-8	3.090678E-2
4.875000E-8	3.086395E-2
4.880000E-8	3.083997E-2
4.885000E-8	3.084340E-2
4.890000E-8	3.087423E-2
4.895000E-8	3.090849E-2
4.900000E-8	3.092219E-2
4.905000E-8	3.092905E-2
4.910000E-8	3.091020E-2
4.915000E-8	3.086053E-2
4.920000E-8	3.079201E-2
4.925000E-8	3.073548E-2
4.930000E-8	3.069780E-2
4.935000E-8	3.067039E-2
4.940000E-8	3.066696E-2
4.945000E-8	3.069437E-2
4.950000E-8	3.075090E-2
4.955000E-8	3.082456E-2
4.960000E-8	3.090678E-2
4.965000E-8	3.095645E-2
4.970000E-8	3.095645E-2
4.975000E-8	3.091192E-2
4.980000E-8	3.080400E-2
4.985000E-8	3.067039E-2
4.990000E-8	3.056076E-2
4.995000E-8	3.047683E-2
5.000000E-8	3.038775E-2
5.005000E-8	3.030382E-2
5.010000E-8	3.026100E-2
5.015000E-8	3.026271E-2
5.020000E-8	3.028155E-2
5.025000E-8	3.032780E-2
5.030000E-8	3.042030E-2
5.035000E-8	3.052650E-2
5.040000E-8	3.062243E-2
5.045000E-8	3.068238E-2
5.050000E-8	3.070465E-2
5.055000E-8	3.070465E-2
5.060000E-8	3.068409E-2
5.065000E-8	3.064812E-2
5.070000E-8	3.057789E-2
5.075000E-8	3.049910E-2
5.080000E-8	3.042886E-2
5.085000E-8	3.035178E-2
5.090000E-8	3.026271E-2
5.095000E-8	3.018049E-2
5.100000E-8	3.013252E-2
5.105000E-8	3.010683E-2
5.110000E-8	3.010854E-2
5.115000E-8	3.017192E-2
5.120000E-8	3.027813E-2
5.125000E-8	3.037234E-2
5.130000E-8	3.041516E-2
5.135000E-8	3.042886E-2
5.140000E-8	3.039632E-2
5.145000E-8	3.031924E-2
5.150000E-8	3.021646E-2
5.155000E-8	3.012910E-2
5.160000E-8	3.002975E-2
5.165000E-8	2.991841E-2
5.170000E-8	2.982419E-2
5.175000E-8	2.975568E-2
5.180000E-8	2.971799E-2
5.185000E-8	2.972313E-2
5.190000E-8	2.976424E-2
5.195000E-8	2.982077E-2
5.200000E-8	2.987901E-2
5.205000E-8	2.996808E-2
5.210000E-8	3.007428E-2
5.215000E-8	3.017535E-2
5.220000E-8	3.025414E-2
5.225000E-8	3.030896E-2
5.230000E-8	3.032437E-2
5.235000E-8	3.030725E-2
5.240000E-8	3.026613E-2
5.245000E-8	3.021475E-2
5.250000E-8	3.015137E-2
5.255000E-8	3.006229E-2
5.260000E-8	2.993896E-2
5.265000E-8	2.978822E-2
5.270000E-8	2.964433E-2
5.275000E-8	2.952957E-2
5.280000E-8	2.944906E-2
5.285000E-8	2.940966E-2
5.290000E-8	2.940966E-2
5.295000E-8	2.944392E-2
5.300000E-8	2.950216E-2
5.305000E-8	2.956554E-2
5.310000E-8	2.964091E-2
5.315000E-8	2.974197E-2
5.320000E-8	2.983618E-2
5.325000E-8	2.988586E-2
5.330000E-8	2.992183E-2
5.335000E-8	2.995095E-2
5.340000E-8	2.994753E-2
5.345000E-8	2.990299E-2
5.350000E-8	2.987216E-2
5.355000E-8	2.984304E-2
5.360000E-8	2.977452E-2
5.365000E-8	2.968202E-2
5.370000E-8	2.960836E-2
5.375000E-8	2.954841E-2
5.380000E-8	2.950216E-2
5.385000E-8	2.950387E-2
5.390000E-8	2.954670E-2
5.395000E-8	2.961693E-2
5.400000E-8	2.970086E-2
5.405000E-8	2.975568E-2
5.410000E-8	2.977109E-2
5.415000E-8	2.977623E-2
5.420000E-8	2.977623E-2
5.425000E-8	2.974197E-2
5.430000E-8	2.967174E-2
5.435000E-8	2.958267E-2
5.440000E-8	2.948846E-2
5.445000E-8	2.940966E-2
5.450000E-8	2.936341E-2
5.455000E-8	2.932401E-2
5.460000E-8	2.928633E-2
5.465000E-8	2.928290E-2
5.470000E-8	2.931373E-2
5.475000E-8	2.933772E-2
5.480000E-8	2.936684E-2
5.485000E-8	2.942508E-2
5.490000E-8	2.946619E-2
5.495000E-8	2.945762E-2
5.500000E-8	2.943878E-2
5.505000E-8	2.940109E-2
5.510000E-8	2.931716E-2
5.515000E-8	2.921610E-2
5.520000E-8	2.914073E-2
5.525000E-8	2.906193E-2
5.530000E-8	2.900369E-2
5.535000E-8	2.901911E-2
5.540000E-8	2.906364E-2
5.545000E-8	2.910647E-2
5.550000E-8	2.920753E-2
5.555000E-8	2.934971E-2
5.560000E-8	2.945420E-2
5.565000E-8	2.950558E-2
5.570000E-8	2.955012E-2
5.575000E-8	2.955355E-2
5.580000E-8	2.949531E-2
5.585000E-8	2.941822E-2
5.590000E-8	2.932401E-2
5.595000E-8	2.921438E-2
5.600000E-8	2.912017E-2
5.605000E-8	2.904309E-2
5.610000E-8	2.896943E-2
5.615000E-8	2.895230E-2
5.620000E-8	2.898485E-2
5.625000E-8	2.903281E-2
5.630000E-8	2.909448E-2
5.635000E-8	2.919725E-2
5.640000E-8	2.931373E-2
5.645000E-8	2.939082E-2
5.650000E-8	2.945077E-2
5.655000E-8	2.948503E-2
5.660000E-8	2.948332E-2
5.665000E-8	2.946790E-2
5.670000E-8	2.945591E-2
5.675000E-8	2.942165E-2
5.680000E-8	2.933772E-2
5.685000E-8	2.923151E-2
5.690000E-8	2.912531E-2
5.695000E-8	2.903110E-2
5.700000E-8	2.895059E-2
5.705000E-8	2.889406E-2
5.710000E-8	2.888207E-2
5.715000E-8	2.893003E-2
5.720000E-8	2.903110E-2
5.725000E-8	2.912702E-2
5.730000E-8	2.919211E-2
5.735000E-8	2.924522E-2
5.740000E-8	2.928975E-2
5.745000E-8	2.931202E-2
5.750000E-8	2.928290E-2
5.755000E-8	2.920582E-2
5.760000E-8	2.907563E-2
5.765000E-8	2.893003E-2
5.770000E-8	2.880670E-2
5.775000E-8	2.868337E-2
5.780000E-8	2.853092E-2
5.785000E-8	2.837161E-2
5.790000E-8	2.823800E-2
5.795000E-8	2.813180E-2
5.800000E-8	2.806499E-2
5.805000E-8	2.805472E-2
5.810000E-8	2.807698E-2
5.815000E-8	2.811981E-2
5.820000E-8	2.819346E-2
5.825000E-8	2.827397E-2
5.830000E-8	2.834592E-2
5.835000E-8	2.844869E-2
5.840000E-8	2.859943E-2
5.845000E-8	2.876559E-2
5.850000E-8	2.891119E-2
5.855000E-8	2.905850E-2
5.860000E-8	2.921610E-2
5.865000E-8	2.932230E-2
5.870000E-8	2.934971E-2
5.875000E-8	2.931887E-2
5.880000E-8	2.924522E-2
5.885000E-8	2.911503E-2
5.890000E-8	2.894716E-2
5.895000E-8	2.878957E-2
5.900000E-8	2.867138E-2
5.905000E-8	2.858744E-2
5.910000E-8	2.853777E-2
5.915000E-8	2.851893E-2
5.920000E-8	2.852578E-2
5.925000E-8	2.854462E-2
5.930000E-8	2.855832E-2
5.935000E-8	2.857203E-2
5.940000E-8	2.857717E-2
5.945000E-8	2.857545E-2
5.950000E-8	2.857545E-2
5.955000E-8	2.859258E-2
5.960000E-8	2.862170E-2
5.965000E-8	2.865767E-2
5.970000E-8	2.870221E-2
5.975000E-8	2.875017E-2
5.980000E-8	2.875531E-2
5.985000E-8	2.873647E-2
5.990000E-8	2.872619E-2
5.995000E-8	2.870735E-2
6.000000E-8	2.868679E-2
6.005000E-8	2.865254E-2
6.010000E-8	2.859601E-2
6.015000E-8	2.851893E-2
6.020000E-8	2.844869E-2
6.025000E-8	2.838532E-2
6.030000E-8	2.833564E-2
6.035000E-8	2.833221E-2
6.040000E-8	2.839388E-2
6.045000E-8	2.846069E-2
6.050000E-8	2.851379E-2
6.055000E-8	2.856518E-2
6.060000E-8	2.858744E-2
6.065000E-8	2.859087E-2
6.070000E-8	2.860115E-2
6.075000E-8	2.860115E-2
6.080000E-8	2.855147E-2
6.085000E-8	2.849494E-2
6.090000E-8	2.847268E-2
6.095000E-8	2.845383E-2
6.100000E-8	2.841444E-2
6.105000E-8	2.838189E-2
6.110000E-8	2.835106E-2
6.115000E-8	2.829110E-2
6.120000E-8	2.821231E-2
6.125000E-8	2.813351E-2
6.130000E-8	2.803759E-2
6.135000E-8	2.791768E-2
6.140000E-8	2.781319E-2
6.145000E-8	2.774467E-2
6.150000E-8	2.768814E-2
6.155000E-8	2.765389E-2
6.160000E-8	2.764875E-2
6.165000E-8	2.765902E-2
6.170000E-8	2.765389E-2
6.175000E-8	2.764018E-2
6.180000E-8	2.763676E-2
6.185000E-8	2.764018E-2
6.190000E-8	2.761449E-2
6.195000E-8	2.756995E-2
6.200000E-8	2.753055E-2
6.205000E-8	2.749458E-2
6.210000E-8	2.745347E-2
6.215000E-8	2.742606E-2
6.220000E-8	2.745004E-2
6.225000E-8	2.752713E-2
6.230000E-8	2.761277E-2
6.235000E-8	2.766588E-2
6.240000E-8	2.771726E-2
6.245000E-8	2.779263E-2
6.250000E-8	2.785430E-2
6.255000E-8	2.787314E-2
6.260000E-8	2.787828E-2
6.265000E-8	2.788342E-2
6.270000E-8	2.786115E-2
6.275000E-8	2.782861E-2
6.280000E-8	2.780634E-2
6.285000E-8	2.778750E-2
6.290000E-8	2.776865E-2
6.295000E-8	2.776009E-2
6.300000E-8	2.776523E-2
6.305000E-8	2.778578E-2
6.310000E-8	2.781490E-2
6.315000E-8	2.781833E-2
6.320000E-8	2.776009E-2
6.325000E-8	2.768129E-2
6.330000E-8	2.762648E-2
6.335000E-8	2.757852E-2
6.340000E-8	2.751342E-2
6.345000E-8	2.743805E-2
6.350000E-8	2.735926E-2
6.355000E-8	2.727875E-2
6.360000E-8	2.722394E-2
6.365000E-8	2.718454E-2
6.370000E-8	2.714000E-2
6.375000E-8	2.714343E-2
6.380000E-8	2.720852E-2
6.385000E-8	2.728560E-2
6.390000E-8	2.735755E-2
6.395000E-8	2.744662E-2
6.400000E-8	2.754768E-2
6.405000E-8	2.762477E-2
6.410000E-8	2.765731E-2
6.415000E-8	2.765046E-2
6.420000E-8	2.760935E-2
6.425000E-8	2.755453E-2
6.430000E-8	2.751171E-2
6.435000E-8	2.746546E-2
6.440000E-8	2.740037E-2
6.445000E-8	2.734555E-2
6.450000E-8	2.732671E-2
6.455000E-8	2.735583E-2
6.460000E-8	2.739694E-2
6.465000E-8	2.745004E-2
6.470000E-8	2.752713E-2
6.475000E-8	2.761963E-2
6.480000E-8	2.771041E-2
6.485000E-8	2.777208E-2
6.490000E-8	2.780634E-2
6.495000E-8	2.783375E-2
6.500000E-8	2.785430E-2
6.505000E-8	2.784231E-2
6.510000E-8	2.781319E-2
6.515000E-8	2.777893E-2
6.520000E-8	2.773782E-2
6.525000E-8	2.768301E-2
6.530000E-8	2.764361E-2
6.535000E-8	2.763333E-2
6.540000E-8	2.764532E-2
6.545000E-8	2.768129E-2
6.550000E-8	2.773782E-2
6.555000E-8	2.779092E-2
6.560000E-8	2.781490E-2
6.565000E-8	2.780634E-2
6.570000E-8	2.777551E-2
6.575000E-8	2.773097E-2
6.580000E-8	2.767273E-2
6.585000E-8	2.759393E-2
6.590000E-8	2.748430E-2
6.595000E-8	2.736954E-2
6.600000E-8	2.726505E-2
6.605000E-8	2.717597E-2
6.610000E-8	2.711602E-2
6.615000E-8	2.708347E-2
6.620000E-8	2.707491E-2
6.625000E-8	2.707320E-2
6.630000E-8	2.706806E-2
6.635000E-8	2.704750E-2
6.640000E-8	2.703037E-2
6.645000E-8	2.703722E-2
6.650000E-8	2.704579E-2
6.655000E-8	2.702523E-2
6.660000E-8	2.698241E-2
6.665000E-8	2.694130E-2
6.670000E-8	2.691560E-2
6.675000E-8	2.688477E-2
6.680000E-8	2.684366E-2
6.685000E-8	2.678542E-2
6.690000E-8	2.674260E-2
6.695000E-8	2.673232E-2
6.700000E-8	2.673061E-2
6.705000E-8	2.671690E-2
6.710000E-8	2.672547E-2
6.715000E-8	2.678199E-2
6.720000E-8	2.685736E-2
6.725000E-8	2.693787E-2
6.730000E-8	2.704921E-2
6.735000E-8	2.716912E-2
6.740000E-8	2.724963E-2
6.745000E-8	2.728731E-2
6.750000E-8	2.731643E-2
6.755000E-8	2.730958E-2
6.760000E-8	2.725648E-2
6.765000E-8	2.715542E-2
6.770000E-8	2.702009E-2
6.775000E-8	2.683852E-2
6.780000E-8	2.665010E-2
6.785000E-8	2.647880E-2
6.790000E-8	2.632635E-2
6.795000E-8	2.617732E-2
6.800000E-8	2.607626E-2
6.805000E-8	2.605742E-2
6.810000E-8	2.610538E-2
6.815000E-8	2.620473E-2
6.820000E-8	2.634005E-2
6.825000E-8	2.648223E-2
6.830000E-8	2.662612E-2
6.835000E-8	2.675973E-2
6.840000E-8	2.688306E-2
6.845000E-8	2.699783E-2
6.850000E-8	2.708861E-2
6.855000E-8	2.712116E-2
6.860000E-8	2.709375E-2
6.865000E-8	2.705435E-2
6.870000E-8	2.701324E-2
6.875000E-8	2.695329E-2
6.880000E-8	2.689847E-2
6.885000E-8	2.687963E-2
6.890000E-8	2.690019E-2
6.895000E-8	2.693445E-2
6.900000E-8	2.696357E-2
6.905000E-8	2.699611E-2
6.910000E-8	2.702181E-2
6.915000E-8	2.701496E-2
6.920000E-8	2.697727E-2
6.925000E-8	2.692246E-2
6.930000E-8	2.687449E-2
6.935000E-8	2.681625E-2
6.940000E-8	2.672889E-2
6.945000E-8	2.663125E-2
6.950000E-8	2.654561E-2
6.955000E-8	2.650450E-2
6.960000E-8	2.647880E-2
6.965000E-8	2.644112E-2
6.970000E-8	2.643427E-2
6.975000E-8	2.647024E-2
6.980000E-8	2.650792E-2
6.985000E-8	2.651649E-2
6.990000E-8	2.651135E-2
6.995000E-8	2.650450E-2
7.000000E-8	2.647366E-2
7.005000E-8	2.641885E-2
7.010000E-8	2.636403E-2
7.015000E-8	2.629552E-2
7.020000E-8	2.619788E-2
7.025000E-8	2.610367E-2
7.030000E-8	2.604885E-2
7.035000E-8	2.600603E-2
7.040000E-8	2.595635E-2
7.045000E-8	2.590668E-2
7.050000E-8	2.587927E-2
7.055000E-8	2.588098E-2
7.060000E-8	2.589811E-2
7.065000E-8	2.591182E-2
7.070000E-8	2.592723E-2
7.075000E-8	2.594607E-2
7.080000E-8	2.594607E-2
7.085000E-8	2.591182E-2
7.090000E-8	2.585015E-2
7.095000E-8	2.576108E-2
7.100000E-8	2.567029E-2
7.105000E-8	2.558635E-2
7.110000E-8	2.550242E-2
7.115000E-8	2.542191E-2
7.120000E-8	2.537909E-2
7.125000E-8	2.538594E-2
7.130000E-8	2.542705E-2
7.135000E-8	2.550756E-2
7.140000E-8	2.560862E-2
7.145000E-8	2.569770E-2
7.150000E-8	2.576450E-2
7.155000E-8	2.584501E-2
7.160000E-8	2.596149E-2
7.165000E-8	2.606941E-2
7.170000E-8	2.613621E-2
7.175000E-8	2.617047E-2
7.180000E-8	2.619788E-2
7.185000E-8	2.620644E-2
7.190000E-8	2.615677E-2
7.195000E-8	2.605742E-2
7.200000E-8	2.594607E-2
7.205000E-8	2.582617E-2
7.210000E-8	2.570626E-2
7.215000E-8	2.561548E-2
7.220000E-8	2.557265E-2
7.225000E-8	2.554353E-2
7.230000E-8	2.553325E-2
7.235000E-8	2.557779E-2
7.240000E-8	2.565830E-2
7.245000E-8	2.574223E-2
7.250000E-8	2.583645E-2
7.255000E-8	2.595807E-2
7.260000E-8	2.606598E-2
7.265000E-8	2.614135E-2
7.270000E-8	2.621672E-2
7.275000E-8	2.627496E-2
7.280000E-8	2.625441E-2
7.285000E-8	2.619103E-2
7.290000E-8	2.611223E-2
7.295000E-8	2.602830E-2
7.300000E-8	2.593408E-2
7.305000E-8	2.585871E-2
7.310000E-8	2.578848E-2
7.315000E-8	2.574223E-2
7.320000E-8	2.572168E-2
7.325000E-8	2.570112E-2
7.330000E-8	2.568571E-2
7.335000E-8	2.569084E-2
7.340000E-8	2.570969E-2
7.345000E-8	2.567372E-2
7.350000E-8	2.556923E-2
7.355000E-8	2.546474E-2
7.360000E-8	2.536025E-2
7.365000E-8	2.525747E-2
7.370000E-8	2.519580E-2
7.375000E-8	2.519066E-2
7.380000E-8	2.521978E-2
7.385000E-8	2.528145E-2
7.390000E-8	2.538080E-2
7.395000E-8	2.550242E-2
7.400000E-8	2.563432E-2
7.405000E-8	2.577649E-2
7.410000E-8	2.591010E-2
7.415000E-8	2.599061E-2
7.420000E-8	2.601973E-2
7.425000E-8	2.600945E-2
7.430000E-8	2.594779E-2
7.435000E-8	2.585186E-2
7.440000E-8	2.578506E-2
7.445000E-8	2.575765E-2
7.450000E-8	2.572682E-2
7.455000E-8	2.569427E-2
7.460000E-8	2.569256E-2
7.465000E-8	2.570969E-2
7.470000E-8	2.571825E-2
7.475000E-8	2.573881E-2
7.480000E-8	2.577478E-2
7.485000E-8	2.579362E-2
7.490000E-8	2.578848E-2
7.495000E-8	2.576621E-2
7.500000E-8	2.571140E-2
7.505000E-8	2.562404E-2
7.510000E-8	2.554524E-2
7.515000E-8	2.548015E-2
7.520000E-8	2.542020E-2
7.525000E-8	2.537224E-2
7.530000E-8	2.534483E-2
7.535000E-8	2.534654E-2
7.540000E-8	2.538594E-2
7.545000E-8	2.544075E-2
7.550000E-8	2.549386E-2
7.555000E-8	2.554182E-2
7.560000E-8	2.558293E-2
7.565000E-8	2.558635E-2
7.570000E-8	2.556237E-2
7.575000E-8	2.551955E-2
7.580000E-8	2.543390E-2
7.585000E-8	2.531913E-2
7.590000E-8	2.520951E-2
7.595000E-8	2.514955E-2
7.600000E-8	2.512043E-2
7.605000E-8	2.510673E-2
7.610000E-8	2.512215E-2
7.615000E-8	2.515983E-2
7.620000E-8	2.519066E-2
7.625000E-8	2.520608E-2
7.630000E-8	2.522492E-2
7.635000E-8	2.523177E-2
7.640000E-8	2.520951E-2
7.645000E-8	2.515812E-2
7.650000E-8	2.512900E-2
7.655000E-8	2.513927E-2
7.660000E-8	2.516154E-2
7.665000E-8	2.518381E-2
7.670000E-8	2.519580E-2
7.675000E-8	2.520437E-2
7.680000E-8	2.522835E-2
7.685000E-8	2.527460E-2
7.690000E-8	2.532427E-2
7.695000E-8	2.535511E-2
7.700000E-8	2.539622E-2
7.705000E-8	2.547330E-2
7.710000E-8	2.554182E-2
7.715000E-8	2.558293E-2
7.720000E-8	2.562061E-2
7.725000E-8	2.566172E-2
7.730000E-8	2.567029E-2
7.735000E-8	2.566858E-2
7.740000E-8	2.565316E-2
7.745000E-8	2.560520E-2
7.750000E-8	2.551099E-2
7.755000E-8	2.539108E-2
7.760000E-8	2.527289E-2
7.765000E-8	2.513242E-2
7.770000E-8	2.496798E-2
7.775000E-8	2.479497E-2
7.780000E-8	2.463224E-2
7.785000E-8	2.448664E-2
7.790000E-8	2.438558E-2
7.795000E-8	2.435646E-2
7.800000E-8	2.437873E-2
7.805000E-8	2.442497E-2
7.810000E-8	2.452090E-2
7.815000E-8	2.467678E-2
7.820000E-8	2.485664E-2
7.825000E-8	2.502622E-2
7.830000E-8	2.518724E-2
7.835000E-8	2.533455E-2
7.840000E-8	2.544761E-2
7.845000E-8	2.552126E-2
7.850000E-8	2.554696E-2
7.855000E-8	2.550756E-2
7.860000E-8	2.540307E-2
7.865000E-8	2.525747E-2
7.870000E-8	2.510159E-2
7.875000E-8	2.495770E-2
7.880000E-8	2.484293E-2
7.885000E-8	2.474872E-2
7.890000E-8	2.468192E-2
7.895000E-8	2.466136E-2
7.900000E-8	2.468192E-2
7.905000E-8	2.472132E-2
7.910000E-8	2.481039E-2
7.915000E-8	2.495256E-2
7.920000E-8	2.509645E-2
7.925000E-8	2.522492E-2
7.930000E-8	2.534312E-2
7.935000E-8	2.542705E-2
7.940000E-8	2.547330E-2
7.945000E-8	2.549899E-2
7.950000E-8	2.548872E-2
7.955000E-8	2.542191E-2
7.960000E-8	2.535339E-2
7.965000E-8	2.530714E-2
7.970000E-8	2.523863E-2
7.975000E-8	2.513414E-2
7.980000E-8	2.503650E-2
7.985000E-8	2.493886E-2
7.990000E-8	2.482067E-2
7.995000E-8	2.472474E-2
8.000000E-8	2.465794E-2
8.005000E-8	2.459456E-2
8.010000E-8	2.452946E-2
8.015000E-8	2.446951E-2
8.020000E-8	2.438558E-2
8.025000E-8	2.432048E-2
8.030000E-8	2.431192E-2
8.035000E-8	2.432562E-2
8.040000E-8	2.431706E-2
8.045000E-8	2.433590E-2
8.050000E-8	2.440099E-2
8.055000E-8	2.448150E-2
8.060000E-8	2.455858E-2
8.065000E-8	2.465108E-2
8.070000E-8	2.474358E-2
8.075000E-8	2.480354E-2
8.080000E-8	2.482409E-2
8.085000E-8	2.478469E-2
8.090000E-8	2.467849E-2
8.095000E-8	2.455858E-2
8.100000E-8	2.443183E-2
8.105000E-8	2.432391E-2
8.110000E-8	2.426053E-2
8.115000E-8	2.423141E-2
8.120000E-8	2.420572E-2
8.125000E-8	2.418345E-2
8.130000E-8	2.421086E-2
8.135000E-8	2.428794E-2
8.140000E-8	2.438558E-2
8.145000E-8	2.449521E-2
8.150000E-8	2.458599E-2
8.155000E-8	2.464081E-2
8.160000E-8	2.466821E-2
8.165000E-8	2.469219E-2
8.170000E-8	2.470419E-2
8.175000E-8	2.470590E-2
8.180000E-8	2.471789E-2
8.185000E-8	2.471789E-2
8.190000E-8	2.467849E-2
8.195000E-8	2.464423E-2
8.200000E-8	2.465280E-2
8.205000E-8	2.467849E-2
8.210000E-8	2.467507E-2
8.215000E-8	2.465280E-2
8.220000E-8	2.462025E-2
8.225000E-8	2.457058E-2
8.230000E-8	2.449178E-2
8.235000E-8	2.441298E-2
8.240000E-8	2.437701E-2
8.245000E-8	2.438215E-2
8.250000E-8	2.439757E-2
8.255000E-8	2.443525E-2
8.260000E-8	2.452433E-2
8.265000E-8	2.465108E-2
8.270000E-8	2.475729E-2
8.275000E-8	2.486006E-2
8.280000E-8	2.496455E-2
8.285000E-8	2.503650E-2
8.290000E-8	2.506391E-2
8.295000E-8	2.506219E-2
8.300000E-8	2.502279E-2
8.305000E-8	2.493715E-2
8.310000E-8	2.483608E-2
8.315000E-8	2.473331E-2
8.320000E-8	2.460826E-2
8.325000E-8	2.444210E-2
8.330000E-8	2.429993E-2
8.335000E-8	2.420229E-2
8.340000E-8	2.413206E-2
8.345000E-8	2.408581E-2
8.350000E-8	2.406183E-2
8.355000E-8	2.404984E-2
8.360000E-8	2.406012E-2
8.365000E-8	2.412350E-2
8.370000E-8	2.422285E-2
8.375000E-8	2.431363E-2
8.380000E-8	2.439414E-2
8.385000E-8	2.446951E-2
8.390000E-8	2.451405E-2
8.395000E-8	2.451234E-2
8.400000E-8	2.449349E-2
8.405000E-8	2.447294E-2
8.410000E-8	2.442840E-2
8.415000E-8	2.436160E-2
8.420000E-8	2.430164E-2
8.425000E-8	2.423484E-2
8.430000E-8	2.413549E-2
8.435000E-8	2.404127E-2
8.440000E-8	2.399160E-2
8.445000E-8	2.396590E-2
8.450000E-8	2.393507E-2
8.455000E-8	2.391280E-2
8.460000E-8	2.391109E-2
8.465000E-8	2.390081E-2
8.470000E-8	2.385970E-2
8.475000E-8	2.380660E-2
8.480000E-8	2.377405E-2
8.485000E-8	2.375007E-2
8.490000E-8	2.372267E-2
8.495000E-8	2.371239E-2
8.500000E-8	2.371924E-2
8.505000E-8	2.373466E-2
8.510000E-8	2.377234E-2
8.515000E-8	2.386141E-2
8.520000E-8	2.397618E-2
8.525000E-8	2.407382E-2
8.530000E-8	2.415775E-2
8.535000E-8	2.421599E-2
8.540000E-8	2.423141E-2
8.545000E-8	2.421771E-2
8.550000E-8	2.420058E-2
8.555000E-8	2.418687E-2
8.560000E-8	2.414405E-2
8.565000E-8	2.404641E-2
8.570000E-8	2.391965E-2
8.575000E-8	2.378604E-2
8.580000E-8	2.367128E-2
8.585000E-8	2.358049E-2
8.590000E-8	2.351026E-2
8.595000E-8	2.347771E-2
8.600000E-8	2.346572E-2
8.605000E-8	2.348457E-2
8.610000E-8	2.354966E-2
8.615000E-8	2.364216E-2
8.620000E-8	2.374493E-2
8.625000E-8	2.386313E-2
8.630000E-8	2.399331E-2
8.635000E-8	2.411664E-2
8.640000E-8	2.423998E-2
8.645000E-8	2.436673E-2
8.650000E-8	2.446951E-2
8.655000E-8	2.451576E-2
8.660000E-8	2.453460E-2
8.665000E-8	2.453632E-2
8.670000E-8	2.449863E-2
8.675000E-8	2.442497E-2
8.680000E-8	2.434960E-2
8.685000E-8	2.424340E-2
8.690000E-8	2.408581E-2
8.695000E-8	2.391794E-2
8.700000E-8	2.378947E-2
8.705000E-8	2.370725E-2
8.710000E-8	2.366442E-2
8.715000E-8	2.369183E-2
8.720000E-8	2.377234E-2
8.725000E-8	2.387512E-2
8.730000E-8	2.398817E-2
8.735000E-8	2.410123E-2
8.740000E-8	2.421086E-2
8.745000E-8	2.430507E-2
8.750000E-8	2.437016E-2
8.755000E-8	2.439757E-2
8.760000E-8	2.438558E-2
8.765000E-8	2.432391E-2
8.770000E-8	2.421599E-2
8.775000E-8	2.407553E-2
8.780000E-8	2.393336E-2
8.785000E-8	2.377748E-2
8.790000E-8	2.360961E-2
8.795000E-8	2.345202E-2
8.800000E-8	2.332012E-2
8.805000E-8	2.322077E-2
8.810000E-8	2.316938E-2
8.815000E-8	2.317110E-2
8.820000E-8	2.323105E-2
8.825000E-8	2.331498E-2
8.830000E-8	2.341262E-2
8.835000E-8	2.353081E-2
8.840000E-8	2.370554E-2
8.845000E-8	2.389910E-2
8.850000E-8	2.405326E-2
8.855000E-8	2.416461E-2
8.860000E-8	2.424683E-2
8.865000E-8	2.427766E-2
8.870000E-8	2.424340E-2
8.875000E-8	2.413720E-2
8.880000E-8	2.392137E-2
8.885000E-8	2.364901E-2
8.890000E-8	2.341262E-2
8.895000E-8	2.322934E-2
8.900000E-8	2.304948E-2
8.905000E-8	2.289702E-2
8.910000E-8	2.282508E-2
8.915000E-8	2.282508E-2
8.920000E-8	2.288161E-2
8.925000E-8	2.299295E-2
8.930000E-8	2.316082E-2
8.935000E-8	2.339035E-2
8.940000E-8	2.361989E-2
8.945000E-8	2.378262E-2
8.950000E-8	2.385628E-2
8.955000E-8	2.387854E-2
8.960000E-8	2.386141E-2
8.965000E-8	2.378947E-2
8.970000E-8	2.369183E-2
8.975000E-8	2.360618E-2
8.980000E-8	2.350169E-2
8.985000E-8	2.338864E-2
8.990000E-8	2.331841E-2
8.995000E-8	2.329614E-2
9.000000E-8	2.328244E-2
9.005000E-8	2.327730E-2
9.010000E-8	2.329271E-2
9.015000E-8	2.330299E-2
9.020000E-8	2.328758E-2
9.025000E-8	2.326702E-2
9.030000E-8	2.323276E-2
9.035000E-8	2.318822E-2
9.040000E-8	2.316082E-2
9.045000E-8	2.313170E-2
9.050000E-8	2.308716E-2
9.055000E-8	2.305633E-2
9.060000E-8	2.304091E-2
9.065000E-8	2.302036E-2
9.070000E-8	2.298096E-2
9.075000E-8	2.294156E-2
9.080000E-8	2.292100E-2
9.085000E-8	2.291244E-2
9.090000E-8	2.292443E-2
9.095000E-8	2.295526E-2
9.100000E-8	2.299466E-2
9.105000E-8	2.303577E-2
9.110000E-8	2.307003E-2
9.115000E-8	2.309915E-2
9.120000E-8	2.313855E-2
9.125000E-8	2.318480E-2
9.130000E-8	2.322762E-2
9.135000E-8	2.326188E-2
9.140000E-8	2.328072E-2
9.145000E-8	2.328929E-2
9.150000E-8	2.327387E-2
9.155000E-8	2.324304E-2
9.160000E-8	2.321049E-2
9.165000E-8	2.315397E-2
9.170000E-8	2.308031E-2
9.175000E-8	2.299980E-2
9.180000E-8	2.294841E-2
9.185000E-8	2.292272E-2
9.190000E-8	2.291415E-2
9.195000E-8	2.293642E-2
9.200000E-8	2.296554E-2
9.205000E-8	2.297411E-2
9.210000E-8	2.298610E-2
9.215000E-8	2.303749E-2
9.220000E-8	2.309401E-2
9.225000E-8	2.310943E-2
9.230000E-8	2.308373E-2
9.235000E-8	2.304262E-2
9.240000E-8	2.297068E-2
9.245000E-8	2.286790E-2
9.250000E-8	2.277540E-2
9.255000E-8	2.271031E-2
9.260000E-8	2.265036E-2
9.265000E-8	2.259726E-2
9.270000E-8	2.258527E-2
9.275000E-8	2.261096E-2
9.280000E-8	2.266235E-2
9.285000E-8	2.272915E-2
9.290000E-8	2.281651E-2
9.295000E-8	2.291073E-2
9.300000E-8	2.300323E-2
9.305000E-8	2.308887E-2
9.310000E-8	2.315225E-2
9.315000E-8	2.319165E-2
9.320000E-8	2.320022E-2
9.325000E-8	2.316938E-2
9.330000E-8	2.312656E-2
9.335000E-8	2.309573E-2
9.340000E-8	2.306832E-2
9.345000E-8	2.301864E-2
9.350000E-8	2.295526E-2
9.355000E-8	2.289702E-2
9.360000E-8	2.281651E-2
9.365000E-8	2.269661E-2
9.370000E-8	2.255615E-2
9.375000E-8	2.242254E-2
9.380000E-8	2.230777E-2
9.385000E-8	2.221013E-2
9.390000E-8	2.214161E-2
9.395000E-8	2.213305E-2
9.400000E-8	2.218444E-2
9.405000E-8	2.227522E-2
9.410000E-8	2.240541E-2
9.415000E-8	2.258355E-2
9.420000E-8	2.277712E-2
9.425000E-8	2.295869E-2
9.430000E-8	2.310943E-2
9.435000E-8	2.322420E-2
9.440000E-8	2.329614E-2
9.445000E-8	2.332183E-2
9.450000E-8	2.331327E-2
9.455000E-8	2.328244E-2
9.460000E-8	2.325160E-2
9.465000E-8	2.320193E-2
9.470000E-8	2.310943E-2
9.475000E-8	2.299295E-2
9.480000E-8	2.288161E-2
9.485000E-8	2.276855E-2
9.490000E-8	2.266578E-2
9.495000E-8	2.257670E-2
9.500000E-8	2.248420E-2
9.505000E-8	2.237457E-2
9.510000E-8	2.226837E-2
9.515000E-8	2.218615E-2
9.520000E-8	2.211249E-2
9.525000E-8	2.204055E-2
9.530000E-8	2.197717E-2
9.535000E-8	2.190865E-2
9.540000E-8	2.186754E-2
9.545000E-8	2.188467E-2
9.550000E-8	2.193948E-2
9.555000E-8	2.196347E-2
9.560000E-8	2.198060E-2
9.565000E-8	2.200629E-2
9.570000E-8	2.202513E-2
9.575000E-8	2.203712E-2
9.580000E-8	2.207823E-2
9.585000E-8	2.211592E-2
9.590000E-8	2.210221E-2
9.595000E-8	2.208166E-2
9.600000E-8	2.209194E-2
9.605000E-8	2.210907E-2
9.610000E-8	2.211249E-2
9.615000E-8	2.213647E-2
9.620000E-8	2.219643E-2
9.625000E-8	2.228036E-2
9.630000E-8	2.237971E-2
9.635000E-8	2.249619E-2
9.640000E-8	2.259726E-2
9.645000E-8	2.266920E-2
9.650000E-8	2.271031E-2
9.655000E-8	2.272573E-2
9.660000E-8	2.271545E-2
9.665000E-8	2.268633E-2
9.670000E-8	2.264351E-2
9.675000E-8	2.259726E-2
9.680000E-8	2.254929E-2
9.685000E-8	2.250133E-2
9.690000E-8	2.246193E-2
9.695000E-8	2.243281E-2
9.700000E-8	2.238828E-2
9.705000E-8	2.233860E-2
9.710000E-8	2.230777E-2
9.715000E-8	2.228721E-2
9.720000E-8	2.224953E-2
9.725000E-8	2.219814E-2
9.730000E-8	2.215018E-2
9.735000E-8	2.209708E-2
9.740000E-8	2.205083E-2
9.745000E-8	2.203370E-2
9.750000E-8	2.203027E-2
9.755000E-8	2.204569E-2
9.760000E-8	2.212448E-2
9.765000E-8	2.224268E-2
9.770000E-8	2.235573E-2
9.775000E-8	2.246536E-2
9.780000E-8	2.257328E-2
9.785000E-8	2.264179E-2
9.790000E-8	2.267434E-2
9.795000E-8	2.268119E-2
9.800000E-8	2.263152E-2
9.805000E-8	2.252189E-2
9.810000E-8	2.238999E-2
9.815000E-8	2.225467E-2
9.820000E-8	2.215018E-2
9.825000E-8	2.210907E-2
9.830000E-8	2.213133E-2
9.835000E-8	2.218101E-2
9.840000E-8	2.227694E-2
9.845000E-8	2.240541E-2
9.850000E-8	2.252017E-2
9.855000E-8	2.259726E-2
9.860000E-8	2.264693E-2
9.865000E-8	2.262809E-2
9.870000E-8	2.252017E-2
9.875000E-8	2.235744E-2
9.880000E-8	2.216559E-2
9.885000E-8	2.196004E-2
9.890000E-8	2.175962E-2
9.895000E-8	2.159347E-2
9.900000E-8	2.148213E-2
9.905000E-8	2.142217E-2
9.910000E-8	2.142903E-2
9.915000E-8	2.147699E-2
9.920000E-8	2.155921E-2
9.925000E-8	2.165171E-2
9.930000E-8	2.173564E-2
9.935000E-8	2.178361E-2
9.940000E-8	2.177847E-2
9.945000E-8	2.171680E-2
9.950000E-8	2.160888E-2
9.955000E-8	2.149069E-2
9.960000E-8	2.139134E-2
9.965000E-8	2.130398E-2
9.970000E-8	2.123889E-2
9.975000E-8	2.121148E-2
9.980000E-8	2.123546E-2
9.985000E-8	2.131940E-2
9.990000E-8	2.145301E-2
9.995000E-8	2.161574E-2
1.000000E-7	2.177504E-2
1.000500E-7	2.190523E-2
1.001000E-7	2.201828E-2
1.001500E-7	2.210050E-2
1.002000E-7	2.213819E-2
1.002500E-7	2.214504E-2
1.003000E-7	2.214333E-2
1.003500E-7	2.212106E-2
1.004000E-7	2.205939E-2
1.004500E-7	2.196347E-2
1.005000E-7	2.186411E-2
1.005500E-7	2.177162E-2
1.006000E-7	2.170138E-2
1.006500E-7	2.165513E-2
1.007000E-7	2.165342E-2
1.007500E-7	2.167912E-2
1.008000E-7	2.169967E-2
1.008500E-7	2.172194E-2
1.009000E-7	2.176990E-2
1.009500E-7	2.181101E-2
1.010000E-7	2.182643E-2
1.010500E-7	2.184356E-2
1.011000E-7	2.190009E-2
1.011500E-7	2.194462E-2
1.012000E-7	2.195147E-2
1.012500E-7	2.193263E-2
1.013000E-7	2.192235E-2
1.013500E-7	2.190009E-2
1.014000E-7	2.185898E-2
1.014500E-7	2.181101E-2
1.015000E-7	2.177675E-2
1.015500E-7	2.176990E-2
1.016000E-7	2.179217E-2
1.016500E-7	2.180587E-2
1.017000E-7	2.179560E-2
1.017500E-7	2.176476E-2
1.018000E-7	2.172879E-2
1.018500E-7	2.168768E-2
1.019000E-7	2.165171E-2
1.019500E-7	2.164143E-2
1.020000E-7	2.166884E-2
1.020500E-7	2.170481E-2
1.021000E-7	2.172194E-2
1.021500E-7	2.171851E-2
1.022000E-7	2.172023E-2
1.022500E-7	2.173564E-2
1.023000E-7	2.174078E-2
1.023500E-7	2.174249E-2
1.024000E-7	2.177504E-2
1.024500E-7	2.183671E-2
1.025000E-7	2.187782E-2
1.025500E-7	2.190009E-2
1.026000E-7	2.193435E-2
1.026500E-7	2.195147E-2
1.027000E-7	2.194634E-2
1.027500E-7	2.193435E-2
1.028000E-7	2.190865E-2
1.028500E-7	2.184013E-2
1.029000E-7	2.175791E-2
1.029500E-7	2.169111E-2
1.030000E-7	2.163458E-2
1.030500E-7	2.155578E-2
1.031000E-7	2.148041E-2
1.031500E-7	2.143074E-2
1.032000E-7	2.141190E-2
1.032500E-7	2.143245E-2
1.033000E-7	2.149069E-2
1.033500E-7	2.158662E-2
1.034000E-7	2.169625E-2
1.034500E-7	2.177504E-2
1.035000E-7	2.178703E-2
1.035500E-7	2.174421E-2
1.036000E-7	2.167740E-2
1.036500E-7	2.159004E-2
1.037000E-7	2.147527E-2
1.037500E-7	2.136051E-2
1.038000E-7	2.127143E-2
1.038500E-7	2.119264E-2
1.039000E-7	2.112755E-2
1.039500E-7	2.107958E-2
1.040000E-7	2.104361E-2
1.040500E-7	2.102991E-2
1.041000E-7	2.105903E-2
1.041500E-7	2.111556E-2
1.042000E-7	2.119606E-2
1.042500E-7	2.129370E-2
1.043000E-7	2.141190E-2
1.043500E-7	2.151125E-2
1.044000E-7	2.159176E-2
1.044500E-7	2.165342E-2
1.045000E-7	2.169282E-2
1.045500E-7	2.170652E-2
1.046000E-7	2.172023E-2
1.046500E-7	2.173050E-2
1.047000E-7	2.170995E-2
1.047500E-7	2.168939E-2
1.048000E-7	2.170310E-2
1.048500E-7	2.174763E-2
1.049000E-7	2.178703E-2
1.049500E-7	2.180074E-2
1.050000E-7	2.179731E-2
1.050500E-7	2.180587E-2
1.051000E-7	2.181958E-2
1.051500E-7	2.180245E-2
1.052000E-7	2.176134E-2
1.052500E-7	2.171509E-2
1.053000E-7	2.164486E-2
1.053500E-7	2.156264E-2
1.054000E-7	2.149754E-2
1.054500E-7	2.144615E-2
1.055000E-7	2.138620E-2
1.055500E-7	2.135879E-2
1.056000E-7	2.139819E-2
1.056500E-7	2.146500E-2
1.057000E-7	2.152152E-2
1.057500E-7	2.157976E-2
1.058000E-7	2.163458E-2
1.058500E-7	2.165856E-2
1.059000E-7	2.164143E-2
1.059500E-7	2.158662E-2
1.060000E-7	2.151467E-2
1.060500E-7	2.143588E-2
1.061000E-7	2.135708E-2
1.061500E-7	2.129884E-2
1.062000E-7	2.126458E-2
1.062500E-7	2.125944E-2
1.063000E-7	2.127143E-2
1.063500E-7	2.129542E-2
1.064000E-7	2.133310E-2
1.064500E-7	2.137078E-2
1.065000E-7	2.140847E-2
1.065500E-7	2.141875E-2
1.066000E-7	2.139477E-2
1.066500E-7	2.133824E-2
1.067000E-7	2.127657E-2
1.067500E-7	2.121319E-2
1.068000E-7	2.116866E-2
1.068500E-7	2.112755E-2
1.069000E-7	2.107616E-2
1.069500E-7	2.101278E-2
1.070000E-7	2.095968E-2
1.070500E-7	2.093741E-2
1.071000E-7	2.093398E-2
1.071500E-7	2.094426E-2
1.072000E-7	2.095111E-2
1.072500E-7	2.097167E-2
1.073000E-7	2.102819E-2
1.073500E-7	2.110870E-2
1.074000E-7	2.116352E-2
1.074500E-7	2.117551E-2
1.075000E-7	2.117208E-2
1.075500E-7	2.119435E-2
1.076000E-7	2.121491E-2
1.076500E-7	2.119606E-2
1.077000E-7	2.114125E-2
1.077500E-7	2.108986E-2
1.078000E-7	2.105218E-2
1.078500E-7	2.101792E-2
1.079000E-7	2.099394E-2
1.079500E-7	2.098880E-2
1.080000E-7	2.100079E-2
1.080500E-7	2.102819E-2
1.081000E-7	2.107444E-2
1.081500E-7	2.113440E-2
1.082000E-7	2.119435E-2
1.082500E-7	2.125773E-2
1.083000E-7	2.131083E-2
1.083500E-7	2.134509E-2
1.084000E-7	2.135537E-2
1.084500E-7	2.135194E-2
1.085000E-7	2.132282E-2
1.085500E-7	2.126116E-2
1.086000E-7	2.118921E-2
1.086500E-7	2.112069E-2
1.087000E-7	2.103333E-2
1.087500E-7	2.093056E-2
1.088000E-7	2.085690E-2
1.088500E-7	2.084491E-2
1.089000E-7	2.086204E-2
1.089500E-7	2.088431E-2
1.090000E-7	2.093227E-2
1.090500E-7	2.101107E-2
1.091000E-7	2.108986E-2
1.091500E-7	2.112926E-2
1.092000E-7	2.114468E-2
1.092500E-7	2.115495E-2
1.093000E-7	2.114125E-2
1.093500E-7	2.110528E-2
1.094000E-7	2.107616E-2
1.094500E-7	2.103847E-2
1.095000E-7	2.098023E-2
1.095500E-7	2.093912E-2
1.096000E-7	2.092542E-2
1.096500E-7	2.088431E-2
1.097000E-7	2.081921E-2
1.097500E-7	2.076097E-2
1.098000E-7	2.069588E-2
1.098500E-7	2.061366E-2
1.099000E-7	2.056227E-2
1.099500E-7	2.054000E-2
1.100000E-7	2.051945E-2
1.100500E-7	2.050917E-2
1.101000E-7	2.053658E-2
1.101500E-7	2.058968E-2
1.102000E-7	2.065648E-2
1.102500E-7	2.073185E-2
1.103000E-7	2.081408E-2
1.103500E-7	2.088773E-2
1.104000E-7	2.094426E-2
1.104500E-7	2.098537E-2
1.105000E-7	2.101620E-2
1.105500E-7	2.104361E-2
1.106000E-7	2.106588E-2
1.106500E-7	2.107787E-2
1.107000E-7	2.107787E-2
1.107500E-7	2.106588E-2
1.108000E-7	2.105731E-2
1.108500E-7	2.105731E-2
1.109000E-7	2.106417E-2
1.109500E-7	2.106759E-2
1.110000E-7	2.105389E-2
1.110500E-7	2.099051E-2
1.111000E-7	2.087746E-2
1.111500E-7	2.074213E-2
1.112000E-7	2.061366E-2
1.112500E-7	2.049718E-2
1.113000E-7	2.039269E-2
1.113500E-7	2.031732E-2
1.114000E-7	2.029163E-2
1.114500E-7	2.030704E-2
1.115000E-7	2.033616E-2
1.115500E-7	2.037042E-2
1.116000E-7	2.042695E-2
1.116500E-7	2.050061E-2
1.117000E-7	2.056570E-2
1.117500E-7	2.058797E-2
1.118000E-7	2.056570E-2
1.118500E-7	2.051088E-2
1.119000E-7	2.042866E-2
1.119500E-7	2.032246E-2
1.120000E-7	2.019570E-2
1.120500E-7	2.006209E-2
1.121000E-7	1.993533E-2
1.121500E-7	1.983769E-2
1.122000E-7	1.977432E-2
1.122500E-7	1.975547E-2
1.123000E-7	1.979487E-2
1.123500E-7	1.989080E-2
1.124000E-7	2.002783E-2
1.124500E-7	2.015116E-2
1.125000E-7	2.025565E-2
1.125500E-7	2.036357E-2
1.126000E-7	2.045264E-2
1.126500E-7	2.049889E-2
1.127000E-7	2.054343E-2
1.127500E-7	2.059311E-2
1.128000E-7	2.060681E-2
1.128500E-7	2.057426E-2
1.129000E-7	2.052973E-2
1.129500E-7	2.047662E-2
1.130000E-7	2.040982E-2
1.130500E-7	2.036357E-2
1.131000E-7	2.034473E-2
1.131500E-7	2.032417E-2
1.132000E-7	2.032760E-2
1.132500E-7	2.034644E-2
1.133000E-7	2.033445E-2
1.133500E-7	2.029334E-2
1.134000E-7	2.027792E-2
1.134500E-7	2.030190E-2
1.135000E-7	2.032075E-2
1.135500E-7	2.030704E-2
1.136000E-7	2.028820E-2
1.136500E-7	2.029677E-2
1.137000E-7	2.033445E-2
1.137500E-7	2.039098E-2
1.138000E-7	2.045778E-2
1.138500E-7	2.054514E-2
1.139000E-7	2.065991E-2
1.139500E-7	2.074727E-2
1.140000E-7	2.080722E-2
1.140500E-7	2.085176E-2
1.141000E-7	2.088431E-2
1.141500E-7	2.086546E-2
1.142000E-7	2.080722E-2
1.142500E-7	2.074898E-2
1.143000E-7	2.068560E-2
1.143500E-7	2.059824E-2
1.144000E-7	2.051088E-2
1.144500E-7	2.045093E-2
1.145000E-7	2.040639E-2
1.145500E-7	2.036700E-2
1.146000E-7	2.033959E-2
1.146500E-7	2.033274E-2
1.147000E-7	2.033445E-2
1.147500E-7	2.033102E-2
1.148000E-7	2.031903E-2
1.148500E-7	2.031389E-2
1.149000E-7	2.031047E-2
1.149500E-7	2.027964E-2
1.150000E-7	2.022311E-2
1.150500E-7	2.016487E-2
1.151000E-7	2.010149E-2
1.151500E-7	2.003640E-2
1.152000E-7	1.999015E-2
1.152500E-7	1.998330E-2
1.153000E-7	1.999186E-2
1.153500E-7	2.000385E-2
1.154000E-7	2.004325E-2
1.154500E-7	2.009292E-2
1.155000E-7	2.011862E-2
1.155500E-7	2.012547E-2
1.156000E-7	2.013232E-2
1.156500E-7	2.013403E-2
1.157000E-7	2.012718E-2
1.157500E-7	2.012890E-2
1.158000E-7	2.011348E-2
1.158500E-7	2.008093E-2
1.159000E-7	2.008093E-2
1.159500E-7	2.011348E-2
1.160000E-7	2.013746E-2
1.160500E-7	2.015973E-2
1.161000E-7	2.017172E-2
1.161500E-7	2.017686E-2
1.162000E-7	2.015630E-2
1.162500E-7	2.010663E-2
1.163000E-7	2.005353E-2
1.163500E-7	2.000728E-2
1.164000E-7	1.996445E-2
1.164500E-7	1.992677E-2
1.165000E-7	1.990450E-2
1.165500E-7	1.991478E-2
1.166000E-7	1.996445E-2
1.166500E-7	2.005524E-2
1.167000E-7	2.016144E-2
1.167500E-7	2.026764E-2
1.168000E-7	2.036871E-2
1.168500E-7	2.045778E-2
1.169000E-7	2.052459E-2
1.169500E-7	2.056227E-2
1.170000E-7	2.055542E-2
1.170500E-7	2.050232E-2
1.171000E-7	2.039954E-2
1.171500E-7	2.027450E-2
1.172000E-7	2.014089E-2
1.172500E-7	1.999700E-2
1.173000E-7	1.984455E-2
1.173500E-7	1.971608E-2
1.174000E-7	1.962186E-2
1.174500E-7	1.953964E-2
1.175000E-7	1.946770E-2
1.175500E-7	1.942316E-2
1.176000E-7	1.942830E-2
1.176500E-7	1.947455E-2
1.177000E-7	1.956191E-2
1.177500E-7	1.968867E-2
1.178000E-7	1.983084E-2
1.178500E-7	1.997130E-2
1.179000E-7	2.010320E-2
1.179500E-7	2.020084E-2
1.180000E-7	2.025223E-2
1.180500E-7	2.027450E-2
1.181000E-7	2.027792E-2
1.181500E-7	2.024880E-2
1.182000E-7	2.019913E-2
1.182500E-7	2.015116E-2
1.183000E-7	2.009292E-2
1.183500E-7	2.001242E-2
1.184000E-7	1.995931E-2
1.184500E-7	1.993362E-2
1.185000E-7	1.988737E-2
1.185500E-7	1.981714E-2
1.186000E-7	1.976918E-2
1.186500E-7	1.974177E-2
1.187000E-7	1.970751E-2
1.187500E-7	1.967668E-2
1.188000E-7	1.966297E-2
1.188500E-7	1.965098E-2
1.189000E-7	1.963899E-2
1.189500E-7	1.963043E-2
1.190000E-7	1.963214E-2
1.190500E-7	1.963728E-2
1.191000E-7	1.962700E-2
1.191500E-7	1.958932E-2
1.192000E-7	1.955334E-2
1.192500E-7	1.952594E-2
1.193000E-7	1.946941E-2
1.193500E-7	1.937177E-2
1.194000E-7	1.926386E-2
1.194500E-7	1.918506E-2
1.195000E-7	1.913196E-2
1.195500E-7	1.908742E-2
1.196000E-7	1.905659E-2
1.196500E-7	1.907201E-2
1.197000E-7	1.914566E-2
1.197500E-7	1.927413E-2
1.198000E-7	1.943515E-2
1.198500E-7	1.959788E-2
1.199000E-7	1.972464E-2
1.199500E-7	1.981371E-2
1.200000E-7	1.987195E-2
1.200500E-7	1.988908E-2
1.201000E-7	1.987538E-2
1.201500E-7	1.982570E-2
1.202000E-7	1.974006E-2
1.202500E-7	1.964584E-2
1.203000E-7	1.953793E-2
1.203500E-7	1.942487E-2
1.204000E-7	1.932381E-2
1.204500E-7	1.927927E-2
1.205000E-7	1.926557E-2
1.205500E-7	1.927927E-2
1.206000E-7	1.933751E-2
1.206500E-7	1.941631E-2
1.207000E-7	1.948654E-2
1.207500E-7	1.955334E-2
1.208000E-7	1.963385E-2
1.208500E-7	1.971950E-2
1.209000E-7	1.977260E-2
1.209500E-7	1.980857E-2
1.210000E-7	1.982742E-2
1.210500E-7	1.981885E-2
1.211000E-7	1.978117E-2
1.211500E-7	1.974006E-2
1.212000E-7	1.970751E-2
1.212500E-7	1.968010E-2
1.213000E-7	1.963385E-2
1.213500E-7	1.958589E-2
1.214000E-7	1.957219E-2
1.214500E-7	1.959788E-2
1.215000E-7	1.963214E-2
1.215500E-7	1.966811E-2
1.216000E-7	1.969552E-2
1.216500E-7	1.970066E-2
1.217000E-7	1.970922E-2
1.217500E-7	1.970751E-2
1.218000E-7	1.967325E-2
1.218500E-7	1.960302E-2
1.219000E-7	1.951737E-2
1.219500E-7	1.942487E-2
1.220000E-7	1.933066E-2
1.220500E-7	1.925015E-2
1.221000E-7	1.918849E-2
1.221500E-7	1.915251E-2
1.222000E-7	1.916622E-2
1.222500E-7	1.920562E-2
1.223000E-7	1.926214E-2
1.223500E-7	1.933237E-2
1.224000E-7	1.940774E-2
1.224500E-7	1.945399E-2
1.225000E-7	1.947284E-2
1.225500E-7	1.946085E-2
1.226000E-7	1.940946E-2
1.226500E-7	1.933066E-2
1.227000E-7	1.927071E-2
1.227500E-7	1.923987E-2
1.228000E-7	1.921589E-2
1.228500E-7	1.918677E-2
1.229000E-7	1.918163E-2
1.229500E-7	1.920048E-2
1.230000E-7	1.922788E-2
1.230500E-7	1.926728E-2
1.231000E-7	1.931353E-2
1.231500E-7	1.933580E-2
1.232000E-7	1.932724E-2
1.232500E-7	1.933580E-2
1.233000E-7	1.936492E-2
1.233500E-7	1.934950E-2
1.234000E-7	1.930154E-2
1.234500E-7	1.926728E-2
1.235000E-7	1.926386E-2
1.235500E-7	1.929126E-2
1.236000E-7	1.934265E-2
1.236500E-7	1.938719E-2
1.237000E-7	1.940261E-2
1.237500E-7	1.940946E-2
1.238000E-7	1.940432E-2
1.238500E-7	1.937862E-2
1.239000E-7	1.934779E-2
1.239500E-7	1.930668E-2
1.240000E-7	1.925015E-2
1.240500E-7	1.919534E-2
1.241000E-7	1.913881E-2
1.241500E-7	1.905659E-2
1.242000E-7	1.897779E-2
1.242500E-7	1.894353E-2
1.243000E-7	1.892469E-2
1.243500E-7	1.889043E-2
1.244000E-7	1.887844E-2
1.244500E-7	1.890242E-2
1.245000E-7	1.891270E-2
1.245500E-7	1.888872E-2
1.246000E-7	1.885275E-2
1.246500E-7	1.880821E-2
1.247000E-7	1.876367E-2
1.247500E-7	1.874141E-2
1.248000E-7	1.872256E-2
1.248500E-7	1.869173E-2
1.249000E-7	1.865405E-2
1.249500E-7	1.864034E-2
1.250000E-7	1.864034E-2
1.250500E-7	1.863863E-2
1.251000E-7	1.865233E-2
1.251500E-7	1.870030E-2
1.252000E-7	1.875682E-2
1.252500E-7	1.882192E-2
1.253000E-7	1.891955E-2
1.253500E-7	1.907201E-2
1.254000E-7	1.925700E-2
1.254500E-7	1.943344E-2
1.255000E-7	1.958760E-2
1.255500E-7	1.972807E-2
1.256000E-7	1.984797E-2
1.256500E-7	1.993019E-2
1.257000E-7	1.994561E-2
1.257500E-7	1.991820E-2
1.258000E-7	1.985482E-2
1.258500E-7	1.976575E-2
1.259000E-7	1.965098E-2
1.259500E-7	1.951566E-2
1.260000E-7	1.937006E-2
1.260500E-7	1.922446E-2
1.261000E-7	1.908914E-2
1.261500E-7	1.895895E-2
1.262000E-7	1.883733E-2
1.262500E-7	1.875168E-2
1.263000E-7	1.869516E-2
1.263500E-7	1.866090E-2
1.264000E-7	1.866090E-2
1.264500E-7	1.870201E-2
1.265000E-7	1.876881E-2
1.265500E-7	1.883904E-2
1.266000E-7	1.891613E-2
1.266500E-7	1.900863E-2
1.267000E-7	1.911483E-2
1.267500E-7	1.921589E-2
1.268000E-7	1.928099E-2
1.268500E-7	1.929812E-2
1.269000E-7	1.929126E-2
1.269500E-7	1.924673E-2
1.270000E-7	1.915251E-2
1.270500E-7	1.902404E-2
1.271000E-7	1.887844E-2
1.271500E-7	1.873798E-2
1.272000E-7	1.862150E-2
1.272500E-7	1.854270E-2
1.273000E-7	1.849303E-2
1.273500E-7	1.849303E-2
1.274000E-7	1.854784E-2
1.274500E-7	1.864034E-2
1.275000E-7	1.876881E-2
1.275500E-7	1.892812E-2
1.276000E-7	1.908742E-2
1.276500E-7	1.919534E-2
1.277000E-7	1.922960E-2
1.277500E-7	1.919705E-2
1.278000E-7	1.910284E-2
1.278500E-7	1.897437E-2
1.279000E-7	1.884761E-2
1.279500E-7	1.873455E-2
1.280000E-7	1.864206E-2
1.280500E-7	1.858895E-2
1.281000E-7	1.856840E-2
1.281500E-7	1.856669E-2
1.282000E-7	1.859752E-2
1.282500E-7	1.865233E-2
1.283000E-7	1.871914E-2
1.283500E-7	1.881164E-2
1.284000E-7	1.892127E-2
1.284500E-7	1.900349E-2
1.285000E-7	1.903090E-2
1.285500E-7	1.901890E-2
1.286000E-7	1.897951E-2
1.286500E-7	1.891441E-2
1.287000E-7	1.884076E-2
1.287500E-7	1.877224E-2
1.288000E-7	1.870715E-2
1.288500E-7	1.864891E-2
1.289000E-7	1.860608E-2
1.289500E-7	1.858382E-2
1.290000E-7	1.858895E-2
1.290500E-7	1.862150E-2
1.291000E-7	1.866090E-2
1.291500E-7	1.866775E-2
1.292000E-7	1.863692E-2
1.292500E-7	1.857011E-2
1.293000E-7	1.844849E-2
1.293500E-7	1.829604E-2
1.294000E-7	1.814530E-2
1.294500E-7	1.799799E-2
1.295000E-7	1.787808E-2
1.295500E-7	1.780785E-2
1.296000E-7	1.777873E-2
1.296500E-7	1.777530E-2
1.297000E-7	1.781984E-2
1.297500E-7	1.790377E-2
1.298000E-7	1.798086E-2
1.298500E-7	1.807336E-2
1.299000E-7	1.819669E-2
1.299500E-7	1.830632E-2
1.300000E-7	1.838169E-2
1.300500E-7	1.844335E-2
1.301000E-7	1.847761E-2
1.301500E-7	1.847076E-2
1.302000E-7	1.844849E-2
1.302500E-7	1.841937E-2
1.303000E-7	1.838169E-2
1.303500E-7	1.832687E-2
1.304000E-7	1.825493E-2
1.304500E-7	1.813331E-2
1.305000E-7	1.800655E-2
1.305500E-7	1.794317E-2
1.306000E-7	1.792262E-2
1.306500E-7	1.791576E-2
1.307000E-7	1.795516E-2
1.307500E-7	1.804595E-2
1.308000E-7	1.815729E-2
1.308500E-7	1.827206E-2
1.309000E-7	1.838854E-2
1.309500E-7	1.848960E-2
1.310000E-7	1.857011E-2
1.310500E-7	1.864377E-2
1.311000E-7	1.870201E-2
1.311500E-7	1.873798E-2
1.312000E-7	1.876539E-2
1.312500E-7	1.878766E-2
1.313000E-7	1.879622E-2
1.313500E-7	1.878423E-2
1.314000E-7	1.875340E-2
1.314500E-7	1.871400E-2
1.315000E-7	1.868145E-2
1.315500E-7	1.865918E-2
1.316000E-7	1.861122E-2
1.316500E-7	1.855641E-2
1.317000E-7	1.851358E-2
1.317500E-7	1.849645E-2
1.318000E-7	1.847761E-2
1.318500E-7	1.845020E-2
1.319000E-7	1.841937E-2
1.319500E-7	1.839025E-2
1.320000E-7	1.834914E-2
1.320500E-7	1.828576E-2
1.321000E-7	1.818641E-2
1.321500E-7	1.807849E-2
1.322000E-7	1.798086E-2
1.322500E-7	1.788493E-2
1.323000E-7	1.779072E-2
1.323500E-7	1.772734E-2
1.324000E-7	1.771706E-2
1.324500E-7	1.774618E-2
1.325000E-7	1.782840E-2
1.325500E-7	1.797058E-2
1.326000E-7	1.814359E-2
1.326500E-7	1.829090E-2
1.327000E-7	1.839710E-2
1.327500E-7	1.845706E-2
1.328000E-7	1.844849E-2
1.328500E-7	1.837141E-2
1.329000E-7	1.824979E-2
1.329500E-7	1.810761E-2
1.330000E-7	1.797058E-2
1.330500E-7	1.785067E-2
1.331000E-7	1.776674E-2
1.331500E-7	1.774618E-2
1.332000E-7	1.778044E-2
1.332500E-7	1.785410E-2
1.333000E-7	1.797400E-2
1.333500E-7	1.811789E-2
1.334000E-7	1.825493E-2
1.334500E-7	1.838169E-2
1.335000E-7	1.848789E-2
1.335500E-7	1.855983E-2
1.336000E-7	1.856840E-2
1.336500E-7	1.851358E-2
1.337000E-7	1.841937E-2
1.337500E-7	1.830803E-2
1.338000E-7	1.817271E-2
1.338500E-7	1.801340E-2
1.339000E-7	1.785067E-2
1.339500E-7	1.772905E-2
1.340000E-7	1.766396E-2
1.340500E-7	1.764341E-2
1.341000E-7	1.766225E-2
1.341500E-7	1.774618E-2
1.342000E-7	1.790720E-2
1.342500E-7	1.809734E-2
1.343000E-7	1.826863E-2
1.343500E-7	1.843308E-2
1.344000E-7	1.858895E-2
1.344500E-7	1.870543E-2
1.345000E-7	1.876367E-2
1.345500E-7	1.878080E-2
1.346000E-7	1.876539E-2
1.346500E-7	1.871229E-2
1.347000E-7	1.863520E-2
1.347500E-7	1.854442E-2
1.348000E-7	1.844507E-2
1.348500E-7	1.833544E-2
1.349000E-7	1.821210E-2
1.349500E-7	1.808706E-2
1.350000E-7	1.798257E-2
1.350500E-7	1.793289E-2
1.351000E-7	1.793289E-2
1.351500E-7	1.796030E-2
1.352000E-7	1.797572E-2
1.352500E-7	1.796373E-2
1.353000E-7	1.795516E-2
1.353500E-7	1.796201E-2
1.354000E-7	1.797572E-2
1.354500E-7	1.798428E-2
1.355000E-7	1.799456E-2
1.355500E-7	1.799970E-2
1.356000E-7	1.798428E-2
1.356500E-7	1.794831E-2
1.357000E-7	1.789692E-2
1.357500E-7	1.785067E-2
1.358000E-7	1.782498E-2
1.358500E-7	1.783012E-2
1.359000E-7	1.786095E-2
1.359500E-7	1.789692E-2
1.360000E-7	1.794317E-2
1.360500E-7	1.800655E-2
1.361000E-7	1.807336E-2
1.361500E-7	1.809905E-2
1.362000E-7	1.809220E-2
1.362500E-7	1.808363E-2
1.363000E-7	1.804424E-2
1.363500E-7	1.796030E-2
1.364000E-7	1.787294E-2
1.364500E-7	1.780614E-2
1.365000E-7	1.772220E-2
1.365500E-7	1.762970E-2
1.366000E-7	1.758003E-2
1.366500E-7	1.758003E-2
1.367000E-7	1.758859E-2
1.367500E-7	1.761257E-2
1.368000E-7	1.768280E-2
1.368500E-7	1.778215E-2
1.369000E-7	1.787979E-2
1.369500E-7	1.798086E-2
1.370000E-7	1.807507E-2
1.370500E-7	1.814873E-2
1.371000E-7	1.820011E-2
1.371500E-7	1.823095E-2
1.372000E-7	1.824979E-2
1.372500E-7	1.826349E-2
1.373000E-7	1.825835E-2
1.373500E-7	1.820354E-2
1.374000E-7	1.812646E-2
1.374500E-7	1.805965E-2
1.375000E-7	1.799799E-2
1.375500E-7	1.789692E-2
1.376000E-7	1.777188E-2
1.376500E-7	1.765711E-2
1.377000E-7	1.755433E-2
1.377500E-7	1.745841E-2
1.378000E-7	1.739845E-2
1.378500E-7	1.737447E-2
1.379000E-7	1.736762E-2
1.379500E-7	1.739845E-2
1.380000E-7	1.748068E-2
1.380500E-7	1.760058E-2
1.381000E-7	1.773419E-2
1.381500E-7	1.788322E-2
1.382000E-7	1.803225E-2
1.382500E-7	1.815044E-2
1.383000E-7	1.823437E-2
1.383500E-7	1.827891E-2
1.384000E-7	1.825835E-2
1.384500E-7	1.818470E-2
1.385000E-7	1.809734E-2
1.385500E-7	1.802539E-2
1.386000E-7	1.796030E-2
1.386500E-7	1.790377E-2
1.387000E-7	1.785067E-2
1.387500E-7	1.779928E-2
1.388000E-7	1.777016E-2
1.388500E-7	1.777873E-2
1.389000E-7	1.780956E-2
1.389500E-7	1.783012E-2
1.390000E-7	1.784211E-2
1.390500E-7	1.786095E-2
1.391000E-7	1.785581E-2
1.391500E-7	1.781127E-2
1.392000E-7	1.776331E-2
1.392500E-7	1.772049E-2
1.393000E-7	1.766225E-2
1.393500E-7	1.759544E-2
1.394000E-7	1.753549E-2
1.394500E-7	1.748410E-2
1.395000E-7	1.744642E-2
1.395500E-7	1.743443E-2
1.396000E-7	1.746355E-2
1.396500E-7	1.752521E-2
1.397000E-7	1.758174E-2
1.397500E-7	1.762970E-2
1.398000E-7	1.766396E-2
1.398500E-7	1.768109E-2
1.399000E-7	1.767595E-2
1.399500E-7	1.766567E-2
1.400000E-7	1.766396E-2
1.400500E-7	1.763484E-2
1.401000E-7	1.757146E-2
1.401500E-7	1.750466E-2
1.402000E-7	1.745327E-2
1.402500E-7	1.740359E-2
1.403000E-7	1.735563E-2
1.403500E-7	1.732651E-2
1.404000E-7	1.732822E-2
1.404500E-7	1.734878E-2
1.405000E-7	1.738818E-2
1.405500E-7	1.745327E-2
1.406000E-7	1.752179E-2
1.406500E-7	1.757317E-2
1.407000E-7	1.762114E-2
1.407500E-7	1.766053E-2
1.408000E-7	1.766910E-2
1.408500E-7	1.764854E-2
1.409000E-7	1.761600E-2
1.409500E-7	1.757317E-2
1.410000E-7	1.751836E-2
1.410500E-7	1.746012E-2
1.411000E-7	1.741558E-2
1.411500E-7	1.738646E-2
1.412000E-7	1.737790E-2
1.412500E-7	1.740188E-2
1.413000E-7	1.746526E-2
1.413500E-7	1.754748E-2
1.414000E-7	1.761429E-2
1.414500E-7	1.766396E-2
1.415000E-7	1.770678E-2
1.415500E-7	1.773590E-2
1.416000E-7	1.773077E-2
1.416500E-7	1.768452E-2
1.417000E-7	1.759887E-2
1.417500E-7	1.751665E-2
1.418000E-7	1.744128E-2
1.418500E-7	1.735392E-2
1.419000E-7	1.727341E-2
1.419500E-7	1.723058E-2
1.420000E-7	1.721346E-2
1.420500E-7	1.721174E-2
1.421000E-7	1.722716E-2
1.421500E-7	1.725628E-2
1.422000E-7	1.727683E-2
1.422500E-7	1.730082E-2
1.423000E-7	1.736419E-2
1.423500E-7	1.745669E-2
1.424000E-7	1.754577E-2
1.424500E-7	1.760743E-2
1.425000E-7	1.764683E-2
1.425500E-7	1.765882E-2
1.426000E-7	1.762970E-2
1.426500E-7	1.756804E-2
1.427000E-7	1.749952E-2
1.427500E-7	1.741901E-2
1.428000E-7	1.731966E-2
1.428500E-7	1.723572E-2
1.429000E-7	1.718091E-2
1.429500E-7	1.715008E-2
1.430000E-7	1.713466E-2
1.430500E-7	1.714836E-2
1.431000E-7	1.719119E-2
1.431500E-7	1.724943E-2
1.432000E-7	1.729739E-2
1.432500E-7	1.730938E-2
1.433000E-7	1.728197E-2
1.433500E-7	1.724943E-2
1.434000E-7	1.719804E-2
1.434500E-7	1.709869E-2
1.435000E-7	1.698392E-2
1.435500E-7	1.690512E-2
1.436000E-7	1.685374E-2
1.436500E-7	1.682290E-2
1.437000E-7	1.684517E-2
1.437500E-7	1.693767E-2
1.438000E-7	1.704387E-2
1.438500E-7	1.715864E-2
1.439000E-7	1.730424E-2
1.439500E-7	1.745498E-2
1.440000E-7	1.755091E-2
1.440500E-7	1.757317E-2
1.441000E-7	1.754063E-2
1.441500E-7	1.747040E-2
1.442000E-7	1.737105E-2
1.442500E-7	1.724943E-2
1.443000E-7	1.711068E-2
1.443500E-7	1.699077E-2
1.444000E-7	1.691711E-2
1.444500E-7	1.685716E-2
1.445000E-7	1.676466E-2
1.445500E-7	1.665846E-2
1.446000E-7	1.658309E-2
1.446500E-7	1.652999E-2
1.447000E-7	1.649744E-2
1.447500E-7	1.649230E-2
1.448000E-7	1.652656E-2
1.448500E-7	1.657452E-2
1.449000E-7	1.664818E-2
1.449500E-7	1.675438E-2
1.450000E-7	1.688286E-2
1.450500E-7	1.699591E-2
1.451000E-7	1.710211E-2
1.451500E-7	1.720318E-2
1.452000E-7	1.730595E-2
1.452500E-7	1.738304E-2
1.453000E-7	1.742243E-2
1.453500E-7	1.740531E-2
1.454000E-7	1.734878E-2
1.454500E-7	1.724086E-2
1.455000E-7	1.709697E-2
1.455500E-7	1.694795E-2
1.456000E-7	1.681091E-2
1.456500E-7	1.668415E-2
1.457000E-7	1.657966E-2
1.457500E-7	1.650429E-2
1.458000E-7	1.645976E-2
1.458500E-7	1.646318E-2
1.459000E-7	1.651115E-2
1.459500E-7	1.657966E-2
1.460000E-7	1.665846E-2
1.460500E-7	1.675610E-2
1.461000E-7	1.686573E-2
1.461500E-7	1.695137E-2
1.462000E-7	1.702160E-2
1.462500E-7	1.709697E-2
1.463000E-7	1.715521E-2
1.463500E-7	1.715864E-2
1.464000E-7	1.713123E-2
1.464500E-7	1.709697E-2
1.465000E-7	1.704901E-2
1.465500E-7	1.699762E-2
1.466000E-7	1.696336E-2
1.466500E-7	1.696336E-2
1.467000E-7	1.696508E-2
1.467500E-7	1.696679E-2
1.468000E-7	1.697878E-2
1.468500E-7	1.697022E-2
1.469000E-7	1.695137E-2
1.469500E-7	1.696336E-2
1.470000E-7	1.700961E-2
1.470500E-7	1.703531E-2
1.471000E-7	1.701304E-2
1.471500E-7	1.697364E-2
1.472000E-7	1.692225E-2
1.472500E-7	1.686573E-2
1.473000E-7	1.680235E-2
1.473500E-7	1.673040E-2
1.474000E-7	1.664989E-2
1.474500E-7	1.657966E-2
1.475000E-7	1.652314E-2
1.475500E-7	1.647860E-2
1.476000E-7	1.643406E-2
1.476500E-7	1.638267E-2
1.477000E-7	1.635013E-2
1.477500E-7	1.635698E-2
1.478000E-7	1.637925E-2
1.478500E-7	1.639466E-2
1.479000E-7	1.643920E-2
1.479500E-7	1.652142E-2
1.480000E-7	1.661221E-2
1.480500E-7	1.670471E-2
1.481000E-7	1.682290E-2
1.481500E-7	1.695823E-2
1.482000E-7	1.708498E-2
1.482500E-7	1.719290E-2
1.483000E-7	1.728197E-2
1.483500E-7	1.735563E-2
1.484000E-7	1.738989E-2
1.484500E-7	1.735392E-2
1.485000E-7	1.728026E-2
1.485500E-7	1.721003E-2
1.486000E-7	1.712952E-2
1.486500E-7	1.701818E-2
1.487000E-7	1.690512E-2
1.487500E-7	1.681434E-2
1.488000E-7	1.674582E-2
1.488500E-7	1.669614E-2
1.489000E-7	1.665846E-2
1.489500E-7	1.663619E-2
1.490000E-7	1.662077E-2
1.490500E-7	1.661735E-2
1.491000E-7	1.659165E-2
1.491500E-7	1.654712E-2
1.492000E-7	1.652999E-2
1.492500E-7	1.652828E-2
1.493000E-7	1.651800E-2
1.493500E-7	1.650772E-2
1.494000E-7	1.651457E-2
1.494500E-7	1.652142E-2
1.495000E-7	1.651971E-2
1.495500E-7	1.653684E-2
1.496000E-7	1.656596E-2
1.496500E-7	1.657452E-2
1.497000E-7	1.657624E-2
1.497500E-7	1.658994E-2
1.498000E-7	1.659508E-2
1.498500E-7	1.656425E-2
1.499000E-7	1.653170E-2
1.499500E-7	1.650943E-2
1.500000E-7	1.649402E-2
1.500500E-7	1.650601E-2
1.501000E-7	1.652142E-2
1.501500E-7	1.650601E-2
1.502000E-7	1.649059E-2
1.502500E-7	1.651800E-2
1.503000E-7	1.653513E-2
1.503500E-7	1.653513E-2
1.504000E-7	1.656082E-2
1.504500E-7	1.660364E-2
1.505000E-7	1.662591E-2
1.505500E-7	1.663276E-2
1.506000E-7	1.662077E-2
1.506500E-7	1.655911E-2
1.507000E-7	1.645976E-2
1.507500E-7	1.636383E-2
1.508000E-7	1.626105E-2
1.508500E-7	1.614971E-2
1.509000E-7	1.606064E-2
1.509500E-7	1.599555E-2
1.510000E-7	1.595444E-2
1.510500E-7	1.594073E-2
1.511000E-7	1.594930E-2
1.511500E-7	1.599041E-2
1.512000E-7	1.607263E-2
1.512500E-7	1.616856E-2
1.513000E-7	1.623022E-2
1.513500E-7	1.626962E-2
1.514000E-7	1.632615E-2
1.514500E-7	1.638610E-2
1.515000E-7	1.639980E-2
1.515500E-7	1.638610E-2
1.516000E-7	1.638953E-2
1.516500E-7	1.639980E-2
1.517000E-7	1.638953E-2
1.517500E-7	1.636897E-2
1.518000E-7	1.637925E-2
1.518500E-7	1.641179E-2
1.519000E-7	1.645804E-2
1.519500E-7	1.653684E-2
1.520000E-7	1.663276E-2
1.520500E-7	1.669614E-2
1.521000E-7	1.672526E-2
1.521500E-7	1.674753E-2
1.522000E-7	1.673897E-2
1.522500E-7	1.670813E-2
1.523000E-7	1.666360E-2
1.523500E-7	1.662934E-2
1.524000E-7	1.660364E-2
1.524500E-7	1.656596E-2
1.525000E-7	1.649915E-2
1.525500E-7	1.640837E-2
1.526000E-7	1.632101E-2
1.526500E-7	1.623879E-2
1.527000E-7	1.614800E-2
1.527500E-7	1.604522E-2
1.528000E-7	1.593217E-2
1.528500E-7	1.583110E-2
1.529000E-7	1.576259E-2
1.529500E-7	1.573347E-2
1.530000E-7	1.574032E-2
1.530500E-7	1.577629E-2
1.531000E-7	1.583453E-2
1.531500E-7	1.591333E-2
1.532000E-7	1.600240E-2
1.532500E-7	1.609661E-2
1.533000E-7	1.619596E-2
1.533500E-7	1.630045E-2
1.534000E-7	1.638267E-2
1.534500E-7	1.645119E-2
1.535000E-7	1.652314E-2
1.535500E-7	1.658994E-2
1.536000E-7	1.664989E-2
1.536500E-7	1.671841E-2
1.537000E-7	1.678350E-2
1.537500E-7	1.682633E-2
1.538000E-7	1.683489E-2
1.538500E-7	1.680063E-2
1.539000E-7	1.672698E-2
1.539500E-7	1.665161E-2
1.540000E-7	1.657966E-2
1.540500E-7	1.647517E-2
1.541000E-7	1.635698E-2
1.541500E-7	1.626448E-2
1.542000E-7	1.620453E-2
1.542500E-7	1.615314E-2
1.543000E-7	1.612231E-2
1.543500E-7	1.610860E-2
1.544000E-7	1.611374E-2
1.544500E-7	1.615314E-2
1.545000E-7	1.621823E-2
1.545500E-7	1.626619E-2
1.546000E-7	1.631416E-2
1.546500E-7	1.638610E-2
1.547000E-7	1.644091E-2
1.547500E-7	1.644605E-2
1.548000E-7	1.641522E-2
1.548500E-7	1.638267E-2
1.549000E-7	1.636212E-2
1.549500E-7	1.636554E-2
1.550000E-7	1.637925E-2
1.550500E-7	1.639638E-2
1.551000E-7	1.641522E-2
1.551500E-7	1.642207E-2
1.552000E-7	1.640666E-2
1.552500E-7	1.635184E-2
1.553000E-7	1.626791E-2
1.553500E-7	1.618226E-2
1.554000E-7	1.607777E-2
1.554500E-7	1.594416E-2
1.555000E-7	1.580198E-2
1.555500E-7	1.567180E-2
1.556000E-7	1.557245E-2
1.556500E-7	1.552620E-2
1.557000E-7	1.552449E-2
1.557500E-7	1.555703E-2
1.558000E-7	1.561356E-2
1.558500E-7	1.568893E-2
1.559000E-7	1.574717E-2
1.559500E-7	1.579171E-2
1.560000E-7	1.586194E-2
1.560500E-7	1.594758E-2
1.561000E-7	1.599555E-2
1.561500E-7	1.599555E-2
1.562000E-7	1.598527E-2
1.562500E-7	1.596129E-2
1.563000E-7	1.591333E-2
1.563500E-7	1.587564E-2
1.564000E-7	1.586879E-2
1.564500E-7	1.587564E-2
1.565000E-7	1.586536E-2
1.565500E-7	1.583282E-2
1.566000E-7	1.578828E-2
1.566500E-7	1.574032E-2
1.567000E-7	1.569921E-2
1.567500E-7	1.568036E-2
1.568000E-7	1.568208E-2
1.568500E-7	1.568893E-2
1.569000E-7	1.572490E-2
1.569500E-7	1.582939E-2
1.570000E-7	1.597328E-2
1.570500E-7	1.611203E-2
1.571000E-7	1.623022E-2
1.571500E-7	1.633985E-2
1.572000E-7	1.642550E-2
1.572500E-7	1.647517E-2
1.573000E-7	1.649402E-2
1.573500E-7	1.647689E-2
1.574000E-7	1.640323E-2
1.574500E-7	1.629017E-2
1.575000E-7	1.616684E-2
1.575500E-7	1.605550E-2
1.576000E-7	1.594245E-2
1.576500E-7	1.583624E-2
1.577000E-7	1.575573E-2
1.577500E-7	1.570777E-2
1.578000E-7	1.568208E-2
1.578500E-7	1.567351E-2
1.579000E-7	1.570263E-2
1.579500E-7	1.575745E-2
1.580000E-7	1.581911E-2
1.580500E-7	1.586022E-2
1.581000E-7	1.589791E-2
1.581500E-7	1.594245E-2
1.582000E-7	1.596129E-2
1.582500E-7	1.593559E-2
1.583000E-7	1.588078E-2
1.583500E-7	1.580712E-2
1.584000E-7	1.572661E-2
1.584500E-7	1.566495E-2
1.585000E-7	1.561013E-2
1.585500E-7	1.552963E-2
1.586000E-7	1.544055E-2
1.586500E-7	1.536689E-2
1.587000E-7	1.530180E-2
1.587500E-7	1.525555E-2
1.588000E-7	1.526240E-2
1.588500E-7	1.532065E-2
1.589000E-7	1.538916E-2
1.589500E-7	1.545426E-2
1.590000E-7	1.550222E-2
1.590500E-7	1.552963E-2
1.591000E-7	1.552449E-2
1.591500E-7	1.548338E-2
1.592000E-7	1.541486E-2
1.592500E-7	1.534120E-2
1.593000E-7	1.526754E-2
1.593500E-7	1.519389E-2
1.594000E-7	1.514764E-2
1.594500E-7	1.514079E-2
1.595000E-7	1.514421E-2
1.595500E-7	1.513907E-2
1.596000E-7	1.516819E-2
1.596500E-7	1.523671E-2
1.597000E-7	1.531037E-2
1.597500E-7	1.537203E-2
1.598000E-7	1.544226E-2
1.598500E-7	1.551763E-2
1.599000E-7	1.557245E-2
1.599500E-7	1.561013E-2
1.600000E-7	1.565467E-2
1.600500E-7	1.569749E-2
1.601000E-7	1.569407E-2
1.601500E-7	1.567351E-2
1.602000E-7	1.566324E-2
1.602500E-7	1.566666E-2
1.603000E-7	1.565981E-2
1.603500E-7	1.565810E-2
1.604000E-7	1.567694E-2
1.604500E-7	1.570606E-2
1.605000E-7	1.573518E-2
1.605500E-7	1.576087E-2
1.606000E-7	1.577458E-2
1.606500E-7	1.577458E-2
1.607000E-7	1.576601E-2
1.607500E-7	1.575573E-2
1.608000E-7	1.573175E-2
1.608500E-7	1.568722E-2
1.609000E-7	1.561699E-2
1.609500E-7	1.555018E-2
1.610000E-7	1.549708E-2
1.610500E-7	1.546625E-2
1.611000E-7	1.545254E-2
1.611500E-7	1.545254E-2
1.612000E-7	1.547824E-2
1.612500E-7	1.555703E-2
1.613000E-7	1.568893E-2
1.613500E-7	1.584652E-2
1.614000E-7	1.600754E-2
1.614500E-7	1.612059E-2
1.615000E-7	1.617027E-2
1.615500E-7	1.617541E-2
1.616000E-7	1.614971E-2
1.616500E-7	1.608633E-2
1.617000E-7	1.600069E-2
1.617500E-7	1.592189E-2
1.618000E-7	1.585166E-2
1.618500E-7	1.577800E-2
1.619000E-7	1.568722E-2
1.619500E-7	1.557759E-2
1.620000E-7	1.547138E-2
1.620500E-7	1.541314E-2
1.621000E-7	1.543027E-2
1.621500E-7	1.549708E-2
1.622000E-7	1.558958E-2
1.622500E-7	1.570948E-2
1.623000E-7	1.584309E-2
1.623500E-7	1.596643E-2
1.624000E-7	1.606064E-2
1.624500E-7	1.613087E-2
1.625000E-7	1.616342E-2
1.625500E-7	1.615999E-2
1.626000E-7	1.611032E-2
1.626500E-7	1.601096E-2
1.627000E-7	1.586536E-2
1.627500E-7	1.570435E-2
1.628000E-7	1.554333E-2
1.628500E-7	1.539088E-2
1.629000E-7	1.527268E-2
1.629500E-7	1.518361E-2
1.630000E-7	1.511852E-2
1.630500E-7	1.508426E-2
1.631000E-7	1.507912E-2
1.631500E-7	1.508768E-2
1.632000E-7	1.509796E-2
1.632500E-7	1.511852E-2
1.633000E-7	1.516991E-2
1.633500E-7	1.522643E-2
1.634000E-7	1.526069E-2
1.634500E-7	1.528467E-2
1.635000E-7	1.531379E-2
1.635500E-7	1.531893E-2
1.636000E-7	1.531893E-2
1.636500E-7	1.533092E-2
1.637000E-7	1.535490E-2
1.637500E-7	1.537889E-2
1.638000E-7	1.542000E-2
1.638500E-7	1.546111E-2
1.639000E-7	1.547652E-2
1.639500E-7	1.550222E-2
1.640000E-7	1.557587E-2
1.640500E-7	1.566666E-2
1.641000E-7	1.574717E-2
1.641500E-7	1.584823E-2
1.642000E-7	1.596985E-2
1.642500E-7	1.607948E-2
1.643000E-7	1.617541E-2
1.643500E-7	1.624735E-2
1.644000E-7	1.625763E-2
1.644500E-7	1.620453E-2
1.645000E-7	1.612744E-2
1.645500E-7	1.604694E-2
1.646000E-7	1.593902E-2
1.646500E-7	1.580541E-2
1.647000E-7	1.566666E-2
1.647500E-7	1.554675E-2
1.648000E-7	1.545254E-2
1.648500E-7	1.536861E-2
1.649000E-7	1.531379E-2
1.649500E-7	1.532065E-2
1.650000E-7	1.538574E-2
1.650500E-7	1.545597E-2
1.651000E-7	1.551935E-2
1.651500E-7	1.558273E-2
1.652000E-7	1.564097E-2
1.652500E-7	1.569236E-2
1.653000E-7	1.571462E-2
1.653500E-7	1.570435E-2
1.654000E-7	1.567523E-2
1.654500E-7	1.564439E-2
1.655000E-7	1.559814E-2
1.655500E-7	1.551421E-2
1.656000E-7	1.540801E-2
1.656500E-7	1.531208E-2
1.657000E-7	1.523671E-2
1.657500E-7	1.518532E-2
1.658000E-7	1.515791E-2
1.658500E-7	1.514079E-2
1.659000E-7	1.513393E-2
1.659500E-7	1.514079E-2
1.660000E-7	1.515106E-2
1.660500E-7	1.515791E-2
1.661000E-7	1.516648E-2
1.661500E-7	1.517676E-2
1.662000E-7	1.517504E-2
1.662500E-7	1.515278E-2
1.663000E-7	1.513736E-2
1.663500E-7	1.512708E-2
1.664000E-7	1.512537E-2
1.664500E-7	1.516477E-2
1.665000E-7	1.523842E-2
1.665500E-7	1.530865E-2
1.666000E-7	1.538231E-2
1.666500E-7	1.547652E-2
1.667000E-7	1.557074E-2
1.667500E-7	1.562898E-2
1.668000E-7	1.564439E-2
1.668500E-7	1.563583E-2
1.669000E-7	1.560842E-2
1.669500E-7	1.555189E-2
1.670000E-7	1.543884E-2
1.670500E-7	1.527953E-2
1.671000E-7	1.511680E-2
1.671500E-7	1.496093E-2
1.672000E-7	1.480676E-2
1.672500E-7	1.467658E-2
1.673000E-7	1.461491E-2
1.673500E-7	1.461148E-2
1.674000E-7	1.462519E-2
1.674500E-7	1.466459E-2
1.675000E-7	1.474681E-2
1.675500E-7	1.485986E-2
1.676000E-7	1.498662E-2
1.676500E-7	1.512879E-2
1.677000E-7	1.526583E-2
1.677500E-7	1.535490E-2
1.678000E-7	1.537717E-2
1.678500E-7	1.534805E-2
1.679000E-7	1.528296E-2
1.679500E-7	1.517847E-2
1.680000E-7	1.502773E-2
1.680500E-7	1.485130E-2
1.681000E-7	1.467829E-2
1.681500E-7	1.452070E-2
1.682000E-7	1.438024E-2
1.682500E-7	1.428260E-2
1.683000E-7	1.426033E-2
1.683500E-7	1.429288E-2
1.684000E-7	1.436824E-2
1.684500E-7	1.448815E-2
1.685000E-7	1.465431E-2
1.685500E-7	1.483588E-2
1.686000E-7	1.501917E-2
1.686500E-7	1.519903E-2
1.687000E-7	1.535148E-2
1.687500E-7	1.546625E-2
1.688000E-7	1.555875E-2
1.688500E-7	1.562041E-2
1.689000E-7	1.562898E-2
1.689500E-7	1.559129E-2
1.690000E-7	1.553648E-2
1.690500E-7	1.547481E-2
1.691000E-7	1.539773E-2
1.691500E-7	1.530694E-2
1.692000E-7	1.521444E-2
1.692500E-7	1.512194E-2
1.693000E-7	1.504486E-2
1.693500E-7	1.500204E-2
1.694000E-7	1.498662E-2
1.694500E-7	1.498662E-2
1.695000E-7	1.498319E-2
1.695500E-7	1.497634E-2
1.696000E-7	1.497634E-2
1.696500E-7	1.498491E-2
1.697000E-7	1.498833E-2
1.697500E-7	1.496949E-2
1.698000E-7	1.493523E-2
1.698500E-7	1.491296E-2
1.699000E-7	1.490611E-2
1.699500E-7	1.486329E-2
1.700000E-7	1.478449E-2
1.700500E-7	1.470398E-2
1.701000E-7	1.467144E-2
1.701500E-7	1.466630E-2
1.702000E-7	1.467829E-2
1.702500E-7	1.472283E-2
1.703000E-7	1.480847E-2
1.703500E-7	1.491981E-2
1.704000E-7	1.503801E-2
1.704500E-7	1.514935E-2
1.705000E-7	1.522986E-2
1.705500E-7	1.527953E-2
1.706000E-7	1.531893E-2
1.706500E-7	1.535662E-2
1.707000E-7	1.536176E-2
1.707500E-7	1.532578E-2
1.708000E-7	1.527953E-2
1.708500E-7	1.524185E-2
1.709000E-7	1.520588E-2
1.709500E-7	1.516477E-2
1.710000E-7	1.514935E-2
1.710500E-7	1.515791E-2
1.711000E-7	1.516648E-2
1.711500E-7	1.515620E-2
1.712000E-7	1.512708E-2
1.712500E-7	1.509967E-2
1.713000E-7	1.505856E-2
1.713500E-7	1.499690E-2
1.714000E-7	1.492838E-2
1.714500E-7	1.488898E-2
1.715000E-7	1.489069E-2
1.715500E-7	1.490782E-2
1.716000E-7	1.492153E-2
1.716500E-7	1.493694E-2
1.717000E-7	1.495921E-2
1.717500E-7	1.494037E-2
1.718000E-7	1.488384E-2
1.718500E-7	1.479134E-2
1.719000E-7	1.465431E-2
1.719500E-7	1.448644E-2
1.720000E-7	1.433912E-2
1.720500E-7	1.423463E-2
1.721000E-7	1.418153E-2
1.721500E-7	1.417639E-2
1.722000E-7	1.421065E-2
1.722500E-7	1.427232E-2
1.723000E-7	1.437338E-2
1.723500E-7	1.448815E-2
1.724000E-7	1.457380E-2
1.724500E-7	1.462347E-2
1.725000E-7	1.465259E-2
1.725500E-7	1.466116E-2
1.726000E-7	1.463889E-2
1.726500E-7	1.461148E-2
1.727000E-7	1.458750E-2
1.727500E-7	1.456695E-2
1.728000E-7	1.455838E-2
1.728500E-7	1.457722E-2
1.729000E-7	1.462176E-2
1.729500E-7	1.468171E-2
1.730000E-7	1.473824E-2
1.730500E-7	1.479991E-2
1.731000E-7	1.485472E-2
1.731500E-7	1.487528E-2
1.732000E-7	1.483588E-2
1.732500E-7	1.477421E-2
1.733000E-7	1.473139E-2
1.733500E-7	1.471084E-2
1.734000E-7	1.470912E-2
1.734500E-7	1.469542E-2
1.735000E-7	1.467315E-2
1.735500E-7	1.464917E-2
1.736000E-7	1.461834E-2
1.736500E-7	1.458922E-2
1.737000E-7	1.455667E-2
1.737500E-7	1.453269E-2
1.738000E-7	1.451213E-2
1.738500E-7	1.450014E-2
1.739000E-7	1.450014E-2
1.739500E-7	1.450528E-2
1.740000E-7	1.452584E-2
1.740500E-7	1.457551E-2
1.741000E-7	1.465431E-2
1.741500E-7	1.476908E-2
1.742000E-7	1.486671E-2
1.742500E-7	1.491296E-2
1.743000E-7	1.493181E-2
1.743500E-7	1.494208E-2
1.744000E-7	1.489755E-2
1.744500E-7	1.478107E-2
1.745000E-7	1.464574E-2
1.745500E-7	1.452584E-2
1.746000E-7	1.438366E-2
1.746500E-7	1.424834E-2
1.747000E-7	1.415070E-2
1.747500E-7	1.409417E-2
1.748000E-7	1.407019E-2
1.748500E-7	1.408903E-2
1.749000E-7	1.411644E-2
1.749500E-7	1.415070E-2
1.750000E-7	1.420894E-2
1.750500E-7	1.426889E-2
1.751000E-7	1.430144E-2
1.751500E-7	1.432713E-2
1.752000E-7	1.435968E-2
1.752500E-7	1.437338E-2
1.753000E-7	1.434940E-2
1.753500E-7	1.428945E-2
1.754000E-7	1.422778E-2
1.754500E-7	1.419866E-2
1.755000E-7	1.422607E-2
1.755500E-7	1.426889E-2
1.756000E-7	1.429288E-2
1.756500E-7	1.431343E-2
1.757000E-7	1.434769E-2
1.757500E-7	1.437338E-2
1.758000E-7	1.437338E-2
1.758500E-7	1.436482E-2
1.759000E-7	1.435283E-2
1.759500E-7	1.431514E-2
1.760000E-7	1.424491E-2
1.760500E-7	1.417811E-2
1.761000E-7	1.413700E-2
1.761500E-7	1.409417E-2
1.762000E-7	1.404107E-2
1.762500E-7	1.399653E-2
1.763000E-7	1.396399E-2
1.763500E-7	1.392630E-2
1.764000E-7	1.390232E-2
1.764500E-7	1.390746E-2
1.765000E-7	1.394515E-2
1.765500E-7	1.399653E-2
1.766000E-7	1.405649E-2
1.766500E-7	1.411815E-2
1.767000E-7	1.416954E-2
1.767500E-7	1.421065E-2
1.768000E-7	1.425690E-2
1.768500E-7	1.430829E-2
1.769000E-7	1.434084E-2
1.769500E-7	1.433570E-2
1.770000E-7	1.430829E-2
1.770500E-7	1.428431E-2
1.771000E-7	1.426547E-2
1.771500E-7	1.422264E-2
1.772000E-7	1.414899E-2
1.772500E-7	1.406334E-2
1.773000E-7	1.398797E-2
1.773500E-7	1.391431E-2
1.774000E-7	1.384922E-2
1.774500E-7	1.380468E-2
1.775000E-7	1.378755E-2
1.775500E-7	1.380297E-2
1.776000E-7	1.386806E-2
1.776500E-7	1.397941E-2
1.777000E-7	1.412501E-2
1.777500E-7	1.430487E-2
1.778000E-7	1.449329E-2
1.778500E-7	1.463547E-2
1.779000E-7	1.469713E-2
1.779500E-7	1.472283E-2
1.780000E-7	1.471426E-2
1.780500E-7	1.466116E-2
1.781000E-7	1.458236E-2
1.781500E-7	1.450871E-2
1.782000E-7	1.440936E-2
1.782500E-7	1.430487E-2
1.783000E-7	1.422950E-2
1.783500E-7	1.416098E-2
1.784000E-7	1.408732E-2
1.784500E-7	1.402394E-2
1.785000E-7	1.397427E-2
1.785500E-7	1.393487E-2
1.786000E-7	1.391774E-2
1.786500E-7	1.391260E-2
1.787000E-7	1.389033E-2
1.787500E-7	1.385436E-2
1.788000E-7	1.383894E-2
1.788500E-7	1.382867E-2
1.789000E-7	1.380640E-2
1.789500E-7	1.379269E-2
1.790000E-7	1.380468E-2
1.790500E-7	1.384580E-2
1.791000E-7	1.389890E-2
1.791500E-7	1.394515E-2
1.792000E-7	1.397427E-2
1.792500E-7	1.398968E-2
1.793000E-7	1.398112E-2
1.793500E-7	1.393829E-2
1.794000E-7	1.387149E-2
1.794500E-7	1.380126E-2
1.795000E-7	1.373617E-2
1.795500E-7	1.368306E-2
1.796000E-7	1.363682E-2
1.796500E-7	1.359742E-2
1.797000E-7	1.358714E-2
1.797500E-7	1.361455E-2
1.798000E-7	1.367793E-2
1.798500E-7	1.380468E-2
1.799000E-7	1.400167E-2
1.799500E-7	1.423121E-2
1.800000E-7	1.444190E-2
1.800500E-7	1.461320E-2
1.801000E-7	1.473482E-2
1.801500E-7	1.479648E-2
1.802000E-7	1.478792E-2
1.802500E-7	1.471255E-2
1.803000E-7	1.459435E-2
1.803500E-7	1.446417E-2
1.804000E-7	1.434255E-2
1.804500E-7	1.422778E-2
1.805000E-7	1.413700E-2
1.805500E-7	1.407533E-2
1.806000E-7	1.403765E-2
1.806500E-7	1.405306E-2
1.807000E-7	1.411644E-2
1.807500E-7	1.419010E-2
1.808000E-7	1.425690E-2
1.808500E-7	1.430487E-2
1.809000E-7	1.433399E-2
1.809500E-7	1.433741E-2
1.810000E-7	1.432028E-2
1.810500E-7	1.427061E-2
1.811000E-7	1.419866E-2
1.811500E-7	1.413357E-2
1.812000E-7	1.408561E-2
1.812500E-7	1.404964E-2
1.813000E-7	1.403765E-2
1.813500E-7	1.405991E-2
1.814000E-7	1.411302E-2
1.814500E-7	1.418667E-2
1.815000E-7	1.425176E-2
1.815500E-7	1.428602E-2
1.816000E-7	1.430658E-2
1.816500E-7	1.431857E-2
1.817000E-7	1.430829E-2
1.817500E-7	1.429116E-2
1.818000E-7	1.428774E-2
1.818500E-7	1.429630E-2
1.819000E-7	1.432200E-2
1.819500E-7	1.437681E-2
1.820000E-7	1.445903E-2
1.820500E-7	1.454810E-2
1.821000E-7	1.462861E-2
1.821500E-7	1.469884E-2
1.822000E-7	1.473139E-2
1.822500E-7	1.470227E-2
1.823000E-7	1.461491E-2
1.823500E-7	1.448815E-2
1.824000E-7	1.431514E-2
1.824500E-7	1.411130E-2
1.825000E-7	1.391431E-2
1.825500E-7	1.372589E-2
1.826000E-7	1.352205E-2
1.826500E-7	1.334561E-2
1.827000E-7	1.324969E-2
1.827500E-7	1.322742E-2
1.828000E-7	1.322228E-2
1.828500E-7	1.323256E-2
1.829000E-7	1.325997E-2
1.829500E-7	1.330622E-2
1.830000E-7	1.336617E-2
1.830500E-7	1.341413E-2
1.831000E-7	1.345353E-2
1.831500E-7	1.351177E-2
1.832000E-7	1.358543E-2
1.832500E-7	1.363339E-2
1.833000E-7	1.367793E-2
1.833500E-7	1.376015E-2
1.834000E-7	1.386635E-2
1.834500E-7	1.393829E-2
1.835000E-7	1.395371E-2
1.835500E-7	1.392802E-2
1.836000E-7	1.388348E-2
1.836500E-7	1.381154E-2
1.837000E-7	1.371561E-2
1.837500E-7	1.363168E-2
1.838000E-7	1.359057E-2
1.838500E-7	1.356830E-2
1.839000E-7	1.353575E-2
1.839500E-7	1.353404E-2
1.840000E-7	1.359570E-2
1.840500E-7	1.368649E-2
1.841000E-7	1.378755E-2
1.841500E-7	1.391089E-2
1.842000E-7	1.401366E-2
1.842500E-7	1.406163E-2
1.843000E-7	1.407362E-2
1.843500E-7	1.406334E-2
1.844000E-7	1.400681E-2
1.844500E-7	1.393144E-2
1.845000E-7	1.386464E-2
1.845500E-7	1.378070E-2
1.846000E-7	1.368478E-2
1.846500E-7	1.359228E-2
1.847000E-7	1.351006E-2
1.847500E-7	1.343297E-2
1.848000E-7	1.338330E-2
1.848500E-7	1.335075E-2
1.849000E-7	1.332677E-2
1.849500E-7	1.331992E-2
1.850000E-7	1.331478E-2
1.850500E-7	1.328395E-2
1.851000E-7	1.323085E-2
1.851500E-7	1.319316E-2
1.852000E-7	1.317774E-2
1.852500E-7	1.316062E-2
1.853000E-7	1.311608E-2
1.853500E-7	1.306640E-2
1.854000E-7	1.304242E-2
1.854500E-7	1.305270E-2
1.855000E-7	1.309038E-2
1.855500E-7	1.315376E-2
1.856000E-7	1.322571E-2
1.856500E-7	1.329765E-2
1.857000E-7	1.337645E-2
1.857500E-7	1.347922E-2
1.858000E-7	1.357344E-2
1.858500E-7	1.362311E-2
1.859000E-7	1.363853E-2
1.859500E-7	1.363853E-2
1.860000E-7	1.361112E-2
1.860500E-7	1.356658E-2
1.861000E-7	1.354603E-2
1.861500E-7	1.352890E-2
1.862000E-7	1.348950E-2
1.862500E-7	1.345524E-2
1.863000E-7	1.345010E-2
1.863500E-7	1.345696E-2
1.864000E-7	1.347237E-2
1.864500E-7	1.352890E-2
1.865000E-7	1.360941E-2
1.865500E-7	1.366765E-2
1.866000E-7	1.370362E-2
1.866500E-7	1.372246E-2
1.867000E-7	1.370191E-2
1.867500E-7	1.365566E-2
1.868000E-7	1.360427E-2
1.868500E-7	1.353918E-2
1.869000E-7	1.346895E-2
1.869500E-7	1.341756E-2
1.870000E-7	1.338672E-2
1.870500E-7	1.336103E-2
1.871000E-7	1.333876E-2
1.871500E-7	1.330279E-2
1.872000E-7	1.324455E-2
1.872500E-7	1.319830E-2
1.873000E-7	1.317946E-2
1.873500E-7	1.316575E-2
1.874000E-7	1.314862E-2
1.874500E-7	1.313150E-2
1.875000E-7	1.311779E-2
1.875500E-7	1.310580E-2
1.876000E-7	1.311950E-2
1.876500E-7	1.315205E-2
1.877000E-7	1.319659E-2
1.877500E-7	1.325825E-2
1.878000E-7	1.331821E-2
1.878500E-7	1.337131E-2
1.879000E-7	1.343811E-2
1.879500E-7	1.349464E-2
1.880000E-7	1.352890E-2
1.880500E-7	1.357858E-2
1.881000E-7	1.364195E-2
1.881500E-7	1.367279E-2
1.882000E-7	1.365737E-2
1.882500E-7	1.363168E-2
1.883000E-7	1.360256E-2
1.883500E-7	1.356145E-2
1.884000E-7	1.351348E-2
1.884500E-7	1.345696E-2
1.885000E-7	1.339872E-2
1.885500E-7	1.335760E-2
1.886000E-7	1.330279E-2
1.886500E-7	1.321714E-2
1.887000E-7	1.313492E-2
1.887500E-7	1.308525E-2
1.888000E-7	1.305270E-2
1.888500E-7	1.302187E-2
1.889000E-7	1.301330E-2
1.889500E-7	1.304071E-2
1.890000E-7	1.310409E-2
1.890500E-7	1.319487E-2
1.891000E-7	1.329765E-2
1.891500E-7	1.338844E-2
1.892000E-7	1.343983E-2
1.892500E-7	1.343640E-2
1.893000E-7	1.339358E-2
1.893500E-7	1.333534E-2
1.894000E-7	1.325654E-2
1.894500E-7	1.315548E-2
1.895000E-7	1.304242E-2
1.895500E-7	1.293964E-2
1.896000E-7	1.286427E-2
1.896500E-7	1.283515E-2
1.897000E-7	1.284029E-2
1.897500E-7	1.287284E-2
1.898000E-7	1.293964E-2
1.898500E-7	1.302872E-2
1.899000E-7	1.310066E-2
1.899500E-7	1.315034E-2
1.900000E-7	1.321543E-2
1.900500E-7	1.327024E-2
1.901000E-7	1.327881E-2
1.901500E-7	1.324112E-2
1.902000E-7	1.316747E-2
1.902500E-7	1.305784E-2
1.903000E-7	1.297048E-2
1.903500E-7	1.293964E-2
1.904000E-7	1.290881E-2
1.904500E-7	1.287455E-2
1.905000E-7	1.290025E-2
1.905500E-7	1.297390E-2
1.906000E-7	1.302358E-2
1.906500E-7	1.305270E-2
1.907000E-7	1.309895E-2
1.907500E-7	1.314177E-2
1.908000E-7	1.313835E-2
1.908500E-7	1.310923E-2
1.909000E-7	1.309381E-2
1.909500E-7	1.309895E-2
1.910000E-7	1.311779E-2
1.910500E-7	1.315376E-2
1.911000E-7	1.319830E-2
1.911500E-7	1.325654E-2
1.912000E-7	1.332848E-2
1.912500E-7	1.339529E-2
1.913000E-7	1.342270E-2
1.913500E-7	1.341584E-2
1.914000E-7	1.341071E-2
1.914500E-7	1.339015E-2
1.915000E-7	1.331992E-2
1.915500E-7	1.321200E-2
1.916000E-7	1.311094E-2
1.916500E-7	1.306812E-2
1.917000E-7	1.306469E-2
1.917500E-7	1.308353E-2
1.918000E-7	1.313150E-2
1.918500E-7	1.320858E-2
1.919000E-7	1.328395E-2
1.919500E-7	1.334219E-2
1.920000E-7	1.339529E-2
1.920500E-7	1.342270E-2
1.921000E-7	1.343983E-2
1.921500E-7	1.345867E-2
1.922000E-7	1.343469E-2
1.922500E-7	1.335247E-2
1.923000E-7	1.327196E-2
1.923500E-7	1.323085E-2
1.924000E-7	1.319316E-2
1.924500E-7	1.313663E-2
1.925000E-7	1.308011E-2
1.925500E-7	1.303728E-2
1.926000E-7	1.299446E-2
1.926500E-7	1.295849E-2
1.927000E-7	1.292765E-2
1.927500E-7	1.289168E-2
1.928000E-7	1.283687E-2
1.928500E-7	1.277349E-2
1.929000E-7	1.272381E-2
1.929500E-7	1.271182E-2
1.930000E-7	1.271696E-2
1.930500E-7	1.272381E-2
1.931000E-7	1.275122E-2
1.931500E-7	1.279062E-2
1.932000E-7	1.280432E-2
1.932500E-7	1.278891E-2
1.933000E-7	1.278377E-2
1.933500E-7	1.279747E-2
1.934000E-7	1.282659E-2
1.934500E-7	1.286256E-2
1.935000E-7	1.290196E-2
1.935500E-7	1.292937E-2
1.936000E-7	1.294136E-2
1.936500E-7	1.293793E-2
1.937000E-7	1.292252E-2
1.937500E-7	1.291566E-2
1.938000E-7	1.292252E-2
1.938500E-7	1.291224E-2
1.939000E-7	1.288826E-2
1.939500E-7	1.285914E-2
1.940000E-7	1.282659E-2
1.940500E-7	1.278205E-2
1.941000E-7	1.271525E-2
1.941500E-7	1.264502E-2
1.942000E-7	1.260219E-2
1.942500E-7	1.258678E-2
1.943000E-7	1.257136E-2
1.943500E-7	1.254395E-2
1.944000E-7	1.252168E-2
1.944500E-7	1.252511E-2
1.945000E-7	1.256280E-2
1.945500E-7	1.261761E-2
1.946000E-7	1.265358E-2
1.946500E-7	1.267242E-2
1.947000E-7	1.270668E-2
1.947500E-7	1.276150E-2
1.948000E-7	1.281460E-2
1.948500E-7	1.285742E-2
1.949000E-7	1.290196E-2
1.949500E-7	1.295335E-2
1.950000E-7	1.297904E-2
1.950500E-7	1.298076E-2
1.951000E-7	1.297562E-2
1.951500E-7	1.298247E-2
1.952000E-7	1.299446E-2
1.952500E-7	1.301159E-2
1.953000E-7	1.302872E-2
1.953500E-7	1.303728E-2
1.954000E-7	1.304585E-2
1.954500E-7	1.306469E-2
1.955000E-7	1.307154E-2
1.955500E-7	1.304242E-2
1.956000E-7	1.299788E-2
1.956500E-7	1.294650E-2
1.957000E-7	1.285742E-2
1.957500E-7	1.273923E-2
1.958000E-7	1.264673E-2
1.958500E-7	1.257479E-2
1.959000E-7	1.250284E-2
1.959500E-7	1.246516E-2
1.960000E-7	1.248914E-2
1.960500E-7	1.255252E-2
1.961000E-7	1.262789E-2
1.961500E-7	1.272895E-2
1.962000E-7	1.286256E-2
1.962500E-7	1.300988E-2
1.963000E-7	1.315205E-2
1.963500E-7	1.327710E-2
1.964000E-7	1.336617E-2
1.964500E-7	1.339529E-2
1.965000E-7	1.334904E-2
1.965500E-7	1.322913E-2
1.966000E-7	1.307668E-2
1.966500E-7	1.291052E-2
1.967000E-7	1.274951E-2
1.967500E-7	1.260391E-2
1.968000E-7	1.247715E-2
1.968500E-7	1.239664E-2
1.969000E-7	1.237437E-2
1.969500E-7	1.240178E-2
1.970000E-7	1.246002E-2
1.970500E-7	1.256451E-2
1.971000E-7	1.269983E-2
1.971500E-7	1.283002E-2
1.972000E-7	1.292937E-2
1.972500E-7	1.299617E-2
1.973000E-7	1.303557E-2
1.973500E-7	1.305270E-2
1.974000E-7	1.304927E-2
1.974500E-7	1.301673E-2
1.975000E-7	1.296876E-2
1.975500E-7	1.292765E-2
1.976000E-7	1.288826E-2
1.976500E-7	1.283858E-2
1.977000E-7	1.278548E-2
1.977500E-7	1.274779E-2
1.978000E-7	1.273923E-2
1.978500E-7	1.276150E-2
1.979000E-7	1.279404E-2
1.979500E-7	1.282145E-2
1.980000E-7	1.284715E-2
1.980500E-7	1.286427E-2
1.981000E-7	1.285228E-2
1.981500E-7	1.280775E-2
1.982000E-7	1.274779E-2
1.982500E-7	1.268784E-2
1.983000E-7	1.262960E-2
1.983500E-7	1.255594E-2
1.984000E-7	1.247201E-2
1.984500E-7	1.240863E-2
1.985000E-7	1.236067E-2
1.985500E-7	1.231613E-2
1.986000E-7	1.229044E-2
1.986500E-7	1.229215E-2
1.987000E-7	1.230928E-2
1.987500E-7	1.233669E-2
1.988000E-7	1.238636E-2
1.988500E-7	1.244460E-2
1.989000E-7	1.249942E-2
1.989500E-7	1.256280E-2
1.990000E-7	1.263303E-2
1.990500E-7	1.268784E-2
1.991000E-7	1.270668E-2
1.991500E-7	1.267585E-2
1.992000E-7	1.260733E-2
1.992500E-7	1.254567E-2
1.993000E-7	1.249770E-2
1.993500E-7	1.244632E-2
1.994000E-7	1.239493E-2
1.994500E-7	1.234525E-2
1.995000E-7	1.228016E-2
1.995500E-7	1.219109E-2
1.996000E-7	1.211400E-2
1.996500E-7	1.206604E-2
1.997000E-7	1.206090E-2
1.997500E-7	1.209859E-2
1.998000E-7	1.217396E-2
1.998500E-7	1.225789E-2
1.999000E-7	1.234183E-2
1.999500E-7	1.241891E-2
2.000000E-7	1.247201E-2
