Study Name	PremaTech_CVD_SiC_HeandSi
Sample Name	2025-10-31
Run Name	spot04
Operator	Keshav
Date	10/31/2025
Time	17:43
Sign	FIX
Grating Spacing	06.40um
Channel	3
Number Traces	10000
Files in Batch	1
Batch Number	188
dt	50.000001E-12
time stamp (ms)	9:07:19 PM
	
Time	Amplitude
0.000000E+0	2.809438E-4
5.000000E-11	1.627502E-4
1.000000E-10	3.427896E-5
1.500000E-10	-8.220164E-5
2.000000E-10	-1.798398E-4
2.500000E-10	-2.415060E-4
3.000000E-10	-2.672003E-4
3.500000E-10	-2.432189E-4
4.000000E-10	-1.661362E-4
4.500000E-10	-7.021099E-5
5.000000E-10	1.029766E-5
5.500000E-10	6.853796E-5
6.000000E-10	9.594516E-5
6.500000E-10	7.710271E-5
7.000000E-10	2.228831E-5
7.500000E-10	-4.794264E-5
8.000000E-10	-1.353031E-4
8.500000E-10	-2.192376E-4
9.000000E-10	-2.637744E-4
9.500000E-10	-2.757650E-4
1.000000E-9	-2.740521E-4
1.050000E-9	-2.363671E-4
1.100000E-9	-1.661362E-4
1.150000E-9	-1.044700E-4
1.200000E-9	-5.136854E-5
1.250000E-9	1.543651E-5
1.300000E-9	7.196386E-5
1.350000E-9	9.423221E-5
1.400000E-9	9.251926E-5
1.450000E-9	7.538976E-5
1.500000E-9	3.427896E-5
1.550000E-9	-8.544792E-6
1.600000E-9	-4.109084E-5
1.650000E-9	-6.849804E-5
1.700000E-9	-8.562754E-5
1.750000E-9	-8.048869E-5
1.800000E-9	-5.993329E-5
1.850000E-9	-1.025774E-5
1.900000E-9	7.881566E-5
1.950000E-9	1.798797E-4
2.000000E-9	2.758049E-4
2.050000E-9	3.700172E-4
2.100000E-9	4.488129E-4
2.150000E-9	4.710812E-4
2.200000E-9	4.453870E-4
2.250000E-9	3.957114E-4
2.300000E-9	3.237675E-4
2.350000E-9	2.261294E-4
2.400000E-9	1.267783E-4
2.450000E-9	3.599191E-5
2.500000E-9	-5.136854E-5
2.550000E-9	-1.387290E-4
2.600000E-9	-1.935434E-4
2.650000E-9	-1.935434E-4
2.700000E-9	-1.661362E-4
2.750000E-9	-1.472937E-4
2.800000E-9	-1.558585E-4
2.850000E-9	-1.832657E-4
2.900000E-9	-2.260894E-4
2.950000E-9	-2.894686E-4
3.000000E-9	-3.751161E-4
3.050000E-9	-4.573377E-4
3.100000E-9	-5.241428E-4
3.150000E-9	-5.806701E-4
3.200000E-9	-6.166421E-4
3.250000E-9	-6.252068E-4
3.300000E-9	-6.097903E-4
3.350000E-9	-5.618277E-4
3.400000E-9	-4.590507E-4
3.450000E-9	-3.185888E-4
3.500000E-9	-1.678491E-4
3.550000E-9	-1.882249E-5
3.600000E-9	1.233524E-4
3.650000E-9	2.449718E-4
3.700000E-9	3.426100E-4
3.750000E-9	4.094150E-4
3.800000E-9	4.368222E-4
3.850000E-9	4.333963E-4
3.900000E-9	4.145539E-4
3.950000E-9	3.768690E-4
4.000000E-9	3.152028E-4
4.050000E-9	2.535366E-4
4.100000E-9	1.987222E-4
4.150000E-9	1.353430E-4
4.200000E-9	5.826026E-5
4.250000E-9	1.732908E-6
4.300000E-9	-5.308149E-5
4.350000E-9	-1.284513E-4
4.400000E-9	-1.952563E-4
4.450000E-9	-2.586355E-4
4.500000E-9	-3.271535E-4
4.550000E-9	-3.802550E-4
4.600000E-9	-4.059492E-4
4.650000E-9	-4.213658E-4
4.700000E-9	-4.470600E-4
4.750000E-9	-4.676154E-4
4.800000E-9	-4.796061E-4
4.850000E-9	-4.796061E-4
4.900000E-9	-4.624766E-4
4.950000E-9	-4.384953E-4
5.000000E-9	-4.076622E-4
5.050000E-9	-3.734032E-4
5.100000E-9	-3.425701E-4
5.150000E-9	-3.374312E-4
5.200000E-9	-3.494219E-4
5.250000E-9	-3.459960E-4
5.300000E-9	-3.357183E-4
5.350000E-9	-3.322924E-4
5.400000E-9	-3.185888E-4
5.450000E-9	-2.689132E-4
5.500000E-9	-1.952563E-4
5.550000E-9	-1.096088E-4
5.600000E-9	-1.539659E-5
5.650000E-9	9.594516E-5
5.700000E-9	2.398330E-4
5.750000E-9	3.957114E-4
5.800000E-9	5.258956E-4
5.850000E-9	6.303856E-4
5.900000E-9	7.091813E-4
5.950000E-9	7.365885E-4
6.000000E-9	7.194590E-4
6.050000E-9	6.732093E-4
6.100000E-9	5.721453E-4
6.150000E-9	4.248316E-4
6.200000E-9	2.740920E-4
6.250000E-9	1.370560E-4
6.300000E-9	-1.025774E-5
6.350000E-9	-1.524326E-4
6.400000E-9	-2.569225E-4
6.450000E-9	-3.305794E-4
6.500000E-9	-3.905327E-4
6.550000E-9	-4.196528E-4
6.600000E-9	-4.213658E-4
6.650000E-9	-3.905327E-4
6.700000E-9	-3.322924E-4
6.750000E-9	-2.517837E-4
6.800000E-9	-1.627103E-4
6.850000E-9	-8.220164E-5
6.900000E-9	-2.567429E-5
6.950000E-9	1.995795E-8
7.000000E-9	2.571421E-5
7.050000E-9	7.025091E-5
7.100000E-9	9.765811E-5
7.150000E-9	8.052861E-5
7.200000E-9	4.626961E-5
7.250000E-9	3.256601E-5
7.300000E-9	2.228831E-5
7.350000E-9	1.372356E-5
7.400000E-9	2.571421E-5
7.450000E-9	4.113076E-5
7.500000E-9	4.113076E-5
7.550000E-9	3.770486E-5
7.600000E-9	3.599191E-5
7.650000E-9	3.085306E-5
7.700000E-9	2.571421E-5
7.750000E-9	2.400126E-5
7.800000E-9	6.871758E-6
7.850000E-9	-2.396134E-5
7.900000E-9	-3.252609E-5
7.950000E-9	-2.567429E-5
8.000000E-9	-1.882249E-5
8.050000E-9	-8.544792E-6
8.100000E-9	8.584708E-6
8.150000E-9	2.057536E-5
8.200000E-9	2.228831E-5
8.250000E-9	1.886241E-5
8.300000E-9	1.543651E-5
8.350000E-9	1.714946E-5
8.400000E-9	1.201061E-5
8.450000E-9	-5.118892E-6
8.500000E-9	-1.539659E-5
8.550000E-9	-1.539659E-5
8.600000E-9	-2.567429E-5
8.650000E-9	-5.479444E-5
8.700000E-9	-7.192394E-5
8.750000E-9	-7.021099E-5
8.800000E-9	-5.822034E-5
8.850000E-9	-4.280379E-5
8.900000E-9	-2.738724E-5
8.950000E-9	-2.396134E-5
9.000000E-9	-3.766494E-5
9.050000E-9	-5.650739E-5
9.100000E-9	-5.650739E-5
9.150000E-9	-3.937789E-5
9.200000E-9	-2.910019E-5
9.250000E-9	-1.025774E-5
9.300000E-9	4.113076E-5
9.350000E-9	1.165006E-4
9.400000E-9	1.952963E-4
9.450000E-9	2.843697E-4
9.500000E-9	3.871467E-4
9.550000E-9	4.830719E-4
9.600000E-9	5.841359E-4
9.650000E-9	6.817741E-4
9.700000E-9	7.348755E-4
9.750000E-9	7.417273E-4
9.800000E-9	7.417273E-4
9.850000E-9	7.143201E-4
9.900000E-9	6.406633E-4
9.950000E-9	5.464510E-4
1.000000E-8	4.522388E-4
1.005000E-8	3.203416E-4
1.010000E-8	1.713150E-4
1.015000E-8	3.770486E-5
1.020000E-8	-7.021099E-5
1.025000E-8	-1.609973E-4
1.030000E-8	-2.158117E-4
1.035000E-8	-2.397930E-4
1.040000E-8	-2.483578E-4
1.045000E-8	-2.483578E-4
1.050000E-8	-2.312283E-4
1.055000E-8	-2.021081E-4
1.060000E-8	-1.798398E-4
1.065000E-8	-1.575714E-4
1.070000E-8	-1.370160E-4
1.075000E-8	-1.215995E-4
1.080000E-8	-1.284513E-4
1.085000E-8	-1.387290E-4
1.090000E-8	-1.404419E-4
1.095000E-8	-1.284513E-4
1.100000E-8	-1.130347E-4
1.105000E-8	-8.048869E-5
1.110000E-8	-2.738724E-5
1.115000E-8	3.770486E-5
1.120000E-8	8.566746E-5
1.125000E-8	1.182135E-4
1.130000E-8	1.456207E-4
1.135000E-8	1.627502E-4
1.140000E-8	1.250653E-4
1.145000E-8	2.914011E-5
1.150000E-8	-8.562754E-5
1.155000E-8	-2.021081E-4
1.160000E-8	-3.151629E-4
1.165000E-8	-4.042363E-4
1.170000E-8	-4.607636E-4
1.175000E-8	-4.830320E-4
1.180000E-8	-4.504859E-4
1.185000E-8	-3.528478E-4
1.190000E-8	-2.209506E-4
1.195000E-8	-7.706279E-5
1.200000E-8	9.080631E-5
1.205000E-8	2.586754E-4
1.210000E-8	3.922855E-4
1.215000E-8	4.933496E-4
1.220000E-8	5.721453E-4
1.225000E-8	6.269597E-4
1.230000E-8	6.629316E-4
1.235000E-8	6.852000E-4
1.240000E-8	6.817741E-4
1.245000E-8	6.475151E-4
1.250000E-8	5.961266E-4
1.255000E-8	5.293215E-4
1.260000E-8	4.351093E-4
1.265000E-8	3.134898E-4
1.270000E-8	1.781668E-4
1.275000E-8	3.770486E-5
1.280000E-8	-1.078959E-4
1.285000E-8	-2.552096E-4
1.290000E-8	-3.905327E-4
1.295000E-8	-5.001615E-4
1.300000E-8	-5.721054E-4
1.305000E-8	-5.772442E-4
1.310000E-8	-5.138651E-4
1.315000E-8	-4.110881E-4
1.320000E-8	-2.774780E-4
1.325000E-8	-1.164606E-4
1.330000E-8	3.941781E-5
1.335000E-8	1.610373E-4
1.340000E-8	2.483977E-4
1.345000E-8	2.946474E-4
1.350000E-8	2.740920E-4
1.355000E-8	1.935833E-4
1.360000E-8	8.738041E-5
1.365000E-8	-1.368364E-5
1.370000E-8	-1.078959E-4
1.375000E-8	-2.089599E-4
1.380000E-8	-3.048852E-4
1.385000E-8	-3.596996E-4
1.390000E-8	-3.596996E-4
1.395000E-8	-3.340053E-4
1.400000E-8	-2.843298E-4
1.405000E-8	-1.695621E-4
1.410000E-8	5.158808E-6
1.415000E-8	1.764538E-4
1.420000E-8	3.254805E-4
1.425000E-8	4.470999E-4
1.430000E-8	5.258956E-4
1.435000E-8	5.738582E-4
1.440000E-8	6.183949E-4
1.445000E-8	6.064043E-4
1.450000E-8	5.327474E-4
1.455000E-8	4.830719E-4
1.460000E-8	4.642294E-4
1.465000E-8	3.802949E-4
1.470000E-8	2.381200E-4
1.475000E-8	1.302042E-4
1.480000E-8	6.511206E-5
1.485000E-8	1.029766E-5
1.490000E-8	-3.405942E-6
1.495000E-8	1.029766E-5
1.500000E-8	-6.831842E-6
1.505000E-8	-3.766494E-5
1.510000E-8	-1.197069E-5
1.515000E-8	6.339911E-5
1.520000E-8	1.541855E-4
1.525000E-8	2.398330E-4
1.530000E-8	2.997862E-4
1.535000E-8	3.254805E-4
1.540000E-8	3.340452E-4
1.545000E-8	3.186287E-4
1.550000E-8	2.672402E-4
1.555000E-8	2.278423E-4
1.560000E-8	2.329812E-4
1.565000E-8	2.278423E-4
1.570000E-8	1.987222E-4
1.575000E-8	1.833056E-4
1.580000E-8	1.507596E-4
1.585000E-8	1.147876E-4
1.590000E-8	1.302042E-4
1.595000E-8	1.473337E-4
1.600000E-8	6.339911E-5
1.605000E-8	-6.849804E-5
1.610000E-8	-1.472937E-4
1.615000E-8	-2.072470E-4
1.620000E-8	-3.031722E-4
1.625000E-8	-3.922456E-4
1.630000E-8	-4.504859E-4
1.635000E-8	-4.950226E-4
1.640000E-8	-5.001615E-4
1.645000E-8	-4.796061E-4
1.650000E-8	-4.744672E-4
1.655000E-8	-4.453471E-4
1.660000E-8	-3.751161E-4
1.665000E-8	-3.288665E-4
1.670000E-8	-2.911816E-4
1.675000E-8	-2.072470E-4
1.680000E-8	-1.267383E-4
1.685000E-8	-1.147477E-4
1.690000E-8	-1.164606E-4
1.695000E-8	-7.363689E-5
1.700000E-8	-2.396134E-5
1.705000E-8	-3.405942E-6
1.710000E-8	-1.710954E-5
1.715000E-8	-7.534984E-5
1.720000E-8	-1.627103E-4
1.725000E-8	-2.552096E-4
1.730000E-8	-3.596996E-4
1.735000E-8	-4.915967E-4
1.740000E-8	-6.149291E-4
1.745000E-8	-6.971507E-4
1.750000E-8	-7.605299E-4
1.755000E-8	-7.913630E-4
1.760000E-8	-7.502522E-4
1.765000E-8	-6.474752E-4
1.770000E-8	-5.155780E-4
1.775000E-8	-3.477089E-4
1.780000E-8	-1.301642E-4
1.785000E-8	1.336301E-4
1.790000E-8	4.796460E-4
1.795000E-8	9.695497E-4
1.800000E-8	1.639313E-3
1.805000E-8	2.555741E-3
1.810000E-8	3.816473E-3
1.815000E-8	5.478034E-3
1.820000E-8	7.562694E-3
1.825000E-8	1.014582E-2
1.830000E-8	1.325825E-2
1.835000E-8	1.683318E-2
1.840000E-8	2.077639E-2
1.845000E-8	2.496969E-2
1.850000E-8	2.923494E-2
1.855000E-8	3.340083E-2
1.860000E-8	3.743826E-2
1.865000E-8	4.134378E-2
1.870000E-8	4.507459E-2
1.875000E-8	4.861697E-2
1.880000E-8	5.196750E-2
1.885000E-8	5.507136E-2
1.890000E-8	5.781380E-2
1.895000E-8	6.013484E-2
1.900000E-8	6.202252E-2
1.905000E-8	6.338774E-2
1.910000E-8	6.415000E-2
1.915000E-8	6.432472E-2
1.920000E-8	6.397699E-2
1.925000E-8	6.321302E-2
1.930000E-8	6.220751E-2
1.935000E-8	6.110609E-2
1.940000E-8	5.994299E-2
1.945000E-8	5.877476E-2
1.950000E-8	5.771102E-2
1.955000E-8	5.677061E-2
1.960000E-8	5.590214E-2
1.965000E-8	5.513646E-2
1.970000E-8	5.451979E-2
1.975000E-8	5.403674E-2
1.980000E-8	5.360508E-2
1.985000E-8	5.325221E-2
1.990000E-8	5.288907E-2
1.995000E-8	5.247111E-2
2.000000E-8	5.204287E-2
2.005000E-8	5.163690E-2
2.010000E-8	5.111959E-2
2.015000E-8	5.044469E-2
2.020000E-8	4.971326E-2
2.025000E-8	4.898868E-2
2.030000E-8	4.825554E-2
2.035000E-8	4.760633E-2
2.040000E-8	4.718152E-2
2.045000E-8	4.698281E-2
2.050000E-8	4.697768E-2
2.055000E-8	4.719865E-2
2.060000E-8	4.760119E-2
2.065000E-8	4.807396E-2
2.070000E-8	4.853646E-2
2.075000E-8	4.896984E-2
2.080000E-8	4.927132E-2
2.085000E-8	4.940150E-2
2.090000E-8	4.935011E-2
2.095000E-8	4.916169E-2
2.100000E-8	4.886877E-2
2.105000E-8	4.850905E-2
2.110000E-8	4.801744E-2
2.115000E-8	4.741619E-2
2.120000E-8	4.683550E-2
2.125000E-8	4.636101E-2
2.130000E-8	4.597731E-2
2.135000E-8	4.570153E-2
2.140000E-8	4.564329E-2
2.145000E-8	4.585741E-2
2.150000E-8	4.627023E-2
2.155000E-8	4.672930E-2
2.160000E-8	4.716610E-2
2.165000E-8	4.759948E-2
2.170000E-8	4.801401E-2
2.175000E-8	4.830521E-2
2.180000E-8	4.842854E-2
2.185000E-8	4.845424E-2
2.190000E-8	4.838915E-2
2.195000E-8	4.816304E-2
2.200000E-8	4.773309E-2
2.205000E-8	4.718666E-2
2.210000E-8	4.656999E-2
2.215000E-8	4.591393E-2
2.220000E-8	4.523903E-2
2.225000E-8	4.460353E-2
2.230000E-8	4.410848E-2
2.235000E-8	4.385325E-2
2.240000E-8	4.382756E-2
2.245000E-8	4.396802E-2
2.250000E-8	4.425922E-2
2.255000E-8	4.475598E-2
2.260000E-8	4.537093E-2
2.265000E-8	4.596703E-2
2.270000E-8	4.647235E-2
2.275000E-8	4.691430E-2
2.280000E-8	4.728429E-2
2.285000E-8	4.748471E-2
2.290000E-8	4.745730E-2
2.295000E-8	4.723976E-2
2.300000E-8	4.690402E-2
2.305000E-8	4.644837E-2
2.310000E-8	4.586083E-2
2.315000E-8	4.518593E-2
2.320000E-8	4.454529E-2
2.325000E-8	4.406395E-2
2.330000E-8	4.374534E-2
2.335000E-8	4.357747E-2
2.340000E-8	4.359289E-2
2.345000E-8	4.381043E-2
2.350000E-8	4.423182E-2
2.355000E-8	4.477140E-2
2.360000E-8	4.533496E-2
2.365000E-8	4.583000E-2
2.370000E-8	4.624282E-2
2.375000E-8	4.655972E-2
2.380000E-8	4.670874E-2
2.385000E-8	4.667277E-2
2.390000E-8	4.649805E-2
2.395000E-8	4.614689E-2
2.400000E-8	4.561417E-2
2.405000E-8	4.499750E-2
2.410000E-8	4.439112E-2
2.415000E-8	4.377103E-2
2.420000E-8	4.319206E-2
2.425000E-8	4.275011E-2
2.430000E-8	4.250516E-2
2.435000E-8	4.242979E-2
2.440000E-8	4.253086E-2
2.445000E-8	4.281007E-2
2.450000E-8	4.324687E-2
2.455000E-8	4.375390E-2
2.460000E-8	4.426779E-2
2.465000E-8	4.470802E-2
2.470000E-8	4.509000E-2
2.475000E-8	4.539320E-2
2.480000E-8	4.554222E-2
2.485000E-8	4.550454E-2
2.490000E-8	4.532639E-2
2.495000E-8	4.501806E-2
2.500000E-8	4.452644E-2
2.505000E-8	4.394061E-2
2.510000E-8	4.335307E-2
2.515000E-8	4.281521E-2
2.520000E-8	4.234243E-2
2.525000E-8	4.202725E-2
2.530000E-8	4.192105E-2
2.535000E-8	4.200669E-2
2.540000E-8	4.228419E-2
2.545000E-8	4.275183E-2
2.550000E-8	4.335992E-2
2.555000E-8	4.400057E-2
2.560000E-8	4.464121E-2
2.565000E-8	4.520648E-2
2.570000E-8	4.565356E-2
2.575000E-8	4.594991E-2
2.580000E-8	4.609379E-2
2.585000E-8	4.607495E-2
2.590000E-8	4.586426E-2
2.595000E-8	4.546685E-2
2.600000E-8	4.493413E-2
2.605000E-8	4.434487E-2
2.610000E-8	4.374876E-2
2.615000E-8	4.319891E-2
2.620000E-8	4.277410E-2
2.625000E-8	4.251715E-2
2.630000E-8	4.247090E-2
2.635000E-8	4.265590E-2
2.640000E-8	4.303275E-2
2.645000E-8	4.353465E-2
2.650000E-8	4.410848E-2
2.655000E-8	4.472343E-2
2.660000E-8	4.530926E-2
2.665000E-8	4.578032E-2
2.670000E-8	4.608009E-2
2.675000E-8	4.618458E-2
2.680000E-8	4.607838E-2
2.685000E-8	4.581972E-2
2.690000E-8	4.546857E-2
2.695000E-8	4.504375E-2
2.700000E-8	4.454015E-2
2.705000E-8	4.398515E-2
2.710000E-8	4.346270E-2
2.715000E-8	4.304132E-2
2.720000E-8	4.274840E-2
2.725000E-8	4.260794E-2
2.730000E-8	4.267646E-2
2.735000E-8	4.296937E-2
2.740000E-8	4.338562E-2
2.745000E-8	4.388409E-2
2.750000E-8	4.446820E-2
2.755000E-8	4.508144E-2
2.760000E-8	4.564500E-2
2.765000E-8	4.605097E-2
2.770000E-8	4.631476E-2
2.775000E-8	4.641069E-2
2.780000E-8	4.634046E-2
2.785000E-8	4.609037E-2
2.790000E-8	4.566727E-2
2.795000E-8	4.510542E-2
2.800000E-8	4.445793E-2
2.805000E-8	4.376589E-2
2.810000E-8	4.305845E-2
2.815000E-8	4.241095E-2
2.820000E-8	4.191419E-2
2.825000E-8	4.160415E-2
2.830000E-8	4.144313E-2
2.835000E-8	4.146540E-2
2.840000E-8	4.172234E-2
2.845000E-8	4.216600E-2
2.850000E-8	4.270558E-2
2.855000E-8	4.330682E-2
2.860000E-8	4.393719E-2
2.865000E-8	4.449904E-2
2.870000E-8	4.488274E-2
2.875000E-8	4.510542E-2
2.880000E-8	4.517223E-2
2.885000E-8	4.505746E-2
2.890000E-8	4.478339E-2
2.895000E-8	4.443052E-2
2.900000E-8	4.404682E-2
2.905000E-8	4.363400E-2
2.910000E-8	4.324173E-2
2.915000E-8	4.292826E-2
2.920000E-8	4.269016E-2
2.925000E-8	4.254456E-2
2.930000E-8	4.257197E-2
2.935000E-8	4.277238E-2
2.940000E-8	4.306530E-2
2.945000E-8	4.341131E-2
2.950000E-8	4.382756E-2
2.955000E-8	4.423524E-2
2.960000E-8	4.452644E-2
2.965000E-8	4.465149E-2
2.970000E-8	4.463779E-2
2.975000E-8	4.449732E-2
2.980000E-8	4.421640E-2
2.985000E-8	4.384640E-2
2.990000E-8	4.344043E-2
2.995000E-8	4.300706E-2
3.000000E-8	4.255141E-2
3.005000E-8	4.214544E-2
3.010000E-8	4.180457E-2
3.015000E-8	4.151679E-2
3.020000E-8	4.131124E-2
3.025000E-8	4.128212E-2
3.030000E-8	4.144656E-2
3.035000E-8	4.170350E-2
3.040000E-8	4.203753E-2
3.045000E-8	4.245035E-2
3.050000E-8	4.290257E-2
3.055000E-8	4.329826E-2
3.060000E-8	4.361515E-2
3.065000E-8	4.385325E-2
3.070000E-8	4.400571E-2
3.075000E-8	4.402626E-2
3.080000E-8	4.389094E-2
3.085000E-8	4.364770E-2
3.090000E-8	4.334965E-2
3.095000E-8	4.300363E-2
3.100000E-8	4.261137E-2
3.105000E-8	4.222424E-2
3.110000E-8	4.191077E-2
3.115000E-8	4.169322E-2
3.120000E-8	4.154248E-2
3.125000E-8	4.151850E-2
3.130000E-8	4.164184E-2
3.135000E-8	4.191248E-2
3.140000E-8	4.227905E-2
3.145000E-8	4.271243E-2
3.150000E-8	4.315951E-2
3.155000E-8	4.355006E-2
3.160000E-8	4.386353E-2
3.165000E-8	4.406395E-2
3.170000E-8	4.410677E-2
3.175000E-8	4.399200E-2
3.180000E-8	4.378302E-2
3.185000E-8	4.349353E-2
3.190000E-8	4.309270E-2
3.195000E-8	4.261993E-2
3.200000E-8	4.214202E-2
3.205000E-8	4.170179E-2
3.210000E-8	4.130952E-2
3.215000E-8	4.099091E-2
3.220000E-8	4.078879E-2
3.225000E-8	4.075281E-2
3.230000E-8	4.089499E-2
3.235000E-8	4.118962E-2
3.240000E-8	4.155448E-2
3.245000E-8	4.194845E-2
3.250000E-8	4.238012E-2
3.255000E-8	4.281349E-2
3.260000E-8	4.317321E-2
3.265000E-8	4.337363E-2
3.270000E-8	4.344729E-2
3.275000E-8	4.342502E-2
3.280000E-8	4.329312E-2
3.285000E-8	4.305845E-2
3.290000E-8	4.277581E-2
3.295000E-8	4.245035E-2
3.300000E-8	4.204609E-2
3.305000E-8	4.161614E-2
3.310000E-8	4.124786E-2
3.315000E-8	4.097721E-2
3.320000E-8	4.079564E-2
3.325000E-8	4.073397E-2
3.330000E-8	4.082990E-2
3.335000E-8	4.105772E-2
3.340000E-8	4.135920E-2
3.345000E-8	4.170179E-2
3.350000E-8	4.207864E-2
3.355000E-8	4.244007E-2
3.360000E-8	4.275868E-2
3.365000E-8	4.302761E-2
3.370000E-8	4.323659E-2
3.375000E-8	4.328627E-2
3.380000E-8	4.316979E-2
3.385000E-8	4.295567E-2
3.390000E-8	4.268674E-2
3.395000E-8	4.232702E-2
3.400000E-8	4.189878E-2
3.405000E-8	4.150137E-2
3.410000E-8	4.115536E-2
3.415000E-8	4.086073E-2
3.420000E-8	4.069457E-2
3.425000E-8	4.068258E-2
3.430000E-8	4.075110E-2
3.435000E-8	4.086416E-2
3.440000E-8	4.103888E-2
3.445000E-8	4.126841E-2
3.450000E-8	4.154248E-2
3.455000E-8	4.183197E-2
3.460000E-8	4.211290E-2
3.465000E-8	4.235100E-2
3.470000E-8	4.247776E-2
3.475000E-8	4.245720E-2
3.480000E-8	4.230989E-2
3.485000E-8	4.210262E-2
3.490000E-8	4.183711E-2
3.495000E-8	4.153392E-2
3.500000E-8	4.121702E-2
3.505000E-8	4.090869E-2
3.510000E-8	4.060721E-2
3.515000E-8	4.037083E-2
3.520000E-8	4.025949E-2
3.525000E-8	4.029374E-2
3.530000E-8	4.046675E-2
3.535000E-8	4.074596E-2
3.540000E-8	4.105601E-2
3.545000E-8	4.141059E-2
3.550000E-8	4.177716E-2
3.555000E-8	4.209748E-2
3.560000E-8	4.230475E-2
3.565000E-8	4.240410E-2
3.570000E-8	4.239211E-2
3.575000E-8	4.223966E-2
3.580000E-8	4.197244E-2
3.585000E-8	4.168809E-2
3.590000E-8	4.140887E-2
3.595000E-8	4.110054E-2
3.600000E-8	4.080592E-2
3.605000E-8	4.059180E-2
3.610000E-8	4.042735E-2
3.615000E-8	4.030402E-2
3.620000E-8	4.026120E-2
3.625000E-8	4.031773E-2
3.630000E-8	4.041879E-2
3.635000E-8	4.055583E-2
3.640000E-8	4.077680E-2
3.645000E-8	4.109198E-2
3.650000E-8	4.142600E-2
3.655000E-8	4.172406E-2
3.660000E-8	4.193132E-2
3.665000E-8	4.206493E-2
3.670000E-8	4.212489E-2
3.675000E-8	4.211804E-2
3.680000E-8	4.203924E-2
3.685000E-8	4.188507E-2
3.690000E-8	4.166410E-2
3.695000E-8	4.142772E-2
3.700000E-8	4.120503E-2
3.705000E-8	4.097379E-2
3.710000E-8	4.070314E-2
3.715000E-8	4.046504E-2
3.720000E-8	4.030745E-2
3.725000E-8	4.020467E-2
3.730000E-8	4.018925E-2
3.735000E-8	4.032458E-2
3.740000E-8	4.056439E-2
3.745000E-8	4.086587E-2
3.750000E-8	4.121189E-2
3.755000E-8	4.157846E-2
3.760000E-8	4.185767E-2
3.765000E-8	4.202554E-2
3.770000E-8	4.213174E-2
3.775000E-8	4.214716E-2
3.780000E-8	4.204609E-2
3.785000E-8	4.186281E-2
3.790000E-8	4.166239E-2
3.795000E-8	4.141401E-2
3.800000E-8	4.109027E-2
3.805000E-8	4.076823E-2
3.810000E-8	4.049245E-2
3.815000E-8	4.024921E-2
3.820000E-8	4.005736E-2
3.825000E-8	3.997856E-2
3.830000E-8	4.003680E-2
3.835000E-8	4.017726E-2
3.840000E-8	4.040337E-2
3.845000E-8	4.067059E-2
3.850000E-8	4.093610E-2
3.855000E-8	4.117249E-2
3.860000E-8	4.136262E-2
3.865000E-8	4.150823E-2
3.870000E-8	4.159216E-2
3.875000E-8	4.159559E-2
3.880000E-8	4.150823E-2
3.885000E-8	4.136091E-2
3.890000E-8	4.115364E-2
3.895000E-8	4.090527E-2
3.900000E-8	4.063976E-2
3.905000E-8	4.038796E-2
3.910000E-8	4.018240E-2
3.915000E-8	4.006935E-2
3.920000E-8	4.006421E-2
3.925000E-8	4.013958E-2
3.930000E-8	4.029717E-2
3.935000E-8	4.053356E-2
3.940000E-8	4.079564E-2
3.945000E-8	4.100633E-2
3.950000E-8	4.120846E-2
3.955000E-8	4.139003E-2
3.960000E-8	4.148424E-2
3.965000E-8	4.150309E-2
3.970000E-8	4.147568E-2
3.975000E-8	4.138832E-2
3.980000E-8	4.119647E-2
3.985000E-8	4.093953E-2
3.990000E-8	4.065689E-2
3.995000E-8	4.038453E-2
4.000000E-8	4.013958E-2
4.005000E-8	3.993231E-2
4.010000E-8	3.978671E-2
4.015000E-8	3.972162E-2
4.020000E-8	3.972162E-2
4.025000E-8	3.978842E-2
4.030000E-8	3.991004E-2
4.035000E-8	4.005222E-2
4.040000E-8	4.020981E-2
4.045000E-8	4.040509E-2
4.050000E-8	4.058495E-2
4.055000E-8	4.070656E-2
4.060000E-8	4.077508E-2
4.065000E-8	4.079735E-2
4.070000E-8	4.077851E-2
4.075000E-8	4.069629E-2
4.080000E-8	4.057124E-2
4.085000E-8	4.041365E-2
4.090000E-8	4.027661E-2
4.095000E-8	4.014814E-2
4.100000E-8	3.998884E-2
4.105000E-8	3.979528E-2
4.110000E-8	3.962741E-2
4.115000E-8	3.951093E-2
4.120000E-8	3.946810E-2
4.125000E-8	3.951606E-2
4.130000E-8	3.965310E-2
4.135000E-8	3.982953E-2
4.140000E-8	4.004023E-2
4.145000E-8	4.028175E-2
4.150000E-8	4.051129E-2
4.155000E-8	4.067402E-2
4.160000E-8	4.077166E-2
4.165000E-8	4.079906E-2
4.170000E-8	4.074082E-2
4.175000E-8	4.062092E-2
4.180000E-8	4.046846E-2
4.185000E-8	4.031430E-2
4.190000E-8	4.016699E-2
4.195000E-8	3.999226E-2
4.200000E-8	3.982268E-2
4.205000E-8	3.972504E-2
4.210000E-8	3.969421E-2
4.215000E-8	3.969250E-2
4.220000E-8	3.974903E-2
4.225000E-8	3.991176E-2
4.230000E-8	4.010532E-2
4.235000E-8	4.026120E-2
4.240000E-8	4.041022E-2
4.245000E-8	4.056610E-2
4.250000E-8	4.066203E-2
4.255000E-8	4.067744E-2
4.260000E-8	4.065689E-2
4.265000E-8	4.061064E-2
4.270000E-8	4.052671E-2
4.275000E-8	4.039995E-2
4.280000E-8	4.026291E-2
4.285000E-8	4.010703E-2
4.290000E-8	3.995458E-2
4.295000E-8	3.982097E-2
4.300000E-8	3.968736E-2
4.305000E-8	3.956745E-2
4.310000E-8	3.949551E-2
4.315000E-8	3.944412E-2
4.320000E-8	3.939445E-2
4.325000E-8	3.935847E-2
4.330000E-8	3.934306E-2
4.335000E-8	3.933449E-2
4.340000E-8	3.936533E-2
4.345000E-8	3.943898E-2
4.350000E-8	3.952806E-2
4.355000E-8	3.961370E-2
4.360000E-8	3.971305E-2
4.365000E-8	3.981926E-2
4.370000E-8	3.991004E-2
4.375000E-8	3.996486E-2
4.380000E-8	3.999398E-2
4.385000E-8	3.999226E-2
4.390000E-8	3.997685E-2
4.395000E-8	3.993574E-2
4.400000E-8	3.984666E-2
4.405000E-8	3.970106E-2
4.410000E-8	3.951606E-2
4.415000E-8	3.937560E-2
4.420000E-8	3.930708E-2
4.425000E-8	3.928310E-2
4.430000E-8	3.930880E-2
4.435000E-8	3.939445E-2
4.440000E-8	3.950236E-2
4.445000E-8	3.961028E-2
4.450000E-8	3.972676E-2
4.455000E-8	3.985694E-2
4.460000E-8	3.996486E-2
4.465000E-8	4.000597E-2
4.470000E-8	3.997685E-2
4.475000E-8	3.990662E-2
4.480000E-8	3.980213E-2
4.485000E-8	3.965139E-2
4.490000E-8	3.946639E-2
4.495000E-8	3.928824E-2
4.500000E-8	3.913065E-2
4.505000E-8	3.898676E-2
4.510000E-8	3.888056E-2
4.515000E-8	3.883945E-2
4.520000E-8	3.885144E-2
4.525000E-8	3.889255E-2
4.530000E-8	3.894223E-2
4.535000E-8	3.899875E-2
4.540000E-8	3.906727E-2
4.545000E-8	3.912723E-2
4.550000E-8	3.916834E-2
4.555000E-8	3.917347E-2
4.560000E-8	3.915806E-2
4.565000E-8	3.914435E-2
4.570000E-8	3.910153E-2
4.575000E-8	3.901417E-2
4.580000E-8	3.889940E-2
4.585000E-8	3.883260E-2
4.590000E-8	3.881718E-2
4.595000E-8	3.880862E-2
4.600000E-8	3.883602E-2
4.605000E-8	3.889598E-2
4.610000E-8	3.893709E-2
4.615000E-8	3.896963E-2
4.620000E-8	3.901246E-2
4.625000E-8	3.901588E-2
4.630000E-8	3.893880E-2
4.635000E-8	3.886686E-2
4.640000E-8	3.881033E-2
4.645000E-8	3.876237E-2
4.650000E-8	3.875038E-2
4.655000E-8	3.876922E-2
4.660000E-8	3.877950E-2
4.665000E-8	3.879320E-2
4.670000E-8	3.883088E-2
4.675000E-8	3.886857E-2
4.680000E-8	3.888570E-2
4.685000E-8	3.890625E-2
4.690000E-8	3.891653E-2
4.695000E-8	3.888056E-2
4.700000E-8	3.881547E-2
4.705000E-8	3.876237E-2
4.710000E-8	3.870927E-2
4.715000E-8	3.865274E-2
4.720000E-8	3.859792E-2
4.725000E-8	3.857223E-2
4.730000E-8	3.858593E-2
4.735000E-8	3.861163E-2
4.740000E-8	3.862876E-2
4.745000E-8	3.865274E-2
4.750000E-8	3.869556E-2
4.755000E-8	3.870927E-2
4.760000E-8	3.868528E-2
4.765000E-8	3.862190E-2
4.770000E-8	3.851228E-2
4.775000E-8	3.836496E-2
4.780000E-8	3.819709E-2
4.785000E-8	3.800867E-2
4.790000E-8	3.782367E-2
4.795000E-8	3.769006E-2
4.800000E-8	3.761640E-2
4.805000E-8	3.760784E-2
4.810000E-8	3.768835E-2
4.815000E-8	3.780483E-2
4.820000E-8	3.791788E-2
4.825000E-8	3.806006E-2
4.830000E-8	3.820908E-2
4.835000E-8	3.832728E-2
4.840000E-8	3.841635E-2
4.845000E-8	3.849515E-2
4.850000E-8	3.857737E-2
4.855000E-8	3.864931E-2
4.860000E-8	3.868871E-2
4.865000E-8	3.867501E-2
4.870000E-8	3.861505E-2
4.875000E-8	3.854140E-2
4.880000E-8	3.846089E-2
4.885000E-8	3.837695E-2
4.890000E-8	3.831186E-2
4.895000E-8	3.826904E-2
4.900000E-8	3.820908E-2
4.905000E-8	3.810631E-2
4.910000E-8	3.798297E-2
4.915000E-8	3.786478E-2
4.920000E-8	3.775515E-2
4.925000E-8	3.767293E-2
4.930000E-8	3.763867E-2
4.935000E-8	3.765238E-2
4.940000E-8	3.769691E-2
4.945000E-8	3.776543E-2
4.950000E-8	3.783223E-2
4.955000E-8	3.789219E-2
4.960000E-8	3.794872E-2
4.965000E-8	3.799325E-2
4.970000E-8	3.799668E-2
4.975000E-8	3.796927E-2
4.980000E-8	3.792987E-2
4.985000E-8	3.789048E-2
4.990000E-8	3.784251E-2
4.995000E-8	3.778941E-2
5.000000E-8	3.775687E-2
5.005000E-8	3.773117E-2
5.010000E-8	3.771062E-2
5.015000E-8	3.771918E-2
5.020000E-8	3.775001E-2
5.025000E-8	3.778770E-2
5.030000E-8	3.785279E-2
5.035000E-8	3.795557E-2
5.040000E-8	3.806006E-2
5.045000E-8	3.813885E-2
5.050000E-8	3.819195E-2
5.055000E-8	3.822621E-2
5.060000E-8	3.822621E-2
5.065000E-8	3.818682E-2
5.070000E-8	3.812001E-2
5.075000E-8	3.802409E-2
5.080000E-8	3.791617E-2
5.085000E-8	3.784080E-2
5.090000E-8	3.778256E-2
5.095000E-8	3.770034E-2
5.100000E-8	3.760613E-2
5.105000E-8	3.753932E-2
5.110000E-8	3.747937E-2
5.115000E-8	3.739029E-2
5.120000E-8	3.731321E-2
5.125000E-8	3.729779E-2
5.130000E-8	3.731664E-2
5.135000E-8	3.736631E-2
5.140000E-8	3.745539E-2
5.145000E-8	3.758043E-2
5.150000E-8	3.771404E-2
5.155000E-8	3.786821E-2
5.160000E-8	3.804635E-2
5.165000E-8	3.822621E-2
5.170000E-8	3.837867E-2
5.175000E-8	3.851570E-2
5.180000E-8	3.861334E-2
5.185000E-8	3.866473E-2
5.190000E-8	3.865959E-2
5.195000E-8	3.858765E-2
5.200000E-8	3.846431E-2
5.205000E-8	3.831357E-2
5.210000E-8	3.814057E-2
5.215000E-8	3.793672E-2
5.220000E-8	3.773288E-2
5.225000E-8	3.756159E-2
5.230000E-8	3.745881E-2
5.235000E-8	3.744340E-2
5.240000E-8	3.748279E-2
5.245000E-8	3.751876E-2
5.250000E-8	3.754617E-2
5.255000E-8	3.759242E-2
5.260000E-8	3.765409E-2
5.265000E-8	3.770376E-2
5.270000E-8	3.777057E-2
5.275000E-8	3.784423E-2
5.280000E-8	3.788191E-2
5.285000E-8	3.788534E-2
5.290000E-8	3.787335E-2
5.295000E-8	3.783052E-2
5.300000E-8	3.772432E-2
5.305000E-8	3.762497E-2
5.310000E-8	3.758900E-2
5.315000E-8	3.758214E-2
5.320000E-8	3.756673E-2
5.325000E-8	3.753418E-2
5.330000E-8	3.749307E-2
5.335000E-8	3.745367E-2
5.340000E-8	3.740228E-2
5.345000E-8	3.731664E-2
5.350000E-8	3.718988E-2
5.355000E-8	3.708710E-2
5.360000E-8	3.704599E-2
5.365000E-8	3.703229E-2
5.370000E-8	3.703229E-2
5.375000E-8	3.704256E-2
5.380000E-8	3.708196E-2
5.385000E-8	3.715048E-2
5.390000E-8	3.723099E-2
5.395000E-8	3.725840E-2
5.400000E-8	3.724127E-2
5.405000E-8	3.723955E-2
5.410000E-8	3.724127E-2
5.415000E-8	3.719159E-2
5.420000E-8	3.708368E-2
5.425000E-8	3.697747E-2
5.430000E-8	3.690210E-2
5.435000E-8	3.684044E-2
5.440000E-8	3.678734E-2
5.445000E-8	3.679761E-2
5.450000E-8	3.688326E-2
5.455000E-8	3.697747E-2
5.460000E-8	3.706312E-2
5.465000E-8	3.718131E-2
5.470000E-8	3.730807E-2
5.475000E-8	3.737830E-2
5.480000E-8	3.739372E-2
5.485000E-8	3.739201E-2
5.490000E-8	3.736631E-2
5.495000E-8	3.730807E-2
5.500000E-8	3.724298E-2
5.505000E-8	3.719502E-2
5.510000E-8	3.716932E-2
5.515000E-8	3.714705E-2
5.520000E-8	3.709567E-2
5.525000E-8	3.702201E-2
5.530000E-8	3.694150E-2
5.535000E-8	3.688155E-2
5.540000E-8	3.682673E-2
5.545000E-8	3.681988E-2
5.550000E-8	3.685414E-2
5.555000E-8	3.687983E-2
5.560000E-8	3.691067E-2
5.565000E-8	3.695007E-2
5.570000E-8	3.698090E-2
5.575000E-8	3.700317E-2
5.580000E-8	3.706483E-2
5.585000E-8	3.712650E-2
5.590000E-8	3.716076E-2
5.595000E-8	3.718131E-2
5.600000E-8	3.720701E-2
5.605000E-8	3.718988E-2
5.610000E-8	3.712650E-2
5.615000E-8	3.704085E-2
5.620000E-8	3.692951E-2
5.625000E-8	3.680789E-2
5.630000E-8	3.670511E-2
5.635000E-8	3.660405E-2
5.640000E-8	3.646701E-2
5.645000E-8	3.632141E-2
5.650000E-8	3.623405E-2
5.655000E-8	3.620665E-2
5.660000E-8	3.620493E-2
5.665000E-8	3.619979E-2
5.670000E-8	3.622206E-2
5.675000E-8	3.630257E-2
5.680000E-8	3.641563E-2
5.685000E-8	3.650299E-2
5.690000E-8	3.655266E-2
5.695000E-8	3.656123E-2
5.700000E-8	3.654581E-2
5.705000E-8	3.650470E-2
5.710000E-8	3.647044E-2
5.715000E-8	3.643789E-2
5.720000E-8	3.637109E-2
5.725000E-8	3.629743E-2
5.730000E-8	3.627345E-2
5.735000E-8	3.628202E-2
5.740000E-8	3.630086E-2
5.745000E-8	3.632655E-2
5.750000E-8	3.636766E-2
5.755000E-8	3.640535E-2
5.760000E-8	3.642933E-2
5.765000E-8	3.644988E-2
5.770000E-8	3.648414E-2
5.775000E-8	3.652525E-2
5.780000E-8	3.658178E-2
5.785000E-8	3.664002E-2
5.790000E-8	3.669312E-2
5.795000E-8	3.672567E-2
5.800000E-8	3.672224E-2
5.805000E-8	3.671025E-2
5.810000E-8	3.671539E-2
5.815000E-8	3.674622E-2
5.820000E-8	3.679933E-2
5.825000E-8	3.686271E-2
5.830000E-8	3.692780E-2
5.835000E-8	3.699974E-2
5.840000E-8	3.708025E-2
5.845000E-8	3.711622E-2
5.850000E-8	3.710252E-2
5.855000E-8	3.706826E-2
5.860000E-8	3.701344E-2
5.865000E-8	3.691752E-2
5.870000E-8	3.678562E-2
5.875000E-8	3.664859E-2
5.880000E-8	3.648243E-2
5.885000E-8	3.630428E-2
5.890000E-8	3.615183E-2
5.895000E-8	3.600794E-2
5.900000E-8	3.588632E-2
5.905000E-8	3.582980E-2
5.910000E-8	3.585720E-2
5.915000E-8	3.592572E-2
5.920000E-8	3.599938E-2
5.925000E-8	3.611072E-2
5.930000E-8	3.625632E-2
5.935000E-8	3.639164E-2
5.940000E-8	3.650984E-2
5.945000E-8	3.660919E-2
5.950000E-8	3.667428E-2
5.955000E-8	3.669826E-2
5.960000E-8	3.667771E-2
5.965000E-8	3.662118E-2
5.970000E-8	3.652697E-2
5.975000E-8	3.640192E-2
5.980000E-8	3.629572E-2
5.985000E-8	3.622206E-2
5.990000E-8	3.619294E-2
5.995000E-8	3.619294E-2
6.000000E-8	3.621692E-2
6.005000E-8	3.629058E-2
6.010000E-8	3.639678E-2
6.015000E-8	3.646701E-2
6.020000E-8	3.648586E-2
6.025000E-8	3.650641E-2
6.030000E-8	3.650984E-2
6.035000E-8	3.645502E-2
6.040000E-8	3.633169E-2
6.045000E-8	3.621521E-2
6.050000E-8	3.615183E-2
6.055000E-8	3.614155E-2
6.060000E-8	3.616896E-2
6.065000E-8	3.623748E-2
6.070000E-8	3.633169E-2
6.075000E-8	3.642419E-2
6.080000E-8	3.648243E-2
6.085000E-8	3.646530E-2
6.090000E-8	3.638650E-2
6.095000E-8	3.626660E-2
6.100000E-8	3.612956E-2
6.105000E-8	3.600109E-2
6.110000E-8	3.589146E-2
6.115000E-8	3.579725E-2
6.120000E-8	3.569619E-2
6.125000E-8	3.560369E-2
6.130000E-8	3.553688E-2
6.135000E-8	3.550434E-2
6.140000E-8	3.550776E-2
6.145000E-8	3.556943E-2
6.150000E-8	3.562424E-2
6.155000E-8	3.563109E-2
6.160000E-8	3.564308E-2
6.165000E-8	3.570304E-2
6.170000E-8	3.576470E-2
6.175000E-8	3.580239E-2
6.180000E-8	3.585035E-2
6.185000E-8	3.590688E-2
6.190000E-8	3.595313E-2
6.195000E-8	3.600109E-2
6.200000E-8	3.602679E-2
6.205000E-8	3.603364E-2
6.210000E-8	3.606104E-2
6.215000E-8	3.612442E-2
6.220000E-8	3.614840E-2
6.225000E-8	3.611757E-2
6.230000E-8	3.606276E-2
6.235000E-8	3.601993E-2
6.240000E-8	3.598225E-2
6.245000E-8	3.596683E-2
6.250000E-8	3.596341E-2
6.255000E-8	3.596169E-2
6.260000E-8	3.597368E-2
6.265000E-8	3.600280E-2
6.270000E-8	3.603192E-2
6.275000E-8	3.605077E-2
6.280000E-8	3.606447E-2
6.285000E-8	3.606276E-2
6.290000E-8	3.603535E-2
6.295000E-8	3.599081E-2
6.300000E-8	3.591373E-2
6.305000E-8	3.582294E-2
6.310000E-8	3.573387E-2
6.315000E-8	3.566878E-2
6.320000E-8	3.560369E-2
6.325000E-8	3.553859E-2
6.330000E-8	3.552660E-2
6.335000E-8	3.558313E-2
6.340000E-8	3.568591E-2
6.345000E-8	3.579382E-2
6.350000E-8	3.591716E-2
6.355000E-8	3.605419E-2
6.360000E-8	3.615697E-2
6.365000E-8	3.620665E-2
6.370000E-8	3.621864E-2
6.375000E-8	3.621864E-2
6.380000E-8	3.618095E-2
6.385000E-8	3.611415E-2
6.390000E-8	3.605077E-2
6.395000E-8	3.599081E-2
6.400000E-8	3.590003E-2
6.405000E-8	3.577156E-2
6.410000E-8	3.566878E-2
6.415000E-8	3.562082E-2
6.420000E-8	3.556771E-2
6.425000E-8	3.550091E-2
6.430000E-8	3.546322E-2
6.435000E-8	3.545295E-2
6.440000E-8	3.543753E-2
6.445000E-8	3.544438E-2
6.450000E-8	3.551633E-2
6.455000E-8	3.561568E-2
6.460000E-8	3.567734E-2
6.465000E-8	3.569790E-2
6.470000E-8	3.573901E-2
6.475000E-8	3.579725E-2
6.480000E-8	3.582294E-2
6.485000E-8	3.584179E-2
6.490000E-8	3.586406E-2
6.495000E-8	3.588461E-2
6.500000E-8	3.589831E-2
6.505000E-8	3.594285E-2
6.510000E-8	3.599595E-2
6.515000E-8	3.602679E-2
6.520000E-8	3.603364E-2
6.525000E-8	3.601993E-2
6.530000E-8	3.598054E-2
6.535000E-8	3.591202E-2
6.540000E-8	3.580753E-2
6.545000E-8	3.569961E-2
6.550000E-8	3.561910E-2
6.555000E-8	3.553346E-2
6.560000E-8	3.541869E-2
6.565000E-8	3.532790E-2
6.570000E-8	3.527137E-2
6.575000E-8	3.520286E-2
6.580000E-8	3.514290E-2
6.585000E-8	3.514462E-2
6.590000E-8	3.517374E-2
6.595000E-8	3.520457E-2
6.600000E-8	3.527651E-2
6.605000E-8	3.534674E-2
6.610000E-8	3.534674E-2
6.615000E-8	3.533133E-2
6.620000E-8	3.535188E-2
6.625000E-8	3.535017E-2
6.630000E-8	3.527651E-2
6.635000E-8	3.517888E-2
6.640000E-8	3.510179E-2
6.645000E-8	3.502814E-2
6.650000E-8	3.496304E-2
6.655000E-8	3.490652E-2
6.660000E-8	3.485341E-2
6.665000E-8	3.481402E-2
6.670000E-8	3.480545E-2
6.675000E-8	3.481059E-2
6.680000E-8	3.483629E-2
6.685000E-8	3.489624E-2
6.690000E-8	3.497332E-2
6.695000E-8	3.504527E-2
6.700000E-8	3.513091E-2
6.705000E-8	3.521313E-2
6.710000E-8	3.526795E-2
6.715000E-8	3.528679E-2
6.720000E-8	3.529364E-2
6.725000E-8	3.524911E-2
6.730000E-8	3.514976E-2
6.735000E-8	3.500758E-2
6.740000E-8	3.485513E-2
6.745000E-8	3.468212E-2
6.750000E-8	3.446971E-2
6.755000E-8	3.425560E-2
6.760000E-8	3.410143E-2
6.765000E-8	3.402263E-2
6.770000E-8	3.399694E-2
6.775000E-8	3.403462E-2
6.780000E-8	3.415796E-2
6.785000E-8	3.433782E-2
6.790000E-8	3.452110E-2
6.795000E-8	3.470953E-2
6.800000E-8	3.489281E-2
6.805000E-8	3.506925E-2
6.810000E-8	3.519943E-2
6.815000E-8	3.526966E-2
6.820000E-8	3.531934E-2
6.825000E-8	3.538614E-2
6.830000E-8	3.542383E-2
6.835000E-8	3.538614E-2
6.840000E-8	3.533475E-2
6.845000E-8	3.532448E-2
6.850000E-8	3.530735E-2
6.855000E-8	3.522170E-2
6.860000E-8	3.512920E-2
6.865000E-8	3.506068E-2
6.870000E-8	3.500073E-2
6.875000E-8	3.493392E-2
6.880000E-8	3.486027E-2
6.885000E-8	3.477633E-2
6.890000E-8	3.468726E-2
6.895000E-8	3.459990E-2
6.900000E-8	3.452453E-2
6.905000E-8	3.445430E-2
6.910000E-8	3.440462E-2
6.915000E-8	3.437036E-2
6.920000E-8	3.434638E-2
6.925000E-8	3.436180E-2
6.930000E-8	3.440976E-2
6.935000E-8	3.445430E-2
6.940000E-8	3.446458E-2
6.945000E-8	3.446629E-2
6.950000E-8	3.446800E-2
6.955000E-8	3.446971E-2
6.960000E-8	3.448684E-2
6.965000E-8	3.449541E-2
6.970000E-8	3.446115E-2
6.975000E-8	3.439948E-2
6.980000E-8	3.435837E-2
6.985000E-8	3.433610E-2
6.990000E-8	3.432411E-2
6.995000E-8	3.433610E-2
7.000000E-8	3.437893E-2
7.005000E-8	3.441490E-2
7.010000E-8	3.444402E-2
7.015000E-8	3.448684E-2
7.020000E-8	3.453309E-2
7.025000E-8	3.455707E-2
7.030000E-8	3.456906E-2
7.035000E-8	3.459647E-2
7.040000E-8	3.460846E-2
7.045000E-8	3.459133E-2
7.050000E-8	3.455707E-2
7.055000E-8	3.452795E-2
7.060000E-8	3.450569E-2
7.065000E-8	3.450569E-2
7.070000E-8	3.452453E-2
7.075000E-8	3.453309E-2
7.080000E-8	3.450911E-2
7.085000E-8	3.447657E-2
7.090000E-8	3.445258E-2
7.095000E-8	3.444573E-2
7.100000E-8	3.443032E-2
7.105000E-8	3.440462E-2
7.110000E-8	3.438235E-2
7.115000E-8	3.439092E-2
7.120000E-8	3.442518E-2
7.125000E-8	3.445430E-2
7.130000E-8	3.446629E-2
7.135000E-8	3.445944E-2
7.140000E-8	3.444231E-2
7.145000E-8	3.442689E-2
7.150000E-8	3.439948E-2
7.155000E-8	3.435495E-2
7.160000E-8	3.433268E-2
7.165000E-8	3.434638E-2
7.170000E-8	3.433782E-2
7.175000E-8	3.431555E-2
7.180000E-8	3.430698E-2
7.185000E-8	3.428814E-2
7.190000E-8	3.423847E-2
7.195000E-8	3.418536E-2
7.200000E-8	3.414083E-2
7.205000E-8	3.409286E-2
7.210000E-8	3.407060E-2
7.215000E-8	3.409458E-2
7.220000E-8	3.415282E-2
7.225000E-8	3.421620E-2
7.230000E-8	3.428472E-2
7.235000E-8	3.433610E-2
7.240000E-8	3.435837E-2
7.245000E-8	3.435837E-2
7.250000E-8	3.434124E-2
7.255000E-8	3.428472E-2
7.260000E-8	3.418023E-2
7.265000E-8	3.404833E-2
7.270000E-8	3.391129E-2
7.275000E-8	3.380509E-2
7.280000E-8	3.373486E-2
7.285000E-8	3.368861E-2
7.290000E-8	3.367833E-2
7.295000E-8	3.369203E-2
7.300000E-8	3.370916E-2
7.305000E-8	3.373828E-2
7.310000E-8	3.378796E-2
7.315000E-8	3.383421E-2
7.320000E-8	3.384620E-2
7.325000E-8	3.385134E-2
7.330000E-8	3.388560E-2
7.335000E-8	3.389759E-2
7.340000E-8	3.385819E-2
7.345000E-8	3.381194E-2
7.350000E-8	3.376227E-2
7.355000E-8	3.368690E-2
7.360000E-8	3.359611E-2
7.365000E-8	3.353102E-2
7.370000E-8	3.349333E-2
7.375000E-8	3.346935E-2
7.380000E-8	3.347963E-2
7.385000E-8	3.353273E-2
7.390000E-8	3.360639E-2
7.395000E-8	3.366291E-2
7.400000E-8	3.370403E-2
7.405000E-8	3.376055E-2
7.410000E-8	3.382051E-2
7.415000E-8	3.384449E-2
7.420000E-8	3.382736E-2
7.425000E-8	3.382564E-2
7.430000E-8	3.384791E-2
7.435000E-8	3.384963E-2
7.440000E-8	3.384277E-2
7.445000E-8	3.387018E-2
7.450000E-8	3.392842E-2
7.455000E-8	3.398837E-2
7.460000E-8	3.404833E-2
7.465000E-8	3.409458E-2
7.470000E-8	3.411171E-2
7.475000E-8	3.411856E-2
7.480000E-8	3.413569E-2
7.485000E-8	3.416310E-2
7.490000E-8	3.416481E-2
7.495000E-8	3.414939E-2
7.500000E-8	3.412370E-2
7.505000E-8	3.407916E-2
7.510000E-8	3.401407E-2
7.515000E-8	3.393870E-2
7.520000E-8	3.385305E-2
7.525000E-8	3.379481E-2
7.530000E-8	3.377939E-2
7.535000E-8	3.381194E-2
7.540000E-8	3.388388E-2
7.545000E-8	3.399351E-2
7.550000E-8	3.410828E-2
7.555000E-8	3.417509E-2
7.560000E-8	3.420249E-2
7.565000E-8	3.417509E-2
7.570000E-8	3.409458E-2
7.575000E-8	3.395754E-2
7.580000E-8	3.380166E-2
7.585000E-8	3.364236E-2
7.590000E-8	3.347792E-2
7.595000E-8	3.331005E-2
7.600000E-8	3.318158E-2
7.605000E-8	3.309079E-2
7.610000E-8	3.303940E-2
7.615000E-8	3.301542E-2
7.620000E-8	3.301371E-2
7.625000E-8	3.304283E-2
7.630000E-8	3.310621E-2
7.635000E-8	3.319528E-2
7.640000E-8	3.326208E-2
7.645000E-8	3.330833E-2
7.650000E-8	3.335801E-2
7.655000E-8	3.340597E-2
7.660000E-8	3.344023E-2
7.665000E-8	3.348134E-2
7.670000E-8	3.351731E-2
7.675000E-8	3.353273E-2
7.680000E-8	3.355842E-2
7.685000E-8	3.358926E-2
7.690000E-8	3.358241E-2
7.695000E-8	3.353958E-2
7.700000E-8	3.349333E-2
7.705000E-8	3.345051E-2
7.710000E-8	3.338884E-2
7.715000E-8	3.331176E-2
7.720000E-8	3.322269E-2
7.725000E-8	3.311648E-2
7.730000E-8	3.303255E-2
7.735000E-8	3.299486E-2
7.740000E-8	3.298630E-2
7.745000E-8	3.300000E-2
7.750000E-8	3.306338E-2
7.755000E-8	3.316273E-2
7.760000E-8	3.326722E-2
7.765000E-8	3.339056E-2
7.770000E-8	3.351389E-2
7.775000E-8	3.358412E-2
7.780000E-8	3.357555E-2
7.785000E-8	3.349847E-2
7.790000E-8	3.337856E-2
7.795000E-8	3.323468E-2
7.800000E-8	3.309764E-2
7.805000E-8	3.297773E-2
7.810000E-8	3.289723E-2
7.815000E-8	3.285440E-2
7.820000E-8	3.285954E-2
7.825000E-8	3.289551E-2
7.830000E-8	3.296232E-2
7.835000E-8	3.303769E-2
7.840000E-8	3.313019E-2
7.845000E-8	3.325009E-2
7.850000E-8	3.336486E-2
7.855000E-8	3.341625E-2
7.860000E-8	3.340597E-2
7.865000E-8	3.337000E-2
7.870000E-8	3.329977E-2
7.875000E-8	3.317472E-2
7.880000E-8	3.303940E-2
7.885000E-8	3.291436E-2
7.890000E-8	3.281843E-2
7.895000E-8	3.275505E-2
7.900000E-8	3.273278E-2
7.905000E-8	3.275848E-2
7.910000E-8	3.282014E-2
7.915000E-8	3.293148E-2
7.920000E-8	3.306509E-2
7.925000E-8	3.315931E-2
7.930000E-8	3.322440E-2
7.935000E-8	3.329634E-2
7.940000E-8	3.337514E-2
7.945000E-8	3.338713E-2
7.950000E-8	3.332375E-2
7.955000E-8	3.322269E-2
7.960000E-8	3.312162E-2
7.965000E-8	3.303084E-2
7.970000E-8	3.295718E-2
7.975000E-8	3.290750E-2
7.980000E-8	3.286982E-2
7.985000E-8	3.284584E-2
7.990000E-8	3.284584E-2
7.995000E-8	3.288352E-2
8.000000E-8	3.294690E-2
8.005000E-8	3.300857E-2
8.010000E-8	3.303940E-2
8.015000E-8	3.300172E-2
8.020000E-8	3.289037E-2
8.025000E-8	3.272936E-2
8.030000E-8	3.255121E-2
8.035000E-8	3.237478E-2
8.040000E-8	3.222232E-2
8.045000E-8	3.211955E-2
8.050000E-8	3.206987E-2
8.055000E-8	3.205103E-2
8.060000E-8	3.204418E-2
8.065000E-8	3.205788E-2
8.070000E-8	3.211783E-2
8.075000E-8	3.220691E-2
8.080000E-8	3.230797E-2
8.085000E-8	3.241931E-2
8.090000E-8	3.253408E-2
8.095000E-8	3.263343E-2
8.100000E-8	3.273278E-2
8.105000E-8	3.283556E-2
8.110000E-8	3.294519E-2
8.115000E-8	3.305482E-2
8.120000E-8	3.313704E-2
8.125000E-8	3.319357E-2
8.130000E-8	3.322954E-2
8.135000E-8	3.324838E-2
8.140000E-8	3.325866E-2
8.145000E-8	3.325523E-2
8.150000E-8	3.323982E-2
8.155000E-8	3.319870E-2
8.160000E-8	3.315246E-2
8.165000E-8	3.309935E-2
8.170000E-8	3.304283E-2
8.175000E-8	3.298973E-2
8.180000E-8	3.296574E-2
8.185000E-8	3.294519E-2
8.190000E-8	3.290579E-2
8.195000E-8	3.286125E-2
8.200000E-8	3.283899E-2
8.205000E-8	3.284241E-2
8.210000E-8	3.282357E-2
8.215000E-8	3.278417E-2
8.220000E-8	3.276704E-2
8.225000E-8	3.279616E-2
8.230000E-8	3.282357E-2
8.235000E-8	3.282699E-2
8.240000E-8	3.283899E-2
8.245000E-8	3.286468E-2
8.250000E-8	3.287838E-2
8.255000E-8	3.287153E-2
8.260000E-8	3.286639E-2
8.265000E-8	3.288010E-2
8.270000E-8	3.289209E-2
8.275000E-8	3.288010E-2
8.280000E-8	3.283042E-2
8.285000E-8	3.277561E-2
8.290000E-8	3.271394E-2
8.295000E-8	3.265399E-2
8.300000E-8	3.259746E-2
8.305000E-8	3.257177E-2
8.310000E-8	3.255464E-2
8.315000E-8	3.253922E-2
8.320000E-8	3.251866E-2
8.325000E-8	3.251181E-2
8.330000E-8	3.253065E-2
8.335000E-8	3.254778E-2
8.340000E-8	3.255806E-2
8.345000E-8	3.256663E-2
8.350000E-8	3.257348E-2
8.355000E-8	3.256663E-2
8.360000E-8	3.252723E-2
8.365000E-8	3.245015E-2
8.370000E-8	3.237649E-2
8.375000E-8	3.230283E-2
8.380000E-8	3.223089E-2
8.385000E-8	3.215894E-2
8.390000E-8	3.210756E-2
8.395000E-8	3.207501E-2
8.400000E-8	3.204932E-2
8.405000E-8	3.205617E-2
8.410000E-8	3.210413E-2
8.415000E-8	3.216066E-2
8.420000E-8	3.220691E-2
8.425000E-8	3.223603E-2
8.430000E-8	3.225658E-2
8.435000E-8	3.227029E-2
8.440000E-8	3.227371E-2
8.445000E-8	3.226686E-2
8.450000E-8	3.225316E-2
8.455000E-8	3.223431E-2
8.460000E-8	3.218635E-2
8.465000E-8	3.212469E-2
8.470000E-8	3.207844E-2
8.475000E-8	3.204589E-2
8.480000E-8	3.202533E-2
8.485000E-8	3.205788E-2
8.490000E-8	3.215209E-2
8.495000E-8	3.227542E-2
8.500000E-8	3.242445E-2
8.505000E-8	3.258547E-2
8.510000E-8	3.271051E-2
8.515000E-8	3.278588E-2
8.520000E-8	3.283899E-2
8.525000E-8	3.284241E-2
8.530000E-8	3.279959E-2
8.535000E-8	3.273278E-2
8.540000E-8	3.263514E-2
8.545000E-8	3.249982E-2
8.550000E-8	3.237135E-2
8.555000E-8	3.224288E-2
8.560000E-8	3.210070E-2
8.565000E-8	3.198765E-2
8.570000E-8	3.191742E-2
8.575000E-8	3.185061E-2
8.580000E-8	3.178210E-2
8.585000E-8	3.174098E-2
8.590000E-8	3.174784E-2
8.595000E-8	3.177696E-2
8.600000E-8	3.183177E-2
8.605000E-8	3.187802E-2
8.610000E-8	3.190371E-2
8.615000E-8	3.191399E-2
8.620000E-8	3.191742E-2
8.625000E-8	3.191057E-2
8.630000E-8	3.190714E-2
8.635000E-8	3.191399E-2
8.640000E-8	3.191571E-2
8.645000E-8	3.189686E-2
8.650000E-8	3.186260E-2
8.655000E-8	3.182492E-2
8.660000E-8	3.179409E-2
8.665000E-8	3.178895E-2
8.670000E-8	3.181293E-2
8.675000E-8	3.185233E-2
8.680000E-8	3.189858E-2
8.685000E-8	3.195510E-2
8.690000E-8	3.200992E-2
8.695000E-8	3.206816E-2
8.700000E-8	3.211269E-2
8.705000E-8	3.213325E-2
8.710000E-8	3.213668E-2
8.715000E-8	3.211783E-2
8.720000E-8	3.206302E-2
8.725000E-8	3.198936E-2
8.730000E-8	3.191742E-2
8.735000E-8	3.184890E-2
8.740000E-8	3.175126E-2
8.745000E-8	3.165020E-2
8.750000E-8	3.159881E-2
8.755000E-8	3.155770E-2
8.760000E-8	3.150460E-2
8.765000E-8	3.145321E-2
8.770000E-8	3.144636E-2
8.775000E-8	3.143608E-2
8.780000E-8	3.140867E-2
8.785000E-8	3.138298E-2
8.790000E-8	3.136414E-2
8.795000E-8	3.134529E-2
8.800000E-8	3.133673E-2
8.805000E-8	3.134872E-2
8.810000E-8	3.136414E-2
8.815000E-8	3.137270E-2
8.820000E-8	3.138640E-2
8.825000E-8	3.142409E-2
8.830000E-8	3.146863E-2
8.835000E-8	3.150117E-2
8.840000E-8	3.153029E-2
8.845000E-8	3.155085E-2
8.850000E-8	3.152858E-2
8.855000E-8	3.148233E-2
8.860000E-8	3.145835E-2
8.865000E-8	3.143265E-2
8.870000E-8	3.139497E-2
8.875000E-8	3.137099E-2
8.880000E-8	3.137955E-2
8.885000E-8	3.137784E-2
8.890000E-8	3.139839E-2
8.895000E-8	3.146177E-2
8.900000E-8	3.153372E-2
8.905000E-8	3.157312E-2
8.910000E-8	3.160909E-2
8.915000E-8	3.165191E-2
8.920000E-8	3.169987E-2
8.925000E-8	3.173927E-2
8.930000E-8	3.177353E-2
8.935000E-8	3.177524E-2
8.940000E-8	3.175811E-2
8.945000E-8	3.174270E-2
8.950000E-8	3.172899E-2
8.955000E-8	3.170330E-2
8.960000E-8	3.164335E-2
8.965000E-8	3.155599E-2
8.970000E-8	3.147890E-2
8.975000E-8	3.145150E-2
8.980000E-8	3.144978E-2
8.985000E-8	3.145663E-2
8.990000E-8	3.148062E-2
8.995000E-8	3.152173E-2
9.000000E-8	3.155770E-2
9.005000E-8	3.160052E-2
9.010000E-8	3.165191E-2
9.015000E-8	3.166904E-2
9.020000E-8	3.164506E-2
9.025000E-8	3.162450E-2
9.030000E-8	3.158853E-2
9.035000E-8	3.153372E-2
9.040000E-8	3.148747E-2
9.045000E-8	3.147719E-2
9.050000E-8	3.148233E-2
9.055000E-8	3.148918E-2
9.060000E-8	3.153372E-2
9.065000E-8	3.159538E-2
9.070000E-8	3.164506E-2
9.075000E-8	3.168960E-2
9.080000E-8	3.170844E-2
9.085000E-8	3.167589E-2
9.090000E-8	3.160566E-2
9.095000E-8	3.152858E-2
9.100000E-8	3.150117E-2
9.105000E-8	3.153886E-2
9.110000E-8	3.162964E-2
9.115000E-8	3.174955E-2
9.120000E-8	3.188316E-2
9.125000E-8	3.199108E-2
9.130000E-8	3.205445E-2
9.135000E-8	3.207158E-2
9.140000E-8	3.205445E-2
9.145000E-8	3.200307E-2
9.150000E-8	3.189344E-2
9.155000E-8	3.174784E-2
9.160000E-8	3.157654E-2
9.165000E-8	3.140353E-2
9.170000E-8	3.126992E-2
9.175000E-8	3.119284E-2
9.180000E-8	3.116543E-2
9.185000E-8	3.120141E-2
9.190000E-8	3.127335E-2
9.195000E-8	3.136585E-2
9.200000E-8	3.148062E-2
9.205000E-8	3.162108E-2
9.210000E-8	3.175126E-2
9.215000E-8	3.183177E-2
9.220000E-8	3.186774E-2
9.225000E-8	3.187117E-2
9.230000E-8	3.184547E-2
9.235000E-8	3.179066E-2
9.240000E-8	3.170673E-2
9.245000E-8	3.160224E-2
9.250000E-8	3.151145E-2
9.255000E-8	3.147034E-2
9.260000E-8	3.146691E-2
9.265000E-8	3.146863E-2
9.270000E-8	3.145321E-2
9.275000E-8	3.143608E-2
9.280000E-8	3.143951E-2
9.285000E-8	3.144807E-2
9.290000E-8	3.143094E-2
9.295000E-8	3.138812E-2
9.300000E-8	3.136071E-2
9.305000E-8	3.132302E-2
9.310000E-8	3.124765E-2
9.315000E-8	3.115516E-2
9.320000E-8	3.110548E-2
9.325000E-8	3.108492E-2
9.330000E-8	3.106951E-2
9.335000E-8	3.109692E-2
9.340000E-8	3.114145E-2
9.345000E-8	3.114316E-2
9.350000E-8	3.111576E-2
9.355000E-8	3.108835E-2
9.360000E-8	3.102840E-2
9.365000E-8	3.091534E-2
9.370000E-8	3.079544E-2
9.375000E-8	3.067039E-2
9.380000E-8	3.054363E-2
9.385000E-8	3.046141E-2
9.390000E-8	3.044257E-2
9.395000E-8	3.046484E-2
9.400000E-8	3.053164E-2
9.405000E-8	3.065155E-2
9.410000E-8	3.078002E-2
9.415000E-8	3.091877E-2
9.420000E-8	3.105067E-2
9.425000E-8	3.112090E-2
9.430000E-8	3.113631E-2
9.435000E-8	3.111747E-2
9.440000E-8	3.105752E-2
9.445000E-8	3.096844E-2
9.450000E-8	3.088794E-2
9.455000E-8	3.079372E-2
9.460000E-8	3.066354E-2
9.465000E-8	3.056419E-2
9.470000E-8	3.055391E-2
9.475000E-8	3.059673E-2
9.480000E-8	3.068752E-2
9.485000E-8	3.080229E-2
9.490000E-8	3.089479E-2
9.495000E-8	3.094275E-2
9.500000E-8	3.096502E-2
9.505000E-8	3.097187E-2
9.510000E-8	3.094789E-2
9.515000E-8	3.092391E-2
9.520000E-8	3.088451E-2
9.525000E-8	3.080571E-2
9.530000E-8	3.074062E-2
9.535000E-8	3.069608E-2
9.540000E-8	3.062414E-2
9.545000E-8	3.053335E-2
9.550000E-8	3.047511E-2
9.555000E-8	3.045285E-2
9.560000E-8	3.043743E-2
9.565000E-8	3.043572E-2
9.570000E-8	3.044599E-2
9.575000E-8	3.044771E-2
9.580000E-8	3.045627E-2
9.585000E-8	3.046998E-2
9.590000E-8	3.048025E-2
9.595000E-8	3.050595E-2
9.600000E-8	3.054535E-2
9.605000E-8	3.058132E-2
9.610000E-8	3.058474E-2
9.615000E-8	3.054877E-2
9.620000E-8	3.047340E-2
9.625000E-8	3.035863E-2
9.630000E-8	3.023188E-2
9.635000E-8	3.010169E-2
9.640000E-8	2.997322E-2
9.645000E-8	2.987044E-2
9.650000E-8	2.983447E-2
9.655000E-8	2.984989E-2
9.660000E-8	2.987387E-2
9.665000E-8	2.988929E-2
9.670000E-8	2.994239E-2
9.675000E-8	3.003831E-2
9.680000E-8	3.013766E-2
9.685000E-8	3.022845E-2
9.690000E-8	3.032780E-2
9.695000E-8	3.040488E-2
9.700000E-8	3.042715E-2
9.705000E-8	3.041859E-2
9.710000E-8	3.041516E-2
9.715000E-8	3.039118E-2
9.720000E-8	3.034664E-2
9.725000E-8	3.027984E-2
9.730000E-8	3.021303E-2
9.735000E-8	3.016507E-2
9.740000E-8	3.015651E-2
9.745000E-8	3.018049E-2
9.750000E-8	3.022331E-2
9.755000E-8	3.030039E-2
9.760000E-8	3.040831E-2
9.765000E-8	3.050252E-2
9.770000E-8	3.056419E-2
9.775000E-8	3.061729E-2
9.780000E-8	3.067210E-2
9.785000E-8	3.071664E-2
9.790000E-8	3.073034E-2
9.795000E-8	3.068238E-2
9.800000E-8	3.057789E-2
9.805000E-8	3.047511E-2
9.810000E-8	3.038433E-2
9.815000E-8	3.026442E-2
9.820000E-8	3.016507E-2
9.825000E-8	3.012910E-2
9.830000E-8	3.013252E-2
9.835000E-8	3.014965E-2
9.840000E-8	3.022502E-2
9.845000E-8	3.032951E-2
9.850000E-8	3.041345E-2
9.855000E-8	3.049224E-2
9.860000E-8	3.055562E-2
9.865000E-8	3.057275E-2
9.870000E-8	3.054706E-2
9.875000E-8	3.049910E-2
9.880000E-8	3.040831E-2
9.885000E-8	3.027470E-2
9.890000E-8	3.014280E-2
9.895000E-8	3.002803E-2
9.900000E-8	2.994410E-2
9.905000E-8	2.986530E-2
9.910000E-8	2.978651E-2
9.915000E-8	2.973341E-2
9.920000E-8	2.976767E-2
9.925000E-8	2.984989E-2
9.930000E-8	2.988757E-2
9.935000E-8	2.990813E-2
9.940000E-8	2.996808E-2
9.945000E-8	3.004003E-2
9.950000E-8	3.007600E-2
9.955000E-8	3.009998E-2
9.960000E-8	3.014451E-2
9.965000E-8	3.018734E-2
9.970000E-8	3.021475E-2
9.975000E-8	3.022160E-2
9.980000E-8	3.020789E-2
9.985000E-8	3.022160E-2
9.990000E-8	3.027299E-2
9.995000E-8	3.030896E-2
1.000000E-7	3.031752E-2
1.000500E-7	3.035349E-2
1.001000E-7	3.040146E-2
1.001500E-7	3.041687E-2
1.002000E-7	3.043743E-2
1.002500E-7	3.047683E-2
1.003000E-7	3.048539E-2
1.003500E-7	3.046312E-2
1.004000E-7	3.044942E-2
1.004500E-7	3.042544E-2
1.005000E-7	3.039289E-2
1.005500E-7	3.038775E-2
1.006000E-7	3.040146E-2
1.006500E-7	3.040317E-2
1.007000E-7	3.040146E-2
1.007500E-7	3.043572E-2
1.008000E-7	3.048882E-2
1.008500E-7	3.054535E-2
1.009000E-7	3.060016E-2
1.009500E-7	3.063784E-2
1.010000E-7	3.067553E-2
1.010500E-7	3.070294E-2
1.011000E-7	3.068238E-2
1.011500E-7	3.063271E-2
1.012000E-7	3.059159E-2
1.012500E-7	3.053164E-2
1.013000E-7	3.040660E-2
1.013500E-7	3.024387E-2
1.014000E-7	3.010169E-2
1.014500E-7	2.997665E-2
1.015000E-7	2.986702E-2
1.015500E-7	2.979336E-2
1.016000E-7	2.975739E-2
1.016500E-7	2.975054E-2
1.017000E-7	2.977966E-2
1.017500E-7	2.981734E-2
1.018000E-7	2.983961E-2
1.018500E-7	2.984304E-2
1.019000E-7	2.985503E-2
1.019500E-7	2.985503E-2
1.020000E-7	2.981392E-2
1.020500E-7	2.975225E-2
1.021000E-7	2.969572E-2
1.021500E-7	2.965119E-2
1.022000E-7	2.961179E-2
1.022500E-7	2.959295E-2
1.023000E-7	2.958609E-2
1.023500E-7	2.959123E-2
1.024000E-7	2.961521E-2
1.024500E-7	2.966146E-2
1.025000E-7	2.970086E-2
1.025500E-7	2.971114E-2
1.026000E-7	2.968887E-2
1.026500E-7	2.965461E-2
1.027000E-7	2.960665E-2
1.027500E-7	2.955869E-2
1.028000E-7	2.952100E-2
1.028500E-7	2.949702E-2
1.029000E-7	2.949017E-2
1.029500E-7	2.949359E-2
1.030000E-7	2.949188E-2
1.030500E-7	2.948503E-2
1.031000E-7	2.948503E-2
1.031500E-7	2.948674E-2
1.032000E-7	2.949531E-2
1.032500E-7	2.952957E-2
1.033000E-7	2.959808E-2
1.033500E-7	2.966489E-2
1.034000E-7	2.969915E-2
1.034500E-7	2.973512E-2
1.035000E-7	2.977452E-2
1.035500E-7	2.978993E-2
1.036000E-7	2.977280E-2
1.036500E-7	2.978137E-2
1.037000E-7	2.981905E-2
1.037500E-7	2.984989E-2
1.038000E-7	2.987044E-2
1.038500E-7	2.989785E-2
1.039000E-7	2.992868E-2
1.039500E-7	2.994239E-2
1.040000E-7	2.994581E-2
1.040500E-7	2.995609E-2
1.041000E-7	2.995952E-2
1.041500E-7	2.996123E-2
1.042000E-7	2.994753E-2
1.042500E-7	2.992526E-2
1.043000E-7	2.989614E-2
1.043500E-7	2.985503E-2
1.044000E-7	2.981049E-2
1.044500E-7	2.976253E-2
1.045000E-7	2.973855E-2
1.045500E-7	2.976253E-2
1.046000E-7	2.980364E-2
1.046500E-7	2.985331E-2
1.047000E-7	2.993382E-2
1.047500E-7	3.003317E-2
1.048000E-7	3.010854E-2
1.048500E-7	3.013938E-2
1.049000E-7	3.015308E-2
1.049500E-7	3.014794E-2
1.050000E-7	3.009998E-2
1.050500E-7	3.001604E-2
1.051000E-7	2.992183E-2
1.051500E-7	2.981905E-2
1.052000E-7	2.971456E-2
1.052500E-7	2.961007E-2
1.053000E-7	2.952100E-2
1.053500E-7	2.945933E-2
1.054000E-7	2.941822E-2
1.054500E-7	2.939253E-2
1.055000E-7	2.942336E-2
1.055500E-7	2.951415E-2
1.056000E-7	2.959123E-2
1.056500E-7	2.962378E-2
1.057000E-7	2.963748E-2
1.057500E-7	2.962378E-2
1.058000E-7	2.954327E-2
1.058500E-7	2.940452E-2
1.059000E-7	2.927948E-2
1.059500E-7	2.917670E-2
1.060000E-7	2.906193E-2
1.060500E-7	2.897114E-2
1.061000E-7	2.892147E-2
1.061500E-7	2.890263E-2
1.062000E-7	2.893689E-2
1.062500E-7	2.903452E-2
1.063000E-7	2.917670E-2
1.063500E-7	2.932744E-2
1.064000E-7	2.946961E-2
1.064500E-7	2.959123E-2
1.065000E-7	2.967859E-2
1.065500E-7	2.974026E-2
1.066000E-7	2.976595E-2
1.066500E-7	2.975396E-2
1.067000E-7	2.971628E-2
1.067500E-7	2.965975E-2
1.068000E-7	2.959466E-2
1.068500E-7	2.954841E-2
1.069000E-7	2.952785E-2
1.069500E-7	2.954498E-2
1.070000E-7	2.958609E-2
1.070500E-7	2.963577E-2
1.071000E-7	2.966318E-2
1.071500E-7	2.967345E-2
1.072000E-7	2.968031E-2
1.072500E-7	2.966831E-2
1.073000E-7	2.960836E-2
1.073500E-7	2.952271E-2
1.074000E-7	2.942165E-2
1.074500E-7	2.931887E-2
1.075000E-7	2.924179E-2
1.075500E-7	2.915957E-2
1.076000E-7	2.904823E-2
1.076500E-7	2.894202E-2
1.077000E-7	2.889406E-2
1.077500E-7	2.887693E-2
1.078000E-7	2.885295E-2
1.078500E-7	2.882554E-2
1.079000E-7	2.882726E-2
1.079500E-7	2.885295E-2
1.080000E-7	2.890948E-2
1.080500E-7	2.901225E-2
1.081000E-7	2.914073E-2
1.081500E-7	2.923494E-2
1.082000E-7	2.926748E-2
1.082500E-7	2.925549E-2
1.083000E-7	2.921952E-2
1.083500E-7	2.918184E-2
1.084000E-7	2.913216E-2
1.084500E-7	2.907735E-2
1.085000E-7	2.905337E-2
1.085500E-7	2.903966E-2
1.086000E-7	2.899513E-2
1.086500E-7	2.893689E-2
1.087000E-7	2.893517E-2
1.087500E-7	2.897457E-2
1.088000E-7	2.899684E-2
1.088500E-7	2.902082E-2
1.089000E-7	2.906364E-2
1.089500E-7	2.910818E-2
1.090000E-7	2.912874E-2
1.090500E-7	2.914073E-2
1.091000E-7	2.912531E-2
1.091500E-7	2.907906E-2
1.092000E-7	2.903110E-2
1.092500E-7	2.903281E-2
1.093000E-7	2.905850E-2
1.093500E-7	2.907392E-2
1.094000E-7	2.909619E-2
1.094500E-7	2.914415E-2
1.095000E-7	2.919211E-2
1.095500E-7	2.921781E-2
1.096000E-7	2.924008E-2
1.096500E-7	2.925549E-2
1.097000E-7	2.922466E-2
1.097500E-7	2.915614E-2
1.098000E-7	2.907563E-2
1.098500E-7	2.901054E-2
1.099000E-7	2.895230E-2
1.099500E-7	2.889749E-2
1.100000E-7	2.884439E-2
1.100500E-7	2.877587E-2
1.101000E-7	2.871078E-2
1.101500E-7	2.866624E-2
1.102000E-7	2.865082E-2
1.102500E-7	2.866110E-2
1.103000E-7	2.869536E-2
1.103500E-7	2.873133E-2
1.104000E-7	2.877073E-2
1.104500E-7	2.882212E-2
1.105000E-7	2.887522E-2
1.105500E-7	2.893003E-2
1.106000E-7	2.897286E-2
1.106500E-7	2.897628E-2
1.107000E-7	2.895059E-2
1.107500E-7	2.892147E-2
1.108000E-7	2.889749E-2
1.108500E-7	2.888721E-2
1.109000E-7	2.889577E-2
1.109500E-7	2.889406E-2
1.110000E-7	2.884439E-2
1.110500E-7	2.878957E-2
1.111000E-7	2.879471E-2
1.111500E-7	2.886837E-2
1.112000E-7	2.897628E-2
1.112500E-7	2.912188E-2
1.113000E-7	2.930003E-2
1.113500E-7	2.945591E-2
1.114000E-7	2.957410E-2
1.114500E-7	2.964262E-2
1.115000E-7	2.964433E-2
1.115500E-7	2.957239E-2
1.116000E-7	2.944563E-2
1.116500E-7	2.930003E-2
1.117000E-7	2.915100E-2
1.117500E-7	2.900369E-2
1.118000E-7	2.889920E-2
1.118500E-7	2.884267E-2
1.119000E-7	2.882212E-2
1.119500E-7	2.882040E-2
1.120000E-7	2.882554E-2
1.120500E-7	2.882726E-2
1.121000E-7	2.883582E-2
1.121500E-7	2.884610E-2
1.122000E-7	2.884267E-2
1.122500E-7	2.883411E-2
1.123000E-7	2.882554E-2
1.123500E-7	2.880841E-2
1.124000E-7	2.876045E-2
1.124500E-7	2.868679E-2
1.125000E-7	2.862684E-2
1.125500E-7	2.858230E-2
1.126000E-7	2.854805E-2
1.126500E-7	2.853948E-2
1.127000E-7	2.856346E-2
1.127500E-7	2.858744E-2
1.128000E-7	2.861314E-2
1.128500E-7	2.866281E-2
1.129000E-7	2.875189E-2
1.129500E-7	2.885638E-2
1.130000E-7	2.893517E-2
1.130500E-7	2.896601E-2
1.131000E-7	2.896258E-2
1.131500E-7	2.895744E-2
1.132000E-7	2.895401E-2
1.132500E-7	2.894202E-2
1.133000E-7	2.893003E-2
1.133500E-7	2.893003E-2
1.134000E-7	2.890605E-2
1.134500E-7	2.885809E-2
1.135000E-7	2.879985E-2
1.135500E-7	2.872277E-2
1.136000E-7	2.862684E-2
1.136500E-7	2.852920E-2
1.137000E-7	2.844698E-2
1.137500E-7	2.837675E-2
1.138000E-7	2.832879E-2
1.138500E-7	2.831166E-2
1.139000E-7	2.830652E-2
1.139500E-7	2.830481E-2
1.140000E-7	2.832194E-2
1.140500E-7	2.835277E-2
1.141000E-7	2.839731E-2
1.141500E-7	2.843499E-2
1.142000E-7	2.847953E-2
1.142500E-7	2.852064E-2
1.143000E-7	2.856004E-2
1.143500E-7	2.856004E-2
1.144000E-7	2.851721E-2
1.144500E-7	2.846069E-2
1.145000E-7	2.843670E-2
1.145500E-7	2.844184E-2
1.146000E-7	2.846754E-2
1.146500E-7	2.853605E-2
1.147000E-7	2.865767E-2
1.147500E-7	2.877758E-2
1.148000E-7	2.884781E-2
1.148500E-7	2.887179E-2
1.149000E-7	2.887351E-2
1.149500E-7	2.883411E-2
1.150000E-7	2.872619E-2
1.150500E-7	2.858744E-2
1.151000E-7	2.845383E-2
1.151500E-7	2.835448E-2
1.152000E-7	2.828596E-2
1.152500E-7	2.826027E-2
1.153000E-7	2.828768E-2
1.153500E-7	2.835791E-2
1.154000E-7	2.845383E-2
1.154500E-7	2.858402E-2
1.155000E-7	2.873818E-2
1.155500E-7	2.886837E-2
1.156000E-7	2.894545E-2
1.156500E-7	2.898827E-2
1.157000E-7	2.898485E-2
1.157500E-7	2.893175E-2
1.158000E-7	2.884096E-2
1.158500E-7	2.871078E-2
1.159000E-7	2.852749E-2
1.159500E-7	2.835277E-2
1.160000E-7	2.822944E-2
1.160500E-7	2.814036E-2
1.161000E-7	2.808555E-2
1.161500E-7	2.808555E-2
1.162000E-7	2.813694E-2
1.162500E-7	2.820374E-2
1.163000E-7	2.827397E-2
1.163500E-7	2.835106E-2
1.164000E-7	2.841957E-2
1.164500E-7	2.845555E-2
1.165000E-7	2.847439E-2
1.165500E-7	2.850008E-2
1.166000E-7	2.852064E-2
1.166500E-7	2.848981E-2
1.167000E-7	2.840587E-2
1.167500E-7	2.829453E-2
1.168000E-7	2.816948E-2
1.168500E-7	2.803245E-2
1.169000E-7	2.790912E-2
1.169500E-7	2.779777E-2
1.170000E-7	2.770527E-2
1.170500E-7	2.764361E-2
1.171000E-7	2.759393E-2
1.171500E-7	2.753740E-2
1.172000E-7	2.750315E-2
1.172500E-7	2.749287E-2
1.173000E-7	2.752541E-2
1.173500E-7	2.761106E-2
1.174000E-7	2.772926E-2
1.174500E-7	2.786115E-2
1.175000E-7	2.802046E-2
1.175500E-7	2.820203E-2
1.176000E-7	2.837504E-2
1.176500E-7	2.852406E-2
1.177000E-7	2.862342E-2
1.177500E-7	2.865939E-2
1.178000E-7	2.865596E-2
1.178500E-7	2.863541E-2
1.179000E-7	2.857717E-2
1.179500E-7	2.848295E-2
1.180000E-7	2.839731E-2
1.180500E-7	2.833907E-2
1.181000E-7	2.830138E-2
1.181500E-7	2.828254E-2
1.182000E-7	2.824828E-2
1.182500E-7	2.819689E-2
1.183000E-7	2.816606E-2
1.183500E-7	2.815064E-2
1.184000E-7	2.812837E-2
1.184500E-7	2.810439E-2
1.185000E-7	2.809411E-2
1.185500E-7	2.808041E-2
1.186000E-7	2.804615E-2
1.186500E-7	2.803073E-2
1.187000E-7	2.805129E-2
1.187500E-7	2.810097E-2
1.188000E-7	2.816606E-2
1.188500E-7	2.825171E-2
1.189000E-7	2.834420E-2
1.189500E-7	2.840930E-2
1.190000E-7	2.843670E-2
1.190500E-7	2.841272E-2
1.191000E-7	2.834078E-2
1.191500E-7	2.822944E-2
1.192000E-7	2.810610E-2
1.192500E-7	2.798962E-2
1.193000E-7	2.788342E-2
1.193500E-7	2.775666E-2
1.194000E-7	2.763847E-2
1.194500E-7	2.756824E-2
1.195000E-7	2.754083E-2
1.195500E-7	2.751171E-2
1.196000E-7	2.750486E-2
1.196500E-7	2.754254E-2
1.197000E-7	2.757852E-2
1.197500E-7	2.758708E-2
1.198000E-7	2.759565E-2
1.198500E-7	2.761791E-2
1.199000E-7	2.765902E-2
1.199500E-7	2.771213E-2
1.200000E-7	2.777208E-2
1.200500E-7	2.780976E-2
1.201000E-7	2.784916E-2
1.201500E-7	2.790569E-2
1.202000E-7	2.795365E-2
1.202500E-7	2.798106E-2
1.203000E-7	2.801361E-2
1.203500E-7	2.805643E-2
1.204000E-7	2.805985E-2
1.204500E-7	2.802217E-2
1.205000E-7	2.797763E-2
1.205500E-7	2.793138E-2
1.206000E-7	2.789712E-2
1.206500E-7	2.789199E-2
1.207000E-7	2.790740E-2
1.207500E-7	2.793481E-2
1.208000E-7	2.797249E-2
1.208500E-7	2.800333E-2
1.209000E-7	2.799648E-2
1.209500E-7	2.797763E-2
1.210000E-7	2.795023E-2
1.210500E-7	2.792111E-2
1.211000E-7	2.789027E-2
1.211500E-7	2.786972E-2
1.212000E-7	2.784916E-2
1.212500E-7	2.782518E-2
1.213000E-7	2.780634E-2
1.213500E-7	2.777722E-2
1.214000E-7	2.775152E-2
1.214500E-7	2.773953E-2
1.215000E-7	2.775838E-2
1.215500E-7	2.777037E-2
1.216000E-7	2.779092E-2
1.216500E-7	2.782689E-2
1.217000E-7	2.783888E-2
1.217500E-7	2.780634E-2
1.218000E-7	2.773611E-2
1.218500E-7	2.762305E-2
1.219000E-7	2.748944E-2
1.219500E-7	2.737810E-2
1.220000E-7	2.728903E-2
1.220500E-7	2.721366E-2
1.221000E-7	2.717940E-2
1.221500E-7	2.716912E-2
1.222000E-7	2.715542E-2
1.222500E-7	2.716912E-2
1.223000E-7	2.725134E-2
1.223500E-7	2.734555E-2
1.224000E-7	2.743634E-2
1.224500E-7	2.755111E-2
1.225000E-7	2.766245E-2
1.225500E-7	2.775152E-2
1.226000E-7	2.780463E-2
1.226500E-7	2.782518E-2
1.227000E-7	2.778921E-2
1.227500E-7	2.773268E-2
1.228000E-7	2.769500E-2
1.228500E-7	2.764703E-2
1.229000E-7	2.756139E-2
1.229500E-7	2.748259E-2
1.230000E-7	2.745690E-2
1.230500E-7	2.743634E-2
1.231000E-7	2.740037E-2
1.231500E-7	2.739180E-2
1.232000E-7	2.745690E-2
1.232500E-7	2.756481E-2
1.233000E-7	2.767787E-2
1.233500E-7	2.779263E-2
1.234000E-7	2.790398E-2
1.234500E-7	2.800847E-2
1.235000E-7	2.807870E-2
1.235500E-7	2.811467E-2
1.236000E-7	2.812152E-2
1.236500E-7	2.812666E-2
1.237000E-7	2.812323E-2
1.237500E-7	2.812666E-2
1.238000E-7	2.813180E-2
1.238500E-7	2.812152E-2
1.239000E-7	2.806499E-2
1.239500E-7	2.797421E-2
1.240000E-7	2.786629E-2
1.240500E-7	2.776009E-2
1.241000E-7	2.767615E-2
1.241500E-7	2.761963E-2
1.242000E-7	2.756310E-2
1.242500E-7	2.753055E-2
1.243000E-7	2.752884E-2
1.243500E-7	2.750657E-2
1.244000E-7	2.743805E-2
1.244500E-7	2.737125E-2
1.245000E-7	2.733185E-2
1.245500E-7	2.728731E-2
1.246000E-7	2.723250E-2
1.246500E-7	2.719824E-2
1.247000E-7	2.718282E-2
1.247500E-7	2.718282E-2
1.248000E-7	2.718968E-2
1.248500E-7	2.719310E-2
1.249000E-7	2.721880E-2
1.249500E-7	2.726162E-2
1.250000E-7	2.728046E-2
1.250500E-7	2.729245E-2
1.251000E-7	2.734555E-2
1.251500E-7	2.740379E-2
1.252000E-7	2.739180E-2
1.252500E-7	2.731472E-2
1.253000E-7	2.721537E-2
1.253500E-7	2.712972E-2
1.254000E-7	2.704236E-2
1.254500E-7	2.696357E-2
1.255000E-7	2.690019E-2
1.255500E-7	2.687449E-2
1.256000E-7	2.687278E-2
1.256500E-7	2.688306E-2
1.257000E-7	2.692074E-2
1.257500E-7	2.697384E-2
1.258000E-7	2.701324E-2
1.258500E-7	2.703551E-2
1.259000E-7	2.708176E-2
1.259500E-7	2.715542E-2
1.260000E-7	2.719995E-2
1.260500E-7	2.719481E-2
1.261000E-7	2.718111E-2
1.261500E-7	2.717597E-2
1.262000E-7	2.715713E-2
1.262500E-7	2.711773E-2
1.263000E-7	2.709718E-2
1.263500E-7	2.711088E-2
1.264000E-7	2.712972E-2
1.264500E-7	2.716569E-2
1.265000E-7	2.722051E-2
1.265500E-7	2.728046E-2
1.266000E-7	2.732500E-2
1.266500E-7	2.737125E-2
1.267000E-7	2.742435E-2
1.267500E-7	2.747231E-2
1.268000E-7	2.750143E-2
1.268500E-7	2.752541E-2
1.269000E-7	2.753740E-2
1.269500E-7	2.750315E-2
1.270000E-7	2.744833E-2
1.270500E-7	2.741407E-2
1.271000E-7	2.737810E-2
1.271500E-7	2.731472E-2
1.272000E-7	2.725134E-2
1.272500E-7	2.721366E-2
1.273000E-7	2.716569E-2
1.273500E-7	2.712458E-2
1.274000E-7	2.713829E-2
1.274500E-7	2.718454E-2
1.275000E-7	2.720852E-2
1.275500E-7	2.720681E-2
1.276000E-7	2.720167E-2
1.276500E-7	2.721194E-2
1.277000E-7	2.725477E-2
1.277500E-7	2.732329E-2
1.278000E-7	2.739180E-2
1.278500E-7	2.745518E-2
1.279000E-7	2.751514E-2
1.279500E-7	2.756995E-2
1.280000E-7	2.757680E-2
1.280500E-7	2.753227E-2
1.281000E-7	2.746546E-2
1.281500E-7	2.737467E-2
1.282000E-7	2.723764E-2
1.282500E-7	2.705435E-2
1.283000E-7	2.686250E-2
1.283500E-7	2.670834E-2
1.284000E-7	2.659528E-2
1.284500E-7	2.650450E-2
1.285000E-7	2.644968E-2
1.285500E-7	2.642227E-2
1.286000E-7	2.643940E-2
1.286500E-7	2.650792E-2
1.287000E-7	2.661755E-2
1.287500E-7	2.672718E-2
1.288000E-7	2.682996E-2
1.288500E-7	2.692074E-2
1.289000E-7	2.695329E-2
1.289500E-7	2.693273E-2
1.290000E-7	2.690875E-2
1.290500E-7	2.689676E-2
1.291000E-7	2.688135E-2
1.291500E-7	2.687963E-2
1.292000E-7	2.690361E-2
1.292500E-7	2.692931E-2
1.293000E-7	2.695671E-2
1.293500E-7	2.699783E-2
1.294000E-7	2.704750E-2
1.294500E-7	2.710060E-2
1.295000E-7	2.714000E-2
1.295500E-7	2.714685E-2
1.296000E-7	2.711259E-2
1.296500E-7	2.704408E-2
1.297000E-7	2.694130E-2
1.297500E-7	2.681968E-2
1.298000E-7	2.671348E-2
1.298500E-7	2.665695E-2
1.299000E-7	2.661070E-2
1.299500E-7	2.655931E-2
1.300000E-7	2.653019E-2
1.300500E-7	2.657987E-2
1.301000E-7	2.666551E-2
1.301500E-7	2.671861E-2
1.302000E-7	2.674602E-2
1.302500E-7	2.679227E-2
1.303000E-7	2.683167E-2
1.303500E-7	2.682139E-2
1.304000E-7	2.678371E-2
1.304500E-7	2.672204E-2
1.305000E-7	2.659871E-2
1.305500E-7	2.645311E-2
1.306000E-7	2.632464E-2
1.306500E-7	2.621329E-2
1.307000E-7	2.612080E-2
1.307500E-7	2.609510E-2
1.308000E-7	2.610367E-2
1.308500E-7	2.610367E-2
1.309000E-7	2.613107E-2
1.309500E-7	2.620302E-2
1.310000E-7	2.627839E-2
1.310500E-7	2.634690E-2
1.311000E-7	2.644112E-2
1.311500E-7	2.653533E-2
1.312000E-7	2.658329E-2
1.312500E-7	2.659014E-2
1.313000E-7	2.658329E-2
1.313500E-7	2.654389E-2
1.314000E-7	2.646339E-2
1.314500E-7	2.638802E-2
1.315000E-7	2.634519E-2
1.315500E-7	2.628353E-2
1.316000E-7	2.619445E-2
1.316500E-7	2.616019E-2
1.317000E-7	2.619274E-2
1.317500E-7	2.623728E-2
1.318000E-7	2.628524E-2
1.318500E-7	2.633663E-2
1.319000E-7	2.637602E-2
1.319500E-7	2.639144E-2
1.320000E-7	2.640686E-2
1.320500E-7	2.642399E-2
1.321000E-7	2.641885E-2
1.321500E-7	2.642056E-2
1.322000E-7	2.644283E-2
1.322500E-7	2.648051E-2
1.323000E-7	2.652505E-2
1.323500E-7	2.657301E-2
1.324000E-7	2.662783E-2
1.324500E-7	2.667922E-2
1.325000E-7	2.668949E-2
1.325500E-7	2.666037E-2
1.326000E-7	2.663468E-2
1.326500E-7	2.660042E-2
1.327000E-7	2.654389E-2
1.327500E-7	2.648051E-2
1.328000E-7	2.641371E-2
1.328500E-7	2.635033E-2
1.329000E-7	2.630922E-2
1.329500E-7	2.630066E-2
1.330000E-7	2.628353E-2
1.330500E-7	2.624755E-2
1.331000E-7	2.621158E-2
1.331500E-7	2.617390E-2
1.332000E-7	2.612936E-2
1.332500E-7	2.609339E-2
1.333000E-7	2.608311E-2
1.333500E-7	2.610880E-2
1.334000E-7	2.616019E-2
1.334500E-7	2.621672E-2
1.335000E-7	2.627153E-2
1.335500E-7	2.634177E-2
1.336000E-7	2.638630E-2
1.336500E-7	2.637431E-2
1.337000E-7	2.634177E-2
1.337500E-7	2.634005E-2
1.338000E-7	2.635547E-2
1.338500E-7	2.634519E-2
1.339000E-7	2.631778E-2
1.339500E-7	2.630237E-2
1.340000E-7	2.630922E-2
1.340500E-7	2.630579E-2
1.341000E-7	2.628181E-2
1.341500E-7	2.625954E-2
1.342000E-7	2.623385E-2
1.342500E-7	2.617732E-2
1.343000E-7	2.611394E-2
1.343500E-7	2.607283E-2
1.344000E-7	2.604885E-2
1.344500E-7	2.602830E-2
1.345000E-7	2.603001E-2
1.345500E-7	2.603857E-2
1.346000E-7	2.606769E-2
1.346500E-7	2.610538E-2
1.347000E-7	2.614135E-2
1.347500E-7	2.617732E-2
1.348000E-7	2.624584E-2
1.348500E-7	2.631607E-2
1.349000E-7	2.632978E-2
1.349500E-7	2.632464E-2
1.350000E-7	2.634348E-2
1.350500E-7	2.636575E-2
1.351000E-7	2.637431E-2
1.351500E-7	2.636917E-2
1.352000E-7	2.635376E-2
1.352500E-7	2.634690E-2
1.353000E-7	2.634005E-2
1.353500E-7	2.631436E-2
1.354000E-7	2.628866E-2
1.354500E-7	2.629038E-2
1.355000E-7	2.627496E-2
1.355500E-7	2.622186E-2
1.356000E-7	2.615505E-2
1.356500E-7	2.609339E-2
1.357000E-7	2.603515E-2
1.357500E-7	2.597862E-2
1.358000E-7	2.593580E-2
1.358500E-7	2.587070E-2
1.359000E-7	2.581760E-2
1.359500E-7	2.579705E-2
1.360000E-7	2.580733E-2
1.360500E-7	2.587242E-2
1.361000E-7	2.598719E-2
1.361500E-7	2.608311E-2
1.362000E-7	2.611394E-2
1.362500E-7	2.611566E-2
1.363000E-7	2.609681E-2
1.363500E-7	2.602487E-2
1.364000E-7	2.593408E-2
1.364500E-7	2.585358E-2
1.365000E-7	2.577307E-2
1.365500E-7	2.566344E-2
1.366000E-7	2.557436E-2
1.366500E-7	2.552126E-2
1.367000E-7	2.548872E-2
1.367500E-7	2.547330E-2
1.368000E-7	2.551441E-2
1.368500E-7	2.561376E-2
1.369000E-7	2.574395E-2
1.369500E-7	2.588270E-2
1.370000E-7	2.599746E-2
1.370500E-7	2.608996E-2
1.371000E-7	2.616533E-2
1.371500E-7	2.621158E-2
1.372000E-7	2.619788E-2
1.372500E-7	2.615163E-2
1.373000E-7	2.610538E-2
1.373500E-7	2.604371E-2
1.374000E-7	2.593751E-2
1.374500E-7	2.581760E-2
1.375000E-7	2.573367E-2
1.375500E-7	2.568057E-2
1.376000E-7	2.565145E-2
1.376500E-7	2.565316E-2
1.377000E-7	2.568057E-2
1.377500E-7	2.571311E-2
1.378000E-7	2.574395E-2
1.378500E-7	2.577478E-2
1.379000E-7	2.579362E-2
1.379500E-7	2.578506E-2
1.380000E-7	2.573367E-2
1.380500E-7	2.567543E-2
1.381000E-7	2.564802E-2
1.381500E-7	2.564288E-2
1.382000E-7	2.563774E-2
1.382500E-7	2.562747E-2
1.383000E-7	2.565830E-2
1.383500E-7	2.573196E-2
1.384000E-7	2.581246E-2
1.384500E-7	2.589297E-2
1.385000E-7	2.599918E-2
1.385500E-7	2.612422E-2
1.386000E-7	2.624241E-2
1.386500E-7	2.634348E-2
1.387000E-7	2.642399E-2
1.387500E-7	2.646167E-2
1.388000E-7	2.646339E-2
1.388500E-7	2.642741E-2
1.389000E-7	2.632978E-2
1.389500E-7	2.619103E-2
1.390000E-7	2.603686E-2
1.390500E-7	2.588612E-2
1.391000E-7	2.575936E-2
1.391500E-7	2.568742E-2
1.392000E-7	2.567029E-2
1.392500E-7	2.565830E-2
1.393000E-7	2.566172E-2
1.393500E-7	2.568571E-2
1.394000E-7	2.570969E-2
1.394500E-7	2.573538E-2
1.395000E-7	2.575422E-2
1.395500E-7	2.576450E-2
1.396000E-7	2.577478E-2
1.396500E-7	2.579020E-2
1.397000E-7	2.580733E-2
1.397500E-7	2.579876E-2
1.398000E-7	2.576964E-2
1.398500E-7	2.572682E-2
1.399000E-7	2.567200E-2
1.399500E-7	2.563260E-2
1.400000E-7	2.561205E-2
1.400500E-7	2.560691E-2
1.401000E-7	2.562918E-2
1.401500E-7	2.568228E-2
1.402000E-7	2.574566E-2
1.402500E-7	2.579362E-2
1.403000E-7	2.581760E-2
1.403500E-7	2.585186E-2
1.404000E-7	2.588612E-2
1.404500E-7	2.589811E-2
1.405000E-7	2.586899E-2
1.405500E-7	2.582103E-2
1.406000E-7	2.579533E-2
1.406500E-7	2.578677E-2
1.407000E-7	2.577478E-2
1.407500E-7	2.575080E-2
1.408000E-7	2.573538E-2
1.408500E-7	2.574052E-2
1.409000E-7	2.575765E-2
1.409500E-7	2.575080E-2
1.410000E-7	2.573024E-2
1.410500E-7	2.571825E-2
1.411000E-7	2.569770E-2
1.411500E-7	2.565145E-2
1.412000E-7	2.560177E-2
1.412500E-7	2.556237E-2
1.413000E-7	2.553325E-2
1.413500E-7	2.551270E-2
1.414000E-7	2.549728E-2
1.414500E-7	2.548872E-2
1.415000E-7	2.550071E-2
1.415500E-7	2.551612E-2
1.416000E-7	2.552983E-2
1.416500E-7	2.556066E-2
1.417000E-7	2.560348E-2
1.417500E-7	2.562061E-2
1.418000E-7	2.561890E-2
1.418500E-7	2.560691E-2
1.419000E-7	2.560177E-2
1.419500E-7	2.559149E-2
1.420000E-7	2.560862E-2
1.420500E-7	2.564631E-2
1.421000E-7	2.569427E-2
1.421500E-7	2.575080E-2
1.422000E-7	2.581589E-2
1.422500E-7	2.587242E-2
1.423000E-7	2.590496E-2
1.423500E-7	2.591010E-2
1.424000E-7	2.590839E-2
1.424500E-7	2.586728E-2
1.425000E-7	2.575765E-2
1.425500E-7	2.561205E-2
1.426000E-7	2.548186E-2
1.426500E-7	2.537566E-2
1.427000E-7	2.526432E-2
1.427500E-7	2.517867E-2
1.428000E-7	2.514270E-2
1.428500E-7	2.513585E-2
1.429000E-7	2.514955E-2
1.429500E-7	2.520608E-2
1.430000E-7	2.528830E-2
1.430500E-7	2.535339E-2
1.431000E-7	2.539622E-2
1.431500E-7	2.544589E-2
1.432000E-7	2.549214E-2
1.432500E-7	2.551955E-2
1.433000E-7	2.551784E-2
1.433500E-7	2.549728E-2
1.434000E-7	2.545103E-2
1.434500E-7	2.538423E-2
1.435000E-7	2.528830E-2
1.435500E-7	2.520094E-2
1.436000E-7	2.516668E-2
1.436500E-7	2.517696E-2
1.437000E-7	2.519409E-2
1.437500E-7	2.522664E-2
1.438000E-7	2.531400E-2
1.438500E-7	2.543904E-2
1.439000E-7	2.557608E-2
1.439500E-7	2.568742E-2
1.440000E-7	2.576279E-2
1.440500E-7	2.579020E-2
1.441000E-7	2.576793E-2
1.441500E-7	2.567543E-2
1.442000E-7	2.554524E-2
1.442500E-7	2.540307E-2
1.443000E-7	2.525404E-2
1.443500E-7	2.510673E-2
1.444000E-7	2.500224E-2
1.444500E-7	2.495599E-2
1.445000E-7	2.492858E-2
1.445500E-7	2.492858E-2
1.446000E-7	2.496798E-2
1.446500E-7	2.501423E-2
1.447000E-7	2.506391E-2
1.447500E-7	2.514270E-2
1.448000E-7	2.525918E-2
1.448500E-7	2.538594E-2
1.449000E-7	2.552126E-2
1.449500E-7	2.565145E-2
1.450000E-7	2.575422E-2
1.450500E-7	2.582617E-2
1.451000E-7	2.587927E-2
1.451500E-7	2.588955E-2
1.452000E-7	2.586557E-2
1.452500E-7	2.584672E-2
1.453000E-7	2.584844E-2
1.453500E-7	2.588098E-2
1.454000E-7	2.591695E-2
1.454500E-7	2.594607E-2
1.455000E-7	2.595978E-2
1.455500E-7	2.595978E-2
1.456000E-7	2.592894E-2
1.456500E-7	2.587242E-2
1.457000E-7	2.580904E-2
1.457500E-7	2.574052E-2
1.458000E-7	2.562918E-2
1.458500E-7	2.549043E-2
1.459000E-7	2.537566E-2
1.459500E-7	2.530201E-2
1.460000E-7	2.524719E-2
1.460500E-7	2.520951E-2
1.461000E-7	2.521807E-2
1.461500E-7	2.527974E-2
1.462000E-7	2.536025E-2
1.462500E-7	2.545617E-2
1.463000E-7	2.556923E-2
1.463500E-7	2.568228E-2
1.464000E-7	2.573881E-2
1.464500E-7	2.572853E-2
1.465000E-7	2.568399E-2
1.465500E-7	2.561548E-2
1.466000E-7	2.551270E-2
1.466500E-7	2.539793E-2
1.467000E-7	2.532941E-2
1.467500E-7	2.531057E-2
1.468000E-7	2.529001E-2
1.468500E-7	2.530714E-2
1.469000E-7	2.539793E-2
1.469500E-7	2.548700E-2
1.470000E-7	2.555038E-2
1.470500E-7	2.562918E-2
1.471000E-7	2.571483E-2
1.471500E-7	2.573538E-2
1.472000E-7	2.569598E-2
1.472500E-7	2.564631E-2
1.473000E-7	2.557436E-2
1.473500E-7	2.549043E-2
1.474000E-7	2.542362E-2
1.474500E-7	2.536881E-2
1.475000E-7	2.530372E-2
1.475500E-7	2.524719E-2
1.476000E-7	2.520094E-2
1.476500E-7	2.516154E-2
1.477000E-7	2.514099E-2
1.477500E-7	2.514441E-2
1.478000E-7	2.515298E-2
1.478500E-7	2.517011E-2
1.479000E-7	2.518895E-2
1.479500E-7	2.519409E-2
1.480000E-7	2.520265E-2
1.480500E-7	2.523520E-2
1.481000E-7	2.526089E-2
1.481500E-7	2.527117E-2
1.482000E-7	2.529515E-2
1.482500E-7	2.533798E-2
1.483000E-7	2.535511E-2
1.483500E-7	2.537052E-2
1.484000E-7	2.542876E-2
1.484500E-7	2.549214E-2
1.485000E-7	2.552983E-2
1.485500E-7	2.554867E-2
1.486000E-7	2.556580E-2
1.486500E-7	2.555038E-2
1.487000E-7	2.551612E-2
1.487500E-7	2.550071E-2
1.488000E-7	2.548529E-2
1.488500E-7	2.542876E-2
1.489000E-7	2.533455E-2
1.489500E-7	2.524376E-2
1.490000E-7	2.517011E-2
1.490500E-7	2.511529E-2
1.491000E-7	2.507418E-2
1.491500E-7	2.503650E-2
1.492000E-7	2.501937E-2
1.492500E-7	2.503992E-2
1.493000E-7	2.507761E-2
1.493500E-7	2.509303E-2
1.494000E-7	2.509645E-2
1.494500E-7	2.511015E-2
1.495000E-7	2.512215E-2
1.495500E-7	2.514099E-2
1.496000E-7	2.517696E-2
1.496500E-7	2.521807E-2
1.497000E-7	2.525404E-2
1.497500E-7	2.530543E-2
1.498000E-7	2.534825E-2
1.498500E-7	2.535168E-2
1.499000E-7	2.533284E-2
1.499500E-7	2.530029E-2
1.500000E-7	2.523691E-2
1.500500E-7	2.514441E-2
1.501000E-7	2.506733E-2
1.501500E-7	2.501252E-2
1.502000E-7	2.499196E-2
1.502500E-7	2.498511E-2
1.503000E-7	2.495256E-2
1.503500E-7	2.492002E-2
1.504000E-7	2.490117E-2
1.504500E-7	2.485835E-2
1.505000E-7	2.478812E-2
1.505500E-7	2.474016E-2
1.506000E-7	2.468534E-2
1.506500E-7	2.458599E-2
1.507000E-7	2.449692E-2
1.507500E-7	2.446095E-2
1.508000E-7	2.444210E-2
1.508500E-7	2.443868E-2
1.509000E-7	2.451747E-2
1.509500E-7	2.465280E-2
1.510000E-7	2.476414E-2
1.510500E-7	2.487034E-2
1.511000E-7	2.501594E-2
1.511500E-7	2.517182E-2
1.512000E-7	2.528659E-2
1.512500E-7	2.536025E-2
1.513000E-7	2.536196E-2
1.513500E-7	2.527631E-2
1.514000E-7	2.513242E-2
1.514500E-7	2.494571E-2
1.515000E-7	2.472474E-2
1.515500E-7	2.450377E-2
1.516000E-7	2.432391E-2
1.516500E-7	2.417660E-2
1.517000E-7	2.408410E-2
1.517500E-7	2.407553E-2
1.518000E-7	2.413035E-2
1.518500E-7	2.422113E-2
1.519000E-7	2.436160E-2
1.519500E-7	2.454488E-2
1.520000E-7	2.470247E-2
1.520500E-7	2.480525E-2
1.521000E-7	2.488233E-2
1.521500E-7	2.492858E-2
1.522000E-7	2.492516E-2
1.522500E-7	2.489261E-2
1.523000E-7	2.483951E-2
1.523500E-7	2.476243E-2
1.524000E-7	2.467507E-2
1.524500E-7	2.460141E-2
1.525000E-7	2.451405E-2
1.525500E-7	2.440442E-2
1.526000E-7	2.434960E-2
1.526500E-7	2.434789E-2
1.527000E-7	2.433590E-2
1.527500E-7	2.432220E-2
1.528000E-7	2.436160E-2
1.528500E-7	2.444553E-2
1.529000E-7	2.453803E-2
1.529500E-7	2.462025E-2
1.530000E-7	2.469733E-2
1.530500E-7	2.474187E-2
1.531000E-7	2.472988E-2
1.531500E-7	2.467849E-2
1.532000E-7	2.458771E-2
1.532500E-7	2.449692E-2
1.533000E-7	2.442840E-2
1.533500E-7	2.434789E-2
1.534000E-7	2.425882E-2
1.534500E-7	2.420743E-2
1.535000E-7	2.420058E-2
1.535500E-7	2.418859E-2
1.536000E-7	2.418174E-2
1.536500E-7	2.422627E-2
1.537000E-7	2.428965E-2
1.537500E-7	2.431021E-2
1.538000E-7	2.429308E-2
1.538500E-7	2.428280E-2
1.539000E-7	2.430507E-2
1.539500E-7	2.435646E-2
1.540000E-7	2.443868E-2
1.540500E-7	2.451747E-2
1.541000E-7	2.461169E-2
1.541500E-7	2.472988E-2
1.542000E-7	2.483094E-2
1.542500E-7	2.488405E-2
1.543000E-7	2.492858E-2
1.543500E-7	2.499025E-2
1.544000E-7	2.502793E-2
1.544500E-7	2.501423E-2
1.545000E-7	2.495942E-2
1.545500E-7	2.488918E-2
1.546000E-7	2.481724E-2
1.546500E-7	2.474358E-2
1.547000E-7	2.466136E-2
1.547500E-7	2.456372E-2
1.548000E-7	2.446780E-2
1.548500E-7	2.438729E-2
1.549000E-7	2.428965E-2
1.549500E-7	2.417660E-2
1.550000E-7	2.408752E-2
1.550500E-7	2.399845E-2
1.551000E-7	2.391280E-2
1.551500E-7	2.383229E-2
1.552000E-7	2.377234E-2
1.552500E-7	2.373294E-2
1.553000E-7	2.372267E-2
1.553500E-7	2.373123E-2
1.554000E-7	2.375521E-2
1.554500E-7	2.380831E-2
1.555000E-7	2.389225E-2
1.555500E-7	2.398646E-2
1.556000E-7	2.407896E-2
1.556500E-7	2.418516E-2
1.557000E-7	2.428109E-2
1.557500E-7	2.431877E-2
1.558000E-7	2.429136E-2
1.558500E-7	2.424169E-2
1.559000E-7	2.420229E-2
1.559500E-7	2.416289E-2
1.560000E-7	2.411664E-2
1.560500E-7	2.407211E-2
1.561000E-7	2.406012E-2
1.561500E-7	2.407725E-2
1.562000E-7	2.409609E-2
1.562500E-7	2.410979E-2
1.563000E-7	2.414405E-2
1.563500E-7	2.420572E-2
1.564000E-7	2.423312E-2
1.564500E-7	2.422285E-2
1.565000E-7	2.421771E-2
1.565500E-7	2.421599E-2
1.566000E-7	2.420400E-2
1.566500E-7	2.420572E-2
1.567000E-7	2.423484E-2
1.567500E-7	2.426738E-2
1.568000E-7	2.429650E-2
1.568500E-7	2.432905E-2
1.569000E-7	2.435132E-2
1.569500E-7	2.433761E-2
1.570000E-7	2.428451E-2
1.570500E-7	2.421599E-2
1.571000E-7	2.414063E-2
1.571500E-7	2.407725E-2
1.572000E-7	2.401729E-2
1.572500E-7	2.394706E-2
1.573000E-7	2.390766E-2
1.573500E-7	2.392651E-2
1.574000E-7	2.393678E-2
1.574500E-7	2.390595E-2
1.575000E-7	2.390766E-2
1.575500E-7	2.394021E-2
1.576000E-7	2.392993E-2
1.576500E-7	2.386998E-2
1.577000E-7	2.380489E-2
1.577500E-7	2.372267E-2
1.578000E-7	2.362845E-2
1.578500E-7	2.357706E-2
1.579000E-7	2.356336E-2
1.579500E-7	2.356165E-2
1.580000E-7	2.358906E-2
1.580500E-7	2.367642E-2
1.581000E-7	2.380831E-2
1.581500E-7	2.397789E-2
1.582000E-7	2.415604E-2
1.582500E-7	2.431535E-2
1.583000E-7	2.444039E-2
1.583500E-7	2.453460E-2
1.584000E-7	2.457058E-2
1.584500E-7	2.453974E-2
1.585000E-7	2.444724E-2
1.585500E-7	2.430678E-2
1.586000E-7	2.411493E-2
1.586500E-7	2.390424E-2
1.587000E-7	2.367813E-2
1.587500E-7	2.345202E-2
1.588000E-7	2.327559E-2
1.588500E-7	2.317110E-2
1.589000E-7	2.310772E-2
1.589500E-7	2.307346E-2
1.590000E-7	2.307003E-2
1.590500E-7	2.310600E-2
1.591000E-7	2.317452E-2
1.591500E-7	2.328244E-2
1.592000E-7	2.340577E-2
1.592500E-7	2.351882E-2
1.593000E-7	2.362160E-2
1.593500E-7	2.370040E-2
1.594000E-7	2.374151E-2
1.594500E-7	2.376206E-2
1.595000E-7	2.380660E-2
1.595500E-7	2.386655E-2
1.596000E-7	2.390938E-2
1.596500E-7	2.392822E-2
1.597000E-7	2.395220E-2
1.597500E-7	2.397104E-2
1.598000E-7	2.397447E-2
1.598500E-7	2.396933E-2
1.599000E-7	2.395391E-2
1.599500E-7	2.394021E-2
1.600000E-7	2.394192E-2
1.600500E-7	2.396933E-2
1.601000E-7	2.401215E-2
1.601500E-7	2.406183E-2
1.602000E-7	2.411493E-2
1.602500E-7	2.416461E-2
1.603000E-7	2.420743E-2
1.603500E-7	2.425368E-2
1.604000E-7	2.428451E-2
1.604500E-7	2.428965E-2
1.605000E-7	2.428451E-2
1.605500E-7	2.425711E-2
1.606000E-7	2.421086E-2
1.606500E-7	2.415775E-2
1.607000E-7	2.412692E-2
1.607500E-7	2.412521E-2
1.608000E-7	2.413377E-2
1.608500E-7	2.413549E-2
1.609000E-7	2.412863E-2
1.609500E-7	2.412521E-2
1.610000E-7	2.414405E-2
1.610500E-7	2.416118E-2
1.611000E-7	2.418002E-2
1.611500E-7	2.420058E-2
1.612000E-7	2.421599E-2
1.612500E-7	2.420058E-2
1.613000E-7	2.415262E-2
1.613500E-7	2.408924E-2
1.614000E-7	2.402072E-2
1.614500E-7	2.394706E-2
1.615000E-7	2.386313E-2
1.615500E-7	2.377577E-2
1.616000E-7	2.370554E-2
1.616500E-7	2.366614E-2
1.617000E-7	2.364558E-2
1.617500E-7	2.363530E-2
1.618000E-7	2.364044E-2
1.618500E-7	2.367128E-2
1.619000E-7	2.374322E-2
1.619500E-7	2.382887E-2
1.620000E-7	2.391965E-2
1.620500E-7	2.401215E-2
1.621000E-7	2.410294E-2
1.621500E-7	2.418516E-2
1.622000E-7	2.426910E-2
1.622500E-7	2.435303E-2
1.623000E-7	2.440785E-2
1.623500E-7	2.444382E-2
1.624000E-7	2.448150E-2
1.624500E-7	2.451747E-2
1.625000E-7	2.450720E-2
1.625500E-7	2.447979E-2
1.626000E-7	2.444896E-2
1.626500E-7	2.438900E-2
1.627000E-7	2.429650E-2
1.627500E-7	2.419201E-2
1.628000E-7	2.405155E-2
1.628500E-7	2.388368E-2
1.629000E-7	2.373637E-2
1.629500E-7	2.359591E-2
1.630000E-7	2.344003E-2
1.630500E-7	2.328244E-2
1.631000E-7	2.317110E-2
1.631500E-7	2.309401E-2
1.632000E-7	2.305461E-2
1.632500E-7	2.306147E-2
1.633000E-7	2.312998E-2
1.633500E-7	2.324475E-2
1.634000E-7	2.339720E-2
1.634500E-7	2.356165E-2
1.635000E-7	2.372095E-2
1.635500E-7	2.386313E-2
1.636000E-7	2.398475E-2
1.636500E-7	2.408238E-2
1.637000E-7	2.413377E-2
1.637500E-7	2.413377E-2
1.638000E-7	2.412863E-2
1.638500E-7	2.414063E-2
1.639000E-7	2.413720E-2
1.639500E-7	2.410979E-2
1.640000E-7	2.409438E-2
1.640500E-7	2.408924E-2
1.641000E-7	2.407382E-2
1.641500E-7	2.404984E-2
1.642000E-7	2.402072E-2
1.642500E-7	2.397789E-2
1.643000E-7	2.392993E-2
1.643500E-7	2.390938E-2
1.644000E-7	2.390424E-2
1.644500E-7	2.391623E-2
1.645000E-7	2.393165E-2
1.645500E-7	2.392822E-2
1.646000E-7	2.389739E-2
1.646500E-7	2.385628E-2
1.647000E-7	2.380831E-2
1.647500E-7	2.374322E-2
1.648000E-7	2.365243E-2
1.648500E-7	2.357021E-2
1.649000E-7	2.351711E-2
1.649500E-7	2.347429E-2
1.650000E-7	2.342461E-2
1.650500E-7	2.339378E-2
1.651000E-7	2.337151E-2
1.651500E-7	2.334924E-2
1.652000E-7	2.334753E-2
1.652500E-7	2.337322E-2
1.653000E-7	2.340063E-2
1.653500E-7	2.342461E-2
1.654000E-7	2.348114E-2
1.654500E-7	2.357364E-2
1.655000E-7	2.365929E-2
1.655500E-7	2.372609E-2
1.656000E-7	2.378776E-2
1.656500E-7	2.382887E-2
1.657000E-7	2.382373E-2
1.657500E-7	2.379118E-2
1.658000E-7	2.374836E-2
1.658500E-7	2.368498E-2
1.659000E-7	2.358563E-2
1.659500E-7	2.349142E-2
1.660000E-7	2.340063E-2
1.660500E-7	2.327730E-2
1.661000E-7	2.315225E-2
1.661500E-7	2.306489E-2
1.662000E-7	2.301350E-2
1.662500E-7	2.295526E-2
1.663000E-7	2.289188E-2
1.663500E-7	2.285249E-2
1.664000E-7	2.285249E-2
1.664500E-7	2.290045E-2
1.665000E-7	2.298096E-2
1.665500E-7	2.304948E-2
1.666000E-7	2.311628E-2
1.666500E-7	2.321906E-2
1.667000E-7	2.331156E-2
1.667500E-7	2.336637E-2
1.668000E-7	2.342290E-2
1.668500E-7	2.346572E-2
1.669000E-7	2.343660E-2
1.669500E-7	2.335952E-2
1.670000E-7	2.329100E-2
1.670500E-7	2.324475E-2
1.671000E-7	2.321049E-2
1.671500E-7	2.319679E-2
1.672000E-7	2.319850E-2
1.672500E-7	2.324647E-2
1.673000E-7	2.333383E-2
1.673500E-7	2.339720E-2
1.674000E-7	2.343146E-2
1.674500E-7	2.348799E-2
1.675000E-7	2.354452E-2
1.675500E-7	2.355308E-2
1.676000E-7	2.354109E-2
1.676500E-7	2.355308E-2
1.677000E-7	2.357021E-2
1.677500E-7	2.357021E-2
1.678000E-7	2.358049E-2
1.678500E-7	2.359933E-2
1.679000E-7	2.361989E-2
1.679500E-7	2.365929E-2
1.680000E-7	2.369355E-2
1.680500E-7	2.367642E-2
1.681000E-7	2.359591E-2
1.681500E-7	2.348114E-2
1.682000E-7	2.333896E-2
1.682500E-7	2.319165E-2
1.683000E-7	2.306318E-2
1.683500E-7	2.295698E-2
1.684000E-7	2.286448E-2
1.684500E-7	2.280624E-2
1.685000E-7	2.279939E-2
1.685500E-7	2.284392E-2
1.686000E-7	2.291587E-2
1.686500E-7	2.300151E-2
1.687000E-7	2.311457E-2
1.687500E-7	2.324304E-2
1.688000E-7	2.333896E-2
1.688500E-7	2.339207E-2
1.689000E-7	2.340063E-2
1.689500E-7	2.335438E-2
1.690000E-7	2.326188E-2
1.690500E-7	2.315739E-2
1.691000E-7	2.304948E-2
1.691500E-7	2.293642E-2
1.692000E-7	2.284050E-2
1.692500E-7	2.278054E-2
1.693000E-7	2.273772E-2
1.693500E-7	2.270860E-2
1.694000E-7	2.273258E-2
1.694500E-7	2.280452E-2
1.695000E-7	2.287133E-2
1.695500E-7	2.289874E-2
1.696000E-7	2.291244E-2
1.696500E-7	2.292272E-2
1.697000E-7	2.291073E-2
1.697500E-7	2.286105E-2
1.698000E-7	2.277712E-2
1.698500E-7	2.269147E-2
1.699000E-7	2.263152E-2
1.699500E-7	2.260068E-2
1.700000E-7	2.261439E-2
1.700500E-7	2.268290E-2
1.701000E-7	2.280452E-2
1.701500E-7	2.294670E-2
1.702000E-7	2.311628E-2
1.702500E-7	2.331156E-2
1.703000E-7	2.346744E-2
1.703500E-7	2.355822E-2
1.704000E-7	2.362160E-2
1.704500E-7	2.367642E-2
1.705000E-7	2.367813E-2
1.705500E-7	2.362674E-2
1.706000E-7	2.356165E-2
1.706500E-7	2.350512E-2
1.707000E-7	2.342119E-2
1.707500E-7	2.330984E-2
1.708000E-7	2.319165E-2
1.708500E-7	2.306147E-2
1.709000E-7	2.292786E-2
1.709500E-7	2.281651E-2
1.710000E-7	2.272573E-2
1.710500E-7	2.265892E-2
1.711000E-7	2.262466E-2
1.711500E-7	2.263323E-2
1.712000E-7	2.268290E-2
1.712500E-7	2.276855E-2
1.713000E-7	2.289188E-2
1.713500E-7	2.305119E-2
1.714000E-7	2.322591E-2
1.714500E-7	2.340063E-2
1.715000E-7	2.355480E-2
1.715500E-7	2.367128E-2
1.716000E-7	2.374322E-2
1.716500E-7	2.374493E-2
1.717000E-7	2.367813E-2
1.717500E-7	2.356850E-2
1.718000E-7	2.345373E-2
1.718500E-7	2.333896E-2
1.719000E-7	2.323105E-2
1.719500E-7	2.313170E-2
1.720000E-7	2.306489E-2
1.720500E-7	2.303235E-2
1.721000E-7	2.302721E-2
1.721500E-7	2.303235E-2
1.722000E-7	2.305461E-2
1.722500E-7	2.310943E-2
1.723000E-7	2.318309E-2
1.723500E-7	2.323447E-2
1.724000E-7	2.324989E-2
1.724500E-7	2.326531E-2
1.725000E-7	2.330299E-2
1.725500E-7	2.333896E-2
1.726000E-7	2.333725E-2
1.726500E-7	2.330471E-2
1.727000E-7	2.328929E-2
1.727500E-7	2.327216E-2
1.728000E-7	2.322934E-2
1.728500E-7	2.317795E-2
1.729000E-7	2.313684E-2
1.729500E-7	2.309230E-2
1.730000E-7	2.301522E-2
1.730500E-7	2.291073E-2
1.731000E-7	2.280452E-2
1.731500E-7	2.268462E-2
1.732000E-7	2.255272E-2
1.732500E-7	2.243453E-2
1.733000E-7	2.236601E-2
1.733500E-7	2.234203E-2
1.734000E-7	2.235231E-2
1.734500E-7	2.240198E-2
1.735000E-7	2.247564E-2
1.735500E-7	2.256985E-2
1.736000E-7	2.266406E-2
1.736500E-7	2.276341E-2
1.737000E-7	2.284735E-2
1.737500E-7	2.292100E-2
1.738000E-7	2.296383E-2
1.738500E-7	2.295526E-2
1.739000E-7	2.291244E-2
1.739500E-7	2.284735E-2
1.740000E-7	2.272402E-2
1.740500E-7	2.257156E-2
1.741000E-7	2.242596E-2
1.741500E-7	2.231291E-2
1.742000E-7	2.221698E-2
1.742500E-7	2.215532E-2
1.743000E-7	2.212106E-2
1.743500E-7	2.210221E-2
1.744000E-7	2.209365E-2
1.744500E-7	2.209536E-2
1.745000E-7	2.211078E-2
1.745500E-7	2.214161E-2
1.746000E-7	2.217416E-2
1.746500E-7	2.221870E-2
1.747000E-7	2.228550E-2
1.747500E-7	2.235402E-2
1.748000E-7	2.240712E-2
1.748500E-7	2.246022E-2
1.749000E-7	2.253216E-2
1.749500E-7	2.261953E-2
1.750000E-7	2.272059E-2
1.750500E-7	2.282679E-2
1.751000E-7	2.291244E-2
1.751500E-7	2.298096E-2
1.752000E-7	2.304091E-2
1.752500E-7	2.308373E-2
1.753000E-7	2.310429E-2
1.753500E-7	2.312998E-2
1.754000E-7	2.316082E-2
1.754500E-7	2.317110E-2
1.755000E-7	2.315739E-2
1.755500E-7	2.311971E-2
1.756000E-7	2.304948E-2
1.756500E-7	2.296040E-2
1.757000E-7	2.286619E-2
1.757500E-7	2.275656E-2
1.758000E-7	2.263323E-2
1.758500E-7	2.252189E-2
1.759000E-7	2.244138E-2
1.759500E-7	2.241055E-2
1.760000E-7	2.242425E-2
1.760500E-7	2.247050E-2
1.761000E-7	2.254758E-2
1.761500E-7	2.267434E-2
1.762000E-7	2.279939E-2
1.762500E-7	2.288846E-2
1.763000E-7	2.296212E-2
1.763500E-7	2.304091E-2
1.764000E-7	2.307688E-2
1.764500E-7	2.306832E-2
1.765000E-7	2.304605E-2
1.765500E-7	2.301864E-2
1.766000E-7	2.297239E-2
1.766500E-7	2.291758E-2
1.767000E-7	2.285249E-2
1.767500E-7	2.278568E-2
1.768000E-7	2.274114E-2
1.768500E-7	2.272059E-2
1.769000E-7	2.270689E-2
1.769500E-7	2.271888E-2
1.770000E-7	2.274800E-2
1.770500E-7	2.275142E-2
1.771000E-7	2.272915E-2
1.771500E-7	2.267605E-2
1.772000E-7	2.258355E-2
1.772500E-7	2.248420E-2
1.773000E-7	2.241397E-2
1.773500E-7	2.232832E-2
1.774000E-7	2.222383E-2
1.774500E-7	2.214504E-2
1.775000E-7	2.210221E-2
1.775500E-7	2.206453E-2
1.776000E-7	2.205596E-2
1.776500E-7	2.210393E-2
1.777000E-7	2.217930E-2
1.777500E-7	2.229235E-2
1.778000E-7	2.244480E-2
1.778500E-7	2.259554E-2
1.779000E-7	2.270346E-2
1.779500E-7	2.279596E-2
1.780000E-7	2.286276E-2
1.780500E-7	2.288161E-2
1.781000E-7	2.287989E-2
1.781500E-7	2.287818E-2
1.782000E-7	2.285763E-2
1.782500E-7	2.281651E-2
1.783000E-7	2.278911E-2
1.783500E-7	2.276513E-2
1.784000E-7	2.273943E-2
1.784500E-7	2.271031E-2
1.785000E-7	2.269318E-2
1.785500E-7	2.268290E-2
1.786000E-7	2.268462E-2
1.786500E-7	2.270860E-2
1.787000E-7	2.274971E-2
1.787500E-7	2.279767E-2
1.788000E-7	2.284392E-2
1.788500E-7	2.289017E-2
1.789000E-7	2.293300E-2
1.789500E-7	2.298952E-2
1.790000E-7	2.303577E-2
1.790500E-7	2.303920E-2
1.791000E-7	2.298610E-2
1.791500E-7	2.291758E-2
1.792000E-7	2.283364E-2
1.792500E-7	2.272059E-2
1.793000E-7	2.259897E-2
1.793500E-7	2.247221E-2
1.794000E-7	2.235916E-2
1.794500E-7	2.228550E-2
1.795000E-7	2.224096E-2
1.795500E-7	2.222726E-2
1.796000E-7	2.226494E-2
1.796500E-7	2.233518E-2
1.797000E-7	2.240541E-2
1.797500E-7	2.246536E-2
1.798000E-7	2.252531E-2
1.798500E-7	2.259212E-2
1.799000E-7	2.267605E-2
1.799500E-7	2.275656E-2
1.800000E-7	2.277883E-2
1.800500E-7	2.273087E-2
1.801000E-7	2.266235E-2
1.801500E-7	2.256129E-2
1.802000E-7	2.240883E-2
1.802500E-7	2.224610E-2
1.803000E-7	2.211078E-2
1.803500E-7	2.198060E-2
1.804000E-7	2.184527E-2
1.804500E-7	2.170481E-2
1.805000E-7	2.157976E-2
1.805500E-7	2.149583E-2
1.806000E-7	2.145472E-2
1.806500E-7	2.143588E-2
1.807000E-7	2.143245E-2
1.807500E-7	2.145643E-2
1.808000E-7	2.150611E-2
1.808500E-7	2.156606E-2
1.809000E-7	2.163972E-2
1.809500E-7	2.175106E-2
1.810000E-7	2.187782E-2
1.810500E-7	2.198060E-2
1.811000E-7	2.206624E-2
1.811500E-7	2.213305E-2
1.812000E-7	2.220157E-2
1.812500E-7	2.227008E-2
1.813000E-7	2.233175E-2
1.813500E-7	2.234545E-2
1.814000E-7	2.230434E-2
1.814500E-7	2.223411E-2
1.815000E-7	2.213819E-2
1.815500E-7	2.202513E-2
1.816000E-7	2.194291E-2
1.816500E-7	2.191550E-2
1.817000E-7	2.189152E-2
1.817500E-7	2.186925E-2
1.818000E-7	2.191379E-2
1.818500E-7	2.199601E-2
1.819000E-7	2.206453E-2
1.819500E-7	2.213476E-2
1.820000E-7	2.221184E-2
1.820500E-7	2.227180E-2
1.821000E-7	2.230606E-2
1.821500E-7	2.234203E-2
1.822000E-7	2.237457E-2
1.822500E-7	2.237286E-2
1.823000E-7	2.235744E-2
1.823500E-7	2.234545E-2
1.824000E-7	2.233175E-2
1.824500E-7	2.232661E-2
1.825000E-7	2.232147E-2
1.825500E-7	2.233689E-2
1.826000E-7	2.237629E-2
1.826500E-7	2.244480E-2
1.827000E-7	2.250476E-2
1.827500E-7	2.252531E-2
1.828000E-7	2.253216E-2
1.828500E-7	2.253902E-2
1.829000E-7	2.254244E-2
1.829500E-7	2.254073E-2
1.830000E-7	2.253216E-2
1.830500E-7	2.251332E-2
1.831000E-7	2.246707E-2
1.831500E-7	2.239342E-2
1.832000E-7	2.228550E-2
1.832500E-7	2.216045E-2
1.833000E-7	2.202342E-2
1.833500E-7	2.187611E-2
1.834000E-7	2.172023E-2
1.834500E-7	2.158319E-2
1.835000E-7	2.147185E-2
1.835500E-7	2.139134E-2
1.836000E-7	2.134338E-2
1.836500E-7	2.133310E-2
1.837000E-7	2.135708E-2
1.837500E-7	2.139134E-2
1.838000E-7	2.143759E-2
1.838500E-7	2.151296E-2
1.839000E-7	2.159861E-2
1.839500E-7	2.169453E-2
1.840000E-7	2.181101E-2
1.840500E-7	2.194462E-2
1.841000E-7	2.207823E-2
1.841500E-7	2.219814E-2
1.842000E-7	2.229749E-2
1.842500E-7	2.235573E-2
1.843000E-7	2.237800E-2
1.843500E-7	2.239855E-2
1.844000E-7	2.239855E-2
1.844500E-7	2.235059E-2
1.845000E-7	2.227694E-2
1.845500E-7	2.217930E-2
1.846000E-7	2.206110E-2
1.846500E-7	2.194291E-2
1.847000E-7	2.187953E-2
1.847500E-7	2.185898E-2
1.848000E-7	2.183499E-2
1.848500E-7	2.182472E-2
1.849000E-7	2.186069E-2
1.849500E-7	2.190180E-2
1.850000E-7	2.191893E-2
1.850500E-7	2.193263E-2
1.851000E-7	2.193606E-2
1.851500E-7	2.190351E-2
1.852000E-7	2.183499E-2
1.852500E-7	2.174078E-2
1.853000E-7	2.162601E-2
1.853500E-7	2.151296E-2
1.854000E-7	2.142731E-2
1.854500E-7	2.134852E-2
1.855000E-7	2.128685E-2
1.855500E-7	2.127829E-2
1.856000E-7	2.129884E-2
1.856500E-7	2.133481E-2
1.857000E-7	2.141703E-2
1.857500E-7	2.152666E-2
1.858000E-7	2.162601E-2
1.858500E-7	2.171851E-2
1.859000E-7	2.181615E-2
1.859500E-7	2.189152E-2
1.860000E-7	2.192921E-2
1.860500E-7	2.195661E-2
1.861000E-7	2.196347E-2
1.861500E-7	2.192921E-2
1.862000E-7	2.185555E-2
1.862500E-7	2.175791E-2
1.863000E-7	2.165513E-2
1.863500E-7	2.156264E-2
1.864000E-7	2.148213E-2
1.864500E-7	2.142903E-2
1.865000E-7	2.144787E-2
1.865500E-7	2.153694E-2
1.866000E-7	2.166199E-2
1.866500E-7	2.179902E-2
1.867000E-7	2.196175E-2
1.867500E-7	2.212277E-2
1.868000E-7	2.223582E-2
1.868500E-7	2.229578E-2
1.869000E-7	2.233689E-2
1.869500E-7	2.232147E-2
1.870000E-7	2.222041E-2
1.870500E-7	2.206453E-2
1.871000E-7	2.188124E-2
1.871500E-7	2.167055E-2
1.872000E-7	2.145643E-2
1.872500E-7	2.128171E-2
1.873000E-7	2.116352E-2
1.873500E-7	2.108986E-2
1.874000E-7	2.108815E-2
1.874500E-7	2.113954E-2
1.875000E-7	2.119093E-2
1.875500E-7	2.122518E-2
1.876000E-7	2.126116E-2
1.876500E-7	2.131597E-2
1.877000E-7	2.139819E-2
1.877500E-7	2.151981E-2
1.878000E-7	2.166541E-2
1.878500E-7	2.179388E-2
1.879000E-7	2.189837E-2
1.879500E-7	2.197888E-2
1.880000E-7	2.203712E-2
1.880500E-7	2.207309E-2
1.881000E-7	2.210221E-2
1.881500E-7	2.210735E-2
1.882000E-7	2.206796E-2
1.882500E-7	2.198916E-2
1.883000E-7	2.189666E-2
1.883500E-7	2.179560E-2
1.884000E-7	2.168597E-2
1.884500E-7	2.157120E-2
1.885000E-7	2.146157E-2
1.885500E-7	2.137935E-2
1.886000E-7	2.135879E-2
1.886500E-7	2.138963E-2
1.887000E-7	2.143416E-2
1.887500E-7	2.148898E-2
1.888000E-7	2.156777E-2
1.888500E-7	2.165342E-2
1.889000E-7	2.173564E-2
1.889500E-7	2.180416E-2
1.890000E-7	2.185898E-2
1.890500E-7	2.189152E-2
1.891000E-7	2.193263E-2
1.891500E-7	2.194462E-2
1.892000E-7	2.188981E-2
1.892500E-7	2.179731E-2
1.893000E-7	2.170138E-2
1.893500E-7	2.159004E-2
1.894000E-7	2.146157E-2
1.894500E-7	2.134680E-2
1.895000E-7	2.123889E-2
1.895500E-7	2.113097E-2
1.896000E-7	2.104875E-2
1.896500E-7	2.101449E-2
1.897000E-7	2.101963E-2
1.897500E-7	2.105903E-2
1.898000E-7	2.113268E-2
1.898500E-7	2.123375E-2
1.899000E-7	2.135194E-2
1.899500E-7	2.145986E-2
1.900000E-7	2.154893E-2
1.900500E-7	2.162773E-2
1.901000E-7	2.170138E-2
1.901500E-7	2.174763E-2
1.902000E-7	2.176476E-2
1.902500E-7	2.174249E-2
1.903000E-7	2.169282E-2
1.903500E-7	2.161574E-2
1.904000E-7	2.152838E-2
1.904500E-7	2.143416E-2
1.905000E-7	2.133481E-2
1.905500E-7	2.125944E-2
1.906000E-7	2.120634E-2
1.906500E-7	2.117551E-2
1.907000E-7	2.117380E-2
1.907500E-7	2.120120E-2
1.908000E-7	2.125088E-2
1.908500E-7	2.132282E-2
1.909000E-7	2.138791E-2
1.909500E-7	2.142217E-2
1.910000E-7	2.143588E-2
1.910500E-7	2.146328E-2
1.911000E-7	2.149412E-2
1.911500E-7	2.151639E-2
1.912000E-7	2.154208E-2
1.912500E-7	2.153865E-2
1.913000E-7	2.148213E-2
1.913500E-7	2.141875E-2
1.914000E-7	2.137764E-2
1.914500E-7	2.133310E-2
1.915000E-7	2.127143E-2
1.915500E-7	2.123375E-2
1.916000E-7	2.122518E-2
1.916500E-7	2.121662E-2
1.917000E-7	2.121491E-2
1.917500E-7	2.123717E-2
1.918000E-7	2.126629E-2
1.918500E-7	2.129542E-2
1.919000E-7	2.134338E-2
1.919500E-7	2.138106E-2
1.920000E-7	2.138963E-2
1.920500E-7	2.138620E-2
1.921000E-7	2.136565E-2
1.921500E-7	2.131768E-2
1.922000E-7	2.124403E-2
1.922500E-7	2.114468E-2
1.923000E-7	2.104019E-2
1.923500E-7	2.097681E-2
1.924000E-7	2.093227E-2
1.924500E-7	2.087746E-2
1.925000E-7	2.082435E-2
1.925500E-7	2.079866E-2
1.926000E-7	2.078667E-2
1.926500E-7	2.078496E-2
1.927000E-7	2.082093E-2
1.927500E-7	2.086546E-2
1.928000E-7	2.088773E-2
1.928500E-7	2.090829E-2
1.929000E-7	2.093912E-2
1.929500E-7	2.094426E-2
1.930000E-7	2.093398E-2
1.930500E-7	2.095282E-2
1.931000E-7	2.098195E-2
1.931500E-7	2.099565E-2
1.932000E-7	2.100421E-2
1.932500E-7	2.101278E-2
1.933000E-7	2.099736E-2
1.933500E-7	2.094083E-2
1.934000E-7	2.088259E-2
1.934500E-7	2.086033E-2
1.935000E-7	2.084320E-2
1.935500E-7	2.080209E-2
1.936000E-7	2.077297E-2
1.936500E-7	2.079866E-2
1.937000E-7	2.085690E-2
1.937500E-7	2.090315E-2
1.938000E-7	2.093912E-2
1.938500E-7	2.098537E-2
1.939000E-7	2.101107E-2
1.939500E-7	2.100079E-2
1.940000E-7	2.097681E-2
1.940500E-7	2.094597E-2
1.941000E-7	2.090658E-2
1.941500E-7	2.085861E-2
1.942000E-7	2.084662E-2
1.942500E-7	2.090658E-2
1.943000E-7	2.099736E-2
1.943500E-7	2.107444E-2
1.944000E-7	2.117722E-2
1.944500E-7	2.134338E-2
1.945000E-7	2.154208E-2
1.945500E-7	2.169796E-2
1.946000E-7	2.179560E-2
1.946500E-7	2.185555E-2
1.947000E-7	2.188296E-2
1.947500E-7	2.184870E-2
1.948000E-7	2.175962E-2
1.948500E-7	2.164143E-2
1.949000E-7	2.151639E-2
1.949500E-7	2.139648E-2
1.950000E-7	2.128342E-2
1.950500E-7	2.118407E-2
1.951000E-7	2.108986E-2
1.951500E-7	2.101792E-2
1.952000E-7	2.096995E-2
1.952500E-7	2.092370E-2
1.953000E-7	2.087403E-2
1.953500E-7	2.083463E-2
1.954000E-7	2.080209E-2
1.954500E-7	2.074898E-2
1.955000E-7	2.068389E-2
1.955500E-7	2.063764E-2
1.956000E-7	2.062565E-2
1.956500E-7	2.063422E-2
1.957000E-7	2.065820E-2
1.957500E-7	2.071301E-2
1.958000E-7	2.081408E-2
1.958500E-7	2.092884E-2
1.959000E-7	2.103505E-2
1.959500E-7	2.114296E-2
1.960000E-7	2.125259E-2
1.960500E-7	2.132111E-2
1.961000E-7	2.131940E-2
1.961500E-7	2.125944E-2
1.962000E-7	2.116180E-2
1.962500E-7	2.104532E-2
1.963000E-7	2.094255E-2
1.963500E-7	2.085519E-2
1.964000E-7	2.076783E-2
1.964500E-7	2.067533E-2
1.965000E-7	2.061366E-2
1.965500E-7	2.058968E-2
1.966000E-7	2.057255E-2
1.966500E-7	2.057426E-2
1.967000E-7	2.061366E-2
1.967500E-7	2.067704E-2
1.968000E-7	2.073014E-2
1.968500E-7	2.076783E-2
1.969000E-7	2.081579E-2
1.969500E-7	2.086546E-2
1.970000E-7	2.090486E-2
1.970500E-7	2.092713E-2
1.971000E-7	2.092199E-2
1.971500E-7	2.090315E-2
1.972000E-7	2.088431E-2
1.972500E-7	2.086375E-2
1.973000E-7	2.082778E-2
1.973500E-7	2.078838E-2
1.974000E-7	2.074385E-2
1.974500E-7	2.072158E-2
1.975000E-7	2.074213E-2
1.975500E-7	2.080551E-2
1.976000E-7	2.085861E-2
1.976500E-7	2.090315E-2
1.977000E-7	2.095796E-2
1.977500E-7	2.101963E-2
1.978000E-7	2.104875E-2
1.978500E-7	2.105218E-2
1.979000E-7	2.104361E-2
1.979500E-7	2.100593E-2
1.980000E-7	2.093056E-2
1.980500E-7	2.084148E-2
1.981000E-7	2.074213E-2
1.981500E-7	2.063936E-2
1.982000E-7	2.054857E-2
1.982500E-7	2.048519E-2
1.983000E-7	2.042524E-2
1.983500E-7	2.036528E-2
1.984000E-7	2.031218E-2
1.984500E-7	2.027621E-2
1.985000E-7	2.026422E-2
1.985500E-7	2.026936E-2
1.986000E-7	2.028135E-2
1.986500E-7	2.030190E-2
1.987000E-7	2.034815E-2
1.987500E-7	2.041838E-2
1.988000E-7	2.048862E-2
1.988500E-7	2.057084E-2
1.989000E-7	2.068560E-2
1.989500E-7	2.081065E-2
1.990000E-7	2.092028E-2
1.990500E-7	2.101963E-2
1.991000E-7	2.110528E-2
1.991500E-7	2.115667E-2
1.992000E-7	2.118065E-2
1.992500E-7	2.119435E-2
1.993000E-7	2.117037E-2
1.993500E-7	2.109843E-2
1.994000E-7	2.101792E-2
1.994500E-7	2.093398E-2
1.995000E-7	2.082607E-2
1.995500E-7	2.072329E-2
1.996000E-7	2.065648E-2
1.996500E-7	2.061023E-2
1.997000E-7	2.057940E-2
1.997500E-7	2.059311E-2
1.998000E-7	2.062736E-2
1.998500E-7	2.064963E-2
1.999000E-7	2.068218E-2
1.999500E-7	2.073871E-2
2.000000E-7	2.080209E-2
