Study Name	PremaTech_CVD_SiC_HeandSi
Sample Name	2025-10-31
Run Name	spot04
Operator	Keshav
Date	10/31/2025
Time	17:43
Sign	FIX
Grating Spacing	06.40um
Channel	3
Number Traces	10000
Files in Batch	1
Batch Number	86
dt	50.000001E-12
time stamp (ms)	7:16:10 PM
	
Time	Amplitude
0.000000E+0	2.655272E-4
5.000000E-11	3.374711E-4
1.000000E-10	3.871467E-4
1.500000E-10	4.299704E-4
2.000000E-10	4.608035E-4
2.500000E-10	4.608035E-4
3.000000E-10	4.059891E-4
3.500000E-10	3.134898E-4
4.000000E-10	2.124258E-4
4.500000E-10	1.045099E-4
5.000000E-10	-2.396134E-5
5.500000E-10	-1.421549E-4
6.000000E-10	-2.243765E-4
6.500000E-10	-2.791909E-4
7.000000E-10	-3.151629E-4
7.500000E-10	-3.117370E-4
8.000000E-10	-2.654873E-4
8.500000E-10	-2.055340E-4
9.000000E-10	-1.455808E-4
9.500000E-10	-7.534984E-5
1.000000E-9	-5.118892E-6
1.050000E-9	5.997321E-5
1.100000E-9	9.423221E-5
1.150000E-9	9.594516E-5
1.200000E-9	6.168616E-5
1.250000E-9	1.029766E-5
1.300000E-9	-4.451674E-5
1.350000E-9	-9.761820E-5
1.400000E-9	-1.387290E-4
1.450000E-9	-1.387290E-4
1.500000E-9	-1.027570E-4
1.550000E-9	-5.308149E-5
1.600000E-9	5.158808E-6
1.650000E-9	7.196386E-5
1.700000E-9	1.113617E-4
1.750000E-9	1.319171E-4
1.800000E-9	1.610373E-4
1.850000E-9	1.764538E-4
1.900000E-9	1.524725E-4
1.950000E-9	1.199265E-4
2.000000E-9	9.594516E-5
2.050000E-9	6.511206E-5
2.100000E-9	3.941781E-5
2.150000E-9	4.284371E-5
2.200000E-9	6.853796E-5
2.250000E-9	1.216394E-4
2.300000E-9	1.935833E-4
2.350000E-9	2.672402E-4
2.400000E-9	3.306193E-4
2.450000E-9	3.888596E-4
2.500000E-9	4.265445E-4
2.550000E-9	4.248316E-4
2.600000E-9	4.111280E-4
2.650000E-9	3.820078E-4
2.700000E-9	3.323323E-4
2.750000E-9	2.740920E-4
2.800000E-9	2.329812E-4
2.850000E-9	1.918704E-4
2.900000E-9	1.387689E-4
2.950000E-9	8.909336E-5
3.000000E-9	5.483436E-5
3.050000E-9	3.599191E-5
3.100000E-9	3.427896E-5
3.150000E-9	4.626961E-5
3.200000E-9	7.196386E-5
3.250000E-9	1.096488E-4
3.300000E-9	1.541855E-4
3.350000E-9	2.107128E-4
3.400000E-9	2.706661E-4
3.450000E-9	3.117769E-4
3.500000E-9	3.220546E-4
3.550000E-9	3.083510E-4
3.600000E-9	2.689531E-4
3.650000E-9	2.107128E-4
3.700000E-9	1.507596E-4
3.750000E-9	9.765811E-5
3.800000E-9	4.969551E-5
3.850000E-9	1.543651E-5
3.900000E-9	-1.692992E-6
3.950000E-9	-1.025774E-5
4.000000E-9	-5.118892E-6
4.050000E-9	8.584708E-6
4.100000E-9	2.742716E-5
4.150000E-9	6.168616E-5
4.200000E-9	9.937106E-5
4.250000E-9	1.147876E-4
4.300000E-9	1.010840E-4
4.350000E-9	8.566746E-5
4.400000E-9	7.881566E-5
4.450000E-9	8.224156E-5
4.500000E-9	9.937106E-5
4.550000E-9	1.284912E-4
4.600000E-9	1.610373E-4
4.650000E-9	1.970092E-4
4.700000E-9	2.364071E-4
4.750000E-9	2.740920E-4
4.800000E-9	2.877956E-4
4.850000E-9	2.826567E-4
4.900000E-9	2.723790E-4
4.950000E-9	2.466848E-4
5.000000E-9	2.089999E-4
5.050000E-9	1.730279E-4
5.100000E-9	1.250653E-4
5.150000E-9	4.798256E-5
5.200000E-9	-2.910019E-5
5.250000E-9	-6.335919E-5
5.300000E-9	-5.650739E-5
5.350000E-9	-3.766494E-5
5.400000E-9	-6.831842E-6
5.450000E-9	2.914011E-5
5.500000E-9	5.140846E-5
5.550000E-9	6.168616E-5
5.600000E-9	7.710271E-5
5.650000E-9	5.997321E-5
5.700000E-9	1.714946E-5
5.750000E-9	-1.025774E-5
5.800000E-9	-2.396134E-5
5.850000E-9	-3.423904E-5
5.900000E-9	-1.368364E-5
5.950000E-9	3.941781E-5
6.000000E-9	9.594516E-5
6.050000E-9	1.267783E-4
6.100000E-9	1.370560E-4
6.150000E-9	1.336301E-4
6.200000E-9	1.165006E-4
6.250000E-9	7.196386E-5
6.300000E-9	-1.197069E-5
6.350000E-9	-1.147477E-4
6.400000E-9	-2.106729E-4
6.450000E-9	-3.031722E-4
6.500000E-9	-4.042363E-4
6.550000E-9	-5.001615E-4
6.600000E-9	-5.772442E-4
6.650000E-9	-6.440493E-4
6.700000E-9	-6.920119E-4
6.750000E-9	-7.108543E-4
6.800000E-9	-7.091414E-4
6.850000E-9	-6.902989E-4
6.900000E-9	-6.560399E-4
6.950000E-9	-6.115032E-4
7.000000E-9	-5.635406E-4
7.050000E-9	-5.053003E-4
7.100000E-9	-4.487730E-4
7.150000E-9	-3.871068E-4
7.200000E-9	-3.168758E-4
7.250000E-9	-2.500707E-4
7.300000E-9	-1.815527E-4
7.350000E-9	-1.044700E-4
7.400000E-9	-1.692992E-6
7.450000E-9	1.096488E-4
7.500000E-9	2.175646E-4
7.550000E-9	2.895085E-4
7.600000E-9	3.134898E-4
7.650000E-9	2.997862E-4
7.700000E-9	2.483977E-4
7.750000E-9	1.593243E-4
7.800000E-9	4.284371E-5
7.850000E-9	-9.419229E-5
7.900000E-9	-2.483578E-4
7.950000E-9	-3.922456E-4
8.000000E-9	-4.933097E-4
8.050000E-9	-5.395593E-4
8.100000E-9	-5.378464E-4
8.150000E-9	-4.847449E-4
8.200000E-9	-4.025233E-4
8.250000E-9	-3.048852E-4
8.300000E-9	-2.175247E-4
8.350000E-9	-1.541455E-4
8.400000E-9	-1.147477E-4
8.450000E-9	-9.933115E-5
8.500000E-9	-1.215995E-4
8.550000E-9	-1.832657E-4
8.600000E-9	-2.740521E-4
8.650000E-9	-3.853938E-4
8.700000E-9	-4.933097E-4
8.750000E-9	-5.806701E-4
8.800000E-9	-6.389104E-4
8.850000E-9	-6.423363E-4
8.900000E-9	-5.755313E-4
8.950000E-9	-4.539118E-4
9.000000E-9	-3.220147E-4
9.050000E-9	-2.055340E-4
9.100000E-9	-1.198865E-4
9.150000E-9	-9.247934E-5
9.200000E-9	-1.198865E-4
9.250000E-9	-1.729880E-4
9.300000E-9	-2.346542E-4
9.350000E-9	-2.826168E-4
9.400000E-9	-2.946075E-4
9.450000E-9	-2.740521E-4
9.500000E-9	-2.466448E-4
9.550000E-9	-2.106729E-4
9.600000E-9	-1.284513E-4
9.650000E-9	1.995795E-8
9.700000E-9	1.267783E-4
9.750000E-9	2.141387E-4
9.800000E-9	2.518236E-4
9.850000E-9	2.586754E-4
9.900000E-9	2.244164E-4
9.950000E-9	1.353430E-4
1.000000E-8	3.445858E-6
1.005000E-8	-1.438678E-4
1.010000E-8	-2.843298E-4
1.015000E-8	-4.179399E-4
1.020000E-8	-5.190039E-4
1.025000E-8	-5.618277E-4
1.030000E-8	-5.481241E-4
1.035000E-8	-4.864579E-4
1.040000E-8	-3.973845E-4
1.045000E-8	-3.065981E-4
1.050000E-8	-2.329412E-4
1.055000E-8	-1.644232E-4
1.060000E-8	-8.734049E-5
1.065000E-8	-1.539659E-5
1.070000E-8	4.969551E-5
1.075000E-8	1.113617E-4
1.080000E-8	1.627502E-4
1.085000E-8	1.815927E-4
1.090000E-8	1.935833E-4
1.095000E-8	2.038610E-4
1.100000E-8	2.021481E-4
1.105000E-8	1.764538E-4
1.110000E-8	1.336301E-4
1.115000E-8	6.682501E-5
1.120000E-8	-1.368364E-5
1.125000E-8	-1.061829E-4
1.130000E-8	-2.003952E-4
1.135000E-8	-3.031722E-4
1.140000E-8	-4.230787E-4
1.145000E-8	-5.532629E-4
1.150000E-8	-6.731694E-4
1.155000E-8	-7.553910E-4
1.160000E-8	-7.896500E-4
1.165000E-8	-7.879371E-4
1.170000E-8	-7.536781E-4
1.175000E-8	-7.005766E-4
1.180000E-8	-6.389104E-4
1.185000E-8	-5.532629E-4
1.190000E-8	-4.316435E-4
1.195000E-8	-3.031722E-4
1.200000E-8	-1.866916E-4
1.205000E-8	-8.562754E-5
1.210000E-8	-3.405942E-6
1.215000E-8	4.969551E-5
1.220000E-8	7.710271E-5
1.225000E-8	8.566746E-5
1.230000E-8	8.566746E-5
1.235000E-8	8.566746E-5
1.240000E-8	9.594516E-5
1.245000E-8	1.096488E-4
1.250000E-8	1.353430E-4
1.255000E-8	1.644632E-4
1.260000E-8	1.850186E-4
1.265000E-8	2.038610E-4
1.270000E-8	2.415459E-4
1.275000E-8	2.758049E-4
1.280000E-8	2.912215E-4
1.285000E-8	2.843697E-4
1.290000E-8	2.758049E-4
1.295000E-8	2.535366E-4
1.300000E-8	2.141387E-4
1.305000E-8	1.713150E-4
1.310000E-8	1.387689E-4
1.315000E-8	1.250653E-4
1.320000E-8	1.027970E-4
1.325000E-8	6.853796E-5
1.330000E-8	4.284371E-5
1.335000E-8	3.941781E-5
1.340000E-8	2.057536E-5
1.345000E-8	-2.224839E-5
1.350000E-8	-7.534984E-5
1.355000E-8	-1.233124E-4
1.360000E-8	-1.678491E-4
1.365000E-8	-2.140988E-4
1.370000E-8	-2.569225E-4
1.375000E-8	-2.963204E-4
1.380000E-8	-3.271535E-4
1.385000E-8	-3.220147E-4
1.390000E-8	-2.774780E-4
1.395000E-8	-2.175247E-4
1.400000E-8	-1.404419E-4
1.405000E-8	-1.882249E-5
1.410000E-8	1.216394E-4
1.415000E-8	2.278423E-4
1.420000E-8	3.271934E-4
1.425000E-8	4.214057E-4
1.430000E-8	4.522388E-4
1.435000E-8	4.145539E-4
1.440000E-8	3.717301E-4
1.445000E-8	3.254805E-4
1.450000E-8	2.449718E-4
1.455000E-8	1.833056E-4
1.460000E-8	1.541855E-4
1.465000E-8	9.765811E-5
1.470000E-8	-1.692992E-6
1.475000E-8	-1.061829E-4
1.480000E-8	-2.072470E-4
1.485000E-8	-2.980334E-4
1.490000E-8	-3.442830E-4
1.495000E-8	-3.939586E-4
1.500000E-8	-5.053003E-4
1.505000E-8	-6.423363E-4
1.510000E-8	-7.142802E-4
1.515000E-8	-7.314097E-4
1.520000E-8	-7.142802E-4
1.525000E-8	-6.628917E-4
1.530000E-8	-5.669665E-4
1.535000E-8	-4.247917E-4
1.540000E-8	-2.534966E-4
1.545000E-8	-8.048869E-5
1.550000E-8	6.682501E-5
1.555000E-8	2.072869E-4
1.560000E-8	3.546006E-4
1.565000E-8	4.590906E-4
1.570000E-8	4.864978E-4
1.575000E-8	4.539517E-4
1.580000E-8	4.025632E-4
1.585000E-8	3.717301E-4
1.590000E-8	3.683042E-4
1.595000E-8	3.408970E-4
1.600000E-8	2.603884E-4
1.605000E-8	1.798797E-4
1.610000E-8	1.798797E-4
1.615000E-8	2.107128E-4
1.620000E-8	2.038610E-4
1.625000E-8	1.901574E-4
1.630000E-8	2.158517E-4
1.635000E-8	2.535366E-4
1.640000E-8	2.723790E-4
1.645000E-8	2.706661E-4
1.650000E-8	2.586754E-4
1.655000E-8	2.655272E-4
1.660000E-8	2.689531E-4
1.665000E-8	2.107128E-4
1.670000E-8	1.182135E-4
1.675000E-8	7.196386E-5
1.680000E-8	3.427896E-5
1.685000E-8	-5.308149E-5
1.690000E-8	-1.301642E-4
1.695000E-8	-1.181736E-4
1.700000E-8	-4.794264E-5
1.705000E-8	2.742716E-5
1.710000E-8	9.594516E-5
1.715000E-8	1.661761E-4
1.720000E-8	2.346941E-4
1.725000E-8	2.929344E-4
1.730000E-8	3.254805E-4
1.735000E-8	3.426100E-4
1.740000E-8	3.802949E-4
1.745000E-8	4.145539E-4
1.750000E-8	4.128409E-4
1.755000E-8	4.077021E-4
1.760000E-8	4.316834E-4
1.765000E-8	4.385352E-4
1.770000E-8	4.196927E-4
1.775000E-8	4.419611E-4
1.780000E-8	5.344604E-4
1.785000E-8	6.646446E-4
1.790000E-8	8.856151E-4
1.795000E-8	1.293297E-3
1.800000E-8	1.918524E-3
1.805000E-8	2.788703E-3
1.810000E-8	4.004897E-3
1.815000E-8	5.663033E-3
1.820000E-8	7.787091E-3
1.825000E-8	1.039934E-2
1.830000E-8	1.351006E-2
1.835000E-8	1.704216E-2
1.840000E-8	2.090658E-2
1.845000E-8	2.499367E-2
1.850000E-8	2.912531E-2
1.855000E-8	3.316102E-2
1.860000E-8	3.712307E-2
1.865000E-8	4.098406E-2
1.870000E-8	4.467718E-2
1.875000E-8	4.818188E-2
1.880000E-8	5.152042E-2
1.885000E-8	5.466197E-2
1.890000E-8	5.750889E-2
1.895000E-8	6.001665E-2
1.900000E-8	6.207390E-2
1.905000E-8	6.355218E-2
1.910000E-8	6.440180E-2
1.915000E-8	6.466560E-2
1.920000E-8	6.438981E-2
1.925000E-8	6.368750E-2
1.930000E-8	6.272996E-2
1.935000E-8	6.163025E-2
1.940000E-8	6.042605E-2
1.945000E-8	5.917731E-2
1.950000E-8	5.799194E-2
1.955000E-8	5.690936E-2
1.960000E-8	5.591242E-2
1.965000E-8	5.506451E-2
1.970000E-8	5.436392E-2
1.975000E-8	5.381235E-2
1.980000E-8	5.336013E-2
1.985000E-8	5.298670E-2
1.990000E-8	5.262013E-2
1.995000E-8	5.223472E-2
2.000000E-8	5.186301E-2
2.005000E-8	5.148445E-2
2.010000E-8	5.097056E-2
2.015000E-8	5.028709E-2
2.020000E-8	4.950599E-2
2.025000E-8	4.875914E-2
2.030000E-8	4.808767E-2
2.035000E-8	4.749156E-2
2.040000E-8	4.699138E-2
2.045000E-8	4.666249E-2
2.050000E-8	4.655800E-2
2.055000E-8	4.662823E-2
2.060000E-8	4.681494E-2
2.065000E-8	4.711129E-2
2.070000E-8	4.749841E-2
2.075000E-8	4.788725E-2
2.080000E-8	4.818702E-2
2.085000E-8	4.834975E-2
2.090000E-8	4.834461E-2
2.095000E-8	4.824183E-2
2.100000E-8	4.809452E-2
2.105000E-8	4.785128E-2
2.110000E-8	4.746758E-2
2.115000E-8	4.699994E-2
2.120000E-8	4.654430E-2
2.125000E-8	4.616745E-2
2.130000E-8	4.590537E-2
2.135000E-8	4.575463E-2
2.140000E-8	4.576148E-2
2.145000E-8	4.597046E-2
2.150000E-8	4.630277E-2
2.155000E-8	4.663166E-2
2.160000E-8	4.691087E-2
2.165000E-8	4.720036E-2
2.170000E-8	4.744531E-2
2.175000E-8	4.752582E-2
2.180000E-8	4.738707E-2
2.185000E-8	4.711300E-2
2.190000E-8	4.674643E-2
2.195000E-8	4.628736E-2
2.200000E-8	4.573065E-2
2.205000E-8	4.514311E-2
2.210000E-8	4.459154E-2
2.215000E-8	4.405710E-2
2.220000E-8	4.356719E-2
2.225000E-8	4.322631E-2
2.230000E-8	4.308928E-2
2.235000E-8	4.316636E-2
2.240000E-8	4.343187E-2
2.245000E-8	4.384983E-2
2.250000E-8	4.432432E-2
2.255000E-8	4.479709E-2
2.260000E-8	4.525616E-2
2.265000E-8	4.567069E-2
2.270000E-8	4.597731E-2
2.275000E-8	4.610407E-2
2.280000E-8	4.601842E-2
2.285000E-8	4.578204E-2
2.290000E-8	4.541889E-2
2.295000E-8	4.491186E-2
2.300000E-8	4.436371E-2
2.305000E-8	4.381214E-2
2.310000E-8	4.324858E-2
2.315000E-8	4.269873E-2
2.320000E-8	4.225850E-2
2.325000E-8	4.200498E-2
2.330000E-8	4.192619E-2
2.335000E-8	4.205637E-2
2.340000E-8	4.237840E-2
2.345000E-8	4.281692E-2
2.350000E-8	4.334793E-2
2.355000E-8	4.399029E-2
2.360000E-8	4.462579E-2
2.365000E-8	4.511570E-2
2.370000E-8	4.544630E-2
2.375000E-8	4.562616E-2
2.380000E-8	4.565528E-2
2.385000E-8	4.551310E-2
2.390000E-8	4.518250E-2
2.395000E-8	4.467547E-2
2.400000E-8	4.398515E-2
2.405000E-8	4.320919E-2
2.410000E-8	4.244864E-2
2.415000E-8	4.176688E-2
2.420000E-8	4.119476E-2
2.425000E-8	4.076309E-2
2.430000E-8	4.055240E-2
2.435000E-8	4.059351E-2
2.440000E-8	4.087786E-2
2.445000E-8	4.137804E-2
2.450000E-8	4.202896E-2
2.455000E-8	4.271757E-2
2.460000E-8	4.333594E-2
2.465000E-8	4.383441E-2
2.470000E-8	4.416672E-2
2.475000E-8	4.432432E-2
2.480000E-8	4.428663E-2
2.485000E-8	4.403140E-2
2.490000E-8	4.361173E-2
2.495000E-8	4.308757E-2
2.500000E-8	4.248118E-2
2.505000E-8	4.181827E-2
2.510000E-8	4.116906E-2
2.515000E-8	4.063291E-2
2.520000E-8	4.026120E-2
2.525000E-8	4.010532E-2
2.530000E-8	4.016185E-2
2.535000E-8	4.040680E-2
2.540000E-8	4.083161E-2
2.545000E-8	4.143971E-2
2.550000E-8	4.214544E-2
2.555000E-8	4.281349E-2
2.560000E-8	4.340446E-2
2.565000E-8	4.393719E-2
2.570000E-8	4.432089E-2
2.575000E-8	4.448876E-2
2.580000E-8	4.448191E-2
2.585000E-8	4.433288E-2
2.590000E-8	4.403654E-2
2.595000E-8	4.359289E-2
2.600000E-8	4.309270E-2
2.605000E-8	4.258225E-2
2.610000E-8	4.204780E-2
2.615000E-8	4.154762E-2
2.620000E-8	4.116735E-2
2.625000E-8	4.094809E-2
2.630000E-8	4.090184E-2
2.635000E-8	4.108170E-2
2.640000E-8	4.148938E-2
2.645000E-8	4.205466E-2
2.650000E-8	4.268502E-2
2.655000E-8	4.331539E-2
2.660000E-8	4.392862E-2
2.665000E-8	4.443052E-2
2.670000E-8	4.476626E-2
2.675000E-8	4.493755E-2
2.680000E-8	4.494440E-2
2.685000E-8	4.477482E-2
2.690000E-8	4.438598E-2
2.695000E-8	4.387210E-2
2.700000E-8	4.329483E-2
2.705000E-8	4.270900E-2
2.710000E-8	4.212489E-2
2.715000E-8	4.160586E-2
2.720000E-8	4.124101E-2
2.725000E-8	4.104916E-2
2.730000E-8	4.105087E-2
2.735000E-8	4.126499E-2
2.740000E-8	4.169151E-2
2.745000E-8	4.223109E-2
2.750000E-8	4.277923E-2
2.755000E-8	4.330511E-2
2.760000E-8	4.377617E-2
2.765000E-8	4.413760E-2
2.770000E-8	4.435172E-2
2.775000E-8	4.438598E-2
2.780000E-8	4.426436E-2
2.785000E-8	4.400057E-2
2.790000E-8	4.360830E-2
2.795000E-8	4.310983E-2
2.800000E-8	4.254456E-2
2.805000E-8	4.195702E-2
2.810000E-8	4.138318E-2
2.815000E-8	4.089842E-2
2.820000E-8	4.059522E-2
2.825000E-8	4.047018E-2
2.830000E-8	4.050272E-2
2.835000E-8	4.072198E-2
2.840000E-8	4.109883E-2
2.845000E-8	4.155105E-2
2.850000E-8	4.203239E-2
2.855000E-8	4.251373E-2
2.860000E-8	4.294882E-2
2.865000E-8	4.325886E-2
2.870000E-8	4.341816E-2
2.875000E-8	4.345071E-2
2.880000E-8	4.330340E-2
2.885000E-8	4.295738E-2
2.890000E-8	4.249317E-2
2.895000E-8	4.199128E-2
2.900000E-8	4.147739E-2
2.905000E-8	4.098064E-2
2.910000E-8	4.058152E-2
2.915000E-8	4.031601E-2
2.920000E-8	4.016527E-2
2.925000E-8	4.013958E-2
2.930000E-8	4.031601E-2
2.935000E-8	4.068772E-2
2.940000E-8	4.117763E-2
2.945000E-8	4.173262E-2
2.950000E-8	4.230132E-2
2.955000E-8	4.283405E-2
2.960000E-8	4.326743E-2
2.965000E-8	4.352779E-2
2.970000E-8	4.361173E-2
2.975000E-8	4.353978E-2
2.980000E-8	4.332567E-2
2.985000E-8	4.293683E-2
2.990000E-8	4.241438E-2
2.995000E-8	4.180970E-2
3.000000E-8	4.119133E-2
3.005000E-8	4.062777E-2
3.010000E-8	4.017555E-2
3.015000E-8	3.986037E-2
3.020000E-8	3.971134E-2
3.025000E-8	3.974389E-2
3.030000E-8	3.995287E-2
3.035000E-8	4.031944E-2
3.040000E-8	4.084189E-2
3.045000E-8	4.143114E-2
3.050000E-8	4.200669E-2
3.055000E-8	4.251030E-2
3.060000E-8	4.291798E-2
3.065000E-8	4.318178E-2
3.070000E-8	4.325543E-2
3.075000E-8	4.313039E-2
3.080000E-8	4.278437E-2
3.085000E-8	4.227049E-2
3.090000E-8	4.168809E-2
3.095000E-8	4.110397E-2
3.100000E-8	4.052328E-2
3.105000E-8	4.001282E-2
3.110000E-8	3.963940E-2
3.115000E-8	3.944412E-2
3.120000E-8	3.943556E-2
3.125000E-8	3.958630E-2
3.130000E-8	3.990148E-2
3.135000E-8	4.035370E-2
3.140000E-8	4.088985E-2
3.145000E-8	4.144313E-2
3.150000E-8	4.197929E-2
3.155000E-8	4.246919E-2
3.160000E-8	4.284433E-2
3.165000E-8	4.303789E-2
3.170000E-8	4.306016E-2
3.175000E-8	4.291456E-2
3.180000E-8	4.258738E-2
3.185000E-8	4.212317E-2
3.190000E-8	4.157160E-2
3.195000E-8	4.097892E-2
3.200000E-8	4.040509E-2
3.205000E-8	3.990662E-2
3.210000E-8	3.951949E-2
3.215000E-8	3.927454E-2
3.220000E-8	3.918718E-2
3.225000E-8	3.922315E-2
3.230000E-8	3.935505E-2
3.235000E-8	3.960514E-2
3.240000E-8	3.993231E-2
3.245000E-8	4.028689E-2
3.250000E-8	4.066374E-2
3.255000E-8	4.102860E-2
3.260000E-8	4.130952E-2
3.265000E-8	4.146026E-2
3.270000E-8	4.150480E-2
3.275000E-8	4.142087E-2
3.280000E-8	4.121189E-2
3.285000E-8	4.093439E-2
3.290000E-8	4.064147E-2
3.295000E-8	4.032286E-2
3.300000E-8	3.999569E-2
3.305000E-8	3.971477E-2
3.310000E-8	3.951778E-2
3.315000E-8	3.940986E-2
3.320000E-8	3.941157E-2
3.325000E-8	3.951778E-2
3.330000E-8	3.973018E-2
3.335000E-8	4.005051E-2
3.340000E-8	4.043763E-2
3.345000E-8	4.082476E-2
3.350000E-8	4.118105E-2
3.355000E-8	4.144999E-2
3.360000E-8	4.158702E-2
3.365000E-8	4.161785E-2
3.370000E-8	4.158188E-2
3.375000E-8	4.144485E-2
3.380000E-8	4.116906E-2
3.385000E-8	4.081277E-2
3.390000E-8	4.043249E-2
3.395000E-8	4.001282E-2
3.400000E-8	3.958630E-2
3.405000E-8	3.920773E-2
3.410000E-8	3.889426E-2
3.415000E-8	3.869727E-2
3.420000E-8	3.864417E-2
3.425000E-8	3.872468E-2
3.430000E-8	3.892852E-2
3.435000E-8	3.924371E-2
3.440000E-8	3.958630E-2
3.445000E-8	3.991176E-2
3.450000E-8	4.025949E-2
3.455000E-8	4.060036E-2
3.460000E-8	4.085045E-2
3.465000E-8	4.095666E-2
3.470000E-8	4.094638E-2
3.475000E-8	4.081105E-2
3.480000E-8	4.055069E-2
3.485000E-8	4.022351E-2
3.490000E-8	3.989463E-2
3.495000E-8	3.957088E-2
3.500000E-8	3.924199E-2
3.505000E-8	3.891311E-2
3.510000E-8	3.868015E-2
3.515000E-8	3.858251E-2
3.520000E-8	3.858936E-2
3.525000E-8	3.870070E-2
3.530000E-8	3.896963E-2
3.535000E-8	3.936361E-2
3.540000E-8	3.978842E-2
3.545000E-8	4.019097E-2
3.550000E-8	4.054041E-2
3.555000E-8	4.080934E-2
3.560000E-8	4.097036E-2
3.565000E-8	4.103545E-2
3.570000E-8	4.100119E-2
3.575000E-8	4.083846E-2
3.580000E-8	4.055583E-2
3.585000E-8	4.018754E-2
3.590000E-8	3.977301E-2
3.595000E-8	3.934991E-2
3.600000E-8	3.899019E-2
3.605000E-8	3.869899E-2
3.610000E-8	3.847117E-2
3.615000E-8	3.835640E-2
3.620000E-8	3.841978E-2
3.625000E-8	3.858593E-2
3.630000E-8	3.880005E-2
3.635000E-8	3.909125E-2
3.640000E-8	3.943384E-2
3.645000E-8	3.976273E-2
3.650000E-8	4.004365E-2
3.655000E-8	4.028347E-2
3.660000E-8	4.042907E-2
3.665000E-8	4.047532E-2
3.670000E-8	4.044106E-2
3.675000E-8	4.029374E-2
3.680000E-8	4.004365E-2
3.685000E-8	3.973018E-2
3.690000E-8	3.937389E-2
3.695000E-8	3.900561E-2
3.700000E-8	3.868015E-2
3.705000E-8	3.844205E-2
3.710000E-8	3.828103E-2
3.715000E-8	3.824506E-2
3.720000E-8	3.832728E-2
3.725000E-8	3.848316E-2
3.730000E-8	3.870070E-2
3.735000E-8	3.900047E-2
3.740000E-8	3.930880E-2
3.745000E-8	3.956403E-2
3.750000E-8	3.982611E-2
3.755000E-8	4.009333E-2
3.760000E-8	4.028004E-2
3.765000E-8	4.041536E-2
3.770000E-8	4.050786E-2
3.775000E-8	4.047532E-2
3.780000E-8	4.029032E-2
3.785000E-8	4.004708E-2
3.790000E-8	3.979014E-2
3.795000E-8	3.947153E-2
3.800000E-8	3.910496E-2
3.805000E-8	3.876408E-2
3.810000E-8	3.845575E-2
3.815000E-8	3.816455E-2
3.820000E-8	3.793330E-2
3.825000E-8	3.781853E-2
3.830000E-8	3.784936E-2
3.835000E-8	3.799325E-2
3.840000E-8	3.823135E-2
3.845000E-8	3.852084E-2
3.850000E-8	3.882746E-2
3.855000E-8	3.908783E-2
3.860000E-8	3.931222E-2
3.865000E-8	3.950750E-2
3.870000E-8	3.964454E-2
3.875000E-8	3.968051E-2
3.880000E-8	3.959829E-2
3.885000E-8	3.943727E-2
3.890000E-8	3.921972E-2
3.895000E-8	3.894737E-2
3.900000E-8	3.862533E-2
3.905000E-8	3.830501E-2
3.910000E-8	3.804635E-2
3.915000E-8	3.787848E-2
3.920000E-8	3.782367E-2
3.925000E-8	3.787677E-2
3.930000E-8	3.803950E-2
3.935000E-8	3.827075E-2
3.940000E-8	3.854311E-2
3.945000E-8	3.884630E-2
3.950000E-8	3.914093E-2
3.955000E-8	3.938417E-2
3.960000E-8	3.957259E-2
3.965000E-8	3.967366E-2
3.970000E-8	3.963940E-2
3.975000E-8	3.948694E-2
3.980000E-8	3.928310E-2
3.985000E-8	3.902274E-2
3.990000E-8	3.869899E-2
3.995000E-8	3.836839E-2
4.000000E-8	3.809260E-2
4.005000E-8	3.784936E-2
4.010000E-8	3.763525E-2
4.015000E-8	3.748451E-2
4.020000E-8	3.743826E-2
4.025000E-8	3.749478E-2
4.030000E-8	3.761469E-2
4.035000E-8	3.777057E-2
4.040000E-8	3.793159E-2
4.045000E-8	3.811487E-2
4.050000E-8	3.829473E-2
4.055000E-8	3.843177E-2
4.060000E-8	3.854140E-2
4.065000E-8	3.860306E-2
4.070000E-8	3.857223E-2
4.075000E-8	3.848144E-2
4.080000E-8	3.838552E-2
4.085000E-8	3.830843E-2
4.090000E-8	3.825705E-2
4.095000E-8	3.823992E-2
4.100000E-8	3.822450E-2
4.105000E-8	3.820052E-2
4.110000E-8	3.823649E-2
4.115000E-8	3.829644E-2
4.120000E-8	3.836496E-2
4.125000E-8	3.847802E-2
4.130000E-8	3.865102E-2
4.135000E-8	3.878806E-2
4.140000E-8	3.885144E-2
4.145000E-8	3.893880E-2
4.150000E-8	3.904843E-2
4.155000E-8	3.909639E-2
4.160000E-8	3.907584E-2
4.165000E-8	3.905528E-2
4.170000E-8	3.900561E-2
4.175000E-8	3.889598E-2
4.180000E-8	3.874866E-2
4.185000E-8	3.859278E-2
4.190000E-8	3.843862E-2
4.195000E-8	3.828788E-2
4.200000E-8	3.812686E-2
4.205000E-8	3.796927E-2
4.210000E-8	3.783052E-2
4.215000E-8	3.772603E-2
4.220000E-8	3.766437E-2
4.225000E-8	3.764381E-2
4.230000E-8	3.766779E-2
4.235000E-8	3.768663E-2
4.240000E-8	3.772432E-2
4.245000E-8	3.779969E-2
4.250000E-8	3.789390E-2
4.255000E-8	3.795385E-2
4.260000E-8	3.801038E-2
4.265000E-8	3.810973E-2
4.270000E-8	3.822964E-2
4.275000E-8	3.831529E-2
4.280000E-8	3.832728E-2
4.285000E-8	3.830672E-2
4.290000E-8	3.828788E-2
4.295000E-8	3.825019E-2
4.300000E-8	3.817140E-2
4.305000E-8	3.812001E-2
4.310000E-8	3.810288E-2
4.315000E-8	3.806862E-2
4.320000E-8	3.800353E-2
4.325000E-8	3.794700E-2
4.330000E-8	3.790075E-2
4.335000E-8	3.783395E-2
4.340000E-8	3.776543E-2
4.345000E-8	3.773117E-2
4.350000E-8	3.770719E-2
4.355000E-8	3.765751E-2
4.360000E-8	3.758557E-2
4.365000E-8	3.754103E-2
4.370000E-8	3.752733E-2
4.375000E-8	3.752562E-2
4.380000E-8	3.749650E-2
4.385000E-8	3.744168E-2
4.390000E-8	3.738687E-2
4.395000E-8	3.733719E-2
4.400000E-8	3.730807E-2
4.405000E-8	3.730465E-2
4.410000E-8	3.733719E-2
4.415000E-8	3.739543E-2
4.420000E-8	3.746052E-2
4.425000E-8	3.752048E-2
4.430000E-8	3.756501E-2
4.435000E-8	3.759585E-2
4.440000E-8	3.760441E-2
4.445000E-8	3.761983E-2
4.450000E-8	3.766608E-2
4.455000E-8	3.774830E-2
4.460000E-8	3.781853E-2
4.465000E-8	3.784594E-2
4.470000E-8	3.782881E-2
4.475000E-8	3.775687E-2
4.480000E-8	3.761983E-2
4.485000E-8	3.746566E-2
4.490000E-8	3.732520E-2
4.495000E-8	3.720530E-2
4.500000E-8	3.710594E-2
4.505000E-8	3.703743E-2
4.510000E-8	3.699803E-2
4.515000E-8	3.696206E-2
4.520000E-8	3.695007E-2
4.525000E-8	3.698775E-2
4.530000E-8	3.711280E-2
4.535000E-8	3.727553E-2
4.540000E-8	3.743826E-2
4.545000E-8	3.757187E-2
4.550000E-8	3.766950E-2
4.555000E-8	3.774830E-2
4.560000E-8	3.775858E-2
4.565000E-8	3.769862E-2
4.570000E-8	3.761298E-2
4.575000E-8	3.752733E-2
4.580000E-8	3.741599E-2
4.585000E-8	3.730979E-2
4.590000E-8	3.724641E-2
4.595000E-8	3.718817E-2
4.600000E-8	3.710937E-2
4.605000E-8	3.703229E-2
4.610000E-8	3.696720E-2
4.615000E-8	3.691067E-2
4.620000E-8	3.686442E-2
4.625000E-8	3.683187E-2
4.630000E-8	3.678905E-2
4.635000E-8	3.674794E-2
4.640000E-8	3.671882E-2
4.645000E-8	3.671197E-2
4.650000E-8	3.671710E-2
4.655000E-8	3.673937E-2
4.660000E-8	3.676335E-2
4.665000E-8	3.680275E-2
4.670000E-8	3.685071E-2
4.675000E-8	3.690210E-2
4.680000E-8	3.691238E-2
4.685000E-8	3.687127E-2
4.690000E-8	3.677706E-2
4.695000E-8	3.666229E-2
4.700000E-8	3.655266E-2
4.705000E-8	3.646701E-2
4.710000E-8	3.638308E-2
4.715000E-8	3.631285E-2
4.720000E-8	3.628202E-2
4.725000E-8	3.630600E-2
4.730000E-8	3.638650E-2
4.735000E-8	3.649099E-2
4.740000E-8	3.660405E-2
4.745000E-8	3.668970E-2
4.750000E-8	3.671882E-2
4.755000E-8	3.670169E-2
4.760000E-8	3.667257E-2
4.765000E-8	3.662803E-2
4.770000E-8	3.655266E-2
4.775000E-8	3.648586E-2
4.780000E-8	3.643447E-2
4.785000E-8	3.637280E-2
4.790000E-8	3.628715E-2
4.795000E-8	3.622720E-2
4.800000E-8	3.619808E-2
4.805000E-8	3.617067E-2
4.810000E-8	3.612956E-2
4.815000E-8	3.608503E-2
4.820000E-8	3.604220E-2
4.825000E-8	3.602679E-2
4.830000E-8	3.604049E-2
4.835000E-8	3.604905E-2
4.840000E-8	3.604905E-2
4.845000E-8	3.608331E-2
4.850000E-8	3.614840E-2
4.855000E-8	3.617753E-2
4.860000E-8	3.615183E-2
4.865000E-8	3.611243E-2
4.870000E-8	3.608160E-2
4.875000E-8	3.603021E-2
4.880000E-8	3.594456E-2
4.885000E-8	3.586406E-2
4.890000E-8	3.581267E-2
4.895000E-8	3.578697E-2
4.900000E-8	3.578869E-2
4.905000E-8	3.581781E-2
4.910000E-8	3.586234E-2
4.915000E-8	3.591202E-2
4.920000E-8	3.598225E-2
4.925000E-8	3.607132E-2
4.930000E-8	3.613641E-2
4.935000E-8	3.615354E-2
4.940000E-8	3.616896E-2
4.945000E-8	3.620322E-2
4.950000E-8	3.624776E-2
4.955000E-8	3.629743E-2
4.960000E-8	3.636595E-2
4.965000E-8	3.644817E-2
4.970000E-8	3.650641E-2
4.975000E-8	3.654410E-2
4.980000E-8	3.659035E-2
4.985000E-8	3.662118E-2
4.990000E-8	3.662118E-2
4.995000E-8	3.655266E-2
5.000000E-8	3.643104E-2
5.005000E-8	3.629401E-2
5.010000E-8	3.615183E-2
5.015000E-8	3.601822E-2
5.020000E-8	3.590345E-2
5.025000E-8	3.583665E-2
5.030000E-8	3.578012E-2
5.035000E-8	3.570989E-2
5.040000E-8	3.568077E-2
5.045000E-8	3.570475E-2
5.050000E-8	3.573901E-2
5.055000E-8	3.575100E-2
5.060000E-8	3.576470E-2
5.065000E-8	3.576128E-2
5.070000E-8	3.573901E-2
5.075000E-8	3.572017E-2
5.080000E-8	3.572359E-2
5.085000E-8	3.573045E-2
5.090000E-8	3.574415E-2
5.095000E-8	3.575957E-2
5.100000E-8	3.577156E-2
5.105000E-8	3.578355E-2
5.110000E-8	3.581267E-2
5.115000E-8	3.585378E-2
5.120000E-8	3.589660E-2
5.125000E-8	3.593942E-2
5.130000E-8	3.599767E-2
5.135000E-8	3.605077E-2
5.140000E-8	3.610901E-2
5.145000E-8	3.616896E-2
5.150000E-8	3.617239E-2
5.155000E-8	3.610558E-2
5.160000E-8	3.602679E-2
5.165000E-8	3.597026E-2
5.170000E-8	3.589489E-2
5.175000E-8	3.578183E-2
5.180000E-8	3.568591E-2
5.185000E-8	3.560711E-2
5.190000E-8	3.550262E-2
5.195000E-8	3.539471E-2
5.200000E-8	3.534332E-2
5.205000E-8	3.533304E-2
5.210000E-8	3.530563E-2
5.215000E-8	3.525253E-2
5.220000E-8	3.522855E-2
5.225000E-8	3.525938E-2
5.230000E-8	3.533133E-2
5.235000E-8	3.541355E-2
5.240000E-8	3.550947E-2
5.245000E-8	3.560369E-2
5.250000E-8	3.567906E-2
5.255000E-8	3.573558E-2
5.260000E-8	3.577841E-2
5.265000E-8	3.580753E-2
5.270000E-8	3.578183E-2
5.275000E-8	3.572359E-2
5.280000E-8	3.566707E-2
5.285000E-8	3.559683E-2
5.290000E-8	3.549063E-2
5.295000E-8	3.537415E-2
5.300000E-8	3.528337E-2
5.305000E-8	3.521313E-2
5.310000E-8	3.516003E-2
5.315000E-8	3.510179E-2
5.320000E-8	3.505040E-2
5.325000E-8	3.502814E-2
5.330000E-8	3.502471E-2
5.335000E-8	3.500415E-2
5.340000E-8	3.498360E-2
5.345000E-8	3.500587E-2
5.350000E-8	3.505726E-2
5.355000E-8	3.509837E-2
5.360000E-8	3.512577E-2
5.365000E-8	3.514804E-2
5.370000E-8	3.513948E-2
5.375000E-8	3.511036E-2
5.380000E-8	3.506411E-2
5.385000E-8	3.501443E-2
5.390000E-8	3.496818E-2
5.395000E-8	3.491508E-2
5.400000E-8	3.485170E-2
5.405000E-8	3.479346E-2
5.410000E-8	3.474550E-2
5.415000E-8	3.473351E-2
5.420000E-8	3.474721E-2
5.425000E-8	3.479860E-2
5.430000E-8	3.487740E-2
5.435000E-8	3.494934E-2
5.440000E-8	3.499216E-2
5.445000E-8	3.500758E-2
5.450000E-8	3.502471E-2
5.455000E-8	3.505040E-2
5.460000E-8	3.505726E-2
5.465000E-8	3.505040E-2
5.470000E-8	3.503499E-2
5.475000E-8	3.501443E-2
5.480000E-8	3.498189E-2
5.485000E-8	3.496647E-2
5.490000E-8	3.497503E-2
5.495000E-8	3.500758E-2
5.500000E-8	3.504527E-2
5.505000E-8	3.508466E-2
5.510000E-8	3.514462E-2
5.515000E-8	3.522684E-2
5.520000E-8	3.527137E-2
5.525000E-8	3.525596E-2
5.530000E-8	3.520971E-2
5.535000E-8	3.514462E-2
5.540000E-8	3.505897E-2
5.545000E-8	3.498531E-2
5.550000E-8	3.494078E-2
5.555000E-8	3.489966E-2
5.560000E-8	3.484999E-2
5.565000E-8	3.480203E-2
5.570000E-8	3.479004E-2
5.575000E-8	3.480031E-2
5.580000E-8	3.482772E-2
5.585000E-8	3.486027E-2
5.590000E-8	3.490138E-2
5.595000E-8	3.494934E-2
5.600000E-8	3.496990E-2
5.605000E-8	3.497503E-2
5.610000E-8	3.496476E-2
5.615000E-8	3.491508E-2
5.620000E-8	3.484314E-2
5.625000E-8	3.478147E-2
5.630000E-8	3.471809E-2
5.635000E-8	3.463416E-2
5.640000E-8	3.456735E-2
5.645000E-8	3.452453E-2
5.650000E-8	3.447314E-2
5.655000E-8	3.444231E-2
5.660000E-8	3.443545E-2
5.665000E-8	3.442346E-2
5.670000E-8	3.441319E-2
5.675000E-8	3.442004E-2
5.680000E-8	3.443888E-2
5.685000E-8	3.444231E-2
5.690000E-8	3.444059E-2
5.695000E-8	3.443717E-2
5.700000E-8	3.445601E-2
5.705000E-8	3.449712E-2
5.710000E-8	3.453823E-2
5.715000E-8	3.456735E-2
5.720000E-8	3.458791E-2
5.725000E-8	3.459133E-2
5.730000E-8	3.457592E-2
5.735000E-8	3.455365E-2
5.740000E-8	3.452624E-2
5.745000E-8	3.446800E-2
5.750000E-8	3.439948E-2
5.755000E-8	3.435495E-2
5.760000E-8	3.432583E-2
5.765000E-8	3.430184E-2
5.770000E-8	3.431212E-2
5.775000E-8	3.435323E-2
5.780000E-8	3.439092E-2
5.785000E-8	3.442689E-2
5.790000E-8	3.448684E-2
5.795000E-8	3.455022E-2
5.800000E-8	3.458962E-2
5.805000E-8	3.461189E-2
5.810000E-8	3.462217E-2
5.815000E-8	3.462559E-2
5.820000E-8	3.463244E-2
5.825000E-8	3.464272E-2
5.830000E-8	3.462217E-2
5.835000E-8	3.456564E-2
5.840000E-8	3.446629E-2
5.845000E-8	3.431212E-2
5.850000E-8	3.414425E-2
5.855000E-8	3.400208E-2
5.860000E-8	3.384963E-2
5.865000E-8	3.369375E-2
5.870000E-8	3.359097E-2
5.875000E-8	3.356870E-2
5.880000E-8	3.358926E-2
5.885000E-8	3.363208E-2
5.890000E-8	3.370745E-2
5.895000E-8	3.382907E-2
5.900000E-8	3.398666E-2
5.905000E-8	3.415282E-2
5.910000E-8	3.428129E-2
5.915000E-8	3.437721E-2
5.920000E-8	3.448684E-2
5.925000E-8	3.457934E-2
5.930000E-8	3.460504E-2
5.935000E-8	3.460332E-2
5.940000E-8	3.457763E-2
5.945000E-8	3.447485E-2
5.950000E-8	3.432583E-2
5.955000E-8	3.420592E-2
5.960000E-8	3.410828E-2
5.965000E-8	3.401064E-2
5.970000E-8	3.394213E-2
5.975000E-8	3.394898E-2
5.980000E-8	3.401407E-2
5.985000E-8	3.411342E-2
5.990000E-8	3.422819E-2
5.995000E-8	3.432411E-2
6.000000E-8	3.438407E-2
6.005000E-8	3.440291E-2
6.010000E-8	3.440462E-2
6.015000E-8	3.439777E-2
6.020000E-8	3.438578E-2
6.025000E-8	3.435152E-2
6.030000E-8	3.430527E-2
6.035000E-8	3.424874E-2
6.040000E-8	3.418536E-2
6.045000E-8	3.412712E-2
6.050000E-8	3.409115E-2
6.055000E-8	3.408087E-2
6.060000E-8	3.408259E-2
6.065000E-8	3.411685E-2
6.070000E-8	3.419393E-2
6.075000E-8	3.430184E-2
6.080000E-8	3.440633E-2
6.085000E-8	3.450055E-2
6.090000E-8	3.461018E-2
6.095000E-8	3.470953E-2
6.100000E-8	3.476434E-2
6.105000E-8	3.474036E-2
6.110000E-8	3.466156E-2
6.115000E-8	3.455879E-2
6.120000E-8	3.441833E-2
6.125000E-8	3.423504E-2
6.130000E-8	3.402777E-2
6.135000E-8	3.381194E-2
6.140000E-8	3.362180E-2
6.145000E-8	3.346079E-2
6.150000E-8	3.334602E-2
6.155000E-8	3.326894E-2
6.160000E-8	3.321241E-2
6.165000E-8	3.319185E-2
6.170000E-8	3.323810E-2
6.175000E-8	3.332204E-2
6.180000E-8	3.339741E-2
6.185000E-8	3.347963E-2
6.190000E-8	3.360296E-2
6.195000E-8	3.373486E-2
6.200000E-8	3.383592E-2
6.205000E-8	3.391986E-2
6.210000E-8	3.401236E-2
6.215000E-8	3.409458E-2
6.220000E-8	3.415111E-2
6.225000E-8	3.420935E-2
6.230000E-8	3.426073E-2
6.235000E-8	3.424874E-2
6.240000E-8	3.418536E-2
6.245000E-8	3.411342E-2
6.250000E-8	3.404319E-2
6.255000E-8	3.394213E-2
6.260000E-8	3.380680E-2
6.265000E-8	3.367319E-2
6.270000E-8	3.357555E-2
6.275000E-8	3.354129E-2
6.280000E-8	3.353958E-2
6.285000E-8	3.353444E-2
6.290000E-8	3.353958E-2
6.295000E-8	3.356528E-2
6.300000E-8	3.360639E-2
6.305000E-8	3.364750E-2
6.310000E-8	3.369032E-2
6.315000E-8	3.372801E-2
6.320000E-8	3.374000E-2
6.325000E-8	3.375884E-2
6.330000E-8	3.380680E-2
6.335000E-8	3.383764E-2
6.340000E-8	3.385305E-2
6.345000E-8	3.387361E-2
6.350000E-8	3.388560E-2
6.355000E-8	3.389930E-2
6.360000E-8	3.393185E-2
6.365000E-8	3.395754E-2
6.370000E-8	3.396268E-2
6.375000E-8	3.395754E-2
6.380000E-8	3.397125E-2
6.385000E-8	3.396782E-2
6.390000E-8	3.393356E-2
6.395000E-8	3.389074E-2
6.400000E-8	3.383764E-2
6.405000E-8	3.375199E-2
6.410000E-8	3.363551E-2
6.415000E-8	3.351560E-2
6.420000E-8	3.338199E-2
6.425000E-8	3.326037E-2
6.430000E-8	3.317130E-2
6.435000E-8	3.311648E-2
6.440000E-8	3.308222E-2
6.445000E-8	3.307537E-2
6.450000E-8	3.309593E-2
6.455000E-8	3.312162E-2
6.460000E-8	3.313190E-2
6.465000E-8	3.311134E-2
6.470000E-8	3.308394E-2
6.475000E-8	3.306338E-2
6.480000E-8	3.304797E-2
6.485000E-8	3.302570E-2
6.490000E-8	3.302570E-2
6.495000E-8	3.304797E-2
6.500000E-8	3.307537E-2
6.505000E-8	3.311820E-2
6.510000E-8	3.317815E-2
6.515000E-8	3.324153E-2
6.520000E-8	3.327407E-2
6.525000E-8	3.331176E-2
6.530000E-8	3.335630E-2
6.535000E-8	3.340768E-2
6.540000E-8	3.342310E-2
6.545000E-8	3.342139E-2
6.550000E-8	3.341968E-2
6.555000E-8	3.342310E-2
6.560000E-8	3.340255E-2
6.565000E-8	3.335116E-2
6.570000E-8	3.327407E-2
6.575000E-8	3.317130E-2
6.580000E-8	3.306509E-2
6.585000E-8	3.296746E-2
6.590000E-8	3.287153E-2
6.595000E-8	3.277903E-2
6.600000E-8	3.269852E-2
6.605000E-8	3.261630E-2
6.610000E-8	3.251010E-2
6.615000E-8	3.240218E-2
6.620000E-8	3.231482E-2
6.625000E-8	3.224288E-2
6.630000E-8	3.219149E-2
6.635000E-8	3.218121E-2
6.640000E-8	3.223089E-2
6.645000E-8	3.232853E-2
6.650000E-8	3.244672E-2
6.655000E-8	3.257348E-2
6.660000E-8	3.268482E-2
6.665000E-8	3.278417E-2
6.670000E-8	3.290408E-2
6.675000E-8	3.304454E-2
6.680000E-8	3.314218E-2
6.685000E-8	3.316787E-2
6.690000E-8	3.316445E-2
6.695000E-8	3.315588E-2
6.700000E-8	3.308565E-2
6.705000E-8	3.295375E-2
6.710000E-8	3.282528E-2
6.715000E-8	3.271565E-2
6.720000E-8	3.261459E-2
6.725000E-8	3.253408E-2
6.730000E-8	3.249811E-2
6.735000E-8	3.252380E-2
6.740000E-8	3.258033E-2
6.745000E-8	3.265227E-2
6.750000E-8	3.276190E-2
6.755000E-8	3.285783E-2
6.760000E-8	3.289380E-2
6.765000E-8	3.288524E-2
6.770000E-8	3.287153E-2
6.775000E-8	3.284412E-2
6.780000E-8	3.279102E-2
6.785000E-8	3.274135E-2
6.790000E-8	3.270880E-2
6.795000E-8	3.268139E-2
6.800000E-8	3.266255E-2
6.805000E-8	3.264542E-2
6.810000E-8	3.263172E-2
6.815000E-8	3.265741E-2
6.820000E-8	3.272422E-2
6.825000E-8	3.277732E-2
6.830000E-8	3.280130E-2
6.835000E-8	3.279787E-2
6.840000E-8	3.275505E-2
6.845000E-8	3.266940E-2
6.850000E-8	3.256663E-2
6.855000E-8	3.247584E-2
6.860000E-8	3.238677E-2
6.865000E-8	3.228913E-2
6.870000E-8	3.218978E-2
6.875000E-8	3.212297E-2
6.880000E-8	3.210070E-2
6.885000E-8	3.208357E-2
6.890000E-8	3.205788E-2
6.895000E-8	3.206816E-2
6.900000E-8	3.211612E-2
6.905000E-8	3.215038E-2
6.910000E-8	3.216751E-2
6.915000E-8	3.220006E-2
6.920000E-8	3.223774E-2
6.925000E-8	3.225144E-2
6.930000E-8	3.226686E-2
6.935000E-8	3.230454E-2
6.940000E-8	3.234223E-2
6.945000E-8	3.234908E-2
6.950000E-8	3.233709E-2
6.955000E-8	3.232853E-2
6.960000E-8	3.230797E-2
6.965000E-8	3.230283E-2
6.970000E-8	3.233709E-2
6.975000E-8	3.238163E-2
6.980000E-8	3.239704E-2
6.985000E-8	3.241075E-2
6.990000E-8	3.243816E-2
6.995000E-8	3.242959E-2
7.000000E-8	3.235765E-2
7.005000E-8	3.228228E-2
7.010000E-8	3.222061E-2
7.015000E-8	3.215209E-2
7.020000E-8	3.209728E-2
7.025000E-8	3.206302E-2
7.030000E-8	3.204760E-2
7.035000E-8	3.203904E-2
7.040000E-8	3.203732E-2
7.045000E-8	3.205617E-2
7.050000E-8	3.209899E-2
7.055000E-8	3.215381E-2
7.060000E-8	3.219834E-2
7.065000E-8	3.221547E-2
7.070000E-8	3.220006E-2
7.075000E-8	3.217436E-2
7.080000E-8	3.212811E-2
7.085000E-8	3.205274E-2
7.090000E-8	3.198251E-2
7.095000E-8	3.193283E-2
7.100000E-8	3.189858E-2
7.105000E-8	3.186603E-2
7.110000E-8	3.186603E-2
7.115000E-8	3.189344E-2
7.120000E-8	3.196195E-2
7.125000E-8	3.205959E-2
7.130000E-8	3.216066E-2
7.135000E-8	3.224288E-2
7.140000E-8	3.232167E-2
7.145000E-8	3.239191E-2
7.150000E-8	3.241589E-2
7.155000E-8	3.240218E-2
7.160000E-8	3.237820E-2
7.165000E-8	3.233880E-2
7.170000E-8	3.227200E-2
7.175000E-8	3.221547E-2
7.180000E-8	3.215894E-2
7.185000E-8	3.205617E-2
7.190000E-8	3.192770E-2
7.195000E-8	3.181807E-2
7.200000E-8	3.172728E-2
7.205000E-8	3.162964E-2
7.210000E-8	3.154400E-2
7.215000E-8	3.148918E-2
7.220000E-8	3.146520E-2
7.225000E-8	3.146349E-2
7.230000E-8	3.149432E-2
7.235000E-8	3.155256E-2
7.240000E-8	3.163821E-2
7.245000E-8	3.172043E-2
7.250000E-8	3.179580E-2
7.255000E-8	3.187802E-2
7.260000E-8	3.193969E-2
7.265000E-8	3.194825E-2
7.270000E-8	3.193112E-2
7.275000E-8	3.194311E-2
7.280000E-8	3.194996E-2
7.285000E-8	3.191057E-2
7.290000E-8	3.184205E-2
7.295000E-8	3.180094E-2
7.300000E-8	3.178381E-2
7.305000E-8	3.177010E-2
7.310000E-8	3.177182E-2
7.315000E-8	3.180779E-2
7.320000E-8	3.186260E-2
7.325000E-8	3.189515E-2
7.330000E-8	3.191571E-2
7.335000E-8	3.191571E-2
7.340000E-8	3.187117E-2
7.345000E-8	3.178895E-2
7.350000E-8	3.168788E-2
7.355000E-8	3.154742E-2
7.360000E-8	3.137099E-2
7.365000E-8	3.123224E-2
7.370000E-8	3.115173E-2
7.375000E-8	3.108150E-2
7.380000E-8	3.103525E-2
7.385000E-8	3.105923E-2
7.390000E-8	3.114316E-2
7.395000E-8	3.128020E-2
7.400000E-8	3.146349E-2
7.405000E-8	3.165876E-2
7.410000E-8	3.181635E-2
7.415000E-8	3.193797E-2
7.420000E-8	3.200992E-2
7.425000E-8	3.199279E-2
7.430000E-8	3.190029E-2
7.435000E-8	3.173927E-2
7.440000E-8	3.154742E-2
7.445000E-8	3.138126E-2
7.450000E-8	3.125108E-2
7.455000E-8	3.112604E-2
7.460000E-8	3.100099E-2
7.465000E-8	3.090678E-2
7.470000E-8	3.086567E-2
7.475000E-8	3.085368E-2
7.480000E-8	3.088280E-2
7.485000E-8	3.095474E-2
7.490000E-8	3.106266E-2
7.495000E-8	3.119969E-2
7.500000E-8	3.132816E-2
7.505000E-8	3.140182E-2
7.510000E-8	3.141381E-2
7.515000E-8	3.137784E-2
7.520000E-8	3.129562E-2
7.525000E-8	3.116201E-2
7.530000E-8	3.102668E-2
7.535000E-8	3.091706E-2
7.540000E-8	3.082456E-2
7.545000E-8	3.076289E-2
7.550000E-8	3.074919E-2
7.555000E-8	3.074576E-2
7.560000E-8	3.075604E-2
7.565000E-8	3.082284E-2
7.570000E-8	3.096502E-2
7.575000E-8	3.114316E-2
7.580000E-8	3.130761E-2
7.585000E-8	3.143951E-2
7.590000E-8	3.153886E-2
7.595000E-8	3.161423E-2
7.600000E-8	3.165191E-2
7.605000E-8	3.164335E-2
7.610000E-8	3.159196E-2
7.615000E-8	3.151488E-2
7.620000E-8	3.141381E-2
7.625000E-8	3.130761E-2
7.630000E-8	3.122367E-2
7.635000E-8	3.115858E-2
7.640000E-8	3.112090E-2
7.645000E-8	3.111404E-2
7.650000E-8	3.113117E-2
7.655000E-8	3.113803E-2
7.660000E-8	3.115344E-2
7.665000E-8	3.119798E-2
7.670000E-8	3.125793E-2
7.675000E-8	3.131103E-2
7.680000E-8	3.134358E-2
7.685000E-8	3.136585E-2
7.690000E-8	3.137784E-2
7.695000E-8	3.138126E-2
7.700000E-8	3.135557E-2
7.705000E-8	3.130590E-2
7.710000E-8	3.124765E-2
7.715000E-8	3.119627E-2
7.720000E-8	3.117914E-2
7.725000E-8	3.119284E-2
7.730000E-8	3.122196E-2
7.735000E-8	3.125451E-2
7.740000E-8	3.130418E-2
7.745000E-8	3.136585E-2
7.750000E-8	3.142923E-2
7.755000E-8	3.150460E-2
7.760000E-8	3.156626E-2
7.765000E-8	3.158682E-2
7.770000E-8	3.155941E-2
7.775000E-8	3.148062E-2
7.780000E-8	3.135214E-2
7.785000E-8	3.120654E-2
7.790000E-8	3.109178E-2
7.795000E-8	3.103011E-2
7.800000E-8	3.099756E-2
7.805000E-8	3.097530E-2
7.810000E-8	3.097016E-2
7.815000E-8	3.100613E-2
7.820000E-8	3.105238E-2
7.825000E-8	3.105067E-2
7.830000E-8	3.103867E-2
7.835000E-8	3.103011E-2
7.840000E-8	3.099928E-2
7.845000E-8	3.093761E-2
7.850000E-8	3.086395E-2
7.855000E-8	3.077145E-2
7.860000E-8	3.067553E-2
7.865000E-8	3.061386E-2
7.870000E-8	3.058988E-2
7.875000E-8	3.058303E-2
7.880000E-8	3.061215E-2
7.885000E-8	3.068581E-2
7.890000E-8	3.076974E-2
7.895000E-8	3.084682E-2
7.900000E-8	3.092562E-2
7.905000E-8	3.100955E-2
7.910000E-8	3.105067E-2
7.915000E-8	3.104210E-2
7.920000E-8	3.099928E-2
7.925000E-8	3.093076E-2
7.930000E-8	3.085196E-2
7.935000E-8	3.078002E-2
7.940000E-8	3.070808E-2
7.945000E-8	3.063784E-2
7.950000E-8	3.059502E-2
7.955000E-8	3.059331E-2
7.960000E-8	3.060872E-2
7.965000E-8	3.062414E-2
7.970000E-8	3.064812E-2
7.975000E-8	3.067382E-2
7.980000E-8	3.069951E-2
7.985000E-8	3.075261E-2
7.990000E-8	3.081428E-2
7.995000E-8	3.086738E-2
8.000000E-8	3.090849E-2
8.005000E-8	3.091192E-2
8.010000E-8	3.084511E-2
8.015000E-8	3.071150E-2
8.020000E-8	3.054021E-2
8.025000E-8	3.034322E-2
8.030000E-8	3.017192E-2
8.035000E-8	3.007086E-2
8.040000E-8	3.000577E-2
8.045000E-8	2.996808E-2
8.050000E-8	2.999378E-2
8.055000E-8	3.005715E-2
8.060000E-8	3.011368E-2
8.065000E-8	3.018905E-2
8.070000E-8	3.029525E-2
8.075000E-8	3.039118E-2
8.080000E-8	3.047511E-2
8.085000E-8	3.057104E-2
8.090000E-8	3.065155E-2
8.095000E-8	3.070122E-2
8.100000E-8	3.074576E-2
8.105000E-8	3.080743E-2
8.110000E-8	3.084340E-2
8.115000E-8	3.081428E-2
8.120000E-8	3.072863E-2
8.125000E-8	3.063099E-2
8.130000E-8	3.054535E-2
8.135000E-8	3.046484E-2
8.140000E-8	3.038090E-2
8.145000E-8	3.030725E-2
8.150000E-8	3.025928E-2
8.155000E-8	3.024729E-2
8.160000E-8	3.022845E-2
8.165000E-8	3.018563E-2
8.170000E-8	3.012910E-2
8.175000E-8	3.010340E-2
8.180000E-8	3.010169E-2
8.185000E-8	3.010512E-2
8.190000E-8	3.009998E-2
8.195000E-8	3.009998E-2
8.200000E-8	3.011197E-2
8.205000E-8	3.012567E-2
8.210000E-8	3.011539E-2
8.215000E-8	3.009141E-2
8.220000E-8	3.009313E-2
8.225000E-8	3.014623E-2
8.230000E-8	3.022845E-2
8.235000E-8	3.030039E-2
8.240000E-8	3.035178E-2
8.245000E-8	3.039461E-2
8.250000E-8	3.043743E-2
8.255000E-8	3.042544E-2
8.260000E-8	3.035863E-2
8.265000E-8	3.027299E-2
8.270000E-8	3.019076E-2
8.275000E-8	3.011368E-2
8.280000E-8	3.004688E-2
8.285000E-8	3.003146E-2
8.290000E-8	3.005373E-2
8.295000E-8	3.011539E-2
8.300000E-8	3.021646E-2
8.305000E-8	3.033808E-2
8.310000E-8	3.047511E-2
8.315000E-8	3.061215E-2
8.320000E-8	3.072007E-2
8.325000E-8	3.078173E-2
8.330000E-8	3.080229E-2
8.335000E-8	3.075946E-2
8.340000E-8	3.066183E-2
8.345000E-8	3.054535E-2
8.350000E-8	3.044771E-2
8.355000E-8	3.034150E-2
8.360000E-8	3.022845E-2
8.365000E-8	3.015137E-2
8.370000E-8	3.012739E-2
8.375000E-8	3.012739E-2
8.380000E-8	3.013766E-2
8.385000E-8	3.015651E-2
8.390000E-8	3.015651E-2
8.395000E-8	3.012053E-2
8.400000E-8	3.004859E-2
8.405000E-8	2.996637E-2
8.410000E-8	2.988586E-2
8.415000E-8	2.979850E-2
8.420000E-8	2.969401E-2
8.425000E-8	2.959980E-2
8.430000E-8	2.954841E-2
8.435000E-8	2.954841E-2
8.440000E-8	2.958609E-2
8.445000E-8	2.965975E-2
8.450000E-8	2.976081E-2
8.455000E-8	2.988929E-2
8.460000E-8	3.001433E-2
8.465000E-8	3.013766E-2
8.470000E-8	3.027984E-2
8.475000E-8	3.040660E-2
8.480000E-8	3.048368E-2
8.485000E-8	3.052822E-2
8.490000E-8	3.056590E-2
8.495000E-8	3.058646E-2
8.500000E-8	3.058303E-2
8.505000E-8	3.057960E-2
8.510000E-8	3.056761E-2
8.515000E-8	3.052650E-2
8.520000E-8	3.046655E-2
8.525000E-8	3.041687E-2
8.530000E-8	3.037748E-2
8.535000E-8	3.035178E-2
8.540000E-8	3.035692E-2
8.545000E-8	3.037919E-2
8.550000E-8	3.039632E-2
8.555000E-8	3.039632E-2
8.560000E-8	3.038947E-2
8.565000E-8	3.034664E-2
8.570000E-8	3.026271E-2
8.575000E-8	3.016850E-2
8.580000E-8	3.011197E-2
8.585000E-8	3.005715E-2
8.590000E-8	2.999206E-2
8.595000E-8	2.993725E-2
8.600000E-8	2.989956E-2
8.605000E-8	2.986359E-2
8.610000E-8	2.980878E-2
8.615000E-8	2.971970E-2
8.620000E-8	2.965119E-2
8.625000E-8	2.963063E-2
8.630000E-8	2.964262E-2
8.635000E-8	2.966831E-2
8.640000E-8	2.971114E-2
8.645000E-8	2.976424E-2
8.650000E-8	2.978993E-2
8.655000E-8	2.981220E-2
8.660000E-8	2.985160E-2
8.665000E-8	2.987387E-2
8.670000E-8	2.986873E-2
8.675000E-8	2.986702E-2
8.680000E-8	2.988415E-2
8.685000E-8	2.989100E-2
8.690000E-8	2.988929E-2
8.695000E-8	2.985674E-2
8.700000E-8	2.980021E-2
8.705000E-8	2.973169E-2
8.710000E-8	2.967688E-2
8.715000E-8	2.965290E-2
8.720000E-8	2.964433E-2
8.725000E-8	2.962378E-2
8.730000E-8	2.958095E-2
8.735000E-8	2.956211E-2
8.740000E-8	2.959295E-2
8.745000E-8	2.962035E-2
8.750000E-8	2.961693E-2
8.755000E-8	2.962035E-2
8.760000E-8	2.964605E-2
8.765000E-8	2.965804E-2
8.770000E-8	2.963063E-2
8.775000E-8	2.960151E-2
8.780000E-8	2.958267E-2
8.785000E-8	2.955526E-2
8.790000E-8	2.947818E-2
8.795000E-8	2.934457E-2
8.800000E-8	2.919211E-2
8.805000E-8	2.908934E-2
8.810000E-8	2.905337E-2
8.815000E-8	2.904309E-2
8.820000E-8	2.902938E-2
8.825000E-8	2.905165E-2
8.830000E-8	2.913387E-2
8.835000E-8	2.922295E-2
8.840000E-8	2.928290E-2
8.845000E-8	2.933086E-2
8.850000E-8	2.939767E-2
8.855000E-8	2.945248E-2
8.860000E-8	2.948846E-2
8.865000E-8	2.951072E-2
8.870000E-8	2.953642E-2
8.875000E-8	2.955697E-2
8.880000E-8	2.955183E-2
8.885000E-8	2.953299E-2
8.890000E-8	2.950730E-2
8.895000E-8	2.946961E-2
8.900000E-8	2.943364E-2
8.905000E-8	2.940623E-2
8.910000E-8	2.938739E-2
8.915000E-8	2.936170E-2
8.920000E-8	2.933086E-2
8.925000E-8	2.927948E-2
8.930000E-8	2.921610E-2
8.935000E-8	2.918012E-2
8.940000E-8	2.916471E-2
8.945000E-8	2.915614E-2
8.950000E-8	2.917499E-2
8.955000E-8	2.922123E-2
8.960000E-8	2.927434E-2
8.965000E-8	2.933943E-2
8.970000E-8	2.939082E-2
8.975000E-8	2.940795E-2
8.980000E-8	2.940966E-2
8.985000E-8	2.941994E-2
8.990000E-8	2.943021E-2
8.995000E-8	2.942165E-2
9.000000E-8	2.940623E-2
9.005000E-8	2.937883E-2
9.010000E-8	2.932572E-2
9.015000E-8	2.926748E-2
9.020000E-8	2.922637E-2
9.025000E-8	2.920411E-2
9.030000E-8	2.920239E-2
9.035000E-8	2.923836E-2
9.040000E-8	2.928804E-2
9.045000E-8	2.934114E-2
9.050000E-8	2.940966E-2
9.055000E-8	2.949017E-2
9.060000E-8	2.954841E-2
9.065000E-8	2.958609E-2
9.070000E-8	2.959637E-2
9.075000E-8	2.959123E-2
9.080000E-8	2.960151E-2
9.085000E-8	2.962892E-2
9.090000E-8	2.963406E-2
9.095000E-8	2.961007E-2
9.100000E-8	2.956896E-2
9.105000E-8	2.951244E-2
9.110000E-8	2.943707E-2
9.115000E-8	2.936170E-2
9.120000E-8	2.926920E-2
9.125000E-8	2.918526E-2
9.130000E-8	2.912874E-2
9.135000E-8	2.909790E-2
9.140000E-8	2.908591E-2
9.145000E-8	2.906707E-2
9.150000E-8	2.904309E-2
9.155000E-8	2.900883E-2
9.160000E-8	2.898656E-2
9.165000E-8	2.895744E-2
9.170000E-8	2.892832E-2
9.175000E-8	2.890434E-2
9.180000E-8	2.891462E-2
9.185000E-8	2.895915E-2
9.190000E-8	2.902253E-2
9.195000E-8	2.907735E-2
9.200000E-8	2.911674E-2
9.205000E-8	2.913730E-2
9.210000E-8	2.916128E-2
9.215000E-8	2.916642E-2
9.220000E-8	2.914073E-2
9.225000E-8	2.907221E-2
9.230000E-8	2.897457E-2
9.235000E-8	2.885980E-2
9.240000E-8	2.875531E-2
9.245000E-8	2.867994E-2
9.250000E-8	2.866624E-2
9.255000E-8	2.869536E-2
9.260000E-8	2.873990E-2
9.265000E-8	2.878615E-2
9.270000E-8	2.884610E-2
9.275000E-8	2.893175E-2
9.280000E-8	2.900712E-2
9.285000E-8	2.904651E-2
9.290000E-8	2.904651E-2
9.295000E-8	2.902596E-2
9.300000E-8	2.896943E-2
9.305000E-8	2.888036E-2
9.310000E-8	2.877929E-2
9.315000E-8	2.868166E-2
9.320000E-8	2.857374E-2
9.325000E-8	2.846754E-2
9.330000E-8	2.837675E-2
9.335000E-8	2.831680E-2
9.340000E-8	2.828939E-2
9.345000E-8	2.829282E-2
9.350000E-8	2.831680E-2
9.355000E-8	2.833050E-2
9.360000E-8	2.834934E-2
9.365000E-8	2.840758E-2
9.370000E-8	2.849323E-2
9.375000E-8	2.858916E-2
9.380000E-8	2.870050E-2
9.385000E-8	2.883411E-2
9.390000E-8	2.896429E-2
9.395000E-8	2.906707E-2
9.400000E-8	2.915957E-2
9.405000E-8	2.924008E-2
9.410000E-8	2.927091E-2
9.415000E-8	2.923151E-2
9.420000E-8	2.915100E-2
9.425000E-8	2.905850E-2
9.430000E-8	2.892832E-2
9.435000E-8	2.878272E-2
9.440000E-8	2.867823E-2
9.445000E-8	2.861656E-2
9.450000E-8	2.856518E-2
9.455000E-8	2.854119E-2
9.460000E-8	2.853777E-2
9.465000E-8	2.853092E-2
9.470000E-8	2.852406E-2
9.475000E-8	2.852578E-2
9.480000E-8	2.851379E-2
9.485000E-8	2.851721E-2
9.490000E-8	2.856860E-2
9.495000E-8	2.865425E-2
9.500000E-8	2.872448E-2
9.505000E-8	2.879642E-2
9.510000E-8	2.888892E-2
9.515000E-8	2.897457E-2
9.520000E-8	2.901568E-2
9.525000E-8	2.903966E-2
9.530000E-8	2.905165E-2
9.535000E-8	2.901568E-2
9.540000E-8	2.892318E-2
9.545000E-8	2.879985E-2
9.550000E-8	2.865425E-2
9.555000E-8	2.849837E-2
9.560000E-8	2.836305E-2
9.565000E-8	2.826198E-2
9.570000E-8	2.820374E-2
9.575000E-8	2.820374E-2
9.580000E-8	2.824999E-2
9.585000E-8	2.833564E-2
9.590000E-8	2.848295E-2
9.595000E-8	2.867309E-2
9.600000E-8	2.884439E-2
9.605000E-8	2.895744E-2
9.610000E-8	2.903110E-2
9.615000E-8	2.906878E-2
9.620000E-8	2.904138E-2
9.625000E-8	2.890948E-2
9.630000E-8	2.871420E-2
9.635000E-8	2.853092E-2
9.640000E-8	2.836990E-2
9.645000E-8	2.819860E-2
9.650000E-8	2.802902E-2
9.655000E-8	2.790398E-2
9.660000E-8	2.783717E-2
9.665000E-8	2.782004E-2
9.670000E-8	2.785259E-2
9.675000E-8	2.792796E-2
9.680000E-8	2.802902E-2
9.685000E-8	2.817291E-2
9.690000E-8	2.835791E-2
9.695000E-8	2.850865E-2
9.700000E-8	2.858573E-2
9.705000E-8	2.859943E-2
9.710000E-8	2.854976E-2
9.715000E-8	2.845383E-2
9.720000E-8	2.835106E-2
9.725000E-8	2.823800E-2
9.730000E-8	2.806499E-2
9.735000E-8	2.786800E-2
9.740000E-8	2.773097E-2
9.745000E-8	2.766245E-2
9.750000E-8	2.761106E-2
9.755000E-8	2.757509E-2
9.760000E-8	2.758194E-2
9.765000E-8	2.762305E-2
9.770000E-8	2.767615E-2
9.775000E-8	2.771213E-2
9.780000E-8	2.774125E-2
9.785000E-8	2.777893E-2
9.790000E-8	2.783888E-2
9.795000E-8	2.790055E-2
9.800000E-8	2.794509E-2
9.805000E-8	2.797078E-2
9.810000E-8	2.800847E-2
9.815000E-8	2.807013E-2
9.820000E-8	2.812495E-2
9.825000E-8	2.813009E-2
9.830000E-8	2.809411E-2
9.835000E-8	2.805129E-2
9.840000E-8	2.798962E-2
9.845000E-8	2.790912E-2
9.850000E-8	2.786458E-2
9.855000E-8	2.790398E-2
9.860000E-8	2.798791E-2
9.865000E-8	2.807698E-2
9.870000E-8	2.819689E-2
9.875000E-8	2.835277E-2
9.880000E-8	2.852406E-2
9.885000E-8	2.866966E-2
9.890000E-8	2.878786E-2
9.895000E-8	2.887522E-2
9.900000E-8	2.892147E-2
9.905000E-8	2.892147E-2
9.910000E-8	2.888207E-2
9.915000E-8	2.880841E-2
9.920000E-8	2.868679E-2
9.925000E-8	2.854805E-2
9.930000E-8	2.841272E-2
9.935000E-8	2.830309E-2
9.940000E-8	2.819346E-2
9.945000E-8	2.809754E-2
9.950000E-8	2.805814E-2
9.955000E-8	2.803759E-2
9.960000E-8	2.798962E-2
9.965000E-8	2.792453E-2
9.970000E-8	2.787486E-2
9.975000E-8	2.782347E-2
9.980000E-8	2.776865E-2
9.985000E-8	2.772069E-2
9.990000E-8	2.766759E-2
9.995000E-8	2.761277E-2
1.000000E-7	2.758879E-2
1.000500E-7	2.762305E-2
1.001000E-7	2.767444E-2
1.001500E-7	2.771041E-2
1.002000E-7	2.774125E-2
1.002500E-7	2.777893E-2
1.003000E-7	2.781148E-2
1.003500E-7	2.784402E-2
1.004000E-7	2.787314E-2
1.004500E-7	2.788171E-2
1.005000E-7	2.785259E-2
1.005500E-7	2.779949E-2
1.006000E-7	2.775495E-2
1.006500E-7	2.776180E-2
1.007000E-7	2.779606E-2
1.007500E-7	2.783032E-2
1.008000E-7	2.789884E-2
1.008500E-7	2.801703E-2
1.009000E-7	2.814379E-2
1.009500E-7	2.823971E-2
1.010000E-7	2.832879E-2
1.010500E-7	2.842471E-2
1.011000E-7	2.848638E-2
1.011500E-7	2.850693E-2
1.012000E-7	2.848981E-2
1.012500E-7	2.844527E-2
1.013000E-7	2.837161E-2
1.013500E-7	2.827397E-2
1.014000E-7	2.816948E-2
1.014500E-7	2.806499E-2
1.015000E-7	2.797249E-2
1.015500E-7	2.791254E-2
1.016000E-7	2.790398E-2
1.016500E-7	2.791939E-2
1.017000E-7	2.794337E-2
1.017500E-7	2.798791E-2
1.018000E-7	2.804615E-2
1.018500E-7	2.809069E-2
1.019000E-7	2.809583E-2
1.019500E-7	2.809411E-2
1.020000E-7	2.810782E-2
1.020500E-7	2.809583E-2
1.021000E-7	2.803073E-2
1.021500E-7	2.793824E-2
1.022000E-7	2.785601E-2
1.022500E-7	2.777551E-2
1.023000E-7	2.767102E-2
1.023500E-7	2.757166E-2
1.024000E-7	2.752199E-2
1.024500E-7	2.752370E-2
1.025000E-7	2.756310E-2
1.025500E-7	2.765046E-2
1.026000E-7	2.774467E-2
1.026500E-7	2.779949E-2
1.027000E-7	2.783203E-2
1.027500E-7	2.786115E-2
1.028000E-7	2.788000E-2
1.028500E-7	2.785944E-2
1.029000E-7	2.780634E-2
1.029500E-7	2.773097E-2
1.030000E-7	2.763162E-2
1.030500E-7	2.753740E-2
1.031000E-7	2.745176E-2
1.031500E-7	2.737125E-2
1.032000E-7	2.731986E-2
1.032500E-7	2.731643E-2
1.033000E-7	2.736268E-2
1.033500E-7	2.744491E-2
1.034000E-7	2.756139E-2
1.034500E-7	2.768129E-2
1.035000E-7	2.777037E-2
1.035500E-7	2.782689E-2
1.036000E-7	2.787314E-2
1.036500E-7	2.788342E-2
1.037000E-7	2.784060E-2
1.037500E-7	2.777208E-2
1.038000E-7	2.772240E-2
1.038500E-7	2.770870E-2
1.039000E-7	2.770699E-2
1.039500E-7	2.769157E-2
1.040000E-7	2.768814E-2
1.040500E-7	2.771555E-2
1.041000E-7	2.773782E-2
1.041500E-7	2.771726E-2
1.042000E-7	2.768643E-2
1.042500E-7	2.767273E-2
1.043000E-7	2.764875E-2
1.043500E-7	2.758708E-2
1.044000E-7	2.752713E-2
1.044500E-7	2.747574E-2
1.045000E-7	2.739694E-2
1.045500E-7	2.730958E-2
1.046000E-7	2.724106E-2
1.046500E-7	2.720509E-2
1.047000E-7	2.718796E-2
1.047500E-7	2.719481E-2
1.048000E-7	2.721708E-2
1.048500E-7	2.723593E-2
1.049000E-7	2.725306E-2
1.049500E-7	2.728903E-2
1.050000E-7	2.731643E-2
1.050500E-7	2.732329E-2
1.051000E-7	2.730958E-2
1.051500E-7	2.729588E-2
1.052000E-7	2.729074E-2
1.052500E-7	2.728560E-2
1.053000E-7	2.727704E-2
1.053500E-7	2.726505E-2
1.054000E-7	2.725991E-2
1.054500E-7	2.725648E-2
1.055000E-7	2.725991E-2
1.055500E-7	2.728218E-2
1.056000E-7	2.732671E-2
1.056500E-7	2.739009E-2
1.057000E-7	2.745518E-2
1.057500E-7	2.749458E-2
1.058000E-7	2.748773E-2
1.058500E-7	2.746204E-2
1.059000E-7	2.744833E-2
1.059500E-7	2.743120E-2
1.060000E-7	2.740379E-2
1.060500E-7	2.739009E-2
1.061000E-7	2.739352E-2
1.061500E-7	2.739352E-2
1.062000E-7	2.737639E-2
1.062500E-7	2.738838E-2
1.063000E-7	2.746204E-2
1.063500E-7	2.756139E-2
1.064000E-7	2.764189E-2
1.064500E-7	2.771213E-2
1.065000E-7	2.778407E-2
1.065500E-7	2.781490E-2
1.066000E-7	2.777379E-2
1.066500E-7	2.770527E-2
1.067000E-7	2.764361E-2
1.067500E-7	2.753912E-2
1.068000E-7	2.739352E-2
1.068500E-7	2.725819E-2
1.069000E-7	2.714000E-2
1.069500E-7	2.704750E-2
1.070000E-7	2.698755E-2
1.070500E-7	2.694472E-2
1.071000E-7	2.693102E-2
1.071500E-7	2.697727E-2
1.072000E-7	2.705435E-2
1.072500E-7	2.711088E-2
1.073000E-7	2.717083E-2
1.073500E-7	2.725306E-2
1.074000E-7	2.729930E-2
1.074500E-7	2.728389E-2
1.075000E-7	2.728218E-2
1.075500E-7	2.729930E-2
1.076000E-7	2.728731E-2
1.076500E-7	2.724106E-2
1.077000E-7	2.720681E-2
1.077500E-7	2.718968E-2
1.078000E-7	2.716741E-2
1.078500E-7	2.715370E-2
1.079000E-7	2.716912E-2
1.079500E-7	2.720509E-2
1.080000E-7	2.724620E-2
1.080500E-7	2.727190E-2
1.081000E-7	2.729759E-2
1.081500E-7	2.729930E-2
1.082000E-7	2.728218E-2
1.082500E-7	2.725819E-2
1.083000E-7	2.721194E-2
1.083500E-7	2.711431E-2
1.084000E-7	2.700810E-2
1.084500E-7	2.693273E-2
1.085000E-7	2.687278E-2
1.085500E-7	2.681283E-2
1.086000E-7	2.679741E-2
1.086500E-7	2.683681E-2
1.087000E-7	2.690019E-2
1.087500E-7	2.696871E-2
1.088000E-7	2.704408E-2
1.088500E-7	2.711431E-2
1.089000E-7	2.717083E-2
1.089500E-7	2.722907E-2
1.090000E-7	2.727018E-2
1.090500E-7	2.726847E-2
1.091000E-7	2.723250E-2
1.091500E-7	2.718282E-2
1.092000E-7	2.710232E-2
1.092500E-7	2.699954E-2
1.093000E-7	2.692588E-2
1.093500E-7	2.688820E-2
1.094000E-7	2.684880E-2
1.094500E-7	2.680769E-2
1.095000E-7	2.679912E-2
1.095500E-7	2.681283E-2
1.096000E-7	2.681283E-2
1.096500E-7	2.678885E-2
1.097000E-7	2.673232E-2
1.097500E-7	2.665010E-2
1.098000E-7	2.656616E-2
1.098500E-7	2.650963E-2
1.099000E-7	2.647709E-2
1.099500E-7	2.648394E-2
1.100000E-7	2.653190E-2
1.100500E-7	2.660213E-2
1.101000E-7	2.668264E-2
1.101500E-7	2.679227E-2
1.102000E-7	2.688648E-2
1.102500E-7	2.693616E-2
1.103000E-7	2.694986E-2
1.103500E-7	2.692417E-2
1.104000E-7	2.683852E-2
1.104500E-7	2.672375E-2
1.105000E-7	2.661926E-2
1.105500E-7	2.653190E-2
1.106000E-7	2.644283E-2
1.106500E-7	2.636746E-2
1.107000E-7	2.633663E-2
1.107500E-7	2.634177E-2
1.108000E-7	2.637945E-2
1.108500E-7	2.644454E-2
1.109000E-7	2.651820E-2
1.109500E-7	2.657130E-2
1.110000E-7	2.661241E-2
1.110500E-7	2.665010E-2
1.111000E-7	2.665181E-2
1.111500E-7	2.661412E-2
1.112000E-7	2.657301E-2
1.112500E-7	2.654903E-2
1.113000E-7	2.652505E-2
1.113500E-7	2.649764E-2
1.114000E-7	2.647880E-2
1.114500E-7	2.648051E-2
1.115000E-7	2.649422E-2
1.115500E-7	2.651135E-2
1.116000E-7	2.652334E-2
1.116500E-7	2.654218E-2
1.117000E-7	2.657815E-2
1.117500E-7	2.661241E-2
1.118000E-7	2.663639E-2
1.118500E-7	2.666894E-2
1.119000E-7	2.671176E-2
1.119500E-7	2.675287E-2
1.120000E-7	2.675630E-2
1.120500E-7	2.672204E-2
1.121000E-7	2.668264E-2
1.121500E-7	2.666551E-2
1.122000E-7	2.663982E-2
1.122500E-7	2.659357E-2
1.123000E-7	2.654732E-2
1.123500E-7	2.654218E-2
1.124000E-7	2.658158E-2
1.124500E-7	2.663297E-2
1.125000E-7	2.666037E-2
1.125500E-7	2.665181E-2
1.126000E-7	2.660556E-2
1.126500E-7	2.654561E-2
1.127000E-7	2.649593E-2
1.127500E-7	2.645825E-2
1.128000E-7	2.642399E-2
1.128500E-7	2.640172E-2
1.129000E-7	2.638288E-2
1.129500E-7	2.636575E-2
1.130000E-7	2.635204E-2
1.130500E-7	2.634862E-2
1.131000E-7	2.636746E-2
1.131500E-7	2.642570E-2
1.132000E-7	2.651991E-2
1.132500E-7	2.662783E-2
1.133000E-7	2.673232E-2
1.133500E-7	2.681454E-2
1.134000E-7	2.685908E-2
1.134500E-7	2.686935E-2
1.135000E-7	2.683681E-2
1.135500E-7	2.674774E-2
1.136000E-7	2.663297E-2
1.136500E-7	2.655931E-2
1.137000E-7	2.651135E-2
1.137500E-7	2.645825E-2
1.138000E-7	2.641371E-2
1.138500E-7	2.638973E-2
1.139000E-7	2.637774E-2
1.139500E-7	2.637260E-2
1.140000E-7	2.640001E-2
1.140500E-7	2.641714E-2
1.141000E-7	2.643427E-2
1.141500E-7	2.646681E-2
1.142000E-7	2.649936E-2
1.142500E-7	2.651991E-2
1.143000E-7	2.654561E-2
1.143500E-7	2.656959E-2
1.144000E-7	2.656959E-2
1.144500E-7	2.656616E-2
1.145000E-7	2.657815E-2
1.145500E-7	2.656274E-2
1.146000E-7	2.652163E-2
1.146500E-7	2.649079E-2
1.147000E-7	2.648223E-2
1.147500E-7	2.646339E-2
1.148000E-7	2.643255E-2
1.148500E-7	2.640343E-2
1.149000E-7	2.637089E-2
1.149500E-7	2.631093E-2
1.150000E-7	2.622186E-2
1.150500E-7	2.611052E-2
1.151000E-7	2.600603E-2
1.151500E-7	2.593751E-2
1.152000E-7	2.588783E-2
1.152500E-7	2.583302E-2
1.153000E-7	2.576793E-2
1.153500E-7	2.572682E-2
1.154000E-7	2.569084E-2
1.154500E-7	2.566515E-2
1.155000E-7	2.567714E-2
1.155500E-7	2.575251E-2
1.156000E-7	2.584844E-2
1.156500E-7	2.594436E-2
1.157000E-7	2.603172E-2
1.157500E-7	2.609168E-2
1.158000E-7	2.610538E-2
1.158500E-7	2.610024E-2
1.159000E-7	2.607797E-2
1.159500E-7	2.602316E-2
1.160000E-7	2.593237E-2
1.160500E-7	2.584158E-2
1.161000E-7	2.579362E-2
1.161500E-7	2.577821E-2
1.162000E-7	2.576621E-2
1.162500E-7	2.576964E-2
1.163000E-7	2.580047E-2
1.163500E-7	2.583816E-2
1.164000E-7	2.585358E-2
1.164500E-7	2.585529E-2
1.165000E-7	2.586214E-2
1.165500E-7	2.585186E-2
1.166000E-7	2.580390E-2
1.166500E-7	2.573881E-2
1.167000E-7	2.568742E-2
1.167500E-7	2.565316E-2
1.168000E-7	2.564802E-2
1.168500E-7	2.570284E-2
1.169000E-7	2.584501E-2
1.169500E-7	2.602316E-2
1.170000E-7	2.618589E-2
1.170500E-7	2.631093E-2
1.171000E-7	2.640001E-2
1.171500E-7	2.645139E-2
1.172000E-7	2.643255E-2
1.172500E-7	2.634690E-2
1.173000E-7	2.619617E-2
1.173500E-7	2.601288E-2
1.174000E-7	2.584844E-2
1.174500E-7	2.570969E-2
1.175000E-7	2.559492E-2
1.175500E-7	2.552126E-2
1.176000E-7	2.550071E-2
1.176500E-7	2.552469E-2
1.177000E-7	2.558293E-2
1.177500E-7	2.568742E-2
1.178000E-7	2.584158E-2
1.178500E-7	2.600431E-2
1.179000E-7	2.613621E-2
1.179500E-7	2.622700E-2
1.180000E-7	2.628010E-2
1.180500E-7	2.628010E-2
1.181000E-7	2.625098E-2
1.181500E-7	2.620987E-2
1.182000E-7	2.615334E-2
1.182500E-7	2.609168E-2
1.183000E-7	2.602830E-2
1.183500E-7	2.594607E-2
1.184000E-7	2.584330E-2
1.184500E-7	2.572682E-2
1.185000E-7	2.562747E-2
1.185500E-7	2.554182E-2
1.186000E-7	2.548529E-2
1.186500E-7	2.546816E-2
1.187000E-7	2.547159E-2
1.187500E-7	2.547159E-2
1.188000E-7	2.547844E-2
1.188500E-7	2.551612E-2
1.189000E-7	2.556751E-2
1.189500E-7	2.562061E-2
1.190000E-7	2.566686E-2
1.190500E-7	2.569427E-2
1.191000E-7	2.568057E-2
1.191500E-7	2.563774E-2
1.192000E-7	2.556751E-2
1.192500E-7	2.546131E-2
1.193000E-7	2.533969E-2
1.193500E-7	2.524205E-2
1.194000E-7	2.519238E-2
1.194500E-7	2.513756E-2
1.195000E-7	2.507932E-2
1.195500E-7	2.507076E-2
1.196000E-7	2.511187E-2
1.196500E-7	2.516668E-2
1.197000E-7	2.523520E-2
1.197500E-7	2.532085E-2
1.198000E-7	2.540136E-2
1.198500E-7	2.545617E-2
1.199000E-7	2.548700E-2
1.199500E-7	2.551270E-2
1.200000E-7	2.555895E-2
1.200500E-7	2.561890E-2
1.201000E-7	2.565316E-2
1.201500E-7	2.566686E-2
1.202000E-7	2.567885E-2
1.202500E-7	2.568399E-2
1.203000E-7	2.567029E-2
1.203500E-7	2.565316E-2
1.204000E-7	2.562747E-2
1.204500E-7	2.559835E-2
1.205000E-7	2.559663E-2
1.205500E-7	2.561890E-2
1.206000E-7	2.563089E-2
1.206500E-7	2.563089E-2
1.207000E-7	2.566686E-2
1.207500E-7	2.572339E-2
1.208000E-7	2.575594E-2
1.208500E-7	2.576621E-2
1.209000E-7	2.578848E-2
1.209500E-7	2.580561E-2
1.210000E-7	2.579876E-2
1.210500E-7	2.577135E-2
1.211000E-7	2.571825E-2
1.211500E-7	2.563946E-2
1.212000E-7	2.554867E-2
1.212500E-7	2.544932E-2
1.213000E-7	2.532256E-2
1.213500E-7	2.520951E-2
1.214000E-7	2.512728E-2
1.214500E-7	2.505020E-2
1.215000E-7	2.498168E-2
1.215500E-7	2.495428E-2
1.216000E-7	2.496284E-2
1.216500E-7	2.495942E-2
1.217000E-7	2.496627E-2
1.217500E-7	2.501423E-2
1.218000E-7	2.507418E-2
1.218500E-7	2.512215E-2
1.219000E-7	2.519580E-2
1.219500E-7	2.529858E-2
1.220000E-7	2.538594E-2
1.220500E-7	2.548015E-2
1.221000E-7	2.561034E-2
1.221500E-7	2.574566E-2
1.222000E-7	2.583131E-2
1.222500E-7	2.586899E-2
1.223000E-7	2.589640E-2
1.223500E-7	2.592038E-2
1.224000E-7	2.593922E-2
1.224500E-7	2.596663E-2
1.225000E-7	2.600431E-2
1.225500E-7	2.601973E-2
1.226000E-7	2.600089E-2
1.226500E-7	2.596834E-2
1.227000E-7	2.593751E-2
1.227500E-7	2.591010E-2
1.228000E-7	2.589640E-2
1.228500E-7	2.591353E-2
1.229000E-7	2.591353E-2
1.229500E-7	2.587413E-2
1.230000E-7	2.582274E-2
1.230500E-7	2.579020E-2
1.231000E-7	2.574566E-2
1.231500E-7	2.568571E-2
1.232000E-7	2.562404E-2
1.232500E-7	2.554524E-2
1.233000E-7	2.546645E-2
1.233500E-7	2.539450E-2
1.234000E-7	2.531057E-2
1.234500E-7	2.522321E-2
1.235000E-7	2.516326E-2
1.235500E-7	2.512900E-2
1.236000E-7	2.510330E-2
1.236500E-7	2.509816E-2
1.237000E-7	2.509988E-2
1.237500E-7	2.510502E-2
1.238000E-7	2.512557E-2
1.238500E-7	2.517696E-2
1.239000E-7	2.522150E-2
1.239500E-7	2.524719E-2
1.240000E-7	2.526603E-2
1.240500E-7	2.527802E-2
1.241000E-7	2.530714E-2
1.241500E-7	2.536710E-2
1.242000E-7	2.541506E-2
1.242500E-7	2.543562E-2
1.243000E-7	2.544589E-2
1.243500E-7	2.545103E-2
1.244000E-7	2.542020E-2
1.244500E-7	2.536710E-2
1.245000E-7	2.531400E-2
1.245500E-7	2.524376E-2
1.246000E-7	2.517011E-2
1.246500E-7	2.511529E-2
1.247000E-7	2.507247E-2
1.247500E-7	2.503136E-2
1.248000E-7	2.501766E-2
1.248500E-7	2.503307E-2
1.249000E-7	2.505705E-2
1.249500E-7	2.505020E-2
1.250000E-7	2.503136E-2
1.250500E-7	2.503478E-2
1.251000E-7	2.505191E-2
1.251500E-7	2.505534E-2
1.252000E-7	2.503992E-2
1.252500E-7	2.501594E-2
1.253000E-7	2.499881E-2
1.253500E-7	2.498854E-2
1.254000E-7	2.497312E-2
1.254500E-7	2.496113E-2
1.255000E-7	2.495599E-2
1.255500E-7	2.495256E-2
1.256000E-7	2.495085E-2
1.256500E-7	2.497141E-2
1.257000E-7	2.500909E-2
1.257500E-7	2.505363E-2
1.258000E-7	2.510844E-2
1.258500E-7	2.518039E-2
1.259000E-7	2.522150E-2
1.259500E-7	2.523177E-2
1.260000E-7	2.524205E-2
1.260500E-7	2.525576E-2
1.261000E-7	2.525062E-2
1.261500E-7	2.521293E-2
1.262000E-7	2.514441E-2
1.262500E-7	2.505877E-2
1.263000E-7	2.496969E-2
1.263500E-7	2.489261E-2
1.264000E-7	2.483094E-2
1.264500E-7	2.478469E-2
1.265000E-7	2.474530E-2
1.265500E-7	2.472817E-2
1.266000E-7	2.473159E-2
1.266500E-7	2.473502E-2
1.267000E-7	2.474016E-2
1.267500E-7	2.476243E-2
1.268000E-7	2.477784E-2
1.268500E-7	2.476243E-2
1.269000E-7	2.473159E-2
1.269500E-7	2.470419E-2
1.270000E-7	2.466479E-2
1.270500E-7	2.460655E-2
1.271000E-7	2.454659E-2
1.271500E-7	2.448664E-2
1.272000E-7	2.443525E-2
1.272500E-7	2.441298E-2
1.273000E-7	2.443525E-2
1.273500E-7	2.446266E-2
1.274000E-7	2.449178E-2
1.274500E-7	2.453460E-2
1.275000E-7	2.459456E-2
1.275500E-7	2.465794E-2
1.276000E-7	2.472817E-2
1.276500E-7	2.480354E-2
1.277000E-7	2.488233E-2
1.277500E-7	2.495428E-2
1.278000E-7	2.498854E-2
1.278500E-7	2.497997E-2
1.279000E-7	2.497826E-2
1.279500E-7	2.499025E-2
1.280000E-7	2.497312E-2
1.280500E-7	2.493886E-2
1.281000E-7	2.492002E-2
1.281500E-7	2.490460E-2
1.282000E-7	2.485150E-2
1.282500E-7	2.478983E-2
1.283000E-7	2.471446E-2
1.283500E-7	2.457743E-2
1.284000E-7	2.440613E-2
1.284500E-7	2.427937E-2
1.285000E-7	2.418516E-2
1.285500E-7	2.409095E-2
1.286000E-7	2.405326E-2
1.286500E-7	2.410123E-2
1.287000E-7	2.418002E-2
1.287500E-7	2.426396E-2
1.288000E-7	2.437359E-2
1.288500E-7	2.450206E-2
1.289000E-7	2.462196E-2
1.289500E-7	2.470590E-2
1.290000E-7	2.477099E-2
1.290500E-7	2.482581E-2
1.291000E-7	2.485835E-2
1.291500E-7	2.486520E-2
1.292000E-7	2.488233E-2
1.292500E-7	2.490974E-2
1.293000E-7	2.490289E-2
1.293500E-7	2.488405E-2
1.294000E-7	2.486520E-2
1.294500E-7	2.483266E-2
1.295000E-7	2.479326E-2
1.295500E-7	2.477442E-2
1.296000E-7	2.477784E-2
1.296500E-7	2.478641E-2
1.297000E-7	2.483094E-2
1.297500E-7	2.490803E-2
1.298000E-7	2.498854E-2
1.298500E-7	2.507418E-2
1.299000E-7	2.516326E-2
1.299500E-7	2.519238E-2
1.300000E-7	2.515127E-2
1.300500E-7	2.509474E-2
1.301000E-7	2.503650E-2
1.301500E-7	2.496627E-2
1.302000E-7	2.488233E-2
1.302500E-7	2.481039E-2
1.303000E-7	2.476756E-2
1.303500E-7	2.474701E-2
1.304000E-7	2.473673E-2
1.304500E-7	2.472645E-2
1.305000E-7	2.474872E-2
1.305500E-7	2.481039E-2
1.306000E-7	2.488062E-2
1.306500E-7	2.496113E-2
1.307000E-7	2.503478E-2
1.307500E-7	2.507932E-2
1.308000E-7	2.509988E-2
1.308500E-7	2.511872E-2
1.309000E-7	2.513414E-2
1.309500E-7	2.512386E-2
1.310000E-7	2.508789E-2
1.310500E-7	2.505363E-2
1.311000E-7	2.503307E-2
1.311500E-7	2.500909E-2
1.312000E-7	2.496284E-2
1.312500E-7	2.491145E-2
1.313000E-7	2.486863E-2
1.313500E-7	2.480525E-2
1.314000E-7	2.471960E-2
1.314500E-7	2.462196E-2
1.315000E-7	2.454659E-2
1.315500E-7	2.447294E-2
1.316000E-7	2.440956E-2
1.316500E-7	2.435817E-2
1.317000E-7	2.431535E-2
1.317500E-7	2.426910E-2
1.318000E-7	2.425368E-2
1.318500E-7	2.429308E-2
1.319000E-7	2.435817E-2
1.319500E-7	2.441298E-2
1.320000E-7	2.444382E-2
1.320500E-7	2.446266E-2
1.321000E-7	2.446095E-2
1.321500E-7	2.443525E-2
1.322000E-7	2.439585E-2
1.322500E-7	2.436502E-2
1.323000E-7	2.435474E-2
1.323500E-7	2.436160E-2
1.324000E-7	2.435988E-2
1.324500E-7	2.435646E-2
1.325000E-7	2.436160E-2
1.325500E-7	2.438729E-2
1.326000E-7	2.440956E-2
1.326500E-7	2.439585E-2
1.327000E-7	2.434789E-2
1.327500E-7	2.428280E-2
1.328000E-7	2.420914E-2
1.328500E-7	2.409266E-2
1.329000E-7	2.396077E-2
1.329500E-7	2.386998E-2
1.330000E-7	2.379804E-2
1.330500E-7	2.372952E-2
1.331000E-7	2.367642E-2
1.331500E-7	2.367299E-2
1.332000E-7	2.371581E-2
1.332500E-7	2.379632E-2
1.333000E-7	2.389225E-2
1.333500E-7	2.397276E-2
1.334000E-7	2.403614E-2
1.334500E-7	2.407896E-2
1.335000E-7	2.409780E-2
1.335500E-7	2.411322E-2
1.336000E-7	2.416289E-2
1.336500E-7	2.422799E-2
1.337000E-7	2.427424E-2
1.337500E-7	2.432048E-2
1.338000E-7	2.437701E-2
1.338500E-7	2.442326E-2
1.339000E-7	2.446609E-2
1.339500E-7	2.453289E-2
1.340000E-7	2.458771E-2
1.340500E-7	2.458085E-2
1.341000E-7	2.452604E-2
1.341500E-7	2.445409E-2
1.342000E-7	2.436845E-2
1.342500E-7	2.424340E-2
1.343000E-7	2.410808E-2
1.343500E-7	2.396419E-2
1.344000E-7	2.383401E-2
1.344500E-7	2.374322E-2
1.345000E-7	2.370896E-2
1.345500E-7	2.369868E-2
1.346000E-7	2.372095E-2
1.346500E-7	2.379118E-2
1.347000E-7	2.390938E-2
1.347500E-7	2.404813E-2
1.348000E-7	2.418687E-2
1.348500E-7	2.430678E-2
1.349000E-7	2.437359E-2
1.349500E-7	2.437530E-2
1.350000E-7	2.433419E-2
1.350500E-7	2.428109E-2
1.351000E-7	2.422970E-2
1.351500E-7	2.416118E-2
1.352000E-7	2.407039E-2
1.352500E-7	2.398303E-2
1.353000E-7	2.393850E-2
1.353500E-7	2.393507E-2
1.354000E-7	2.392651E-2
1.354500E-7	2.392137E-2
1.355000E-7	2.394877E-2
1.355500E-7	2.400188E-2
1.356000E-7	2.404470E-2
1.356500E-7	2.406868E-2
1.357000E-7	2.409951E-2
1.357500E-7	2.411150E-2
1.358000E-7	2.408752E-2
1.358500E-7	2.406183E-2
1.359000E-7	2.403442E-2
1.359500E-7	2.399160E-2
1.360000E-7	2.395220E-2
1.360500E-7	2.394192E-2
1.361000E-7	2.393678E-2
1.361500E-7	2.393165E-2
1.362000E-7	2.395734E-2
1.362500E-7	2.399674E-2
1.363000E-7	2.400530E-2
1.363500E-7	2.399331E-2
1.364000E-7	2.397961E-2
1.364500E-7	2.396590E-2
1.365000E-7	2.392993E-2
1.365500E-7	2.386141E-2
1.366000E-7	2.377405E-2
1.366500E-7	2.369697E-2
1.367000E-7	2.364387E-2
1.367500E-7	2.360618E-2
1.368000E-7	2.359419E-2
1.368500E-7	2.361475E-2
1.369000E-7	2.366614E-2
1.369500E-7	2.371924E-2
1.370000E-7	2.375350E-2
1.370500E-7	2.375864E-2
1.371000E-7	2.374836E-2
1.371500E-7	2.372609E-2
1.372000E-7	2.366614E-2
1.372500E-7	2.356336E-2
1.373000E-7	2.346572E-2
1.373500E-7	2.337151E-2
1.374000E-7	2.328758E-2
1.374500E-7	2.324989E-2
1.375000E-7	2.326017E-2
1.375500E-7	2.327730E-2
1.376000E-7	2.329271E-2
1.376500E-7	2.333040E-2
1.377000E-7	2.337322E-2
1.377500E-7	2.339892E-2
1.378000E-7	2.342632E-2
1.378500E-7	2.346744E-2
1.379000E-7	2.351197E-2
1.379500E-7	2.356165E-2
1.380000E-7	2.361475E-2
1.380500E-7	2.365929E-2
1.381000E-7	2.370554E-2
1.381500E-7	2.376549E-2
1.382000E-7	2.380660E-2
1.382500E-7	2.382544E-2
1.383000E-7	2.383229E-2
1.383500E-7	2.382544E-2
1.384000E-7	2.380317E-2
1.384500E-7	2.379290E-2
1.385000E-7	2.378433E-2
1.385500E-7	2.376206E-2
1.386000E-7	2.372780E-2
1.386500E-7	2.369526E-2
1.387000E-7	2.364730E-2
1.387500E-7	2.359248E-2
1.388000E-7	2.353253E-2
1.388500E-7	2.347429E-2
1.389000E-7	2.340748E-2
1.389500E-7	2.337151E-2
1.390000E-7	2.339035E-2
1.390500E-7	2.344345E-2
1.391000E-7	2.349998E-2
1.391500E-7	2.355651E-2
1.392000E-7	2.362845E-2
1.392500E-7	2.368669E-2
1.393000E-7	2.370554E-2
1.393500E-7	2.369183E-2
1.394000E-7	2.367299E-2
1.394500E-7	2.364901E-2
1.395000E-7	2.360618E-2
1.395500E-7	2.354452E-2
1.396000E-7	2.349142E-2
1.396500E-7	2.346230E-2
1.397000E-7	2.345887E-2
1.397500E-7	2.350341E-2
1.398000E-7	2.359419E-2
1.398500E-7	2.369355E-2
1.399000E-7	2.376549E-2
1.399500E-7	2.380660E-2
1.400000E-7	2.382544E-2
1.400500E-7	2.383401E-2
1.401000E-7	2.385799E-2
1.401500E-7	2.387854E-2
1.402000E-7	2.387683E-2
1.402500E-7	2.387169E-2
1.403000E-7	2.389739E-2
1.403500E-7	2.393507E-2
1.404000E-7	2.395049E-2
1.404500E-7	2.396419E-2
1.405000E-7	2.397618E-2
1.405500E-7	2.397276E-2
1.406000E-7	2.392993E-2
1.406500E-7	2.386827E-2
1.407000E-7	2.378262E-2
1.407500E-7	2.366100E-2
1.408000E-7	2.353938E-2
1.408500E-7	2.344003E-2
1.409000E-7	2.334410E-2
1.409500E-7	2.328244E-2
1.410000E-7	2.328244E-2
1.410500E-7	2.333040E-2
1.411000E-7	2.339720E-2
1.411500E-7	2.347600E-2
1.412000E-7	2.354623E-2
1.412500E-7	2.359933E-2
1.413000E-7	2.364901E-2
1.413500E-7	2.368498E-2
1.414000E-7	2.367470E-2
1.414500E-7	2.359933E-2
1.415000E-7	2.349827E-2
1.415500E-7	2.340406E-2
1.416000E-7	2.331156E-2
1.416500E-7	2.321734E-2
1.417000E-7	2.314369E-2
1.417500E-7	2.307517E-2
1.418000E-7	2.301350E-2
1.418500E-7	2.297411E-2
1.419000E-7	2.297068E-2
1.419500E-7	2.296040E-2
1.420000E-7	2.292443E-2
1.420500E-7	2.291758E-2
1.421000E-7	2.296725E-2
1.421500E-7	2.302549E-2
1.422000E-7	2.307003E-2
1.422500E-7	2.312142E-2
1.423000E-7	2.319679E-2
1.423500E-7	2.327559E-2
1.424000E-7	2.335952E-2
1.424500E-7	2.344859E-2
1.425000E-7	2.351369E-2
1.425500E-7	2.354281E-2
1.426000E-7	2.355480E-2
1.426500E-7	2.357878E-2
1.427000E-7	2.359248E-2
1.427500E-7	2.359762E-2
1.428000E-7	2.360276E-2
1.428500E-7	2.361304E-2
1.429000E-7	2.362331E-2
1.429500E-7	2.363873E-2
1.430000E-7	2.364730E-2
1.430500E-7	2.362331E-2
1.431000E-7	2.359591E-2
1.431500E-7	2.358906E-2
1.432000E-7	2.357021E-2
1.432500E-7	2.353767E-2
1.433000E-7	2.350169E-2
1.433500E-7	2.345373E-2
1.434000E-7	2.336637E-2
1.434500E-7	2.327216E-2
1.435000E-7	2.320364E-2
1.435500E-7	2.314369E-2
1.436000E-7	2.307003E-2
1.436500E-7	2.298781E-2
1.437000E-7	2.290388E-2
1.437500E-7	2.282851E-2
1.438000E-7	2.277026E-2
1.438500E-7	2.271545E-2
1.439000E-7	2.266920E-2
1.439500E-7	2.264351E-2
1.440000E-7	2.262124E-2
1.440500E-7	2.259726E-2
1.441000E-7	2.257670E-2
1.441500E-7	2.256814E-2
1.442000E-7	2.257670E-2
1.442500E-7	2.261096E-2
1.443000E-7	2.263665E-2
1.443500E-7	2.264693E-2
1.444000E-7	2.267434E-2
1.444500E-7	2.270689E-2
1.445000E-7	2.270003E-2
1.445500E-7	2.266578E-2
1.446000E-7	2.264693E-2
1.446500E-7	2.263494E-2
1.447000E-7	2.262295E-2
1.447500E-7	2.263494E-2
1.448000E-7	2.268119E-2
1.448500E-7	2.273772E-2
1.449000E-7	2.280281E-2
1.449500E-7	2.286448E-2
1.450000E-7	2.290388E-2
1.450500E-7	2.294499E-2
1.451000E-7	2.298781E-2
1.451500E-7	2.300665E-2
1.452000E-7	2.299809E-2
1.452500E-7	2.298267E-2
1.453000E-7	2.296383E-2
1.453500E-7	2.292614E-2
1.454000E-7	2.288332E-2
1.454500E-7	2.285420E-2
1.455000E-7	2.285249E-2
1.455500E-7	2.286790E-2
1.456000E-7	2.291929E-2
1.456500E-7	2.299809E-2
1.457000E-7	2.307860E-2
1.457500E-7	2.313855E-2
1.458000E-7	2.317623E-2
1.458500E-7	2.319165E-2
1.459000E-7	2.317281E-2
1.459500E-7	2.312656E-2
1.460000E-7	2.305461E-2
1.460500E-7	2.297239E-2
1.461000E-7	2.288161E-2
1.461500E-7	2.278739E-2
1.462000E-7	2.270346E-2
1.462500E-7	2.264522E-2
1.463000E-7	2.259897E-2
1.463500E-7	2.255443E-2
1.464000E-7	2.252017E-2
1.464500E-7	2.251161E-2
1.465000E-7	2.252531E-2
1.465500E-7	2.255615E-2
1.466000E-7	2.259383E-2
1.466500E-7	2.264865E-2
1.467000E-7	2.271716E-2
1.467500E-7	2.278568E-2
1.468000E-7	2.282679E-2
1.468500E-7	2.286619E-2
1.469000E-7	2.291415E-2
1.469500E-7	2.295012E-2
1.470000E-7	2.295869E-2
1.470500E-7	2.296897E-2
1.471000E-7	2.297582E-2
1.471500E-7	2.294499E-2
1.472000E-7	2.289531E-2
1.472500E-7	2.285077E-2
1.473000E-7	2.278397E-2
1.473500E-7	2.268462E-2
1.474000E-7	2.259897E-2
1.474500E-7	2.255957E-2
1.475000E-7	2.254244E-2
1.475500E-7	2.254758E-2
1.476000E-7	2.257499E-2
1.476500E-7	2.262124E-2
1.477000E-7	2.269318E-2
1.477500E-7	2.277712E-2
1.478000E-7	2.284221E-2
1.478500E-7	2.287304E-2
1.479000E-7	2.289874E-2
1.479500E-7	2.292443E-2
1.480000E-7	2.290559E-2
1.480500E-7	2.286790E-2
1.481000E-7	2.284906E-2
1.481500E-7	2.283364E-2
1.482000E-7	2.279596E-2
1.482500E-7	2.278568E-2
1.483000E-7	2.279253E-2
1.483500E-7	2.278226E-2
1.484000E-7	2.274971E-2
1.484500E-7	2.272915E-2
1.485000E-7	2.271374E-2
1.485500E-7	2.269832E-2
1.486000E-7	2.268462E-2
1.486500E-7	2.265207E-2
1.487000E-7	2.258698E-2
1.487500E-7	2.252017E-2
1.488000E-7	2.245166E-2
1.488500E-7	2.238143E-2
1.489000E-7	2.229920E-2
1.489500E-7	2.223582E-2
1.490000E-7	2.221870E-2
1.490500E-7	2.223240E-2
1.491000E-7	2.225809E-2
1.491500E-7	2.228379E-2
1.492000E-7	2.232319E-2
1.492500E-7	2.237286E-2
1.493000E-7	2.243795E-2
1.493500E-7	2.254416E-2
1.494000E-7	2.266578E-2
1.494500E-7	2.276855E-2
1.495000E-7	2.288332E-2
1.495500E-7	2.299980E-2
1.496000E-7	2.307517E-2
1.496500E-7	2.311114E-2
1.497000E-7	2.312656E-2
1.497500E-7	2.310258E-2
1.498000E-7	2.304434E-2
1.498500E-7	2.301350E-2
1.499000E-7	2.300323E-2
1.499500E-7	2.295355E-2
1.500000E-7	2.288503E-2
1.500500E-7	2.285763E-2
1.501000E-7	2.284906E-2
1.501500E-7	2.282679E-2
1.502000E-7	2.283707E-2
1.502500E-7	2.288503E-2
1.503000E-7	2.289531E-2
1.503500E-7	2.285249E-2
1.504000E-7	2.279596E-2
1.504500E-7	2.272744E-2
1.505000E-7	2.263665E-2
1.505500E-7	2.255443E-2
1.506000E-7	2.250818E-2
1.506500E-7	2.250304E-2
1.507000E-7	2.253559E-2
1.507500E-7	2.258355E-2
1.508000E-7	2.265892E-2
1.508500E-7	2.275827E-2
1.509000E-7	2.286619E-2
1.509500E-7	2.293300E-2
1.510000E-7	2.297239E-2
1.510500E-7	2.299637E-2
1.511000E-7	2.300494E-2
1.511500E-7	2.298781E-2
1.512000E-7	2.293813E-2
1.512500E-7	2.283878E-2
1.513000E-7	2.272230E-2
1.513500E-7	2.263323E-2
1.514000E-7	2.258698E-2
1.514500E-7	2.254929E-2
1.515000E-7	2.251504E-2
1.515500E-7	2.250476E-2
1.516000E-7	2.251332E-2
1.516500E-7	2.254929E-2
1.517000E-7	2.260240E-2
1.517500E-7	2.262638E-2
1.518000E-7	2.262124E-2
1.518500E-7	2.260753E-2
1.519000E-7	2.259383E-2
1.519500E-7	2.253902E-2
1.520000E-7	2.247050E-2
1.520500E-7	2.241226E-2
1.521000E-7	2.237971E-2
1.521500E-7	2.234717E-2
1.522000E-7	2.231462E-2
1.522500E-7	2.227865E-2
1.523000E-7	2.227180E-2
1.523500E-7	2.229920E-2
1.524000E-7	2.231633E-2
1.524500E-7	2.230434E-2
1.525000E-7	2.229064E-2
1.525500E-7	2.228207E-2
1.526000E-7	2.225809E-2
1.526500E-7	2.223411E-2
1.527000E-7	2.222555E-2
1.527500E-7	2.220842E-2
1.528000E-7	2.218786E-2
1.528500E-7	2.219471E-2
1.529000E-7	2.221698E-2
1.529500E-7	2.223411E-2
1.530000E-7	2.226152E-2
1.530500E-7	2.231633E-2
1.531000E-7	2.238656E-2
1.531500E-7	2.245680E-2
1.532000E-7	2.252189E-2
1.532500E-7	2.258869E-2
1.533000E-7	2.266064E-2
1.533500E-7	2.270175E-2
1.534000E-7	2.269490E-2
1.534500E-7	2.266749E-2
1.535000E-7	2.263494E-2
1.535500E-7	2.256300E-2
1.536000E-7	2.246365E-2
1.536500E-7	2.238485E-2
1.537000E-7	2.232661E-2
1.537500E-7	2.229578E-2
1.538000E-7	2.228207E-2
1.538500E-7	2.227008E-2
1.539000E-7	2.227522E-2
1.539500E-7	2.232319E-2
1.540000E-7	2.239342E-2
1.540500E-7	2.246879E-2
1.541000E-7	2.256642E-2
1.541500E-7	2.264693E-2
1.542000E-7	2.267605E-2
1.542500E-7	2.267777E-2
1.543000E-7	2.269147E-2
1.543500E-7	2.267263E-2
1.544000E-7	2.261953E-2
1.544500E-7	2.256471E-2
1.545000E-7	2.252189E-2
1.545500E-7	2.248249E-2
1.546000E-7	2.243453E-2
1.546500E-7	2.238999E-2
1.547000E-7	2.235402E-2
1.547500E-7	2.233346E-2
1.548000E-7	2.233518E-2
1.548500E-7	2.233689E-2
1.549000E-7	2.234717E-2
1.549500E-7	2.238485E-2
1.550000E-7	2.243624E-2
1.550500E-7	2.247735E-2
1.551000E-7	2.248592E-2
1.551500E-7	2.247906E-2
1.552000E-7	2.246365E-2
1.552500E-7	2.242767E-2
1.553000E-7	2.234717E-2
1.553500E-7	2.223925E-2
1.554000E-7	2.211934E-2
1.554500E-7	2.199601E-2
1.555000E-7	2.187097E-2
1.555500E-7	2.178189E-2
1.556000E-7	2.175791E-2
1.556500E-7	2.177504E-2
1.557000E-7	2.182472E-2
1.557500E-7	2.192921E-2
1.558000E-7	2.206967E-2
1.558500E-7	2.221870E-2
1.559000E-7	2.239342E-2
1.559500E-7	2.258013E-2
1.560000E-7	2.273943E-2
1.560500E-7	2.284392E-2
1.561000E-7	2.288503E-2
1.561500E-7	2.284050E-2
1.562000E-7	2.269832E-2
1.562500E-7	2.250647E-2
1.563000E-7	2.230092E-2
1.563500E-7	2.206967E-2
1.564000E-7	2.186240E-2
1.564500E-7	2.170652E-2
1.565000E-7	2.159518E-2
1.565500E-7	2.153352E-2
1.566000E-7	2.157805E-2
1.566500E-7	2.172365E-2
1.567000E-7	2.188981E-2
1.567500E-7	2.204397E-2
1.568000E-7	2.220842E-2
1.568500E-7	2.238656E-2
1.569000E-7	2.254244E-2
1.569500E-7	2.262124E-2
1.570000E-7	2.261096E-2
1.570500E-7	2.252703E-2
1.571000E-7	2.237800E-2
1.571500E-7	2.214846E-2
1.572000E-7	2.186583E-2
1.572500E-7	2.159347E-2
1.573000E-7	2.136907E-2
1.573500E-7	2.121319E-2
1.574000E-7	2.113268E-2
1.574500E-7	2.112412E-2
1.575000E-7	2.118065E-2
1.575500E-7	2.128514E-2
1.576000E-7	2.142389E-2
1.576500E-7	2.158319E-2
1.577000E-7	2.174935E-2
1.577500E-7	2.188467E-2
1.578000E-7	2.195661E-2
1.578500E-7	2.198402E-2
1.579000E-7	2.197717E-2
1.579500E-7	2.194634E-2
1.580000E-7	2.188638E-2
1.580500E-7	2.181958E-2
1.581000E-7	2.175620E-2
1.581500E-7	2.171166E-2
1.582000E-7	2.172023E-2
1.582500E-7	2.176819E-2
1.583000E-7	2.182814E-2
1.583500E-7	2.188638E-2
1.584000E-7	2.194805E-2
1.584500E-7	2.199087E-2
1.585000E-7	2.202856E-2
1.585500E-7	2.206453E-2
1.586000E-7	2.208337E-2
1.586500E-7	2.206796E-2
1.587000E-7	2.201143E-2
1.587500E-7	2.191550E-2
1.588000E-7	2.179388E-2
1.588500E-7	2.167740E-2
1.589000E-7	2.159004E-2
1.589500E-7	2.152324E-2
1.590000E-7	2.148041E-2
1.590500E-7	2.146842E-2
1.591000E-7	2.150439E-2
1.591500E-7	2.157805E-2
1.592000E-7	2.167055E-2
1.592500E-7	2.177675E-2
1.593000E-7	2.190180E-2
1.593500E-7	2.200972E-2
1.594000E-7	2.206967E-2
1.594500E-7	2.207652E-2
1.595000E-7	2.206624E-2
1.595500E-7	2.204226E-2
1.596000E-7	2.202342E-2
1.596500E-7	2.202342E-2
1.597000E-7	2.202171E-2
1.597500E-7	2.199944E-2
1.598000E-7	2.199087E-2
1.598500E-7	2.201999E-2
1.599000E-7	2.205425E-2
1.599500E-7	2.207652E-2
1.600000E-7	2.208851E-2
1.600500E-7	2.209365E-2
1.601000E-7	2.207995E-2
1.601500E-7	2.206282E-2
1.602000E-7	2.204740E-2
1.602500E-7	2.203370E-2
1.603000E-7	2.200972E-2
1.603500E-7	2.195833E-2
1.604000E-7	2.188981E-2
1.604500E-7	2.184185E-2
1.605000E-7	2.182643E-2
1.605500E-7	2.182300E-2
1.606000E-7	2.180930E-2
1.606500E-7	2.180587E-2
1.607000E-7	2.182300E-2
1.607500E-7	2.183842E-2
1.608000E-7	2.183842E-2
1.608500E-7	2.182814E-2
1.609000E-7	2.181273E-2
1.609500E-7	2.179560E-2
1.610000E-7	2.179560E-2
1.610500E-7	2.183499E-2
1.611000E-7	2.191893E-2
1.611500E-7	2.201999E-2
1.612000E-7	2.210907E-2
1.612500E-7	2.219471E-2
1.613000E-7	2.229578E-2
1.613500E-7	2.238314E-2
1.614000E-7	2.239513E-2
1.614500E-7	2.234031E-2
1.615000E-7	2.225638E-2
1.615500E-7	2.213647E-2
1.616000E-7	2.196860E-2
1.616500E-7	2.177162E-2
1.617000E-7	2.158490E-2
1.617500E-7	2.142560E-2
1.618000E-7	2.130227E-2
1.618500E-7	2.121491E-2
1.619000E-7	2.119264E-2
1.619500E-7	2.125602E-2
1.620000E-7	2.136907E-2
1.620500E-7	2.150097E-2
1.621000E-7	2.165342E-2
1.621500E-7	2.181958E-2
1.622000E-7	2.196347E-2
1.622500E-7	2.207309E-2
1.623000E-7	2.216902E-2
1.623500E-7	2.224439E-2
1.624000E-7	2.228207E-2
1.624500E-7	2.228550E-2
1.625000E-7	2.224782E-2
1.625500E-7	2.216902E-2
1.626000E-7	2.210907E-2
1.626500E-7	2.208851E-2
1.627000E-7	2.208166E-2
1.627500E-7	2.205939E-2
1.628000E-7	2.202684E-2
1.628500E-7	2.197888E-2
1.629000E-7	2.190523E-2
1.629500E-7	2.182472E-2
1.630000E-7	2.173564E-2
1.630500E-7	2.165513E-2
1.631000E-7	2.157976E-2
1.631500E-7	2.150953E-2
1.632000E-7	2.144102E-2
1.632500E-7	2.139819E-2
1.633000E-7	2.138620E-2
1.633500E-7	2.140162E-2
1.634000E-7	2.143759E-2
1.634500E-7	2.148384E-2
1.635000E-7	2.151981E-2
1.635500E-7	2.154893E-2
1.636000E-7	2.158662E-2
1.636500E-7	2.162773E-2
1.637000E-7	2.165685E-2
1.637500E-7	2.166027E-2
1.638000E-7	2.166199E-2
1.638500E-7	2.168939E-2
1.639000E-7	2.174421E-2
1.639500E-7	2.178874E-2
1.640000E-7	2.180416E-2
1.640500E-7	2.180245E-2
1.641000E-7	2.180074E-2
1.641500E-7	2.175106E-2
1.642000E-7	2.164486E-2
1.642500E-7	2.152324E-2
1.643000E-7	2.142217E-2
1.643500E-7	2.133481E-2
1.644000E-7	2.124574E-2
1.644500E-7	2.117208E-2
1.645000E-7	2.112926E-2
1.645500E-7	2.113954E-2
1.646000E-7	2.120977E-2
1.646500E-7	2.130227E-2
1.647000E-7	2.139305E-2
1.647500E-7	2.149583E-2
1.648000E-7	2.160888E-2
1.648500E-7	2.169453E-2
1.649000E-7	2.175277E-2
1.649500E-7	2.180245E-2
1.650000E-7	2.183671E-2
1.650500E-7	2.182643E-2
1.651000E-7	2.178361E-2
1.651500E-7	2.173222E-2
1.652000E-7	2.166199E-2
1.652500E-7	2.159004E-2
1.653000E-7	2.152152E-2
1.653500E-7	2.147014E-2
1.654000E-7	2.141532E-2
1.654500E-7	2.137421E-2
1.655000E-7	2.134338E-2
1.655500E-7	2.131083E-2
1.656000E-7	2.126458E-2
1.656500E-7	2.121662E-2
1.657000E-7	2.114810E-2
1.657500E-7	2.105731E-2
1.658000E-7	2.098195E-2
1.658500E-7	2.093570E-2
1.659000E-7	2.090315E-2
1.659500E-7	2.087746E-2
1.660000E-7	2.088773E-2
1.660500E-7	2.094255E-2
1.661000E-7	2.103676E-2
1.661500E-7	2.112755E-2
1.662000E-7	2.123546E-2
1.662500E-7	2.135366E-2
1.663000E-7	2.146500E-2
1.663500E-7	2.155750E-2
1.664000E-7	2.163801E-2
1.664500E-7	2.170310E-2
1.665000E-7	2.172708E-2
1.665500E-7	2.170824E-2
1.666000E-7	2.165513E-2
1.666500E-7	2.158662E-2
1.667000E-7	2.150439E-2
1.667500E-7	2.141361E-2
1.668000E-7	2.131768E-2
1.668500E-7	2.121491E-2
1.669000E-7	2.111727E-2
1.669500E-7	2.101107E-2
1.670000E-7	2.088088E-2
1.670500E-7	2.075412E-2
1.671000E-7	2.066334E-2
1.671500E-7	2.061709E-2
1.672000E-7	2.058797E-2
1.672500E-7	2.057940E-2
1.673000E-7	2.060510E-2
1.673500E-7	2.066334E-2
1.674000E-7	2.074213E-2
1.674500E-7	2.082435E-2
1.675000E-7	2.087574E-2
1.675500E-7	2.089287E-2
1.676000E-7	2.089287E-2
1.676500E-7	2.087232E-2
1.677000E-7	2.085519E-2
1.677500E-7	2.086033E-2
1.678000E-7	2.087917E-2
1.678500E-7	2.090486E-2
1.679000E-7	2.097167E-2
1.679500E-7	2.111213E-2
1.680000E-7	2.127315E-2
1.680500E-7	2.140333E-2
1.681000E-7	2.151296E-2
1.681500E-7	2.161745E-2
1.682000E-7	2.170995E-2
1.682500E-7	2.175962E-2
1.683000E-7	2.176819E-2
1.683500E-7	2.174592E-2
1.684000E-7	2.170824E-2
1.684500E-7	2.165000E-2
1.685000E-7	2.155407E-2
1.685500E-7	2.144102E-2
1.686000E-7	2.132967E-2
1.686500E-7	2.123204E-2
1.687000E-7	2.114810E-2
1.687500E-7	2.107444E-2
1.688000E-7	2.100250E-2
1.688500E-7	2.094940E-2
1.689000E-7	2.092713E-2
1.689500E-7	2.094083E-2
1.690000E-7	2.098366E-2
1.690500E-7	2.105218E-2
1.691000E-7	2.111213E-2
1.691500E-7	2.113782E-2
1.692000E-7	2.114468E-2
1.692500E-7	2.114468E-2
1.693000E-7	2.113268E-2
1.693500E-7	2.110014E-2
1.694000E-7	2.104532E-2
1.694500E-7	2.097167E-2
1.695000E-7	2.088259E-2
1.695500E-7	2.078496E-2
1.696000E-7	2.070445E-2
1.696500E-7	2.066676E-2
1.697000E-7	2.067533E-2
1.697500E-7	2.071815E-2
1.698000E-7	2.077810E-2
1.698500E-7	2.084662E-2
1.699000E-7	2.091857E-2
1.699500E-7	2.096995E-2
1.700000E-7	2.099222E-2
1.700500E-7	2.095968E-2
1.701000E-7	2.086718E-2
1.701500E-7	2.074727E-2
1.702000E-7	2.063936E-2
1.702500E-7	2.054172E-2
1.703000E-7	2.045607E-2
1.703500E-7	2.040126E-2
1.704000E-7	2.041838E-2
1.704500E-7	2.049889E-2
1.705000E-7	2.061023E-2
1.705500E-7	2.074213E-2
1.706000E-7	2.089116E-2
1.706500E-7	2.103505E-2
1.707000E-7	2.114296E-2
1.707500E-7	2.119949E-2
1.708000E-7	2.121662E-2
1.708500E-7	2.120463E-2
1.709000E-7	2.114468E-2
1.709500E-7	2.104532E-2
1.710000E-7	2.092199E-2
1.710500E-7	2.082435E-2
1.711000E-7	2.077125E-2
1.711500E-7	2.076440E-2
1.712000E-7	2.078153E-2
1.712500E-7	2.080209E-2
1.713000E-7	2.083463E-2
1.713500E-7	2.086718E-2
1.714000E-7	2.087232E-2
1.714500E-7	2.083977E-2
1.715000E-7	2.078838E-2
1.715500E-7	2.071472E-2
1.716000E-7	2.064621E-2
1.716500E-7	2.060338E-2
1.717000E-7	2.058625E-2
1.717500E-7	2.057769E-2
1.718000E-7	2.058283E-2
1.718500E-7	2.061880E-2
1.719000E-7	2.066848E-2
1.719500E-7	2.073871E-2
1.720000E-7	2.081408E-2
1.720500E-7	2.087574E-2
1.721000E-7	2.089287E-2
1.721500E-7	2.087746E-2
1.722000E-7	2.083806E-2
1.722500E-7	2.075926E-2
1.723000E-7	2.066848E-2
1.723500E-7	2.059311E-2
1.724000E-7	2.052287E-2
1.724500E-7	2.045607E-2
1.725000E-7	2.042524E-2
1.725500E-7	2.044237E-2
1.726000E-7	2.046977E-2
1.726500E-7	2.050403E-2
1.727000E-7	2.056056E-2
1.727500E-7	2.060852E-2
1.728000E-7	2.062394E-2
1.728500E-7	2.063422E-2
1.729000E-7	2.064107E-2
1.729500E-7	2.061709E-2
1.730000E-7	2.055713E-2
1.730500E-7	2.049375E-2
1.731000E-7	2.044237E-2
1.731500E-7	2.040639E-2
1.732000E-7	2.039783E-2
1.732500E-7	2.043894E-2
1.733000E-7	2.050575E-2
1.733500E-7	2.060167E-2
1.734000E-7	2.074385E-2
1.734500E-7	2.090829E-2
1.735000E-7	2.103505E-2
1.735500E-7	2.112241E-2
1.736000E-7	2.122005E-2
1.736500E-7	2.131426E-2
1.737000E-7	2.133653E-2
1.737500E-7	2.129028E-2
1.738000E-7	2.119606E-2
1.738500E-7	2.107102E-2
1.739000E-7	2.091171E-2
1.739500E-7	2.075412E-2
1.740000E-7	2.060852E-2
1.740500E-7	2.048862E-2
1.741000E-7	2.040639E-2
1.741500E-7	2.036186E-2
1.742000E-7	2.034473E-2
1.742500E-7	2.035843E-2
1.743000E-7	2.038926E-2
1.743500E-7	2.042181E-2
1.744000E-7	2.045950E-2
1.744500E-7	2.051431E-2
1.745000E-7	2.055713E-2
1.745500E-7	2.056912E-2
1.746000E-7	2.056912E-2
1.746500E-7	2.057426E-2
1.747000E-7	2.055885E-2
1.747500E-7	2.052116E-2
1.748000E-7	2.048519E-2
1.748500E-7	2.045436E-2
1.749000E-7	2.040126E-2
1.749500E-7	2.032417E-2
1.750000E-7	2.025223E-2
1.750500E-7	2.019570E-2
1.751000E-7	2.013746E-2
1.751500E-7	2.009635E-2
1.752000E-7	2.008607E-2
1.752500E-7	2.007579E-2
1.753000E-7	2.004839E-2
1.753500E-7	2.005010E-2
1.754000E-7	2.009292E-2
1.754500E-7	2.014431E-2
1.755000E-7	2.020084E-2
1.755500E-7	2.027792E-2
1.756000E-7	2.035843E-2
1.756500E-7	2.039440E-2
1.757000E-7	2.038241E-2
1.757500E-7	2.033959E-2
1.758000E-7	2.028649E-2
1.758500E-7	2.023681E-2
1.759000E-7	2.021797E-2
1.759500E-7	2.022825E-2
1.760000E-7	2.026079E-2
1.760500E-7	2.030362E-2
1.761000E-7	2.035843E-2
1.761500E-7	2.044579E-2
1.762000E-7	2.055713E-2
1.762500E-7	2.067361E-2
1.763000E-7	2.079352E-2
1.763500E-7	2.089630E-2
1.764000E-7	2.092199E-2
1.764500E-7	2.087232E-2
1.765000E-7	2.076440E-2
1.765500E-7	2.059653E-2
1.766000E-7	2.038413E-2
1.766500E-7	2.018885E-2
1.767000E-7	2.006380E-2
1.767500E-7	1.999015E-2
1.768000E-7	1.994732E-2
1.768500E-7	1.996445E-2
1.769000E-7	2.005353E-2
1.769500E-7	2.015630E-2
1.770000E-7	2.024538E-2
1.770500E-7	2.034644E-2
1.771000E-7	2.046292E-2
1.771500E-7	2.056741E-2
1.772000E-7	2.062223E-2
1.772500E-7	2.061537E-2
1.773000E-7	2.057084E-2
1.773500E-7	2.049547E-2
1.774000E-7	2.038241E-2
1.774500E-7	2.025052E-2
1.775000E-7	2.013403E-2
1.775500E-7	2.003126E-2
1.776000E-7	1.993191E-2
1.776500E-7	1.986168E-2
1.777000E-7	1.985482E-2
1.777500E-7	1.989593E-2
1.778000E-7	1.996274E-2
1.778500E-7	2.003982E-2
1.779000E-7	2.012547E-2
1.779500E-7	2.020598E-2
1.780000E-7	2.027107E-2
1.780500E-7	2.032417E-2
1.781000E-7	2.036700E-2
1.781500E-7	2.037727E-2
1.782000E-7	2.031561E-2
1.782500E-7	2.018885E-2
1.783000E-7	2.002954E-2
1.783500E-7	1.985825E-2
1.784000E-7	1.970066E-2
1.784500E-7	1.959103E-2
1.785000E-7	1.953622E-2
1.785500E-7	1.952422E-2
1.786000E-7	1.956020E-2
1.786500E-7	1.964071E-2
1.787000E-7	1.972807E-2
1.787500E-7	1.980857E-2
1.788000E-7	1.991478E-2
1.788500E-7	2.004325E-2
1.789000E-7	2.017001E-2
1.789500E-7	2.027792E-2
1.790000E-7	2.034130E-2
1.790500E-7	2.034301E-2
1.791000E-7	2.029505E-2
1.791500E-7	2.023681E-2
1.792000E-7	2.017686E-2
1.792500E-7	2.013061E-2
1.793000E-7	2.009978E-2
1.793500E-7	2.006552E-2
1.794000E-7	2.004839E-2
1.794500E-7	2.005524E-2
1.795000E-7	2.007066E-2
1.795500E-7	2.007751E-2
1.796000E-7	2.009121E-2
1.796500E-7	2.009978E-2
1.797000E-7	2.008950E-2
1.797500E-7	2.009635E-2
1.798000E-7	2.013746E-2
1.798500E-7	2.018714E-2
1.799000E-7	2.024024E-2
1.799500E-7	2.031047E-2
1.800000E-7	2.039098E-2
1.800500E-7	2.046977E-2
1.801000E-7	2.054514E-2
1.801500E-7	2.059311E-2
1.802000E-7	2.060338E-2
1.802500E-7	2.061709E-2
1.803000E-7	2.064449E-2
1.803500E-7	2.064449E-2
1.804000E-7	2.063250E-2
1.804500E-7	2.062051E-2
1.805000E-7	2.058797E-2
1.805500E-7	2.052287E-2
1.806000E-7	2.044065E-2
1.806500E-7	2.035329E-2
1.807000E-7	2.026593E-2
1.807500E-7	2.019913E-2
1.808000E-7	2.015459E-2
1.808500E-7	2.012033E-2
1.809000E-7	2.009978E-2
1.809500E-7	2.006723E-2
1.810000E-7	2.000556E-2
1.810500E-7	1.992505E-2
1.811000E-7	1.984112E-2
1.811500E-7	1.974348E-2
1.812000E-7	1.962871E-2
1.812500E-7	1.953108E-2
1.813000E-7	1.946085E-2
1.813500E-7	1.943686E-2
1.814000E-7	1.947797E-2
1.814500E-7	1.959103E-2
1.815000E-7	1.974520E-2
1.815500E-7	1.991649E-2
1.816000E-7	2.008093E-2
1.816500E-7	2.021626E-2
1.817000E-7	2.029505E-2
1.817500E-7	2.032931E-2
1.818000E-7	2.032417E-2
1.818500E-7	2.027278E-2
1.819000E-7	2.018542E-2
1.819500E-7	2.007237E-2
1.820000E-7	1.996788E-2
1.820500E-7	1.989936E-2
1.821000E-7	1.988223E-2
1.821500E-7	1.988394E-2
1.822000E-7	1.991478E-2
1.822500E-7	2.001242E-2
1.823000E-7	2.017001E-2
1.823500E-7	2.031732E-2
1.824000E-7	2.041667E-2
1.824500E-7	2.046463E-2
1.825000E-7	2.046463E-2
1.825500E-7	2.042352E-2
1.826000E-7	2.034473E-2
1.826500E-7	2.023852E-2
1.827000E-7	2.014089E-2
1.827500E-7	2.006038E-2
1.828000E-7	1.999015E-2
1.828500E-7	1.990793E-2
1.829000E-7	1.983427E-2
1.829500E-7	1.979144E-2
1.830000E-7	1.977603E-2
1.830500E-7	1.977432E-2
1.831000E-7	1.978117E-2
1.831500E-7	1.979830E-2
1.832000E-7	1.980001E-2
1.832500E-7	1.976575E-2
1.833000E-7	1.974177E-2
1.833500E-7	1.975376E-2
1.834000E-7	1.977432E-2
1.834500E-7	1.978802E-2
1.835000E-7	1.981371E-2
1.835500E-7	1.984969E-2
1.836000E-7	1.985825E-2
1.836500E-7	1.985482E-2
1.837000E-7	1.984283E-2
1.837500E-7	1.981200E-2
1.838000E-7	1.976232E-2
1.838500E-7	1.969552E-2
1.839000E-7	1.962015E-2
1.839500E-7	1.955677E-2
1.840000E-7	1.952251E-2
1.840500E-7	1.950196E-2
1.841000E-7	1.948140E-2
1.841500E-7	1.946941E-2
1.842000E-7	1.948483E-2
1.842500E-7	1.951737E-2
1.843000E-7	1.955677E-2
1.843500E-7	1.959617E-2
1.844000E-7	1.962700E-2
1.844500E-7	1.966126E-2
1.845000E-7	1.969723E-2
1.845500E-7	1.972293E-2
1.846000E-7	1.975376E-2
1.846500E-7	1.979487E-2
1.847000E-7	1.984455E-2
1.847500E-7	1.988737E-2
1.848000E-7	1.990793E-2
1.848500E-7	1.992505E-2
1.849000E-7	1.993533E-2
1.849500E-7	1.991306E-2
1.850000E-7	1.986853E-2
1.850500E-7	1.980686E-2
1.851000E-7	1.971436E-2
1.851500E-7	1.960645E-2
1.852000E-7	1.951052E-2
1.852500E-7	1.944029E-2
1.853000E-7	1.940432E-2
1.853500E-7	1.941460E-2
1.854000E-7	1.945399E-2
1.854500E-7	1.952251E-2
1.855000E-7	1.960987E-2
1.855500E-7	1.969723E-2
1.856000E-7	1.977432E-2
1.856500E-7	1.984112E-2
1.857000E-7	1.987881E-2
1.857500E-7	1.987367E-2
1.858000E-7	1.983598E-2
1.858500E-7	1.978459E-2
1.859000E-7	1.969038E-2
1.859500E-7	1.956705E-2
1.860000E-7	1.947284E-2
1.860500E-7	1.942830E-2
1.861000E-7	1.940089E-2
1.861500E-7	1.938376E-2
1.862000E-7	1.938376E-2
1.862500E-7	1.940089E-2
1.863000E-7	1.945571E-2
1.863500E-7	1.955506E-2
1.864000E-7	1.964242E-2
1.864500E-7	1.970580E-2
1.865000E-7	1.976404E-2
1.865500E-7	1.980857E-2
1.866000E-7	1.982399E-2
1.866500E-7	1.983427E-2
1.867000E-7	1.983598E-2
1.867500E-7	1.978288E-2
1.868000E-7	1.970237E-2
1.868500E-7	1.964242E-2
1.869000E-7	1.958760E-2
1.869500E-7	1.951737E-2
1.870000E-7	1.945742E-2
1.870500E-7	1.940089E-2
1.871000E-7	1.933923E-2
1.871500E-7	1.929983E-2
1.872000E-7	1.929469E-2
1.872500E-7	1.928955E-2
1.873000E-7	1.928955E-2
1.873500E-7	1.933066E-2
1.874000E-7	1.936835E-2
1.874500E-7	1.937520E-2
1.875000E-7	1.939747E-2
1.875500E-7	1.946256E-2
1.876000E-7	1.955677E-2
1.876500E-7	1.964413E-2
1.877000E-7	1.973149E-2
1.877500E-7	1.980001E-2
1.878000E-7	1.984283E-2
1.878500E-7	1.986168E-2
1.879000E-7	1.989080E-2
1.879500E-7	1.990964E-2
1.880000E-7	1.990107E-2
1.880500E-7	1.986853E-2
1.881000E-7	1.983427E-2
1.881500E-7	1.979658E-2
1.882000E-7	1.972978E-2
1.882500E-7	1.965270E-2
1.883000E-7	1.960473E-2
1.883500E-7	1.957561E-2
1.884000E-7	1.954478E-2
1.884500E-7	1.951909E-2
1.885000E-7	1.952936E-2
1.885500E-7	1.957219E-2
1.886000E-7	1.962529E-2
1.886500E-7	1.967325E-2
1.887000E-7	1.972121E-2
1.887500E-7	1.978631E-2
1.888000E-7	1.984455E-2
1.888500E-7	1.985825E-2
1.889000E-7	1.983598E-2
1.889500E-7	1.979144E-2
1.890000E-7	1.973149E-2
1.890500E-7	1.967154E-2
1.891000E-7	1.962529E-2
1.891500E-7	1.956876E-2
1.892000E-7	1.949168E-2
1.892500E-7	1.944372E-2
1.893000E-7	1.945228E-2
1.893500E-7	1.948140E-2
1.894000E-7	1.950881E-2
1.894500E-7	1.955334E-2
1.895000E-7	1.960987E-2
1.895500E-7	1.963899E-2
1.896000E-7	1.963214E-2
1.896500E-7	1.959788E-2
1.897000E-7	1.951909E-2
1.897500E-7	1.937691E-2
1.898000E-7	1.918677E-2
1.898500E-7	1.898636E-2
1.899000E-7	1.882020E-2
1.899500E-7	1.870372E-2
1.900000E-7	1.862321E-2
1.900500E-7	1.856326E-2
1.901000E-7	1.853243E-2
1.901500E-7	1.854613E-2
1.902000E-7	1.858724E-2
1.902500E-7	1.864719E-2
1.903000E-7	1.873284E-2
1.903500E-7	1.882705E-2
1.904000E-7	1.892127E-2
1.904500E-7	1.901377E-2
1.905000E-7	1.911140E-2
1.905500E-7	1.919876E-2
1.906000E-7	1.927756E-2
1.906500E-7	1.935807E-2
1.907000E-7	1.941802E-2
1.907500E-7	1.944029E-2
1.908000E-7	1.943858E-2
1.908500E-7	1.946085E-2
1.909000E-7	1.950024E-2
1.909500E-7	1.953622E-2
1.910000E-7	1.954135E-2
1.910500E-7	1.953279E-2
1.911000E-7	1.953793E-2
1.911500E-7	1.954307E-2
1.912000E-7	1.951223E-2
1.912500E-7	1.944885E-2
1.913000E-7	1.937177E-2
1.913500E-7	1.928270E-2
1.914000E-7	1.918849E-2
1.914500E-7	1.910455E-2
1.915000E-7	1.902747E-2
1.915500E-7	1.896238E-2
1.916000E-7	1.890242E-2
1.916500E-7	1.887159E-2
1.917000E-7	1.889900E-2
1.917500E-7	1.895210E-2
1.918000E-7	1.901719E-2
1.918500E-7	1.912339E-2
1.919000E-7	1.926386E-2
1.919500E-7	1.937520E-2
1.920000E-7	1.941802E-2
1.920500E-7	1.941631E-2
1.921000E-7	1.937006E-2
1.921500E-7	1.927242E-2
1.922000E-7	1.912853E-2
1.922500E-7	1.895553E-2
1.923000E-7	1.879279E-2
1.923500E-7	1.864891E-2
1.924000E-7	1.852900E-2
1.924500E-7	1.843479E-2
1.925000E-7	1.840396E-2
1.925500E-7	1.846391E-2
1.926000E-7	1.859581E-2
1.926500E-7	1.877224E-2
1.927000E-7	1.897951E-2
1.927500E-7	1.918506E-2
1.928000E-7	1.935122E-2
1.928500E-7	1.945228E-2
1.929000E-7	1.948483E-2
1.929500E-7	1.946256E-2
1.930000E-7	1.936663E-2
1.930500E-7	1.920562E-2
1.931000E-7	1.903946E-2
1.931500E-7	1.891099E-2
1.932000E-7	1.882877E-2
1.932500E-7	1.878423E-2
1.933000E-7	1.880307E-2
1.933500E-7	1.889043E-2
1.934000E-7	1.901377E-2
1.934500E-7	1.914052E-2
1.935000E-7	1.923816E-2
1.935500E-7	1.929469E-2
1.936000E-7	1.933923E-2
1.936500E-7	1.937862E-2
1.937000E-7	1.937177E-2
1.937500E-7	1.930497E-2
1.938000E-7	1.921761E-2
1.938500E-7	1.913367E-2
1.939000E-7	1.903261E-2
1.939500E-7	1.892469E-2
1.940000E-7	1.884590E-2
1.940500E-7	1.881849E-2
1.941000E-7	1.880821E-2
1.941500E-7	1.881678E-2
1.942000E-7	1.886645E-2
1.942500E-7	1.894182E-2
1.943000E-7	1.900863E-2
1.943500E-7	1.908914E-2
1.944000E-7	1.920048E-2
1.944500E-7	1.929812E-2
1.945000E-7	1.936835E-2
1.945500E-7	1.943858E-2
1.946000E-7	1.950710E-2
1.946500E-7	1.952080E-2
1.947000E-7	1.950196E-2
1.947500E-7	1.948483E-2
1.948000E-7	1.945228E-2
1.948500E-7	1.940261E-2
1.949000E-7	1.932895E-2
1.949500E-7	1.923816E-2
1.950000E-7	1.915594E-2
1.950500E-7	1.909770E-2
1.951000E-7	1.904631E-2
1.951500E-7	1.899664E-2
1.952000E-7	1.897951E-2
1.952500E-7	1.898293E-2
1.953000E-7	1.899492E-2
1.953500E-7	1.901890E-2
1.954000E-7	1.904974E-2
1.954500E-7	1.907886E-2
1.955000E-7	1.910969E-2
1.955500E-7	1.913025E-2
1.956000E-7	1.910284E-2
1.956500E-7	1.905830E-2
1.957000E-7	1.903603E-2
1.957500E-7	1.901377E-2
1.958000E-7	1.897951E-2
1.958500E-7	1.897779E-2
1.959000E-7	1.900520E-2
1.959500E-7	1.902576E-2
1.960000E-7	1.904631E-2
1.960500E-7	1.907372E-2
1.961000E-7	1.908914E-2
1.961500E-7	1.909427E-2
1.962000E-7	1.910798E-2
1.962500E-7	1.912682E-2
1.963000E-7	1.911140E-2
1.963500E-7	1.909427E-2
1.964000E-7	1.909256E-2
1.964500E-7	1.907543E-2
1.965000E-7	1.901034E-2
1.965500E-7	1.891270E-2
1.966000E-7	1.882020E-2
1.966500E-7	1.872599E-2
1.967000E-7	1.861636E-2
1.967500E-7	1.851187E-2
1.968000E-7	1.842794E-2
1.968500E-7	1.836627E-2
1.969000E-7	1.831488E-2
1.969500E-7	1.825835E-2
1.970000E-7	1.819669E-2
1.970500E-7	1.816243E-2
1.971000E-7	1.816243E-2
1.971500E-7	1.816757E-2
1.972000E-7	1.819840E-2
1.972500E-7	1.829261E-2
1.973000E-7	1.842965E-2
1.973500E-7	1.858724E-2
1.974000E-7	1.876710E-2
1.974500E-7	1.894182E-2
1.975000E-7	1.909941E-2
1.975500E-7	1.923987E-2
1.976000E-7	1.935978E-2
1.976500E-7	1.941802E-2
1.977000E-7	1.943515E-2
1.977500E-7	1.944029E-2
1.978000E-7	1.939747E-2
1.978500E-7	1.928441E-2
1.979000E-7	1.915765E-2
1.979500E-7	1.904460E-2
1.980000E-7	1.890928E-2
1.980500E-7	1.872428E-2
1.981000E-7	1.854099E-2
1.981500E-7	1.838683E-2
1.982000E-7	1.824465E-2
1.982500E-7	1.809391E-2
1.983000E-7	1.798428E-2
1.983500E-7	1.794831E-2
1.984000E-7	1.797743E-2
1.984500E-7	1.804252E-2
1.985000E-7	1.813502E-2
1.985500E-7	1.826178E-2
1.986000E-7	1.840567E-2
1.986500E-7	1.853757E-2
1.987000E-7	1.865405E-2
1.987500E-7	1.876025E-2
1.988000E-7	1.884932E-2
1.988500E-7	1.889900E-2
1.989000E-7	1.891270E-2
1.989500E-7	1.890071E-2
1.990000E-7	1.885789E-2
1.990500E-7	1.878937E-2
1.991000E-7	1.872256E-2
1.991500E-7	1.868831E-2
1.992000E-7	1.865918E-2
1.992500E-7	1.861465E-2
1.993000E-7	1.857354E-2
1.993500E-7	1.854613E-2
1.994000E-7	1.851187E-2
1.994500E-7	1.845534E-2
1.995000E-7	1.837997E-2
1.995500E-7	1.829775E-2
1.996000E-7	1.820183E-2
1.996500E-7	1.810761E-2
1.997000E-7	1.802368E-2
1.997500E-7	1.795516E-2
1.998000E-7	1.793632E-2
1.998500E-7	1.800141E-2
1.999000E-7	1.812132E-2
1.999500E-7	1.826692E-2
2.000000E-7	1.841252E-2
