Study Name	PremaTech_CVD_SiC_HeandSi
Sample Name	2025-10-31
Run Name	spot04
Operator	Keshav
Date	10/31/2025
Time	17:43
Sign	POS
Grating Spacing	06.40um
Channel	3
Number Traces	10000
Files in Batch	1
Batch Number	71
dt	50.000001E-12
time stamp (ms)	6:59:50 PM
	
Time	Amplitude
0.000000E+0	-5.378548E-4
5.000000E-11	-5.943821E-4
1.000000E-10	-6.663260E-4
1.500000E-10	-7.399829E-4
2.000000E-10	-7.965102E-4
2.500000E-10	-8.376210E-4
3.000000E-10	-8.513246E-4
3.500000E-10	-8.307692E-4
4.000000E-10	-7.879455E-4
4.500000E-10	-7.279922E-4
5.000000E-10	-6.457706E-4
5.500000E-10	-5.566972E-4
6.000000E-10	-4.864663E-4
6.500000E-10	-4.350778E-4
7.000000E-10	-3.922540E-4
7.500000E-10	-3.682727E-4
8.000000E-10	-3.665598E-4
8.500000E-10	-3.836893E-4
9.000000E-10	-4.230871E-4
9.500000E-10	-4.830404E-4
1.000000E-9	-5.498454E-4
1.050000E-9	-6.115116E-4
1.100000E-9	-6.663260E-4
1.150000E-9	-7.091498E-4
1.200000E-9	-7.279922E-4
1.250000E-9	-7.297052E-4
1.300000E-9	-7.177145E-4
1.350000E-9	-6.954462E-4
1.400000E-9	-6.646131E-4
1.450000E-9	-6.200764E-4
1.500000E-9	-5.738267E-4
1.550000E-9	-5.412807E-4
1.600000E-9	-5.327159E-4
1.650000E-9	-5.378548E-4
1.700000E-9	-5.515584E-4
1.750000E-9	-5.772526E-4
1.800000E-9	-6.080857E-4
1.850000E-9	-6.354929E-4
1.900000E-9	-6.577613E-4
1.950000E-9	-6.766037E-4
2.000000E-9	-6.834555E-4
2.050000E-9	-6.783167E-4
2.100000E-9	-6.646131E-4
2.150000E-9	-6.440577E-4
2.200000E-9	-6.115116E-4
2.250000E-9	-5.738267E-4
2.300000E-9	-5.464195E-4
2.350000E-9	-5.310030E-4
2.400000E-9	-5.070217E-4
2.450000E-9	-4.779015E-4
2.500000E-9	-4.659109E-4
2.550000E-9	-4.744756E-4
2.600000E-9	-4.813274E-4
2.650000E-9	-4.847533E-4
2.700000E-9	-4.950310E-4
2.750000E-9	-5.121605E-4
2.800000E-9	-5.292900E-4
2.850000E-9	-5.481325E-4
2.900000E-9	-5.652620E-4
2.950000E-9	-5.652620E-4
3.000000E-9	-5.549843E-4
3.050000E-9	-5.464195E-4
3.100000E-9	-5.395677E-4
3.150000E-9	-5.155864E-4
3.200000E-9	-4.761886E-4
3.250000E-9	-4.333648E-4
3.300000E-9	-3.922540E-4
3.350000E-9	-3.562821E-4
3.400000E-9	-3.220231E-4
3.450000E-9	-2.963288E-4
3.500000E-9	-2.843381E-4
3.550000E-9	-2.860511E-4
3.600000E-9	-2.997547E-4
3.650000E-9	-3.288749E-4
3.700000E-9	-3.751245E-4
3.750000E-9	-4.282260E-4
3.800000E-9	-4.761886E-4
3.850000E-9	-5.172994E-4
3.900000E-9	-5.566972E-4
3.950000E-9	-5.943821E-4
4.000000E-9	-6.217893E-4
4.050000E-9	-6.320670E-4
4.100000E-9	-6.269282E-4
4.150000E-9	-6.029469E-4
4.200000E-9	-5.601231E-4
4.250000E-9	-5.121605E-4
4.300000E-9	-4.710497E-4
4.350000E-9	-4.333648E-4
4.400000E-9	-4.025317E-4
4.450000E-9	-3.716986E-4
4.500000E-9	-3.391526E-4
4.550000E-9	-3.185972E-4
4.600000E-9	-3.134583E-4
4.650000E-9	-3.134583E-4
4.700000E-9	-3.134583E-4
4.750000E-9	-3.254490E-4
4.800000E-9	-3.545691E-4
4.850000E-9	-3.819763E-4
4.900000E-9	-4.076706E-4
4.950000E-9	-4.402166E-4
5.000000E-9	-4.761886E-4
5.050000E-9	-5.053087E-4
5.100000E-9	-5.327159E-4
5.150000E-9	-5.584102E-4
5.200000E-9	-5.738267E-4
5.250000E-9	-5.789656E-4
5.300000E-9	-5.772526E-4
5.350000E-9	-5.686879E-4
5.400000E-9	-5.532713E-4
5.450000E-9	-5.395677E-4
5.500000E-9	-5.361418E-4
5.550000E-9	-5.378548E-4
5.600000E-9	-5.378548E-4
5.650000E-9	-5.447066E-4
5.700000E-9	-5.549843E-4
5.750000E-9	-5.635490E-4
5.800000E-9	-5.755397E-4
5.850000E-9	-6.012339E-4
5.900000E-9	-6.252152E-4
5.950000E-9	-6.354929E-4
6.000000E-9	-6.389188E-4
6.050000E-9	-6.423447E-4
6.100000E-9	-6.320670E-4
6.150000E-9	-6.029469E-4
6.200000E-9	-5.686879E-4
6.250000E-9	-5.361418E-4
6.300000E-9	-5.001699E-4
6.350000E-9	-4.727627E-4
6.400000E-9	-4.539202E-4
6.450000E-9	-4.350778E-4
6.500000E-9	-4.145224E-4
6.550000E-9	-4.008188E-4
6.600000E-9	-3.973929E-4
6.650000E-9	-3.956799E-4
6.700000E-9	-3.991058E-4
6.750000E-9	-4.025317E-4
6.800000E-9	-4.059576E-4
6.850000E-9	-4.128094E-4
6.900000E-9	-4.230871E-4
6.950000E-9	-4.282260E-4
7.000000E-9	-4.196612E-4
7.050000E-9	-4.093835E-4
7.100000E-9	-4.110965E-4
7.150000E-9	-4.179483E-4
7.200000E-9	-4.128094E-4
7.250000E-9	-3.991058E-4
7.300000E-9	-3.836893E-4
7.350000E-9	-3.682727E-4
7.400000E-9	-3.442914E-4
7.450000E-9	-3.151713E-4
7.500000E-9	-2.911900E-4
7.550000E-9	-2.791993E-4
7.600000E-9	-2.791993E-4
7.650000E-9	-2.929029E-4
7.700000E-9	-3.220231E-4
7.750000E-9	-3.665598E-4
7.800000E-9	-4.179483E-4
7.850000E-9	-4.796145E-4
7.900000E-9	-5.532713E-4
7.950000E-9	-6.269282E-4
8.000000E-9	-6.851685E-4
8.050000E-9	-7.297052E-4
8.100000E-9	-7.622512E-4
8.150000E-9	-7.673901E-4
8.200000E-9	-7.451217E-4
8.250000E-9	-7.142886E-4
8.300000E-9	-6.800296E-4
8.350000E-9	-6.337800E-4
8.400000E-9	-5.909562E-4
8.450000E-9	-5.686879E-4
8.500000E-9	-5.532713E-4
8.550000E-9	-5.447066E-4
8.600000E-9	-5.566972E-4
8.650000E-9	-5.806785E-4
8.700000E-9	-5.875303E-4
8.750000E-9	-5.823915E-4
8.800000E-9	-5.806785E-4
8.850000E-9	-5.772526E-4
8.900000E-9	-5.635490E-4
8.950000E-9	-5.481325E-4
9.000000E-9	-5.310030E-4
9.050000E-9	-5.121605E-4
9.100000E-9	-5.053087E-4
9.150000E-9	-5.087346E-4
9.200000E-9	-5.121605E-4
9.250000E-9	-5.275771E-4
9.300000E-9	-5.669749E-4
9.350000E-9	-6.132246E-4
9.400000E-9	-6.509095E-4
9.450000E-9	-6.954462E-4
9.500000E-9	-7.553994E-4
9.550000E-9	-8.102138E-4
9.600000E-9	-8.496117E-4
9.650000E-9	-8.838707E-4
9.700000E-9	-9.129908E-4
9.750000E-9	-9.318333E-4
9.800000E-9	-9.266944E-4
9.850000E-9	-8.924354E-4
9.900000E-9	-8.444728E-4
9.950000E-9	-7.913714E-4
1.000000E-8	-7.314181E-4
1.005000E-8	-6.680390E-4
1.010000E-8	-6.166505E-4
1.015000E-8	-5.789656E-4
1.020000E-8	-5.447066E-4
1.025000E-8	-5.275771E-4
1.030000E-8	-5.344289E-4
1.035000E-8	-5.464195E-4
1.040000E-8	-5.447066E-4
1.045000E-8	-5.412807E-4
1.050000E-8	-5.429936E-4
1.055000E-8	-5.292900E-4
1.060000E-8	-4.967440E-4
1.065000E-8	-4.573461E-4
1.070000E-8	-4.179483E-4
1.075000E-8	-3.751245E-4
1.080000E-8	-3.288749E-4
1.085000E-8	-2.963288E-4
1.090000E-8	-2.826252E-4
1.095000E-8	-2.826252E-4
1.100000E-8	-2.894770E-4
1.105000E-8	-3.117454E-4
1.110000E-8	-3.494303E-4
1.115000E-8	-3.819763E-4
1.120000E-8	-4.059576E-4
1.125000E-8	-4.350778E-4
1.130000E-8	-4.624850E-4
1.135000E-8	-4.641979E-4
1.140000E-8	-4.453555E-4
1.145000E-8	-4.248001E-4
1.150000E-8	-4.025317E-4
1.155000E-8	-3.785504E-4
1.160000E-8	-3.631339E-4
1.165000E-8	-3.511432E-4
1.170000E-8	-3.408655E-4
1.175000E-8	-3.442914E-4
1.180000E-8	-3.562821E-4
1.185000E-8	-3.716986E-4
1.190000E-8	-4.025317E-4
1.195000E-8	-4.487814E-4
1.200000E-8	-4.830404E-4
1.205000E-8	-4.916051E-4
1.210000E-8	-4.984569E-4
1.215000E-8	-5.070217E-4
1.220000E-8	-5.018828E-4
1.225000E-8	-4.881792E-4
1.230000E-8	-4.744756E-4
1.235000E-8	-4.607720E-4
1.240000E-8	-4.487814E-4
1.245000E-8	-4.436425E-4
1.250000E-8	-4.436425E-4
1.255000E-8	-4.504943E-4
1.260000E-8	-4.641979E-4
1.265000E-8	-4.796145E-4
1.270000E-8	-4.933181E-4
1.275000E-8	-5.172994E-4
1.280000E-8	-5.447066E-4
1.285000E-8	-5.601231E-4
1.290000E-8	-5.652620E-4
1.295000E-8	-5.772526E-4
1.300000E-8	-5.875303E-4
1.305000E-8	-5.858174E-4
1.310000E-8	-5.755397E-4
1.315000E-8	-5.584102E-4
1.320000E-8	-5.275771E-4
1.325000E-8	-4.813274E-4
1.330000E-8	-4.316519E-4
1.335000E-8	-3.802634E-4
1.340000E-8	-3.254490E-4
1.345000E-8	-2.757734E-4
1.350000E-8	-2.483662E-4
1.355000E-8	-2.398014E-4
1.360000E-8	-2.466532E-4
1.365000E-8	-2.637827E-4
1.370000E-8	-2.963288E-4
1.375000E-8	-3.391526E-4
1.380000E-8	-3.802634E-4
1.385000E-8	-4.110965E-4
1.390000E-8	-4.350778E-4
1.395000E-8	-4.504943E-4
1.400000E-8	-4.436425E-4
1.405000E-8	-4.110965E-4
1.410000E-8	-3.631339E-4
1.415000E-8	-3.083195E-4
1.420000E-8	-2.535050E-4
1.425000E-8	-2.123942E-4
1.430000E-8	-1.969777E-4
1.435000E-8	-2.123942E-4
1.440000E-8	-2.569309E-4
1.445000E-8	-3.271619E-4
1.450000E-8	-4.196612E-4
1.455000E-8	-5.292900E-4
1.460000E-8	-6.440577E-4
1.465000E-8	-7.571124E-4
1.470000E-8	-8.598894E-4
1.475000E-8	-9.369721E-4
1.480000E-8	-9.797959E-4
1.485000E-8	-9.952124E-4
1.490000E-8	-9.952124E-4
1.495000E-8	-9.729441E-4
1.500000E-8	-9.181297E-4
1.505000E-8	-8.547505E-4
1.510000E-8	-7.965102E-4
1.515000E-8	-7.451217E-4
1.520000E-8	-7.022980E-4
1.525000E-8	-6.611872E-4
1.530000E-8	-6.217893E-4
1.535000E-8	-5.943821E-4
1.540000E-8	-5.909562E-4
1.545000E-8	-5.875303E-4
1.550000E-8	-5.635490E-4
1.555000E-8	-5.310030E-4
1.560000E-8	-4.984569E-4
1.565000E-8	-4.522073E-4
1.570000E-8	-3.854022E-4
1.575000E-8	-3.117454E-4
1.580000E-8	-2.517921E-4
1.585000E-8	-2.004036E-4
1.590000E-8	-1.455892E-4
1.595000E-8	-1.010525E-4
1.600000E-8	-8.906184E-5
1.605000E-8	-1.044784E-4
1.610000E-8	-1.404503E-4
1.615000E-8	-2.038295E-4
1.620000E-8	-2.826252E-4
1.625000E-8	-3.631339E-4
1.630000E-8	-4.436425E-4
1.635000E-8	-5.138735E-4
1.640000E-8	-5.532713E-4
1.645000E-8	-5.721138E-4
1.650000E-8	-5.858174E-4
1.655000E-8	-5.892433E-4
1.660000E-8	-5.772526E-4
1.665000E-8	-5.584102E-4
1.670000E-8	-5.310030E-4
1.675000E-8	-4.984569E-4
1.680000E-8	-4.779015E-4
1.685000E-8	-4.641979E-4
1.690000E-8	-4.419296E-4
1.695000E-8	-4.316519E-4
1.700000E-8	-4.470684E-4
1.705000E-8	-4.556332E-4
1.710000E-8	-4.436425E-4
1.715000E-8	-4.453555E-4
1.720000E-8	-4.590591E-4
1.725000E-8	-4.470684E-4
1.730000E-8	-4.179483E-4
1.735000E-8	-3.991058E-4
1.740000E-8	-3.665598E-4
1.745000E-8	-3.031806E-4
1.750000E-8	-2.398014E-4
1.755000E-8	-2.021165E-4
1.760000E-8	-1.695705E-4
1.765000E-8	-1.387374E-4
1.770000E-8	-1.353115E-4
1.775000E-8	-1.524410E-4
1.780000E-8	-1.832741E-4
1.785000E-8	-2.363755E-4
1.790000E-8	-3.031806E-4
1.795000E-8	-3.579950E-4
1.800000E-8	-4.076706E-4
1.805000E-8	-4.573461E-4
1.810000E-8	-4.727627E-4
1.815000E-8	-4.487814E-4
1.820000E-8	-4.059576E-4
1.825000E-8	-3.254490E-4
1.830000E-8	-1.712834E-4
1.835000E-8	6.510366E-5
1.840000E-8	4.042678E-4
1.845000E-8	8.975974E-4
1.850000E-8	1.575926E-3
1.855000E-8	2.473511E-3
1.860000E-8	3.657160E-3
1.865000E-8	5.174834E-3
1.870000E-8	7.007690E-3
1.875000E-8	9.147165E-3
1.880000E-8	1.158812E-2
1.885000E-8	1.427402E-2
1.890000E-8	1.709183E-2
1.895000E-8	1.993532E-2
1.900000E-8	2.268461E-2
1.905000E-8	2.521121E-2
1.910000E-8	2.740721E-2
1.915000E-8	2.921951E-2
1.920000E-8	3.059330E-2
1.925000E-8	3.150116E-2
1.930000E-8	3.195509E-2
1.935000E-8	3.198079E-2
1.940000E-8	3.159366E-2
1.945000E-8	3.082797E-2
1.950000E-8	2.975738E-2
1.955000E-8	2.844869E-2
1.960000E-8	2.699953E-2
1.965000E-8	2.552639E-2
1.970000E-8	2.414062E-2
1.975000E-8	2.292100E-2
1.980000E-8	2.195147E-2
1.985000E-8	2.129883E-2
1.990000E-8	2.096995E-2
1.995000E-8	2.093569E-2
2.000000E-8	2.114638E-2
2.005000E-8	2.155064E-2
2.010000E-8	2.208336E-2
2.015000E-8	2.265206E-2
2.020000E-8	2.317623E-2
2.025000E-8	2.361645E-2
2.030000E-8	2.392821E-2
2.035000E-8	2.404640E-2
2.040000E-8	2.396418E-2
2.045000E-8	2.371409E-2
2.050000E-8	2.329099E-2
2.055000E-8	2.269146E-2
2.060000E-8	2.200457E-2
2.065000E-8	2.129712E-2
2.070000E-8	2.058453E-2
2.075000E-8	1.992847E-2
2.080000E-8	1.941801E-2
2.085000E-8	1.908913E-2
2.090000E-8	1.893325E-2
2.095000E-8	1.896751E-2
2.100000E-8	1.919704E-2
2.105000E-8	1.960986E-2
2.110000E-8	2.015287E-2
2.115000E-8	2.076782E-2
2.120000E-8	2.140161E-2
2.125000E-8	2.202512E-2
2.130000E-8	2.257841E-2
2.135000E-8	2.297924E-2
2.140000E-8	2.317451E-2
2.145000E-8	2.317280E-2
2.150000E-8	2.297238E-2
2.155000E-8	2.259040E-2
2.160000E-8	2.205596E-2
2.165000E-8	2.141531E-2
2.170000E-8	2.071643E-2
2.175000E-8	2.002268E-2
2.180000E-8	1.941801E-2
2.185000E-8	1.895723E-2
2.190000E-8	1.865061E-2
2.195000E-8	1.852728E-2
2.200000E-8	1.862663E-2
2.205000E-8	1.892297E-2
2.210000E-8	1.934950E-2
2.215000E-8	1.987366E-2
2.220000E-8	2.045435E-2
2.225000E-8	2.099735E-2
2.230000E-8	2.143758E-2
2.235000E-8	2.175790E-2
2.240000E-8	2.192406E-2
2.245000E-8	2.188466E-2
2.250000E-8	2.163971E-2
2.255000E-8	2.123203E-2
2.260000E-8	2.069416E-2
2.265000E-8	2.007750E-2
2.270000E-8	1.944542E-2
2.275000E-8	1.884931E-2
2.280000E-8	1.833885E-2
2.285000E-8	1.798599E-2
2.290000E-8	1.783353E-2
2.295000E-8	1.787636E-2
2.300000E-8	1.810247E-2
2.305000E-8	1.850844E-2
2.310000E-8	1.904973E-2
2.315000E-8	1.965611E-2
2.320000E-8	2.028305E-2
2.325000E-8	2.087573E-2
2.330000E-8	2.136050E-2
2.335000E-8	2.169281E-2
2.340000E-8	2.186068E-2
2.345000E-8	2.183499E-2
2.350000E-8	2.162087E-2
2.355000E-8	2.125430E-2
2.360000E-8	2.076097E-2
2.365000E-8	2.015801E-2
2.370000E-8	1.952250E-2
2.375000E-8	1.895723E-2
2.380000E-8	1.851358E-2
2.385000E-8	1.820182E-2
2.390000E-8	1.804251E-2
2.395000E-8	1.805622E-2
2.400000E-8	1.824293E-2
2.405000E-8	1.857695E-2
2.410000E-8	1.901547E-2
2.415000E-8	1.950195E-2
2.420000E-8	2.000042E-2
2.425000E-8	2.044578E-2
2.430000E-8	2.079180E-2
2.435000E-8	2.101277E-2
2.440000E-8	2.108129E-2
2.445000E-8	2.097680E-2
2.450000E-8	2.071986E-2
2.455000E-8	2.033615E-2
2.460000E-8	1.984968E-2
2.465000E-8	1.931181E-2
2.470000E-8	1.878422E-2
2.475000E-8	1.833029E-2
2.480000E-8	1.799798E-2
2.485000E-8	1.780613E-2
2.490000E-8	1.775474E-2
2.495000E-8	1.784553E-2
2.500000E-8	1.809390E-2
2.505000E-8	1.846047E-2
2.510000E-8	1.889556E-2
2.515000E-8	1.937348E-2
2.520000E-8	1.986852E-2
2.525000E-8	2.031903E-2
2.530000E-8	2.067361E-2
2.535000E-8	2.090828E-2
2.540000E-8	2.099221E-2
2.545000E-8	2.091171E-2
2.550000E-8	2.068902E-2
2.555000E-8	2.034986E-2
2.560000E-8	1.990620E-2
2.565000E-8	1.940260E-2
2.570000E-8	1.891098E-2
2.575000E-8	1.847760E-2
2.580000E-8	1.813673E-2
2.585000E-8	1.793631E-2
2.590000E-8	1.790719E-2
2.595000E-8	1.804937E-2
2.600000E-8	1.834571E-2
2.605000E-8	1.877566E-2
2.610000E-8	1.928612E-2
2.615000E-8	1.981370E-2
2.620000E-8	2.034301E-2
2.625000E-8	2.083462E-2
2.630000E-8	2.121490E-2
2.635000E-8	2.142902E-2
2.640000E-8	2.148383E-2
2.645000E-8	2.138277E-2
2.650000E-8	2.111212E-2
2.655000E-8	2.070101E-2
2.660000E-8	2.021625E-2
2.665000E-8	1.970579E-2
2.670000E-8	1.920389E-2
2.675000E-8	1.875510E-2
2.680000E-8	1.841080E-2
2.685000E-8	1.820011E-2
2.690000E-8	1.812816E-2
2.695000E-8	1.818469E-2
2.700000E-8	1.836284E-2
2.705000E-8	1.865746E-2
2.710000E-8	1.904802E-2
2.715000E-8	1.948311E-2
2.720000E-8	1.990963E-2
2.725000E-8	2.030532E-2
2.730000E-8	2.064620E-2
2.735000E-8	2.089972E-2
2.740000E-8	2.102305E-2
2.745000E-8	2.101277E-2
2.750000E-8	2.089115E-2
2.755000E-8	2.066675E-2
2.760000E-8	2.036356E-2
2.765000E-8	2.001241E-2
2.770000E-8	1.964584E-2
2.775000E-8	1.929982E-2
2.780000E-8	1.901204E-2
2.785000E-8	1.881677E-2
2.790000E-8	1.872941E-2
2.795000E-8	1.875510E-2
2.800000E-8	1.888015E-2
2.805000E-8	1.909255E-2
2.810000E-8	1.937862E-2
2.815000E-8	1.969722E-2
2.820000E-8	2.001069E-2
2.825000E-8	2.028648E-2
2.830000E-8	2.049375E-2
2.835000E-8	2.059995E-2
2.840000E-8	2.059138E-2
2.845000E-8	2.047319E-2
2.850000E-8	2.025907E-2
2.855000E-8	1.996102E-2
2.860000E-8	1.960815E-2
2.865000E-8	1.924843E-2
2.870000E-8	1.891612E-2
2.875000E-8	1.863348E-2
2.880000E-8	1.841936E-2
2.885000E-8	1.830117E-2
2.890000E-8	1.828918E-2
2.895000E-8	1.837483E-2
2.900000E-8	1.853927E-2
2.905000E-8	1.876881E-2
2.910000E-8	1.904288E-2
2.915000E-8	1.930838E-2
2.920000E-8	1.954135E-2
2.925000E-8	1.974519E-2
2.930000E-8	1.989935E-2
2.935000E-8	1.997644E-2
2.940000E-8	1.997472E-2
2.945000E-8	1.990620E-2
2.950000E-8	1.976917E-2
2.955000E-8	1.957218E-2
2.960000E-8	1.933237E-2
2.965000E-8	1.907714E-2
2.970000E-8	1.882191E-2
2.975000E-8	1.859580E-2
2.980000E-8	1.841765E-2
2.985000E-8	1.831145E-2
2.990000E-8	1.828404E-2
2.995000E-8	1.832515E-2
3.000000E-8	1.843992E-2
3.005000E-8	1.863177E-2
3.010000E-8	1.887330E-2
3.015000E-8	1.913366E-2
3.020000E-8	1.939574E-2
3.025000E-8	1.965097E-2
3.030000E-8	1.986167E-2
3.035000E-8	1.999699E-2
3.040000E-8	2.004667E-2
3.045000E-8	2.000042E-2
3.050000E-8	1.985653E-2
3.055000E-8	1.963898E-2
3.060000E-8	1.936491E-2
3.065000E-8	1.904459E-2
3.070000E-8	1.871056E-2
3.075000E-8	1.839024E-2
3.080000E-8	1.811788E-2
3.085000E-8	1.792261E-2
3.090000E-8	1.783182E-2
3.095000E-8	1.784553E-2
3.100000E-8	1.795173E-2
3.105000E-8	1.814187E-2
3.110000E-8	1.840395E-2
3.115000E-8	1.870029E-2
3.120000E-8	1.899663E-2
3.125000E-8	1.925871E-2
3.130000E-8	1.947283E-2
3.135000E-8	1.962871E-2
3.140000E-8	1.970750E-2
3.145000E-8	1.968009E-2
3.150000E-8	1.955848E-2
3.155000E-8	1.936834E-2
3.160000E-8	1.912681E-2
3.165000E-8	1.884931E-2
3.170000E-8	1.857182E-2
3.175000E-8	1.832686E-2
3.180000E-8	1.814187E-2
3.185000E-8	1.802881E-2
3.190000E-8	1.799284E-2
3.195000E-8	1.802025E-2
3.200000E-8	1.811788E-2
3.205000E-8	1.828061E-2
3.210000E-8	1.847418E-2
3.215000E-8	1.867117E-2
3.220000E-8	1.885617E-2
3.225000E-8	1.899491E-2
3.230000E-8	1.908056E-2
3.235000E-8	1.910797E-2
3.240000E-8	1.907714E-2
3.245000E-8	1.897779E-2
3.250000E-8	1.881848E-2
3.255000E-8	1.863520E-2
3.260000E-8	1.843992E-2
3.265000E-8	1.825321E-2
3.270000E-8	1.809733E-2
3.275000E-8	1.799284E-2
3.280000E-8	1.794316E-2
3.285000E-8	1.794659E-2
3.290000E-8	1.801511E-2
3.295000E-8	1.813844E-2
3.300000E-8	1.831145E-2
3.305000E-8	1.851700E-2
3.310000E-8	1.873455E-2
3.315000E-8	1.895380E-2
3.320000E-8	1.915593E-2
3.325000E-8	1.931524E-2
3.330000E-8	1.941116E-2
3.335000E-8	1.943172E-2
3.340000E-8	1.939232E-2
3.345000E-8	1.929811E-2
3.350000E-8	1.915079E-2
3.355000E-8	1.895552E-2
3.360000E-8	1.874140E-2
3.365000E-8	1.854098E-2
3.370000E-8	1.837140E-2
3.375000E-8	1.824464E-2
3.380000E-8	1.817955E-2
3.385000E-8	1.817612E-2
3.390000E-8	1.822751E-2
3.395000E-8	1.831487E-2
3.400000E-8	1.843821E-2
3.405000E-8	1.858381E-2
3.410000E-8	1.872941E-2
3.415000E-8	1.884931E-2
3.420000E-8	1.893154E-2
3.425000E-8	1.897950E-2
3.430000E-8	1.898464E-2
3.435000E-8	1.893325E-2
3.440000E-8	1.883732E-2
3.445000E-8	1.871228E-2
3.450000E-8	1.857353E-2
3.455000E-8	1.841422E-2
3.460000E-8	1.824807E-2
3.465000E-8	1.810075E-2
3.470000E-8	1.798941E-2
3.475000E-8	1.792261E-2
3.480000E-8	1.790034E-2
3.485000E-8	1.792261E-2
3.490000E-8	1.798599E-2
3.495000E-8	1.807335E-2
3.500000E-8	1.818298E-2
3.505000E-8	1.831487E-2
3.510000E-8	1.845534E-2
3.515000E-8	1.857695E-2
3.520000E-8	1.866945E-2
3.525000E-8	1.872769E-2
3.530000E-8	1.874140E-2
3.535000E-8	1.871913E-2
3.540000E-8	1.867288E-2
3.545000E-8	1.859922E-2
3.550000E-8	1.849473E-2
3.555000E-8	1.837654E-2
3.560000E-8	1.825835E-2
3.565000E-8	1.814187E-2
3.570000E-8	1.803566E-2
3.575000E-8	1.795687E-2
3.580000E-8	1.790377E-2
3.585000E-8	1.788321E-2
3.590000E-8	1.790377E-2
3.595000E-8	1.795858E-2
3.600000E-8	1.804423E-2
3.605000E-8	1.814700E-2
3.610000E-8	1.824293E-2
3.615000E-8	1.832173E-2
3.620000E-8	1.838853E-2
3.625000E-8	1.843649E-2
3.630000E-8	1.845020E-2
3.635000E-8	1.843135E-2
3.640000E-8	1.836797E-2
3.645000E-8	1.825663E-2
3.650000E-8	1.812131E-2
3.655000E-8	1.798427E-2
3.660000E-8	1.784381E-2
3.665000E-8	1.769821E-2
3.670000E-8	1.757659E-2
3.675000E-8	1.749951E-2
3.680000E-8	1.746525E-2
3.685000E-8	1.746182E-2
3.690000E-8	1.748409E-2
3.695000E-8	1.753719E-2
3.700000E-8	1.761770E-2
3.705000E-8	1.771192E-2
3.710000E-8	1.782154E-2
3.715000E-8	1.794145E-2
3.720000E-8	1.804251E-2
3.725000E-8	1.812302E-2
3.730000E-8	1.819325E-2
3.735000E-8	1.823265E-2
3.740000E-8	1.822409E-2
3.745000E-8	1.819325E-2
3.750000E-8	1.815900E-2
3.755000E-8	1.809733E-2
3.760000E-8	1.800312E-2
3.765000E-8	1.791404E-2
3.770000E-8	1.783696E-2
3.775000E-8	1.776673E-2
3.780000E-8	1.772562E-2
3.785000E-8	1.772733E-2
3.790000E-8	1.775474E-2
3.795000E-8	1.779414E-2
3.800000E-8	1.785580E-2
3.805000E-8	1.794145E-2
3.810000E-8	1.802538E-2
3.815000E-8	1.810932E-2
3.820000E-8	1.818812E-2
3.825000E-8	1.825149E-2
3.830000E-8	1.829946E-2
3.835000E-8	1.832173E-2
3.840000E-8	1.829432E-2
3.845000E-8	1.822751E-2
3.850000E-8	1.814015E-2
3.855000E-8	1.803052E-2
3.860000E-8	1.790034E-2
3.865000E-8	1.777187E-2
3.870000E-8	1.765710E-2
3.875000E-8	1.754747E-2
3.880000E-8	1.745497E-2
3.885000E-8	1.741386E-2
3.890000E-8	1.742243E-2
3.895000E-8	1.745326E-2
3.900000E-8	1.750294E-2
3.905000E-8	1.757659E-2
3.910000E-8	1.766567E-2
3.915000E-8	1.774960E-2
3.920000E-8	1.783182E-2
3.925000E-8	1.791404E-2
3.930000E-8	1.798599E-2
3.935000E-8	1.803052E-2
3.940000E-8	1.804423E-2
3.945000E-8	1.803909E-2
3.950000E-8	1.800312E-2
3.955000E-8	1.794145E-2
3.960000E-8	1.787293E-2
3.965000E-8	1.781469E-2
3.970000E-8	1.775645E-2
3.975000E-8	1.769307E-2
3.980000E-8	1.764340E-2
3.985000E-8	1.762284E-2
3.990000E-8	1.762798E-2
3.995000E-8	1.765025E-2
4.000000E-8	1.769479E-2
4.005000E-8	1.776844E-2
4.010000E-8	1.784895E-2
4.015000E-8	1.791918E-2
4.020000E-8	1.798770E-2
4.025000E-8	1.806650E-2
4.030000E-8	1.813844E-2
4.035000E-8	1.817612E-2
4.040000E-8	1.820182E-2
4.045000E-8	1.822066E-2
4.050000E-8	1.820696E-2
4.055000E-8	1.815557E-2
4.060000E-8	1.809390E-2
4.065000E-8	1.802710E-2
4.070000E-8	1.793460E-2
4.075000E-8	1.782668E-2
4.080000E-8	1.772733E-2
4.085000E-8	1.763483E-2
4.090000E-8	1.754576E-2
4.095000E-8	1.747210E-2
4.100000E-8	1.742243E-2
4.105000E-8	1.738474E-2
4.110000E-8	1.735391E-2
4.115000E-8	1.734020E-2
4.120000E-8	1.734706E-2
4.125000E-8	1.736761E-2
4.130000E-8	1.740701E-2
4.135000E-8	1.746354E-2
4.140000E-8	1.752178E-2
4.145000E-8	1.756803E-2
4.150000E-8	1.760571E-2
4.155000E-8	1.765196E-2
4.160000E-8	1.769992E-2
4.165000E-8	1.773247E-2
4.170000E-8	1.774789E-2
4.175000E-8	1.775303E-2
4.180000E-8	1.775988E-2
4.185000E-8	1.776844E-2
4.190000E-8	1.777358E-2
4.195000E-8	1.777358E-2
4.200000E-8	1.778215E-2
4.205000E-8	1.779756E-2
4.210000E-8	1.781469E-2
4.215000E-8	1.781641E-2
4.220000E-8	1.780784E-2
4.225000E-8	1.780441E-2
4.230000E-8	1.781469E-2
4.235000E-8	1.782154E-2
4.240000E-8	1.782154E-2
4.245000E-8	1.781983E-2
4.250000E-8	1.784039E-2
4.255000E-8	1.787122E-2
4.260000E-8	1.789691E-2
4.265000E-8	1.790377E-2
4.270000E-8	1.788664E-2
4.275000E-8	1.785752E-2
4.280000E-8	1.783182E-2
4.285000E-8	1.780955E-2
4.290000E-8	1.777358E-2
4.295000E-8	1.770849E-2
4.300000E-8	1.764340E-2
4.305000E-8	1.758858E-2
4.310000E-8	1.754918E-2
4.315000E-8	1.752349E-2
4.320000E-8	1.750465E-2
4.325000E-8	1.748409E-2
4.330000E-8	1.745155E-2
4.335000E-8	1.740872E-2
4.340000E-8	1.736419E-2
4.345000E-8	1.732479E-2
4.350000E-8	1.729567E-2
4.355000E-8	1.727854E-2
4.360000E-8	1.727169E-2
4.365000E-8	1.725970E-2
4.370000E-8	1.724428E-2
4.375000E-8	1.723743E-2
4.380000E-8	1.726141E-2
4.385000E-8	1.731451E-2
4.390000E-8	1.736419E-2
4.395000E-8	1.741044E-2
4.400000E-8	1.745669E-2
4.405000E-8	1.750294E-2
4.410000E-8	1.753377E-2
4.415000E-8	1.753891E-2
4.420000E-8	1.751493E-2
4.425000E-8	1.746525E-2
4.430000E-8	1.741215E-2
4.435000E-8	1.736076E-2
4.440000E-8	1.730081E-2
4.445000E-8	1.724085E-2
4.450000E-8	1.720488E-2
4.455000E-8	1.718604E-2
4.460000E-8	1.717234E-2
4.465000E-8	1.716377E-2
4.470000E-8	1.715521E-2
4.475000E-8	1.714493E-2
4.480000E-8	1.714322E-2
4.485000E-8	1.715007E-2
4.490000E-8	1.714835E-2
4.495000E-8	1.715692E-2
4.500000E-8	1.718775E-2
4.505000E-8	1.722544E-2
4.510000E-8	1.724599E-2
4.515000E-8	1.727169E-2
4.520000E-8	1.731622E-2
4.525000E-8	1.735733E-2
4.530000E-8	1.738132E-2
4.535000E-8	1.738817E-2
4.540000E-8	1.738645E-2
4.545000E-8	1.737789E-2
4.550000E-8	1.735562E-2
4.555000E-8	1.730937E-2
4.560000E-8	1.725456E-2
4.565000E-8	1.719974E-2
4.570000E-8	1.714150E-2
4.575000E-8	1.707984E-2
4.580000E-8	1.703187E-2
4.585000E-8	1.700104E-2
4.590000E-8	1.697363E-2
4.595000E-8	1.695137E-2
4.600000E-8	1.696507E-2
4.605000E-8	1.700618E-2
4.610000E-8	1.704386E-2
4.615000E-8	1.707298E-2
4.620000E-8	1.710896E-2
4.625000E-8	1.714493E-2
4.630000E-8	1.716548E-2
4.635000E-8	1.717405E-2
4.640000E-8	1.717234E-2
4.645000E-8	1.715692E-2
4.650000E-8	1.713808E-2
4.655000E-8	1.712609E-2
4.660000E-8	1.712437E-2
4.665000E-8	1.713979E-2
4.670000E-8	1.716720E-2
4.675000E-8	1.718261E-2
4.680000E-8	1.718775E-2
4.685000E-8	1.718947E-2
4.690000E-8	1.718261E-2
4.695000E-8	1.715178E-2
4.700000E-8	1.711067E-2
4.705000E-8	1.706271E-2
4.710000E-8	1.700104E-2
4.715000E-8	1.692738E-2
4.720000E-8	1.685887E-2
4.725000E-8	1.679891E-2
4.730000E-8	1.675266E-2
4.735000E-8	1.673553E-2
4.740000E-8	1.674924E-2
4.745000E-8	1.678864E-2
4.750000E-8	1.685887E-2
4.755000E-8	1.696507E-2
4.760000E-8	1.707641E-2
4.765000E-8	1.716377E-2
4.770000E-8	1.722030E-2
4.775000E-8	1.724771E-2
4.780000E-8	1.724085E-2
4.785000E-8	1.719803E-2
4.790000E-8	1.714322E-2
4.795000E-8	1.707984E-2
4.800000E-8	1.699248E-2
4.805000E-8	1.689655E-2
4.810000E-8	1.681433E-2
4.815000E-8	1.674581E-2
4.820000E-8	1.669100E-2
4.825000E-8	1.667558E-2
4.830000E-8	1.669956E-2
4.835000E-8	1.675438E-2
4.840000E-8	1.682975E-2
4.845000E-8	1.692567E-2
4.850000E-8	1.702845E-2
4.855000E-8	1.711923E-2
4.860000E-8	1.718775E-2
4.865000E-8	1.722372E-2
4.870000E-8	1.722715E-2
4.875000E-8	1.719974E-2
4.880000E-8	1.714322E-2
4.885000E-8	1.706442E-2
4.890000E-8	1.695993E-2
4.895000E-8	1.683831E-2
4.900000E-8	1.673211E-2
4.905000E-8	1.666359E-2
4.910000E-8	1.661905E-2
4.915000E-8	1.658822E-2
4.920000E-8	1.659165E-2
4.925000E-8	1.663104E-2
4.930000E-8	1.667558E-2
4.935000E-8	1.670299E-2
4.940000E-8	1.672354E-2
4.945000E-8	1.674752E-2
4.950000E-8	1.676979E-2
4.955000E-8	1.678178E-2
4.960000E-8	1.677836E-2
4.965000E-8	1.676808E-2
4.970000E-8	1.675095E-2
4.975000E-8	1.673382E-2
4.980000E-8	1.671840E-2
4.985000E-8	1.670127E-2
4.990000E-8	1.669100E-2
4.995000E-8	1.668757E-2
5.000000E-8	1.668928E-2
5.005000E-8	1.668586E-2
5.010000E-8	1.667558E-2
5.015000E-8	1.665502E-2
5.020000E-8	1.662933E-2
5.025000E-8	1.658993E-2
5.030000E-8	1.653169E-2
5.035000E-8	1.646146E-2
5.040000E-8	1.639980E-2
5.045000E-8	1.635526E-2
5.050000E-8	1.631415E-2
5.055000E-8	1.629188E-2
5.060000E-8	1.630216E-2
5.065000E-8	1.632956E-2
5.070000E-8	1.634669E-2
5.075000E-8	1.635868E-2
5.080000E-8	1.637239E-2
5.085000E-8	1.638095E-2
5.090000E-8	1.638267E-2
5.095000E-8	1.638267E-2
5.100000E-8	1.638438E-2
5.105000E-8	1.637239E-2
5.110000E-8	1.634498E-2
5.115000E-8	1.632271E-2
5.120000E-8	1.631586E-2
5.125000E-8	1.631243E-2
5.130000E-8	1.631243E-2
5.135000E-8	1.632785E-2
5.140000E-8	1.635868E-2
5.145000E-8	1.639980E-2
5.150000E-8	1.644262E-2
5.155000E-8	1.648716E-2
5.160000E-8	1.653169E-2
5.165000E-8	1.658308E-2
5.170000E-8	1.663276E-2
5.175000E-8	1.667558E-2
5.180000E-8	1.670813E-2
5.185000E-8	1.672868E-2
5.190000E-8	1.672526E-2
5.195000E-8	1.670984E-2
5.200000E-8	1.669442E-2
5.205000E-8	1.666359E-2
5.210000E-8	1.663104E-2
5.215000E-8	1.661734E-2
5.220000E-8	1.661734E-2
5.225000E-8	1.662590E-2
5.230000E-8	1.664646E-2
5.235000E-8	1.667215E-2
5.240000E-8	1.668243E-2
5.245000E-8	1.668415E-2
5.250000E-8	1.669271E-2
5.255000E-8	1.669100E-2
5.260000E-8	1.667044E-2
5.265000E-8	1.663447E-2
5.270000E-8	1.658993E-2
5.275000E-8	1.653512E-2
5.280000E-8	1.647688E-2
5.285000E-8	1.642206E-2
5.290000E-8	1.636554E-2
5.295000E-8	1.631757E-2
5.300000E-8	1.628845E-2
5.305000E-8	1.627989E-2
5.310000E-8	1.628845E-2
5.315000E-8	1.631586E-2
5.320000E-8	1.634669E-2
5.325000E-8	1.637068E-2
5.330000E-8	1.638952E-2
5.335000E-8	1.640836E-2
5.340000E-8	1.642206E-2
5.345000E-8	1.640836E-2
5.350000E-8	1.636725E-2
5.355000E-8	1.631243E-2
5.360000E-8	1.624734E-2
5.365000E-8	1.616683E-2
5.370000E-8	1.608975E-2
5.375000E-8	1.604008E-2
5.380000E-8	1.600582E-2
5.385000E-8	1.599554E-2
5.390000E-8	1.601952E-2
5.395000E-8	1.606577E-2
5.400000E-8	1.612230E-2
5.405000E-8	1.618739E-2
5.410000E-8	1.626276E-2
5.415000E-8	1.633470E-2
5.420000E-8	1.639980E-2
5.425000E-8	1.645118E-2
5.430000E-8	1.647517E-2
5.435000E-8	1.647517E-2
5.440000E-8	1.645975E-2
5.445000E-8	1.642378E-2
5.450000E-8	1.636382E-2
5.455000E-8	1.631072E-2
5.460000E-8	1.627475E-2
5.465000E-8	1.624392E-2
5.470000E-8	1.621480E-2
5.475000E-8	1.620794E-2
5.480000E-8	1.620966E-2
5.485000E-8	1.620623E-2
5.490000E-8	1.621137E-2
5.495000E-8	1.623193E-2
5.500000E-8	1.624563E-2
5.505000E-8	1.624392E-2
5.510000E-8	1.623193E-2
5.515000E-8	1.619938E-2
5.520000E-8	1.615142E-2
5.525000E-8	1.611716E-2
5.530000E-8	1.609146E-2
5.535000E-8	1.605549E-2
5.540000E-8	1.602466E-2
5.545000E-8	1.601781E-2
5.550000E-8	1.601952E-2
5.555000E-8	1.601267E-2
5.560000E-8	1.601267E-2
5.565000E-8	1.602466E-2
5.570000E-8	1.603322E-2
5.575000E-8	1.603151E-2
5.580000E-8	1.603322E-2
5.585000E-8	1.602809E-2
5.590000E-8	1.601438E-2
5.595000E-8	1.600924E-2
5.600000E-8	1.602123E-2
5.605000E-8	1.604179E-2
5.610000E-8	1.605378E-2
5.615000E-8	1.605035E-2
5.620000E-8	1.603836E-2
5.625000E-8	1.601952E-2
5.630000E-8	1.599383E-2
5.635000E-8	1.597327E-2
5.640000E-8	1.594415E-2
5.645000E-8	1.590818E-2
5.650000E-8	1.588420E-2
5.655000E-8	1.588420E-2
5.660000E-8	1.589105E-2
5.665000E-8	1.590133E-2
5.670000E-8	1.592873E-2
5.675000E-8	1.596984E-2
5.680000E-8	1.599897E-2
5.685000E-8	1.602637E-2
5.690000E-8	1.605892E-2
5.695000E-8	1.608461E-2
5.700000E-8	1.609832E-2
5.705000E-8	1.610859E-2
5.710000E-8	1.611202E-2
5.715000E-8	1.610859E-2
5.720000E-8	1.611202E-2
5.725000E-8	1.612915E-2
5.730000E-8	1.614457E-2
5.735000E-8	1.615998E-2
5.740000E-8	1.616683E-2
5.745000E-8	1.615827E-2
5.750000E-8	1.614114E-2
5.755000E-8	1.612915E-2
5.760000E-8	1.611545E-2
5.765000E-8	1.609660E-2
5.770000E-8	1.607433E-2
5.775000E-8	1.605378E-2
5.780000E-8	1.603494E-2
5.785000E-8	1.601952E-2
5.790000E-8	1.601096E-2
5.795000E-8	1.600582E-2
5.800000E-8	1.601096E-2
5.805000E-8	1.602809E-2
5.810000E-8	1.603665E-2
5.815000E-8	1.602123E-2
5.820000E-8	1.600239E-2
5.825000E-8	1.598526E-2
5.830000E-8	1.596299E-2
5.835000E-8	1.592702E-2
5.840000E-8	1.589105E-2
5.845000E-8	1.586364E-2
5.850000E-8	1.584309E-2
5.855000E-8	1.582767E-2
5.860000E-8	1.582938E-2
5.865000E-8	1.584480E-2
5.870000E-8	1.587392E-2
5.875000E-8	1.591160E-2
5.880000E-8	1.595443E-2
5.885000E-8	1.598184E-2
5.890000E-8	1.598697E-2
5.895000E-8	1.597841E-2
5.900000E-8	1.595785E-2
5.905000E-8	1.592017E-2
5.910000E-8	1.587049E-2
5.915000E-8	1.581739E-2
5.920000E-8	1.576772E-2
5.925000E-8	1.572147E-2
5.930000E-8	1.568378E-2
5.935000E-8	1.564438E-2
5.940000E-8	1.560499E-2
5.945000E-8	1.557587E-2
5.950000E-8	1.555360E-2
5.955000E-8	1.553133E-2
5.960000E-8	1.550735E-2
5.965000E-8	1.547823E-2
5.970000E-8	1.544911E-2
5.975000E-8	1.543198E-2
5.980000E-8	1.543198E-2
5.985000E-8	1.544226E-2
5.990000E-8	1.545939E-2
5.995000E-8	1.549193E-2
6.000000E-8	1.554161E-2
6.005000E-8	1.559985E-2
6.010000E-8	1.566665E-2
6.015000E-8	1.573860E-2
6.020000E-8	1.580198E-2
6.025000E-8	1.585165E-2
6.030000E-8	1.587906E-2
6.035000E-8	1.587563E-2
6.040000E-8	1.585165E-2
6.045000E-8	1.581911E-2
6.050000E-8	1.577628E-2
6.055000E-8	1.571633E-2
6.060000E-8	1.565809E-2
6.065000E-8	1.561013E-2
6.070000E-8	1.557415E-2
6.075000E-8	1.555531E-2
6.080000E-8	1.555360E-2
6.085000E-8	1.557587E-2
6.090000E-8	1.561355E-2
6.095000E-8	1.565124E-2
6.100000E-8	1.567864E-2
6.105000E-8	1.570434E-2
6.110000E-8	1.571975E-2
6.115000E-8	1.571290E-2
6.120000E-8	1.569406E-2
6.125000E-8	1.568207E-2
6.130000E-8	1.567008E-2
6.135000E-8	1.564610E-2
6.140000E-8	1.561698E-2
6.145000E-8	1.559128E-2
6.150000E-8	1.556730E-2
6.155000E-8	1.554846E-2
6.160000E-8	1.555360E-2
6.165000E-8	1.557758E-2
6.170000E-8	1.560156E-2
6.175000E-8	1.563411E-2
6.180000E-8	1.568207E-2
6.185000E-8	1.573517E-2
6.190000E-8	1.578142E-2
6.195000E-8	1.582082E-2
6.200000E-8	1.585508E-2
6.205000E-8	1.588591E-2
6.210000E-8	1.590989E-2
6.215000E-8	1.592188E-2
6.220000E-8	1.591846E-2
6.225000E-8	1.590133E-2
6.230000E-8	1.587392E-2
6.235000E-8	1.583623E-2
6.240000E-8	1.579855E-2
6.245000E-8	1.576258E-2
6.250000E-8	1.574202E-2
6.255000E-8	1.573003E-2
6.260000E-8	1.571633E-2
6.265000E-8	1.569577E-2
6.270000E-8	1.568550E-2
6.275000E-8	1.568207E-2
6.280000E-8	1.568721E-2
6.285000E-8	1.570262E-2
6.290000E-8	1.571462E-2
6.295000E-8	1.570776E-2
6.300000E-8	1.569920E-2
6.305000E-8	1.569235E-2
6.310000E-8	1.567008E-2
6.315000E-8	1.563239E-2
6.320000E-8	1.560499E-2
6.325000E-8	1.559471E-2
6.330000E-8	1.559642E-2
6.335000E-8	1.560841E-2
6.340000E-8	1.563068E-2
6.345000E-8	1.565295E-2
6.350000E-8	1.567008E-2
6.355000E-8	1.567693E-2
6.360000E-8	1.566665E-2
6.365000E-8	1.564438E-2
6.370000E-8	1.561355E-2
6.375000E-8	1.557587E-2
6.380000E-8	1.552962E-2
6.385000E-8	1.546795E-2
6.390000E-8	1.539429E-2
6.395000E-8	1.533263E-2
6.400000E-8	1.529323E-2
6.405000E-8	1.525554E-2
6.410000E-8	1.522642E-2
6.415000E-8	1.522300E-2
6.420000E-8	1.523156E-2
6.425000E-8	1.523670E-2
6.430000E-8	1.524869E-2
6.435000E-8	1.525897E-2
6.440000E-8	1.525554E-2
6.445000E-8	1.524869E-2
6.450000E-8	1.524527E-2
6.455000E-8	1.522814E-2
6.460000E-8	1.520244E-2
6.465000E-8	1.518703E-2
6.470000E-8	1.517675E-2
6.475000E-8	1.516476E-2
6.480000E-8	1.515619E-2
6.485000E-8	1.515962E-2
6.490000E-8	1.516647E-2
6.495000E-8	1.518189E-2
6.500000E-8	1.520073E-2
6.505000E-8	1.521443E-2
6.510000E-8	1.521786E-2
6.515000E-8	1.521101E-2
6.520000E-8	1.518874E-2
6.525000E-8	1.517161E-2
6.530000E-8	1.516647E-2
6.535000E-8	1.515962E-2
6.540000E-8	1.516133E-2
6.545000E-8	1.518360E-2
6.550000E-8	1.521443E-2
6.555000E-8	1.523328E-2
6.560000E-8	1.525897E-2
6.565000E-8	1.530008E-2
6.570000E-8	1.532578E-2
6.575000E-8	1.533091E-2
6.580000E-8	1.534119E-2
6.585000E-8	1.534462E-2
6.590000E-8	1.532064E-2
6.595000E-8	1.529152E-2
6.600000E-8	1.527781E-2
6.605000E-8	1.525383E-2
6.610000E-8	1.522129E-2
6.615000E-8	1.520073E-2
6.620000E-8	1.518189E-2
6.625000E-8	1.514763E-2
6.630000E-8	1.511508E-2
6.635000E-8	1.510138E-2
6.640000E-8	1.509281E-2
6.645000E-8	1.508082E-2
6.650000E-8	1.505170E-2
6.655000E-8	1.499518E-2
6.660000E-8	1.493180E-2
6.665000E-8	1.488212E-2
6.670000E-8	1.483416E-2
6.675000E-8	1.478962E-2
6.680000E-8	1.475536E-2
6.685000E-8	1.472453E-2
6.690000E-8	1.468685E-2
6.695000E-8	1.465601E-2
6.700000E-8	1.463717E-2
6.705000E-8	1.463032E-2
6.710000E-8	1.464402E-2
6.715000E-8	1.467828E-2
6.720000E-8	1.471597E-2
6.725000E-8	1.476907E-2
6.730000E-8	1.483758E-2
6.735000E-8	1.490610E-2
6.740000E-8	1.497291E-2
6.745000E-8	1.504485E-2
6.750000E-8	1.509967E-2
6.755000E-8	1.512365E-2
6.760000E-8	1.514078E-2
6.765000E-8	1.514420E-2
6.770000E-8	1.511851E-2
6.775000E-8	1.507740E-2
6.780000E-8	1.505170E-2
6.785000E-8	1.502772E-2
6.790000E-8	1.498832E-2
6.795000E-8	1.495235E-2
6.800000E-8	1.493694E-2
6.805000E-8	1.493351E-2
6.810000E-8	1.492666E-2
6.815000E-8	1.492323E-2
6.820000E-8	1.493522E-2
6.825000E-8	1.495578E-2
6.830000E-8	1.496948E-2
6.835000E-8	1.497633E-2
6.840000E-8	1.497633E-2
6.845000E-8	1.497462E-2
6.850000E-8	1.497120E-2
6.855000E-8	1.495920E-2
6.860000E-8	1.494207E-2
6.865000E-8	1.493008E-2
6.870000E-8	1.492666E-2
6.875000E-8	1.492323E-2
6.880000E-8	1.491809E-2
6.885000E-8	1.491638E-2
6.890000E-8	1.490953E-2
6.895000E-8	1.489754E-2
6.900000E-8	1.488041E-2
6.905000E-8	1.485814E-2
6.910000E-8	1.482731E-2
6.915000E-8	1.479990E-2
6.920000E-8	1.477934E-2
6.925000E-8	1.475194E-2
6.930000E-8	1.472110E-2
6.935000E-8	1.471083E-2
6.940000E-8	1.472110E-2
6.945000E-8	1.474680E-2
6.950000E-8	1.478106E-2
6.955000E-8	1.482217E-2
6.960000E-8	1.486328E-2
6.965000E-8	1.489754E-2
6.970000E-8	1.492837E-2
6.975000E-8	1.496092E-2
6.980000E-8	1.500032E-2
6.985000E-8	1.502944E-2
6.990000E-8	1.503800E-2
6.995000E-8	1.502944E-2
7.000000E-8	1.501059E-2
7.005000E-8	1.498832E-2
7.010000E-8	1.496777E-2
7.015000E-8	1.495235E-2
7.020000E-8	1.494036E-2
7.025000E-8	1.493694E-2
7.030000E-8	1.494550E-2
7.035000E-8	1.495578E-2
7.040000E-8	1.495920E-2
7.045000E-8	1.496263E-2
7.050000E-8	1.496606E-2
7.055000E-8	1.496263E-2
7.060000E-8	1.494721E-2
7.065000E-8	1.492837E-2
7.070000E-8	1.490782E-2
7.075000E-8	1.488212E-2
7.080000E-8	1.484272E-2
7.085000E-8	1.479990E-2
7.090000E-8	1.475879E-2
7.095000E-8	1.471425E-2
7.100000E-8	1.466458E-2
7.105000E-8	1.461833E-2
7.110000E-8	1.458064E-2
7.115000E-8	1.454124E-2
7.120000E-8	1.450699E-2
7.125000E-8	1.449328E-2
7.130000E-8	1.449671E-2
7.135000E-8	1.450699E-2
7.140000E-8	1.451555E-2
7.145000E-8	1.452754E-2
7.150000E-8	1.454467E-2
7.155000E-8	1.456694E-2
7.160000E-8	1.458578E-2
7.165000E-8	1.460634E-2
7.170000E-8	1.463203E-2
7.175000E-8	1.464916E-2
7.180000E-8	1.465944E-2
7.185000E-8	1.468513E-2
7.190000E-8	1.472453E-2
7.195000E-8	1.475536E-2
7.200000E-8	1.478620E-2
7.205000E-8	1.482388E-2
7.210000E-8	1.484958E-2
7.215000E-8	1.485471E-2
7.220000E-8	1.485300E-2
7.225000E-8	1.484615E-2
7.230000E-8	1.482046E-2
7.235000E-8	1.478106E-2
7.240000E-8	1.473995E-2
7.245000E-8	1.470226E-2
7.250000E-8	1.465601E-2
7.255000E-8	1.461148E-2
7.260000E-8	1.457722E-2
7.265000E-8	1.455152E-2
7.270000E-8	1.453097E-2
7.275000E-8	1.453097E-2
7.280000E-8	1.454638E-2
7.285000E-8	1.456865E-2
7.290000E-8	1.460120E-2
7.295000E-8	1.463717E-2
7.300000E-8	1.465944E-2
7.305000E-8	1.468171E-2
7.310000E-8	1.470911E-2
7.315000E-8	1.471768E-2
7.320000E-8	1.470740E-2
7.325000E-8	1.469884E-2
7.330000E-8	1.467999E-2
7.335000E-8	1.464916E-2
7.340000E-8	1.463032E-2
7.345000E-8	1.462347E-2
7.350000E-8	1.460976E-2
7.355000E-8	1.459777E-2
7.360000E-8	1.460291E-2
7.365000E-8	1.461490E-2
7.370000E-8	1.462347E-2
7.375000E-8	1.464060E-2
7.380000E-8	1.466115E-2
7.385000E-8	1.467828E-2
7.390000E-8	1.469712E-2
7.395000E-8	1.470055E-2
7.400000E-8	1.467314E-2
7.405000E-8	1.463203E-2
7.410000E-8	1.459092E-2
7.415000E-8	1.454638E-2
7.420000E-8	1.449499E-2
7.425000E-8	1.444189E-2
7.430000E-8	1.439050E-2
7.435000E-8	1.435282E-2
7.440000E-8	1.433055E-2
7.445000E-8	1.431342E-2
7.450000E-8	1.430314E-2
7.455000E-8	1.431000E-2
7.460000E-8	1.433740E-2
7.465000E-8	1.436481E-2
7.470000E-8	1.439393E-2
7.475000E-8	1.442476E-2
7.480000E-8	1.444189E-2
7.485000E-8	1.443847E-2
7.490000E-8	1.443162E-2
7.495000E-8	1.443333E-2
7.500000E-8	1.444018E-2
7.505000E-8	1.444875E-2
7.510000E-8	1.446074E-2
7.515000E-8	1.447615E-2
7.520000E-8	1.448814E-2
7.525000E-8	1.450013E-2
7.530000E-8	1.451212E-2
7.535000E-8	1.451555E-2
7.540000E-8	1.451041E-2
7.545000E-8	1.450356E-2
7.550000E-8	1.449328E-2
7.555000E-8	1.448300E-2
7.560000E-8	1.447101E-2
7.565000E-8	1.444018E-2
7.570000E-8	1.439907E-2
7.575000E-8	1.436652E-2
7.580000E-8	1.434597E-2
7.585000E-8	1.432713E-2
7.590000E-8	1.431000E-2
7.595000E-8	1.430143E-2
7.600000E-8	1.429629E-2
7.605000E-8	1.428944E-2
7.610000E-8	1.427916E-2
7.615000E-8	1.426889E-2
7.620000E-8	1.426203E-2
7.625000E-8	1.425347E-2
7.630000E-8	1.423120E-2
7.635000E-8	1.419865E-2
7.640000E-8	1.415583E-2
7.645000E-8	1.409759E-2
7.650000E-8	1.404278E-2
7.655000E-8	1.399824E-2
7.660000E-8	1.395713E-2
7.665000E-8	1.392116E-2
7.670000E-8	1.390917E-2
7.675000E-8	1.391773E-2
7.680000E-8	1.393829E-2
7.685000E-8	1.398111E-2
7.690000E-8	1.404278E-2
7.695000E-8	1.411472E-2
7.700000E-8	1.420379E-2
7.705000E-8	1.429801E-2
7.710000E-8	1.435625E-2
7.715000E-8	1.438194E-2
7.720000E-8	1.439736E-2
7.725000E-8	1.439393E-2
7.730000E-8	1.435967E-2
7.735000E-8	1.431171E-2
7.740000E-8	1.425004E-2
7.745000E-8	1.418153E-2
7.750000E-8	1.412842E-2
7.755000E-8	1.410102E-2
7.760000E-8	1.408046E-2
7.765000E-8	1.406676E-2
7.770000E-8	1.406847E-2
7.775000E-8	1.408046E-2
7.780000E-8	1.410102E-2
7.785000E-8	1.413699E-2
7.790000E-8	1.417467E-2
7.795000E-8	1.420551E-2
7.800000E-8	1.423977E-2
7.805000E-8	1.426717E-2
7.810000E-8	1.426717E-2
7.815000E-8	1.423977E-2
7.820000E-8	1.420893E-2
7.825000E-8	1.417639E-2
7.830000E-8	1.413185E-2
7.835000E-8	1.407532E-2
7.840000E-8	1.401537E-2
7.845000E-8	1.395542E-2
7.850000E-8	1.390574E-2
7.855000E-8	1.386292E-2
7.860000E-8	1.383208E-2
7.865000E-8	1.381495E-2
7.870000E-8	1.381324E-2
7.875000E-8	1.382523E-2
7.880000E-8	1.385093E-2
7.885000E-8	1.389204E-2
7.890000E-8	1.394514E-2
7.895000E-8	1.399481E-2
7.900000E-8	1.403592E-2
7.905000E-8	1.407361E-2
7.910000E-8	1.410787E-2
7.915000E-8	1.414213E-2
7.920000E-8	1.417125E-2
7.925000E-8	1.418838E-2
7.930000E-8	1.418666E-2
7.935000E-8	1.417125E-2
7.940000E-8	1.415583E-2
7.945000E-8	1.414555E-2
7.950000E-8	1.414041E-2
7.955000E-8	1.414041E-2
7.960000E-8	1.414213E-2
7.965000E-8	1.414898E-2
7.970000E-8	1.415754E-2
7.975000E-8	1.416268E-2
7.980000E-8	1.416782E-2
7.985000E-8	1.418324E-2
7.990000E-8	1.420551E-2
7.995000E-8	1.422435E-2
8.000000E-8	1.423805E-2
8.005000E-8	1.425689E-2
8.010000E-8	1.427060E-2
8.015000E-8	1.426889E-2
8.020000E-8	1.425176E-2
8.025000E-8	1.422435E-2
8.030000E-8	1.419352E-2
8.035000E-8	1.416440E-2
8.040000E-8	1.413185E-2
8.045000E-8	1.410273E-2
8.050000E-8	1.408046E-2
8.055000E-8	1.405819E-2
8.060000E-8	1.404620E-2
8.065000E-8	1.404791E-2
8.070000E-8	1.404620E-2
8.075000E-8	1.403079E-2
8.080000E-8	1.401366E-2
8.085000E-8	1.400509E-2
8.090000E-8	1.399481E-2
8.095000E-8	1.397940E-2
8.100000E-8	1.396398E-2
8.105000E-8	1.395542E-2
8.110000E-8	1.396055E-2
8.115000E-8	1.397597E-2
8.120000E-8	1.399139E-2
8.125000E-8	1.400680E-2
8.130000E-8	1.402736E-2
8.135000E-8	1.404449E-2
8.140000E-8	1.405477E-2
8.145000E-8	1.406162E-2
8.150000E-8	1.405477E-2
8.155000E-8	1.402736E-2
8.160000E-8	1.398796E-2
8.165000E-8	1.395028E-2
8.170000E-8	1.392458E-2
8.175000E-8	1.391259E-2
8.180000E-8	1.390917E-2
8.185000E-8	1.391773E-2
8.190000E-8	1.394000E-2
8.195000E-8	1.397768E-2
8.200000E-8	1.402393E-2
8.205000E-8	1.407704E-2
8.210000E-8	1.413356E-2
8.215000E-8	1.418324E-2
8.220000E-8	1.421750E-2
8.225000E-8	1.422777E-2
8.230000E-8	1.420893E-2
8.235000E-8	1.417981E-2
8.240000E-8	1.415412E-2
8.245000E-8	1.411986E-2
8.250000E-8	1.407704E-2
8.255000E-8	1.404449E-2
8.260000E-8	1.403079E-2
8.265000E-8	1.402565E-2
8.270000E-8	1.402393E-2
8.275000E-8	1.402393E-2
8.280000E-8	1.401879E-2
8.285000E-8	1.401366E-2
8.290000E-8	1.401366E-2
8.295000E-8	1.399653E-2
8.300000E-8	1.397255E-2
8.305000E-8	1.396398E-2
8.310000E-8	1.396741E-2
8.315000E-8	1.396398E-2
8.320000E-8	1.395028E-2
8.325000E-8	1.393315E-2
8.330000E-8	1.391944E-2
8.335000E-8	1.391430E-2
8.340000E-8	1.391602E-2
8.345000E-8	1.391430E-2
8.350000E-8	1.389032E-2
8.355000E-8	1.385606E-2
8.360000E-8	1.381838E-2
8.365000E-8	1.376870E-2
8.370000E-8	1.370875E-2
8.375000E-8	1.365736E-2
8.380000E-8	1.361454E-2
8.385000E-8	1.358199E-2
8.390000E-8	1.358028E-2
8.395000E-8	1.360940E-2
8.400000E-8	1.364708E-2
8.405000E-8	1.370532E-2
8.410000E-8	1.378755E-2
8.415000E-8	1.387662E-2
8.420000E-8	1.396055E-2
8.425000E-8	1.403421E-2
8.430000E-8	1.407875E-2
8.435000E-8	1.408560E-2
8.440000E-8	1.407532E-2
8.445000E-8	1.406333E-2
8.450000E-8	1.402736E-2
8.455000E-8	1.397768E-2
8.460000E-8	1.392972E-2
8.465000E-8	1.388690E-2
8.470000E-8	1.384579E-2
8.475000E-8	1.383037E-2
8.480000E-8	1.384407E-2
8.485000E-8	1.386977E-2
8.490000E-8	1.389546E-2
8.495000E-8	1.392458E-2
8.500000E-8	1.395713E-2
8.505000E-8	1.398796E-2
8.510000E-8	1.401366E-2
8.515000E-8	1.403421E-2
8.520000E-8	1.405991E-2
8.525000E-8	1.410102E-2
8.530000E-8	1.413528E-2
8.535000E-8	1.415069E-2
8.540000E-8	1.416782E-2
8.545000E-8	1.419865E-2
8.550000E-8	1.422264E-2
8.555000E-8	1.423463E-2
8.560000E-8	1.424662E-2
8.565000E-8	1.425004E-2
8.570000E-8	1.422606E-2
8.575000E-8	1.417639E-2
8.580000E-8	1.412500E-2
8.585000E-8	1.406504E-2
8.590000E-8	1.398967E-2
8.595000E-8	1.391602E-2
8.600000E-8	1.386292E-2
8.605000E-8	1.383380E-2
8.610000E-8	1.382694E-2
8.615000E-8	1.383894E-2
8.620000E-8	1.386463E-2
8.625000E-8	1.390574E-2
8.630000E-8	1.395542E-2
8.635000E-8	1.399481E-2
8.640000E-8	1.401366E-2
8.645000E-8	1.401708E-2
8.650000E-8	1.399653E-2
8.655000E-8	1.392972E-2
8.660000E-8	1.382181E-2
8.665000E-8	1.370532E-2
8.670000E-8	1.360769E-2
8.675000E-8	1.352547E-2
8.680000E-8	1.345010E-2
8.685000E-8	1.340042E-2
8.690000E-8	1.339186E-2
8.695000E-8	1.341241E-2
8.700000E-8	1.344838E-2
8.705000E-8	1.350320E-2
8.710000E-8	1.357514E-2
8.715000E-8	1.364195E-2
8.720000E-8	1.368820E-2
8.725000E-8	1.370875E-2
8.730000E-8	1.370532E-2
8.735000E-8	1.367620E-2
8.740000E-8	1.362653E-2
8.745000E-8	1.356486E-2
8.750000E-8	1.349635E-2
8.755000E-8	1.342611E-2
8.760000E-8	1.336787E-2
8.765000E-8	1.333533E-2
8.770000E-8	1.333875E-2
8.775000E-8	1.336616E-2
8.780000E-8	1.340556E-2
8.785000E-8	1.345866E-2
8.790000E-8	1.351519E-2
8.795000E-8	1.356658E-2
8.800000E-8	1.361625E-2
8.805000E-8	1.365908E-2
8.810000E-8	1.367620E-2
8.815000E-8	1.366250E-2
8.820000E-8	1.362996E-2
8.825000E-8	1.358884E-2
8.830000E-8	1.355287E-2
8.835000E-8	1.353403E-2
8.840000E-8	1.351519E-2
8.845000E-8	1.349292E-2
8.850000E-8	1.349121E-2
8.855000E-8	1.350834E-2
8.860000E-8	1.353060E-2
8.865000E-8	1.356486E-2
8.870000E-8	1.362139E-2
8.875000E-8	1.368134E-2
8.880000E-8	1.373616E-2
8.885000E-8	1.378926E-2
8.890000E-8	1.383722E-2
8.895000E-8	1.386806E-2
8.900000E-8	1.387662E-2
8.905000E-8	1.387319E-2
8.910000E-8	1.386120E-2
8.915000E-8	1.383722E-2
8.920000E-8	1.380125E-2
8.925000E-8	1.377042E-2
8.930000E-8	1.375157E-2
8.935000E-8	1.373958E-2
8.940000E-8	1.373445E-2
8.945000E-8	1.374301E-2
8.950000E-8	1.375500E-2
8.955000E-8	1.375500E-2
8.960000E-8	1.374472E-2
8.965000E-8	1.371560E-2
8.970000E-8	1.366250E-2
8.975000E-8	1.358713E-2
8.980000E-8	1.351005E-2
8.985000E-8	1.342783E-2
8.990000E-8	1.334218E-2
8.995000E-8	1.326338E-2
9.000000E-8	1.321028E-2
9.005000E-8	1.318630E-2
9.010000E-8	1.320000E-2
9.015000E-8	1.324968E-2
9.020000E-8	1.332676E-2
9.025000E-8	1.341584E-2
9.030000E-8	1.350148E-2
9.035000E-8	1.358028E-2
9.040000E-8	1.365394E-2
9.045000E-8	1.371732E-2
9.050000E-8	1.376528E-2
9.055000E-8	1.380296E-2
9.060000E-8	1.382352E-2
9.065000E-8	1.381838E-2
9.070000E-8	1.379269E-2
9.075000E-8	1.376185E-2
9.080000E-8	1.372074E-2
9.085000E-8	1.366250E-2
9.090000E-8	1.359398E-2
9.095000E-8	1.353746E-2
9.100000E-8	1.349635E-2
9.105000E-8	1.346551E-2
9.110000E-8	1.343639E-2
9.115000E-8	1.340042E-2
9.120000E-8	1.335931E-2
9.125000E-8	1.332676E-2
9.130000E-8	1.331649E-2
9.135000E-8	1.331991E-2
9.140000E-8	1.333019E-2
9.145000E-8	1.335760E-2
9.150000E-8	1.339871E-2
9.155000E-8	1.345181E-2
9.160000E-8	1.350662E-2
9.165000E-8	1.356315E-2
9.170000E-8	1.361454E-2
9.175000E-8	1.365736E-2
9.180000E-8	1.369847E-2
9.185000E-8	1.372931E-2
9.190000E-8	1.374301E-2
9.195000E-8	1.373958E-2
9.200000E-8	1.374130E-2
9.205000E-8	1.373445E-2
9.210000E-8	1.369676E-2
9.215000E-8	1.364537E-2
9.220000E-8	1.360083E-2
9.225000E-8	1.355801E-2
9.230000E-8	1.352033E-2
9.235000E-8	1.349806E-2
9.240000E-8	1.349806E-2
9.245000E-8	1.349977E-2
9.250000E-8	1.349121E-2
9.255000E-8	1.348949E-2
9.260000E-8	1.350834E-2
9.265000E-8	1.354431E-2
9.270000E-8	1.359912E-2
9.275000E-8	1.366250E-2
9.280000E-8	1.373273E-2
9.285000E-8	1.379611E-2
9.290000E-8	1.383551E-2
9.295000E-8	1.384407E-2
9.300000E-8	1.382866E-2
9.305000E-8	1.381324E-2
9.310000E-8	1.379440E-2
9.315000E-8	1.375671E-2
9.320000E-8	1.370704E-2
9.325000E-8	1.365394E-2
9.330000E-8	1.360255E-2
9.335000E-8	1.355459E-2
9.340000E-8	1.351005E-2
9.345000E-8	1.346894E-2
9.350000E-8	1.342783E-2
9.355000E-8	1.339357E-2
9.360000E-8	1.336787E-2
9.365000E-8	1.334218E-2
9.370000E-8	1.330792E-2
9.375000E-8	1.327195E-2
9.380000E-8	1.323940E-2
9.385000E-8	1.321028E-2
9.390000E-8	1.318973E-2
9.395000E-8	1.318288E-2
9.400000E-8	1.318459E-2
9.405000E-8	1.319658E-2
9.410000E-8	1.322056E-2
9.415000E-8	1.324797E-2
9.420000E-8	1.327709E-2
9.425000E-8	1.330278E-2
9.430000E-8	1.331820E-2
9.435000E-8	1.331306E-2
9.440000E-8	1.329593E-2
9.445000E-8	1.327880E-2
9.450000E-8	1.325996E-2
9.455000E-8	1.323084E-2
9.460000E-8	1.320857E-2
9.465000E-8	1.319487E-2
9.470000E-8	1.318288E-2
9.475000E-8	1.317602E-2
9.480000E-8	1.318459E-2
9.485000E-8	1.320857E-2
9.490000E-8	1.323598E-2
9.495000E-8	1.326681E-2
9.500000E-8	1.330278E-2
9.505000E-8	1.332848E-2
9.510000E-8	1.334389E-2
9.515000E-8	1.335760E-2
9.520000E-8	1.336102E-2
9.525000E-8	1.335074E-2
9.530000E-8	1.333190E-2
9.535000E-8	1.331477E-2
9.540000E-8	1.329250E-2
9.545000E-8	1.327024E-2
9.550000E-8	1.325824E-2
9.555000E-8	1.325996E-2
9.560000E-8	1.327880E-2
9.565000E-8	1.330792E-2
9.570000E-8	1.333361E-2
9.575000E-8	1.335417E-2
9.580000E-8	1.338158E-2
9.585000E-8	1.340556E-2
9.590000E-8	1.340898E-2
9.595000E-8	1.339186E-2
9.600000E-8	1.336787E-2
9.605000E-8	1.333361E-2
9.610000E-8	1.329422E-2
9.615000E-8	1.325482E-2
9.620000E-8	1.322570E-2
9.625000E-8	1.320857E-2
9.630000E-8	1.318801E-2
9.635000E-8	1.315376E-2
9.640000E-8	1.312292E-2
9.645000E-8	1.311264E-2
9.650000E-8	1.310751E-2
9.655000E-8	1.308524E-2
9.660000E-8	1.306297E-2
9.665000E-8	1.304755E-2
9.670000E-8	1.302871E-2
9.675000E-8	1.299274E-2
9.680000E-8	1.295334E-2
9.685000E-8	1.292422E-2
9.690000E-8	1.289681E-2
9.695000E-8	1.287454E-2
9.700000E-8	1.287283E-2
9.705000E-8	1.289339E-2
9.710000E-8	1.290538E-2
9.715000E-8	1.290709E-2
9.720000E-8	1.292422E-2
9.725000E-8	1.295334E-2
9.730000E-8	1.297390E-2
9.735000E-8	1.298589E-2
9.740000E-8	1.299959E-2
9.745000E-8	1.300815E-2
9.750000E-8	1.301501E-2
9.755000E-8	1.302357E-2
9.760000E-8	1.302014E-2
9.765000E-8	1.301501E-2
9.770000E-8	1.302014E-2
9.775000E-8	1.303214E-2
9.780000E-8	1.305098E-2
9.785000E-8	1.308181E-2
9.790000E-8	1.311436E-2
9.795000E-8	1.313491E-2
9.800000E-8	1.314348E-2
9.805000E-8	1.314690E-2
9.810000E-8	1.313491E-2
9.815000E-8	1.311607E-2
9.820000E-8	1.309209E-2
9.825000E-8	1.306468E-2
9.830000E-8	1.303556E-2
9.835000E-8	1.299959E-2
9.840000E-8	1.296704E-2
9.845000E-8	1.295848E-2
9.850000E-8	1.296533E-2
9.855000E-8	1.296704E-2
9.860000E-8	1.298589E-2
9.865000E-8	1.303556E-2
9.870000E-8	1.309380E-2
9.875000E-8	1.313834E-2
9.880000E-8	1.317431E-2
9.885000E-8	1.320172E-2
9.890000E-8	1.321200E-2
9.895000E-8	1.320514E-2
9.900000E-8	1.318288E-2
9.905000E-8	1.313491E-2
9.910000E-8	1.307325E-2
9.915000E-8	1.300987E-2
9.920000E-8	1.295334E-2
9.925000E-8	1.290880E-2
9.930000E-8	1.287454E-2
9.935000E-8	1.285570E-2
9.940000E-8	1.286769E-2
9.945000E-8	1.290024E-2
9.950000E-8	1.293450E-2
9.955000E-8	1.297732E-2
9.960000E-8	1.302014E-2
9.965000E-8	1.304927E-2
9.970000E-8	1.306126E-2
9.975000E-8	1.306468E-2
9.980000E-8	1.305440E-2
9.985000E-8	1.302871E-2
9.990000E-8	1.299788E-2
9.995000E-8	1.297047E-2
1.000000E-7	1.293964E-2
1.000500E-7	1.290880E-2
1.001000E-7	1.289853E-2
1.001500E-7	1.291737E-2
1.002000E-7	1.296362E-2
1.002500E-7	1.301501E-2
1.003000E-7	1.306982E-2
1.003500E-7	1.312635E-2
1.004000E-7	1.316746E-2
1.004500E-7	1.318973E-2
1.005000E-7	1.320000E-2
1.005500E-7	1.319487E-2
1.006000E-7	1.316575E-2
1.006500E-7	1.312121E-2
1.007000E-7	1.307496E-2
1.007500E-7	1.303042E-2
1.008000E-7	1.298760E-2
1.008500E-7	1.295677E-2
1.009000E-7	1.294306E-2
1.009500E-7	1.294306E-2
1.010000E-7	1.296019E-2
1.010500E-7	1.299274E-2
1.011000E-7	1.303214E-2
1.011500E-7	1.306811E-2
1.012000E-7	1.309380E-2
1.012500E-7	1.310579E-2
1.013000E-7	1.310751E-2
1.013500E-7	1.308866E-2
1.014000E-7	1.304584E-2
1.014500E-7	1.299102E-2
1.015000E-7	1.293278E-2
1.015500E-7	1.286941E-2
1.016000E-7	1.279746E-2
1.016500E-7	1.272894E-2
1.017000E-7	1.266556E-2
1.017500E-7	1.261246E-2
1.018000E-7	1.258677E-2
1.018500E-7	1.259876E-2
1.019000E-7	1.262445E-2
1.019500E-7	1.264501E-2
1.020000E-7	1.266728E-2
1.020500E-7	1.269468E-2
1.021000E-7	1.272894E-2
1.021500E-7	1.276320E-2
1.022000E-7	1.279575E-2
1.022500E-7	1.282144E-2
1.023000E-7	1.284714E-2
1.023500E-7	1.287112E-2
1.024000E-7	1.289167E-2
1.024500E-7	1.292079E-2
1.025000E-7	1.297047E-2
1.025500E-7	1.302700E-2
1.026000E-7	1.308181E-2
1.026500E-7	1.315033E-2
1.027000E-7	1.322399E-2
1.027500E-7	1.328565E-2
1.028000E-7	1.333533E-2
1.028500E-7	1.337644E-2
1.029000E-7	1.339871E-2
1.029500E-7	1.338672E-2
1.030000E-7	1.334903E-2
1.030500E-7	1.329764E-2
1.031000E-7	1.323598E-2
1.031500E-7	1.315889E-2
1.032000E-7	1.307667E-2
1.032500E-7	1.299788E-2
1.033000E-7	1.291394E-2
1.033500E-7	1.282658E-2
1.034000E-7	1.273751E-2
1.034500E-7	1.266043E-2
1.035000E-7	1.259705E-2
1.035500E-7	1.255251E-2
1.036000E-7	1.253709E-2
1.036500E-7	1.254737E-2
1.037000E-7	1.257478E-2
1.037500E-7	1.261075E-2
1.038000E-7	1.265186E-2
1.038500E-7	1.270325E-2
1.039000E-7	1.275635E-2
1.039500E-7	1.279061E-2
1.040000E-7	1.280260E-2
1.040500E-7	1.279575E-2
1.041000E-7	1.276834E-2
1.041500E-7	1.271867E-2
1.042000E-7	1.267242E-2
1.042500E-7	1.264158E-2
1.043000E-7	1.259705E-2
1.043500E-7	1.254052E-2
1.044000E-7	1.251311E-2
1.044500E-7	1.253538E-2
1.045000E-7	1.257820E-2
1.045500E-7	1.261418E-2
1.046000E-7	1.265015E-2
1.046500E-7	1.269468E-2
1.047000E-7	1.272038E-2
1.047500E-7	1.271010E-2
1.048000E-7	1.269297E-2
1.048500E-7	1.267584E-2
1.049000E-7	1.263987E-2
1.049500E-7	1.259533E-2
1.050000E-7	1.256279E-2
1.050500E-7	1.253367E-2
1.051000E-7	1.250455E-2
1.051500E-7	1.249427E-2
1.052000E-7	1.250969E-2
1.052500E-7	1.253709E-2
1.053000E-7	1.257306E-2
1.053500E-7	1.261589E-2
1.054000E-7	1.267413E-2
1.054500E-7	1.273922E-2
1.055000E-7	1.279746E-2
1.055500E-7	1.283343E-2
1.056000E-7	1.285741E-2
1.056500E-7	1.287626E-2
1.057000E-7	1.288825E-2
1.057500E-7	1.287968E-2
1.058000E-7	1.284714E-2
1.058500E-7	1.279232E-2
1.059000E-7	1.272894E-2
1.059500E-7	1.266214E-2
1.060000E-7	1.259533E-2
1.060500E-7	1.253709E-2
1.061000E-7	1.250283E-2
1.061500E-7	1.249256E-2
1.062000E-7	1.250797E-2
1.062500E-7	1.254737E-2
1.063000E-7	1.260047E-2
1.063500E-7	1.266043E-2
1.064000E-7	1.272894E-2
1.064500E-7	1.279232E-2
1.065000E-7	1.282658E-2
1.065500E-7	1.283172E-2
1.066000E-7	1.281802E-2
1.066500E-7	1.277177E-2
1.067000E-7	1.269126E-2
1.067500E-7	1.259705E-2
1.068000E-7	1.251482E-2
1.068500E-7	1.244459E-2
1.069000E-7	1.239492E-2
1.069500E-7	1.238293E-2
1.070000E-7	1.239663E-2
1.070500E-7	1.242233E-2
1.071000E-7	1.246172E-2
1.071500E-7	1.251825E-2
1.072000E-7	1.256964E-2
1.072500E-7	1.261589E-2
1.073000E-7	1.265529E-2
1.073500E-7	1.267927E-2
1.074000E-7	1.267927E-2
1.074500E-7	1.267755E-2
1.075000E-7	1.267584E-2
1.075500E-7	1.266385E-2
1.076000E-7	1.265357E-2
1.076500E-7	1.265529E-2
1.077000E-7	1.266043E-2
1.077500E-7	1.266728E-2
1.078000E-7	1.268098E-2
1.078500E-7	1.268783E-2
1.079000E-7	1.268441E-2
1.079500E-7	1.268441E-2
1.080000E-7	1.267413E-2
1.080500E-7	1.265015E-2
1.081000E-7	1.262788E-2
1.081500E-7	1.261246E-2
1.082000E-7	1.259019E-2
1.082500E-7	1.256107E-2
1.083000E-7	1.254223E-2
1.083500E-7	1.253367E-2
1.084000E-7	1.252853E-2
1.084500E-7	1.252510E-2
1.085000E-7	1.252510E-2
1.085500E-7	1.252510E-2
1.086000E-7	1.252339E-2
1.086500E-7	1.251996E-2
1.087000E-7	1.251311E-2
1.087500E-7	1.249427E-2
1.088000E-7	1.246857E-2
1.088500E-7	1.244288E-2
1.089000E-7	1.241890E-2
1.089500E-7	1.240177E-2
1.090000E-7	1.240520E-2
1.090500E-7	1.242918E-2
1.091000E-7	1.245316E-2
1.091500E-7	1.247371E-2
1.092000E-7	1.250283E-2
1.092500E-7	1.252853E-2
1.093000E-7	1.253881E-2
1.093500E-7	1.253195E-2
1.094000E-7	1.251996E-2
1.094500E-7	1.249770E-2
1.095000E-7	1.246686E-2
1.095500E-7	1.243089E-2
1.096000E-7	1.239321E-2
1.096500E-7	1.236751E-2
1.097000E-7	1.234524E-2
1.097500E-7	1.231955E-2
1.098000E-7	1.230242E-2
1.098500E-7	1.229557E-2
1.099000E-7	1.228872E-2
1.099500E-7	1.229043E-2
1.100000E-7	1.232126E-2
1.100500E-7	1.235895E-2
1.101000E-7	1.238293E-2
1.101500E-7	1.240691E-2
1.102000E-7	1.244288E-2
1.102500E-7	1.246857E-2
1.103000E-7	1.247371E-2
1.103500E-7	1.246172E-2
1.104000E-7	1.242404E-2
1.104500E-7	1.236237E-2
1.105000E-7	1.228529E-2
1.105500E-7	1.220135E-2
1.106000E-7	1.211399E-2
1.106500E-7	1.204205E-2
1.107000E-7	1.200265E-2
1.107500E-7	1.198724E-2
1.108000E-7	1.198895E-2
1.108500E-7	1.201122E-2
1.109000E-7	1.206089E-2
1.109500E-7	1.211399E-2
1.110000E-7	1.216710E-2
1.110500E-7	1.222191E-2
1.111000E-7	1.225788E-2
1.111500E-7	1.227330E-2
1.112000E-7	1.228529E-2
1.112500E-7	1.230584E-2
1.113000E-7	1.232126E-2
1.113500E-7	1.234524E-2
1.114000E-7	1.238464E-2
1.114500E-7	1.242918E-2
1.115000E-7	1.247371E-2
1.115500E-7	1.252339E-2
1.116000E-7	1.257478E-2
1.116500E-7	1.261246E-2
1.117000E-7	1.264158E-2
1.117500E-7	1.265015E-2
1.118000E-7	1.261931E-2
1.118500E-7	1.254394E-2
1.119000E-7	1.245487E-2
1.119500E-7	1.235895E-2
1.120000E-7	1.225446E-2
1.120500E-7	1.215339E-2
1.121000E-7	1.206946E-2
1.121500E-7	1.200094E-2
1.122000E-7	1.194099E-2
1.122500E-7	1.189645E-2
1.123000E-7	1.186562E-2
1.123500E-7	1.185705E-2
1.124000E-7	1.187418E-2
1.124500E-7	1.191015E-2
1.125000E-7	1.194441E-2
1.125500E-7	1.198724E-2
1.126000E-7	1.204548E-2
1.126500E-7	1.210543E-2
1.127000E-7	1.215339E-2
1.127500E-7	1.219622E-2
1.128000E-7	1.223561E-2
1.128500E-7	1.225788E-2
1.129000E-7	1.226816E-2
1.129500E-7	1.226987E-2
1.130000E-7	1.225446E-2
1.130500E-7	1.222362E-2
1.131000E-7	1.218423E-2
1.131500E-7	1.213284E-2
1.132000E-7	1.207117E-2
1.132500E-7	1.203177E-2
1.133000E-7	1.201978E-2
1.133500E-7	1.202492E-2
1.134000E-7	1.204719E-2
1.134500E-7	1.208830E-2
1.135000E-7	1.213626E-2
1.135500E-7	1.219279E-2
1.136000E-7	1.225617E-2
1.136500E-7	1.230071E-2
1.137000E-7	1.232126E-2
1.137500E-7	1.233668E-2
1.138000E-7	1.234010E-2
1.138500E-7	1.231784E-2
1.139000E-7	1.227501E-2
1.139500E-7	1.222191E-2
1.140000E-7	1.215168E-2
1.140500E-7	1.206261E-2
1.141000E-7	1.197353E-2
1.141500E-7	1.189816E-2
1.142000E-7	1.183821E-2
1.142500E-7	1.179196E-2
1.143000E-7	1.176113E-2
1.143500E-7	1.175085E-2
1.144000E-7	1.176627E-2
1.144500E-7	1.180052E-2
1.145000E-7	1.184506E-2
1.145500E-7	1.189645E-2
1.146000E-7	1.194784E-2
1.146500E-7	1.198724E-2
1.147000E-7	1.201636E-2
1.147500E-7	1.204205E-2
1.148000E-7	1.207288E-2
1.148500E-7	1.210372E-2
1.149000E-7	1.212427E-2
1.149500E-7	1.213969E-2
1.150000E-7	1.214825E-2
1.150500E-7	1.215339E-2
1.151000E-7	1.215511E-2
1.151500E-7	1.216367E-2
1.152000E-7	1.217566E-2
1.152500E-7	1.217737E-2
1.153000E-7	1.216881E-2
1.153500E-7	1.215511E-2
1.154000E-7	1.214140E-2
1.154500E-7	1.212256E-2
1.155000E-7	1.209173E-2
1.155500E-7	1.205233E-2
1.156000E-7	1.201122E-2
1.156500E-7	1.197525E-2
1.157000E-7	1.194441E-2
1.157500E-7	1.193071E-2
1.158000E-7	1.194270E-2
1.158500E-7	1.198210E-2
1.159000E-7	1.203691E-2
1.159500E-7	1.209858E-2
1.160000E-7	1.215168E-2
1.160500E-7	1.218594E-2
1.161000E-7	1.220992E-2
1.161500E-7	1.221677E-2
1.162000E-7	1.220135E-2
1.162500E-7	1.216367E-2
1.163000E-7	1.212085E-2
1.163500E-7	1.208830E-2
1.164000E-7	1.206432E-2
1.164500E-7	1.204205E-2
1.165000E-7	1.202321E-2
1.165500E-7	1.201636E-2
1.166000E-7	1.203006E-2
1.166500E-7	1.205233E-2
1.167000E-7	1.207460E-2
1.167500E-7	1.210200E-2
1.168000E-7	1.212598E-2
1.168500E-7	1.213969E-2
1.169000E-7	1.213798E-2
1.169500E-7	1.211913E-2
1.170000E-7	1.208316E-2
1.170500E-7	1.204034E-2
1.171000E-7	1.199409E-2
1.171500E-7	1.195469E-2
1.172000E-7	1.194441E-2
1.172500E-7	1.196154E-2
1.173000E-7	1.198210E-2
1.173500E-7	1.200608E-2
1.174000E-7	1.204376E-2
1.174500E-7	1.207288E-2
1.175000E-7	1.208145E-2
1.175500E-7	1.209173E-2
1.176000E-7	1.210714E-2
1.176500E-7	1.209858E-2
1.177000E-7	1.207802E-2
1.177500E-7	1.206603E-2
1.178000E-7	1.204205E-2
1.178500E-7	1.200265E-2
1.179000E-7	1.197182E-2
1.179500E-7	1.196668E-2
1.180000E-7	1.196668E-2
1.180500E-7	1.197867E-2
1.181000E-7	1.201807E-2
1.181500E-7	1.206946E-2
1.182000E-7	1.211571E-2
1.182500E-7	1.215682E-2
1.183000E-7	1.217566E-2
1.183500E-7	1.216196E-2
1.184000E-7	1.213112E-2
1.184500E-7	1.209344E-2
1.185000E-7	1.202492E-2
1.185500E-7	1.192043E-2
1.186000E-7	1.181252E-2
1.186500E-7	1.171659E-2
1.187000E-7	1.161895E-2
1.187500E-7	1.153844E-2
1.188000E-7	1.149219E-2
1.188500E-7	1.147506E-2
1.189000E-7	1.149048E-2
1.189500E-7	1.154187E-2
1.190000E-7	1.161553E-2
1.190500E-7	1.170460E-2
1.191000E-7	1.180224E-2
1.191500E-7	1.189645E-2
1.192000E-7	1.197182E-2
1.192500E-7	1.203006E-2
1.193000E-7	1.206261E-2
1.193500E-7	1.206432E-2
1.194000E-7	1.204376E-2
1.194500E-7	1.201807E-2
1.195000E-7	1.199066E-2
1.195500E-7	1.194784E-2
1.196000E-7	1.189816E-2
1.196500E-7	1.185705E-2
1.197000E-7	1.182622E-2
1.197500E-7	1.179196E-2
1.198000E-7	1.176627E-2
1.198500E-7	1.176627E-2
1.199000E-7	1.177483E-2
1.199500E-7	1.178511E-2
1.200000E-7	1.181765E-2
1.200500E-7	1.187932E-2
1.201000E-7	1.194441E-2
1.201500E-7	1.200950E-2
1.202000E-7	1.208145E-2
1.202500E-7	1.214654E-2
1.203000E-7	1.217737E-2
1.203500E-7	1.217566E-2
1.204000E-7	1.214311E-2
1.204500E-7	1.207288E-2
1.205000E-7	1.196325E-2
1.205500E-7	1.181594E-2
1.206000E-7	1.164807E-2
1.206500E-7	1.149391E-2
1.207000E-7	1.136544E-2
1.207500E-7	1.125067E-2
1.208000E-7	1.116845E-2
1.208500E-7	1.115132E-2
1.209000E-7	1.118215E-2
1.209500E-7	1.123011E-2
1.210000E-7	1.131062E-2
1.210500E-7	1.142881E-2
1.211000E-7	1.155729E-2
1.211500E-7	1.167034E-2
1.212000E-7	1.176455E-2
1.212500E-7	1.183650E-2
1.213000E-7	1.187589E-2
1.213500E-7	1.189302E-2
1.214000E-7	1.189816E-2
1.214500E-7	1.189816E-2
1.215000E-7	1.189645E-2
1.215500E-7	1.190159E-2
1.216000E-7	1.191015E-2
1.216500E-7	1.190844E-2
1.217000E-7	1.189645E-2
1.217500E-7	1.188446E-2
1.218000E-7	1.187589E-2
1.218500E-7	1.185876E-2
1.219000E-7	1.182451E-2
1.219500E-7	1.177140E-2
1.220000E-7	1.169946E-2
1.220500E-7	1.162409E-2
1.221000E-7	1.155043E-2
1.221500E-7	1.146993E-2
1.222000E-7	1.138942E-2
1.222500E-7	1.132604E-2
1.223000E-7	1.129692E-2
1.223500E-7	1.129349E-2
1.224000E-7	1.131576E-2
1.224500E-7	1.137057E-2
1.225000E-7	1.144594E-2
1.225500E-7	1.152131E-2
1.226000E-7	1.159497E-2
1.226500E-7	1.166006E-2
1.227000E-7	1.170631E-2
1.227500E-7	1.174400E-2
1.228000E-7	1.176969E-2
1.228500E-7	1.177654E-2
1.229000E-7	1.175941E-2
1.229500E-7	1.172173E-2
1.230000E-7	1.167034E-2
1.230500E-7	1.160867E-2
1.231000E-7	1.154701E-2
1.231500E-7	1.149733E-2
1.232000E-7	1.145793E-2
1.232500E-7	1.143567E-2
1.233000E-7	1.142710E-2
1.233500E-7	1.142539E-2
1.234000E-7	1.143395E-2
1.234500E-7	1.145622E-2
1.235000E-7	1.148534E-2
1.235500E-7	1.150590E-2
1.236000E-7	1.151960E-2
1.236500E-7	1.153502E-2
1.237000E-7	1.155729E-2
1.237500E-7	1.157784E-2
1.238000E-7	1.158298E-2
1.238500E-7	1.158298E-2
1.239000E-7	1.158469E-2
1.239500E-7	1.157442E-2
1.240000E-7	1.155386E-2
1.240500E-7	1.153159E-2
1.241000E-7	1.151275E-2
1.241500E-7	1.149391E-2
1.242000E-7	1.148534E-2
1.242500E-7	1.148363E-2
1.243000E-7	1.146821E-2
1.243500E-7	1.144766E-2
1.244000E-7	1.143053E-2
1.244500E-7	1.140826E-2
1.245000E-7	1.138085E-2
1.245500E-7	1.136715E-2
1.246000E-7	1.137400E-2
1.246500E-7	1.139456E-2
1.247000E-7	1.141682E-2
1.247500E-7	1.143738E-2
1.248000E-7	1.145280E-2
1.248500E-7	1.146650E-2
1.249000E-7	1.146993E-2
1.249500E-7	1.145965E-2
1.250000E-7	1.145280E-2
1.250500E-7	1.144766E-2
1.251000E-7	1.143053E-2
1.251500E-7	1.139969E-2
1.252000E-7	1.137400E-2
1.252500E-7	1.135687E-2
1.253000E-7	1.135687E-2
1.253500E-7	1.136886E-2
1.254000E-7	1.139627E-2
1.254500E-7	1.143738E-2
1.255000E-7	1.149391E-2
1.255500E-7	1.156585E-2
1.256000E-7	1.165492E-2
1.256500E-7	1.175599E-2
1.257000E-7	1.183821E-2
1.257500E-7	1.188446E-2
1.258000E-7	1.190844E-2
1.258500E-7	1.191701E-2
1.259000E-7	1.189816E-2
1.259500E-7	1.184506E-2
1.260000E-7	1.176627E-2
1.260500E-7	1.167205E-2
1.261000E-7	1.157955E-2
1.261500E-7	1.150076E-2
1.262000E-7	1.143909E-2
1.262500E-7	1.139969E-2
1.263000E-7	1.139456E-2
1.263500E-7	1.142368E-2
1.264000E-7	1.147335E-2
1.264500E-7	1.153844E-2
1.265000E-7	1.160525E-2
1.265500E-7	1.164636E-2
1.266000E-7	1.165835E-2
1.266500E-7	1.165321E-2
1.267000E-7	1.163779E-2
1.267500E-7	1.159154E-2
1.268000E-7	1.151960E-2
1.268500E-7	1.143738E-2
1.269000E-7	1.135344E-2
1.269500E-7	1.127294E-2
1.270000E-7	1.121470E-2
1.270500E-7	1.117530E-2
1.271000E-7	1.113761E-2
1.271500E-7	1.111192E-2
1.272000E-7	1.111363E-2
1.272500E-7	1.113590E-2
1.273000E-7	1.115988E-2
1.273500E-7	1.118729E-2
1.274000E-7	1.121983E-2
1.274500E-7	1.125238E-2
1.275000E-7	1.128150E-2
1.275500E-7	1.131405E-2
1.276000E-7	1.135687E-2
1.276500E-7	1.140826E-2
1.277000E-7	1.144937E-2
1.277500E-7	1.147164E-2
1.278000E-7	1.150247E-2
1.278500E-7	1.154529E-2
1.279000E-7	1.156928E-2
1.279500E-7	1.156585E-2
1.280000E-7	1.157099E-2
1.280500E-7	1.158812E-2
1.281000E-7	1.159326E-2
1.281500E-7	1.159154E-2
1.282000E-7	1.159497E-2
1.282500E-7	1.159497E-2
1.283000E-7	1.158469E-2
1.283500E-7	1.157613E-2
1.284000E-7	1.157442E-2
1.284500E-7	1.156928E-2
1.285000E-7	1.156242E-2
1.285500E-7	1.155215E-2
1.286000E-7	1.153502E-2
1.286500E-7	1.150418E-2
1.287000E-7	1.146307E-2
1.287500E-7	1.142196E-2
1.288000E-7	1.139798E-2
1.288500E-7	1.139456E-2
1.289000E-7	1.139456E-2
1.289500E-7	1.139284E-2
1.290000E-7	1.139627E-2
1.290500E-7	1.141168E-2
1.291000E-7	1.143053E-2
1.291500E-7	1.144766E-2
1.292000E-7	1.146479E-2
1.292500E-7	1.148534E-2
1.293000E-7	1.149562E-2
1.293500E-7	1.149562E-2
1.294000E-7	1.149219E-2
1.294500E-7	1.148534E-2
1.295000E-7	1.146307E-2
1.295500E-7	1.143053E-2
1.296000E-7	1.140655E-2
1.296500E-7	1.139627E-2
1.297000E-7	1.138770E-2
1.297500E-7	1.138085E-2
1.298000E-7	1.137914E-2
1.298500E-7	1.138599E-2
1.299000E-7	1.140141E-2
1.299500E-7	1.142196E-2
1.300000E-7	1.143909E-2
1.300500E-7	1.144594E-2
1.301000E-7	1.144937E-2
1.301500E-7	1.146307E-2
1.302000E-7	1.148534E-2
1.302500E-7	1.149562E-2
1.303000E-7	1.148877E-2
1.303500E-7	1.147164E-2
1.304000E-7	1.144766E-2
1.304500E-7	1.141168E-2
1.305000E-7	1.136544E-2
1.305500E-7	1.131405E-2
1.306000E-7	1.125581E-2
1.306500E-7	1.120270E-2
1.307000E-7	1.116159E-2
1.307500E-7	1.112220E-2
1.308000E-7	1.108451E-2
1.308500E-7	1.106224E-2
1.309000E-7	1.105197E-2
1.309500E-7	1.103655E-2
1.310000E-7	1.103141E-2
1.310500E-7	1.105197E-2
1.311000E-7	1.107252E-2
1.311500E-7	1.107081E-2
1.312000E-7	1.106567E-2
1.312500E-7	1.108451E-2
1.313000E-7	1.110507E-2
1.313500E-7	1.111021E-2
1.314000E-7	1.111363E-2
1.314500E-7	1.112391E-2
1.315000E-7	1.113761E-2
1.315500E-7	1.116331E-2
1.316000E-7	1.118729E-2
1.316500E-7	1.119585E-2
1.317000E-7	1.119414E-2
1.317500E-7	1.119243E-2
1.318000E-7	1.119071E-2
1.318500E-7	1.119071E-2
1.319000E-7	1.120270E-2
1.319500E-7	1.121812E-2
1.320000E-7	1.123696E-2
1.320500E-7	1.126266E-2
1.321000E-7	1.129007E-2
1.321500E-7	1.131747E-2
1.322000E-7	1.134831E-2
1.322500E-7	1.137400E-2
1.323000E-7	1.138770E-2
1.323500E-7	1.139113E-2
1.324000E-7	1.138770E-2
1.324500E-7	1.137743E-2
1.325000E-7	1.135002E-2
1.325500E-7	1.131405E-2
1.326000E-7	1.127979E-2
1.326500E-7	1.125409E-2
1.327000E-7	1.123525E-2
1.327500E-7	1.121983E-2
1.328000E-7	1.120613E-2
1.328500E-7	1.119243E-2
1.329000E-7	1.117872E-2
1.329500E-7	1.116673E-2
1.330000E-7	1.115132E-2
1.330500E-7	1.113419E-2
1.331000E-7	1.112562E-2
1.331500E-7	1.112048E-2
1.332000E-7	1.110507E-2
1.332500E-7	1.108280E-2
1.333000E-7	1.106224E-2
1.333500E-7	1.103997E-2
1.334000E-7	1.102456E-2
1.334500E-7	1.102456E-2
1.335000E-7	1.103141E-2
1.335500E-7	1.103997E-2
1.336000E-7	1.106053E-2
1.336500E-7	1.108622E-2
1.337000E-7	1.110164E-2
1.337500E-7	1.110335E-2
1.338000E-7	1.109821E-2
1.338500E-7	1.108451E-2
1.339000E-7	1.107423E-2
1.339500E-7	1.105710E-2
1.340000E-7	1.103141E-2
1.340500E-7	1.100229E-2
1.341000E-7	1.096460E-2
1.341500E-7	1.090123E-2
1.342000E-7	1.082414E-2
1.342500E-7	1.076419E-2
1.343000E-7	1.071623E-2
1.343500E-7	1.065970E-2
1.344000E-7	1.061002E-2
1.344500E-7	1.058947E-2
1.345000E-7	1.059118E-2
1.345500E-7	1.061174E-2
1.346000E-7	1.066484E-2
1.346500E-7	1.074706E-2
1.347000E-7	1.084127E-2
1.347500E-7	1.094234E-2
1.348000E-7	1.106053E-2
1.348500E-7	1.117701E-2
1.349000E-7	1.128321E-2
1.349500E-7	1.137229E-2
1.350000E-7	1.144766E-2
1.350500E-7	1.150247E-2
1.351000E-7	1.153502E-2
1.351500E-7	1.154187E-2
1.352000E-7	1.151960E-2
1.352500E-7	1.148534E-2
1.353000E-7	1.144252E-2
1.353500E-7	1.138085E-2
1.354000E-7	1.131747E-2
1.354500E-7	1.128150E-2
1.355000E-7	1.125409E-2
1.355500E-7	1.120784E-2
1.356000E-7	1.117016E-2
1.356500E-7	1.115474E-2
1.357000E-7	1.113761E-2
1.357500E-7	1.112562E-2
1.358000E-7	1.113419E-2
1.358500E-7	1.113761E-2
1.359000E-7	1.112905E-2
1.359500E-7	1.111877E-2
1.360000E-7	1.110507E-2
1.360500E-7	1.107595E-2
1.361000E-7	1.103997E-2
1.361500E-7	1.100743E-2
1.362000E-7	1.096803E-2
1.362500E-7	1.093206E-2
1.363000E-7	1.090294E-2
1.363500E-7	1.088238E-2
1.364000E-7	1.087039E-2
1.364500E-7	1.087553E-2
1.365000E-7	1.089951E-2
1.365500E-7	1.095261E-2
1.366000E-7	1.102798E-2
1.366500E-7	1.110678E-2
1.367000E-7	1.119243E-2
1.367500E-7	1.127979E-2
1.368000E-7	1.134831E-2
1.368500E-7	1.138770E-2
1.369000E-7	1.141168E-2
1.369500E-7	1.142196E-2
1.370000E-7	1.138942E-2
1.370500E-7	1.132604E-2
1.371000E-7	1.124553E-2
1.371500E-7	1.115132E-2
1.372000E-7	1.104340E-2
1.372500E-7	1.093206E-2
1.373000E-7	1.082928E-2
1.373500E-7	1.074192E-2
1.374000E-7	1.067854E-2
1.374500E-7	1.064771E-2
1.375000E-7	1.064942E-2
1.375500E-7	1.068026E-2
1.376000E-7	1.073678E-2
1.376500E-7	1.080530E-2
1.377000E-7	1.088581E-2
1.377500E-7	1.097831E-2
1.378000E-7	1.107081E-2
1.378500E-7	1.114960E-2
1.379000E-7	1.121470E-2
1.379500E-7	1.125752E-2
1.380000E-7	1.126951E-2
1.380500E-7	1.126095E-2
1.381000E-7	1.123525E-2
1.381500E-7	1.118729E-2
1.382000E-7	1.111706E-2
1.382500E-7	1.104169E-2
1.383000E-7	1.095947E-2
1.383500E-7	1.086868E-2
1.384000E-7	1.079331E-2
1.384500E-7	1.075734E-2
1.385000E-7	1.075562E-2
1.385500E-7	1.076933E-2
1.386000E-7	1.079845E-2
1.386500E-7	1.083442E-2
1.387000E-7	1.087553E-2
1.387500E-7	1.092007E-2
1.388000E-7	1.096803E-2
1.388500E-7	1.102113E-2
1.389000E-7	1.106738E-2
1.389500E-7	1.109993E-2
1.390000E-7	1.111706E-2
1.390500E-7	1.112391E-2
1.391000E-7	1.110678E-2
1.391500E-7	1.106567E-2
1.392000E-7	1.101599E-2
1.392500E-7	1.096632E-2
1.393000E-7	1.091664E-2
1.393500E-7	1.087724E-2
1.394000E-7	1.085498E-2
1.394500E-7	1.083271E-2
1.395000E-7	1.080187E-2
1.395500E-7	1.077447E-2
1.396000E-7	1.075391E-2
1.396500E-7	1.074363E-2
1.397000E-7	1.075562E-2
1.397500E-7	1.077961E-2
1.398000E-7	1.079331E-2
1.398500E-7	1.080016E-2
1.399000E-7	1.081558E-2
1.399500E-7	1.082928E-2
1.400000E-7	1.082928E-2
1.400500E-7	1.083442E-2
1.401000E-7	1.085326E-2
1.401500E-7	1.086868E-2
1.402000E-7	1.088238E-2
1.402500E-7	1.089780E-2
1.403000E-7	1.090636E-2
1.403500E-7	1.090636E-2
1.404000E-7	1.091150E-2
1.404500E-7	1.091664E-2
1.405000E-7	1.090979E-2
1.405500E-7	1.089951E-2
1.406000E-7	1.089951E-2
1.406500E-7	1.090294E-2
1.407000E-7	1.089780E-2
1.407500E-7	1.088924E-2
1.408000E-7	1.087553E-2
1.408500E-7	1.085840E-2
1.409000E-7	1.083099E-2
1.409500E-7	1.080187E-2
1.410000E-7	1.077104E-2
1.410500E-7	1.073850E-2
1.411000E-7	1.068882E-2
1.411500E-7	1.063058E-2
1.412000E-7	1.058776E-2
1.412500E-7	1.055350E-2
1.413000E-7	1.052095E-2
1.413500E-7	1.050553E-2
1.414000E-7	1.051581E-2
1.414500E-7	1.053808E-2
1.415000E-7	1.057405E-2
1.415500E-7	1.062887E-2
1.416000E-7	1.068539E-2
1.416500E-7	1.073507E-2
1.417000E-7	1.076933E-2
1.417500E-7	1.079160E-2
1.418000E-7	1.080359E-2
1.418500E-7	1.080187E-2
1.419000E-7	1.078132E-2
1.419500E-7	1.074706E-2
1.420000E-7	1.071794E-2
1.420500E-7	1.069396E-2
1.421000E-7	1.067169E-2
1.421500E-7	1.065799E-2
1.422000E-7	1.065970E-2
1.422500E-7	1.066655E-2
1.423000E-7	1.068197E-2
1.423500E-7	1.071451E-2
1.424000E-7	1.075734E-2
1.424500E-7	1.079502E-2
1.425000E-7	1.082928E-2
1.425500E-7	1.085326E-2
1.426000E-7	1.085326E-2
1.426500E-7	1.083442E-2
1.427000E-7	1.081387E-2
1.427500E-7	1.078132E-2
1.428000E-7	1.072137E-2
1.428500E-7	1.064428E-2
1.429000E-7	1.057405E-2
1.429500E-7	1.051752E-2
1.430000E-7	1.046785E-2
1.430500E-7	1.042674E-2
1.431000E-7	1.040104E-2
1.431500E-7	1.039933E-2
1.432000E-7	1.041132E-2
1.432500E-7	1.044216E-2
1.433000E-7	1.048669E-2
1.433500E-7	1.054151E-2
1.434000E-7	1.059803E-2
1.434500E-7	1.065799E-2
1.435000E-7	1.071280E-2
1.435500E-7	1.075562E-2
1.436000E-7	1.078475E-2
1.436500E-7	1.080016E-2
1.437000E-7	1.079160E-2
1.437500E-7	1.075905E-2
1.438000E-7	1.072137E-2
1.438500E-7	1.068368E-2
1.439000E-7	1.063914E-2
1.439500E-7	1.058776E-2
1.440000E-7	1.053979E-2
1.440500E-7	1.050040E-2
1.441000E-7	1.047984E-2
1.441500E-7	1.047813E-2
1.442000E-7	1.048498E-2
1.442500E-7	1.049868E-2
1.443000E-7	1.052266E-2
1.443500E-7	1.055521E-2
1.444000E-7	1.059632E-2
1.444500E-7	1.063743E-2
1.445000E-7	1.067683E-2
1.445500E-7	1.071623E-2
1.446000E-7	1.075562E-2
1.446500E-7	1.078132E-2
1.447000E-7	1.080016E-2
1.447500E-7	1.081558E-2
1.448000E-7	1.084127E-2
1.448500E-7	1.087039E-2
1.449000E-7	1.090465E-2
1.449500E-7	1.093548E-2
1.450000E-7	1.095261E-2
1.450500E-7	1.095947E-2
1.451000E-7	1.094919E-2
1.451500E-7	1.091836E-2
1.452000E-7	1.087382E-2
1.452500E-7	1.082928E-2
1.453000E-7	1.077447E-2
1.453500E-7	1.070595E-2
1.454000E-7	1.062887E-2
1.454500E-7	1.056206E-2
1.455000E-7	1.051752E-2
1.455500E-7	1.049526E-2
1.456000E-7	1.050211E-2
1.456500E-7	1.053979E-2
1.457000E-7	1.059289E-2
1.457500E-7	1.064942E-2
1.458000E-7	1.070252E-2
1.458500E-7	1.074021E-2
1.459000E-7	1.075734E-2
1.459500E-7	1.075905E-2
1.460000E-7	1.074021E-2
1.460500E-7	1.069053E-2
1.461000E-7	1.061688E-2
1.461500E-7	1.053637E-2
1.462000E-7	1.046100E-2
1.462500E-7	1.039077E-2
1.463000E-7	1.033767E-2
1.463500E-7	1.029998E-2
1.464000E-7	1.027086E-2
1.464500E-7	1.025544E-2
1.465000E-7	1.025544E-2
1.465500E-7	1.026230E-2
1.466000E-7	1.026230E-2
1.466500E-7	1.025373E-2
1.467000E-7	1.024345E-2
1.467500E-7	1.022975E-2
1.468000E-7	1.022118E-2
1.468500E-7	1.021947E-2
1.469000E-7	1.021947E-2
1.469500E-7	1.022632E-2
1.470000E-7	1.024859E-2
1.470500E-7	1.029313E-2
1.471000E-7	1.035137E-2
1.471500E-7	1.041817E-2
1.472000E-7	1.049183E-2
1.472500E-7	1.056206E-2
1.473000E-7	1.061174E-2
1.473500E-7	1.064257E-2
1.474000E-7	1.066141E-2
1.474500E-7	1.066655E-2
1.475000E-7	1.065285E-2
1.475500E-7	1.063058E-2
1.476000E-7	1.060660E-2
1.476500E-7	1.058090E-2
1.477000E-7	1.056549E-2
1.477500E-7	1.057577E-2
1.478000E-7	1.060660E-2
1.478500E-7	1.063401E-2
1.479000E-7	1.065970E-2
1.479500E-7	1.068539E-2
1.480000E-7	1.070081E-2
1.480500E-7	1.069910E-2
1.481000E-7	1.069053E-2
1.481500E-7	1.067854E-2
1.482000E-7	1.065970E-2
1.482500E-7	1.062373E-2
1.483000E-7	1.058090E-2
1.483500E-7	1.053808E-2
1.484000E-7	1.049526E-2
1.484500E-7	1.045757E-2
1.485000E-7	1.043016E-2
1.485500E-7	1.039591E-2
1.486000E-7	1.035822E-2
1.486500E-7	1.033081E-2
1.487000E-7	1.030341E-2
1.487500E-7	1.026572E-2
1.488000E-7	1.022290E-2
1.488500E-7	1.019206E-2
1.489000E-7	1.016637E-2
1.489500E-7	1.015095E-2
1.490000E-7	1.015267E-2
1.490500E-7	1.016980E-2
1.491000E-7	1.019549E-2
1.491500E-7	1.023660E-2
1.492000E-7	1.029313E-2
1.492500E-7	1.035308E-2
1.493000E-7	1.041475E-2
1.493500E-7	1.047128E-2
1.494000E-7	1.052095E-2
1.494500E-7	1.056377E-2
1.495000E-7	1.059461E-2
1.495500E-7	1.060660E-2
1.496000E-7	1.060317E-2
1.496500E-7	1.059632E-2
1.497000E-7	1.058604E-2
1.497500E-7	1.057919E-2
1.498000E-7	1.058090E-2
1.498500E-7	1.058947E-2
1.499000E-7	1.059632E-2
1.499500E-7	1.060146E-2
1.500000E-7	1.059975E-2
1.500500E-7	1.058604E-2
1.501000E-7	1.055864E-2
1.501500E-7	1.053123E-2
1.502000E-7	1.049868E-2
1.502500E-7	1.045243E-2
1.503000E-7	1.039419E-2
1.503500E-7	1.033253E-2
1.504000E-7	1.027771E-2
1.504500E-7	1.023318E-2
1.505000E-7	1.020234E-2
1.505500E-7	1.018007E-2
1.506000E-7	1.016123E-2
1.506500E-7	1.014924E-2
1.507000E-7	1.015267E-2
1.507500E-7	1.017836E-2
1.508000E-7	1.022118E-2
1.508500E-7	1.026915E-2
1.509000E-7	1.031882E-2
1.509500E-7	1.037192E-2
1.510000E-7	1.041646E-2
1.510500E-7	1.044558E-2
1.511000E-7	1.045928E-2
1.511500E-7	1.046271E-2
1.512000E-7	1.045586E-2
1.512500E-7	1.043530E-2
1.513000E-7	1.040790E-2
1.513500E-7	1.037706E-2
1.514000E-7	1.034794E-2
1.514500E-7	1.032225E-2
1.515000E-7	1.030169E-2
1.515500E-7	1.028456E-2
1.516000E-7	1.027086E-2
1.516500E-7	1.027429E-2
1.517000E-7	1.029827E-2
1.517500E-7	1.033081E-2
1.518000E-7	1.037021E-2
1.518500E-7	1.042674E-2
1.519000E-7	1.048327E-2
1.519500E-7	1.052266E-2
1.520000E-7	1.054322E-2
1.520500E-7	1.055692E-2
1.521000E-7	1.055178E-2
1.521500E-7	1.052095E-2
1.522000E-7	1.047299E-2
1.522500E-7	1.041989E-2
1.523000E-7	1.036507E-2
1.523500E-7	1.031368E-2
1.524000E-7	1.026572E-2
1.524500E-7	1.022804E-2
1.525000E-7	1.021091E-2
1.525500E-7	1.020406E-2
1.526000E-7	1.020406E-2
1.526500E-7	1.021262E-2
1.527000E-7	1.022632E-2
1.527500E-7	1.023831E-2
1.528000E-7	1.024688E-2
1.528500E-7	1.024688E-2
1.529000E-7	1.022804E-2
1.529500E-7	1.019206E-2
1.530000E-7	1.015781E-2
1.530500E-7	1.013040E-2
1.531000E-7	1.010299E-2
1.531500E-7	1.007387E-2
1.532000E-7	1.005332E-2
1.532500E-7	1.004989E-2
1.533000E-7	1.006531E-2
1.533500E-7	1.008929E-2
1.534000E-7	1.013382E-2
1.534500E-7	1.019378E-2
1.535000E-7	1.025544E-2
1.535500E-7	1.030512E-2
1.536000E-7	1.035137E-2
1.536500E-7	1.039419E-2
1.537000E-7	1.041817E-2
1.537500E-7	1.042160E-2
1.538000E-7	1.041817E-2
1.538500E-7	1.040790E-2
1.539000E-7	1.037192E-2
1.539500E-7	1.032225E-2
1.540000E-7	1.027086E-2
1.540500E-7	1.021605E-2
1.541000E-7	1.014239E-2
1.541500E-7	1.007044E-2
1.542000E-7	1.001906E-2
1.542500E-7	9.972807E-3
1.543000E-7	9.926557E-3
1.543500E-7	9.897437E-3
1.544000E-7	9.888872E-3
1.544500E-7	9.894011E-3
1.545000E-7	9.907715E-3
1.545500E-7	9.929983E-3
1.546000E-7	9.964242E-3
1.546500E-7	1.000878E-2
1.547000E-7	1.005503E-2
1.547500E-7	1.009614E-2
1.548000E-7	1.013896E-2
1.548500E-7	1.018007E-2
1.549000E-7	1.021262E-2
1.549500E-7	1.024003E-2
1.550000E-7	1.026230E-2
1.550500E-7	1.027257E-2
1.551000E-7	1.026743E-2
1.551500E-7	1.026401E-2
1.552000E-7	1.026230E-2
1.552500E-7	1.025887E-2
1.553000E-7	1.024517E-2
1.553500E-7	1.022804E-2
1.554000E-7	1.021605E-2
1.554500E-7	1.021776E-2
1.555000E-7	1.022118E-2
1.555500E-7	1.022118E-2
1.556000E-7	1.022804E-2
1.556500E-7	1.023318E-2
1.557000E-7	1.023146E-2
1.557500E-7	1.022461E-2
1.558000E-7	1.021947E-2
1.558500E-7	1.020919E-2
1.559000E-7	1.019892E-2
1.559500E-7	1.019035E-2
1.560000E-7	1.018521E-2
1.560500E-7	1.018864E-2
1.561000E-7	1.020063E-2
1.561500E-7	1.021262E-2
1.562000E-7	1.022461E-2
1.562500E-7	1.024003E-2
1.563000E-7	1.025544E-2
1.563500E-7	1.026572E-2
1.564000E-7	1.026230E-2
1.564500E-7	1.025030E-2
1.565000E-7	1.022632E-2
1.565500E-7	1.019892E-2
1.566000E-7	1.016980E-2
1.566500E-7	1.012697E-2
1.567000E-7	1.007387E-2
1.567500E-7	1.002933E-2
1.568000E-7	9.996788E-3
1.568500E-7	9.974520E-3
1.569000E-7	9.953964E-3
1.569500E-7	9.935122E-3
1.570000E-7	9.921418E-3
1.570500E-7	9.917992E-3
1.571000E-7	9.923131E-3
1.571500E-7	9.929983E-3
1.572000E-7	9.940261E-3
1.572500E-7	9.962529E-3
1.573000E-7	9.988223E-3
1.573500E-7	1.001049E-2
1.574000E-7	1.003619E-2
1.574500E-7	1.007044E-2
1.575000E-7	1.009443E-2
1.575500E-7	1.011156E-2
1.576000E-7	1.014410E-2
1.576500E-7	1.018179E-2
1.577000E-7	1.019035E-2
1.577500E-7	1.018350E-2
1.578000E-7	1.018179E-2
1.578500E-7	1.017493E-2
1.579000E-7	1.015095E-2
1.579500E-7	1.012012E-2
1.580000E-7	1.009614E-2
1.580500E-7	1.006702E-2
1.581000E-7	1.002933E-2
1.581500E-7	9.993362E-3
1.582000E-7	9.972807E-3
1.582500E-7	9.962529E-3
1.583000E-7	9.950538E-3
1.583500E-7	9.929983E-3
1.584000E-7	9.906002E-3
1.584500E-7	9.878595E-3
1.585000E-7	9.851187E-3
1.585500E-7	9.832345E-3
1.586000E-7	9.822067E-3
1.586500E-7	9.816928E-3
1.587000E-7	9.815215E-3
1.587500E-7	9.825493E-3
1.588000E-7	9.846048E-3
1.588500E-7	9.868317E-3
1.589000E-7	9.890585E-3
1.589500E-7	9.916279E-3
1.590000E-7	9.945400E-3
1.590500E-7	9.972807E-3
1.591000E-7	1.000193E-2
1.591500E-7	1.003447E-2
1.592000E-7	1.005845E-2
1.592500E-7	1.006873E-2
1.593000E-7	1.007558E-2
1.593500E-7	1.008415E-2
1.594000E-7	1.008929E-2
1.594500E-7	1.009785E-2
1.595000E-7	1.011156E-2
1.595500E-7	1.012526E-2
1.596000E-7	1.012355E-2
1.596500E-7	1.011327E-2
1.597000E-7	1.010299E-2
1.597500E-7	1.009785E-2
1.598000E-7	1.009443E-2
1.598500E-7	1.009614E-2
1.599000E-7	1.009614E-2
1.599500E-7	1.010128E-2
1.600000E-7	1.011498E-2
1.600500E-7	1.013211E-2
1.601000E-7	1.015438E-2
1.601500E-7	1.018350E-2
1.602000E-7	1.021947E-2
1.602500E-7	1.025202E-2
1.603000E-7	1.028114E-2
1.603500E-7	1.029998E-2
1.604000E-7	1.031026E-2
1.604500E-7	1.031540E-2
1.605000E-7	1.032054E-2
1.605500E-7	1.030512E-2
1.606000E-7	1.028114E-2
1.606500E-7	1.026572E-2
1.607000E-7	1.025716E-2
1.607500E-7	1.023146E-2
1.608000E-7	1.019549E-2
1.608500E-7	1.016637E-2
1.609000E-7	1.013725E-2
1.609500E-7	1.009785E-2
1.610000E-7	1.005503E-2
1.610500E-7	1.003105E-2
1.611000E-7	1.002762E-2
1.611500E-7	1.003105E-2
1.612000E-7	1.003105E-2
1.612500E-7	1.003619E-2
1.613000E-7	1.004475E-2
1.613500E-7	1.003105E-2
1.614000E-7	9.998501E-3
1.614500E-7	9.979659E-3
1.615000E-7	9.971094E-3
1.615500E-7	9.941974E-3
1.616000E-7	9.899150E-3
1.616500E-7	9.868317E-3
1.617000E-7	9.847761E-3
1.617500E-7	9.832345E-3
1.618000E-7	9.827206E-3
1.618500E-7	9.834058E-3
1.619000E-7	9.849474E-3
1.619500E-7	9.878595E-3
1.620000E-7	9.919705E-3
1.620500E-7	9.950538E-3
1.621000E-7	9.979659E-3
1.621500E-7	1.001392E-2
1.622000E-7	1.003276E-2
1.622500E-7	1.002591E-2
1.623000E-7	1.000878E-2
1.623500E-7	9.986510E-3
1.624000E-7	9.948825E-3
1.624500E-7	9.888872E-3
1.625000E-7	9.823780E-3
1.625500E-7	9.774105E-3
1.626000E-7	9.743271E-3
1.626500E-7	9.717577E-3
1.627000E-7	9.693596E-3
1.627500E-7	9.691883E-3
1.628000E-7	9.729568E-3
1.628500E-7	9.784382E-3
1.629000E-7	9.835771E-3
1.629500E-7	9.892298E-3
1.630000E-7	9.965955E-3
1.630500E-7	1.003105E-2
1.631000E-7	1.006188E-2
1.631500E-7	1.007558E-2
1.632000E-7	1.008929E-2
1.632500E-7	1.009100E-2
1.633000E-7	1.007387E-2
1.633500E-7	1.006873E-2
1.634000E-7	1.008415E-2
1.634500E-7	1.009785E-2
1.635000E-7	1.010984E-2
1.635500E-7	1.014068E-2
1.636000E-7	1.018350E-2
1.636500E-7	1.022118E-2
1.637000E-7	1.025373E-2
1.637500E-7	1.028456E-2
1.638000E-7	1.030512E-2
1.638500E-7	1.030169E-2
1.639000E-7	1.026401E-2
1.639500E-7	1.020406E-2
1.640000E-7	1.012697E-2
1.640500E-7	1.002762E-2
1.641000E-7	9.919705E-3
1.641500E-7	9.822067E-3
1.642000E-7	9.746697E-3
1.642500E-7	9.679892E-3
1.643000E-7	9.623365E-3
1.643500E-7	9.595958E-3
1.644000E-7	9.601097E-3
1.644500E-7	9.625078E-3
1.645000E-7	9.661050E-3
1.645500E-7	9.710725E-3
1.646000E-7	9.762114E-3
1.646500E-7	9.813502E-3
1.647000E-7	9.854613E-3
1.647500E-7	9.882020E-3
1.648000E-7	9.892298E-3
1.648500E-7	9.894011E-3
1.649000E-7	9.882020E-3
1.649500E-7	9.852900E-3
1.650000E-7	9.815215E-3
1.650500E-7	9.774105E-3
1.651000E-7	9.726142E-3
1.651500E-7	9.679892E-3
1.652000E-7	9.649059E-3
1.652500E-7	9.635356E-3
1.653000E-7	9.645633E-3
1.653500E-7	9.676466E-3
1.654000E-7	9.724429E-3
1.654500E-7	9.777530E-3
1.655000E-7	9.828919E-3
1.655500E-7	9.871743E-3
1.656000E-7	9.902576E-3
1.656500E-7	9.924844E-3
1.657000E-7	9.936835E-3
1.657500E-7	9.940261E-3
1.658000E-7	9.938548E-3
1.658500E-7	9.936835E-3
1.659000E-7	9.926557E-3
1.659500E-7	9.902576E-3
1.660000E-7	9.876882E-3
1.660500E-7	9.868317E-3
1.661000E-7	9.871743E-3
1.661500E-7	9.875169E-3
1.662000E-7	9.878595E-3
1.662500E-7	9.883733E-3
1.663000E-7	9.894011E-3
1.663500E-7	9.906002E-3
1.664000E-7	9.914566E-3
1.664500E-7	9.909428E-3
1.665000E-7	9.895724E-3
1.665500E-7	9.883733E-3
1.666000E-7	9.878595E-3
1.666500E-7	9.871743E-3
1.667000E-7	9.866604E-3
1.667500E-7	9.861465E-3
1.668000E-7	9.851187E-3
1.668500E-7	9.839197E-3
1.669000E-7	9.823780E-3
1.669500E-7	9.808364E-3
1.670000E-7	9.798086E-3
1.670500E-7	9.798086E-3
1.671000E-7	9.799799E-3
1.671500E-7	9.789521E-3
1.672000E-7	9.777530E-3
1.672500E-7	9.772392E-3
1.673000E-7	9.772392E-3
1.673500E-7	9.774105E-3
1.674000E-7	9.779243E-3
1.674500E-7	9.782669E-3
1.675000E-7	9.779243E-3
1.675500E-7	9.779243E-3
1.676000E-7	9.791234E-3
1.676500E-7	9.810077E-3
1.677000E-7	9.832345E-3
1.677500E-7	9.858039E-3
1.678000E-7	9.883733E-3
1.678500E-7	9.894011E-3
1.679000E-7	9.887159E-3
1.679500E-7	9.863178E-3
1.680000E-7	9.823780E-3
1.680500E-7	9.770679E-3
1.681000E-7	9.717577E-3
1.681500E-7	9.666189E-3
1.682000E-7	9.618226E-3
1.682500E-7	9.580541E-3
1.683000E-7	9.559986E-3
1.683500E-7	9.551421E-3
1.684000E-7	9.559986E-3
1.684500E-7	9.589106E-3
1.685000E-7	9.630217E-3
1.685500E-7	9.679892E-3
1.686000E-7	9.746697E-3
1.686500E-7	9.827206E-3
1.687000E-7	9.904289E-3
1.687500E-7	9.965955E-3
1.688000E-7	1.001392E-2
1.688500E-7	1.004989E-2
1.689000E-7	1.007044E-2
1.689500E-7	1.006188E-2
1.690000E-7	1.003447E-2
1.690500E-7	1.001049E-2
1.691000E-7	9.986510E-3
1.691500E-7	9.950538E-3
1.692000E-7	9.923131E-3
1.692500E-7	9.917992E-3
1.693000E-7	9.914566E-3
1.693500E-7	9.904289E-3
1.694000E-7	9.899150E-3
1.694500E-7	9.894011E-3
1.695000E-7	9.883733E-3
1.695500E-7	9.871743E-3
1.696000E-7	9.861465E-3
1.696500E-7	9.830632E-3
1.697000E-7	9.775818E-3
1.697500E-7	9.710725E-3
1.698000E-7	9.652485E-3
1.698500E-7	9.604523E-3
1.699000E-7	9.565125E-3
1.699500E-7	9.530866E-3
1.700000E-7	9.512023E-3
1.700500E-7	9.506884E-3
1.701000E-7	9.503458E-3
1.701500E-7	9.503458E-3
1.702000E-7	9.517162E-3
1.702500E-7	9.532579E-3
1.703000E-7	9.537717E-3
1.703500E-7	9.541143E-3
1.704000E-7	9.561699E-3
1.704500E-7	9.597671E-3
1.705000E-7	9.630217E-3
1.705500E-7	9.652485E-3
1.706000E-7	9.669615E-3
1.706500E-7	9.685031E-3
1.707000E-7	9.698735E-3
1.707500E-7	9.707300E-3
1.708000E-7	9.707300E-3
1.708500E-7	9.709012E-3
1.709000E-7	9.707300E-3
1.709500E-7	9.690170E-3
1.710000E-7	9.666189E-3
1.710500E-7	9.647346E-3
1.711000E-7	9.623365E-3
1.711500E-7	9.594245E-3
1.712000E-7	9.571976E-3
1.712500E-7	9.558273E-3
1.713000E-7	9.546282E-3
1.713500E-7	9.549708E-3
1.714000E-7	9.563412E-3
1.714500E-7	9.568551E-3
1.715000E-7	9.571976E-3
1.715500E-7	9.589106E-3
1.716000E-7	9.611374E-3
1.716500E-7	9.623365E-3
1.717000E-7	9.631930E-3
1.717500E-7	9.630217E-3
1.718000E-7	9.618226E-3
1.718500E-7	9.609661E-3
1.719000E-7	9.601097E-3
1.719500E-7	9.585680E-3
1.720000E-7	9.580541E-3
1.720500E-7	9.592532E-3
1.721000E-7	9.609661E-3
1.721500E-7	9.625078E-3
1.722000E-7	9.654198E-3
1.722500E-7	9.688457E-3
1.723000E-7	9.710725E-3
1.723500E-7	9.724429E-3
1.724000E-7	9.744984E-3
1.724500E-7	9.763827E-3
1.725000E-7	9.762114E-3
1.725500E-7	9.739846E-3
1.726000E-7	9.700448E-3
1.726500E-7	9.650772E-3
1.727000E-7	9.585680E-3
1.727500E-7	9.503458E-3
1.728000E-7	9.417811E-3
1.728500E-7	9.351006E-3
1.729000E-7	9.308182E-3
1.729500E-7	9.277349E-3
1.730000E-7	9.265358E-3
1.730500E-7	9.285914E-3
1.731000E-7	9.328738E-3
1.731500E-7	9.376700E-3
1.732000E-7	9.429802E-3
1.732500E-7	9.489755E-3
1.733000E-7	9.534292E-3
1.733500E-7	9.556560E-3
1.734000E-7	9.561699E-3
1.734500E-7	9.549708E-3
1.735000E-7	9.517162E-3
1.735500E-7	9.462348E-3
1.736000E-7	9.393830E-3
1.736500E-7	9.328738E-3
1.737000E-7	9.282488E-3
1.737500E-7	9.255081E-3
1.738000E-7	9.244803E-3
1.738500E-7	9.258507E-3
1.739000E-7	9.301330E-3
1.739500E-7	9.357858E-3
1.740000E-7	9.421237E-3
1.740500E-7	9.491468E-3
1.741000E-7	9.568551E-3
1.741500E-7	9.642207E-3
1.742000E-7	9.702161E-3
1.742500E-7	9.741559E-3
1.743000E-7	9.755262E-3
1.743500E-7	9.744984E-3
1.744000E-7	9.719290E-3
1.744500E-7	9.671328E-3
1.745000E-7	9.599384E-3
1.745500E-7	9.515449E-3
1.746000E-7	9.429802E-3
1.746500E-7	9.351006E-3
1.747000E-7	9.270497E-3
1.747500E-7	9.193414E-3
1.748000E-7	9.140313E-3
1.748500E-7	9.119758E-3
1.749000E-7	9.124896E-3
1.749500E-7	9.145452E-3
1.750000E-7	9.189989E-3
1.750500E-7	9.260220E-3
1.751000E-7	9.337302E-3
1.751500E-7	9.407533E-3
1.752000E-7	9.476051E-3
1.752500E-7	9.544569E-3
1.753000E-7	9.602810E-3
1.753500E-7	9.643920E-3
1.754000E-7	9.661050E-3
1.754500E-7	9.647346E-3
1.755000E-7	9.616513E-3
1.755500E-7	9.570263E-3
1.756000E-7	9.494894E-3
1.756500E-7	9.390404E-3
1.757000E-7	9.289340E-3
1.757500E-7	9.200266E-3
1.758000E-7	9.119758E-3
1.758500E-7	9.063230E-3
1.759000E-7	9.040962E-3
1.759500E-7	9.039249E-3
1.760000E-7	9.054666E-3
1.760500E-7	9.092350E-3
1.761000E-7	9.143739E-3
1.761500E-7	9.205405E-3
1.762000E-7	9.282488E-3
1.762500E-7	9.357858E-3
1.763000E-7	9.414385E-3
1.763500E-7	9.455496E-3
1.764000E-7	9.484616E-3
1.764500E-7	9.493181E-3
1.765000E-7	9.486329E-3
1.765500E-7	9.479477E-3
1.766000E-7	9.467486E-3
1.766500E-7	9.440079E-3
1.767000E-7	9.409246E-3
1.767500E-7	9.381839E-3
1.768000E-7	9.354432E-3
1.768500E-7	9.327025E-3
1.769000E-7	9.306469E-3
1.769500E-7	9.287627E-3
1.770000E-7	9.272210E-3
1.770500E-7	9.261932E-3
1.771000E-7	9.253368E-3
1.771500E-7	9.253368E-3
1.772000E-7	9.267071E-3
1.772500E-7	9.287627E-3
1.773000E-7	9.316747E-3
1.773500E-7	9.349293E-3
1.774000E-7	9.381839E-3
1.774500E-7	9.400681E-3
1.775000E-7	9.412672E-3
1.775500E-7	9.414385E-3
1.776000E-7	9.405820E-3
1.776500E-7	9.390404E-3
1.777000E-7	9.364709E-3
1.777500E-7	9.325312E-3
1.778000E-7	9.277349E-3
1.778500E-7	9.232812E-3
1.779000E-7	9.196840E-3
1.779500E-7	9.159155E-3
1.780000E-7	9.131748E-3
1.780500E-7	9.116332E-3
1.781000E-7	9.114619E-3
1.781500E-7	9.128322E-3
1.782000E-7	9.159155E-3
1.782500E-7	9.193414E-3
1.783000E-7	9.234525E-3
1.783500E-7	9.282488E-3
1.784000E-7	9.323599E-3
1.784500E-7	9.347580E-3
1.785000E-7	9.357858E-3
1.785500E-7	9.354432E-3
1.786000E-7	9.335589E-3
1.786500E-7	9.306469E-3
1.787000E-7	9.268784E-3
1.787500E-7	9.217396E-3
1.788000E-7	9.162581E-3
1.788500E-7	9.111193E-3
1.789000E-7	9.059804E-3
1.789500E-7	9.008416E-3
1.790000E-7	8.963879E-3
1.790500E-7	8.924481E-3
1.791000E-7	8.891935E-3
1.791500E-7	8.878232E-3
1.792000E-7	8.893648E-3
1.792500E-7	8.922768E-3
1.793000E-7	8.962166E-3
1.793500E-7	9.008416E-3
1.794000E-7	9.061517E-3
1.794500E-7	9.114619E-3
1.795000E-7	9.164294E-3
1.795500E-7	9.198553E-3
1.796000E-7	9.219109E-3
1.796500E-7	9.234525E-3
1.797000E-7	9.239664E-3
1.797500E-7	9.219109E-3
1.798000E-7	9.177998E-3
1.798500E-7	9.131748E-3
1.799000E-7	9.080360E-3
1.799500E-7	9.022119E-3
1.800000E-7	8.965592E-3
1.800500E-7	8.921055E-3
1.801000E-7	8.881658E-3
1.801500E-7	8.854250E-3
1.802000E-7	8.847399E-3
1.802500E-7	8.845686E-3
1.803000E-7	8.847399E-3
1.803500E-7	8.861102E-3
1.804000E-7	8.893648E-3
1.804500E-7	8.929620E-3
1.805000E-7	8.967305E-3
1.805500E-7	9.008416E-3
1.806000E-7	9.061517E-3
1.806500E-7	9.111193E-3
1.807000E-7	9.148878E-3
1.807500E-7	9.191702E-3
1.808000E-7	9.248229E-3
1.808500E-7	9.299617E-3
1.809000E-7	9.335589E-3
1.809500E-7	9.366422E-3
1.810000E-7	9.395543E-3
1.810500E-7	9.412672E-3
1.811000E-7	9.421237E-3
1.811500E-7	9.422950E-3
1.812000E-7	9.402394E-3
1.812500E-7	9.369848E-3
1.813000E-7	9.333876E-3
1.813500E-7	9.284201E-3
1.814000E-7	9.224248E-3
1.814500E-7	9.171146E-3
1.815000E-7	9.126609E-3
1.815500E-7	9.078647E-3
1.816000E-7	9.044388E-3
1.816500E-7	9.030684E-3
1.817000E-7	9.016981E-3
1.817500E-7	8.998138E-3
1.818000E-7	8.996425E-3
1.818500E-7	9.008416E-3
1.819000E-7	9.015268E-3
1.819500E-7	9.030684E-3
1.820000E-7	9.068369E-3
1.820500E-7	9.121471E-3
1.821000E-7	9.169433E-3
1.821500E-7	9.213970E-3
1.822000E-7	9.253368E-3
1.822500E-7	9.273923E-3
1.823000E-7	9.277349E-3
1.823500E-7	9.270497E-3
1.824000E-7	9.256794E-3
1.824500E-7	9.239664E-3
1.825000E-7	9.219109E-3
1.825500E-7	9.183137E-3
1.826000E-7	9.136887E-3
1.826500E-7	9.094063E-3
1.827000E-7	9.054666E-3
1.827500E-7	9.016981E-3
1.828000E-7	8.984435E-3
1.828500E-7	8.963879E-3
1.829000E-7	8.946750E-3
1.829500E-7	8.931333E-3
1.830000E-7	8.921055E-3
1.830500E-7	8.909065E-3
1.831000E-7	8.891935E-3
1.831500E-7	8.876519E-3
1.832000E-7	8.869667E-3
1.832500E-7	8.873093E-3
1.833000E-7	8.881658E-3
1.833500E-7	8.891935E-3
1.834000E-7	8.907352E-3
1.834500E-7	8.924481E-3
1.835000E-7	8.934759E-3
1.835500E-7	8.943324E-3
1.836000E-7	8.955314E-3
1.836500E-7	8.965592E-3
1.837000E-7	8.970731E-3
1.837500E-7	8.981009E-3
1.838000E-7	8.994712E-3
1.838500E-7	9.001564E-3
1.839000E-7	8.991286E-3
1.839500E-7	8.982722E-3
1.840000E-7	8.984435E-3
1.840500E-7	8.979296E-3
1.841000E-7	8.963879E-3
1.841500E-7	8.955314E-3
1.842000E-7	8.967305E-3
1.842500E-7	8.998138E-3
1.843000E-7	9.042675E-3
1.843500E-7	9.095776E-3
1.844000E-7	9.155730E-3
1.844500E-7	9.217396E-3
1.845000E-7	9.272210E-3
1.845500E-7	9.315034E-3
1.846000E-7	9.351006E-3
1.846500E-7	9.374987E-3
1.847000E-7	9.362997E-3
1.847500E-7	9.321886E-3
1.848000E-7	9.284201E-3
1.848500E-7	9.244803E-3
1.849000E-7	9.172859E-3
1.849500E-7	9.090637E-3
1.850000E-7	9.034110E-3
1.850500E-7	8.989573E-3
1.851000E-7	8.936472E-3
1.851500E-7	8.893648E-3
1.852000E-7	8.876519E-3
1.852500E-7	8.876519E-3
1.853000E-7	8.890222E-3
1.853500E-7	8.905639E-3
1.854000E-7	8.903926E-3
1.854500E-7	8.891935E-3
1.855000E-7	8.886796E-3
1.855500E-7	8.878232E-3
1.856000E-7	8.859389E-3
1.856500E-7	8.837121E-3
1.857000E-7	8.818278E-3
1.857500E-7	8.799436E-3
1.858000E-7	8.780594E-3
1.858500E-7	8.773742E-3
1.859000E-7	8.789158E-3
1.859500E-7	8.819991E-3
1.860000E-7	8.847399E-3
1.860500E-7	8.871380E-3
1.861000E-7	8.909065E-3
1.861500E-7	8.958740E-3
1.862000E-7	8.994712E-3
1.862500E-7	9.010129E-3
1.863000E-7	9.027258E-3
1.863500E-7	9.040962E-3
1.864000E-7	9.037536E-3
1.864500E-7	9.023832E-3
1.865000E-7	9.013555E-3
1.865500E-7	9.001564E-3
1.866000E-7	8.994712E-3
1.866500E-7	9.006703E-3
1.867000E-7	9.032397E-3
1.867500E-7	9.059804E-3
1.868000E-7	9.097489E-3
1.868500E-7	9.142026E-3
1.869000E-7	9.179711E-3
1.869500E-7	9.200266E-3
1.870000E-7	9.203692E-3
1.870500E-7	9.181424E-3
1.871000E-7	9.128322E-3
1.871500E-7	9.049527E-3
1.872000E-7	8.945037E-3
1.872500E-7	8.835408E-3
1.873000E-7	8.729205E-3
1.873500E-7	8.628141E-3
1.874000E-7	8.539068E-3
1.874500E-7	8.477401E-3
1.875000E-7	8.443142E-3
1.875500E-7	8.427726E-3
1.876000E-7	8.436291E-3
1.876500E-7	8.468837E-3
1.877000E-7	8.518512E-3
1.877500E-7	8.573327E-3
1.878000E-7	8.619576E-3
1.878500E-7	8.653835E-3
1.879000E-7	8.677817E-3
1.879500E-7	8.691520E-3
1.880000E-7	8.684668E-3
1.880500E-7	8.674391E-3
1.881000E-7	8.672678E-3
1.881500E-7	8.672678E-3
1.882000E-7	8.682955E-3
1.882500E-7	8.722353E-3
1.883000E-7	8.784019E-3
1.883500E-7	8.855963E-3
1.884000E-7	8.938185E-3
1.884500E-7	9.018694E-3
1.885000E-7	9.090637E-3
1.885500E-7	9.155730E-3
1.886000E-7	9.205405E-3
1.886500E-7	9.220822E-3
1.887000E-7	9.212257E-3
1.887500E-7	9.188276E-3
1.888000E-7	9.160868E-3
1.888500E-7	9.130035E-3
1.889000E-7	9.088925E-3
1.889500E-7	9.040962E-3
1.890000E-7	8.996425E-3
1.890500E-7	8.960453E-3
1.891000E-7	8.919342E-3
1.891500E-7	8.885083E-3
1.892000E-7	8.867954E-3
1.892500E-7	8.855963E-3
1.893000E-7	8.831982E-3
1.893500E-7	8.794297E-3
1.894000E-7	8.758325E-3
1.894500E-7	8.715501E-3
1.895000E-7	8.658974E-3
1.895500E-7	8.604160E-3
1.896000E-7	8.569901E-3
1.896500E-7	8.545919E-3
1.897000E-7	8.518512E-3
1.897500E-7	8.499670E-3
1.898000E-7	8.494531E-3
1.898500E-7	8.489392E-3
1.899000E-7	8.480827E-3
1.899500E-7	8.477401E-3
1.900000E-7	8.485966E-3
1.900500E-7	8.513373E-3
1.901000E-7	8.561336E-3
1.901500E-7	8.616150E-3
1.902000E-7	8.658974E-3
1.902500E-7	8.694946E-3
1.903000E-7	8.730918E-3
1.903500E-7	8.768603E-3
1.904000E-7	8.802862E-3
1.904500E-7	8.825130E-3
1.905000E-7	8.828556E-3
1.905500E-7	8.825130E-3
1.906000E-7	8.816565E-3
1.906500E-7	8.790871E-3
1.907000E-7	8.748047E-3
1.907500E-7	8.706937E-3
1.908000E-7	8.667539E-3
1.908500E-7	8.628141E-3
1.909000E-7	8.600734E-3
1.909500E-7	8.587030E-3
1.910000E-7	8.573327E-3
1.910500E-7	8.559623E-3
1.911000E-7	8.549345E-3
1.911500E-7	8.544206E-3
1.912000E-7	8.551058E-3
1.912500E-7	8.576752E-3
1.913000E-7	8.604160E-3
1.913500E-7	8.626428E-3
1.914000E-7	8.643558E-3
1.914500E-7	8.657261E-3
1.915000E-7	8.658974E-3
1.915500E-7	8.643558E-3
1.916000E-7	8.619576E-3
1.916500E-7	8.595595E-3
1.917000E-7	8.578465E-3
1.917500E-7	8.564762E-3
1.918000E-7	8.554484E-3
1.918500E-7	8.554484E-3
1.919000E-7	8.561336E-3
1.919500E-7	8.580178E-3
1.920000E-7	8.614437E-3
1.920500E-7	8.657261E-3
1.921000E-7	8.696659E-3
1.921500E-7	8.744622E-3
1.922000E-7	8.794297E-3
1.922500E-7	8.833695E-3
1.923000E-7	8.864528E-3
1.923500E-7	8.891935E-3
1.924000E-7	8.910778E-3
1.924500E-7	8.922768E-3
1.925000E-7	8.929620E-3
1.925500E-7	8.915917E-3
1.926000E-7	8.895361E-3
1.926500E-7	8.883371E-3
1.927000E-7	8.866241E-3
1.927500E-7	8.825130E-3
1.928000E-7	8.777168E-3
1.928500E-7	8.727492E-3
1.929000E-7	8.670965E-3
1.929500E-7	8.614437E-3
1.930000E-7	8.573327E-3
1.930500E-7	8.540781E-3
1.931000E-7	8.520225E-3
1.931500E-7	8.523651E-3
1.932000E-7	8.545919E-3
1.932500E-7	8.580178E-3
1.933000E-7	8.638419E-3
1.933500E-7	8.710363E-3
1.934000E-7	8.775455E-3
1.934500E-7	8.843973E-3
1.935000E-7	8.915917E-3
1.935500E-7	8.967305E-3
1.936000E-7	8.991286E-3
1.936500E-7	9.001564E-3
1.937000E-7	8.996425E-3
1.937500E-7	8.967305E-3
1.938000E-7	8.924481E-3
1.938500E-7	8.885083E-3
1.939000E-7	8.845686E-3
1.939500E-7	8.794297E-3
1.940000E-7	8.736057E-3
1.940500E-7	8.691520E-3
1.941000E-7	8.670965E-3
1.941500E-7	8.650409E-3
1.942000E-7	8.616150E-3
1.942500E-7	8.578465E-3
1.943000E-7	8.549345E-3
1.943500E-7	8.513373E-3
1.944000E-7	8.467124E-3
1.944500E-7	8.434578E-3
1.945000E-7	8.429439E-3
1.945500E-7	8.432865E-3
1.946000E-7	8.438004E-3
1.946500E-7	8.458559E-3
1.947000E-7	8.494531E-3
1.947500E-7	8.530503E-3
1.948000E-7	8.569901E-3
1.948500E-7	8.614437E-3
1.949000E-7	8.652122E-3
1.949500E-7	8.679529E-3
1.950000E-7	8.703511E-3
1.950500E-7	8.724066E-3
1.951000E-7	8.744622E-3
1.951500E-7	8.763464E-3
1.952000E-7	8.777168E-3
1.952500E-7	8.784019E-3
1.953000E-7	8.782306E-3
1.953500E-7	8.775455E-3
1.954000E-7	8.765177E-3
1.954500E-7	8.758325E-3
1.955000E-7	8.749760E-3
1.955500E-7	8.739483E-3
1.956000E-7	8.737770E-3
1.956500E-7	8.739483E-3
1.957000E-7	8.730918E-3
1.957500E-7	8.715501E-3
1.958000E-7	8.693233E-3
1.958500E-7	8.652122E-3
1.959000E-7	8.605873E-3
1.959500E-7	8.564762E-3
1.960000E-7	8.521938E-3
1.960500E-7	8.467124E-3
1.961000E-7	8.415735E-3
1.961500E-7	8.372911E-3
1.962000E-7	8.336939E-3
1.962500E-7	8.316384E-3
1.963000E-7	8.316384E-3
1.963500E-7	8.330088E-3
1.964000E-7	8.357495E-3
1.964500E-7	8.395180E-3
1.965000E-7	8.431152E-3
1.965500E-7	8.460272E-3
1.966000E-7	8.491105E-3
1.966500E-7	8.506522E-3
1.967000E-7	8.499670E-3
1.967500E-7	8.492818E-3
1.968000E-7	8.480827E-3
1.968500E-7	8.449994E-3
1.969000E-7	8.407170E-3
1.969500E-7	8.378050E-3
1.970000E-7	8.350643E-3
1.970500E-7	8.312958E-3
1.971000E-7	8.278699E-3
1.971500E-7	8.246153E-3
1.972000E-7	8.210181E-3
1.972500E-7	8.179348E-3
1.973000E-7	8.162219E-3
1.973500E-7	8.150228E-3
1.974000E-7	8.141663E-3
1.974500E-7	8.150228E-3
1.975000E-7	8.175922E-3
1.975500E-7	8.215320E-3
1.976000E-7	8.264996E-3
1.976500E-7	8.328375E-3
1.977000E-7	8.405457E-3
1.977500E-7	8.482540E-3
1.978000E-7	8.545919E-3
1.978500E-7	8.587030E-3
1.979000E-7	8.607586E-3
1.979500E-7	8.604160E-3
1.980000E-7	8.573327E-3
1.980500E-7	8.528790E-3
1.981000E-7	8.475688E-3
1.981500E-7	8.415735E-3
1.982000E-7	8.354069E-3
1.982500E-7	8.307819E-3
1.983000E-7	8.288977E-3
1.983500E-7	8.290690E-3
1.984000E-7	8.311245E-3
1.984500E-7	8.348930E-3
1.985000E-7	8.395180E-3
1.985500E-7	8.438004E-3
1.986000E-7	8.470550E-3
1.986500E-7	8.497957E-3
1.987000E-7	8.515086E-3
1.987500E-7	8.504809E-3
1.988000E-7	8.468837E-3
1.988500E-7	8.417448E-3
1.989000E-7	8.360921E-3
1.989500E-7	8.300968E-3
1.990000E-7	8.232450E-3
1.990500E-7	8.157080E-3
1.991000E-7	8.095414E-3
1.991500E-7	8.061155E-3
1.992000E-7	8.044025E-3
1.992500E-7	8.049164E-3
1.993000E-7	8.081710E-3
1.993500E-7	8.127960E-3
1.994000E-7	8.179348E-3
1.994500E-7	8.234162E-3
1.995000E-7	8.292403E-3
1.995500E-7	8.340365E-3
1.996000E-7	8.384902E-3
1.996500E-7	8.424300E-3
1.997000E-7	8.453420E-3
1.997500E-7	8.468837E-3
1.998000E-7	8.482540E-3
1.998500E-7	8.489392E-3
1.999000E-7	8.492818E-3
1.999500E-7	8.489392E-3
2.000000E-7	8.472263E-3
