Study Name	PremaTech_CVD_SiC_HeandSi
Sample Name	2025-11-01
Run Name	spot00
Operator	Keshav
Date	11/1/2025
Time	13:59
Sign	FIX
Grating Spacing	06.40um
Channel	3
Number Traces	10000
Files in Batch	1
Batch Number	48
dt	50.000001E-12
time stamp (ms)	2:50:06 PM
	
Time	Amplitude
0.000000E+0	8.909336E-5
5.000000E-11	1.918704E-4
1.000000E-10	2.672402E-4
1.500000E-10	3.014992E-4
2.000000E-10	3.186287E-4
2.500000E-10	3.152028E-4
3.000000E-10	2.758049E-4
3.500000E-10	2.158517E-4
4.000000E-10	1.730279E-4
4.500000E-10	1.216394E-4
5.000000E-10	5.654731E-5
5.500000E-10	1.543651E-5
6.000000E-10	2.057536E-5
6.500000E-10	4.284371E-5
7.000000E-10	5.483436E-5
7.500000E-10	8.395451E-5
8.000000E-10	1.490466E-4
8.500000E-10	2.055740E-4
9.000000E-10	2.175646E-4
9.500000E-10	2.209905E-4
1.000000E-9	2.364071E-4
1.050000E-9	2.192776E-4
1.100000E-9	1.644632E-4
1.150000E-9	1.199265E-4
1.200000E-9	1.010840E-4
1.250000E-9	7.710271E-5
1.300000E-9	4.798256E-5
1.350000E-9	2.742716E-5
1.400000E-9	2.057536E-5
1.450000E-9	2.742716E-5
1.500000E-9	7.025091E-5
1.550000E-9	1.250653E-4
1.600000E-9	1.713150E-4
1.650000E-9	2.072869E-4
1.700000E-9	2.364071E-4
1.750000E-9	2.501107E-4
1.800000E-9	2.740920E-4
1.850000E-9	3.083510E-4
1.900000E-9	3.391841E-4
1.950000E-9	3.631654E-4
2.000000E-9	3.905726E-4
2.050000E-9	4.162668E-4
2.100000E-9	4.299704E-4
2.150000E-9	4.488129E-4
2.200000E-9	4.727942E-4
2.250000E-9	4.967755E-4
2.300000E-9	5.087661E-4
2.350000E-9	5.002014E-4
2.400000E-9	4.710812E-4
2.450000E-9	4.282575E-4
2.500000E-9	3.751560E-4
2.550000E-9	3.032121E-4
2.600000E-9	2.021481E-4
2.650000E-9	7.710271E-5
2.700000E-9	-4.965559E-5
2.750000E-9	-1.490067E-4
2.800000E-9	-2.089599E-4
2.850000E-9	-2.432189E-4
2.900000E-9	-2.397930E-4
2.950000E-9	-1.866916E-4
3.000000E-9	-1.096088E-4
3.050000E-9	-3.766494E-5
3.100000E-9	2.057536E-5
3.150000E-9	7.538976E-5
3.200000E-9	1.233524E-4
3.250000E-9	1.439078E-4
3.300000E-9	1.216394E-4
3.350000E-9	5.997321E-5
3.400000E-9	-5.118892E-6
3.450000E-9	-4.965559E-5
3.500000E-9	-8.048869E-5
3.550000E-9	-8.734049E-5
3.600000E-9	-5.479444E-5
3.650000E-9	1.543651E-5
3.700000E-9	1.113617E-4
3.750000E-9	2.312682E-4
3.800000E-9	3.511747E-4
3.850000E-9	4.368222E-4
3.900000E-9	4.899237E-4
3.950000E-9	5.070532E-4
4.000000E-9	4.882107E-4
4.050000E-9	4.265445E-4
4.100000E-9	3.477488E-4
4.150000E-9	2.621013E-4
4.200000E-9	1.730279E-4
4.250000E-9	9.594516E-5
4.300000E-9	3.770486E-5
4.350000E-9	-1.197069E-5
4.400000E-9	-5.136854E-5
4.450000E-9	-5.136854E-5
4.500000E-9	-2.053544E-5
4.550000E-9	1.029766E-5
4.600000E-9	4.969551E-5
4.650000E-9	1.045099E-4
4.700000E-9	1.593243E-4
4.750000E-9	2.124258E-4
4.800000E-9	2.723790E-4
4.850000E-9	3.391841E-4
4.900000E-9	4.162668E-4
4.950000E-9	5.053402E-4
5.000000E-9	5.875618E-4
5.050000E-9	6.440892E-4
5.100000E-9	6.543669E-4
5.150000E-9	6.286726E-4
5.200000E-9	5.755712E-4
5.250000E-9	5.002014E-4
5.300000E-9	3.888596E-4
5.350000E-9	2.466848E-4
5.400000E-9	9.594516E-5
5.450000E-9	-4.622969E-5
5.500000E-9	-1.695621E-4
5.550000E-9	-2.517837E-4
5.600000E-9	-2.911816E-4
5.650000E-9	-3.014593E-4
5.700000E-9	-2.654873E-4
5.750000E-9	-1.849786E-4
5.800000E-9	-1.044700E-4
5.850000E-9	-4.451674E-5
5.900000E-9	3.085306E-5
5.950000E-9	1.062229E-4
6.000000E-9	1.473337E-4
6.050000E-9	1.541855E-4
6.100000E-9	1.353430E-4
6.150000E-9	9.423221E-5
6.200000E-9	4.455666E-5
6.250000E-9	1.714946E-5
6.300000E-9	8.584708E-6
6.350000E-9	1.714946E-5
6.400000E-9	5.140846E-5
6.450000E-9	9.937106E-5
6.500000E-9	1.473337E-4
6.550000E-9	2.107128E-4
6.600000E-9	2.826567E-4
6.650000E-9	3.289064E-4
6.700000E-9	3.597395E-4
6.750000E-9	3.974244E-4
6.800000E-9	4.179798E-4
6.850000E-9	4.008503E-4
6.900000E-9	3.648783E-4
6.950000E-9	3.340452E-4
7.000000E-9	2.877956E-4
7.050000E-9	2.329812E-4
7.100000E-9	1.764538E-4
7.150000E-9	1.387689E-4
7.200000E-9	1.233524E-4
7.250000E-9	1.302042E-4
7.300000E-9	1.558984E-4
7.350000E-9	2.004351E-4
7.400000E-9	2.689531E-4
7.450000E-9	3.563136E-4
7.500000E-9	4.488129E-4
7.550000E-9	5.207568E-4
7.600000E-9	5.652935E-4
7.650000E-9	5.909877E-4
7.700000E-9	5.944136E-4
7.750000E-9	5.601546E-4
7.800000E-9	4.933496E-4
7.850000E-9	4.196927E-4
7.900000E-9	3.426100E-4
7.950000E-9	2.723790E-4
8.000000E-9	2.244164E-4
8.050000E-9	2.072869E-4
8.100000E-9	1.987222E-4
8.150000E-9	1.935833E-4
8.200000E-9	2.124258E-4
8.250000E-9	2.449718E-4
8.300000E-9	2.398330E-4
8.350000E-9	1.987222E-4
8.400000E-9	1.541855E-4
8.450000E-9	1.062229E-4
8.500000E-9	4.455666E-5
8.550000E-9	-3.405942E-6
8.600000E-9	-2.396134E-5
8.650000E-9	-2.224839E-5
8.700000E-9	1.029766E-5
8.750000E-9	8.395451E-5
8.800000E-9	1.713150E-4
8.850000E-9	2.569625E-4
8.900000E-9	3.580265E-4
8.950000E-9	4.608035E-4
9.000000E-9	5.276086E-4
9.050000E-9	5.635805E-4
9.100000E-9	5.789971E-4
9.150000E-9	5.584417E-4
9.200000E-9	4.882107E-4
9.250000E-9	4.025632E-4
9.300000E-9	3.203416E-4
9.350000E-9	2.501107E-4
9.400000E-9	1.850186E-4
9.450000E-9	1.199265E-4
9.500000E-9	4.113076E-5
9.550000E-9	-2.910019E-5
9.600000E-9	-5.650739E-5
9.650000E-9	-6.507214E-5
9.700000E-9	-8.048869E-5
9.750000E-9	-1.044700E-4
9.800000E-9	-1.096088E-4
9.850000E-9	-1.130347E-4
9.900000E-9	-1.250254E-4
9.950000E-9	-1.353031E-4
1.000000E-8	-1.181736E-4
1.005000E-8	-8.391459E-5
1.010000E-8	-3.595199E-5
1.015000E-8	3.941781E-5
1.020000E-8	1.319171E-4
1.025000E-8	2.295553E-4
1.030000E-8	3.203416E-4
1.035000E-8	4.025632E-4
1.040000E-8	4.608035E-4
1.045000E-8	4.727942E-4
1.050000E-8	4.248316E-4
1.055000E-8	3.340452E-4
1.060000E-8	2.038610E-4
1.065000E-8	4.113076E-5
1.070000E-8	-1.335901E-4
1.075000E-8	-2.843298E-4
1.080000E-8	-4.093751E-4
1.085000E-8	-5.018744E-4
1.090000E-8	-5.412723E-4
1.095000E-8	-5.258557E-4
1.100000E-8	-4.676154E-4
1.105000E-8	-3.751161E-4
1.110000E-8	-2.603484E-4
1.115000E-8	-1.353031E-4
1.120000E-8	-3.405942E-6
1.125000E-8	1.199265E-4
1.130000E-8	2.227035E-4
1.135000E-8	3.083510E-4
1.140000E-8	3.837208E-4
1.145000E-8	4.231186E-4
1.150000E-8	4.248316E-4
1.155000E-8	4.265445E-4
1.160000E-8	4.402481E-4
1.165000E-8	4.351093E-4
1.170000E-8	4.145539E-4
1.175000E-8	3.957114E-4
1.180000E-8	3.717301E-4
1.185000E-8	3.306193E-4
1.190000E-8	2.877956E-4
1.195000E-8	2.466848E-4
1.200000E-8	2.004351E-4
1.205000E-8	1.541855E-4
1.210000E-8	1.319171E-4
1.215000E-8	1.284912E-4
1.220000E-8	1.267783E-4
1.225000E-8	1.233524E-4
1.230000E-8	1.370560E-4
1.235000E-8	1.833056E-4
1.240000E-8	2.466848E-4
1.245000E-8	3.083510E-4
1.250000E-8	3.580265E-4
1.255000E-8	4.008503E-4
1.260000E-8	4.436740E-4
1.265000E-8	4.796460E-4
1.270000E-8	4.916366E-4
1.275000E-8	4.779330E-4
1.280000E-8	4.505258E-4
1.285000E-8	4.282575E-4
1.290000E-8	3.991373E-4
1.295000E-8	3.408970E-4
1.300000E-8	2.775179E-4
1.305000E-8	2.449718E-4
1.310000E-8	2.398330E-4
1.315000E-8	2.415459E-4
1.320000E-8	2.723790E-4
1.325000E-8	3.408970E-4
1.330000E-8	4.248316E-4
1.335000E-8	5.087661E-4
1.340000E-8	5.807100E-4
1.345000E-8	6.458021E-4
1.350000E-8	6.869129E-4
1.355000E-8	7.074683E-4
1.360000E-8	7.057554E-4
1.365000E-8	6.869129E-4
1.370000E-8	6.697834E-4
1.375000E-8	6.458021E-4
1.380000E-8	5.995525E-4
1.385000E-8	5.430251E-4
1.390000E-8	4.847848E-4
1.395000E-8	4.059891E-4
1.400000E-8	3.083510E-4
1.405000E-8	2.364071E-4
1.410000E-8	1.867315E-4
1.415000E-8	1.284912E-4
1.420000E-8	7.025091E-5
1.425000E-8	5.654731E-5
1.430000E-8	6.682501E-5
1.435000E-8	9.594516E-5
1.440000E-8	1.610373E-4
1.445000E-8	2.483977E-4
1.450000E-8	3.237675E-4
1.455000E-8	4.094150E-4
1.460000E-8	5.104791E-4
1.465000E-8	5.635805E-4
1.470000E-8	5.378863E-4
1.475000E-8	4.710812E-4
1.480000E-8	3.546006E-4
1.485000E-8	2.038610E-4
1.490000E-8	8.052861E-5
1.495000E-8	-2.567429E-5
1.500000E-8	-1.781268E-4
1.505000E-8	-3.357183E-4
1.510000E-8	-4.162269E-4
1.515000E-8	-4.145140E-4
1.520000E-8	-3.614125E-4
1.525000E-8	-2.689132E-4
1.530000E-8	-1.507196E-4
1.535000E-8	-2.396134E-5
1.540000E-8	1.165006E-4
1.545000E-8	2.398330E-4
1.550000E-8	2.997862E-4
1.555000E-8	3.100639E-4
1.560000E-8	2.809438E-4
1.565000E-8	1.901574E-4
1.570000E-8	3.427896E-5
1.575000E-8	-1.712750E-4
1.580000E-8	-3.973845E-4
1.585000E-8	-5.909478E-4
1.590000E-8	-7.057155E-4
1.595000E-8	-7.862241E-4
1.600000E-8	-8.564551E-4
1.605000E-8	-8.393256E-4
1.610000E-8	-6.885860E-4
1.615000E-8	-4.693284E-4
1.620000E-8	-2.363671E-4
1.625000E-8	5.158808E-6
1.630000E-8	2.227035E-4
1.635000E-8	3.905726E-4
1.640000E-8	5.087661E-4
1.645000E-8	5.464510E-4
1.650000E-8	4.745071E-4
1.655000E-8	3.528877E-4
1.660000E-8	2.158517E-4
1.665000E-8	4.113076E-5
1.670000E-8	-1.524326E-4
1.675000E-8	-3.065981E-4
1.680000E-8	-4.282176E-4
1.685000E-8	-5.378464E-4
1.690000E-8	-5.840960E-4
1.695000E-8	-5.429852E-4
1.700000E-8	-4.573377E-4
1.705000E-8	-3.699773E-4
1.710000E-8	-2.809039E-4
1.715000E-8	-1.918304E-4
1.720000E-8	-1.078959E-4
1.725000E-8	-3.423904E-5
1.730000E-8	1.029766E-5
1.735000E-8	3.599191E-5
1.740000E-8	6.682501E-5
1.745000E-8	9.594516E-5
1.750000E-8	1.165006E-4
1.755000E-8	1.576114E-4
1.760000E-8	2.329812E-4
1.765000E-8	3.066380E-4
1.770000E-8	3.631654E-4
1.775000E-8	4.453870E-4
1.780000E-8	5.567287E-4
1.785000E-8	6.646446E-4
1.790000E-8	8.136712E-4
1.795000E-8	1.048345E-3
1.800000E-8	1.366954E-3
1.805000E-8	1.790053E-3
1.810000E-8	2.396437E-3
1.815000E-8	3.211801E-3
1.820000E-8	4.229294E-3
1.825000E-8	5.483173E-3
1.830000E-8	7.009412E-3
1.835000E-8	8.792593E-3
1.840000E-8	1.081559E-2
1.845000E-8	1.303043E-2
1.850000E-8	1.531208E-2
1.855000E-8	1.757660E-2
1.860000E-8	1.982399E-2
1.865000E-8	2.199430E-2
1.870000E-8	2.393336E-2
1.875000E-8	2.559321E-2
1.880000E-8	2.700639E-2
1.885000E-8	2.814893E-2
1.890000E-8	2.895744E-2
1.895000E-8	2.950901E-2
1.900000E-8	2.986359E-2
1.905000E-8	2.993382E-2
1.910000E-8	2.968887E-2
1.915000E-8	2.925549E-2
1.920000E-8	2.870906E-2
1.925000E-8	2.802560E-2
1.930000E-8	2.727532E-2
1.935000E-8	2.655246E-2
1.940000E-8	2.582445E-2
1.945000E-8	2.508617E-2
1.950000E-8	2.442669E-2
1.955000E-8	2.384086E-2
1.960000E-8	2.324989E-2
1.965000E-8	2.268119E-2
1.970000E-8	2.216902E-2
1.975000E-8	2.166541E-2
1.980000E-8	2.114296E-2
1.985000E-8	2.062394E-2
1.990000E-8	2.005524E-2
1.995000E-8	1.941460E-2
2.000000E-8	1.880136E-2
2.005000E-8	1.826521E-2
2.010000E-8	1.772734E-2
2.015000E-8	1.716378E-2
2.020000E-8	1.665161E-2
2.025000E-8	1.623536E-2
2.030000E-8	1.592703E-2
2.035000E-8	1.572661E-2
2.040000E-8	1.565124E-2
2.045000E-8	1.569064E-2
2.050000E-8	1.580370E-2
2.055000E-8	1.593217E-2
2.060000E-8	1.603495E-2
2.065000E-8	1.611545E-2
2.070000E-8	1.617369E-2
2.075000E-8	1.618568E-2
2.080000E-8	1.613087E-2
2.085000E-8	1.597671E-2
2.090000E-8	1.570777E-2
2.095000E-8	1.537203E-2
2.100000E-8	1.505685E-2
2.105000E-8	1.477421E-2
2.110000E-8	1.448301E-2
2.115000E-8	1.416954E-2
2.120000E-8	1.388177E-2
2.125000E-8	1.367964E-2
2.130000E-8	1.356658E-2
2.135000E-8	1.350834E-2
2.140000E-8	1.348265E-2
2.145000E-8	1.352547E-2
2.150000E-8	1.364881E-2
2.155000E-8	1.376529E-2
2.160000E-8	1.381154E-2
2.165000E-8	1.384580E-2
2.170000E-8	1.388691E-2
2.175000E-8	1.386635E-2
2.180000E-8	1.375501E-2
2.185000E-8	1.362654E-2
2.190000E-8	1.348779E-2
2.195000E-8	1.327881E-2
2.200000E-8	1.299103E-2
2.205000E-8	1.269469E-2
2.210000E-8	1.242747E-2
2.215000E-8	1.217396E-2
2.220000E-8	1.190502E-2
2.225000E-8	1.164637E-2
2.230000E-8	1.145623E-2
2.235000E-8	1.135517E-2
2.240000E-8	1.132091E-2
2.245000E-8	1.133804E-2
2.250000E-8	1.139285E-2
2.255000E-8	1.146651E-2
2.260000E-8	1.153674E-2
2.265000E-8	1.159327E-2
2.270000E-8	1.163952E-2
2.275000E-8	1.166350E-2
2.280000E-8	1.164465E-2
2.285000E-8	1.157785E-2
2.290000E-8	1.147336E-2
2.295000E-8	1.132947E-2
2.300000E-8	1.114961E-2
2.305000E-8	1.098003E-2
2.310000E-8	1.084642E-2
2.315000E-8	1.071452E-2
2.320000E-8	1.058776E-2
2.325000E-8	1.052781E-2
2.330000E-8	1.054494E-2
2.335000E-8	1.058948E-2
2.340000E-8	1.062202E-2
2.345000E-8	1.064258E-2
2.350000E-8	1.067855E-2
2.355000E-8	1.072994E-2
2.360000E-8	1.073850E-2
2.365000E-8	1.064600E-2
2.370000E-8	1.050383E-2
2.375000E-8	1.039249E-2
2.380000E-8	1.028629E-2
2.385000E-8	1.013726E-2
2.390000E-8	9.984806E-3
2.395000E-8	9.854622E-3
2.400000E-8	9.721012E-3
2.405000E-8	9.583975E-3
2.410000E-8	9.496615E-3
2.415000E-8	9.462356E-3
2.420000E-8	9.436662E-3
2.425000E-8	9.390412E-3
2.430000E-8	9.342450E-3
2.435000E-8	9.292774E-3
2.440000E-8	9.225969E-3
2.445000E-8	9.162590E-3
2.450000E-8	9.118053E-3
2.455000E-8	9.078655E-3
2.460000E-8	9.051248E-3
2.465000E-8	9.034119E-3
2.470000E-8	9.020415E-3
2.475000E-8	9.018702E-3
2.480000E-8	9.042683E-3
2.485000E-8	9.063239E-3
2.490000E-8	9.058100E-3
2.495000E-8	9.064952E-3
2.500000E-8	9.087220E-3
2.505000E-8	9.078655E-3
2.510000E-8	9.030693E-3
2.515000E-8	8.977591E-3
2.520000E-8	8.921064E-3
2.525000E-8	8.864536E-3
2.530000E-8	8.814861E-3
2.535000E-8	8.766898E-3
2.540000E-8	8.701806E-3
2.545000E-8	8.646992E-3
2.550000E-8	8.624723E-3
2.555000E-8	8.633288E-3
2.560000E-8	8.646992E-3
2.565000E-8	8.650418E-3
2.570000E-8	8.643566E-3
2.575000E-8	8.653844E-3
2.580000E-8	8.679538E-3
2.585000E-8	8.708658E-3
2.590000E-8	8.727500E-3
2.595000E-8	8.739491E-3
2.600000E-8	8.720649E-3
2.605000E-8	8.679538E-3
2.610000E-8	8.653844E-3
2.615000E-8	8.653844E-3
2.620000E-8	8.638427E-3
2.625000E-8	8.595603E-3
2.630000E-8	8.533937E-3
2.635000E-8	8.461993E-3
2.640000E-8	8.402040E-3
2.645000E-8	8.372920E-3
2.650000E-8	8.350651E-3
2.655000E-8	8.318105E-3
2.660000E-8	8.302689E-3
2.665000E-8	8.311254E-3
2.670000E-8	8.304402E-3
2.675000E-8	8.276995E-3
2.680000E-8	8.259865E-3
2.685000E-8	8.235884E-3
2.690000E-8	8.174218E-3
2.695000E-8	8.090283E-3
2.700000E-8	8.020052E-3
2.705000E-8	7.942969E-3
2.710000E-8	7.843618E-3
2.715000E-8	7.730564E-3
2.720000E-8	7.612370E-3
2.725000E-8	7.483899E-3
2.730000E-8	7.352002E-3
2.735000E-8	7.223530E-3
2.740000E-8	7.108763E-3
2.745000E-8	7.016263E-3
2.750000E-8	6.944319E-3
2.755000E-8	6.879227E-3
2.760000E-8	6.817561E-3
2.765000E-8	6.762747E-3
2.770000E-8	6.704506E-3
2.775000E-8	6.644553E-3
2.780000E-8	6.603442E-3
2.785000E-8	6.586313E-3
2.790000E-8	6.545202E-3
2.795000E-8	6.464693E-3
2.800000E-8	6.372194E-3
2.805000E-8	6.274556E-3
2.810000E-8	6.140946E-3
2.815000E-8	5.978216E-3
2.820000E-8	5.853170E-3
2.825000E-8	5.781226E-3
2.830000E-8	5.740116E-3
2.835000E-8	5.728125E-3
2.840000E-8	5.782939E-3
2.845000E-8	5.894281E-3
2.850000E-8	6.029604E-3
2.855000E-8	6.190621E-3
2.860000E-8	6.385898E-3
2.865000E-8	6.569183E-3
2.870000E-8	6.699368E-3
2.875000E-8	6.797006E-3
2.880000E-8	6.853533E-3
2.885000E-8	6.826126E-3
2.890000E-8	6.709645E-3
2.895000E-8	6.534924E-3
2.900000E-8	6.307102E-3
2.905000E-8	6.034743E-3
2.910000E-8	5.743541E-3
2.915000E-8	5.464331E-3
2.920000E-8	5.215953E-3
2.925000E-8	5.032667E-3
2.930000E-8	4.929890E-3
2.935000E-8	4.895631E-3
2.940000E-8	4.923038E-3
2.945000E-8	5.006973E-3
2.950000E-8	5.123454E-3
2.955000E-8	5.245073E-3
2.960000E-8	5.370118E-3
2.965000E-8	5.491738E-3
2.970000E-8	5.580811E-3
2.975000E-8	5.630487E-3
2.980000E-8	5.644190E-3
2.985000E-8	5.628774E-3
2.990000E-8	5.577385E-3
2.995000E-8	5.495164E-3
3.000000E-8	5.390674E-3
3.005000E-8	5.257064E-3
3.010000E-8	5.097759E-3
3.015000E-8	4.955584E-3
3.020000E-8	4.852807E-3
3.025000E-8	4.767160E-3
3.030000E-8	4.698642E-3
3.035000E-8	4.671235E-3
3.040000E-8	4.691790E-3
3.045000E-8	4.739753E-3
3.050000E-8	4.823687E-3
3.055000E-8	4.940168E-3
3.060000E-8	5.073778E-3
3.065000E-8	5.198823E-3
3.070000E-8	5.325582E-3
3.075000E-8	5.433498E-3
3.080000E-8	5.500303E-3
3.085000E-8	5.534562E-3
3.090000E-8	5.544839E-3
3.095000E-8	5.543126E-3
3.100000E-8	5.529423E-3
3.105000E-8	5.495164E-3
3.110000E-8	5.436923E-3
3.115000E-8	5.361554E-3
3.120000E-8	5.291323E-3
3.125000E-8	5.215953E-3
3.130000E-8	5.123454E-3
3.135000E-8	5.020677E-3
3.140000E-8	4.924751E-3
3.145000E-8	4.830539E-3
3.150000E-8	4.743179E-3
3.155000E-8	4.688364E-3
3.160000E-8	4.664383E-3
3.165000E-8	4.655818E-3
3.170000E-8	4.647253E-3
3.175000E-8	4.621559E-3
3.180000E-8	4.589013E-3
3.185000E-8	4.566745E-3
3.190000E-8	4.532486E-3
3.195000E-8	4.470820E-3
3.200000E-8	4.400589E-3
3.205000E-8	4.313228E-3
3.210000E-8	4.191609E-3
3.215000E-8	4.073415E-3
3.220000E-8	4.003184E-3
3.225000E-8	3.974064E-3
3.230000E-8	3.970638E-3
3.235000E-8	4.004897E-3
3.240000E-8	4.076841E-3
3.245000E-8	4.164202E-3
3.250000E-8	4.280682E-3
3.255000E-8	4.426283E-3
3.260000E-8	4.566745E-3
3.265000E-8	4.648966E-3
3.270000E-8	4.667809E-3
3.275000E-8	4.642115E-3
3.280000E-8	4.578735E-3
3.285000E-8	4.463968E-3
3.290000E-8	4.320080E-3
3.295000E-8	4.183044E-3
3.300000E-8	4.073415E-3
3.305000E-8	3.989481E-3
3.310000E-8	3.922676E-3
3.315000E-8	3.881565E-3
3.320000E-8	3.873000E-3
3.325000E-8	3.891842E-3
3.330000E-8	3.920963E-3
3.335000E-8	3.941518E-3
3.340000E-8	3.958648E-3
3.345000E-8	3.956935E-3
3.350000E-8	3.934666E-3
3.355000E-8	3.905546E-3
3.360000E-8	3.881565E-3
3.365000E-8	3.847306E-3
3.370000E-8	3.821612E-3
3.375000E-8	3.825037E-3
3.380000E-8	3.862722E-3
3.385000E-8	3.914111E-3
3.390000E-8	3.968925E-3
3.395000E-8	4.018601E-3
3.400000E-8	4.051147E-3
3.405000E-8	4.042582E-3
3.410000E-8	3.972351E-3
3.415000E-8	3.850732E-3
3.420000E-8	3.705131E-3
3.425000E-8	3.521845E-3
3.430000E-8	3.276893E-3
3.435000E-8	3.002821E-3
3.440000E-8	2.763008E-3
3.445000E-8	2.576297E-3
3.450000E-8	2.446113E-3
3.455000E-8	2.384446E-3
3.460000E-8	2.422131E-3
3.465000E-8	2.542038E-3
3.470000E-8	2.704768E-3
3.475000E-8	2.903470E-3
3.480000E-8	3.141570E-3
3.485000E-8	3.365967E-3
3.490000E-8	3.538975E-3
3.495000E-8	3.667446E-3
3.500000E-8	3.725686E-3
3.505000E-8	3.679437E-3
3.510000E-8	3.559530E-3
3.515000E-8	3.396800E-3
3.520000E-8	3.175829E-3
3.525000E-8	2.903470E-3
3.530000E-8	2.656805E-3
3.535000E-8	2.461529E-3
3.540000E-8	2.303938E-3
3.545000E-8	2.225142E-3
3.550000E-8	2.250836E-3
3.555000E-8	2.336484E-3
3.560000E-8	2.459816E-3
3.565000E-8	2.605417E-3
3.570000E-8	2.744166E-3
3.575000E-8	2.853795E-3
3.580000E-8	2.942868E-3
3.585000E-8	2.989118E-3
3.590000E-8	2.963424E-3
3.595000E-8	2.894906E-3
3.600000E-8	2.819536E-3
3.605000E-8	2.713333E-3
3.610000E-8	2.596852E-3
3.615000E-8	2.531760E-3
3.620000E-8	2.521482E-3
3.625000E-8	2.530047E-3
3.630000E-8	2.560880E-3
3.635000E-8	2.619121E-3
3.640000E-8	2.679074E-3
3.645000E-8	2.730462E-3
3.650000E-8	2.790416E-3
3.655000E-8	2.845230E-3
3.660000E-8	2.867498E-3
3.665000E-8	2.879489E-3
3.670000E-8	2.877776E-3
3.675000E-8	2.855508E-3
3.680000E-8	2.828100E-3
3.685000E-8	2.810971E-3
3.690000E-8	2.792129E-3
3.695000E-8	2.757870E-3
3.700000E-8	2.718472E-3
3.705000E-8	2.655093E-3
3.710000E-8	2.557454E-3
3.715000E-8	2.454677E-3
3.720000E-8	2.360465E-3
3.725000E-8	2.257688E-3
3.730000E-8	2.156624E-3
3.735000E-8	2.110374E-3
3.740000E-8	2.113800E-3
3.745000E-8	2.139495E-3
3.750000E-8	2.185744E-3
3.755000E-8	2.266253E-3
3.760000E-8	2.369030E-3
3.765000E-8	2.471807E-3
3.770000E-8	2.567732E-3
3.775000E-8	2.663657E-3
3.780000E-8	2.754444E-3
3.785000E-8	2.829813E-3
3.790000E-8	2.870924E-3
3.795000E-8	2.874350E-3
3.800000E-8	2.848656E-3
3.805000E-8	2.786990E-3
3.810000E-8	2.680787E-3
3.815000E-8	2.536899E-3
3.820000E-8	2.396437E-3
3.825000E-8	2.278244E-3
3.830000E-8	2.189170E-3
3.835000E-8	2.141208E-3
3.840000E-8	2.144633E-3
3.845000E-8	2.194309E-3
3.850000E-8	2.281669E-3
3.855000E-8	2.410141E-3
3.860000E-8	2.566019E-3
3.865000E-8	2.713333E-3
3.870000E-8	2.819536E-3
3.875000E-8	2.876063E-3
3.880000E-8	2.876063E-3
3.885000E-8	2.800693E-3
3.890000E-8	2.684213E-3
3.895000E-8	2.543751E-3
3.900000E-8	2.379308E-3
3.905000E-8	2.187457E-3
3.910000E-8	2.002459E-3
3.915000E-8	1.853432E-3
3.920000E-8	1.754081E-3
3.925000E-8	1.707831E-3
3.930000E-8	1.700979E-3
3.935000E-8	1.731812E-3
3.940000E-8	1.815747E-3
3.945000E-8	1.945931E-3
3.950000E-8	2.081254E-3
3.955000E-8	2.216577E-3
3.960000E-8	2.351900E-3
3.965000E-8	2.461529E-3
3.970000E-8	2.535186E-3
3.975000E-8	2.590000E-3
3.980000E-8	2.620834E-3
3.985000E-8	2.608843E-3
3.990000E-8	2.567732E-3
3.995000E-8	2.507779E-3
4.000000E-8	2.420418E-3
4.005000E-8	2.305651E-3
4.010000E-8	2.190883E-3
4.015000E-8	2.088106E-3
4.020000E-8	1.978477E-3
4.025000E-8	1.856858E-3
4.030000E-8	1.742090E-3
4.035000E-8	1.663294E-3
4.040000E-8	1.605054E-3
4.045000E-8	1.546814E-3
4.050000E-8	1.509129E-3
4.055000E-8	1.510842E-3
4.060000E-8	1.536536E-3
4.065000E-8	1.575934E-3
4.070000E-8	1.630748E-3
4.075000E-8	1.690702E-3
4.080000E-8	1.735238E-3
4.085000E-8	1.774636E-3
4.090000E-8	1.798618E-3
4.095000E-8	1.800330E-3
4.100000E-8	1.767784E-3
4.105000E-8	1.702692E-3
4.110000E-8	1.622184E-3
4.115000E-8	1.555379E-3
4.120000E-8	1.500564E-3
4.125000E-8	1.445750E-3
4.130000E-8	1.399500E-3
4.135000E-8	1.402926E-3
4.140000E-8	1.444037E-3
4.145000E-8	1.503990E-3
4.150000E-8	1.591351E-3
4.155000E-8	1.704405E-3
4.160000E-8	1.824312E-3
4.165000E-8	1.932228E-3
4.170000E-8	2.017875E-3
4.175000E-8	2.074402E-3
4.180000E-8	2.093245E-3
4.185000E-8	2.070977E-3
4.190000E-8	2.011023E-3
4.195000E-8	1.904820E-3
4.200000E-8	1.767784E-3
4.205000E-8	1.625610E-3
4.210000E-8	1.491999E-3
4.215000E-8	1.360102E-3
4.220000E-8	1.252186E-3
4.225000E-8	1.193946E-3
4.230000E-8	1.180243E-3
4.235000E-8	1.216214E-3
4.240000E-8	1.295010E-3
4.245000E-8	1.399500E-3
4.250000E-8	1.521120E-3
4.255000E-8	1.642739E-3
4.260000E-8	1.731812E-3
4.265000E-8	1.779775E-3
4.270000E-8	1.800330E-3
4.275000E-8	1.791766E-3
4.280000E-8	1.747229E-3
4.285000E-8	1.692415E-3
4.290000E-8	1.641026E-3
4.295000E-8	1.575934E-3
4.300000E-8	1.514268E-3
4.305000E-8	1.497138E-3
4.310000E-8	1.529684E-3
4.315000E-8	1.577647E-3
4.320000E-8	1.629035E-3
4.325000E-8	1.699266E-3
4.330000E-8	1.796905E-3
4.335000E-8	1.897969E-3
4.340000E-8	1.988755E-3
4.345000E-8	2.069264E-3
4.350000E-8	2.129217E-3
4.355000E-8	2.161763E-3
4.360000E-8	2.173754E-3
4.365000E-8	2.146346E-3
4.370000E-8	2.057273E-3
4.375000E-8	1.933941E-3
4.380000E-8	1.820886E-3
4.385000E-8	1.697553E-3
4.390000E-8	1.550240E-3
4.395000E-8	1.416630E-3
4.400000E-8	1.313853E-3
4.405000E-8	1.219640E-3
4.410000E-8	1.144271E-3
4.415000E-8	1.113437E-3
4.420000E-8	1.118576E-3
4.425000E-8	1.133993E-3
4.430000E-8	1.156261E-3
4.435000E-8	1.180243E-3
4.440000E-8	1.200798E-3
4.445000E-8	1.199085E-3
4.450000E-8	1.185381E-3
4.455000E-8	1.163113E-3
4.460000E-8	1.139132E-3
4.465000E-8	1.115150E-3
4.470000E-8	1.099734E-3
4.475000E-8	1.092882E-3
4.480000E-8	1.096308E-3
4.485000E-8	1.103160E-3
4.490000E-8	1.120289E-3
4.495000E-8	1.144271E-3
4.500000E-8	1.163113E-3
4.505000E-8	1.171678E-3
4.510000E-8	1.185381E-3
4.515000E-8	1.214502E-3
4.520000E-8	1.243622E-3
4.525000E-8	1.260751E-3
4.530000E-8	1.276168E-3
4.535000E-8	1.293297E-3
4.540000E-8	1.300149E-3
4.545000E-8	1.305288E-3
4.550000E-8	1.327556E-3
4.555000E-8	1.366954E-3
4.560000E-8	1.416630E-3
4.565000E-8	1.485148E-3
4.570000E-8	1.574221E-3
4.575000E-8	1.668433E-3
4.580000E-8	1.757507E-3
4.585000E-8	1.824312E-3
4.590000E-8	1.872274E-3
4.595000E-8	1.921950E-3
4.600000E-8	1.983616E-3
4.605000E-8	2.026440E-3
4.610000E-8	2.041856E-3
4.615000E-8	2.041856E-3
4.620000E-8	2.017875E-3
4.625000E-8	1.957922E-3
4.630000E-8	1.868848E-3
4.635000E-8	1.769497E-3
4.640000E-8	1.659869E-3
4.645000E-8	1.548527E-3
4.650000E-8	1.447463E-3
4.655000E-8	1.353250E-3
4.660000E-8	1.279594E-3
4.665000E-8	1.255612E-3
4.670000E-8	1.255612E-3
4.675000E-8	1.250473E-3
4.680000E-8	1.245335E-3
4.685000E-8	1.260751E-3
4.690000E-8	1.265890E-3
4.695000E-8	1.248761E-3
4.700000E-8	1.247048E-3
4.705000E-8	1.259038E-3
4.710000E-8	1.248761E-3
4.715000E-8	1.214502E-3
4.720000E-8	1.181955E-3
4.725000E-8	1.154548E-3
4.730000E-8	1.128854E-3
4.735000E-8	1.108299E-3
4.740000E-8	1.099734E-3
4.745000E-8	1.082604E-3
4.750000E-8	1.051771E-3
4.755000E-8	1.002096E-3
4.760000E-8	9.370036E-4
4.765000E-8	8.787633E-4
4.770000E-8	8.256619E-4
4.775000E-8	7.657086E-4
4.780000E-8	7.280237E-4
4.785000E-8	7.160331E-4
4.790000E-8	7.126072E-4
4.795000E-8	7.263108E-4
4.800000E-8	7.742734E-4
4.805000E-8	8.376525E-4
4.810000E-8	9.010317E-4
4.815000E-8	9.849662E-4
4.820000E-8	1.070614E-3
4.825000E-8	1.122002E-3
4.830000E-8	1.135706E-3
4.835000E-8	1.140845E-3
4.840000E-8	1.149409E-3
4.845000E-8	1.156261E-3
4.850000E-8	1.152835E-3
4.855000E-8	1.157974E-3
4.860000E-8	1.181955E-3
4.865000E-8	1.202511E-3
4.870000E-8	1.202511E-3
4.875000E-8	1.207650E-3
4.880000E-8	1.224779E-3
4.885000E-8	1.231631E-3
4.890000E-8	1.235057E-3
4.895000E-8	1.253899E-3
4.900000E-8	1.274455E-3
4.905000E-8	1.288158E-3
4.910000E-8	1.305288E-3
4.915000E-8	1.322417E-3
4.920000E-8	1.312140E-3
4.925000E-8	1.276168E-3
4.930000E-8	1.248761E-3
4.935000E-8	1.241909E-3
4.940000E-8	1.233344E-3
4.945000E-8	1.207650E-3
4.950000E-8	1.178530E-3
4.955000E-8	1.157974E-3
4.960000E-8	1.149409E-3
4.965000E-8	1.159687E-3
4.970000E-8	1.175104E-3
4.975000E-8	1.188807E-3
4.980000E-8	1.211076E-3
4.985000E-8	1.236770E-3
4.990000E-8	1.236770E-3
4.995000E-8	1.212789E-3
5.000000E-8	1.183668E-3
5.005000E-8	1.144271E-3
5.010000E-8	1.074040E-3
5.015000E-8	9.935310E-4
5.020000E-8	9.181612E-4
5.025000E-8	8.513561E-4
5.030000E-8	8.051065E-4
5.035000E-8	8.016806E-4
5.040000E-8	8.479302E-4
5.045000E-8	9.421425E-4
5.050000E-8	1.067188E-3
5.055000E-8	1.199085E-3
5.060000E-8	1.327556E-3
5.065000E-8	1.440611E-3
5.070000E-8	1.522833E-3
5.075000E-8	1.557092E-3
5.080000E-8	1.533110E-3
5.085000E-8	1.444037E-3
5.090000E-8	1.308714E-3
5.095000E-8	1.139132E-3
5.100000E-8	9.489943E-4
5.105000E-8	7.571439E-4
5.110000E-8	5.858489E-4
5.115000E-8	4.659424E-4
5.120000E-8	4.231186E-4
5.125000E-8	4.522388E-4
5.130000E-8	5.327474E-4
5.135000E-8	6.423762E-4
5.140000E-8	7.742734E-4
5.145000E-8	8.941799E-4
5.150000E-8	9.781144E-4
5.155000E-8	1.014086E-3
5.160000E-8	9.901051E-4
5.165000E-8	8.976058E-4
5.170000E-8	7.605698E-4
5.175000E-8	5.927007E-4
5.180000E-8	4.059891E-4
5.185000E-8	2.466848E-4
5.190000E-8	1.439078E-4
5.195000E-8	9.594516E-5
5.200000E-8	1.027970E-4
5.205000E-8	1.764538E-4
5.210000E-8	3.049251E-4
5.215000E-8	4.830719E-4
5.220000E-8	6.903388E-4
5.225000E-8	8.958928E-4
5.230000E-8	1.091169E-3
5.235000E-8	1.262464E-3
5.240000E-8	1.390935E-3
5.245000E-8	1.461166E-3
5.250000E-8	1.466305E-3
5.255000E-8	1.411491E-3
5.260000E-8	1.318991E-3
5.265000E-8	1.190520E-3
5.270000E-8	1.038068E-3
5.275000E-8	9.044576E-4
5.280000E-8	8.239489E-4
5.285000E-8	7.742734E-4
5.290000E-8	7.554309E-4
5.295000E-8	7.914029E-4
5.300000E-8	8.564950E-4
5.305000E-8	9.250130E-4
5.310000E-8	1.010660E-3
5.315000E-8	1.104873E-3
5.320000E-8	1.152835E-3
5.325000E-8	1.144271E-3
5.330000E-8	1.096308E-3
5.335000E-8	1.005522E-3
5.340000E-8	8.650597E-4
5.345000E-8	7.143201E-4
5.350000E-8	5.909877E-4
5.355000E-8	5.070532E-4
5.360000E-8	4.505258E-4
5.365000E-8	4.282575E-4
5.370000E-8	4.539517E-4
5.375000E-8	5.207568E-4
5.380000E-8	6.183949E-4
5.385000E-8	7.571439E-4
5.390000E-8	9.284389E-4
5.395000E-8	1.079178E-3
5.400000E-8	1.181955E-3
5.405000E-8	1.288158E-3
5.410000E-8	1.394361E-3
5.415000E-8	1.466305E-3
5.420000E-8	1.503990E-3
5.425000E-8	1.521120E-3
5.430000E-8	1.510842E-3
5.435000E-8	1.480009E-3
5.440000E-8	1.430333E-3
5.445000E-8	1.344686E-3
5.450000E-8	1.238483E-3
5.455000E-8	1.140845E-3
5.460000E-8	1.046632E-3
5.465000E-8	9.455684E-4
5.470000E-8	8.787633E-4
5.475000E-8	8.393655E-4
5.480000E-8	8.068194E-4
5.485000E-8	7.828381E-4
5.490000E-8	7.794122E-4
5.495000E-8	7.828381E-4
5.500000E-8	7.982547E-4
5.505000E-8	8.153842E-4
5.510000E-8	8.188101E-4
5.515000E-8	8.102453E-4
5.520000E-8	8.188101E-4
5.525000E-8	8.359396E-4
5.530000E-8	8.342266E-4
5.535000E-8	8.188101E-4
5.540000E-8	8.119583E-4
5.545000E-8	8.119583E-4
5.550000E-8	7.982547E-4
5.555000E-8	7.742734E-4
5.560000E-8	7.485791E-4
5.565000E-8	7.263108E-4
5.570000E-8	7.057554E-4
5.575000E-8	6.869129E-4
5.580000E-8	6.646446E-4
5.585000E-8	6.406633E-4
5.590000E-8	6.064043E-4
5.595000E-8	5.635805E-4
5.600000E-8	5.207568E-4
5.605000E-8	4.762201E-4
5.610000E-8	4.179798E-4
5.615000E-8	3.614524E-4
5.620000E-8	3.152028E-4
5.625000E-8	2.689531E-4
5.630000E-8	2.227035E-4
5.635000E-8	1.884445E-4
5.640000E-8	1.918704E-4
5.645000E-8	2.244164E-4
5.650000E-8	2.723790E-4
5.655000E-8	3.408970E-4
5.660000E-8	4.282575E-4
5.665000E-8	5.207568E-4
5.670000E-8	5.944136E-4
5.675000E-8	6.355244E-4
5.680000E-8	6.577928E-4
5.685000E-8	6.612187E-4
5.690000E-8	6.303856E-4
5.695000E-8	5.652935E-4
5.700000E-8	4.984884E-4
5.705000E-8	4.402481E-4
5.710000E-8	3.820078E-4
5.715000E-8	3.511747E-4
5.720000E-8	3.648783E-4
5.725000E-8	4.042762E-4
5.730000E-8	4.573776E-4
5.735000E-8	5.430251E-4
5.740000E-8	6.509410E-4
5.745000E-8	7.571439E-4
5.750000E-8	8.616338E-4
5.755000E-8	9.575590E-4
5.760000E-8	1.020938E-3
5.765000E-8	1.056910E-3
5.770000E-8	1.062049E-3
5.775000E-8	1.017512E-3
5.780000E-8	9.318648E-4
5.785000E-8	8.445043E-4
5.790000E-8	7.537180E-4
5.795000E-8	6.560798E-4
5.800000E-8	5.704323E-4
5.805000E-8	5.104791E-4
5.810000E-8	4.642294E-4
5.815000E-8	4.505258E-4
5.820000E-8	4.847848E-4
5.825000E-8	5.361733E-4
5.830000E-8	5.807100E-4
5.835000E-8	6.372374E-4
5.840000E-8	7.091813E-4
5.845000E-8	7.622827E-4
5.850000E-8	7.708475E-4
5.855000E-8	7.434403E-4
5.860000E-8	6.920518E-4
5.865000E-8	6.183949E-4
5.870000E-8	5.241827E-4
5.875000E-8	3.991373E-4
5.880000E-8	2.381200E-4
5.885000E-8	7.881566E-5
5.890000E-8	-4.965559E-5
5.895000E-8	-1.627103E-4
5.900000E-8	-2.603484E-4
5.905000E-8	-2.980334E-4
5.910000E-8	-2.672003E-4
5.915000E-8	-2.055340E-4
5.920000E-8	-1.113218E-4
5.925000E-8	2.228831E-5
5.930000E-8	1.627502E-4
5.935000E-8	2.980733E-4
5.940000E-8	4.385352E-4
5.945000E-8	5.635805E-4
5.950000E-8	6.303856E-4
5.955000E-8	6.458021E-4
5.960000E-8	6.406633E-4
5.965000E-8	6.046913E-4
5.970000E-8	5.413122E-4
5.975000E-8	4.745071E-4
5.980000E-8	4.111280E-4
5.985000E-8	3.357582E-4
5.990000E-8	2.483977E-4
5.995000E-8	1.627502E-4
6.000000E-8	1.045099E-4
6.005000E-8	8.395451E-5
6.010000E-8	8.224156E-5
6.015000E-8	1.130747E-4
6.020000E-8	1.935833E-4
6.025000E-8	2.723790E-4
6.030000E-8	3.049251E-4
6.035000E-8	3.237675E-4
6.040000E-8	3.528877E-4
6.045000E-8	3.768690E-4
6.050000E-8	3.871467E-4
6.055000E-8	4.162668E-4
6.060000E-8	4.573776E-4
6.065000E-8	5.053402E-4
6.070000E-8	5.755712E-4
6.075000E-8	6.595057E-4
6.080000E-8	7.502921E-4
6.085000E-8	8.582079E-4
6.090000E-8	9.746885E-4
6.095000E-8	1.075753E-3
6.100000E-8	1.151122E-3
6.105000E-8	1.216214E-3
6.110000E-8	1.238483E-3
6.115000E-8	1.199085E-3
6.120000E-8	1.091169E-3
6.125000E-8	9.233000E-4
6.130000E-8	7.143201E-4
6.135000E-8	5.019143E-4
6.140000E-8	3.014992E-4
6.145000E-8	1.079358E-4
6.150000E-8	-7.534984E-5
6.155000E-8	-2.123858E-4
6.160000E-8	-3.065981E-4
6.165000E-8	-3.545607E-4
6.170000E-8	-3.425701E-4
6.175000E-8	-2.672003E-4
6.180000E-8	-1.507196E-4
6.185000E-8	-1.025774E-5
6.190000E-8	1.473337E-4
6.195000E-8	3.066380E-4
6.200000E-8	4.453870E-4
6.205000E-8	5.327474E-4
6.210000E-8	5.704323E-4
6.215000E-8	5.687194E-4
6.220000E-8	5.310345E-4
6.225000E-8	4.779330E-4
6.230000E-8	4.179798E-4
6.235000E-8	3.426100E-4
6.240000E-8	2.638143E-4
6.245000E-8	2.124258E-4
6.250000E-8	2.021481E-4
6.255000E-8	2.227035E-4
6.260000E-8	2.689531E-4
6.265000E-8	3.306193E-4
6.270000E-8	3.922855E-4
6.275000E-8	4.351093E-4
6.280000E-8	4.642294E-4
6.285000E-8	4.710812E-4
6.290000E-8	4.436740E-4
6.295000E-8	3.820078E-4
6.300000E-8	2.963603E-4
6.305000E-8	2.072869E-4
6.310000E-8	1.353430E-4
6.315000E-8	7.538976E-5
6.320000E-8	2.228831E-5
6.325000E-8	1.732908E-6
6.330000E-8	1.714946E-5
6.335000E-8	4.626961E-5
6.340000E-8	7.881566E-5
6.345000E-8	1.250653E-4
6.350000E-8	1.850186E-4
6.355000E-8	2.518236E-4
6.360000E-8	3.306193E-4
6.365000E-8	4.008503E-4
6.370000E-8	4.453870E-4
6.375000E-8	4.762201E-4
6.380000E-8	4.813589E-4
6.385000E-8	4.522388E-4
6.390000E-8	4.008503E-4
6.395000E-8	3.460359E-4
6.400000E-8	2.706661E-4
6.405000E-8	1.935833E-4
6.410000E-8	1.439078E-4
6.415000E-8	1.216394E-4
6.420000E-8	1.079358E-4
6.425000E-8	1.336301E-4
6.430000E-8	2.158517E-4
6.435000E-8	3.374711E-4
6.440000E-8	4.710812E-4
6.445000E-8	6.115431E-4
6.450000E-8	7.417273E-4
6.455000E-8	8.325137E-4
6.460000E-8	8.770504E-4
6.465000E-8	8.856151E-4
6.470000E-8	8.530691E-4
6.475000E-8	7.742734E-4
6.480000E-8	6.714964E-4
6.485000E-8	5.670064E-4
6.490000E-8	4.762201E-4
6.495000E-8	4.025632E-4
6.500000E-8	3.648783E-4
6.505000E-8	3.802949E-4
6.510000E-8	4.453870E-4
6.515000E-8	5.413122E-4
6.520000E-8	6.389503E-4
6.525000E-8	7.211719E-4
6.530000E-8	7.639957E-4
6.535000E-8	7.434403E-4
6.540000E-8	6.783482E-4
6.545000E-8	5.789971E-4
6.550000E-8	4.453870E-4
6.555000E-8	2.775179E-4
6.560000E-8	1.079358E-4
6.565000E-8	-4.451674E-5
6.570000E-8	-1.627103E-4
6.575000E-8	-2.329412E-4
6.580000E-8	-2.500707E-4
6.585000E-8	-2.123858E-4
6.590000E-8	-1.318772E-4
6.595000E-8	-3.766494E-5
6.600000E-8	3.941781E-5
6.605000E-8	9.423221E-5
6.610000E-8	1.250653E-4
6.615000E-8	1.113617E-4
6.620000E-8	4.969551E-5
6.625000E-8	-2.738724E-5
6.630000E-8	-1.010441E-4
6.635000E-8	-1.627103E-4
6.640000E-8	-2.055340E-4
6.645000E-8	-2.226635E-4
6.650000E-8	-2.072470E-4
6.655000E-8	-1.507196E-4
6.660000E-8	-5.479444E-5
6.665000E-8	7.025091E-5
6.670000E-8	2.055740E-4
6.675000E-8	3.220546E-4
6.680000E-8	4.111280E-4
6.685000E-8	4.642294E-4
6.690000E-8	4.573776E-4
6.695000E-8	3.751560E-4
6.700000E-8	2.346941E-4
6.705000E-8	6.339911E-5
6.710000E-8	-1.267383E-4
6.715000E-8	-3.048852E-4
6.720000E-8	-4.453471E-4
6.725000E-8	-5.378464E-4
6.730000E-8	-5.823831E-4
6.735000E-8	-5.601147E-4
6.740000E-8	-4.761802E-4
6.745000E-8	-3.511348E-4
6.750000E-8	-1.969693E-4
6.755000E-8	-2.053544E-5
6.760000E-8	1.661761E-4
6.765000E-8	3.340452E-4
6.770000E-8	4.573776E-4
6.775000E-8	5.515899E-4
6.780000E-8	6.286726E-4
6.785000E-8	6.663575E-4
6.790000E-8	6.560798E-4
6.795000E-8	6.303856E-4
6.800000E-8	5.961266E-4
6.805000E-8	5.344604E-4
6.810000E-8	4.676553E-4
6.815000E-8	4.265445E-4
6.820000E-8	3.802949E-4
6.825000E-8	3.186287E-4
6.830000E-8	2.518236E-4
6.835000E-8	1.815927E-4
6.840000E-8	1.147876E-4
6.845000E-8	8.566746E-5
6.850000E-8	9.251926E-5
6.855000E-8	1.010840E-4
6.860000E-8	1.284912E-4
6.865000E-8	1.918704E-4
6.870000E-8	2.638143E-4
6.875000E-8	3.289064E-4
6.880000E-8	3.854337E-4
6.885000E-8	4.351093E-4
6.890000E-8	4.710812E-4
6.895000E-8	4.864978E-4
6.900000E-8	4.659424E-4
6.905000E-8	4.214057E-4
6.910000E-8	3.563136E-4
6.915000E-8	2.792308E-4
6.920000E-8	2.107128E-4
6.925000E-8	1.558984E-4
6.930000E-8	1.130747E-4
6.935000E-8	9.765811E-5
6.940000E-8	1.233524E-4
6.945000E-8	1.610373E-4
6.950000E-8	1.970092E-4
6.955000E-8	2.364071E-4
6.960000E-8	2.706661E-4
6.965000E-8	2.895085E-4
6.970000E-8	2.929344E-4
6.975000E-8	2.758049E-4
6.980000E-8	2.192776E-4
6.985000E-8	1.302042E-4
6.990000E-8	2.742716E-5
6.995000E-8	-8.391459E-5
7.000000E-8	-1.969693E-4
7.005000E-8	-2.946075E-4
7.010000E-8	-3.614125E-4
7.015000E-8	-3.939586E-4
7.020000E-8	-3.819679E-4
7.025000E-8	-3.185888E-4
7.030000E-8	-2.123858E-4
7.035000E-8	-7.877574E-5
7.040000E-8	6.853796E-5
7.045000E-8	2.072869E-4
7.050000E-8	3.443229E-4
7.055000E-8	4.590906E-4
7.060000E-8	5.413122E-4
7.065000E-8	5.807100E-4
7.070000E-8	5.807100E-4
7.075000E-8	5.515899E-4
7.080000E-8	4.916366E-4
7.085000E-8	4.214057E-4
7.090000E-8	3.580265E-4
7.095000E-8	3.117769E-4
7.100000E-8	2.843697E-4
7.105000E-8	2.655272E-4
7.110000E-8	2.415459E-4
7.115000E-8	2.192776E-4
7.120000E-8	2.055740E-4
7.125000E-8	1.918704E-4
7.130000E-8	1.524725E-4
7.135000E-8	1.045099E-4
7.140000E-8	7.367681E-5
7.145000E-8	4.284371E-5
7.150000E-8	-5.118892E-6
7.155000E-8	-5.650739E-5
7.160000E-8	-9.761820E-5
7.165000E-8	-1.267383E-4
7.170000E-8	-1.661362E-4
7.175000E-8	-2.260894E-4
7.180000E-8	-2.774780E-4
7.185000E-8	-2.928945E-4
7.190000E-8	-2.911816E-4
7.195000E-8	-2.963204E-4
7.200000E-8	-2.928945E-4
7.205000E-8	-2.723391E-4
7.210000E-8	-2.517837E-4
7.215000E-8	-2.397930E-4
7.220000E-8	-2.038211E-4
7.225000E-8	-1.507196E-4
7.230000E-8	-1.027570E-4
7.235000E-8	-5.308149E-5
7.240000E-8	1.372356E-5
7.245000E-8	8.566746E-5
7.250000E-8	1.507596E-4
7.255000E-8	2.158517E-4
7.260000E-8	2.826567E-4
7.265000E-8	3.460359E-4
7.270000E-8	4.077021E-4
7.275000E-8	4.522388E-4
7.280000E-8	4.676553E-4
7.285000E-8	4.539517E-4
7.290000E-8	4.196927E-4
7.295000E-8	3.614524E-4
7.300000E-8	2.929344E-4
7.305000E-8	2.261294E-4
7.310000E-8	1.456207E-4
7.315000E-8	6.511206E-5
7.320000E-8	8.584708E-6
7.325000E-8	-3.081314E-5
7.330000E-8	-5.993329E-5
7.335000E-8	-4.794264E-5
7.340000E-8	8.584708E-6
7.345000E-8	9.251926E-5
7.350000E-8	1.901574E-4
7.355000E-8	2.946474E-4
7.360000E-8	3.854337E-4
7.365000E-8	4.402481E-4
7.370000E-8	4.505258E-4
7.375000E-8	4.196927E-4
7.380000E-8	3.528877E-4
7.385000E-8	2.364071E-4
7.390000E-8	7.025091E-5
7.395000E-8	-1.130347E-4
7.400000E-8	-2.672003E-4
7.405000E-8	-3.990974E-4
7.410000E-8	-5.053003E-4
7.415000E-8	-5.446982E-4
7.420000E-8	-5.053003E-4
7.425000E-8	-4.247917E-4
7.430000E-8	-3.220147E-4
7.435000E-8	-1.884045E-4
7.440000E-8	-2.396134E-5
7.445000E-8	1.250653E-4
7.450000E-8	2.244164E-4
7.455000E-8	2.912215E-4
7.460000E-8	3.374711E-4
7.465000E-8	3.580265E-4
7.470000E-8	3.443229E-4
7.475000E-8	3.374711E-4
7.480000E-8	3.460359E-4
7.485000E-8	3.511747E-4
7.490000E-8	3.648783E-4
7.495000E-8	3.939985E-4
7.500000E-8	4.162668E-4
7.505000E-8	4.333963E-4
7.510000E-8	4.453870E-4
7.515000E-8	4.368222E-4
7.520000E-8	4.025632E-4
7.525000E-8	3.546006E-4
7.530000E-8	2.877956E-4
7.535000E-8	2.072869E-4
7.540000E-8	1.439078E-4
7.545000E-8	1.027970E-4
7.550000E-8	7.196386E-5
7.555000E-8	6.168616E-5
7.560000E-8	8.224156E-5
7.565000E-8	1.165006E-4
7.570000E-8	1.439078E-4
7.575000E-8	1.627502E-4
7.580000E-8	1.833056E-4
7.585000E-8	2.021481E-4
7.590000E-8	2.175646E-4
7.595000E-8	2.141387E-4
7.600000E-8	1.833056E-4
7.605000E-8	1.147876E-4
7.610000E-8	2.571421E-5
7.615000E-8	-7.021099E-5
7.620000E-8	-1.558585E-4
7.625000E-8	-2.329412E-4
7.630000E-8	-2.911816E-4
7.635000E-8	-3.254406E-4
7.640000E-8	-3.185888E-4
7.645000E-8	-2.877557E-4
7.650000E-8	-2.483578E-4
7.655000E-8	-1.969693E-4
7.660000E-8	-1.233124E-4
7.665000E-8	-3.766494E-5
7.670000E-8	5.140846E-5
7.675000E-8	1.404819E-4
7.680000E-8	1.970092E-4
7.685000E-8	2.107128E-4
7.690000E-8	2.158517E-4
7.695000E-8	2.192776E-4
7.700000E-8	1.901574E-4
7.705000E-8	1.421948E-4
7.710000E-8	1.062229E-4
7.715000E-8	7.881566E-5
7.720000E-8	5.140846E-5
7.725000E-8	5.140846E-5
7.730000E-8	8.224156E-5
7.735000E-8	1.165006E-4
7.740000E-8	1.576114E-4
7.745000E-8	2.175646E-4
7.750000E-8	2.809438E-4
7.755000E-8	3.323323E-4
7.760000E-8	3.785819E-4
7.765000E-8	4.248316E-4
7.770000E-8	4.642294E-4
7.775000E-8	4.899237E-4
7.780000E-8	5.104791E-4
7.785000E-8	5.276086E-4
7.790000E-8	5.361733E-4
7.795000E-8	5.224697E-4
7.800000E-8	5.002014E-4
7.805000E-8	4.830719E-4
7.810000E-8	4.488129E-4
7.815000E-8	3.734431E-4
7.820000E-8	2.758049E-4
7.825000E-8	1.730279E-4
7.830000E-8	6.853796E-5
7.835000E-8	-2.053544E-5
7.840000E-8	-9.076639E-5
7.845000E-8	-1.507196E-4
7.850000E-8	-1.712750E-4
7.855000E-8	-1.353031E-4
7.860000E-8	-7.021099E-5
7.865000E-8	3.445858E-6
7.870000E-8	1.062229E-4
7.875000E-8	2.312682E-4
7.880000E-8	3.374711E-4
7.885000E-8	4.351093E-4
7.890000E-8	5.276086E-4
7.895000E-8	5.687194E-4
7.900000E-8	5.498769E-4
7.905000E-8	5.224697E-4
7.910000E-8	5.036273E-4
7.915000E-8	4.625165E-4
7.920000E-8	3.871467E-4
7.925000E-8	3.100639E-4
7.930000E-8	2.518236E-4
7.935000E-8	1.901574E-4
7.940000E-8	1.250653E-4
7.945000E-8	7.538976E-5
7.950000E-8	5.483436E-5
7.955000E-8	4.626961E-5
7.960000E-8	4.284371E-5
7.965000E-8	6.168616E-5
7.970000E-8	1.096488E-4
7.975000E-8	1.524725E-4
7.980000E-8	1.918704E-4
7.985000E-8	2.346941E-4
7.990000E-8	2.501107E-4
7.995000E-8	2.483977E-4
8.000000E-8	2.603884E-4
8.005000E-8	2.758049E-4
8.010000E-8	2.603884E-4
8.015000E-8	2.364071E-4
8.020000E-8	2.192776E-4
8.025000E-8	1.781668E-4
8.030000E-8	9.937106E-5
8.035000E-8	1.543651E-5
8.040000E-8	-5.136854E-5
8.045000E-8	-1.078959E-4
8.050000E-8	-1.627103E-4
8.055000E-8	-1.935434E-4
8.060000E-8	-2.038211E-4
8.065000E-8	-2.072470E-4
8.070000E-8	-2.038211E-4
8.075000E-8	-1.747009E-4
8.080000E-8	-1.113218E-4
8.085000E-8	-2.053544E-5
8.090000E-8	6.511206E-5
8.095000E-8	1.439078E-4
8.100000E-8	2.346941E-4
8.105000E-8	3.220546E-4
8.110000E-8	3.734431E-4
8.115000E-8	3.854337E-4
8.120000E-8	3.854337E-4
8.125000E-8	3.837208E-4
8.130000E-8	3.734431E-4
8.135000E-8	3.563136E-4
8.140000E-8	3.408970E-4
8.145000E-8	3.186287E-4
8.150000E-8	2.929344E-4
8.155000E-8	2.621013E-4
8.160000E-8	2.209905E-4
8.165000E-8	1.541855E-4
8.170000E-8	7.196386E-5
8.175000E-8	-1.692992E-6
8.180000E-8	-7.192394E-5
8.185000E-8	-1.404419E-4
8.190000E-8	-1.969693E-4
8.195000E-8	-2.072470E-4
8.200000E-8	-1.712750E-4
8.205000E-8	-1.181736E-4
8.210000E-8	-4.280379E-5
8.215000E-8	7.025091E-5
8.220000E-8	2.072869E-4
8.225000E-8	3.546006E-4
8.230000E-8	5.121920E-4
8.235000E-8	6.577928E-4
8.240000E-8	7.674216E-4
8.245000E-8	8.205230E-4
8.250000E-8	8.239489E-4
8.255000E-8	7.725604E-4
8.260000E-8	6.732093E-4
8.265000E-8	5.207568E-4
8.270000E-8	3.152028E-4
8.275000E-8	8.052861E-5
8.280000E-8	-1.438678E-4
8.285000E-8	-3.477089E-4
8.290000E-8	-5.104392E-4
8.295000E-8	-6.252068E-4
8.300000E-8	-6.851601E-4
8.305000E-8	-6.937248E-4
8.310000E-8	-6.457622E-4
8.315000E-8	-5.532629E-4
8.320000E-8	-4.419212E-4
8.325000E-8	-3.220147E-4
8.330000E-8	-1.952563E-4
8.335000E-8	-8.391459E-5
8.340000E-8	-2.910019E-5
8.345000E-8	-2.396134E-5
8.350000E-8	-3.766494E-5
8.355000E-8	-5.822034E-5
8.360000E-8	-9.419229E-5
8.365000E-8	-1.233124E-4
8.370000E-8	-1.318772E-4
8.375000E-8	-1.438678E-4
8.380000E-8	-1.644232E-4
8.385000E-8	-1.798398E-4
8.390000E-8	-2.003952E-4
8.395000E-8	-2.500707E-4
8.400000E-8	-3.220147E-4
8.405000E-8	-4.282176E-4
8.410000E-8	-5.669665E-4
8.415000E-8	-7.022896E-4
8.420000E-8	-8.153443E-4
8.425000E-8	-9.095565E-4
8.430000E-8	-9.609450E-4
8.435000E-8	-9.352508E-4
8.440000E-8	-8.410385E-4
8.445000E-8	-6.902989E-4
8.450000E-8	-4.796061E-4
8.455000E-8	-2.175247E-4
8.460000E-8	5.654731E-5
8.465000E-8	3.152028E-4
8.470000E-8	5.515899E-4
8.475000E-8	7.417273E-4
8.480000E-8	8.650597E-4
8.485000E-8	9.130223E-4
8.490000E-8	8.941799E-4
8.495000E-8	7.965417E-4
8.500000E-8	6.458021E-4
8.505000E-8	4.796460E-4
8.510000E-8	3.066380E-4
8.515000E-8	1.250653E-4
8.520000E-8	-5.479444E-5
8.525000E-8	-2.089599E-4
8.530000E-8	-3.117370E-4
8.535000E-8	-3.528478E-4
8.540000E-8	-3.528478E-4
8.545000E-8	-3.340053E-4
8.550000E-8	-2.860427E-4
8.555000E-8	-2.123858E-4
8.560000E-8	-1.387290E-4
8.565000E-8	-6.678509E-5
8.570000E-8	1.201061E-5
8.575000E-8	6.168616E-5
8.580000E-8	8.909336E-5
8.585000E-8	1.182135E-4
8.590000E-8	1.267783E-4
8.595000E-8	7.538976E-5
8.600000E-8	1.372356E-5
8.605000E-8	-2.224839E-5
8.610000E-8	-5.308149E-5
8.615000E-8	-8.220164E-5
8.620000E-8	-1.010441E-4
8.625000E-8	-1.215995E-4
8.630000E-8	-1.301642E-4
8.635000E-8	-1.078959E-4
8.640000E-8	-7.021099E-5
8.645000E-8	-4.280379E-5
8.650000E-8	-2.053544E-5
8.655000E-8	-1.197069E-5
8.660000E-8	-5.118892E-6
8.665000E-8	1.995795E-8
8.670000E-8	-1.710954E-5
8.675000E-8	-4.965559E-5
8.680000E-8	-5.993329E-5
8.685000E-8	-5.308149E-5
8.690000E-8	-5.993329E-5
8.695000E-8	-6.164624E-5
8.700000E-8	-5.308149E-5
8.705000E-8	-4.451674E-5
8.710000E-8	-4.794264E-5
8.715000E-8	-5.308149E-5
8.720000E-8	-5.993329E-5
8.725000E-8	-7.706279E-5
8.730000E-8	-9.933115E-5
8.735000E-8	-1.215995E-4
8.740000E-8	-1.558585E-4
8.745000E-8	-1.849786E-4
8.750000E-8	-1.884045E-4
8.755000E-8	-1.747009E-4
8.760000E-8	-1.472937E-4
8.765000E-8	-9.076639E-5
8.770000E-8	1.732908E-6
8.775000E-8	9.937106E-5
8.780000E-8	1.952963E-4
8.785000E-8	3.117769E-4
8.790000E-8	4.265445E-4
8.795000E-8	5.207568E-4
8.800000E-8	6.115431E-4
8.805000E-8	6.989036E-4
8.810000E-8	7.417273E-4
8.815000E-8	7.177460E-4
8.820000E-8	6.526539E-4
8.825000E-8	5.533028E-4
8.830000E-8	4.111280E-4
8.835000E-8	2.312682E-4
8.840000E-8	2.400126E-5
8.845000E-8	-2.003952E-4
8.850000E-8	-4.213658E-4
8.855000E-8	-6.132162E-4
8.860000E-8	-7.639558E-4
8.865000E-8	-8.684457E-4
8.870000E-8	-9.198342E-4
8.875000E-8	-9.061306E-4
8.880000E-8	-8.358997E-4
8.885000E-8	-7.296968E-4
8.890000E-8	-5.909478E-4
8.895000E-8	-4.282176E-4
8.900000E-8	-2.723391E-4
8.905000E-8	-1.507196E-4
8.910000E-8	-3.937789E-5
8.915000E-8	5.997321E-5
8.920000E-8	1.233524E-4
8.925000E-8	1.473337E-4
8.930000E-8	1.490466E-4
8.935000E-8	1.284912E-4
8.940000E-8	9.080631E-5
8.945000E-8	5.140846E-5
8.950000E-8	1.886241E-5
8.955000E-8	-8.544792E-6
8.960000E-8	-1.368364E-5
8.965000E-8	5.158808E-6
8.970000E-8	4.626961E-5
8.975000E-8	1.302042E-4
8.980000E-8	2.227035E-4
8.985000E-8	2.877956E-4
8.990000E-8	3.374711E-4
8.995000E-8	3.974244E-4
9.000000E-8	4.436740E-4
9.005000E-8	4.453870E-4
9.010000E-8	4.059891E-4
9.015000E-8	3.494618E-4
9.020000E-8	2.740920E-4
9.025000E-8	1.644632E-4
9.030000E-8	3.427896E-5
9.035000E-8	-8.905344E-5
9.040000E-8	-2.055340E-4
9.045000E-8	-3.271535E-4
9.050000E-8	-4.487730E-4
9.055000E-8	-5.584018E-4
9.060000E-8	-6.526140E-4
9.065000E-8	-7.262709E-4
9.070000E-8	-7.690946E-4
9.075000E-8	-7.930759E-4
9.080000E-8	-7.913630E-4
9.085000E-8	-7.588169E-4
9.090000E-8	-6.868730E-4
9.095000E-8	-5.806701E-4
9.100000E-8	-4.573377E-4
9.105000E-8	-3.220147E-4
9.110000E-8	-1.918304E-4
9.115000E-8	-6.849804E-5
9.120000E-8	2.742716E-5
9.125000E-8	8.566746E-5
9.130000E-8	1.010840E-4
9.135000E-8	9.080631E-5
9.140000E-8	5.997321E-5
9.145000E-8	-5.118892E-6
9.150000E-8	-8.905344E-5
9.155000E-8	-1.815527E-4
9.160000E-8	-2.706262E-4
9.165000E-8	-3.682643E-4
9.170000E-8	-4.504859E-4
9.175000E-8	-5.035874E-4
9.180000E-8	-5.361334E-4
9.185000E-8	-5.446982E-4
9.190000E-8	-5.207169E-4
9.195000E-8	-4.710413E-4
9.200000E-8	-4.042363E-4
9.205000E-8	-3.134499E-4
9.210000E-8	-2.055340E-4
9.215000E-8	-9.761820E-5
9.220000E-8	1.029766E-5
9.225000E-8	1.182135E-4
9.230000E-8	1.987222E-4
9.235000E-8	2.398330E-4
9.240000E-8	2.569625E-4
9.245000E-8	2.569625E-4
9.250000E-8	2.295553E-4
9.255000E-8	1.764538E-4
9.260000E-8	1.130747E-4
9.265000E-8	5.826026E-5
9.270000E-8	1.201061E-5
9.275000E-8	-2.567429E-5
9.280000E-8	-4.965559E-5
9.285000E-8	-5.136854E-5
9.290000E-8	-3.766494E-5
9.295000E-8	-6.831842E-6
9.300000E-8	4.284371E-5
9.305000E-8	9.594516E-5
9.310000E-8	1.370560E-4
9.315000E-8	1.610373E-4
9.320000E-8	1.747409E-4
9.325000E-8	1.678891E-4
9.330000E-8	1.302042E-4
9.335000E-8	7.367681E-5
9.340000E-8	-1.197069E-5
9.345000E-8	-1.130347E-4
9.350000E-8	-2.175247E-4
9.355000E-8	-3.048852E-4
9.360000E-8	-3.716902E-4
9.365000E-8	-4.025233E-4
9.370000E-8	-3.939586E-4
9.375000E-8	-3.665514E-4
9.380000E-8	-3.322924E-4
9.385000E-8	-2.723391E-4
9.390000E-8	-1.832657E-4
9.395000E-8	-8.562754E-5
9.400000E-8	1.732908E-6
9.405000E-8	8.395451E-5
9.410000E-8	1.644632E-4
9.415000E-8	2.261294E-4
9.420000E-8	2.535366E-4
9.425000E-8	2.586754E-4
9.430000E-8	2.518236E-4
9.435000E-8	2.158517E-4
9.440000E-8	1.541855E-4
9.445000E-8	1.045099E-4
9.450000E-8	7.538976E-5
9.455000E-8	5.312141E-5
9.460000E-8	3.085306E-5
9.465000E-8	-1.692992E-6
9.470000E-8	-5.650739E-5
9.475000E-8	-1.164606E-4
9.480000E-8	-1.764139E-4
9.485000E-8	-2.312283E-4
9.490000E-8	-2.654873E-4
9.495000E-8	-2.569225E-4
9.500000E-8	-2.192376E-4
9.505000E-8	-1.747009E-4
9.510000E-8	-1.096088E-4
9.515000E-8	-2.567429E-5
9.520000E-8	7.538976E-5
9.525000E-8	1.867315E-4
9.530000E-8	2.997862E-4
9.535000E-8	3.802949E-4
9.540000E-8	4.231186E-4
9.545000E-8	4.385352E-4
9.550000E-8	4.282575E-4
9.555000E-8	3.768690E-4
9.560000E-8	2.963603E-4
9.565000E-8	2.141387E-4
9.570000E-8	1.353430E-4
9.575000E-8	5.312141E-5
9.580000E-8	-2.910019E-5
9.585000E-8	-9.247934E-5
9.590000E-8	-1.387290E-4
9.595000E-8	-1.678491E-4
9.600000E-8	-1.729880E-4
9.605000E-8	-1.678491E-4
9.610000E-8	-1.678491E-4
9.615000E-8	-1.558585E-4
9.620000E-8	-1.233124E-4
9.625000E-8	-9.933115E-5
9.630000E-8	-9.933115E-5
9.635000E-8	-9.590524E-5
9.640000E-8	-8.905344E-5
9.645000E-8	-8.562754E-5
9.650000E-8	-9.247934E-5
9.655000E-8	-1.198865E-4
9.660000E-8	-1.695621E-4
9.665000E-8	-2.260894E-4
9.670000E-8	-2.689132E-4
9.675000E-8	-2.894686E-4
9.680000E-8	-2.774780E-4
9.685000E-8	-2.209506E-4
9.690000E-8	-1.267383E-4
9.695000E-8	-2.224839E-5
9.700000E-8	8.052861E-5
9.705000E-8	1.850186E-4
9.710000E-8	2.826567E-4
9.715000E-8	3.580265E-4
9.720000E-8	4.145539E-4
9.725000E-8	4.470999E-4
9.730000E-8	4.299704E-4
9.735000E-8	3.597395E-4
9.740000E-8	2.586754E-4
9.745000E-8	1.370560E-4
9.750000E-8	3.445858E-6
9.755000E-8	-1.027570E-4
9.760000E-8	-1.627103E-4
9.765000E-8	-2.072470E-4
9.770000E-8	-2.346542E-4
9.775000E-8	-2.055340E-4
9.780000E-8	-1.404419E-4
9.785000E-8	-8.905344E-5
9.790000E-8	-4.280379E-5
9.795000E-8	3.770486E-5
9.800000E-8	1.421948E-4
9.805000E-8	2.278423E-4
9.810000E-8	2.980733E-4
9.815000E-8	3.751560E-4
9.820000E-8	4.556647E-4
9.825000E-8	5.156179E-4
9.830000E-8	5.550158E-4
9.835000E-8	5.824230E-4
9.840000E-8	5.841359E-4
9.845000E-8	5.755712E-4
9.850000E-8	5.721453E-4
9.855000E-8	5.652935E-4
9.860000E-8	5.224697E-4
9.865000E-8	4.659424E-4
9.870000E-8	4.265445E-4
9.875000E-8	4.042762E-4
9.880000E-8	3.631654E-4
9.885000E-8	3.100639E-4
9.890000E-8	2.621013E-4
9.895000E-8	2.072869E-4
9.900000E-8	1.541855E-4
9.905000E-8	1.096488E-4
9.910000E-8	7.367681E-5
9.915000E-8	4.969551E-5
9.920000E-8	6.339911E-5
9.925000E-8	1.096488E-4
9.930000E-8	1.524725E-4
9.935000E-8	2.004351E-4
9.940000E-8	2.758049E-4
9.945000E-8	3.391841E-4
9.950000E-8	3.648783E-4
9.955000E-8	3.802949E-4
9.960000E-8	3.905726E-4
9.965000E-8	3.563136E-4
9.970000E-8	2.792308E-4
9.975000E-8	1.833056E-4
9.980000E-8	7.367681E-5
9.985000E-8	-5.136854E-5
9.990000E-8	-1.747009E-4
9.995000E-8	-2.860427E-4
1.000000E-7	-3.562737E-4
1.000500E-7	-3.716902E-4
1.001000E-7	-3.391442E-4
1.001500E-7	-2.689132E-4
1.002000E-7	-1.747009E-4
1.002500E-7	-7.363689E-5
1.003000E-7	2.742716E-5
1.003500E-7	1.473337E-4
1.004000E-7	2.758049E-4
1.004500E-7	3.768690E-4
1.005000E-7	4.333963E-4
1.005500E-7	4.436740E-4
1.006000E-7	4.025632E-4
1.006500E-7	3.408970E-4
1.007000E-7	2.792308E-4
1.007500E-7	2.107128E-4
1.008000E-7	1.490466E-4
1.008500E-7	1.147876E-4
1.009000E-7	9.937106E-5
1.009500E-7	9.423221E-5
1.010000E-7	1.096488E-4
1.010500E-7	1.250653E-4
1.011000E-7	1.336301E-4
1.011500E-7	1.370560E-4
1.012000E-7	1.336301E-4
1.012500E-7	1.147876E-4
1.013000E-7	8.909336E-5
1.013500E-7	5.312141E-5
1.014000E-7	-1.025774E-5
1.014500E-7	-9.247934E-5
1.015000E-7	-1.695621E-4
1.015500E-7	-2.449319E-4
1.016000E-7	-3.203017E-4
1.016500E-7	-3.802550E-4
1.017000E-7	-4.008104E-4
1.017500E-7	-3.888197E-4
1.018000E-7	-3.596996E-4
1.018500E-7	-3.117370E-4
1.019000E-7	-2.534966E-4
1.019500E-7	-2.003952E-4
1.020000E-7	-1.455808E-4
1.020500E-7	-1.027570E-4
1.021000E-7	-1.096088E-4
1.021500E-7	-1.609973E-4
1.022000E-7	-2.123858E-4
1.022500E-7	-2.689132E-4
1.023000E-7	-3.408571E-4
1.023500E-7	-3.871068E-4
1.024000E-7	-3.973845E-4
1.024500E-7	-4.008104E-4
1.025000E-7	-3.990974E-4
1.025500E-7	-3.682643E-4
1.026000E-7	-3.220147E-4
1.026500E-7	-2.740521E-4
1.027000E-7	-2.123858E-4
1.027500E-7	-1.781268E-4
1.028000E-7	-1.798398E-4
1.028500E-7	-1.969693E-4
1.029000E-7	-2.243765E-4
1.029500E-7	-2.586355E-4
1.030000E-7	-2.774780E-4
1.030500E-7	-2.723391E-4
1.031000E-7	-2.552096E-4
1.031500E-7	-2.243765E-4
1.032000E-7	-1.661362E-4
1.032500E-7	-7.877574E-5
1.033000E-7	2.914011E-5
1.033500E-7	1.473337E-4
1.034000E-7	2.586754E-4
1.034500E-7	3.614524E-4
1.035000E-7	4.436740E-4
1.035500E-7	4.830719E-4
1.036000E-7	4.796460E-4
1.036500E-7	4.522388E-4
1.037000E-7	4.042762E-4
1.037500E-7	3.443229E-4
1.038000E-7	2.672402E-4
1.038500E-7	1.798797E-4
1.039000E-7	1.062229E-4
1.039500E-7	5.997321E-5
1.040000E-7	3.770486E-5
1.040500E-7	2.914011E-5
1.041000E-7	3.256601E-5
1.041500E-7	4.113076E-5
1.042000E-7	6.339911E-5
1.042500E-7	9.594516E-5
1.043000E-7	1.182135E-4
1.043500E-7	1.507596E-4
1.044000E-7	2.107128E-4
1.044500E-7	2.655272E-4
1.045000E-7	2.860826E-4
1.045500E-7	3.066380E-4
1.046000E-7	3.374711E-4
1.046500E-7	3.408970E-4
1.047000E-7	3.323323E-4
1.047500E-7	3.306193E-4
1.048000E-7	2.997862E-4
1.048500E-7	2.346941E-4
1.049000E-7	1.815927E-4
1.049500E-7	1.456207E-4
1.050000E-7	9.937106E-5
1.050500E-7	4.284371E-5
1.051000E-7	5.158808E-6
1.051500E-7	-1.692992E-6
1.052000E-7	1.886241E-5
1.052500E-7	5.997321E-5
1.053000E-7	1.113617E-4
1.053500E-7	1.901574E-4
1.054000E-7	2.929344E-4
1.054500E-7	3.837208E-4
1.055000E-7	4.625165E-4
1.055500E-7	5.498769E-4
1.056000E-7	6.303856E-4
1.056500E-7	6.989036E-4
1.057000E-7	7.657086E-4
1.057500E-7	8.290878E-4
1.058000E-7	8.736245E-4
1.058500E-7	8.890410E-4
1.059000E-7	8.856151E-4
1.059500E-7	8.736245E-4
1.060000E-7	8.564950E-4
1.060500E-7	8.342266E-4
1.061000E-7	7.914029E-4
1.061500E-7	7.331626E-4
1.062000E-7	6.612187E-4
1.062500E-7	5.841359E-4
1.063000E-7	5.121920E-4
1.063500E-7	4.642294E-4
1.064000E-7	4.214057E-4
1.064500E-7	3.511747E-4
1.065000E-7	2.569625E-4
1.065500E-7	1.627502E-4
1.066000E-7	7.881566E-5
1.066500E-7	-5.118892E-6
1.067000E-7	-8.905344E-5
1.067500E-7	-1.781268E-4
1.068000E-7	-2.637744E-4
1.068500E-7	-3.442830E-4
1.069000E-7	-4.076622E-4
1.069500E-7	-4.453471E-4
1.070000E-7	-4.641895E-4
1.070500E-7	-4.641895E-4
1.071000E-7	-4.145140E-4
1.071500E-7	-3.048852E-4
1.072000E-7	-1.592844E-4
1.072500E-7	1.995795E-8
1.073000E-7	1.781668E-4
1.073500E-7	3.700172E-4
1.074000E-7	5.464510E-4
1.074500E-7	6.766352E-4
1.075000E-7	7.400144E-4
1.075500E-7	7.520050E-4
1.076000E-7	7.108942E-4
1.076500E-7	6.218208E-4
1.077000E-7	4.916366E-4
1.077500E-7	3.357582E-4
1.078000E-7	1.644632E-4
1.078500E-7	6.871758E-6
1.079000E-7	-1.164606E-4
1.079500E-7	-1.935434E-4
1.080000E-7	-2.243765E-4
1.080500E-7	-2.158117E-4
1.081000E-7	-1.764139E-4
1.081500E-7	-1.164606E-4
1.082000E-7	-5.136854E-5
1.082500E-7	-1.692992E-6
1.083000E-7	2.571421E-5
1.083500E-7	1.886241E-5
1.084000E-7	-3.252609E-5
1.084500E-7	-1.164606E-4
1.085000E-7	-2.003952E-4
1.085500E-7	-2.774780E-4
1.086000E-7	-3.408571E-4
1.086500E-7	-3.734032E-4
1.087000E-7	-3.665514E-4
1.087500E-7	-3.065981E-4
1.088000E-7	-1.986822E-4
1.088500E-7	-5.136854E-5
1.089000E-7	1.319171E-4
1.089500E-7	3.460359E-4
1.090000E-7	5.584417E-4
1.090500E-7	7.365885E-4
1.091000E-7	8.787633E-4
1.091500E-7	9.661238E-4
1.092000E-7	9.678367E-4
1.092500E-7	8.890410E-4
1.093000E-7	7.537180E-4
1.093500E-7	5.567287E-4
1.094000E-7	2.980733E-4
1.094500E-7	2.742716E-5
1.095000E-7	-2.192376E-4
1.095500E-7	-4.282176E-4
1.096000E-7	-5.806701E-4
1.096500E-7	-6.526140E-4
1.097000E-7	-6.440493E-4
1.097500E-7	-5.669665E-4
1.098000E-7	-4.333564E-4
1.098500E-7	-2.706262E-4
1.099000E-7	-9.419229E-5
1.099500E-7	7.367681E-5
1.100000E-7	2.192776E-4
1.100500E-7	3.323323E-4
1.101000E-7	3.974244E-4
1.101500E-7	3.957114E-4
1.102000E-7	3.546006E-4
1.102500E-7	3.134898E-4
1.103000E-7	2.843697E-4
1.103500E-7	2.501107E-4
1.104000E-7	2.244164E-4
1.104500E-7	2.295553E-4
1.105000E-7	2.672402E-4
1.105500E-7	3.100639E-4
1.106000E-7	3.357582E-4
1.106500E-7	3.408970E-4
1.107000E-7	3.408970E-4
1.107500E-7	3.357582E-4
1.108000E-7	3.186287E-4
1.108500E-7	2.860826E-4
1.109000E-7	2.312682E-4
1.109500E-7	1.370560E-4
1.110000E-7	2.400126E-5
1.110500E-7	-7.363689E-5
1.111000E-7	-1.575714E-4
1.111500E-7	-2.397930E-4
1.112000E-7	-3.083111E-4
1.112500E-7	-3.494219E-4
1.113000E-7	-3.716902E-4
1.113500E-7	-3.785420E-4
1.114000E-7	-3.751161E-4
1.114500E-7	-3.665514E-4
1.115000E-7	-3.631255E-4
1.115500E-7	-3.477089E-4
1.116000E-7	-3.254406E-4
1.116500E-7	-3.203017E-4
1.117000E-7	-3.442830E-4
1.117500E-7	-3.682643E-4
1.118000E-7	-3.853938E-4
1.118500E-7	-4.093751E-4
1.119000E-7	-4.299305E-4
1.119500E-7	-4.367823E-4
1.120000E-7	-4.521989E-4
1.120500E-7	-4.659025E-4
1.121000E-7	-4.487730E-4
1.121500E-7	-4.145140E-4
1.122000E-7	-3.871068E-4
1.122500E-7	-3.579866E-4
1.123000E-7	-3.185888E-4
1.123500E-7	-2.946075E-4
1.124000E-7	-2.894686E-4
1.124500E-7	-2.740521E-4
1.125000E-7	-2.380801E-4
1.125500E-7	-2.175247E-4
1.126000E-7	-1.969693E-4
1.126500E-7	-1.592844E-4
1.127000E-7	-1.250254E-4
1.127500E-7	-8.562754E-5
1.128000E-7	-2.738724E-5
1.128500E-7	1.201061E-5
1.129000E-7	1.995795E-8
1.129500E-7	-1.197069E-5
1.130000E-7	-1.197069E-5
1.130500E-7	-4.451674E-5
1.131000E-7	-1.096088E-4
1.131500E-7	-1.507196E-4
1.132000E-7	-1.747009E-4
1.132500E-7	-2.072470E-4
1.133000E-7	-2.415060E-4
1.133500E-7	-2.654873E-4
1.134000E-7	-2.826168E-4
1.134500E-7	-2.826168E-4
1.135000E-7	-2.466448E-4
1.135500E-7	-1.918304E-4
1.136000E-7	-1.215995E-4
1.136500E-7	-4.109084E-5
1.137000E-7	3.427896E-5
1.137500E-7	9.765811E-5
1.138000E-7	1.627502E-4
1.138500E-7	2.295553E-4
1.139000E-7	2.655272E-4
1.139500E-7	2.723790E-4
1.140000E-7	2.586754E-4
1.140500E-7	2.295553E-4
1.141000E-7	1.713150E-4
1.141500E-7	8.566746E-5
1.142000E-7	-6.831842E-6
1.142500E-7	-1.010441E-4
1.143000E-7	-2.055340E-4
1.143500E-7	-3.031722E-4
1.144000E-7	-3.768291E-4
1.144500E-7	-4.213658E-4
1.145000E-7	-4.384953E-4
1.145500E-7	-4.384953E-4
1.146000E-7	-4.230787E-4
1.146500E-7	-3.802550E-4
1.147000E-7	-3.185888E-4
1.147500E-7	-2.723391E-4
1.148000E-7	-2.517837E-4
1.148500E-7	-2.432189E-4
1.149000E-7	-2.500707E-4
1.149500E-7	-2.894686E-4
1.150000E-7	-3.528478E-4
1.150500E-7	-4.402082E-4
1.151000E-7	-5.703924E-4
1.151500E-7	-7.211320E-4
1.152000E-7	-8.530292E-4
1.152500E-7	-9.575191E-4
1.153000E-7	-1.031176E-3
1.153500E-7	-1.043167E-3
1.154000E-7	-9.849263E-4
1.154500E-7	-8.804364E-4
1.155000E-7	-7.382615E-4
1.155500E-7	-5.344205E-4
1.156000E-7	-2.826168E-4
1.156500E-7	-4.451674E-5
1.157000E-7	1.507596E-4
1.157500E-7	3.083510E-4
1.158000E-7	4.077021E-4
1.158500E-7	4.248316E-4
1.159000E-7	3.734431E-4
1.159500E-7	2.946474E-4
1.160000E-7	1.987222E-4
1.160500E-7	8.909336E-5
1.161000E-7	-2.396134E-5
1.161500E-7	-1.096088E-4
1.162000E-7	-1.609973E-4
1.162500E-7	-1.901175E-4
1.163000E-7	-2.021081E-4
1.163500E-7	-1.884045E-4
1.164000E-7	-1.678491E-4
1.164500E-7	-1.695621E-4
1.165000E-7	-2.055340E-4
1.165500E-7	-2.552096E-4
1.166000E-7	-3.220147E-4
1.166500E-7	-4.025233E-4
1.167000E-7	-4.710413E-4
1.167500E-7	-5.104392E-4
1.168000E-7	-5.018744E-4
1.168500E-7	-4.436341E-4
1.169000E-7	-3.442830E-4
1.169500E-7	-2.055340E-4
1.170000E-7	-3.766494E-5
1.170500E-7	1.113617E-4
1.171000E-7	2.004351E-4
1.171500E-7	2.552495E-4
1.172000E-7	2.912215E-4
1.172500E-7	2.740920E-4
1.173000E-7	2.021481E-4
1.173500E-7	1.027970E-4
1.174000E-7	3.445858E-6
1.174500E-7	-9.076639E-5
1.175000E-7	-1.678491E-4
1.175500E-7	-2.415060E-4
1.176000E-7	-3.185888E-4
1.176500E-7	-3.716902E-4
1.177000E-7	-3.836809E-4
1.177500E-7	-3.768291E-4
1.178000E-7	-3.545607E-4
1.178500E-7	-2.997463E-4
1.179000E-7	-2.295153E-4
1.179500E-7	-1.609973E-4
1.180000E-7	-9.590524E-5
1.180500E-7	-3.423904E-5
1.181000E-7	1.372356E-5
1.181500E-7	4.969551E-5
1.182000E-7	7.881566E-5
1.182500E-7	9.080631E-5
1.183000E-7	9.080631E-5
1.183500E-7	7.881566E-5
1.184000E-7	3.941781E-5
1.184500E-7	-2.738724E-5
1.185000E-7	-8.905344E-5
1.185500E-7	-1.215995E-4
1.186000E-7	-1.387290E-4
1.186500E-7	-1.575714E-4
1.187000E-7	-1.695621E-4
1.187500E-7	-1.849786E-4
1.188000E-7	-2.209506E-4
1.188500E-7	-2.637744E-4
1.189000E-7	-3.048852E-4
1.189500E-7	-3.459960E-4
1.190000E-7	-3.922456E-4
1.190500E-7	-4.230787E-4
1.191000E-7	-4.265046E-4
1.191500E-7	-4.110881E-4
1.192000E-7	-3.819679E-4
1.192500E-7	-3.237276E-4
1.193000E-7	-2.432189E-4
1.193500E-7	-1.627103E-4
1.194000E-7	-9.247934E-5
1.194500E-7	-3.595199E-5
1.195000E-7	3.445858E-6
1.195500E-7	2.914011E-5
1.196000E-7	3.941781E-5
1.196500E-7	1.372356E-5
1.197000E-7	-4.622969E-5
1.197500E-7	-9.933115E-5
1.198000E-7	-1.335901E-4
1.198500E-7	-1.764139E-4
1.199000E-7	-2.312283E-4
1.199500E-7	-2.637744E-4
1.200000E-7	-2.689132E-4
1.200500E-7	-2.689132E-4
1.201000E-7	-2.552096E-4
1.201500E-7	-2.226635E-4
1.202000E-7	-1.695621E-4
1.202500E-7	-9.247934E-5
1.203000E-7	-1.197069E-5
1.203500E-7	4.626961E-5
1.204000E-7	1.010840E-4
1.204500E-7	1.713150E-4
1.205000E-7	2.141387E-4
1.205500E-7	2.175646E-4
1.206000E-7	2.072869E-4
1.206500E-7	1.833056E-4
1.207000E-7	1.336301E-4
1.207500E-7	8.909336E-5
1.208000E-7	8.052861E-5
1.208500E-7	7.538976E-5
1.209000E-7	6.853796E-5
1.209500E-7	8.052861E-5
1.210000E-7	1.113617E-4
1.210500E-7	1.216394E-4
1.211000E-7	1.336301E-4
1.211500E-7	1.558984E-4
1.212000E-7	1.713150E-4
1.212500E-7	1.713150E-4
1.213000E-7	1.439078E-4
1.213500E-7	8.224156E-5
1.214000E-7	-1.692992E-6
1.214500E-7	-8.734049E-5
1.215000E-7	-1.781268E-4
1.215500E-7	-2.723391E-4
1.216000E-7	-3.391442E-4
1.216500E-7	-3.802550E-4
1.217000E-7	-3.973845E-4
1.217500E-7	-3.716902E-4
1.218000E-7	-3.100240E-4
1.218500E-7	-2.552096E-4
1.219000E-7	-1.935434E-4
1.219500E-7	-9.761820E-5
1.220000E-7	1.732908E-6
1.220500E-7	7.367681E-5
1.221000E-7	1.319171E-4
1.221500E-7	1.833056E-4
1.222000E-7	1.901574E-4
1.222500E-7	1.558984E-4
1.223000E-7	1.113617E-4
1.223500E-7	7.025091E-5
1.224000E-7	1.995795E-8
1.224500E-7	-9.590524E-5
1.225000E-7	-1.781268E-4
1.225500E-7	-2.295153E-4
1.226000E-7	-2.757650E-4
1.226500E-7	-3.271535E-4
1.227000E-7	-3.836809E-4
1.227500E-7	-4.299305E-4
1.228000E-7	-4.676154E-4
1.228500E-7	-4.933097E-4
1.229000E-7	-5.070133E-4
1.229500E-7	-5.104392E-4
1.230000E-7	-5.087262E-4
1.230500E-7	-5.018744E-4
1.231000E-7	-4.710413E-4
1.231500E-7	-4.093751E-4
1.232000E-7	-3.494219E-4
1.232500E-7	-2.843298E-4
1.233000E-7	-1.986822E-4
1.233500E-7	-1.061829E-4
1.234000E-7	-3.081314E-5
1.234500E-7	3.256601E-5
1.235000E-7	7.025091E-5
1.235500E-7	7.710271E-5
1.236000E-7	6.511206E-5
1.236500E-7	4.798256E-5
1.237000E-7	1.886241E-5
1.237500E-7	-3.405942E-6
1.238000E-7	-1.197069E-5
1.238500E-7	-2.738724E-5
1.239000E-7	-4.280379E-5
1.239500E-7	-3.766494E-5
1.240000E-7	-2.910019E-5
1.240500E-7	-3.766494E-5
1.241000E-7	-5.136854E-5
1.241500E-7	-5.822034E-5
1.242000E-7	-8.220164E-5
1.242500E-7	-1.301642E-4
1.243000E-7	-1.644232E-4
1.243500E-7	-1.695621E-4
1.244000E-7	-1.678491E-4
1.244500E-7	-1.781268E-4
1.245000E-7	-1.832657E-4
1.245500E-7	-1.644232E-4
1.246000E-7	-1.267383E-4
1.246500E-7	-9.247934E-5
1.247000E-7	-6.678509E-5
1.247500E-7	-5.136854E-5
1.248000E-7	-5.136854E-5
1.248500E-7	-6.678509E-5
1.249000E-7	-8.391459E-5
1.249500E-7	-1.113218E-4
1.250000E-7	-1.712750E-4
1.250500E-7	-2.637744E-4
1.251000E-7	-3.528478E-4
1.251500E-7	-4.196528E-4
1.252000E-7	-4.830320E-4
1.252500E-7	-5.327075E-4
1.253000E-7	-5.378464E-4
1.253500E-7	-5.018744E-4
1.254000E-7	-4.470600E-4
1.254500E-7	-3.768291E-4
1.255000E-7	-2.809039E-4
1.255500E-7	-1.849786E-4
1.256000E-7	-8.905344E-5
1.256500E-7	-5.118892E-6
1.257000E-7	4.798256E-5
1.257500E-7	6.853796E-5
1.258000E-7	8.738041E-5
1.258500E-7	9.594516E-5
1.259000E-7	8.566746E-5
1.259500E-7	8.566746E-5
1.260000E-7	1.096488E-4
1.260500E-7	1.353430E-4
1.261000E-7	1.867315E-4
1.261500E-7	2.723790E-4
1.262000E-7	3.580265E-4
1.262500E-7	4.162668E-4
1.263000E-7	4.539517E-4
1.263500E-7	4.642294E-4
1.264000E-7	4.351093E-4
1.264500E-7	3.734431E-4
1.265000E-7	2.895085E-4
1.265500E-7	1.970092E-4
1.266000E-7	1.113617E-4
1.266500E-7	3.085306E-5
1.267000E-7	-3.252609E-5
1.267500E-7	-5.650739E-5
1.268000E-7	-4.622969E-5
1.268500E-7	-1.197069E-5
1.269000E-7	5.997321E-5
1.269500E-7	1.713150E-4
1.270000E-7	2.860826E-4
1.270500E-7	3.888596E-4
1.271000E-7	4.882107E-4
1.271500E-7	5.738582E-4
1.272000E-7	6.166820E-4
1.272500E-7	6.269597E-4
1.273000E-7	6.012654E-4
1.273500E-7	5.498769E-4
1.274000E-7	4.864978E-4
1.274500E-7	4.179798E-4
1.275000E-7	3.169157E-4
1.275500E-7	2.004351E-4
1.276000E-7	1.096488E-4
1.276500E-7	4.455666E-5
1.277000E-7	-2.053544E-5
1.277500E-7	-5.650739E-5
1.278000E-7	-3.252609E-5
1.278500E-7	2.400126E-5
1.279000E-7	9.765811E-5
1.279500E-7	1.987222E-4
1.280000E-7	3.169157E-4
1.280500E-7	4.094150E-4
1.281000E-7	4.590906E-4
1.281500E-7	4.762201E-4
1.282000E-7	4.453870E-4
1.282500E-7	3.511747E-4
1.283000E-7	2.158517E-4
1.283500E-7	5.140846E-5
1.284000E-7	-1.438678E-4
1.284500E-7	-3.408571E-4
1.285000E-7	-5.070133E-4
1.285500E-7	-6.337716E-4
1.286000E-7	-7.040025E-4
1.286500E-7	-6.937248E-4
1.287000E-7	-6.080773E-4
1.287500E-7	-4.676154E-4
1.288000E-7	-2.997463E-4
1.288500E-7	-1.198865E-4
1.289000E-7	6.168616E-5
1.289500E-7	2.261294E-4
1.290000E-7	3.546006E-4
1.290500E-7	4.419611E-4
1.291000E-7	5.019143E-4
1.291500E-7	5.156179E-4
1.292000E-7	4.642294E-4
1.292500E-7	3.614524E-4
1.293000E-7	2.244164E-4
1.293500E-7	4.626961E-5
1.294000E-7	-1.421549E-4
1.294500E-7	-3.203017E-4
1.295000E-7	-4.864579E-4
1.295500E-7	-6.269198E-4
1.296000E-7	-7.057155E-4
1.296500E-7	-7.245579E-4
1.297000E-7	-7.074284E-4
1.297500E-7	-6.423363E-4
1.298000E-7	-5.207169E-4
1.298500E-7	-3.734032E-4
1.299000E-7	-2.295153E-4
1.299500E-7	-1.044700E-4
1.300000E-7	-1.197069E-5
1.300500E-7	3.941781E-5
1.301000E-7	6.168616E-5
1.301500E-7	5.312141E-5
1.302000E-7	8.584708E-6
1.302500E-7	-3.937789E-5
1.303000E-7	-6.678509E-5
1.303500E-7	-9.076639E-5
1.304000E-7	-1.370160E-4
1.304500E-7	-1.884045E-4
1.305000E-7	-2.192376E-4
1.305500E-7	-2.243765E-4
1.306000E-7	-2.055340E-4
1.306500E-7	-1.712750E-4
1.307000E-7	-1.301642E-4
1.307500E-7	-9.247934E-5
1.308000E-7	-3.937789E-5
1.308500E-7	2.742716E-5
1.309000E-7	6.511206E-5
1.309500E-7	6.853796E-5
1.310000E-7	6.511206E-5
1.310500E-7	5.826026E-5
1.311000E-7	4.113076E-5
1.311500E-7	1.543651E-5
1.312000E-7	-2.567429E-5
1.312500E-7	-8.391459E-5
1.313000E-7	-1.472937E-4
1.313500E-7	-1.969693E-4
1.314000E-7	-2.363671E-4
1.314500E-7	-2.740521E-4
1.315000E-7	-3.117370E-4
1.315500E-7	-3.477089E-4
1.316000E-7	-3.631255E-4
1.316500E-7	-3.579866E-4
1.317000E-7	-3.425701E-4
1.317500E-7	-3.185888E-4
1.318000E-7	-2.672003E-4
1.318500E-7	-2.089599E-4
1.319000E-7	-1.627103E-4
1.319500E-7	-1.284513E-4
1.320000E-7	-1.130347E-4
1.320500E-7	-1.387290E-4
1.321000E-7	-2.106729E-4
1.321500E-7	-3.031722E-4
1.322000E-7	-4.145140E-4
1.322500E-7	-5.361334E-4
1.323000E-7	-6.389104E-4
1.323500E-7	-6.937248E-4
1.324000E-7	-6.834471E-4
1.324500E-7	-6.097903E-4
1.325000E-7	-4.761802E-4
1.325500E-7	-2.928945E-4
1.326000E-7	-6.849804E-5
1.326500E-7	1.593243E-4
1.327000E-7	3.391841E-4
1.327500E-7	4.779330E-4
1.328000E-7	5.738582E-4
1.328500E-7	6.029784E-4
1.329000E-7	5.533028E-4
1.329500E-7	4.522388E-4
1.330000E-7	3.100639E-4
1.330500E-7	1.404819E-4
1.331000E-7	-2.396134E-5
1.331500E-7	-1.627103E-4
1.332000E-7	-2.774780E-4
1.332500E-7	-3.579866E-4
1.333000E-7	-3.836809E-4
1.333500E-7	-3.511348E-4
1.334000E-7	-2.826168E-4
1.334500E-7	-2.038211E-4
1.335000E-7	-1.284513E-4
1.335500E-7	-5.136854E-5
1.336000E-7	1.543651E-5
1.336500E-7	5.483436E-5
1.337000E-7	7.025091E-5
1.337500E-7	6.853796E-5
1.338000E-7	5.140846E-5
1.338500E-7	2.400126E-5
1.339000E-7	1.029766E-5
1.339500E-7	2.057536E-5
1.340000E-7	5.997321E-5
1.340500E-7	1.130747E-4
1.341000E-7	1.678891E-4
1.341500E-7	2.278423E-4
1.342000E-7	2.963603E-4
1.342500E-7	3.665913E-4
1.343000E-7	4.265445E-4
1.343500E-7	4.659424E-4
1.344000E-7	4.745071E-4
1.344500E-7	4.333963E-4
1.345000E-7	3.528877E-4
1.345500E-7	2.466848E-4
1.346000E-7	1.233524E-4
1.346500E-7	-3.405942E-6
1.347000E-7	-1.027570E-4
1.347500E-7	-1.815527E-4
1.348000E-7	-2.517837E-4
1.348500E-7	-2.877557E-4
1.349000E-7	-2.637744E-4
1.349500E-7	-2.140988E-4
1.350000E-7	-1.798398E-4
1.350500E-7	-1.524326E-4
1.351000E-7	-1.113218E-4
1.351500E-7	-7.877574E-5
1.352000E-7	-5.822034E-5
1.352500E-7	-3.595199E-5
1.353000E-7	-2.224839E-5
1.353500E-7	-3.252609E-5
1.354000E-7	-6.507214E-5
1.354500E-7	-1.130347E-4
1.355000E-7	-1.661362E-4
1.355500E-7	-1.969693E-4
1.356000E-7	-2.055340E-4
1.356500E-7	-2.278024E-4
1.357000E-7	-2.603484E-4
1.357500E-7	-2.809039E-4
1.358000E-7	-3.014593E-4
1.358500E-7	-3.391442E-4
1.359000E-7	-3.665514E-4
1.359500E-7	-3.631255E-4
1.360000E-7	-3.459960E-4
1.360500E-7	-3.254406E-4
1.361000E-7	-2.911816E-4
1.361500E-7	-2.397930E-4
1.362000E-7	-1.798398E-4
1.362500E-7	-1.250254E-4
1.363000E-7	-8.220164E-5
1.363500E-7	-3.937789E-5
1.364000E-7	1.995795E-8
1.364500E-7	1.543651E-5
1.365000E-7	1.714946E-5
1.365500E-7	3.085306E-5
1.366000E-7	4.969551E-5
1.366500E-7	5.312141E-5
1.367000E-7	6.682501E-5
1.367500E-7	1.113617E-4
1.368000E-7	1.524725E-4
1.368500E-7	1.713150E-4
1.369000E-7	1.935833E-4
1.369500E-7	2.261294E-4
1.370000E-7	2.398330E-4
1.370500E-7	2.192776E-4
1.371000E-7	1.713150E-4
1.371500E-7	9.080631E-5
1.372000E-7	-1.539659E-5
1.372500E-7	-1.387290E-4
1.373000E-7	-2.757650E-4
1.373500E-7	-4.110881E-4
1.374000E-7	-5.207169E-4
1.374500E-7	-6.029385E-4
1.375000E-7	-6.406234E-4
1.375500E-7	-6.217809E-4
1.376000E-7	-5.669665E-4
1.376500E-7	-5.001615E-4
1.377000E-7	-4.093751E-4
1.377500E-7	-3.151629E-4
1.378000E-7	-2.517837E-4
1.378500E-7	-2.123858E-4
1.379000E-7	-1.798398E-4
1.379500E-7	-1.729880E-4
1.380000E-7	-2.055340E-4
1.380500E-7	-2.569225E-4
1.381000E-7	-3.031722E-4
1.381500E-7	-3.442830E-4
1.382000E-7	-3.631255E-4
1.382500E-7	-3.665514E-4
1.383000E-7	-3.631255E-4
1.383500E-7	-3.322924E-4
1.384000E-7	-2.706262E-4
1.384500E-7	-1.884045E-4
1.385000E-7	-9.761820E-5
1.385500E-7	-2.910019E-5
1.386000E-7	1.732908E-6
1.386500E-7	2.057536E-5
1.387000E-7	3.941781E-5
1.387500E-7	1.714946E-5
1.388000E-7	-6.164624E-5
1.388500E-7	-1.490067E-4
1.389000E-7	-2.278024E-4
1.389500E-7	-3.203017E-4
1.390000E-7	-4.128010E-4
1.390500E-7	-4.744672E-4
1.391000E-7	-5.053003E-4
1.391500E-7	-5.275687E-4
1.392000E-7	-5.138651E-4
1.392500E-7	-4.436341E-4
1.393000E-7	-3.254406E-4
1.393500E-7	-1.644232E-4
1.394000E-7	1.714946E-5
1.394500E-7	1.798797E-4
1.395000E-7	2.963603E-4
1.395500E-7	3.546006E-4
1.396000E-7	3.700172E-4
1.396500E-7	3.597395E-4
1.397000E-7	3.271934E-4
1.397500E-7	2.603884E-4
1.398000E-7	1.696020E-4
1.398500E-7	8.566746E-5
1.399000E-7	2.228831E-5
1.399500E-7	-3.595199E-5
1.400000E-7	-7.706279E-5
1.400500E-7	-9.247934E-5
1.401000E-7	-1.027570E-4
1.401500E-7	-1.147477E-4
1.402000E-7	-1.061829E-4
1.402500E-7	-8.734049E-5
1.403000E-7	-7.534984E-5
1.403500E-7	-3.937789E-5
1.404000E-7	2.742716E-5
1.404500E-7	7.710271E-5
1.405000E-7	9.423221E-5
1.405500E-7	1.233524E-4
1.406000E-7	1.661761E-4
1.406500E-7	1.901574E-4
1.407000E-7	2.089999E-4
1.407500E-7	2.432589E-4
1.408000E-7	2.706661E-4
1.408500E-7	2.758049E-4
1.409000E-7	2.826567E-4
1.409500E-7	2.963603E-4
1.410000E-7	2.963603E-4
1.410500E-7	2.826567E-4
1.411000E-7	2.877956E-4
1.411500E-7	3.066380E-4
1.412000E-7	3.203416E-4
1.412500E-7	3.134898E-4
1.413000E-7	2.929344E-4
1.413500E-7	2.569625E-4
1.414000E-7	2.158517E-4
1.414500E-7	1.781668E-4
1.415000E-7	1.319171E-4
1.415500E-7	8.224156E-5
1.416000E-7	3.941781E-5
1.416500E-7	1.886241E-5
1.417000E-7	1.543651E-5
1.417500E-7	1.201061E-5
1.418000E-7	1.886241E-5
1.418500E-7	4.284371E-5
1.419000E-7	6.511206E-5
1.419500E-7	6.168616E-5
1.420000E-7	2.914011E-5
1.420500E-7	-2.910019E-5
1.421000E-7	-1.181736E-4
1.421500E-7	-2.449319E-4
1.422000E-7	-3.751161E-4
1.422500E-7	-4.744672E-4
1.423000E-7	-5.412723E-4
1.423500E-7	-5.840960E-4
1.424000E-7	-5.875219E-4
1.424500E-7	-5.515500E-4
1.425000E-7	-4.659025E-4
1.425500E-7	-3.271535E-4
1.426000E-7	-1.609973E-4
1.426500E-7	1.995795E-8
1.427000E-7	1.456207E-4
1.427500E-7	2.706661E-4
1.428000E-7	3.511747E-4
1.428500E-7	3.717301E-4
1.429000E-7	3.494618E-4
1.429500E-7	2.860826E-4
1.430000E-7	1.696020E-4
1.430500E-7	2.057536E-5
1.431000E-7	-1.370160E-4
1.431500E-7	-2.911816E-4
1.432000E-7	-4.213658E-4
1.432500E-7	-5.070133E-4
1.433000E-7	-5.412723E-4
1.433500E-7	-5.258557E-4
1.434000E-7	-4.641895E-4
1.434500E-7	-3.716902E-4
1.435000E-7	-2.654873E-4
1.435500E-7	-1.507196E-4
1.436000E-7	-3.595199E-5
1.436500E-7	6.339911E-5
1.437000E-7	1.439078E-4
1.437500E-7	1.987222E-4
1.438000E-7	2.261294E-4
1.438500E-7	2.175646E-4
1.439000E-7	1.798797E-4
1.439500E-7	1.079358E-4
1.440000E-7	2.400126E-5
1.440500E-7	-4.451674E-5
1.441000E-7	-9.419229E-5
1.441500E-7	-1.455808E-4
1.442000E-7	-1.832657E-4
1.442500E-7	-1.815527E-4
1.443000E-7	-1.421549E-4
1.443500E-7	-6.164624E-5
1.444000E-7	4.969551E-5
1.444500E-7	1.747409E-4
1.445000E-7	2.860826E-4
1.445500E-7	3.939985E-4
1.446000E-7	5.002014E-4
1.446500E-7	5.550158E-4
1.447000E-7	5.464510E-4
1.447500E-7	5.104791E-4
1.448000E-7	4.659424E-4
1.448500E-7	3.871467E-4
1.449000E-7	2.843697E-4
1.449500E-7	1.952963E-4
1.450000E-7	1.336301E-4
1.450500E-7	9.080631E-5
1.451000E-7	7.710271E-5
1.451500E-7	9.423221E-5
1.452000E-7	1.353430E-4
1.452500E-7	1.918704E-4
1.453000E-7	2.329812E-4
1.453500E-7	2.449718E-4
1.454000E-7	2.483977E-4
1.454500E-7	2.415459E-4
1.455000E-7	2.038610E-4
1.455500E-7	1.456207E-4
1.456000E-7	1.062229E-4
1.456500E-7	8.395451E-5
1.457000E-7	4.969551E-5
1.457500E-7	2.057536E-5
1.458000E-7	8.584708E-6
1.458500E-7	8.584708E-6
1.459000E-7	2.914011E-5
1.459500E-7	6.682501E-5
1.460000E-7	1.096488E-4
1.460500E-7	1.439078E-4
1.461000E-7	1.850186E-4
1.461500E-7	2.227035E-4
1.462000E-7	2.432589E-4
1.462500E-7	2.706661E-4
1.463000E-7	3.117769E-4
1.463500E-7	3.460359E-4
1.464000E-7	3.820078E-4
1.464500E-7	4.196927E-4
1.465000E-7	4.282575E-4
1.465500E-7	3.854337E-4
1.466000E-7	3.374711E-4
1.466500E-7	2.929344E-4
1.467000E-7	2.312682E-4
1.467500E-7	1.576114E-4
1.468000E-7	9.594516E-5
1.468500E-7	4.113076E-5
1.469000E-7	-8.544792E-6
1.469500E-7	-4.451674E-5
1.470000E-7	-6.849804E-5
1.470500E-7	-8.905344E-5
1.471000E-7	-9.419229E-5
1.471500E-7	-8.048869E-5
1.472000E-7	-7.877574E-5
1.472500E-7	-1.181736E-4
1.473000E-7	-1.781268E-4
1.473500E-7	-2.278024E-4
1.474000E-7	-2.740521E-4
1.474500E-7	-3.237276E-4
1.475000E-7	-3.528478E-4
1.475500E-7	-3.459960E-4
1.476000E-7	-3.083111E-4
1.476500E-7	-2.483578E-4
1.477000E-7	-1.747009E-4
1.477500E-7	-1.096088E-4
1.478000E-7	-5.822034E-5
1.478500E-7	-1.025774E-5
1.479000E-7	1.714946E-5
1.479500E-7	1.732908E-6
1.480000E-7	-3.937789E-5
1.480500E-7	-9.590524E-5
1.481000E-7	-1.644232E-4
1.481500E-7	-2.380801E-4
1.482000E-7	-2.860427E-4
1.482500E-7	-2.997463E-4
1.483000E-7	-2.826168E-4
1.483500E-7	-2.380801E-4
1.484000E-7	-1.627103E-4
1.484500E-7	-5.479444E-5
1.485000E-7	7.367681E-5
1.485500E-7	2.124258E-4
1.486000E-7	3.306193E-4
1.486500E-7	4.059891E-4
1.487000E-7	4.385352E-4
1.487500E-7	4.436740E-4
1.488000E-7	4.179798E-4
1.488500E-7	3.631654E-4
1.489000E-7	2.912215E-4
1.489500E-7	2.261294E-4
1.490000E-7	1.833056E-4
1.490500E-7	1.764538E-4
1.491000E-7	2.124258E-4
1.491500E-7	2.672402E-4
1.492000E-7	3.323323E-4
1.492500E-7	4.111280E-4
1.493000E-7	4.864978E-4
1.493500E-7	5.327474E-4
1.494000E-7	5.498769E-4
1.494500E-7	5.344604E-4
1.495000E-7	4.710812E-4
1.495500E-7	3.683042E-4
1.496000E-7	2.278423E-4
1.496500E-7	4.969551E-5
1.497000E-7	-1.370160E-4
1.497500E-7	-2.757650E-4
1.498000E-7	-3.648384E-4
1.498500E-7	-4.179399E-4
1.499000E-7	-4.316435E-4
1.499500E-7	-4.025233E-4
1.500000E-7	-3.511348E-4
1.500500E-7	-2.826168E-4
1.501000E-7	-2.021081E-4
1.501500E-7	-1.096088E-4
1.502000E-7	-6.831842E-6
1.502500E-7	8.738041E-5
1.503000E-7	1.456207E-4
1.503500E-7	1.576114E-4
1.504000E-7	1.456207E-4
1.504500E-7	1.113617E-4
1.505000E-7	5.483436E-5
1.505500E-7	-3.405942E-6
1.506000E-7	-6.164624E-5
1.506500E-7	-1.438678E-4
1.507000E-7	-2.295153E-4
1.507500E-7	-2.706262E-4
1.508000E-7	-2.877557E-4
1.508500E-7	-3.134499E-4
1.509000E-7	-3.151629E-4
1.509500E-7	-2.706262E-4
1.510000E-7	-2.226635E-4
1.510500E-7	-1.781268E-4
1.511000E-7	-1.181736E-4
1.511500E-7	-4.794264E-5
1.512000E-7	8.584708E-6
1.512500E-7	4.455666E-5
1.513000E-7	5.997321E-5
1.513500E-7	5.826026E-5
1.514000E-7	5.312141E-5
1.514500E-7	2.914011E-5
1.515000E-7	-1.882249E-5
1.515500E-7	-7.021099E-5
1.516000E-7	-1.164606E-4
1.516500E-7	-1.781268E-4
1.517000E-7	-2.346542E-4
1.517500E-7	-2.689132E-4
1.518000E-7	-2.826168E-4
1.518500E-7	-2.689132E-4
1.519000E-7	-2.192376E-4
1.519500E-7	-1.524326E-4
1.520000E-7	-7.706279E-5
1.520500E-7	1.543651E-5
1.521000E-7	9.937106E-5
1.521500E-7	1.576114E-4
1.522000E-7	2.055740E-4
1.522500E-7	2.398330E-4
1.523000E-7	2.398330E-4
1.523500E-7	2.124258E-4
1.524000E-7	1.610373E-4
1.524500E-7	6.682501E-5
1.525000E-7	-4.965559E-5
1.525500E-7	-1.301642E-4
1.526000E-7	-1.661362E-4
1.526500E-7	-1.866916E-4
1.527000E-7	-1.866916E-4
1.527500E-7	-1.729880E-4
1.528000E-7	-1.387290E-4
1.528500E-7	-7.363689E-5
1.529000E-7	2.571421E-5
1.529500E-7	1.267783E-4
1.530000E-7	2.038610E-4
1.530500E-7	2.569625E-4
1.531000E-7	2.775179E-4
1.531500E-7	2.569625E-4
1.532000E-7	2.227035E-4
1.532500E-7	1.918704E-4
1.533000E-7	1.473337E-4
1.533500E-7	7.538976E-5
1.534000E-7	1.995795E-8
1.534500E-7	-8.562754E-5
1.535000E-7	-1.935434E-4
1.535500E-7	-3.100240E-4
1.536000E-7	-4.230787E-4
1.536500E-7	-5.241428E-4
1.537000E-7	-5.858090E-4
1.537500E-7	-6.115032E-4
1.538000E-7	-6.217809E-4
1.538500E-7	-6.029385E-4
1.539000E-7	-5.309946E-4
1.539500E-7	-4.350694E-4
1.540000E-7	-3.237276E-4
1.540500E-7	-1.918304E-4
1.541000E-7	-4.451674E-5
1.541500E-7	7.710271E-5
1.542000E-7	1.764538E-4
1.542500E-7	2.449718E-4
1.543000E-7	2.621013E-4
1.543500E-7	2.432589E-4
1.544000E-7	1.970092E-4
1.544500E-7	1.165006E-4
1.545000E-7	2.400126E-5
1.545500E-7	-5.650739E-5
1.546000E-7	-1.387290E-4
1.546500E-7	-2.192376E-4
1.547000E-7	-2.637744E-4
1.547500E-7	-2.877557E-4
1.548000E-7	-3.322924E-4
1.548500E-7	-3.871068E-4
1.549000E-7	-4.367823E-4
1.549500E-7	-4.933097E-4
1.550000E-7	-5.584018E-4
1.550500E-7	-5.960867E-4
1.551000E-7	-6.166421E-4
1.551500E-7	-6.423363E-4
1.552000E-7	-6.474752E-4
1.552500E-7	-6.234939E-4
1.553000E-7	-5.909478E-4
1.553500E-7	-5.327075E-4
1.554000E-7	-4.196528E-4
1.554500E-7	-2.809039E-4
1.555000E-7	-1.627103E-4
1.555500E-7	-5.650739E-5
1.556000E-7	4.113076E-5
1.556500E-7	1.045099E-4
1.557000E-7	1.353430E-4
1.557500E-7	1.644632E-4
1.558000E-7	1.781668E-4
1.558500E-7	1.696020E-4
1.559000E-7	1.798797E-4
1.559500E-7	2.244164E-4
1.560000E-7	2.740920E-4
1.560500E-7	3.306193E-4
1.561000E-7	3.922855E-4
1.561500E-7	4.573776E-4
1.562000E-7	5.104791E-4
1.562500E-7	5.293215E-4
1.563000E-7	4.967755E-4
1.563500E-7	4.248316E-4
1.564000E-7	3.203416E-4
1.564500E-7	1.935833E-4
1.565000E-7	5.997321E-5
1.565500E-7	-5.136854E-5
1.566000E-7	-1.387290E-4
1.566500E-7	-1.952563E-4
1.567000E-7	-2.106729E-4
1.567500E-7	-1.764139E-4
1.568000E-7	-1.044700E-4
1.568500E-7	-2.224839E-5
1.569000E-7	4.455666E-5
1.569500E-7	8.224156E-5
1.570000E-7	1.010840E-4
1.570500E-7	8.738041E-5
1.571000E-7	1.886241E-5
1.571500E-7	-7.877574E-5
1.572000E-7	-1.866916E-4
1.572500E-7	-3.048852E-4
1.573000E-7	-3.939586E-4
1.573500E-7	-4.179399E-4
1.574000E-7	-3.990974E-4
1.574500E-7	-3.442830E-4
1.575000E-7	-2.380801E-4
1.575500E-7	-9.761820E-5
1.576000E-7	3.256601E-5
1.576500E-7	1.507596E-4
1.577000E-7	2.552495E-4
1.577500E-7	3.014992E-4
1.578000E-7	2.877956E-4
1.578500E-7	2.432589E-4
1.579000E-7	1.678891E-4
1.579500E-7	5.140846E-5
1.580000E-7	-7.706279E-5
1.580500E-7	-1.935434E-4
1.581000E-7	-3.065981E-4
1.581500E-7	-4.008104E-4
1.582000E-7	-4.590507E-4
1.582500E-7	-4.761802E-4
1.583000E-7	-4.573377E-4
1.583500E-7	-4.162269E-4
1.584000E-7	-3.562737E-4
1.584500E-7	-2.826168E-4
1.585000E-7	-2.072470E-4
1.585500E-7	-1.404419E-4
1.586000E-7	-6.849804E-5
1.586500E-7	3.085306E-5
1.587000E-7	1.490466E-4
1.587500E-7	2.638143E-4
1.588000E-7	3.717301E-4
1.588500E-7	4.745071E-4
1.589000E-7	5.533028E-4
1.589500E-7	5.944136E-4
1.590000E-7	6.081172E-4
1.590500E-7	6.029784E-4
1.591000E-7	5.652935E-4
1.591500E-7	4.899237E-4
1.592000E-7	3.974244E-4
1.592500E-7	2.946474E-4
1.593000E-7	1.884445E-4
1.593500E-7	1.113617E-4
1.594000E-7	9.080631E-5
1.594500E-7	1.010840E-4
1.595000E-7	1.284912E-4
1.595500E-7	1.884445E-4
1.596000E-7	2.895085E-4
1.596500E-7	3.922855E-4
1.597000E-7	4.779330E-4
1.597500E-7	5.515899E-4
1.598000E-7	5.978395E-4
1.598500E-7	6.012654E-4
1.599000E-7	5.447381E-4
1.599500E-7	4.419611E-4
1.600000E-7	3.014992E-4
1.600500E-7	1.456207E-4
1.601000E-7	3.445858E-6
1.601500E-7	-1.078959E-4
1.602000E-7	-1.815527E-4
1.602500E-7	-2.038211E-4
1.603000E-7	-1.901175E-4
1.603500E-7	-1.558585E-4
1.604000E-7	-1.010441E-4
1.604500E-7	-3.405942E-6
1.605000E-7	1.130747E-4
1.605500E-7	2.107128E-4
1.606000E-7	2.877956E-4
1.606500E-7	3.511747E-4
1.607000E-7	3.683042E-4
1.607500E-7	3.203416E-4
1.608000E-7	2.483977E-4
1.608500E-7	1.815927E-4
1.609000E-7	1.147876E-4
1.609500E-7	6.339911E-5
1.610000E-7	3.599191E-5
1.610500E-7	3.599191E-5
1.611000E-7	6.511206E-5
1.611500E-7	1.182135E-4
1.612000E-7	1.850186E-4
1.612500E-7	2.655272E-4
1.613000E-7	3.357582E-4
1.613500E-7	3.700172E-4
1.614000E-7	3.717301E-4
1.614500E-7	3.528877E-4
1.615000E-7	2.895085E-4
1.615500E-7	1.764538E-4
1.616000E-7	4.969551E-5
1.616500E-7	-6.335919E-5
1.617000E-7	-1.747009E-4
1.617500E-7	-2.911816E-4
1.618000E-7	-4.042363E-4
1.618500E-7	-4.967356E-4
1.619000E-7	-5.686795E-4
1.619500E-7	-6.149291E-4
1.620000E-7	-6.234939E-4
1.620500E-7	-5.977996E-4
1.621000E-7	-5.532629E-4
1.621500E-7	-4.950226E-4
1.622000E-7	-3.973845E-4
1.622500E-7	-2.723391E-4
1.623000E-7	-1.421549E-4
1.623500E-7	-2.053544E-5
1.624000E-7	1.010840E-4
1.624500E-7	2.141387E-4
1.625000E-7	2.997862E-4
1.625500E-7	3.426100E-4
1.626000E-7	3.357582E-4
1.626500E-7	2.912215E-4
1.627000E-7	2.089999E-4
1.627500E-7	9.251926E-5
1.628000E-7	-1.539659E-5
1.628500E-7	-8.734049E-5
1.629000E-7	-1.250254E-4
1.629500E-7	-1.198865E-4
1.630000E-7	-5.822034E-5
1.630500E-7	4.969551E-5
1.631000E-7	1.850186E-4
1.631500E-7	3.340452E-4
1.632000E-7	4.830719E-4
1.632500E-7	6.166820E-4
1.633000E-7	7.194590E-4
1.633500E-7	7.691345E-4
1.634000E-7	7.537180E-4
1.634500E-7	6.852000E-4
1.635000E-7	5.892748E-4
1.635500E-7	4.830719E-4
1.636000E-7	3.974244E-4
1.636500E-7	3.271934E-4
1.637000E-7	2.552495E-4
1.637500E-7	1.987222E-4
1.638000E-7	1.764538E-4
1.638500E-7	1.610373E-4
1.639000E-7	1.336301E-4
1.639500E-7	1.045099E-4
1.640000E-7	6.168616E-5
1.640500E-7	-1.368364E-5
1.641000E-7	-1.044700E-4
1.641500E-7	-2.021081E-4
1.642000E-7	-3.083111E-4
1.642500E-7	-3.939586E-4
1.643000E-7	-4.333564E-4
1.643500E-7	-4.333564E-4
1.644000E-7	-3.922456E-4
1.644500E-7	-3.271535E-4
1.645000E-7	-2.466448E-4
1.645500E-7	-1.541455E-4
1.646000E-7	-6.678509E-5
1.646500E-7	-2.053544E-5
1.647000E-7	-1.368364E-5
1.647500E-7	-1.539659E-5
1.648000E-7	-3.252609E-5
1.648500E-7	-7.706279E-5
1.649000E-7	-1.318772E-4
1.649500E-7	-1.712750E-4
1.650000E-7	-2.072470E-4
1.650500E-7	-2.192376E-4
1.651000E-7	-1.935434E-4
1.651500E-7	-1.335901E-4
1.652000E-7	-6.507214E-5
1.652500E-7	1.886241E-5
1.653000E-7	1.216394E-4
1.653500E-7	2.124258E-4
1.654000E-7	2.809438E-4
1.654500E-7	3.306193E-4
1.655000E-7	3.580265E-4
1.655500E-7	3.408970E-4
1.656000E-7	2.860826E-4
1.656500E-7	2.175646E-4
1.657000E-7	1.627502E-4
1.657500E-7	1.370560E-4
1.658000E-7	1.319171E-4
1.658500E-7	1.233524E-4
1.659000E-7	1.147876E-4
1.659500E-7	1.284912E-4
1.660000E-7	1.473337E-4
1.660500E-7	1.404819E-4
1.661000E-7	1.165006E-4
1.661500E-7	8.566746E-5
1.662000E-7	3.256601E-5
1.662500E-7	-4.965559E-5
1.663000E-7	-1.387290E-4
1.663500E-7	-2.260894E-4
1.664000E-7	-3.203017E-4
1.664500E-7	-4.230787E-4
1.665000E-7	-5.104392E-4
1.665500E-7	-5.446982E-4
1.666000E-7	-5.464111E-4
1.666500E-7	-5.429852E-4
1.667000E-7	-5.327075E-4
1.667500E-7	-4.984485E-4
1.668000E-7	-4.521989E-4
1.668500E-7	-4.076622E-4
1.669000E-7	-3.511348E-4
1.669500E-7	-2.946075E-4
1.670000E-7	-2.432189E-4
1.670500E-7	-1.918304E-4
1.671000E-7	-1.318772E-4
1.671500E-7	-6.849804E-5
1.672000E-7	-3.405942E-6
1.672500E-7	5.140846E-5
1.673000E-7	7.710271E-5
1.673500E-7	8.052861E-5
1.674000E-7	7.710271E-5
1.674500E-7	5.140846E-5
1.675000E-7	1.995795E-8
1.675500E-7	-6.678509E-5
1.676000E-7	-1.524326E-4
1.676500E-7	-2.517837E-4
1.677000E-7	-3.408571E-4
1.677500E-7	-4.179399E-4
1.678000E-7	-4.915967E-4
1.678500E-7	-5.309946E-4
1.679000E-7	-5.241428E-4
1.679500E-7	-4.881708E-4
1.680000E-7	-4.282176E-4
1.680500E-7	-3.254406E-4
1.681000E-7	-1.798398E-4
1.681500E-7	-3.423904E-5
1.682000E-7	1.010840E-4
1.682500E-7	2.312682E-4
1.683000E-7	3.408970E-4
1.683500E-7	4.231186E-4
1.684000E-7	4.745071E-4
1.684500E-7	4.779330E-4
1.685000E-7	4.231186E-4
1.685500E-7	3.391841E-4
1.686000E-7	2.603884E-4
1.686500E-7	1.815927E-4
1.687000E-7	1.113617E-4
1.687500E-7	7.025091E-5
1.688000E-7	3.427896E-5
1.688500E-7	-1.025774E-5
1.689000E-7	-4.622969E-5
1.689500E-7	-6.164624E-5
1.690000E-7	-7.534984E-5
1.690500E-7	-9.247934E-5
1.691000E-7	-1.215995E-4
1.691500E-7	-1.747009E-4
1.692000E-7	-2.517837E-4
1.692500E-7	-3.322924E-4
1.693000E-7	-4.093751E-4
1.693500E-7	-4.710413E-4
1.694000E-7	-4.881708E-4
1.694500E-7	-4.676154E-4
1.695000E-7	-4.247917E-4
1.695500E-7	-3.545607E-4
1.696000E-7	-2.569225E-4
1.696500E-7	-1.644232E-4
1.697000E-7	-9.247934E-5
1.697500E-7	-3.937789E-5
1.698000E-7	-1.197069E-5
1.698500E-7	-3.252609E-5
1.699000E-7	-9.419229E-5
1.699500E-7	-1.798398E-4
1.700000E-7	-2.757650E-4
1.700500E-7	-3.699773E-4
1.701000E-7	-4.333564E-4
1.701500E-7	-4.402082E-4
1.702000E-7	-4.128010E-4
1.702500E-7	-3.716902E-4
1.703000E-7	-3.014593E-4
1.703500E-7	-1.952563E-4
1.704000E-7	-7.534984E-5
1.704500E-7	2.228831E-5
1.705000E-7	8.909336E-5
1.705500E-7	1.404819E-4
1.706000E-7	1.713150E-4
1.706500E-7	1.541855E-4
1.707000E-7	9.937106E-5
1.707500E-7	5.312141E-5
1.708000E-7	1.201061E-5
1.708500E-7	-4.622969E-5
1.709000E-7	-9.247934E-5
1.709500E-7	-9.076639E-5
1.710000E-7	-6.507214E-5
1.710500E-7	-2.396134E-5
1.711000E-7	4.798256E-5
1.711500E-7	1.456207E-4
1.712000E-7	2.329812E-4
1.712500E-7	2.963603E-4
1.713000E-7	3.408970E-4
1.713500E-7	3.700172E-4
1.714000E-7	3.854337E-4
1.714500E-7	3.785819E-4
1.715000E-7	3.528877E-4
1.715500E-7	3.237675E-4
1.716000E-7	3.083510E-4
1.716500E-7	2.963603E-4
1.717000E-7	2.912215E-4
1.717500E-7	3.100639E-4
1.718000E-7	3.563136E-4
1.718500E-7	4.111280E-4
1.719000E-7	4.659424E-4
1.719500E-7	5.173309E-4
1.720000E-7	5.601546E-4
1.720500E-7	5.978395E-4
1.721000E-7	6.081172E-4
1.721500E-7	5.841359E-4
1.722000E-7	5.395992E-4
1.722500E-7	4.710812E-4
1.723000E-7	3.597395E-4
1.723500E-7	2.209905E-4
1.724000E-7	7.881566E-5
1.724500E-7	-5.650739E-5
1.725000E-7	-1.695621E-4
1.725500E-7	-2.517837E-4
1.726000E-7	-3.100240E-4
1.726500E-7	-3.288665E-4
1.727000E-7	-2.997463E-4
1.727500E-7	-2.380801E-4
1.728000E-7	-1.695621E-4
1.728500E-7	-9.076639E-5
1.729000E-7	-6.831842E-6
1.729500E-7	7.367681E-5
1.730000E-7	1.490466E-4
1.730500E-7	2.038610E-4
1.731000E-7	2.295553E-4
1.731500E-7	2.329812E-4
1.732000E-7	2.244164E-4
1.732500E-7	2.089999E-4
1.733000E-7	1.952963E-4
1.733500E-7	2.004351E-4
1.734000E-7	2.209905E-4
1.734500E-7	2.552495E-4
1.735000E-7	3.237675E-4
1.735500E-7	4.368222E-4
1.736000E-7	5.738582E-4
1.736500E-7	7.143201E-4
1.737000E-7	8.410784E-4
1.737500E-7	9.575590E-4
1.738000E-7	1.053484E-3
1.738500E-7	1.110012E-3
1.739000E-7	1.106586E-3
1.739500E-7	1.044919E-3
1.740000E-7	9.370036E-4
1.740500E-7	8.153842E-4
1.741000E-7	6.937647E-4
1.741500E-7	5.789971E-4
1.742000E-7	4.676553E-4
1.742500E-7	3.751560E-4
1.743000E-7	3.186287E-4
1.743500E-7	2.929344E-4
1.744000E-7	2.792308E-4
1.744500E-7	2.672402E-4
1.745000E-7	2.638143E-4
1.745500E-7	2.826567E-4
1.746000E-7	2.877956E-4
1.746500E-7	2.432589E-4
1.747000E-7	1.747409E-4
1.747500E-7	1.113617E-4
1.748000E-7	2.742716E-5
1.748500E-7	-9.933115E-5
1.749000E-7	-2.295153E-4
1.749500E-7	-3.425701E-4
1.750000E-7	-4.402082E-4
1.750500E-7	-5.207169E-4
1.751000E-7	-5.601147E-4
1.751500E-7	-5.549759E-4
1.752000E-7	-5.172910E-4
1.752500E-7	-4.573377E-4
1.753000E-7	-3.768291E-4
1.753500E-7	-2.791909E-4
1.754000E-7	-1.815527E-4
1.754500E-7	-9.247934E-5
1.755000E-7	-3.405942E-6
1.755500E-7	8.909336E-5
1.756000E-7	1.524725E-4
1.756500E-7	1.781668E-4
1.757000E-7	1.850186E-4
1.757500E-7	1.867315E-4
1.758000E-7	1.644632E-4
1.758500E-7	1.147876E-4
1.759000E-7	5.654731E-5
1.759500E-7	-1.692992E-6
1.760000E-7	-4.965559E-5
1.760500E-7	-8.562754E-5
1.761000E-7	-1.061829E-4
1.761500E-7	-1.113218E-4
1.762000E-7	-9.076639E-5
1.762500E-7	-5.136854E-5
1.763000E-7	-5.118892E-6
1.763500E-7	4.113076E-5
1.764000E-7	1.045099E-4
1.764500E-7	1.815927E-4
1.765000E-7	2.518236E-4
1.765500E-7	3.100639E-4
1.766000E-7	3.631654E-4
1.766500E-7	4.059891E-4
1.767000E-7	4.248316E-4
1.767500E-7	4.231186E-4
1.768000E-7	4.042762E-4
1.768500E-7	3.717301E-4
1.769000E-7	3.357582E-4
1.769500E-7	3.014992E-4
1.770000E-7	2.501107E-4
1.770500E-7	1.901574E-4
1.771000E-7	1.302042E-4
1.771500E-7	6.511206E-5
1.772000E-7	-5.118892E-6
1.772500E-7	-7.363689E-5
1.773000E-7	-1.524326E-4
1.773500E-7	-2.432189E-4
1.774000E-7	-3.288665E-4
1.774500E-7	-4.093751E-4
1.775000E-7	-4.898838E-4
1.775500E-7	-5.601147E-4
1.776000E-7	-6.166421E-4
1.776500E-7	-6.646047E-4
1.777000E-7	-6.971507E-4
1.777500E-7	-6.902989E-4
1.778000E-7	-6.440493E-4
1.778500E-7	-5.772442E-4
1.779000E-7	-4.950226E-4
1.779500E-7	-3.905327E-4
1.780000E-7	-2.654873E-4
1.780500E-7	-1.438678E-4
1.781000E-7	-3.252609E-5
1.781500E-7	5.312141E-5
1.782000E-7	1.182135E-4
1.782500E-7	1.421948E-4
1.783000E-7	1.250653E-4
1.783500E-7	8.224156E-5
1.784000E-7	2.914011E-5
1.784500E-7	-2.224839E-5
1.785000E-7	-6.678509E-5
1.785500E-7	-9.247934E-5
1.786000E-7	-1.078959E-4
1.786500E-7	-1.061829E-4
1.787000E-7	-7.021099E-5
1.787500E-7	6.871758E-6
1.788000E-7	1.027970E-4
1.788500E-7	1.952963E-4
1.789000E-7	2.758049E-4
1.789500E-7	3.374711E-4
1.790000E-7	3.614524E-4
1.790500E-7	3.546006E-4
1.791000E-7	3.357582E-4
1.791500E-7	3.083510E-4
1.792000E-7	2.792308E-4
1.792500E-7	2.621013E-4
1.793000E-7	2.518236E-4
1.793500E-7	2.381200E-4
1.794000E-7	2.346941E-4
1.794500E-7	2.535366E-4
1.795000E-7	2.809438E-4
1.795500E-7	2.775179E-4
1.796000E-7	2.501107E-4
1.796500E-7	2.089999E-4
1.797000E-7	1.541855E-4
1.797500E-7	8.224156E-5
1.798000E-7	6.871758E-6
1.798500E-7	-5.479444E-5
1.799000E-7	-1.061829E-4
1.799500E-7	-1.507196E-4
1.800000E-7	-1.747009E-4
1.800500E-7	-1.712750E-4
1.801000E-7	-1.558585E-4
1.801500E-7	-1.558585E-4
1.802000E-7	-1.592844E-4
1.802500E-7	-1.575714E-4
1.803000E-7	-1.421549E-4
1.803500E-7	-1.061829E-4
1.804000E-7	-6.507214E-5
1.804500E-7	-4.109084E-5
1.805000E-7	-2.567429E-5
1.805500E-7	6.871758E-6
1.806000E-7	4.284371E-5
1.806500E-7	7.196386E-5
1.807000E-7	9.594516E-5
1.807500E-7	1.182135E-4
1.808000E-7	1.302042E-4
1.808500E-7	1.490466E-4
1.809000E-7	1.627502E-4
1.809500E-7	1.541855E-4
1.810000E-7	1.387689E-4
1.810500E-7	1.456207E-4
1.811000E-7	1.404819E-4
1.811500E-7	9.251926E-5
1.812000E-7	3.599191E-5
1.812500E-7	1.995795E-8
1.813000E-7	-4.965559E-5
1.813500E-7	-1.387290E-4
1.814000E-7	-2.466448E-4
1.814500E-7	-3.682643E-4
1.815000E-7	-4.967356E-4
1.815500E-7	-6.200680E-4
1.816000E-7	-7.382615E-4
1.816500E-7	-8.358997E-4
1.817000E-7	-8.838623E-4
1.817500E-7	-8.770105E-4
1.818000E-7	-8.513162E-4
1.818500E-7	-8.016407E-4
1.819000E-7	-6.954378E-4
1.819500E-7	-5.446982E-4
1.820000E-7	-4.042363E-4
1.820500E-7	-2.723391E-4
1.821000E-7	-1.301642E-4
1.821500E-7	-1.025774E-5
1.822000E-7	5.312141E-5
1.822500E-7	6.511206E-5
1.823000E-7	4.284371E-5
1.823500E-7	1.201061E-5
1.824000E-7	-2.224839E-5
1.824500E-7	-5.479444E-5
1.825000E-7	-7.192394E-5
1.825500E-7	-7.021099E-5
1.826000E-7	-5.993329E-5
1.826500E-7	-4.109084E-5
1.827000E-7	-1.368364E-5
1.827500E-7	2.228831E-5
1.828000E-7	5.997321E-5
1.828500E-7	8.395451E-5
1.829000E-7	7.196386E-5
1.829500E-7	4.113076E-5
1.830000E-7	1.029766E-5
1.830500E-7	-2.396134E-5
1.831000E-7	-7.192394E-5
1.831500E-7	-1.147477E-4
1.832000E-7	-1.233124E-4
1.832500E-7	-1.096088E-4
1.833000E-7	-8.048869E-5
1.833500E-7	-2.910019E-5
1.834000E-7	1.886241E-5
1.834500E-7	3.770486E-5
1.835000E-7	2.914011E-5
1.835500E-7	1.543651E-5
1.836000E-7	-1.197069E-5
1.836500E-7	-6.849804E-5
1.837000E-7	-1.438678E-4
1.837500E-7	-2.038211E-4
1.838000E-7	-2.397930E-4
1.838500E-7	-2.569225E-4
1.839000E-7	-2.620614E-4
1.839500E-7	-2.415060E-4
1.840000E-7	-1.781268E-4
1.840500E-7	-8.048869E-5
1.841000E-7	2.057536E-5
1.841500E-7	9.765811E-5
1.842000E-7	1.456207E-4
1.842500E-7	1.644632E-4
1.843000E-7	1.404819E-4
1.843500E-7	7.367681E-5
1.844000E-7	-1.882249E-5
1.844500E-7	-1.284513E-4
1.845000E-7	-2.260894E-4
1.845500E-7	-2.894686E-4
1.846000E-7	-3.048852E-4
1.846500E-7	-2.791909E-4
1.847000E-7	-2.072470E-4
1.847500E-7	-1.010441E-4
1.848000E-7	1.886241E-5
1.848500E-7	1.507596E-4
1.849000E-7	2.877956E-4
1.849500E-7	3.854337E-4
1.850000E-7	4.368222E-4
1.850500E-7	4.453870E-4
1.851000E-7	4.094150E-4
1.851500E-7	3.066380E-4
1.852000E-7	1.678891E-4
1.852500E-7	2.571421E-5
1.853000E-7	-1.044700E-4
1.853500E-7	-2.329412E-4
1.854000E-7	-3.477089E-4
1.854500E-7	-4.299305E-4
1.855000E-7	-4.539118E-4
1.855500E-7	-4.333564E-4
1.856000E-7	-3.853938E-4
1.856500E-7	-3.065981E-4
1.857000E-7	-1.884045E-4
1.857500E-7	-5.136854E-5
1.858000E-7	8.566746E-5
1.858500E-7	2.175646E-4
1.859000E-7	3.306193E-4
1.859500E-7	4.145539E-4
1.860000E-7	4.727942E-4
1.860500E-7	4.984884E-4
1.861000E-7	4.950625E-4
1.861500E-7	4.864978E-4
1.862000E-7	4.727942E-4
1.862500E-7	4.316834E-4
1.863000E-7	3.734431E-4
1.863500E-7	3.203416E-4
1.864000E-7	2.586754E-4
1.864500E-7	1.747409E-4
1.865000E-7	9.080631E-5
1.865500E-7	2.400126E-5
1.866000E-7	-3.252609E-5
1.866500E-7	-9.076639E-5
1.867000E-7	-1.404419E-4
1.867500E-7	-1.592844E-4
1.868000E-7	-1.661362E-4
1.868500E-7	-1.764139E-4
1.869000E-7	-1.764139E-4
1.869500E-7	-1.404419E-4
1.870000E-7	-8.220164E-5
1.870500E-7	-3.937789E-5
1.871000E-7	-8.544792E-6
1.871500E-7	2.228831E-5
1.872000E-7	5.312141E-5
1.872500E-7	5.997321E-5
1.873000E-7	2.742716E-5
1.873500E-7	-2.910019E-5
1.874000E-7	-1.078959E-4
1.874500E-7	-2.209506E-4
1.875000E-7	-3.631255E-4
1.875500E-7	-5.053003E-4
1.876000E-7	-6.252068E-4
1.876500E-7	-7.159932E-4
1.877000E-7	-7.862241E-4
1.877500E-7	-8.273349E-4
1.878000E-7	-8.153443E-4
1.878500E-7	-7.451133E-4
1.879000E-7	-6.354845E-4
1.879500E-7	-5.053003E-4
1.880000E-7	-3.545607E-4
1.880500E-7	-2.038211E-4
1.881000E-7	-7.706279E-5
1.881500E-7	3.941781E-5
1.882000E-7	1.336301E-4
1.882500E-7	1.713150E-4
1.883000E-7	1.558984E-4
1.883500E-7	1.113617E-4
1.884000E-7	3.770486E-5
1.884500E-7	-5.650739E-5
1.885000E-7	-1.353031E-4
1.885500E-7	-1.986822E-4
1.886000E-7	-2.757650E-4
1.886500E-7	-3.511348E-4
1.887000E-7	-3.802550E-4
1.887500E-7	-3.682643E-4
1.888000E-7	-3.425701E-4
1.888500E-7	-2.877557E-4
1.889000E-7	-1.969693E-4
1.889500E-7	-1.096088E-4
1.890000E-7	-3.595199E-5
1.890500E-7	3.599191E-5
1.891000E-7	9.765811E-5
1.891500E-7	1.147876E-4
1.892000E-7	9.423221E-5
1.892500E-7	3.770486E-5
1.893000E-7	-6.678509E-5
1.893500E-7	-1.918304E-4
1.894000E-7	-2.980334E-4
1.894500E-7	-3.768291E-4
1.895000E-7	-4.384953E-4
1.895500E-7	-4.504859E-4
1.896000E-7	-4.025233E-4
1.896500E-7	-3.185888E-4
1.897000E-7	-2.072470E-4
1.897500E-7	-6.164624E-5
1.898000E-7	8.738041E-5
1.898500E-7	2.089999E-4
1.899000E-7	2.946474E-4
1.899500E-7	3.460359E-4
1.900000E-7	3.580265E-4
1.900500E-7	3.323323E-4
1.901000E-7	2.518236E-4
1.901500E-7	1.370560E-4
1.902000E-7	1.543651E-5
1.902500E-7	-1.061829E-4
1.903000E-7	-2.295153E-4
1.903500E-7	-3.203017E-4
1.904000E-7	-3.648384E-4
1.904500E-7	-3.922456E-4
1.905000E-7	-4.076622E-4
1.905500E-7	-3.819679E-4
1.906000E-7	-3.031722E-4
1.906500E-7	-2.158117E-4
1.907000E-7	-1.541455E-4
1.907500E-7	-1.164606E-4
1.908000E-7	-9.761820E-5
1.908500E-7	-1.113218E-4
1.909000E-7	-1.644232E-4
1.909500E-7	-2.295153E-4
1.910000E-7	-2.809039E-4
1.910500E-7	-3.340053E-4
1.911000E-7	-3.973845E-4
1.911500E-7	-4.333564E-4
1.912000E-7	-4.333564E-4
1.912500E-7	-4.299305E-4
1.913000E-7	-4.282176E-4
1.913500E-7	-4.059492E-4
1.914000E-7	-3.836809E-4
1.914500E-7	-3.785420E-4
1.915000E-7	-3.699773E-4
1.915500E-7	-3.648384E-4
1.916000E-7	-3.768291E-4
1.916500E-7	-4.008104E-4
1.917000E-7	-4.213658E-4
1.917500E-7	-4.316435E-4
1.918000E-7	-4.350694E-4
1.918500E-7	-4.196528E-4
1.919000E-7	-3.888197E-4
1.919500E-7	-3.494219E-4
1.920000E-7	-2.946075E-4
1.920500E-7	-2.209506E-4
1.921000E-7	-1.438678E-4
1.921500E-7	-8.905344E-5
1.922000E-7	-5.479444E-5
1.922500E-7	-3.423904E-5
1.923000E-7	-3.081314E-5
1.923500E-7	-5.308149E-5
1.924000E-7	-8.734049E-5
1.924500E-7	-1.130347E-4
1.925000E-7	-1.370160E-4
1.925500E-7	-1.661362E-4
1.926000E-7	-1.747009E-4
1.926500E-7	-1.472937E-4
1.927000E-7	-1.130347E-4
1.927500E-7	-7.363689E-5
1.928000E-7	-1.025774E-5
1.928500E-7	5.654731E-5
1.929000E-7	1.045099E-4
1.929500E-7	1.250653E-4
1.930000E-7	1.250653E-4
1.930500E-7	1.062229E-4
1.931000E-7	6.853796E-5
1.931500E-7	2.057536E-5
1.932000E-7	-2.224839E-5
1.932500E-7	-1.882249E-5
1.933000E-7	2.571421E-5
1.933500E-7	8.395451E-5
1.934000E-7	1.644632E-4
1.934500E-7	2.758049E-4
1.935000E-7	3.905726E-4
1.935500E-7	4.830719E-4
1.936000E-7	5.550158E-4
1.936500E-7	5.961266E-4
1.937000E-7	6.064043E-4
1.937500E-7	5.841359E-4
1.938000E-7	5.173309E-4
1.938500E-7	4.094150E-4
1.939000E-7	2.877956E-4
1.939500E-7	1.593243E-4
1.940000E-7	3.427896E-5
1.940500E-7	-6.164624E-5
1.941000E-7	-1.387290E-4
1.941500E-7	-2.192376E-4
1.942000E-7	-2.672003E-4
1.942500E-7	-2.500707E-4
1.943000E-7	-2.106729E-4
1.943500E-7	-1.747009E-4
1.944000E-7	-1.061829E-4
1.944500E-7	-1.197069E-5
1.945000E-7	6.853796E-5
1.945500E-7	1.284912E-4
1.946000E-7	1.781668E-4
1.946500E-7	2.089999E-4
1.947000E-7	2.227035E-4
1.947500E-7	2.107128E-4
1.948000E-7	1.541855E-4
1.948500E-7	7.367681E-5
1.949000E-7	3.445858E-6
1.949500E-7	-7.363689E-5
1.950000E-7	-1.661362E-4
1.950500E-7	-2.552096E-4
1.951000E-7	-3.203017E-4
1.951500E-7	-3.802550E-4
1.952000E-7	-4.419212E-4
1.952500E-7	-4.898838E-4
1.953000E-7	-5.207169E-4
1.953500E-7	-5.138651E-4
1.954000E-7	-4.641895E-4
1.954500E-7	-3.819679E-4
1.955000E-7	-2.928945E-4
1.955500E-7	-1.935434E-4
1.956000E-7	-7.706279E-5
1.956500E-7	3.770486E-5
1.957000E-7	1.473337E-4
1.957500E-7	2.569625E-4
1.958000E-7	3.426100E-4
1.958500E-7	3.837208E-4
1.959000E-7	3.922855E-4
1.959500E-7	3.939985E-4
1.960000E-7	3.957114E-4
1.960500E-7	4.042762E-4
1.961000E-7	4.077021E-4
1.961500E-7	3.922855E-4
1.962000E-7	3.700172E-4
1.962500E-7	3.614524E-4
1.963000E-7	3.340452E-4
1.963500E-7	2.809438E-4
1.964000E-7	2.107128E-4
1.964500E-7	1.284912E-4
1.965000E-7	3.427896E-5
1.965500E-7	-5.136854E-5
1.966000E-7	-1.198865E-4
1.966500E-7	-1.866916E-4
1.967000E-7	-2.483578E-4
1.967500E-7	-2.826168E-4
1.968000E-7	-3.014593E-4
1.968500E-7	-3.134499E-4
1.969000E-7	-3.100240E-4
1.969500E-7	-2.826168E-4
1.970000E-7	-2.432189E-4
1.970500E-7	-2.123858E-4
1.971000E-7	-1.952563E-4
1.971500E-7	-1.884045E-4
1.972000E-7	-1.952563E-4
1.972500E-7	-2.140988E-4
1.973000E-7	-2.243765E-4
1.973500E-7	-2.072470E-4
1.974000E-7	-1.849786E-4
1.974500E-7	-1.644232E-4
1.975000E-7	-1.301642E-4
1.975500E-7	-6.507214E-5
1.976000E-7	1.732908E-6
1.976500E-7	4.455666E-5
1.977000E-7	5.312141E-5
1.977500E-7	3.599191E-5
1.978000E-7	3.445858E-6
1.978500E-7	-6.335919E-5
1.979000E-7	-1.747009E-4
1.979500E-7	-3.185888E-4
1.980000E-7	-4.744672E-4
1.980500E-7	-6.337716E-4
1.981000E-7	-7.708076E-4
1.981500E-7	-8.684457E-4
1.982000E-7	-9.352508E-4
1.982500E-7	-9.558062E-4
1.983000E-7	-8.958529E-4
1.983500E-7	-7.690946E-4
1.984000E-7	-6.063644E-4
1.984500E-7	-4.196528E-4
1.985000E-7	-2.243765E-4
1.985500E-7	-5.650739E-5
1.986000E-7	8.566746E-5
1.986500E-7	1.867315E-4
1.987000E-7	2.192776E-4
1.987500E-7	1.987222E-4
1.988000E-7	1.507596E-4
1.988500E-7	8.224156E-5
1.989000E-7	1.732908E-6
1.989500E-7	-7.021099E-5
1.990000E-7	-1.335901E-4
1.990500E-7	-1.986822E-4
1.991000E-7	-2.415060E-4
1.991500E-7	-2.654873E-4
1.992000E-7	-2.894686E-4
1.992500E-7	-2.963204E-4
1.993000E-7	-2.723391E-4
1.993500E-7	-2.569225E-4
1.994000E-7	-2.603484E-4
1.994500E-7	-2.603484E-4
1.995000E-7	-2.569225E-4
1.995500E-7	-2.791909E-4
1.996000E-7	-3.151629E-4
1.996500E-7	-3.391442E-4
1.997000E-7	-3.528478E-4
1.997500E-7	-3.511348E-4
1.998000E-7	-3.322924E-4
1.998500E-7	-2.980334E-4
1.999000E-7	-2.380801E-4
1.999500E-7	-1.592844E-4
2.000000E-7	-7.877574E-5
