Study Name	PremaTech_CVD_SiC_HeandSi
Sample Name	2025-11-01
Run Name	spot03
Operator	Keshav
Date	11/1/2025
Time	18:27
Sign	FIX
Grating Spacing	06.40um
Channel	3
Number Traces	10000
Files in Batch	1
Batch Number	1
dt	50.000001E-12
time stamp (ms)	6:27:56 PM
	
Time	Amplitude
0.000000E+0	1.456207E-4
5.000000E-11	4.798256E-5
1.000000E-10	-8.544792E-6
1.500000E-10	-3.423904E-5
2.000000E-10	-2.910019E-5
2.500000E-10	1.372356E-5
3.000000E-10	6.511206E-5
3.500000E-10	1.130747E-4
4.000000E-10	1.850186E-4
4.500000E-10	2.501107E-4
5.000000E-10	2.603884E-4
5.500000E-10	2.381200E-4
6.000000E-10	2.089999E-4
6.500000E-10	1.439078E-4
7.000000E-10	4.113076E-5
7.500000E-10	-5.993329E-5
8.000000E-10	-1.541455E-4
8.500000E-10	-2.312283E-4
9.000000E-10	-2.637744E-4
9.500000E-10	-2.380801E-4
1.000000E-9	-1.832657E-4
1.050000E-9	-9.933115E-5
1.100000E-9	6.871758E-6
1.150000E-9	1.062229E-4
1.200000E-9	1.850186E-4
1.250000E-9	2.415459E-4
1.300000E-9	2.792308E-4
1.350000E-9	2.946474E-4
1.400000E-9	2.860826E-4
1.450000E-9	2.569625E-4
1.500000E-9	2.192776E-4
1.550000E-9	1.713150E-4
1.600000E-9	1.096488E-4
1.650000E-9	4.284371E-5
1.700000E-9	1.732908E-6
1.750000E-9	-1.197069E-5
1.800000E-9	-3.405942E-6
1.850000E-9	2.914011E-5
1.900000E-9	8.052861E-5
1.950000E-9	1.387689E-4
2.000000E-9	1.935833E-4
2.050000E-9	2.569625E-4
2.100000E-9	3.289064E-4
2.150000E-9	4.008503E-4
2.200000E-9	4.453870E-4
2.250000E-9	4.710812E-4
2.300000E-9	4.847848E-4
2.350000E-9	4.659424E-4
2.400000E-9	4.025632E-4
2.450000E-9	3.117769E-4
2.500000E-9	2.089999E-4
2.550000E-9	1.027970E-4
2.600000E-9	2.057536E-5
2.650000E-9	-2.224839E-5
2.700000E-9	-2.567429E-5
2.750000E-9	1.372356E-5
2.800000E-9	1.010840E-4
2.850000E-9	2.175646E-4
2.900000E-9	3.443229E-4
2.950000E-9	4.710812E-4
3.000000E-9	5.875618E-4
3.050000E-9	6.732093E-4
3.100000E-9	7.091813E-4
3.150000E-9	6.971906E-4
3.200000E-9	6.440892E-4
3.250000E-9	5.550158E-4
3.300000E-9	4.248316E-4
3.350000E-9	2.895085E-4
3.400000E-9	1.867315E-4
3.450000E-9	1.130747E-4
3.500000E-9	5.140846E-5
3.550000E-9	3.085306E-5
3.600000E-9	5.997321E-5
3.650000E-9	1.233524E-4
3.700000E-9	1.987222E-4
3.750000E-9	2.963603E-4
3.800000E-9	3.957114E-4
3.850000E-9	4.539517E-4
3.900000E-9	4.522388E-4
3.950000E-9	4.094150E-4
4.000000E-9	3.340452E-4
4.050000E-9	2.381200E-4
4.100000E-9	1.096488E-4
4.150000E-9	-3.937789E-5
4.200000E-9	-1.884045E-4
4.250000E-9	-3.134499E-4
4.300000E-9	-4.162269E-4
4.350000E-9	-5.053003E-4
4.400000E-9	-5.652536E-4
4.450000E-9	-5.686795E-4
4.500000E-9	-5.224298E-4
4.550000E-9	-4.521989E-4
4.600000E-9	-3.477089E-4
4.650000E-9	-2.106729E-4
4.700000E-9	-7.363689E-5
4.750000E-9	4.969551E-5
4.800000E-9	1.781668E-4
4.850000E-9	2.963603E-4
4.900000E-9	3.768690E-4
4.950000E-9	4.333963E-4
5.000000E-9	4.899237E-4
5.050000E-9	5.395992E-4
5.100000E-9	5.652935E-4
5.150000E-9	5.824230E-4
5.200000E-9	6.064043E-4
5.250000E-9	6.338115E-4
5.300000E-9	6.475151E-4
5.350000E-9	6.423762E-4
5.400000E-9	6.098302E-4
5.450000E-9	5.481640E-4
5.500000E-9	4.505258E-4
5.550000E-9	3.408970E-4
5.600000E-9	2.364071E-4
5.650000E-9	1.284912E-4
5.700000E-9	1.029766E-5
5.750000E-9	-9.761820E-5
5.800000E-9	-1.849786E-4
5.850000E-9	-2.603484E-4
5.900000E-9	-3.254406E-4
5.950000E-9	-3.734032E-4
6.000000E-9	-4.059492E-4
6.050000E-9	-4.128010E-4
6.100000E-9	-3.802550E-4
6.150000E-9	-3.288665E-4
6.200000E-9	-2.791909E-4
6.250000E-9	-2.038211E-4
6.300000E-9	-9.590524E-5
6.350000E-9	3.445858E-6
6.400000E-9	7.710271E-5
6.450000E-9	1.473337E-4
6.500000E-9	2.192776E-4
6.550000E-9	2.706661E-4
6.600000E-9	2.877956E-4
6.650000E-9	2.758049E-4
6.700000E-9	2.466848E-4
6.750000E-9	2.124258E-4
6.800000E-9	1.747409E-4
6.850000E-9	1.353430E-4
6.900000E-9	9.423221E-5
6.950000E-9	7.196386E-5
7.000000E-9	7.196386E-5
7.050000E-9	8.224156E-5
7.100000E-9	8.395451E-5
7.150000E-9	9.251926E-5
7.200000E-9	1.062229E-4
7.250000E-9	9.937106E-5
7.300000E-9	7.367681E-5
7.350000E-9	5.654731E-5
7.400000E-9	4.626961E-5
7.450000E-9	2.228831E-5
7.500000E-9	-5.118892E-6
7.550000E-9	-1.368364E-5
7.600000E-9	-1.882249E-5
7.650000E-9	-1.368364E-5
7.700000E-9	1.886241E-5
7.750000E-9	6.511206E-5
7.800000E-9	1.182135E-4
7.850000E-9	1.747409E-4
7.900000E-9	2.107128E-4
7.950000E-9	2.072869E-4
8.000000E-9	1.850186E-4
8.050000E-9	1.627502E-4
8.100000E-9	1.199265E-4
8.150000E-9	6.168616E-5
8.200000E-9	1.714946E-5
8.250000E-9	-1.197069E-5
8.300000E-9	-2.910019E-5
8.350000E-9	-3.595199E-5
8.400000E-9	-2.396134E-5
8.450000E-9	1.201061E-5
8.500000E-9	7.367681E-5
8.550000E-9	1.490466E-4
8.600000E-9	2.175646E-4
8.650000E-9	2.758049E-4
8.700000E-9	3.271934E-4
8.750000E-9	3.528877E-4
8.800000E-9	3.443229E-4
8.850000E-9	3.254805E-4
8.900000E-9	3.049251E-4
8.950000E-9	2.621013E-4
9.000000E-9	1.850186E-4
9.050000E-9	9.765811E-5
9.100000E-9	2.228831E-5
9.150000E-9	-3.766494E-5
9.200000E-9	-9.419229E-5
9.250000E-9	-1.575714E-4
9.300000E-9	-2.209506E-4
9.350000E-9	-2.757650E-4
9.400000E-9	-3.100240E-4
9.450000E-9	-3.237276E-4
9.500000E-9	-3.117370E-4
9.550000E-9	-2.740521E-4
9.600000E-9	-2.089599E-4
9.650000E-9	-1.215995E-4
9.700000E-9	-2.053544E-5
9.750000E-9	7.196386E-5
9.800000E-9	1.490466E-4
9.850000E-9	2.175646E-4
9.900000E-9	2.621013E-4
9.950000E-9	2.672402E-4
1.000000E-8	2.364071E-4
1.005000E-8	1.833056E-4
1.010000E-8	1.250653E-4
1.015000E-8	7.025091E-5
1.020000E-8	1.543651E-5
1.025000E-8	-5.136854E-5
1.030000E-8	-1.078959E-4
1.035000E-8	-1.267383E-4
1.040000E-8	-1.335901E-4
1.045000E-8	-1.421549E-4
1.050000E-8	-1.233124E-4
1.055000E-8	-8.048869E-5
1.060000E-8	-3.595199E-5
1.065000E-8	1.886241E-5
1.070000E-8	9.423221E-5
1.075000E-8	1.627502E-4
1.080000E-8	2.278423E-4
1.085000E-8	3.014992E-4
1.090000E-8	3.614524E-4
1.095000E-8	3.888596E-4
1.100000E-8	3.957114E-4
1.105000E-8	3.871467E-4
1.110000E-8	3.511747E-4
1.115000E-8	2.895085E-4
1.120000E-8	1.970092E-4
1.125000E-8	7.025091E-5
1.130000E-8	-6.849804E-5
1.135000E-8	-1.866916E-4
1.140000E-8	-2.809039E-4
1.145000E-8	-3.631255E-4
1.150000E-8	-4.367823E-4
1.155000E-8	-5.001615E-4
1.160000E-8	-5.584018E-4
1.165000E-8	-6.080773E-4
1.170000E-8	-6.543270E-4
1.175000E-8	-6.800212E-4
1.180000E-8	-6.800212E-4
1.185000E-8	-6.714565E-4
1.190000E-8	-6.491881E-4
1.195000E-8	-6.166421E-4
1.200000E-8	-5.789572E-4
1.205000E-8	-5.275687E-4
1.210000E-8	-4.487730E-4
1.215000E-8	-3.408571E-4
1.220000E-8	-2.226635E-4
1.225000E-8	-1.061829E-4
1.230000E-8	-1.025774E-5
1.235000E-8	5.826026E-5
1.240000E-8	1.199265E-4
1.245000E-8	1.850186E-4
1.250000E-8	2.398330E-4
1.255000E-8	2.929344E-4
1.260000E-8	3.511747E-4
1.265000E-8	4.025632E-4
1.270000E-8	4.488129E-4
1.275000E-8	4.899237E-4
1.280000E-8	4.950625E-4
1.285000E-8	4.727942E-4
1.290000E-8	4.659424E-4
1.295000E-8	4.762201E-4
1.300000E-8	4.539517E-4
1.305000E-8	4.042762E-4
1.310000E-8	3.683042E-4
1.315000E-8	3.289064E-4
1.320000E-8	2.638143E-4
1.325000E-8	2.004351E-4
1.330000E-8	1.576114E-4
1.335000E-8	1.113617E-4
1.340000E-8	7.538976E-5
1.345000E-8	6.853796E-5
1.350000E-8	9.765811E-5
1.355000E-8	1.370560E-4
1.360000E-8	1.815927E-4
1.365000E-8	2.295553E-4
1.370000E-8	2.877956E-4
1.375000E-8	3.408970E-4
1.380000E-8	3.734431E-4
1.385000E-8	4.008503E-4
1.390000E-8	4.385352E-4
1.395000E-8	4.333963E-4
1.400000E-8	3.734431E-4
1.405000E-8	3.289064E-4
1.410000E-8	3.254805E-4
1.415000E-8	2.963603E-4
1.420000E-8	2.329812E-4
1.425000E-8	1.850186E-4
1.430000E-8	1.370560E-4
1.435000E-8	6.511206E-5
1.440000E-8	-3.405942E-6
1.445000E-8	-6.678509E-5
1.450000E-8	-1.541455E-4
1.455000E-8	-2.192376E-4
1.460000E-8	-2.449319E-4
1.465000E-8	-2.980334E-4
1.470000E-8	-3.871068E-4
1.475000E-8	-4.470600E-4
1.480000E-8	-4.813190E-4
1.485000E-8	-5.121521E-4
1.490000E-8	-4.967356E-4
1.495000E-8	-4.402082E-4
1.500000E-8	-4.265046E-4
1.505000E-8	-4.487730E-4
1.510000E-8	-4.196528E-4
1.515000E-8	-3.237276E-4
1.520000E-8	-2.055340E-4
1.525000E-8	-7.534984E-5
1.530000E-8	6.853796E-5
1.535000E-8	1.952963E-4
1.540000E-8	2.860826E-4
1.545000E-8	3.220546E-4
1.550000E-8	3.014992E-4
1.555000E-8	2.501107E-4
1.560000E-8	1.850186E-4
1.565000E-8	8.738041E-5
1.570000E-8	-3.766494E-5
1.575000E-8	-1.609973E-4
1.580000E-8	-2.569225E-4
1.585000E-8	-3.031722E-4
1.590000E-8	-2.809039E-4
1.595000E-8	-2.140988E-4
1.600000E-8	-1.575714E-4
1.605000E-8	-9.247934E-5
1.610000E-8	1.201061E-5
1.615000E-8	1.387689E-4
1.620000E-8	2.415459E-4
1.625000E-8	3.066380E-4
1.630000E-8	3.357582E-4
1.635000E-8	3.340452E-4
1.640000E-8	3.271934E-4
1.645000E-8	2.860826E-4
1.650000E-8	1.935833E-4
1.655000E-8	1.113617E-4
1.660000E-8	7.025091E-5
1.665000E-8	1.714946E-5
1.670000E-8	-5.479444E-5
1.675000E-8	-7.534984E-5
1.680000E-8	-6.678509E-5
1.685000E-8	-1.113218E-4
1.690000E-8	-1.661362E-4
1.695000E-8	-1.661362E-4
1.700000E-8	-1.507196E-4
1.705000E-8	-1.661362E-4
1.710000E-8	-1.815527E-4
1.715000E-8	-1.918304E-4
1.720000E-8	-2.089599E-4
1.725000E-8	-2.003952E-4
1.730000E-8	-1.764139E-4
1.735000E-8	-1.609973E-4
1.740000E-8	-1.284513E-4
1.745000E-8	-7.192394E-5
1.750000E-8	-1.368364E-5
1.755000E-8	6.339911E-5
1.760000E-8	1.867315E-4
1.765000E-8	3.066380E-4
1.770000E-8	4.025632E-4
1.775000E-8	5.036273E-4
1.780000E-8	5.927007E-4
1.785000E-8	6.269597E-4
1.790000E-8	6.680705E-4
1.795000E-8	7.759863E-4
1.800000E-8	9.215871E-4
1.805000E-8	1.128854E-3
1.810000E-8	1.515981E-3
1.815000E-8	2.127504E-3
1.820000E-8	2.951433E-3
1.825000E-8	4.044295E-3
1.830000E-8	5.452340E-3
1.835000E-8	7.131031E-3
1.840000E-8	9.063239E-3
1.845000E-8	1.126267E-2
1.850000E-8	1.364881E-2
1.855000E-8	1.615485E-2
1.860000E-8	1.879108E-2
1.865000E-8	2.153694E-2
1.870000E-8	2.430336E-2
1.875000E-8	2.704579E-2
1.880000E-8	2.970086E-2
1.885000E-8	3.214353E-2
1.890000E-8	3.428472E-2
1.895000E-8	3.614840E-2
1.900000E-8	3.766265E-2
1.905000E-8	3.867158E-2
1.910000E-8	3.919403E-2
1.915000E-8	3.936875E-2
1.920000E-8	3.925056E-2
1.925000E-8	3.886857E-2
1.930000E-8	3.833927E-2
1.935000E-8	3.773288E-2
1.940000E-8	3.699289E-2
1.945000E-8	3.613813E-2
1.950000E-8	3.529707E-2
1.955000E-8	3.447143E-2
1.960000E-8	3.362694E-2
1.965000E-8	3.285098E-2
1.970000E-8	3.221033E-2
1.975000E-8	3.163478E-2
1.980000E-8	3.111918E-2
1.985000E-8	3.070294E-2
1.990000E-8	3.029183E-2
1.995000E-8	2.981563E-2
2.000000E-8	2.938054E-2
2.005000E-8	2.903110E-2
2.010000E-8	2.866966E-2
2.015000E-8	2.827397E-2
2.020000E-8	2.790055E-2
2.025000E-8	2.755967E-2
2.030000E-8	2.725991E-2
2.035000E-8	2.704921E-2
2.040000E-8	2.691047E-2
2.045000E-8	2.682139E-2
2.050000E-8	2.679056E-2
2.055000E-8	2.680084E-2
2.060000E-8	2.680769E-2
2.065000E-8	2.681111E-2
2.070000E-8	2.683167E-2
2.075000E-8	2.687449E-2
2.080000E-8	2.692588E-2
2.085000E-8	2.693787E-2
2.090000E-8	2.684880E-2
2.095000E-8	2.673232E-2
2.100000E-8	2.671861E-2
2.105000E-8	2.676486E-2
2.110000E-8	2.672033E-2
2.115000E-8	2.659528E-2
2.120000E-8	2.650278E-2
2.125000E-8	2.645825E-2
2.130000E-8	2.640343E-2
2.135000E-8	2.633663E-2
2.140000E-8	2.626982E-2
2.145000E-8	2.620302E-2
2.150000E-8	2.615334E-2
2.155000E-8	2.609339E-2
2.160000E-8	2.598547E-2
2.165000E-8	2.585529E-2
2.170000E-8	2.571825E-2
2.175000E-8	2.553839E-2
2.180000E-8	2.531571E-2
2.185000E-8	2.513756E-2
2.190000E-8	2.499196E-2
2.195000E-8	2.480354E-2
2.200000E-8	2.459456E-2
2.205000E-8	2.445409E-2
2.210000E-8	2.437701E-2
2.215000E-8	2.431535E-2
2.220000E-8	2.423998E-2
2.225000E-8	2.416975E-2
2.230000E-8	2.413206E-2
2.235000E-8	2.414234E-2
2.240000E-8	2.416289E-2
2.245000E-8	2.418516E-2
2.250000E-8	2.422970E-2
2.255000E-8	2.430336E-2
2.260000E-8	2.437016E-2
2.265000E-8	2.444553E-2
2.270000E-8	2.453974E-2
2.275000E-8	2.463738E-2
2.280000E-8	2.470419E-2
2.285000E-8	2.473502E-2
2.290000E-8	2.472645E-2
2.295000E-8	2.468363E-2
2.300000E-8	2.462882E-2
2.305000E-8	2.458428E-2
2.310000E-8	2.451576E-2
2.315000E-8	2.439243E-2
2.320000E-8	2.426396E-2
2.325000E-8	2.420743E-2
2.330000E-8	2.420058E-2
2.335000E-8	2.420400E-2
2.340000E-8	2.419030E-2
2.345000E-8	2.417146E-2
2.350000E-8	2.419201E-2
2.355000E-8	2.424511E-2
2.360000E-8	2.425539E-2
2.365000E-8	2.419373E-2
2.370000E-8	2.412178E-2
2.375000E-8	2.408581E-2
2.380000E-8	2.404127E-2
2.385000E-8	2.396762E-2
2.390000E-8	2.388540E-2
2.395000E-8	2.376378E-2
2.400000E-8	2.358906E-2
2.405000E-8	2.341605E-2
2.410000E-8	2.325674E-2
2.415000E-8	2.308202E-2
2.420000E-8	2.288846E-2
2.425000E-8	2.270003E-2
2.430000E-8	2.253216E-2
2.435000E-8	2.238656E-2
2.440000E-8	2.228893E-2
2.445000E-8	2.226152E-2
2.450000E-8	2.229749E-2
2.455000E-8	2.239513E-2
2.460000E-8	2.254416E-2
2.465000E-8	2.273429E-2
2.470000E-8	2.293471E-2
2.475000E-8	2.311457E-2
2.480000E-8	2.326359E-2
2.485000E-8	2.337836E-2
2.490000E-8	2.345373E-2
2.495000E-8	2.347257E-2
2.500000E-8	2.343660E-2
2.505000E-8	2.338179E-2
2.510000E-8	2.335952E-2
2.515000E-8	2.337322E-2
2.520000E-8	2.340748E-2
2.525000E-8	2.347771E-2
2.530000E-8	2.361132E-2
2.535000E-8	2.380831E-2
2.540000E-8	2.403271E-2
2.545000E-8	2.425539E-2
2.550000E-8	2.449007E-2
2.555000E-8	2.473673E-2
2.560000E-8	2.492516E-2
2.565000E-8	2.498511E-2
2.570000E-8	2.494229E-2
2.575000E-8	2.482409E-2
2.580000E-8	2.460655E-2
2.585000E-8	2.430164E-2
2.590000E-8	2.395905E-2
2.595000E-8	2.360276E-2
2.600000E-8	2.324989E-2
2.605000E-8	2.292786E-2
2.610000E-8	2.264693E-2
2.615000E-8	2.241911E-2
2.620000E-8	2.227522E-2
2.625000E-8	2.222212E-2
2.630000E-8	2.223240E-2
2.635000E-8	2.228893E-2
2.640000E-8	2.241397E-2
2.645000E-8	2.257328E-2
2.650000E-8	2.274800E-2
2.655000E-8	2.291415E-2
2.660000E-8	2.304091E-2
2.665000E-8	2.312827E-2
2.670000E-8	2.321049E-2
2.675000E-8	2.328244E-2
2.680000E-8	2.329614E-2
2.685000E-8	2.327216E-2
2.690000E-8	2.324818E-2
2.695000E-8	2.321906E-2
2.700000E-8	2.316596E-2
2.705000E-8	2.311799E-2
2.710000E-8	2.307174E-2
2.715000E-8	2.299809E-2
2.720000E-8	2.289874E-2
2.725000E-8	2.279253E-2
2.730000E-8	2.266235E-2
2.735000E-8	2.251332E-2
2.740000E-8	2.239855E-2
2.745000E-8	2.232147E-2
2.750000E-8	2.225809E-2
2.755000E-8	2.220499E-2
2.760000E-8	2.218444E-2
2.765000E-8	2.218444E-2
2.770000E-8	2.218786E-2
2.775000E-8	2.219814E-2
2.780000E-8	2.222212E-2
2.785000E-8	2.223069E-2
2.790000E-8	2.219300E-2
2.795000E-8	2.210564E-2
2.800000E-8	2.198573E-2
2.805000E-8	2.185555E-2
2.810000E-8	2.170652E-2
2.815000E-8	2.153352E-2
2.820000E-8	2.139134E-2
2.825000E-8	2.131940E-2
2.830000E-8	2.128514E-2
2.835000E-8	2.126458E-2
2.840000E-8	2.128171E-2
2.845000E-8	2.134852E-2
2.850000E-8	2.143074E-2
2.855000E-8	2.149583E-2
2.860000E-8	2.156092E-2
2.865000E-8	2.162088E-2
2.870000E-8	2.166370E-2
2.875000E-8	2.168425E-2
2.880000E-8	2.168425E-2
2.885000E-8	2.166713E-2
2.890000E-8	2.163801E-2
2.895000E-8	2.161231E-2
2.900000E-8	2.160888E-2
2.905000E-8	2.160032E-2
2.910000E-8	2.156777E-2
2.915000E-8	2.151810E-2
2.920000E-8	2.144615E-2
2.925000E-8	2.134852E-2
2.930000E-8	2.122690E-2
2.935000E-8	2.110699E-2
2.940000E-8	2.097852E-2
2.945000E-8	2.085176E-2
2.950000E-8	2.072843E-2
2.955000E-8	2.061023E-2
2.960000E-8	2.052459E-2
2.965000E-8	2.050061E-2
2.970000E-8	2.053829E-2
2.975000E-8	2.060510E-2
2.980000E-8	2.068560E-2
2.985000E-8	2.076783E-2
2.990000E-8	2.083806E-2
2.995000E-8	2.089458E-2
3.000000E-8	2.092713E-2
3.005000E-8	2.091685E-2
3.010000E-8	2.084834E-2
3.015000E-8	2.074385E-2
3.020000E-8	2.061195E-2
3.025000E-8	2.046977E-2
3.030000E-8	2.032760E-2
3.035000E-8	2.020427E-2
3.040000E-8	2.007922E-2
3.045000E-8	1.994047E-2
3.050000E-8	1.979830E-2
3.055000E-8	1.966983E-2
3.060000E-8	1.956362E-2
3.065000E-8	1.948654E-2
3.070000E-8	1.945057E-2
3.075000E-8	1.943515E-2
3.080000E-8	1.941117E-2
3.085000E-8	1.940603E-2
3.090000E-8	1.945742E-2
3.095000E-8	1.954478E-2
3.100000E-8	1.965270E-2
3.105000E-8	1.978117E-2
3.110000E-8	1.990964E-2
3.115000E-8	2.002441E-2
3.120000E-8	2.012033E-2
3.125000E-8	2.017857E-2
3.130000E-8	2.018542E-2
3.135000E-8	2.014260E-2
3.140000E-8	2.005524E-2
3.145000E-8	1.992334E-2
3.150000E-8	1.976746E-2
3.155000E-8	1.961501E-2
3.160000E-8	1.947626E-2
3.165000E-8	1.936149E-2
3.170000E-8	1.927242E-2
3.175000E-8	1.921247E-2
3.180000E-8	1.918163E-2
3.185000E-8	1.916622E-2
3.190000E-8	1.916793E-2
3.195000E-8	1.915937E-2
3.200000E-8	1.913025E-2
3.205000E-8	1.909085E-2
3.210000E-8	1.903090E-2
3.215000E-8	1.892812E-2
3.220000E-8	1.879622E-2
3.225000E-8	1.866090E-2
3.230000E-8	1.853243E-2
3.235000E-8	1.842622E-2
3.240000E-8	1.836798E-2
3.245000E-8	1.836970E-2
3.250000E-8	1.842451E-2
3.255000E-8	1.852729E-2
3.260000E-8	1.865576E-2
3.265000E-8	1.879451E-2
3.270000E-8	1.895895E-2
3.275000E-8	1.911997E-2
3.280000E-8	1.923645E-2
3.285000E-8	1.930497E-2
3.290000E-8	1.934094E-2
3.295000E-8	1.933751E-2
3.300000E-8	1.927927E-2
3.305000E-8	1.919363E-2
3.310000E-8	1.909941E-2
3.315000E-8	1.898293E-2
3.320000E-8	1.886816E-2
3.325000E-8	1.875854E-2
3.330000E-8	1.865576E-2
3.335000E-8	1.857182E-2
3.340000E-8	1.850331E-2
3.345000E-8	1.842451E-2
3.350000E-8	1.835428E-2
3.355000E-8	1.833372E-2
3.360000E-8	1.834743E-2
3.365000E-8	1.834914E-2
3.370000E-8	1.834914E-2
3.375000E-8	1.837655E-2
3.380000E-8	1.840567E-2
3.385000E-8	1.842451E-2
3.390000E-8	1.845534E-2
3.395000E-8	1.848446E-2
3.400000E-8	1.849303E-2
3.405000E-8	1.849645E-2
3.410000E-8	1.849645E-2
3.415000E-8	1.847761E-2
3.420000E-8	1.841595E-2
3.425000E-8	1.832859E-2
3.430000E-8	1.821724E-2
3.435000E-8	1.807678E-2
3.440000E-8	1.791405E-2
3.445000E-8	1.775303E-2
3.450000E-8	1.762114E-2
3.455000E-8	1.752007E-2
3.460000E-8	1.743100E-2
3.465000E-8	1.737276E-2
3.470000E-8	1.737105E-2
3.475000E-8	1.741216E-2
3.480000E-8	1.746183E-2
3.485000E-8	1.753720E-2
3.490000E-8	1.765882E-2
3.495000E-8	1.782327E-2
3.500000E-8	1.797743E-2
3.505000E-8	1.810933E-2
3.510000E-8	1.824123E-2
3.515000E-8	1.837997E-2
3.520000E-8	1.848104E-2
3.525000E-8	1.851016E-2
3.530000E-8	1.848960E-2
3.535000E-8	1.842965E-2
3.540000E-8	1.832002E-2
3.545000E-8	1.818127E-2
3.550000E-8	1.803567E-2
3.555000E-8	1.788151E-2
3.560000E-8	1.772391E-2
3.565000E-8	1.757489E-2
3.570000E-8	1.742243E-2
3.575000E-8	1.728369E-2
3.580000E-8	1.719461E-2
3.585000E-8	1.714151E-2
3.590000E-8	1.708841E-2
3.595000E-8	1.705758E-2
3.600000E-8	1.704387E-2
3.605000E-8	1.704216E-2
3.610000E-8	1.707299E-2
3.615000E-8	1.712781E-2
3.620000E-8	1.716035E-2
3.625000E-8	1.717406E-2
3.630000E-8	1.721003E-2
3.635000E-8	1.723744E-2
3.640000E-8	1.723230E-2
3.645000E-8	1.722887E-2
3.650000E-8	1.723401E-2
3.655000E-8	1.721859E-2
3.660000E-8	1.719804E-2
3.665000E-8	1.718605E-2
3.670000E-8	1.716378E-2
3.675000E-8	1.712609E-2
3.680000E-8	1.708498E-2
3.685000E-8	1.702503E-2
3.690000E-8	1.694966E-2
3.695000E-8	1.689999E-2
3.700000E-8	1.688286E-2
3.705000E-8	1.684688E-2
3.710000E-8	1.678522E-2
3.715000E-8	1.672869E-2
3.720000E-8	1.668929E-2
3.725000E-8	1.664476E-2
3.730000E-8	1.659337E-2
3.735000E-8	1.655397E-2
3.740000E-8	1.652828E-2
3.745000E-8	1.651115E-2
3.750000E-8	1.651457E-2
3.755000E-8	1.651971E-2
3.760000E-8	1.650429E-2
3.765000E-8	1.648545E-2
3.770000E-8	1.647689E-2
3.775000E-8	1.646147E-2
3.780000E-8	1.642207E-2
3.785000E-8	1.638267E-2
3.790000E-8	1.634499E-2
3.795000E-8	1.631244E-2
3.800000E-8	1.629189E-2
3.805000E-8	1.629360E-2
3.810000E-8	1.632786E-2
3.815000E-8	1.637582E-2
3.820000E-8	1.641179E-2
3.825000E-8	1.642379E-2
3.830000E-8	1.643406E-2
3.835000E-8	1.643578E-2
3.840000E-8	1.639638E-2
3.845000E-8	1.630217E-2
3.850000E-8	1.618568E-2
3.855000E-8	1.607434E-2
3.860000E-8	1.596643E-2
3.865000E-8	1.586536E-2
3.870000E-8	1.578999E-2
3.875000E-8	1.575573E-2
3.880000E-8	1.575060E-2
3.885000E-8	1.578657E-2
3.890000E-8	1.587907E-2
3.895000E-8	1.598698E-2
3.900000E-8	1.606749E-2
3.905000E-8	1.613772E-2
3.910000E-8	1.621481E-2
3.915000E-8	1.626277E-2
3.920000E-8	1.628332E-2
3.925000E-8	1.629017E-2
3.930000E-8	1.626791E-2
3.935000E-8	1.619768E-2
3.940000E-8	1.610346E-2
3.945000E-8	1.601096E-2
3.950000E-8	1.591504E-2
3.955000E-8	1.581055E-2
3.960000E-8	1.571634E-2
3.965000E-8	1.564611E-2
3.970000E-8	1.560499E-2
3.975000E-8	1.558273E-2
3.980000E-8	1.554675E-2
3.985000E-8	1.551250E-2
3.990000E-8	1.549194E-2
3.995000E-8	1.547481E-2
4.000000E-8	1.544569E-2
4.005000E-8	1.541486E-2
4.010000E-8	1.538574E-2
4.015000E-8	1.533949E-2
4.020000E-8	1.528467E-2
4.025000E-8	1.523500E-2
4.030000E-8	1.519731E-2
4.035000E-8	1.516134E-2
4.040000E-8	1.513393E-2
4.045000E-8	1.511680E-2
4.050000E-8	1.509796E-2
4.055000E-8	1.507398E-2
4.060000E-8	1.505685E-2
4.065000E-8	1.504829E-2
4.070000E-8	1.506542E-2
4.075000E-8	1.512708E-2
4.080000E-8	1.521958E-2
4.085000E-8	1.532921E-2
4.090000E-8	1.546625E-2
4.095000E-8	1.563412E-2
4.100000E-8	1.581569E-2
4.105000E-8	1.597842E-2
4.110000E-8	1.609832E-2
4.115000E-8	1.616342E-2
4.120000E-8	1.617712E-2
4.125000E-8	1.613944E-2
4.130000E-8	1.605036E-2
4.135000E-8	1.592703E-2
4.140000E-8	1.580198E-2
4.145000E-8	1.567694E-2
4.150000E-8	1.554162E-2
4.155000E-8	1.543370E-2
4.160000E-8	1.537203E-2
4.165000E-8	1.533435E-2
4.170000E-8	1.530865E-2
4.175000E-8	1.529666E-2
4.180000E-8	1.528981E-2
4.185000E-8	1.528639E-2
4.190000E-8	1.529324E-2
4.195000E-8	1.528296E-2
4.200000E-8	1.523328E-2
4.205000E-8	1.515278E-2
4.210000E-8	1.506713E-2
4.215000E-8	1.496606E-2
4.220000E-8	1.485472E-2
4.225000E-8	1.477250E-2
4.230000E-8	1.473139E-2
4.235000E-8	1.471597E-2
4.240000E-8	1.472111E-2
4.245000E-8	1.476051E-2
4.250000E-8	1.483417E-2
4.255000E-8	1.491810E-2
4.260000E-8	1.501403E-2
4.265000E-8	1.512708E-2
4.270000E-8	1.524356E-2
4.275000E-8	1.534977E-2
4.280000E-8	1.542000E-2
4.285000E-8	1.542856E-2
4.290000E-8	1.538060E-2
4.295000E-8	1.529666E-2
4.300000E-8	1.516477E-2
4.305000E-8	1.500204E-2
4.310000E-8	1.483588E-2
4.315000E-8	1.467144E-2
4.320000E-8	1.450699E-2
4.325000E-8	1.435968E-2
4.330000E-8	1.425348E-2
4.335000E-8	1.419695E-2
4.340000E-8	1.416612E-2
4.345000E-8	1.416098E-2
4.350000E-8	1.420209E-2
4.355000E-8	1.429288E-2
4.360000E-8	1.438366E-2
4.365000E-8	1.443848E-2
4.370000E-8	1.447445E-2
4.375000E-8	1.449158E-2
4.380000E-8	1.448130E-2
4.385000E-8	1.445389E-2
4.390000E-8	1.442306E-2
4.395000E-8	1.438195E-2
4.400000E-8	1.435454E-2
4.405000E-8	1.434084E-2
4.410000E-8	1.432713E-2
4.415000E-8	1.431686E-2
4.420000E-8	1.432542E-2
4.425000E-8	1.431857E-2
4.430000E-8	1.427575E-2
4.435000E-8	1.422950E-2
4.440000E-8	1.419695E-2
4.445000E-8	1.414385E-2
4.450000E-8	1.404621E-2
4.455000E-8	1.391774E-2
4.460000E-8	1.378413E-2
4.465000E-8	1.367450E-2
4.470000E-8	1.358714E-2
4.475000E-8	1.351520E-2
4.480000E-8	1.347237E-2
4.485000E-8	1.347580E-2
4.490000E-8	1.351862E-2
4.495000E-8	1.359399E-2
4.500000E-8	1.368478E-2
4.505000E-8	1.376700E-2
4.510000E-8	1.383552E-2
4.515000E-8	1.389718E-2
4.520000E-8	1.393487E-2
4.525000E-8	1.391774E-2
4.530000E-8	1.384066E-2
4.535000E-8	1.372075E-2
4.540000E-8	1.357515E-2
4.545000E-8	1.341927E-2
4.550000E-8	1.328052E-2
4.555000E-8	1.317946E-2
4.560000E-8	1.312636E-2
4.565000E-8	1.311437E-2
4.570000E-8	1.313492E-2
4.575000E-8	1.320001E-2
4.580000E-8	1.329423E-2
4.585000E-8	1.340043E-2
4.590000E-8	1.350663E-2
4.595000E-8	1.361455E-2
4.600000E-8	1.370019E-2
4.605000E-8	1.373445E-2
4.610000E-8	1.371561E-2
4.615000E-8	1.366251E-2
4.620000E-8	1.357515E-2
4.625000E-8	1.346723E-2
4.630000E-8	1.338501E-2
4.635000E-8	1.333705E-2
4.640000E-8	1.329594E-2
4.645000E-8	1.327024E-2
4.650000E-8	1.327538E-2
4.655000E-8	1.329936E-2
4.660000E-8	1.332848E-2
4.665000E-8	1.335589E-2
4.670000E-8	1.338672E-2
4.675000E-8	1.341413E-2
4.680000E-8	1.342441E-2
4.685000E-8	1.340728E-2
4.690000E-8	1.336274E-2
4.695000E-8	1.331135E-2
4.700000E-8	1.325311E-2
4.705000E-8	1.317261E-2
4.710000E-8	1.308525E-2
4.715000E-8	1.302187E-2
4.720000E-8	1.297048E-2
4.725000E-8	1.292937E-2
4.730000E-8	1.290710E-2
4.735000E-8	1.292765E-2
4.740000E-8	1.297904E-2
4.745000E-8	1.305099E-2
4.750000E-8	1.312978E-2
4.755000E-8	1.320001E-2
4.760000E-8	1.325483E-2
4.765000E-8	1.329423E-2
4.770000E-8	1.330279E-2
4.775000E-8	1.327538E-2
4.780000E-8	1.322057E-2
4.785000E-8	1.314862E-2
4.790000E-8	1.305099E-2
4.795000E-8	1.294136E-2
4.800000E-8	1.284201E-2
4.805000E-8	1.275978E-2
4.810000E-8	1.269812E-2
4.815000E-8	1.268613E-2
4.820000E-8	1.272895E-2
4.825000E-8	1.280261E-2
4.830000E-8	1.289339E-2
4.835000E-8	1.300131E-2
4.840000E-8	1.311779E-2
4.845000E-8	1.320858E-2
4.850000E-8	1.327367E-2
4.855000E-8	1.330622E-2
4.860000E-8	1.328737E-2
4.865000E-8	1.322228E-2
4.870000E-8	1.312464E-2
4.875000E-8	1.299103E-2
4.880000E-8	1.283002E-2
4.885000E-8	1.268099E-2
4.890000E-8	1.257821E-2
4.895000E-8	1.251312E-2
4.900000E-8	1.248229E-2
4.905000E-8	1.249085E-2
4.910000E-8	1.253196E-2
4.915000E-8	1.258849E-2
4.920000E-8	1.264330E-2
4.925000E-8	1.267585E-2
4.930000E-8	1.267242E-2
4.935000E-8	1.262960E-2
4.940000E-8	1.253196E-2
4.945000E-8	1.238465E-2
4.950000E-8	1.221164E-2
4.955000E-8	1.201979E-2
4.960000E-8	1.181595E-2
4.965000E-8	1.163780E-2
4.970000E-8	1.150591E-2
4.975000E-8	1.142368E-2
4.980000E-8	1.139628E-2
4.985000E-8	1.145452E-2
4.990000E-8	1.159840E-2
4.995000E-8	1.179368E-2
5.000000E-8	1.199067E-2
5.005000E-8	1.217224E-2
5.010000E-8	1.233497E-2
5.015000E-8	1.245145E-2
5.020000E-8	1.249770E-2
5.025000E-8	1.247201E-2
5.030000E-8	1.240007E-2
5.035000E-8	1.231270E-2
5.040000E-8	1.222363E-2
5.045000E-8	1.212428E-2
5.050000E-8	1.202493E-2
5.055000E-8	1.194956E-2
5.060000E-8	1.192729E-2
5.065000E-8	1.195984E-2
5.070000E-8	1.202664E-2
5.075000E-8	1.211914E-2
5.080000E-8	1.221335E-2
5.085000E-8	1.229558E-2
5.090000E-8	1.236923E-2
5.095000E-8	1.242576E-2
5.100000E-8	1.244118E-2
5.105000E-8	1.240520E-2
5.110000E-8	1.235724E-2
5.115000E-8	1.230414E-2
5.120000E-8	1.223048E-2
5.125000E-8	1.213113E-2
5.130000E-8	1.202150E-2
5.135000E-8	1.190160E-2
5.140000E-8	1.179368E-2
5.145000E-8	1.171831E-2
5.150000E-8	1.166007E-2
5.155000E-8	1.161040E-2
5.160000E-8	1.160012E-2
5.165000E-8	1.163438E-2
5.170000E-8	1.167549E-2
5.175000E-8	1.171831E-2
5.180000E-8	1.179026E-2
5.185000E-8	1.186562E-2
5.190000E-8	1.191701E-2
5.195000E-8	1.196326E-2
5.200000E-8	1.199752E-2
5.205000E-8	1.198382E-2
5.210000E-8	1.193072E-2
5.215000E-8	1.187419E-2
5.220000E-8	1.179368E-2
5.225000E-8	1.167035E-2
5.230000E-8	1.154873E-2
5.235000E-8	1.146993E-2
5.240000E-8	1.141855E-2
5.245000E-8	1.138942E-2
5.250000E-8	1.139799E-2
5.255000E-8	1.144767E-2
5.260000E-8	1.152475E-2
5.265000E-8	1.160183E-2
5.270000E-8	1.165151E-2
5.275000E-8	1.167720E-2
5.280000E-8	1.170118E-2
5.285000E-8	1.171317E-2
5.290000E-8	1.169604E-2
5.295000E-8	1.166350E-2
5.300000E-8	1.161896E-2
5.305000E-8	1.156072E-2
5.310000E-8	1.150591E-2
5.315000E-8	1.145794E-2
5.320000E-8	1.142197E-2
5.325000E-8	1.140655E-2
5.330000E-8	1.142026E-2
5.335000E-8	1.143567E-2
5.340000E-8	1.143396E-2
5.345000E-8	1.143054E-2
5.350000E-8	1.143739E-2
5.355000E-8	1.144081E-2
5.360000E-8	1.139799E-2
5.365000E-8	1.132262E-2
5.370000E-8	1.124725E-2
5.375000E-8	1.118044E-2
5.380000E-8	1.111535E-2
5.385000E-8	1.106910E-2
5.390000E-8	1.106054E-2
5.395000E-8	1.108281E-2
5.400000E-8	1.112563E-2
5.405000E-8	1.118901E-2
5.410000E-8	1.125239E-2
5.415000E-8	1.130206E-2
5.420000E-8	1.133804E-2
5.425000E-8	1.136544E-2
5.430000E-8	1.138086E-2
5.435000E-8	1.139114E-2
5.440000E-8	1.140142E-2
5.445000E-8	1.138771E-2
5.450000E-8	1.134146E-2
5.455000E-8	1.129350E-2
5.460000E-8	1.124382E-2
5.465000E-8	1.118901E-2
5.470000E-8	1.114276E-2
5.475000E-8	1.110679E-2
5.480000E-8	1.106396E-2
5.485000E-8	1.101429E-2
5.490000E-8	1.096633E-2
5.495000E-8	1.091494E-2
5.500000E-8	1.084985E-2
5.505000E-8	1.078475E-2
5.510000E-8	1.074022E-2
5.515000E-8	1.071281E-2
5.520000E-8	1.069054E-2
5.525000E-8	1.068540E-2
5.530000E-8	1.073165E-2
5.535000E-8	1.081216E-2
5.540000E-8	1.089781E-2
5.545000E-8	1.099031E-2
5.550000E-8	1.107595E-2
5.555000E-8	1.109822E-2
5.560000E-8	1.102799E-2
5.565000E-8	1.089267E-2
5.570000E-8	1.072309E-2
5.575000E-8	1.051753E-2
5.580000E-8	1.029656E-2
5.585000E-8	1.007731E-2
5.590000E-8	9.894019E-3
5.595000E-8	9.765548E-3
5.600000E-8	9.712447E-3
5.605000E-8	9.743280E-3
5.610000E-8	9.854622E-3
5.615000E-8	1.002763E-2
5.620000E-8	1.024004E-2
5.625000E-8	1.047128E-2
5.630000E-8	1.069911E-2
5.635000E-8	1.089952E-2
5.640000E-8	1.106396E-2
5.645000E-8	1.119244E-2
5.650000E-8	1.126781E-2
5.655000E-8	1.129693E-2
5.660000E-8	1.127808E-2
5.665000E-8	1.121642E-2
5.670000E-8	1.112220E-2
5.675000E-8	1.101600E-2
5.680000E-8	1.091665E-2
5.685000E-8	1.081216E-2
5.690000E-8	1.069739E-2
5.695000E-8	1.059633E-2
5.700000E-8	1.052781E-2
5.705000E-8	1.048156E-2
5.710000E-8	1.044559E-2
5.715000E-8	1.041990E-2
5.720000E-8	1.040105E-2
5.725000E-8	1.038050E-2
5.730000E-8	1.036851E-2
5.735000E-8	1.037022E-2
5.740000E-8	1.037365E-2
5.745000E-8	1.038221E-2
5.750000E-8	1.039420E-2
5.755000E-8	1.039763E-2
5.760000E-8	1.040790E-2
5.765000E-8	1.043874E-2
5.770000E-8	1.048499E-2
5.775000E-8	1.054323E-2
5.780000E-8	1.061517E-2
5.785000E-8	1.068540E-2
5.790000E-8	1.072651E-2
5.795000E-8	1.076249E-2
5.800000E-8	1.078818E-2
5.805000E-8	1.077619E-2
5.810000E-8	1.073508E-2
5.815000E-8	1.070424E-2
5.820000E-8	1.066999E-2
5.825000E-8	1.059633E-2
5.830000E-8	1.050040E-2
5.835000E-8	1.041476E-2
5.840000E-8	1.034281E-2
5.845000E-8	1.028629E-2
5.850000E-8	1.026916E-2
5.855000E-8	1.027772E-2
5.860000E-8	1.030170E-2
5.865000E-8	1.035994E-2
5.870000E-8	1.043360E-2
5.875000E-8	1.050897E-2
5.880000E-8	1.059804E-2
5.885000E-8	1.069568E-2
5.890000E-8	1.074707E-2
5.895000E-8	1.074536E-2
5.900000E-8	1.071966E-2
5.905000E-8	1.065800E-2
5.910000E-8	1.057235E-2
5.915000E-8	1.049013E-2
5.920000E-8	1.039934E-2
5.925000E-8	1.027258E-2
5.930000E-8	1.013897E-2
5.935000E-8	1.003791E-2
5.940000E-8	9.955686E-3
5.945000E-8	9.897445E-3
5.950000E-8	9.888881E-3
5.955000E-8	9.907723E-3
5.960000E-8	9.919714E-3
5.965000E-8	9.941982E-3
5.970000E-8	9.983093E-3
5.975000E-8	1.002934E-2
5.980000E-8	1.008073E-2
5.985000E-8	1.011842E-2
5.990000E-8	1.013555E-2
5.995000E-8	1.013383E-2
6.000000E-8	1.012527E-2
6.005000E-8	1.011328E-2
6.010000E-8	1.010814E-2
6.015000E-8	1.010471E-2
6.020000E-8	1.008587E-2
6.025000E-8	1.008758E-2
6.030000E-8	1.013383E-2
6.035000E-8	1.018865E-2
6.040000E-8	1.021948E-2
6.045000E-8	1.025888E-2
6.050000E-8	1.031198E-2
6.055000E-8	1.033939E-2
6.060000E-8	1.033082E-2
6.065000E-8	1.029999E-2
6.070000E-8	1.024517E-2
6.075000E-8	1.016809E-2
6.080000E-8	1.006703E-2
6.085000E-8	9.935130E-3
6.090000E-8	9.792955E-3
6.095000E-8	9.652494E-3
6.100000E-8	9.515457E-3
6.105000E-8	9.392125E-3
6.110000E-8	9.315042E-3
6.115000E-8	9.304765E-3
6.120000E-8	9.354440E-3
6.125000E-8	9.453791E-3
6.130000E-8	9.583975E-3
6.135000E-8	9.717586E-3
6.140000E-8	9.847770E-3
6.145000E-8	9.974528E-3
6.150000E-8	1.008587E-2
6.155000E-8	1.016809E-2
6.160000E-8	1.023490E-2
6.165000E-8	1.027772E-2
6.170000E-8	1.025888E-2
6.175000E-8	1.020064E-2
6.180000E-8	1.014411E-2
6.185000E-8	1.010471E-2
6.190000E-8	1.006874E-2
6.195000E-8	1.003619E-2
6.200000E-8	1.000879E-2
6.205000E-8	9.983093E-3
6.210000E-8	9.953973E-3
6.215000E-8	9.894019E-3
6.220000E-8	9.808372E-3
6.225000E-8	9.721012E-3
6.230000E-8	9.633651E-3
6.235000E-8	9.522309E-3
6.240000E-8	9.405829E-3
6.245000E-8	9.316755E-3
6.250000E-8	9.275644E-3
6.255000E-8	9.255089E-3
6.260000E-8	9.225969E-3
6.265000E-8	9.183145E-3
6.270000E-8	9.160877E-3
6.275000E-8	9.166016E-3
6.280000E-8	9.157451E-3
6.285000E-8	9.131757E-3
6.290000E-8	9.128331E-3
6.295000E-8	9.135183E-3
6.300000E-8	9.124905E-3
6.305000E-8	9.106062E-3
6.310000E-8	9.114627E-3
6.315000E-8	9.157451E-3
6.320000E-8	9.210552E-3
6.325000E-8	9.248237E-3
6.330000E-8	9.256802E-3
6.335000E-8	9.253376E-3
6.340000E-8	9.251663E-3
6.345000E-8	9.237960E-3
6.350000E-8	9.205414E-3
6.355000E-8	9.164303E-3
6.360000E-8	9.111201E-3
6.365000E-8	9.070090E-3
6.370000E-8	9.066665E-3
6.375000E-8	9.094072E-3
6.380000E-8	9.112914E-3
6.385000E-8	9.145460E-3
6.390000E-8	9.207126E-3
6.395000E-8	9.273932E-3
6.400000E-8	9.315042E-3
6.405000E-8	9.337311E-3
6.410000E-8	9.351014E-3
6.415000E-8	9.363005E-3
6.420000E-8	9.364718E-3
6.425000E-8	9.340737E-3
6.430000E-8	9.296200E-3
6.435000E-8	9.258515E-3
6.440000E-8	9.227682E-3
6.445000E-8	9.186571E-3
6.450000E-8	9.157451E-3
6.455000E-8	9.162590E-3
6.460000E-8	9.189997E-3
6.465000E-8	9.225969E-3
6.470000E-8	9.284209E-3
6.475000E-8	9.347588E-3
6.480000E-8	9.388699E-3
6.485000E-8	9.414393E-3
6.490000E-8	9.433236E-3
6.495000E-8	9.434949E-3
6.500000E-8	9.412680E-3
6.505000E-8	9.383560E-3
6.510000E-8	9.368144E-3
6.515000E-8	9.364718E-3
6.520000E-8	9.371570E-3
6.525000E-8	9.374996E-3
6.530000E-8	9.371570E-3
6.535000E-8	9.359579E-3
6.540000E-8	9.349301E-3
6.545000E-8	9.328746E-3
6.550000E-8	9.275644E-3
6.555000E-8	9.200275E-3
6.560000E-8	9.119766E-3
6.565000E-8	9.022128E-3
6.570000E-8	8.912499E-3
6.575000E-8	8.823426E-3
6.580000E-8	8.773750E-3
6.585000E-8	8.766898E-3
6.590000E-8	8.808009E-3
6.595000E-8	8.900508E-3
6.600000E-8	9.015276E-3
6.605000E-8	9.126618E-3
6.610000E-8	9.248237E-3
6.615000E-8	9.364718E-3
6.620000E-8	9.450365E-3
6.625000E-8	9.474347E-3
6.630000E-8	9.458930E-3
6.635000E-8	9.392125E-3
6.640000E-8	9.261941E-3
6.645000E-8	9.090646E-3
6.650000E-8	8.919351E-3
6.655000E-8	8.754908E-3
6.660000E-8	8.614446E-3
6.665000E-8	8.521946E-3
6.670000E-8	8.467132E-3
6.675000E-8	8.420882E-3
6.680000E-8	8.379772E-3
6.685000E-8	8.345513E-3
6.690000E-8	8.302689E-3
6.695000E-8	8.256439E-3
6.700000E-8	8.208477E-3
6.705000E-8	8.155375E-3
6.710000E-8	8.095422E-3
6.715000E-8	8.049172E-3
6.720000E-8	8.032043E-3
6.725000E-8	8.052598E-3
6.730000E-8	8.117690E-3
6.735000E-8	8.220467E-3
6.740000E-8	8.336948E-3
6.745000E-8	8.460280E-3
6.750000E-8	8.576761E-3
6.755000E-8	8.658982E-3
6.760000E-8	8.705232E-3
6.765000E-8	8.718936E-3
6.770000E-8	8.686390E-3
6.775000E-8	8.614446E-3
6.780000E-8	8.532224E-3
6.785000E-8	8.453428E-3
6.790000E-8	8.376346E-3
6.795000E-8	8.319818E-3
6.800000E-8	8.300976E-3
6.805000E-8	8.328383E-3
6.810000E-8	8.410605E-3
6.815000E-8	8.527085E-3
6.820000E-8	8.636714E-3
6.825000E-8	8.730926E-3
6.830000E-8	8.811435E-3
6.835000E-8	8.855972E-3
6.840000E-8	8.859398E-3
6.845000E-8	8.835416E-3
6.850000E-8	8.768611E-3
6.855000E-8	8.669260E-3
6.860000E-8	8.568196E-3
6.865000E-8	8.477410E-3
6.870000E-8	8.376346E-3
6.875000E-8	8.288985E-3
6.880000E-8	8.239310E-3
6.885000E-8	8.203338E-3
6.890000E-8	8.169079E-3
6.895000E-8	8.160514E-3
6.900000E-8	8.167366E-3
6.905000E-8	8.146810E-3
6.910000E-8	8.110838E-3
6.915000E-8	8.107413E-3
6.920000E-8	8.117690E-3
6.925000E-8	8.136533E-3
6.930000E-8	8.170792E-3
6.935000E-8	8.227319E-3
6.940000E-8	8.283846E-3
6.945000E-8	8.343800E-3
6.950000E-8	8.398614E-3
6.955000E-8	8.448290E-3
6.960000E-8	8.480836E-3
6.965000E-8	8.494539E-3
6.970000E-8	8.492826E-3
6.975000E-8	8.484262E-3
6.980000E-8	8.465419E-3
6.985000E-8	8.415744E-3
6.990000E-8	8.342087E-3
6.995000E-8	8.271856E-3
7.000000E-8	8.196486E-3
7.005000E-8	8.097135E-3
7.010000E-8	8.002923E-3
7.015000E-8	7.934405E-3
7.020000E-8	7.886442E-3
7.025000E-8	7.862461E-3
7.030000E-8	7.859035E-3
7.035000E-8	7.853896E-3
7.040000E-8	7.852183E-3
7.045000E-8	7.855609E-3
7.050000E-8	7.847044E-3
7.055000E-8	7.824776E-3
7.060000E-8	7.836766E-3
7.065000E-8	7.876164E-3
7.070000E-8	7.901859E-3
7.075000E-8	7.934405E-3
7.080000E-8	7.989219E-3
7.085000E-8	8.028617E-3
7.090000E-8	8.038895E-3
7.095000E-8	8.033756E-3
7.100000E-8	8.009774E-3
7.105000E-8	7.954960E-3
7.110000E-8	7.896720E-3
7.115000E-8	7.831628E-3
7.120000E-8	7.763110E-3
7.125000E-8	7.701443E-3
7.130000E-8	7.658620E-3
7.135000E-8	7.629499E-3
7.140000E-8	7.629499E-3
7.145000E-8	7.675749E-3
7.150000E-8	7.757971E-3
7.155000E-8	7.871025E-3
7.160000E-8	8.018339E-3
7.165000E-8	8.186208E-3
7.170000E-8	8.331809E-3
7.175000E-8	8.441438E-3
7.180000E-8	8.516808E-3
7.185000E-8	8.537363E-3
7.190000E-8	8.497965E-3
7.195000E-8	8.422595E-3
7.200000E-8	8.314680E-3
7.205000E-8	8.160514E-3
7.210000E-8	7.984080E-3
7.215000E-8	7.819637E-3
7.220000E-8	7.679175E-3
7.225000E-8	7.572972E-3
7.230000E-8	7.516445E-3
7.235000E-8	7.497602E-3
7.240000E-8	7.501028E-3
7.245000E-8	7.518158E-3
7.250000E-8	7.542139E-3
7.255000E-8	7.566120E-3
7.260000E-8	7.581537E-3
7.265000E-8	7.560981E-3
7.270000E-8	7.495889E-3
7.275000E-8	7.415381E-3
7.280000E-8	7.343437E-3
7.285000E-8	7.274919E-3
7.290000E-8	7.204688E-3
7.295000E-8	7.131031E-3
7.300000E-8	7.072791E-3
7.305000E-8	7.045384E-3
7.310000E-8	7.028254E-3
7.315000E-8	7.007699E-3
7.320000E-8	7.011125E-3
7.325000E-8	7.033393E-3
7.330000E-8	7.052235E-3
7.335000E-8	7.077930E-3
7.340000E-8	7.124179E-3
7.345000E-8	7.182420E-3
7.350000E-8	7.257789E-3
7.355000E-8	7.362279E-3
7.360000E-8	7.482186E-3
7.365000E-8	7.605518E-3
7.370000E-8	7.737415E-3
7.375000E-8	7.877877E-3
7.380000E-8	8.001210E-3
7.385000E-8	8.109126E-3
7.390000E-8	8.201625E-3
7.395000E-8	8.265004E-3
7.400000E-8	8.285559E-3
7.405000E-8	8.287272E-3
7.410000E-8	8.266717E-3
7.415000E-8	8.225606E-3
7.420000E-8	8.155375E-3
7.425000E-8	8.057737E-3
7.430000E-8	7.951534E-3
7.435000E-8	7.857322E-3
7.440000E-8	7.768248E-3
7.445000E-8	7.660333E-3
7.450000E-8	7.552417E-3
7.455000E-8	7.463343E-3
7.460000E-8	7.399964E-3
7.465000E-8	7.348576E-3
7.470000E-8	7.300613E-3
7.475000E-8	7.276632E-3
7.480000E-8	7.293761E-3
7.485000E-8	7.352002E-3
7.490000E-8	7.411955E-3
7.495000E-8	7.477047E-3
7.500000E-8	7.562694E-3
7.505000E-8	7.644916E-3
7.510000E-8	7.694592E-3
7.515000E-8	7.698017E-3
7.520000E-8	7.670610E-3
7.525000E-8	7.602092E-3
7.530000E-8	7.494176E-3
7.535000E-8	7.365705E-3
7.540000E-8	7.228669E-3
7.545000E-8	7.096772E-3
7.550000E-8	6.997421E-3
7.555000E-8	6.940894E-3
7.560000E-8	6.913486E-3
7.565000E-8	6.916912E-3
7.570000E-8	6.966588E-3
7.575000E-8	7.069365E-3
7.580000E-8	7.202975E-3
7.585000E-8	7.331446E-3
7.590000E-8	7.439362E-3
7.595000E-8	7.530148E-3
7.600000E-8	7.598666E-3
7.605000E-8	7.620935E-3
7.610000E-8	7.602092E-3
7.615000E-8	7.572972E-3
7.620000E-8	7.518158E-3
7.625000E-8	7.425658E-3
7.630000E-8	7.322881E-3
7.635000E-8	7.226956E-3
7.640000E-8	7.137883E-3
7.645000E-8	7.067652E-3
7.650000E-8	7.036819E-3
7.655000E-8	7.035106E-3
7.660000E-8	7.041958E-3
7.665000E-8	7.077930E-3
7.670000E-8	7.146448E-3
7.675000E-8	7.233808E-3
7.680000E-8	7.317743E-3
7.685000E-8	7.375983E-3
7.690000E-8	7.396538E-3
7.695000E-8	7.406816E-3
7.700000E-8	7.420520E-3
7.705000E-8	7.425658E-3
7.710000E-8	7.411955E-3
7.715000E-8	7.391399E-3
7.720000E-8	7.367418E-3
7.725000E-8	7.341724E-3
7.730000E-8	7.319456E-3
7.735000E-8	7.293761E-3
7.740000E-8	7.256076E-3
7.745000E-8	7.206401E-3
7.750000E-8	7.131031E-3
7.755000E-8	7.040245E-3
7.760000E-8	6.956310E-3
7.765000E-8	6.891218E-3
7.770000E-8	6.810709E-3
7.775000E-8	6.723349E-3
7.780000E-8	6.665109E-3
7.785000E-8	6.642840E-3
7.790000E-8	6.654831E-3
7.795000E-8	6.702794E-3
7.800000E-8	6.783302E-3
7.805000E-8	6.879227E-3
7.810000E-8	6.988856E-3
7.815000E-8	7.117327E-3
7.820000E-8	7.240660E-3
7.825000E-8	7.334872E-3
7.830000E-8	7.399964E-3
7.835000E-8	7.427371E-3
7.840000E-8	7.411955E-3
7.845000E-8	7.358853E-3
7.850000E-8	7.288622E-3
7.855000E-8	7.208114E-3
7.860000E-8	7.122466E-3
7.865000E-8	7.029967E-3
7.870000E-8	6.951171E-3
7.875000E-8	6.903209E-3
7.880000E-8	6.884366E-3
7.885000E-8	6.862098E-3
7.890000E-8	6.817561E-3
7.895000E-8	6.771312E-3
7.900000E-8	6.738765E-3
7.905000E-8	6.699368E-3
7.910000E-8	6.637701E-3
7.915000E-8	6.565758E-3
7.920000E-8	6.486962E-3
7.925000E-8	6.408166E-3
7.930000E-8	6.336222E-3
7.935000E-8	6.281408E-3
7.940000E-8	6.252288E-3
7.945000E-8	6.230019E-3
7.950000E-8	6.192334E-3
7.955000E-8	6.163214E-3
7.960000E-8	6.168353E-3
7.965000E-8	6.190621E-3
7.970000E-8	6.195760E-3
7.975000E-8	6.204325E-3
7.980000E-8	6.214603E-3
7.985000E-8	6.204325E-3
7.990000E-8	6.188908E-3
7.995000E-8	6.195760E-3
8.000000E-8	6.216316E-3
8.005000E-8	6.236871E-3
8.010000E-8	6.257426E-3
8.015000E-8	6.269417E-3
8.020000E-8	6.269417E-3
8.025000E-8	6.281408E-3
8.030000E-8	6.307102E-3
8.035000E-8	6.324232E-3
8.040000E-8	6.332796E-3
8.045000E-8	6.353352E-3
8.050000E-8	6.379046E-3
8.055000E-8	6.416731E-3
8.060000E-8	6.478397E-3
8.065000E-8	6.560619E-3
8.070000E-8	6.627424E-3
8.075000E-8	6.663396E-3
8.080000E-8	6.695942E-3
8.085000E-8	6.728488E-3
8.090000E-8	6.738765E-3
8.095000E-8	6.707932E-3
8.100000E-8	6.663396E-3
8.105000E-8	6.613720E-3
8.110000E-8	6.553767E-3
8.115000E-8	6.488675E-3
8.120000E-8	6.416731E-3
8.125000E-8	6.336222E-3
8.130000E-8	6.276269E-3
8.135000E-8	6.233445E-3
8.140000E-8	6.190621E-3
8.145000E-8	6.144372E-3
8.150000E-8	6.106687E-3
8.155000E-8	6.091270E-3
8.160000E-8	6.086131E-3
8.165000E-8	6.089557E-3
8.170000E-8	6.098122E-3
8.175000E-8	6.113539E-3
8.180000E-8	6.151224E-3
8.185000E-8	6.197473E-3
8.190000E-8	6.228306E-3
8.195000E-8	6.242010E-3
8.200000E-8	6.250575E-3
8.205000E-8	6.260852E-3
8.210000E-8	6.255714E-3
8.215000E-8	6.209464E-3
8.220000E-8	6.120390E-3
8.225000E-8	6.021039E-3
8.230000E-8	5.935392E-3
8.235000E-8	5.861735E-3
8.240000E-8	5.800069E-3
8.245000E-8	5.765810E-3
8.250000E-8	5.769236E-3
8.255000E-8	5.813772E-3
8.260000E-8	5.897707E-3
8.265000E-8	6.019326E-3
8.270000E-8	6.168353E-3
8.275000E-8	6.332796E-3
8.280000E-8	6.495527E-3
8.285000E-8	6.632563E-3
8.290000E-8	6.718210E-3
8.295000E-8	6.728488E-3
8.300000E-8	6.678812E-3
8.305000E-8	6.584600E-3
8.310000E-8	6.447564E-3
8.315000E-8	6.295111E-3
8.320000E-8	6.140946E-3
8.325000E-8	5.981642E-3
8.330000E-8	5.832615E-3
8.335000E-8	5.721273E-3
8.340000E-8	5.635626E-3
8.345000E-8	5.558543E-3
8.350000E-8	5.515719E-3
8.355000E-8	5.529423E-3
8.360000E-8	5.567108E-3
8.365000E-8	5.609931E-3
8.370000E-8	5.687014E-3
8.375000E-8	5.806921E-3
8.380000E-8	5.926827E-3
8.385000E-8	6.029604E-3
8.390000E-8	6.146085E-3
8.395000E-8	6.259139E-3
8.400000E-8	6.349926E-3
8.405000E-8	6.427009E-3
8.410000E-8	6.493814E-3
8.415000E-8	6.540063E-3
8.420000E-8	6.548628E-3
8.425000E-8	6.536637E-3
8.430000E-8	6.509230E-3
8.435000E-8	6.456129E-3
8.440000E-8	6.380759E-3
8.445000E-8	6.301963E-3
8.450000E-8	6.243723E-3
8.455000E-8	6.207751E-3
8.460000E-8	6.171779E-3
8.465000E-8	6.128955E-3
8.470000E-8	6.091270E-3
8.475000E-8	6.060437E-3
8.480000E-8	6.010762E-3
8.485000E-8	5.952521E-3
8.490000E-8	5.899420E-3
8.495000E-8	5.856596E-3
8.500000E-8	5.846318E-3
8.505000E-8	5.897707E-3
8.510000E-8	5.993632E-3
8.515000E-8	6.110113E-3
8.520000E-8	6.248862E-3
8.525000E-8	6.399601E-3
8.530000E-8	6.528073E-3
8.535000E-8	6.623998E-3
8.540000E-8	6.683951E-3
8.545000E-8	6.689090E-3
8.550000E-8	6.634276E-3
8.555000E-8	6.557193E-3
8.560000E-8	6.452703E-3
8.565000E-8	6.307102E-3
8.570000E-8	6.147798E-3
8.575000E-8	6.024465E-3
8.580000E-8	5.943957E-3
8.585000E-8	5.890855E-3
8.590000E-8	5.882290E-3
8.595000E-8	5.907985E-3
8.600000E-8	5.957660E-3
8.605000E-8	6.027891E-3
8.610000E-8	6.101548E-3
8.615000E-8	6.151224E-3
8.620000E-8	6.192334E-3
8.625000E-8	6.245436E-3
8.630000E-8	6.279695E-3
8.635000E-8	6.284834E-3
8.640000E-8	6.284834E-3
8.645000E-8	6.284834E-3
8.650000E-8	6.276269E-3
8.655000E-8	6.259139E-3
8.660000E-8	6.230019E-3
8.665000E-8	6.175205E-3
8.670000E-8	6.096409E-3
8.675000E-8	6.010762E-3
8.680000E-8	5.921688E-3
8.685000E-8	5.830902E-3
8.690000E-8	5.736690E-3
8.695000E-8	5.651042E-3
8.700000E-8	5.585950E-3
8.705000E-8	5.553404E-3
8.710000E-8	5.551691E-3
8.715000E-8	5.575672E-3
8.720000E-8	5.611644E-3
8.725000E-8	5.651042E-3
8.730000E-8	5.690440E-3
8.735000E-8	5.714421E-3
8.740000E-8	5.705857E-3
8.745000E-8	5.661320E-3
8.750000E-8	5.592802E-3
8.755000E-8	5.502016E-3
8.760000E-8	5.411229E-3
8.765000E-8	5.352989E-3
8.770000E-8	5.317017E-3
8.775000E-8	5.303313E-3
8.780000E-8	5.325582E-3
8.785000E-8	5.375257E-3
8.790000E-8	5.436923E-3
8.795000E-8	5.524284E-3
8.800000E-8	5.652755E-3
8.805000E-8	5.801782E-3
8.810000E-8	5.945670E-3
8.815000E-8	6.072428E-3
8.820000E-8	6.161501E-3
8.825000E-8	6.204325E-3
8.830000E-8	6.223167E-3
8.835000E-8	6.211177E-3
8.840000E-8	6.163214E-3
8.845000E-8	6.106687E-3
8.850000E-8	6.050160E-3
8.855000E-8	5.974790E-3
8.860000E-8	5.884003E-3
8.865000E-8	5.800069E-3
8.870000E-8	5.710995E-3
8.875000E-8	5.609931E-3
8.880000E-8	5.512293E-3
8.885000E-8	5.428359E-3
8.890000E-8	5.358128E-3
8.895000E-8	5.305026E-3
8.900000E-8	5.265628E-3
8.905000E-8	5.238221E-3
8.910000E-8	5.221092E-3
8.915000E-8	5.227944E-3
8.920000E-8	5.251925E-3
8.925000E-8	5.269054E-3
8.930000E-8	5.299887E-3
8.935000E-8	5.371831E-3
8.940000E-8	5.466044E-3
8.945000E-8	5.560256E-3
8.950000E-8	5.657894E-3
8.955000E-8	5.767523E-3
8.960000E-8	5.863448E-3
8.965000E-8	5.926827E-3
8.970000E-8	5.964512E-3
8.975000E-8	5.986780E-3
8.980000E-8	5.981642E-3
8.985000E-8	5.935392E-3
8.990000E-8	5.863448E-3
8.995000E-8	5.782939E-3
9.000000E-8	5.673311E-3
9.005000E-8	5.525997E-3
9.010000E-8	5.370118E-3
9.015000E-8	5.221092E-3
9.020000E-8	5.073778E-3
9.025000E-8	4.943594E-3
9.030000E-8	4.871650E-3
9.035000E-8	4.856233E-3
9.040000E-8	4.890492E-3
9.045000E-8	4.991556E-3
9.050000E-8	5.133731E-3
9.055000E-8	5.270767E-3
9.060000E-8	5.390674E-3
9.065000E-8	5.484886E-3
9.070000E-8	5.529423E-3
9.075000E-8	5.531136E-3
9.080000E-8	5.498590E-3
9.085000E-8	5.426646E-3
9.090000E-8	5.322156E-3
9.095000E-8	5.205675E-3
9.100000E-8	5.084056E-3
9.105000E-8	4.977853E-3
9.110000E-8	4.936742E-3
9.115000E-8	4.972714E-3
9.120000E-8	5.066926E-3
9.125000E-8	5.222805E-3
9.130000E-8	5.433498E-3
9.135000E-8	5.642477E-3
9.140000E-8	5.805208E-3
9.145000E-8	5.914836E-3
9.150000E-8	5.983354E-3
9.155000E-8	6.002197E-3
9.160000E-8	5.961086E-3
9.165000E-8	5.866874E-3
9.170000E-8	5.740116E-3
9.175000E-8	5.611644E-3
9.180000E-8	5.488312E-3
9.185000E-8	5.358128E-3
9.190000E-8	5.245073E-3
9.195000E-8	5.190259E-3
9.200000E-8	5.205675E-3
9.205000E-8	5.255351E-3
9.210000E-8	5.330721E-3
9.215000E-8	5.430072E-3
9.220000E-8	5.529423E-3
9.225000E-8	5.585950E-3
9.230000E-8	5.584237E-3
9.235000E-8	5.534562E-3
9.240000E-8	5.454053E-3
9.245000E-8	5.354702E-3
9.250000E-8	5.234795E-3
9.255000E-8	5.109750E-3
9.260000E-8	5.008686E-3
9.265000E-8	4.931603E-3
9.270000E-8	4.869937E-3
9.275000E-8	4.833965E-3
9.280000E-8	4.825400E-3
9.285000E-8	4.808271E-3
9.290000E-8	4.782577E-3
9.295000E-8	4.772299E-3
9.300000E-8	4.768873E-3
9.305000E-8	4.756882E-3
9.310000E-8	4.741466E-3
9.315000E-8	4.746605E-3
9.320000E-8	4.777438E-3
9.325000E-8	4.827113E-3
9.330000E-8	4.873363E-3
9.335000E-8	4.919613E-3
9.340000E-8	4.979566E-3
9.345000E-8	5.046371E-3
9.350000E-8	5.102898E-3
9.355000E-8	5.147435E-3
9.360000E-8	5.185120E-3
9.365000E-8	5.203962E-3
9.370000E-8	5.209101E-3
9.375000E-8	5.202249E-3
9.380000E-8	5.173129E-3
9.385000E-8	5.128592E-3
9.390000E-8	5.065213E-3
9.395000E-8	4.976140E-3
9.400000E-8	4.868224E-3
9.405000E-8	4.753456E-3
9.410000E-8	4.640402E-3
9.415000E-8	4.539338E-3
9.420000E-8	4.463968E-3
9.425000E-8	4.404015E-3
9.430000E-8	4.371468E-3
9.435000E-8	4.385172E-3
9.440000E-8	4.427996E-3
9.445000E-8	4.472533E-3
9.450000E-8	4.530773E-3
9.455000E-8	4.612994E-3
9.460000E-8	4.696929E-3
9.465000E-8	4.756882E-3
9.470000E-8	4.809984E-3
9.475000E-8	4.864798E-3
9.480000E-8	4.912761E-3
9.485000E-8	4.945307E-3
9.490000E-8	5.006973E-3
9.495000E-8	5.111463E-3
9.500000E-8	5.222805E-3
9.505000E-8	5.313591E-3
9.510000E-8	5.419794E-3
9.515000E-8	5.548265E-3
9.520000E-8	5.647616E-3
9.525000E-8	5.699005E-3
9.530000E-8	5.692153E-3
9.535000E-8	5.609931E-3
9.540000E-8	5.467757E-3
9.545000E-8	5.305026E-3
9.550000E-8	5.109750E-3
9.555000E-8	4.880215E-3
9.560000E-8	4.683225E-3
9.565000E-8	4.553041E-3
9.570000E-8	4.462255E-3
9.575000E-8	4.416005E-3
9.580000E-8	4.427996E-3
9.585000E-8	4.487949E-3
9.590000E-8	4.587300E-3
9.595000E-8	4.724336E-3
9.600000E-8	4.873363E-3
9.605000E-8	5.000121E-3
9.610000E-8	5.101185E-3
9.615000E-8	5.169703E-3
9.620000E-8	5.193685E-3
9.625000E-8	5.197110E-3
9.630000E-8	5.186833E-3
9.635000E-8	5.159426E-3
9.640000E-8	5.125167E-3
9.645000E-8	5.099472E-3
9.650000E-8	5.085769E-3
9.655000E-8	5.092620E-3
9.660000E-8	5.138870E-3
9.665000E-8	5.221092E-3
9.670000E-8	5.318730E-3
9.675000E-8	5.418081E-3
9.680000E-8	5.519145E-3
9.685000E-8	5.603080E-3
9.690000E-8	5.652755E-3
9.695000E-8	5.664746E-3
9.700000E-8	5.630487E-3
9.705000E-8	5.531136E-3
9.710000E-8	5.364980E-3
9.715000E-8	5.174842E-3
9.720000E-8	5.003547E-3
9.725000E-8	4.840817E-3
9.730000E-8	4.688364E-3
9.735000E-8	4.577022E-3
9.740000E-8	4.511930E-3
9.745000E-8	4.465681E-3
9.750000E-8	4.441699E-3
9.755000E-8	4.457116E-3
9.760000E-8	4.499940E-3
9.765000E-8	4.525634E-3
9.770000E-8	4.506792E-3
9.775000E-8	4.463968E-3
9.780000E-8	4.407440E-3
9.785000E-8	4.337209E-3
9.790000E-8	4.261840E-3
9.795000E-8	4.213877E-3
9.800000E-8	4.183044E-3
9.805000E-8	4.160776E-3
9.810000E-8	4.171053E-3
9.815000E-8	4.234432E-3
9.820000E-8	4.347487E-3
9.825000E-8	4.498227E-3
9.830000E-8	4.647253E-3
9.835000E-8	4.765447E-3
9.840000E-8	4.869937E-3
9.845000E-8	4.971001E-3
9.850000E-8	5.015538E-3
9.855000E-8	4.989843E-3
9.860000E-8	4.936742E-3
9.865000E-8	4.890492E-3
9.870000E-8	4.845956E-3
9.875000E-8	4.799706E-3
9.880000E-8	4.772299E-3
9.885000E-8	4.782577E-3
9.890000E-8	4.845956E-3
9.895000E-8	4.948733E-3
9.900000E-8	5.054936E-3
9.905000E-8	5.164564E-3
9.910000E-8	5.291323E-3
9.915000E-8	5.388961E-3
9.920000E-8	5.428359E-3
9.925000E-8	5.419794E-3
9.930000E-8	5.371831E-3
9.935000E-8	5.263915E-3
9.940000E-8	5.096046E-3
9.945000E-8	4.909335E-3
9.950000E-8	4.738040E-3
9.955000E-8	4.592439E-3
9.960000E-8	4.484523E-3
9.965000E-8	4.421144E-3
9.970000E-8	4.405727E-3
9.975000E-8	4.439986E-3
9.980000E-8	4.520495E-3
9.985000E-8	4.631837E-3
9.990000E-8	4.763734E-3
9.995000E-8	4.912761E-3
1.000000E-7	5.048084E-3
1.000500E-7	5.152574E-3
1.001000E-7	5.233082E-3
1.001500E-7	5.270767E-3
1.002000E-7	5.251925E-3
1.002500E-7	5.209101E-3
1.003000E-7	5.181694E-3
1.003500E-7	5.149148E-3
1.004000E-7	5.085769E-3
1.004500E-7	5.018964E-3
1.005000E-7	4.959010E-3
1.005500E-7	4.885354E-3
1.006000E-7	4.803132E-3
1.006500E-7	4.726049E-3
1.007000E-7	4.648966E-3
1.007500E-7	4.556467E-3
1.008000E-7	4.448551E-3
1.008500E-7	4.347487E-3
1.009000E-7	4.273830E-3
1.009500E-7	4.220729E-3
1.010000E-7	4.189896E-3
1.010500E-7	4.191609E-3
1.011000E-7	4.234432E-3
1.011500E-7	4.275543E-3
1.012000E-7	4.306376E-3
1.012500E-7	4.347487E-3
1.013000E-7	4.398876E-3
1.013500E-7	4.417718E-3
1.014000E-7	4.400589E-3
1.014500E-7	4.361191E-3
1.015000E-7	4.318367E-3
1.015500E-7	4.277256E-3
1.016000E-7	4.253275E-3
1.016500E-7	4.253275E-3
1.017000E-7	4.282395E-3
1.017500E-7	4.337209E-3
1.018000E-7	4.417718E-3
1.018500E-7	4.535912E-3
1.019000E-7	4.666096E-3
1.019500E-7	4.782577E-3
1.020000E-7	4.893918E-3
1.020500E-7	4.996695E-3
1.021000E-7	5.048084E-3
1.021500E-7	5.042945E-3
1.022000E-7	5.008686E-3
1.022500E-7	4.938455E-3
1.023000E-7	4.833965E-3
1.023500E-7	4.726049E-3
1.024000E-7	4.643828E-3
1.024500E-7	4.577022E-3
1.025000E-7	4.539338E-3
1.025500E-7	4.549615E-3
1.026000E-7	4.595865E-3
1.026500E-7	4.664383E-3
1.027000E-7	4.765447E-3
1.027500E-7	4.888779E-3
1.028000E-7	5.000121E-3
1.028500E-7	5.075491E-3
1.029000E-7	5.114889E-3
1.029500E-7	5.089195E-3
1.030000E-7	5.008686E-3
1.030500E-7	4.900770E-3
1.031000E-7	4.768873E-3
1.031500E-7	4.601004E-3
1.032000E-7	4.417718E-3
1.032500E-7	4.241284E-3
1.033000E-7	4.095684E-3
1.033500E-7	3.992907E-3
1.034000E-7	3.936379E-3
1.034500E-7	3.926101E-3
1.035000E-7	3.958648E-3
1.035500E-7	4.015175E-3
1.036000E-7	4.075128E-3
1.036500E-7	4.133368E-3
1.037000E-7	4.188183E-3
1.037500E-7	4.227581E-3
1.038000E-7	4.242997E-3
1.038500E-7	4.241284E-3
1.039000E-7	4.239571E-3
1.039500E-7	4.225868E-3
1.040000E-7	4.189896E-3
1.040500E-7	4.159063E-3
1.041000E-7	4.135081E-3
1.041500E-7	4.104248E-3
1.042000E-7	4.088832E-3
1.042500E-7	4.114526E-3
1.043000E-7	4.169340E-3
1.043500E-7	4.242997E-3
1.044000E-7	4.332071E-3
1.044500E-7	4.421144E-3
1.045000E-7	4.503366E-3
1.045500E-7	4.575310E-3
1.046000E-7	4.626698E-3
1.046500E-7	4.642115E-3
1.047000E-7	4.635263E-3
1.047500E-7	4.611281E-3
1.048000E-7	4.558180E-3
1.048500E-7	4.481097E-3
1.049000E-7	4.410866E-3
1.049500E-7	4.335497E-3
1.050000E-7	4.253275E-3
1.050500E-7	4.189896E-3
1.051000E-7	4.138507E-3
1.051500E-7	4.076841E-3
1.052000E-7	4.034017E-3
1.052500E-7	4.040869E-3
1.053000E-7	4.093971E-3
1.053500E-7	4.177905E-3
1.054000E-7	4.292673E-3
1.054500E-7	4.412579E-3
1.055000E-7	4.511930E-3
1.055500E-7	4.607856E-3
1.056000E-7	4.705494E-3
1.056500E-7	4.779151E-3
1.057000E-7	4.813410E-3
1.057500E-7	4.815123E-3
1.058000E-7	4.775725E-3
1.058500E-7	4.712346E-3
1.059000E-7	4.635263E-3
1.059500E-7	4.534199E-3
1.060000E-7	4.405727E-3
1.060500E-7	4.258414E-3
1.061000E-7	4.109387E-3
1.061500E-7	3.980916E-3
1.062000E-7	3.896981E-3
1.062500E-7	3.843880E-3
1.063000E-7	3.816473E-3
1.063500E-7	3.835315E-3
1.064000E-7	3.903833E-3
1.064500E-7	3.986055E-3
1.065000E-7	4.069989E-3
1.065500E-7	4.167627E-3
1.066000E-7	4.273830E-3
1.066500E-7	4.374894E-3
1.067000E-7	4.475958E-3
1.067500E-7	4.585587E-3
1.068000E-7	4.705494E-3
1.068500E-7	4.811697E-3
1.069000E-7	4.880215E-3
1.069500E-7	4.897344E-3
1.070000E-7	4.883641E-3
1.070500E-7	4.840817E-3
1.071000E-7	4.756882E-3
1.071500E-7	4.628411E-3
1.072000E-7	4.477671E-3
1.072500E-7	4.316654E-3
1.073000E-7	4.145359E-3
1.073500E-7	3.989481E-3
1.074000E-7	3.873000E-3
1.074500E-7	3.801056E-3
1.075000E-7	3.768510E-3
1.075500E-7	3.780501E-3
1.076000E-7	3.838741E-3
1.076500E-7	3.931240E-3
1.077000E-7	4.046008E-3
1.077500E-7	4.177905E-3
1.078000E-7	4.314941E-3
1.078500E-7	4.427996E-3
1.079000E-7	4.491375E-3
1.079500E-7	4.499940E-3
1.080000E-7	4.487949E-3
1.080500E-7	4.453690E-3
1.081000E-7	4.374894E-3
1.081500E-7	4.263553E-3
1.082000E-7	4.160776E-3
1.082500E-7	4.056286E-3
1.083000E-7	3.927814E-3
1.083500E-7	3.809621E-3
1.084000E-7	3.737677E-3
1.084500E-7	3.694853E-3
1.085000E-7	3.665733E-3
1.085500E-7	3.676011E-3
1.086000E-7	3.727399E-3
1.086500E-7	3.783927E-3
1.087000E-7	3.838741E-3
1.087500E-7	3.898694E-3
1.088000E-7	3.970638E-3
1.088500E-7	4.056286E-3
1.089000E-7	4.126517E-3
1.089500E-7	4.150498E-3
1.090000E-7	4.148785E-3
1.090500E-7	4.153924E-3
1.091000E-7	4.150498E-3
1.091500E-7	4.129943E-3
1.092000E-7	4.124804E-3
1.092500E-7	4.135081E-3
1.093000E-7	4.138507E-3
1.093500E-7	4.135081E-3
1.094000E-7	4.140220E-3
1.094500E-7	4.160776E-3
1.095000E-7	4.176192E-3
1.095500E-7	4.159063E-3
1.096000E-7	4.102535E-3
1.096500E-7	4.022027E-3
1.097000E-7	3.922676E-3
1.097500E-7	3.797630E-3
1.098000E-7	3.665733E-3
1.098500E-7	3.556104E-3
1.099000E-7	3.465318E-3
1.099500E-7	3.403652E-3
1.100000E-7	3.403652E-3
1.100500E-7	3.463605E-3
1.101000E-7	3.542401E-3
1.101500E-7	3.628048E-3
1.102000E-7	3.730825E-3
1.102500E-7	3.837028E-3
1.103000E-7	3.915824E-3
1.103500E-7	3.956935E-3
1.104000E-7	3.977490E-3
1.104500E-7	3.977490E-3
1.105000E-7	3.956935E-3
1.105500E-7	3.908972E-3
1.106000E-7	3.845593E-3
1.106500E-7	3.766797E-3
1.107000E-7	3.676011E-3
1.107500E-7	3.593789E-3
1.108000E-7	3.542401E-3
1.108500E-7	3.520132E-3
1.109000E-7	3.509855E-3
1.109500E-7	3.506429E-3
1.110000E-7	3.501290E-3
1.110500E-7	3.487586E-3
1.111000E-7	3.485873E-3
1.111500E-7	3.508142E-3
1.112000E-7	3.542401E-3
1.112500E-7	3.585224E-3
1.113000E-7	3.626335E-3
1.113500E-7	3.662307E-3
1.114000E-7	3.698279E-3
1.114500E-7	3.730825E-3
1.115000E-7	3.754806E-3
1.115500E-7	3.790778E-3
1.116000E-7	3.849019E-3
1.116500E-7	3.902120E-3
1.117000E-7	3.931240E-3
1.117500E-7	3.956935E-3
1.118000E-7	4.003184E-3
1.118500E-7	4.037443E-3
1.119000E-7	4.049434E-3
1.119500E-7	4.071702E-3
1.120000E-7	4.104248E-3
1.120500E-7	4.117952E-3
1.121000E-7	4.112813E-3
1.121500E-7	4.104248E-3
1.122000E-7	4.076841E-3
1.122500E-7	4.022027E-3
1.123000E-7	3.967212E-3
1.123500E-7	3.926101E-3
1.124000E-7	3.891842E-3
1.124500E-7	3.874713E-3
1.125000E-7	3.873000E-3
1.125500E-7	3.871287E-3
1.126000E-7	3.874713E-3
1.126500E-7	3.884991E-3
1.127000E-7	3.891842E-3
1.127500E-7	3.890130E-3
1.128000E-7	3.886704E-3
1.128500E-7	3.878139E-3
1.129000E-7	3.843880E-3
1.129500E-7	3.790778E-3
1.130000E-7	3.732538E-3
1.130500E-7	3.672585E-3
1.131000E-7	3.610919E-3
1.131500E-7	3.532123E-3
1.132000E-7	3.434485E-3
1.132500E-7	3.340273E-3
1.133000E-7	3.261477E-3
1.133500E-7	3.201524E-3
1.134000E-7	3.168978E-3
1.134500E-7	3.175829E-3
1.135000E-7	3.218653E-3
1.135500E-7	3.283745E-3
1.136000E-7	3.367680E-3
1.136500E-7	3.468744E-3
1.137000E-7	3.564669E-3
1.137500E-7	3.628048E-3
1.138000E-7	3.669159E-3
1.138500E-7	3.713696E-3
1.139000E-7	3.747955E-3
1.139500E-7	3.742816E-3
1.140000E-7	3.722260E-3
1.140500E-7	3.718835E-3
1.141000E-7	3.718835E-3
1.141500E-7	3.698279E-3
1.142000E-7	3.674298E-3
1.142500E-7	3.679437E-3
1.143000E-7	3.711983E-3
1.143500E-7	3.756519E-3
1.144000E-7	3.792491E-3
1.144500E-7	3.814760E-3
1.145000E-7	3.847306E-3
1.145500E-7	3.891842E-3
1.146000E-7	3.922676E-3
1.146500E-7	3.924389E-3
1.147000E-7	3.907259E-3
1.147500E-7	3.874713E-3
1.148000E-7	3.821612E-3
1.148500E-7	3.761658E-3
1.149000E-7	3.698279E-3
1.149500E-7	3.624622E-3
1.150000E-7	3.545827E-3
1.150500E-7	3.480734E-3
1.151000E-7	3.420781E-3
1.151500E-7	3.360828E-3
1.152000E-7	3.324856E-3
1.152500E-7	3.323143E-3
1.153000E-7	3.329995E-3
1.153500E-7	3.347124E-3
1.154000E-7	3.395087E-3
1.154500E-7	3.453327E-3
1.155000E-7	3.506429E-3
1.155500E-7	3.562956E-3
1.156000E-7	3.612632E-3
1.156500E-7	3.653742E-3
1.157000E-7	3.696566E-3
1.157500E-7	3.747955E-3
1.158000E-7	3.795917E-3
1.158500E-7	3.838741E-3
1.159000E-7	3.869574E-3
1.159500E-7	3.869574E-3
1.160000E-7	3.845593E-3
1.160500E-7	3.814760E-3
1.161000E-7	3.753094E-3
1.161500E-7	3.653742E-3
1.162000E-7	3.554391E-3
1.162500E-7	3.465318E-3
1.163000E-7	3.362541E-3
1.163500E-7	3.270042E-3
1.164000E-7	3.215227E-3
1.164500E-7	3.184394E-3
1.165000E-7	3.177542E-3
1.165500E-7	3.218653E-3
1.166000E-7	3.297449E-3
1.166500E-7	3.396800E-3
1.167000E-7	3.520132E-3
1.167500E-7	3.653742E-3
1.168000E-7	3.756519E-3
1.168500E-7	3.823324E-3
1.169000E-7	3.854158E-3
1.169500E-7	3.838741E-3
1.170000E-7	3.785640E-3
1.170500E-7	3.710270E-3
1.171000E-7	3.629761E-3
1.171500E-7	3.573234E-3
1.172000E-7	3.545827E-3
1.172500E-7	3.542401E-3
1.173000E-7	3.568095E-3
1.173500E-7	3.612632E-3
1.174000E-7	3.645178E-3
1.174500E-7	3.669159E-3
1.175000E-7	3.698279E-3
1.175500E-7	3.711983E-3
1.176000E-7	3.694853E-3
1.176500E-7	3.643465E-3
1.177000E-7	3.569808E-3
1.177500E-7	3.491012E-3
1.178000E-7	3.417355E-3
1.178500E-7	3.348837E-3
1.179000E-7	3.297449E-3
1.179500E-7	3.283745E-3
1.180000E-7	3.316291E-3
1.180500E-7	3.369393E-3
1.181000E-7	3.434485E-3
1.181500E-7	3.504716E-3
1.182000E-7	3.568095E-3
1.182500E-7	3.622909E-3
1.183000E-7	3.655455E-3
1.183500E-7	3.650317E-3
1.184000E-7	3.616058E-3
1.184500E-7	3.569808E-3
1.185000E-7	3.528697E-3
1.185500E-7	3.484160E-3
1.186000E-7	3.429346E-3
1.186500E-7	3.383096E-3
1.187000E-7	3.367680E-3
1.187500E-7	3.374532E-3
1.188000E-7	3.391661E-3
1.188500E-7	3.425920E-3
1.189000E-7	3.484160E-3
1.189500E-7	3.528697E-3
1.190000E-7	3.542401E-3
1.190500E-7	3.530410E-3
1.191000E-7	3.484160E-3
1.191500E-7	3.400226E-3
1.192000E-7	3.300875E-3
1.192500E-7	3.199811E-3
1.193000E-7	3.102173E-3
1.193500E-7	3.025090E-3
1.194000E-7	2.990831E-3
1.194500E-7	2.997683E-3
1.195000E-7	3.045645E-3
1.195500E-7	3.134719E-3
1.196000E-7	3.254625E-3
1.196500E-7	3.377957E-3
1.197000E-7	3.482447E-3
1.197500E-7	3.562956E-3
1.198000E-7	3.619483E-3
1.198500E-7	3.648604E-3
1.199000E-7	3.648604E-3
1.199500E-7	3.621196E-3
1.200000E-7	3.566382E-3
1.200500E-7	3.492725E-3
1.201000E-7	3.431059E-3
1.201500E-7	3.384809E-3
1.202000E-7	3.338560E-3
1.202500E-7	3.306014E-3
1.203000E-7	3.309439E-3
1.203500E-7	3.326569E-3
1.204000E-7	3.331708E-3
1.204500E-7	3.326569E-3
1.205000E-7	3.307727E-3
1.205500E-7	3.271755E-3
1.206000E-7	3.228931E-3
1.206500E-7	3.172403E-3
1.207000E-7	3.102173E-3
1.207500E-7	3.025090E-3
1.208000E-7	2.941155E-3
1.208500E-7	2.857221E-3
1.209000E-7	2.788703E-3
1.209500E-7	2.737314E-3
1.210000E-7	2.697916E-3
1.210500E-7	2.687639E-3
1.211000E-7	2.716759E-3
1.211500E-7	2.769860E-3
1.212000E-7	2.838378E-3
1.212500E-7	2.927452E-3
1.213000E-7	3.026803E-3
1.213500E-7	3.109024E-3
1.214000E-7	3.168978E-3
1.214500E-7	3.204950E-3
1.215000E-7	3.218653E-3
1.215500E-7	3.215227E-3
1.216000E-7	3.192959E-3
1.216500E-7	3.151848E-3
1.217000E-7	3.102173E-3
1.217500E-7	3.059349E-3
1.218000E-7	3.025090E-3
1.218500E-7	3.018238E-3
1.219000E-7	3.059349E-3
1.219500E-7	3.139857E-3
1.220000E-7	3.228931E-3
1.220500E-7	3.326569E-3
1.221000E-7	3.424207E-3
1.221500E-7	3.485873E-3
1.222000E-7	3.506429E-3
1.222500E-7	3.497864E-3
1.223000E-7	3.458466E-3
1.223500E-7	3.376245E-3
1.224000E-7	3.275180E-3
1.224500E-7	3.175829E-3
1.225000E-7	3.095321E-3
1.225500E-7	3.050784E-3
1.226000E-7	3.050784E-3
1.226500E-7	3.083330E-3
1.227000E-7	3.150135E-3
1.227500E-7	3.252912E-3
1.228000E-7	3.360828E-3
1.228500E-7	3.465318E-3
1.229000E-7	3.581799E-3
1.229500E-7	3.682863E-3
1.230000E-7	3.732538E-3
1.230500E-7	3.735964E-3
1.231000E-7	3.696566E-3
1.231500E-7	3.604067E-3
1.232000E-7	3.491012E-3
1.232500E-7	3.405365E-3
1.233000E-7	3.343698E-3
1.233500E-7	3.287171E-3
1.234000E-7	3.254625E-3
1.234500E-7	3.261477E-3
1.235000E-7	3.288884E-3
1.235500E-7	3.316291E-3
1.236000E-7	3.345411E-3
1.236500E-7	3.377957E-3
1.237000E-7	3.398513E-3
1.237500E-7	3.395087E-3
1.238000E-7	3.369393E-3
1.238500E-7	3.336847E-3
1.239000E-7	3.306014E-3
1.239500E-7	3.268329E-3
1.240000E-7	3.218653E-3
1.240500E-7	3.175829E-3
1.241000E-7	3.144996E-3
1.241500E-7	3.119302E-3
1.242000E-7	3.105598E-3
1.242500E-7	3.107311E-3
1.243000E-7	3.097034E-3
1.243500E-7	3.043932E-3
1.244000E-7	2.970275E-3
1.244500E-7	2.896618E-3
1.245000E-7	2.805832E-3
1.245500E-7	2.699629E-3
1.246000E-7	2.586575E-3
1.246500E-7	2.471807E-3
1.247000E-7	2.358752E-3
1.247500E-7	2.266253E-3
1.248000E-7	2.190883E-3
1.248500E-7	2.137782E-3
1.249000E-7	2.124078E-3
1.249500E-7	2.151485E-3
1.250000E-7	2.196022E-3
1.250500E-7	2.264540E-3
1.251000E-7	2.374169E-3
1.251500E-7	2.492362E-3
1.252000E-7	2.598565E-3
1.252500E-7	2.713333E-3
1.253000E-7	2.829813E-3
1.253500E-7	2.920600E-3
1.254000E-7	2.989118E-3
1.254500E-7	3.047358E-3
1.255000E-7	3.086756E-3
1.255500E-7	3.110737E-3
1.256000E-7	3.133006E-3
1.256500E-7	3.131293E-3
1.257000E-7	3.098747E-3
1.257500E-7	3.067914E-3
1.258000E-7	3.052497E-3
1.258500E-7	3.045645E-3
1.259000E-7	3.037080E-3
1.259500E-7	3.028516E-3
1.260000E-7	3.026803E-3
1.260500E-7	3.030229E-3
1.261000E-7	3.047358E-3
1.261500E-7	3.073052E-3
1.262000E-7	3.074765E-3
1.262500E-7	3.042219E-3
1.263000E-7	3.002821E-3
1.263500E-7	2.980553E-3
1.264000E-7	2.954859E-3
1.264500E-7	2.913748E-3
1.265000E-7	2.882915E-3
1.265500E-7	2.869211E-3
1.266000E-7	2.881202E-3
1.266500E-7	2.924026E-3
1.267000E-7	2.995970E-3
1.267500E-7	3.081617E-3
1.268000E-7	3.163839E-3
1.268500E-7	3.237496E-3
1.269000E-7	3.295736E-3
1.269500E-7	3.333421E-3
1.270000E-7	3.353976E-3
1.270500E-7	3.369393E-3
1.271000E-7	3.377957E-3
1.271500E-7	3.359115E-3
1.272000E-7	3.311152E-3
1.272500E-7	3.246060E-3
1.273000E-7	3.179255E-3
1.273500E-7	3.117589E-3
1.274000E-7	3.064488E-3
1.274500E-7	3.014812E-3
1.275000E-7	2.958285E-3
1.275500E-7	2.910322E-3
1.276000E-7	2.891480E-3
1.276500E-7	2.888054E-3
1.277000E-7	2.889767E-3
1.277500E-7	2.901757E-3
1.278000E-7	2.910322E-3
1.278500E-7	2.912035E-3
1.279000E-7	2.942868E-3
1.279500E-7	3.004534E-3
1.280000E-7	3.062775E-3
1.280500E-7	3.105598E-3
1.281000E-7	3.158700E-3
1.281500E-7	3.223792E-3
1.282000E-7	3.292310E-3
1.282500E-7	3.360828E-3
1.283000E-7	3.429346E-3
1.283500E-7	3.477309E-3
1.284000E-7	3.494438E-3
1.284500E-7	3.487586E-3
1.285000E-7	3.465318E-3
1.285500E-7	3.417355E-3
1.286000E-7	3.329995E-3
1.286500E-7	3.228931E-3
1.287000E-7	3.124441E-3
1.287500E-7	3.018238E-3
1.288000E-7	2.917174E-3
1.288500E-7	2.840091E-3
1.289000E-7	2.780138E-3
1.289500E-7	2.725323E-3
1.290000E-7	2.675648E-3
1.290500E-7	2.612269E-3
1.291000E-7	2.528334E-3
1.291500E-7	2.451251E-3
1.292000E-7	2.387872E-3
1.292500E-7	2.327919E-3
1.293000E-7	2.281669E-3
1.293500E-7	2.274818E-3
1.294000E-7	2.303938E-3
1.294500E-7	2.363891E-3
1.295000E-7	2.459816E-3
1.295500E-7	2.588287E-3
1.296000E-7	2.733888E-3
1.296500E-7	2.870924E-3
1.297000E-7	2.980553E-3
1.297500E-7	3.071339E-3
1.298000E-7	3.138144E-3
1.298500E-7	3.133006E-3
1.299000E-7	3.057636E-3
1.299500E-7	2.959998E-3
1.300000E-7	2.857221E-3
1.300500E-7	2.732175E-3
1.301000E-7	2.579723E-3
1.301500E-7	2.439261E-3
1.302000E-7	2.334771E-3
1.302500E-7	2.264540E-3
1.303000E-7	2.228568E-3
1.303500E-7	2.214864E-3
1.304000E-7	2.208013E-3
1.304500E-7	2.216577E-3
1.305000E-7	2.252549E-3
1.305500E-7	2.303938E-3
1.306000E-7	2.341623E-3
1.306500E-7	2.365604E-3
1.307000E-7	2.413567E-3
1.307500E-7	2.480372E-3
1.308000E-7	2.536899E-3
1.308500E-7	2.583149E-3
1.309000E-7	2.631111E-3
1.309500E-7	2.665370E-3
1.310000E-7	2.691064E-3
1.310500E-7	2.737314E-3
1.311000E-7	2.798980E-3
1.311500E-7	2.838378E-3
1.312000E-7	2.862359E-3
1.312500E-7	2.889767E-3
1.313000E-7	2.906896E-3
1.313500E-7	2.893193E-3
1.314000E-7	2.855508E-3
1.314500E-7	2.816110E-3
1.315000E-7	2.781851E-3
1.315500E-7	2.749305E-3
1.316000E-7	2.723611E-3
1.316500E-7	2.706481E-3
1.317000E-7	2.684213E-3
1.317500E-7	2.670509E-3
1.318000E-7	2.687639E-3
1.318500E-7	2.711620E-3
1.319000E-7	2.725323E-3
1.319500E-7	2.749305E-3
1.320000E-7	2.790416E-3
1.320500E-7	2.824675E-3
1.321000E-7	2.848656E-3
1.321500E-7	2.888054E-3
1.322000E-7	2.927452E-3
1.322500E-7	2.953146E-3
1.323000E-7	2.971988E-3
1.323500E-7	2.999395E-3
1.324000E-7	3.026803E-3
1.324500E-7	3.042219E-3
1.325000E-7	3.054210E-3
1.325500E-7	3.078191E-3
1.326000E-7	3.102173E-3
1.326500E-7	3.107311E-3
1.327000E-7	3.076478E-3
1.327500E-7	3.042219E-3
1.328000E-7	3.028516E-3
1.328500E-7	3.016525E-3
1.329000E-7	2.987405E-3
1.329500E-7	2.961711E-3
1.330000E-7	2.937729E-3
1.330500E-7	2.906896E-3
1.331000E-7	2.870924E-3
1.331500E-7	2.848656E-3
1.332000E-7	2.833239E-3
1.332500E-7	2.792129E-3
1.333000E-7	2.728749E-3
1.333500E-7	2.663657E-3
1.334000E-7	2.610556E-3
1.334500E-7	2.557454E-3
1.335000E-7	2.504353E-3
1.335500E-7	2.470094E-3
1.336000E-7	2.446113E-3
1.336500E-7	2.432409E-3
1.337000E-7	2.422131E-3
1.337500E-7	2.432409E-3
1.338000E-7	2.466668E-3
1.338500E-7	2.526621E-3
1.339000E-7	2.590000E-3
1.339500E-7	2.644815E-3
1.340000E-7	2.699629E-3
1.340500E-7	2.742453E-3
1.341000E-7	2.761295E-3
1.341500E-7	2.754444E-3
1.342000E-7	2.723611E-3
1.342500E-7	2.677361E-3
1.343000E-7	2.629398E-3
1.343500E-7	2.567732E-3
1.344000E-7	2.492362E-3
1.344500E-7	2.423844E-3
1.345000E-7	2.377595E-3
1.345500E-7	2.367317E-3
1.346000E-7	2.408428E-3
1.346500E-7	2.490649E-3
1.347000E-7	2.598565E-3
1.347500E-7	2.725323E-3
1.348000E-7	2.855508E-3
1.348500E-7	2.966849E-3
1.349000E-7	3.059349E-3
1.349500E-7	3.138144E-3
1.350000E-7	3.182681E-3
1.350500E-7	3.167265E-3
1.351000E-7	3.115876E-3
1.351500E-7	3.037080E-3
1.352000E-7	2.920600E-3
1.352500E-7	2.773286E-3
1.353000E-7	2.608843E-3
1.353500E-7	2.439261E-3
1.354000E-7	2.288521E-3
1.354500E-7	2.178892E-3
1.355000E-7	2.096671E-3
1.355500E-7	2.062412E-3
1.356000E-7	2.086393E-3
1.356500E-7	2.142920E-3
1.357000E-7	2.204587E-3
1.357500E-7	2.302225E-3
1.358000E-7	2.432409E-3
1.358500E-7	2.554028E-3
1.359000E-7	2.655093E-3
1.359500E-7	2.751018E-3
1.360000E-7	2.817823E-3
1.360500E-7	2.840091E-3
1.361000E-7	2.836665E-3
1.361500E-7	2.805832E-3
1.362000E-7	2.737314E-3
1.362500E-7	2.643102E-3
1.363000E-7	2.554028E-3
1.363500E-7	2.487223E-3
1.364000E-7	2.451251E-3
1.364500E-7	2.430696E-3
1.365000E-7	2.416992E-3
1.365500E-7	2.418705E-3
1.366000E-7	2.454677E-3
1.366500E-7	2.506066E-3
1.367000E-7	2.559167E-3
1.367500E-7	2.622546E-3
1.368000E-7	2.694490E-3
1.368500E-7	2.730462E-3
1.369000E-7	2.745879E-3
1.369500E-7	2.759582E-3
1.370000E-7	2.757870E-3
1.370500E-7	2.725323E-3
1.371000E-7	2.691064E-3
1.371500E-7	2.668796E-3
1.372000E-7	2.665370E-3
1.372500E-7	2.687639E-3
1.373000E-7	2.725323E-3
1.373500E-7	2.754444E-3
1.374000E-7	2.774999E-3
1.374500E-7	2.792129E-3
1.375000E-7	2.776712E-3
1.375500E-7	2.742453E-3
1.376000E-7	2.706481E-3
1.376500E-7	2.656805E-3
1.377000E-7	2.581436E-3
1.377500E-7	2.499214E-3
1.378000E-7	2.411854E-3
1.378500E-7	2.315928E-3
1.379000E-7	2.233707E-3
1.379500E-7	2.173754E-3
1.380000E-7	2.124078E-3
1.380500E-7	2.113800E-3
1.381000E-7	2.160050E-3
1.381500E-7	2.250836E-3
1.382000E-7	2.360465E-3
1.382500E-7	2.478659E-3
1.383000E-7	2.593426E-3
1.383500E-7	2.704768E-3
1.384000E-7	2.814397E-3
1.384500E-7	2.888054E-3
1.385000E-7	2.910322E-3
1.385500E-7	2.889767E-3
1.386000E-7	2.834952E-3
1.386500E-7	2.751018E-3
1.387000E-7	2.648241E-3
1.387500E-7	2.531760E-3
1.388000E-7	2.401576E-3
1.388500E-7	2.300512E-3
1.389000E-7	2.240559E-3
1.389500E-7	2.196022E-3
1.390000E-7	2.165189E-3
1.390500E-7	2.163476E-3
1.391000E-7	2.177179E-3
1.391500E-7	2.192596E-3
1.392000E-7	2.194309E-3
1.392500E-7	2.166902E-3
1.393000E-7	2.103523E-3
1.393500E-7	2.038431E-3
1.394000E-7	1.995607E-3
1.394500E-7	1.956209E-3
1.395000E-7	1.913385E-3
1.395500E-7	1.891117E-3
1.396000E-7	1.911672E-3
1.396500E-7	1.959635E-3
1.397000E-7	2.014449E-3
1.397500E-7	2.093245E-3
1.398000E-7	2.197735E-3
1.398500E-7	2.321067E-3
1.399000E-7	2.459816E-3
1.399500E-7	2.595139E-3
1.400000E-7	2.721898E-3
1.400500E-7	2.845230E-3
1.401000E-7	2.954859E-3
1.401500E-7	3.035367E-3
1.402000E-7	3.081617E-3
1.402500E-7	3.086756E-3
1.403000E-7	3.043932E-3
1.403500E-7	2.954859E-3
1.404000E-7	2.836665E-3
1.404500E-7	2.696203E-3
1.405000E-7	2.554028E-3
1.405500E-7	2.432409E-3
1.406000E-7	2.331345E-3
1.406500E-7	2.249123E-3
1.407000E-7	2.201161E-3
1.407500E-7	2.178892E-3
1.408000E-7	2.165189E-3
1.408500E-7	2.160050E-3
1.409000E-7	2.163476E-3
1.409500E-7	2.148059E-3
1.410000E-7	2.096671E-3
1.410500E-7	2.012736E-3
1.411000E-7	1.909959E-3
1.411500E-7	1.807182E-3
1.412000E-7	1.716396E-3
1.412500E-7	1.658156E-3
1.413000E-7	1.629035E-3
1.413500E-7	1.641026E-3
1.414000E-7	1.712970E-3
1.414500E-7	1.834589E-3
1.415000E-7	1.987042E-3
1.415500E-7	2.139495E-3
1.416000E-7	2.278244E-3
1.416500E-7	2.370743E-3
1.417000E-7	2.420418E-3
1.417500E-7	2.451251E-3
1.418000E-7	2.458103E-3
1.418500E-7	2.420418E-3
1.419000E-7	2.351900E-3
1.419500E-7	2.283382E-3
1.420000E-7	2.226855E-3
1.420500E-7	2.190883E-3
1.421000E-7	2.184031E-3
1.421500E-7	2.220003E-3
1.422000E-7	2.300512E-3
1.422500E-7	2.399863E-3
1.423000E-7	2.488936E-3
1.423500E-7	2.562593E-3
1.424000E-7	2.617408E-3
1.424500E-7	2.641389E-3
1.425000E-7	2.649954E-3
1.425500E-7	2.656805E-3
1.426000E-7	2.648241E-3
1.426500E-7	2.622546E-3
1.427000E-7	2.595139E-3
1.427500E-7	2.569445E-3
1.428000E-7	2.536899E-3
1.428500E-7	2.516344E-3
1.429000E-7	2.504353E-3
1.429500E-7	2.475233E-3
1.430000E-7	2.435835E-3
1.430500E-7	2.406715E-3
1.431000E-7	2.372456E-3
1.431500E-7	2.338197E-3
1.432000E-7	2.333058E-3
1.432500E-7	2.353613E-3
1.433000E-7	2.377595E-3
1.433500E-7	2.418705E-3
1.434000E-7	2.482085E-3
1.434500E-7	2.547177E-3
1.435000E-7	2.596852E-3
1.435500E-7	2.639676E-3
1.436000E-7	2.658518E-3
1.436500E-7	2.641389E-3
1.437000E-7	2.613982E-3
1.437500E-7	2.584862E-3
1.438000E-7	2.538612E-3
1.438500E-7	2.466668E-3
1.439000E-7	2.401576E-3
1.439500E-7	2.343336E-3
1.440000E-7	2.288521E-3
1.440500E-7	2.252549E-3
1.441000E-7	2.233707E-3
1.441500E-7	2.235420E-3
1.442000E-7	2.278244E-3
1.442500E-7	2.327919E-3
1.443000E-7	2.338197E-3
1.443500E-7	2.351900E-3
1.444000E-7	2.416992E-3
1.444500E-7	2.500927E-3
1.445000E-7	2.576297E-3
1.445500E-7	2.658518E-3
1.446000E-7	2.752731E-3
1.446500E-7	2.826388E-3
1.447000E-7	2.869211E-3
1.447500E-7	2.888054E-3
1.448000E-7	2.893193E-3
1.448500E-7	2.870924E-3
1.449000E-7	2.805832E-3
1.449500E-7	2.697916E-3
1.450000E-7	2.569445E-3
1.450500E-7	2.435835E-3
1.451000E-7	2.285095E-3
1.451500E-7	2.136069E-3
1.452000E-7	2.004172E-3
1.452500E-7	1.894543E-3
1.453000E-7	1.819173E-3
1.453500E-7	1.808895E-3
1.454000E-7	1.843154E-3
1.454500E-7	1.906533E-3
1.455000E-7	2.000746E-3
1.455500E-7	2.118939E-3
1.456000E-7	2.226855E-3
1.456500E-7	2.309077E-3
1.457000E-7	2.357039E-3
1.457500E-7	2.363891E-3
1.458000E-7	2.346762E-3
1.458500E-7	2.305651E-3
1.459000E-7	2.233707E-3
1.459500E-7	2.154911E-3
1.460000E-7	2.091532E-3
1.460500E-7	2.026440E-3
1.461000E-7	1.964774E-3
1.461500E-7	1.925376E-3
1.462000E-7	1.915098E-3
1.462500E-7	1.927089E-3
1.463000E-7	1.963061E-3
1.463500E-7	2.014449E-3
1.464000E-7	2.079541E-3
1.464500E-7	2.154911E-3
1.465000E-7	2.228568E-3
1.465500E-7	2.290234E-3
1.466000E-7	2.334771E-3
1.466500E-7	2.372456E-3
1.467000E-7	2.408428E-3
1.467500E-7	2.444400E-3
1.468000E-7	2.466668E-3
1.468500E-7	2.475233E-3
1.469000E-7	2.482085E-3
1.469500E-7	2.490649E-3
1.470000E-7	2.490649E-3
1.470500E-7	2.485510E-3
1.471000E-7	2.454677E-3
1.471500E-7	2.384446E-3
1.472000E-7	2.298799E-3
1.472500E-7	2.223429E-3
1.473000E-7	2.141208E-3
1.473500E-7	2.045282E-3
1.474000E-7	1.963061E-3
1.474500E-7	1.904820E-3
1.475000E-7	1.853432E-3
1.475500E-7	1.815747E-3
1.476000E-7	1.827738E-3
1.476500E-7	1.873987E-3
1.477000E-7	1.928802E-3
1.477500E-7	2.002459E-3
1.478000E-7	2.113800E-3
1.478500E-7	2.240559E-3
1.479000E-7	2.357039E-3
1.479500E-7	2.468381E-3
1.480000E-7	2.564306E-3
1.480500E-7	2.629398E-3
1.481000E-7	2.677361E-3
1.481500E-7	2.715046E-3
1.482000E-7	2.716759E-3
1.482500E-7	2.675648E-3
1.483000E-7	2.627685E-3
1.483500E-7	2.593426E-3
1.484000E-7	2.547177E-3
1.484500E-7	2.480372E-3
1.485000E-7	2.408428E-3
1.485500E-7	2.327919E-3
1.486000E-7	2.240559E-3
1.486500E-7	2.144633E-3
1.487000E-7	2.040143E-3
1.487500E-7	1.920237E-3
1.488000E-7	1.803756E-3
1.488500E-7	1.706118E-3
1.489000E-7	1.627323E-3
1.489500E-7	1.581073E-3
1.490000E-7	1.574221E-3
1.490500E-7	1.601628E-3
1.491000E-7	1.637600E-3
1.491500E-7	1.692415E-3
1.492000E-7	1.771210E-3
1.492500E-7	1.858571E-3
1.493000E-7	1.932228E-3
1.493500E-7	1.987042E-3
1.494000E-7	2.023014E-3
1.494500E-7	2.029866E-3
1.495000E-7	2.012736E-3
1.495500E-7	1.976764E-3
1.496000E-7	1.932228E-3
1.496500E-7	1.897969E-3
1.497000E-7	1.894543E-3
1.497500E-7	1.911672E-3
1.498000E-7	1.940792E-3
1.498500E-7	1.983616E-3
1.499000E-7	2.035005E-3
1.499500E-7	2.091532E-3
1.500000E-7	2.153198E-3
1.500500E-7	2.204587E-3
1.501000E-7	2.250836E-3
1.501500E-7	2.290234E-3
1.502000E-7	2.310790E-3
1.502500E-7	2.303938E-3
1.503000E-7	2.279956E-3
1.503500E-7	2.254262E-3
1.504000E-7	2.225142E-3
1.504500E-7	2.187457E-3
1.505000E-7	2.154911E-3
1.505500E-7	2.141208E-3
1.506000E-7	2.125791E-3
1.506500E-7	2.086393E-3
1.507000E-7	2.048708E-3
1.507500E-7	2.036718E-3
1.508000E-7	2.017875E-3
1.508500E-7	1.963061E-3
1.509000E-7	1.896256E-3
1.509500E-7	1.850006E-3
1.510000E-7	1.810608E-3
1.510500E-7	1.762646E-3
1.511000E-7	1.721535E-3
1.511500E-7	1.702692E-3
1.512000E-7	1.702692E-3
1.512500E-7	1.704405E-3
1.513000E-7	1.716396E-3
1.513500E-7	1.752368E-3
1.514000E-7	1.800330E-3
1.514500E-7	1.838015E-3
1.515000E-7	1.867136E-3
1.515500E-7	1.901395E-3
1.516000E-7	1.944218E-3
1.516500E-7	1.963061E-3
1.517000E-7	1.954496E-3
1.517500E-7	1.928802E-3
1.518000E-7	1.889404E-3
1.518500E-7	1.831164E-3
1.519000E-7	1.772923E-3
1.519500E-7	1.747229E-3
1.520000E-7	1.769497E-3
1.520500E-7	1.838015E-3
1.521000E-7	1.947644E-3
1.521500E-7	2.096671E-3
1.522000E-7	2.267966E-3
1.522500E-7	2.451251E-3
1.523000E-7	2.632824E-3
1.523500E-7	2.795554E-3
1.524000E-7	2.927452E-3
1.524500E-7	3.016525E-3
1.525000E-7	3.066201E-3
1.525500E-7	3.057636E-3
1.526000E-7	2.994257E-3
1.526500E-7	2.881202E-3
1.527000E-7	2.723611E-3
1.527500E-7	2.538612E-3
1.528000E-7	2.360465E-3
1.528500E-7	2.201161E-3
1.529000E-7	2.052134E-3
1.529500E-7	1.920237E-3
1.530000E-7	1.820886E-3
1.530500E-7	1.742090E-3
1.531000E-7	1.680424E-3
1.531500E-7	1.637600E-3
1.532000E-7	1.620471E-3
1.532500E-7	1.617045E-3
1.533000E-7	1.632461E-3
1.533500E-7	1.675285E-3
1.534000E-7	1.730100E-3
1.534500E-7	1.759220E-3
1.535000E-7	1.755794E-3
1.535500E-7	1.742090E-3
1.536000E-7	1.721535E-3
1.536500E-7	1.688989E-3
1.537000E-7	1.663294E-3
1.537500E-7	1.651304E-3
1.538000E-7	1.637600E-3
1.538500E-7	1.627323E-3
1.539000E-7	1.644452E-3
1.539500E-7	1.683850E-3
1.540000E-7	1.724961E-3
1.540500E-7	1.774636E-3
1.541000E-7	1.838015E-3
1.541500E-7	1.896256E-3
1.542000E-7	1.954496E-3
1.542500E-7	2.012736E-3
1.543000E-7	2.060699E-3
1.543500E-7	2.094958E-3
1.544000E-7	2.108661E-3
1.544500E-7	2.094958E-3
1.545000E-7	2.055560E-3
1.545500E-7	2.005884E-3
1.546000E-7	1.947644E-3
1.546500E-7	1.879126E-3
1.547000E-7	1.810608E-3
1.547500E-7	1.742090E-3
1.548000E-7	1.673572E-3
1.548500E-7	1.623897E-3
1.549000E-7	1.615332E-3
1.549500E-7	1.623897E-3
1.550000E-7	1.635887E-3
1.550500E-7	1.675285E-3
1.551000E-7	1.759220E-3
1.551500E-7	1.843154E-3
1.552000E-7	1.896256E-3
1.552500E-7	1.925376E-3
1.553000E-7	1.942505E-3
1.553500E-7	1.933941E-3
1.554000E-7	1.904820E-3
1.554500E-7	1.865423E-3
1.555000E-7	1.810608E-3
1.555500E-7	1.733525E-3
1.556000E-7	1.642739E-3
1.556500E-7	1.562230E-3
1.557000E-7	1.500564E-3
1.557500E-7	1.445750E-3
1.558000E-7	1.397787E-3
1.558500E-7	1.382371E-3
1.559000E-7	1.411491E-3
1.559500E-7	1.459453E-3
1.560000E-7	1.521120E-3
1.560500E-7	1.606767E-3
1.561000E-7	1.697553E-3
1.561500E-7	1.769497E-3
1.562000E-7	1.822599E-3
1.562500E-7	1.861997E-3
1.563000E-7	1.873987E-3
1.563500E-7	1.858571E-3
1.564000E-7	1.839728E-3
1.564500E-7	1.812321E-3
1.565000E-7	1.766071E-3
1.565500E-7	1.721535E-3
1.566000E-7	1.671859E-3
1.566500E-7	1.627323E-3
1.567000E-7	1.601628E-3
1.567500E-7	1.587925E-3
1.568000E-7	1.570795E-3
1.568500E-7	1.572508E-3
1.569000E-7	1.601628E-3
1.569500E-7	1.605054E-3
1.570000E-7	1.563943E-3
1.570500E-7	1.533110E-3
1.571000E-7	1.536536E-3
1.571500E-7	1.539962E-3
1.572000E-7	1.550240E-3
1.572500E-7	1.605054E-3
1.573000E-7	1.700979E-3
1.573500E-7	1.807182E-3
1.574000E-7	1.909959E-3
1.574500E-7	2.016162E-3
1.575000E-7	2.110374E-3
1.575500E-7	2.175467E-3
1.576000E-7	2.208013E-3
1.576500E-7	2.192596E-3
1.577000E-7	2.137782E-3
1.577500E-7	2.070977E-3
1.578000E-7	2.011023E-3
1.578500E-7	1.945931E-3
1.579000E-7	1.884265E-3
1.579500E-7	1.843154E-3
1.580000E-7	1.831164E-3
1.580500E-7	1.855145E-3
1.581000E-7	1.909959E-3
1.581500E-7	1.973338E-3
1.582000E-7	2.043569E-3
1.582500E-7	2.134356E-3
1.583000E-7	2.225142E-3
1.583500E-7	2.266253E-3
1.584000E-7	2.255975E-3
1.584500E-7	2.208013E-3
1.585000E-7	2.127504E-3
1.585500E-7	2.028153E-3
1.586000E-7	1.925376E-3
1.586500E-7	1.814034E-3
1.587000E-7	1.707831E-3
1.587500E-7	1.641026E-3
1.588000E-7	1.613619E-3
1.588500E-7	1.605054E-3
1.589000E-7	1.610193E-3
1.589500E-7	1.625610E-3
1.590000E-7	1.653017E-3
1.590500E-7	1.690702E-3
1.591000E-7	1.728387E-3
1.591500E-7	1.771210E-3
1.592000E-7	1.805469E-3
1.592500E-7	1.829451E-3
1.593000E-7	1.838015E-3
1.593500E-7	1.848293E-3
1.594000E-7	1.863710E-3
1.594500E-7	1.867136E-3
1.595000E-7	1.872274E-3
1.595500E-7	1.885978E-3
1.596000E-7	1.892830E-3
1.596500E-7	1.884265E-3
1.597000E-7	1.889404E-3
1.597500E-7	1.906533E-3
1.598000E-7	1.899682E-3
1.598500E-7	1.875700E-3
1.599000E-7	1.856858E-3
1.599500E-7	1.832877E-3
1.600000E-7	1.803756E-3
1.600500E-7	1.766071E-3
1.601000E-7	1.728387E-3
1.601500E-7	1.706118E-3
1.602000E-7	1.695841E-3
1.602500E-7	1.697553E-3
1.603000E-7	1.709544E-3
1.603500E-7	1.736951E-3
1.604000E-7	1.778062E-3
1.604500E-7	1.812321E-3
1.605000E-7	1.834589E-3
1.605500E-7	1.844867E-3
1.606000E-7	1.838015E-3
1.606500E-7	1.800330E-3
1.607000E-7	1.724961E-3
1.607500E-7	1.632461E-3
1.608000E-7	1.555379E-3
1.608500E-7	1.493712E-3
1.609000E-7	1.430333E-3
1.609500E-7	1.387510E-3
1.610000E-7	1.409778E-3
1.610500E-7	1.495425E-3
1.611000E-7	1.598202E-3
1.611500E-7	1.723248E-3
1.612000E-7	1.877413E-3
1.612500E-7	2.028153E-3
1.613000E-7	2.146346E-3
1.613500E-7	2.245697E-3
1.614000E-7	2.307364E-3
1.614500E-7	2.298799E-3
1.615000E-7	2.245697E-3
1.615500E-7	2.178892E-3
1.616000E-7	2.088106E-3
1.616500E-7	1.973338E-3
1.617000E-7	1.867136E-3
1.617500E-7	1.795192E-3
1.618000E-7	1.748942E-3
1.618500E-7	1.735238E-3
1.619000E-7	1.755794E-3
1.619500E-7	1.786627E-3
1.620000E-7	1.827738E-3
1.620500E-7	1.887691E-3
1.621000E-7	1.933941E-3
1.621500E-7	1.949357E-3
1.622000E-7	1.945931E-3
1.622500E-7	1.925376E-3
1.623000E-7	1.882552E-3
1.623500E-7	1.815747E-3
1.624000E-7	1.740377E-3
1.624500E-7	1.658156E-3
1.625000E-7	1.572508E-3
1.625500E-7	1.502277E-3
1.626000E-7	1.445750E-3
1.626500E-7	1.382371E-3
1.627000E-7	1.313853E-3
1.627500E-7	1.260751E-3
1.628000E-7	1.214502E-3
1.628500E-7	1.181955E-3
1.629000E-7	1.168252E-3
1.629500E-7	1.163113E-3
1.630000E-7	1.151122E-3
1.630500E-7	1.144271E-3
1.631000E-7	1.149409E-3
1.631500E-7	1.137419E-3
1.632000E-7	1.128854E-3
1.632500E-7	1.149409E-3
1.633000E-7	1.181955E-3
1.633500E-7	1.202511E-3
1.634000E-7	1.219640E-3
1.634500E-7	1.247048E-3
1.635000E-7	1.269316E-3
1.635500E-7	1.283020E-3
1.636000E-7	1.286445E-3
1.636500E-7	1.267603E-3
1.637000E-7	1.238483E-3
1.637500E-7	1.224779E-3
1.638000E-7	1.229918E-3
1.638500E-7	1.228205E-3
1.639000E-7	1.217927E-3
1.639500E-7	1.224779E-3
1.640000E-7	1.238483E-3
1.640500E-7	1.243622E-3
1.641000E-7	1.248761E-3
1.641500E-7	1.272742E-3
1.642000E-7	1.300149E-3
1.642500E-7	1.320704E-3
1.643000E-7	1.358389E-3
1.643500E-7	1.421769E-3
1.644000E-7	1.488574E-3
1.644500E-7	1.548527E-3
1.645000E-7	1.605054E-3
1.645500E-7	1.663294E-3
1.646000E-7	1.723248E-3
1.646500E-7	1.783201E-3
1.647000E-7	1.820886E-3
1.647500E-7	1.832877E-3
1.648000E-7	1.827738E-3
1.648500E-7	1.796905E-3
1.649000E-7	1.736951E-3
1.649500E-7	1.675285E-3
1.650000E-7	1.625610E-3
1.650500E-7	1.565656E-3
1.651000E-7	1.490287E-3
1.651500E-7	1.435472E-3
1.652000E-7	1.402926E-3
1.652500E-7	1.392648E-3
1.653000E-7	1.411491E-3
1.653500E-7	1.464592E-3
1.654000E-7	1.533110E-3
1.654500E-7	1.613619E-3
1.655000E-7	1.707831E-3
1.655500E-7	1.808895E-3
1.656000E-7	1.918524E-3
1.656500E-7	2.026440E-3
1.657000E-7	2.118939E-3
1.657500E-7	2.180605E-3
1.658000E-7	2.214864E-3
1.658500E-7	2.214864E-3
1.659000E-7	2.185744E-3
1.659500E-7	2.115513E-3
1.660000E-7	2.014449E-3
1.660500E-7	1.899682E-3
1.661000E-7	1.795192E-3
1.661500E-7	1.695841E-3
1.662000E-7	1.598202E-3
1.662500E-7	1.510842E-3
1.663000E-7	1.447463E-3
1.663500E-7	1.426907E-3
1.664000E-7	1.452602E-3
1.664500E-7	1.515981E-3
1.665000E-7	1.601628E-3
1.665500E-7	1.678711E-3
1.666000E-7	1.733525E-3
1.666500E-7	1.771210E-3
1.667000E-7	1.807182E-3
1.667500E-7	1.829451E-3
1.668000E-7	1.814034E-3
1.668500E-7	1.762646E-3
1.669000E-7	1.707831E-3
1.669500E-7	1.665007E-3
1.670000E-7	1.642739E-3
1.670500E-7	1.639313E-3
1.671000E-7	1.656443E-3
1.671500E-7	1.682137E-3
1.672000E-7	1.716396E-3
1.672500E-7	1.764359E-3
1.673000E-7	1.819173E-3
1.673500E-7	1.850006E-3
1.674000E-7	1.839728E-3
1.674500E-7	1.805469E-3
1.675000E-7	1.755794E-3
1.675500E-7	1.683850E-3
1.676000E-7	1.593064E-3
1.676500E-7	1.502277E-3
1.677000E-7	1.420056E-3
1.677500E-7	1.365241E-3
1.678000E-7	1.363528E-3
1.678500E-7	1.409778E-3
1.679000E-7	1.462879E-3
1.679500E-7	1.510842E-3
1.680000E-7	1.560517E-3
1.680500E-7	1.594776E-3
1.681000E-7	1.586212E-3
1.681500E-7	1.548527E-3
1.682000E-7	1.505703E-3
1.682500E-7	1.438898E-3
1.683000E-7	1.341260E-3
1.683500E-7	1.262464E-3
1.684000E-7	1.226492E-3
1.684500E-7	1.214502E-3
1.685000E-7	1.217927E-3
1.685500E-7	1.269316E-3
1.686000E-7	1.365241E-3
1.686500E-7	1.466305E-3
1.687000E-7	1.572508E-3
1.687500E-7	1.687276E-3
1.688000E-7	1.788340E-3
1.688500E-7	1.867136E-3
1.689000E-7	1.921950E-3
1.689500E-7	1.927089E-3
1.690000E-7	1.868848E-3
1.690500E-7	1.767784E-3
1.691000E-7	1.653017E-3
1.691500E-7	1.529684E-3
1.692000E-7	1.409778E-3
1.692500E-7	1.301862E-3
1.693000E-7	1.193946E-3
1.693500E-7	1.092882E-3
1.694000E-7	1.027790E-3
1.694500E-7	9.986698E-4
1.695000E-7	1.012373E-3
1.695500E-7	1.089456E-3
1.696000E-7	1.205937E-3
1.696500E-7	1.329269E-3
1.697000E-7	1.461166E-3
1.697500E-7	1.611906E-3
1.698000E-7	1.733525E-3
1.698500E-7	1.803756E-3
1.699000E-7	1.848293E-3
1.699500E-7	1.879126E-3
1.700000E-7	1.885978E-3
1.700500E-7	1.860284E-3
1.701000E-7	1.817460E-3
1.701500E-7	1.771210E-3
1.702000E-7	1.740377E-3
1.702500E-7	1.730100E-3
1.703000E-7	1.728387E-3
1.703500E-7	1.745516E-3
1.704000E-7	1.802043E-3
1.704500E-7	1.858571E-3
1.705000E-7	1.882552E-3
1.705500E-7	1.903107E-3
1.706000E-7	1.937366E-3
1.706500E-7	1.949357E-3
1.707000E-7	1.920237E-3
1.707500E-7	1.884265E-3
1.708000E-7	1.836302E-3
1.708500E-7	1.764359E-3
1.709000E-7	1.680424E-3
1.709500E-7	1.599915E-3
1.710000E-7	1.510842E-3
1.710500E-7	1.433759E-3
1.711000E-7	1.382371E-3
1.711500E-7	1.351538E-3
1.712000E-7	1.342973E-3
1.712500E-7	1.358389E-3
1.713000E-7	1.394361E-3
1.713500E-7	1.440611E-3
1.714000E-7	1.502277E-3
1.714500E-7	1.570795E-3
1.715000E-7	1.644452E-3
1.715500E-7	1.733525E-3
1.716000E-7	1.810608E-3
1.716500E-7	1.841441E-3
1.717000E-7	1.834589E-3
1.717500E-7	1.827738E-3
1.718000E-7	1.805469E-3
1.718500E-7	1.740377E-3
1.719000E-7	1.653017E-3
1.719500E-7	1.575934E-3
1.720000E-7	1.500564E-3
1.720500E-7	1.413204E-3
1.721000E-7	1.330982E-3
1.721500E-7	1.264177E-3
1.722000E-7	1.212789E-3
1.722500E-7	1.159687E-3
1.723000E-7	1.108299E-3
1.723500E-7	1.086030E-3
1.724000E-7	1.103160E-3
1.724500E-7	1.140845E-3
1.725000E-7	1.199085E-3
1.725500E-7	1.291584E-3
1.726000E-7	1.406352E-3
1.726500E-7	1.509129E-3
1.727000E-7	1.613619E-3
1.727500E-7	1.730100E-3
1.728000E-7	1.841441E-3
1.728500E-7	1.939079E-3
1.729000E-7	2.033292E-3
1.729500E-7	2.108661E-3
1.730000E-7	2.149772E-3
1.730500E-7	2.172041E-3
1.731000E-7	2.168615E-3
1.731500E-7	2.134356E-3
1.732000E-7	2.091532E-3
1.732500E-7	2.053847E-3
1.733000E-7	1.993894E-3
1.733500E-7	1.923663E-3
1.734000E-7	1.856858E-3
1.734500E-7	1.791766E-3
1.735000E-7	1.733525E-3
1.735500E-7	1.690702E-3
1.736000E-7	1.665007E-3
1.736500E-7	1.670146E-3
1.737000E-7	1.719822E-3
1.737500E-7	1.805469E-3
1.738000E-7	1.894543E-3
1.738500E-7	1.963061E-3
1.739000E-7	1.993894E-3
1.739500E-7	1.981903E-3
1.740000E-7	1.949357E-3
1.740500E-7	1.885978E-3
1.741000E-7	1.769497E-3
1.741500E-7	1.629035E-3
1.742000E-7	1.510842E-3
1.742500E-7	1.409778E-3
1.743000E-7	1.317279E-3
1.743500E-7	1.233344E-3
1.744000E-7	1.169965E-3
1.744500E-7	1.144271E-3
1.745000E-7	1.178530E-3
1.745500E-7	1.257325E-3
1.746000E-7	1.346399E-3
1.746500E-7	1.440611E-3
1.747000E-7	1.553666E-3
1.747500E-7	1.653017E-3
1.748000E-7	1.735238E-3
1.748500E-7	1.800330E-3
1.749000E-7	1.834589E-3
1.749500E-7	1.822599E-3
1.750000E-7	1.788340E-3
1.750500E-7	1.752368E-3
1.751000E-7	1.709544E-3
1.751500E-7	1.659869E-3
1.752000E-7	1.620471E-3
1.752500E-7	1.575934E-3
1.753000E-7	1.521120E-3
1.753500E-7	1.485148E-3
1.754000E-7	1.447463E-3
1.754500E-7	1.387510E-3
1.755000E-7	1.334408E-3
1.755500E-7	1.315566E-3
1.756000E-7	1.293297E-3
1.756500E-7	1.264177E-3
1.757000E-7	1.250473E-3
1.757500E-7	1.238483E-3
1.758000E-7	1.204224E-3
1.758500E-7	1.171678E-3
1.759000E-7	1.166539E-3
1.759500E-7	1.168252E-3
1.760000E-7	1.176817E-3
1.760500E-7	1.192233E-3
1.761000E-7	1.228205E-3
1.761500E-7	1.293297E-3
1.762000E-7	1.384084E-3
1.762500E-7	1.464592E-3
1.763000E-7	1.526258E-3
1.763500E-7	1.579360E-3
1.764000E-7	1.632461E-3
1.764500E-7	1.670146E-3
1.765000E-7	1.694128E-3
1.765500E-7	1.702692E-3
1.766000E-7	1.692415E-3
1.766500E-7	1.666720E-3
1.767000E-7	1.637600E-3
1.767500E-7	1.599915E-3
1.768000E-7	1.555379E-3
1.768500E-7	1.522833E-3
1.769000E-7	1.533110E-3
1.769500E-7	1.567369E-3
1.770000E-7	1.603341E-3
1.770500E-7	1.642739E-3
1.771000E-7	1.688989E-3
1.771500E-7	1.716396E-3
1.772000E-7	1.730100E-3
1.772500E-7	1.730100E-3
1.773000E-7	1.704405E-3
1.773500E-7	1.654730E-3
1.774000E-7	1.599915E-3
1.774500E-7	1.533110E-3
1.775000E-7	1.459453E-3
1.775500E-7	1.404639E-3
1.776000E-7	1.368667E-3
1.776500E-7	1.354963E-3
1.777000E-7	1.377232E-3
1.777500E-7	1.426907E-3
1.778000E-7	1.483435E-3
1.778500E-7	1.546814E-3
1.779000E-7	1.610193E-3
1.779500E-7	1.644452E-3
1.780000E-7	1.642739E-3
1.780500E-7	1.601628E-3
1.781000E-7	1.517694E-3
1.781500E-7	1.418343E-3
1.782000E-7	1.322417E-3
1.782500E-7	1.217927E-3
1.783000E-7	1.122002E-3
1.783500E-7	1.056910E-3
1.784000E-7	1.014086E-3
1.784500E-7	9.849662E-4
1.785000E-7	9.815403E-4
1.785500E-7	1.015799E-3
1.786000E-7	1.068901E-3
1.786500E-7	1.142558E-3
1.787000E-7	1.233344E-3
1.787500E-7	1.332695E-3
1.788000E-7	1.438898E-3
1.788500E-7	1.543388E-3
1.789000E-7	1.625610E-3
1.789500E-7	1.680424E-3
1.790000E-7	1.728387E-3
1.790500E-7	1.760933E-3
1.791000E-7	1.757507E-3
1.791500E-7	1.740377E-3
1.792000E-7	1.721535E-3
1.792500E-7	1.668433E-3
1.793000E-7	1.565656E-3
1.793500E-7	1.447463E-3
1.794000E-7	1.332695E-3
1.794500E-7	1.192233E-3
1.795000E-7	1.044919E-3
1.795500E-7	9.318648E-4
1.796000E-7	8.410784E-4
1.796500E-7	7.605698E-4
1.797000E-7	7.245978E-4
1.797500E-7	7.400144E-4
1.798000E-7	7.622827E-4
1.798500E-7	7.879770E-4
1.799000E-7	8.462173E-4
1.799500E-7	9.095964E-4
1.800000E-7	9.558461E-4
1.800500E-7	1.015799E-3
1.801000E-7	1.103160E-3
1.801500E-7	1.190520E-3
1.802000E-7	1.250473E-3
1.802500E-7	1.313853E-3
1.803000E-7	1.385797E-3
1.803500E-7	1.433759E-3
1.804000E-7	1.430333E-3
1.804500E-7	1.382371E-3
1.805000E-7	1.295010E-3
1.805500E-7	1.178530E-3
1.806000E-7	1.043207E-3
1.806500E-7	9.130223E-4
1.807000E-7	7.914029E-4
1.807500E-7	6.920518E-4
1.808000E-7	6.355244E-4
1.808500E-7	6.303856E-4
1.809000E-7	6.663575E-4
1.809500E-7	7.417273E-4
1.810000E-7	8.633468E-4
1.810500E-7	1.019225E-3
1.811000E-7	1.183668E-3
1.811500E-7	1.353250E-3
1.812000E-7	1.491999E-3
1.812500E-7	1.575934E-3
1.813000E-7	1.610193E-3
1.813500E-7	1.608480E-3
1.814000E-7	1.563943E-3
1.814500E-7	1.481722E-3
1.815000E-7	1.390935E-3
1.815500E-7	1.298436E-3
1.816000E-7	1.204224E-3
1.816500E-7	1.127141E-3
1.817000E-7	1.068901E-3
1.817500E-7	1.019225E-3
1.818000E-7	9.815403E-4
1.818500E-7	9.541331E-4
1.819000E-7	9.284389E-4
1.819500E-7	9.095964E-4
1.820000E-7	8.856151E-4
1.820500E-7	8.462173E-4
1.821000E-7	8.170971E-4
1.821500E-7	8.170971E-4
1.822000E-7	8.273748E-4
1.822500E-7	8.513561E-4
1.823000E-7	9.250130E-4
1.823500E-7	1.036355E-3
1.824000E-7	1.151122E-3
1.824500E-7	1.259038E-3
1.825000E-7	1.363528E-3
1.825500E-7	1.425194E-3
1.826000E-7	1.430333E-3
1.826500E-7	1.409778E-3
1.827000E-7	1.394361E-3
1.827500E-7	1.378945E-3
1.828000E-7	1.351538E-3
1.828500E-7	1.308714E-3
1.829000E-7	1.274455E-3
1.829500E-7	1.257325E-3
1.830000E-7	1.250473E-3
1.830500E-7	1.259038E-3
1.831000E-7	1.277881E-3
1.831500E-7	1.286445E-3
1.832000E-7	1.279594E-3
1.832500E-7	1.277881E-3
1.833000E-7	1.276168E-3
1.833500E-7	1.240196E-3
1.834000E-7	1.187094E-3
1.834500E-7	1.139132E-3
1.835000E-7	1.103160E-3
1.835500E-7	1.074040E-3
1.836000E-7	1.067188E-3
1.836500E-7	1.087743E-3
1.837000E-7	1.137419E-3
1.837500E-7	1.204224E-3
1.838000E-7	1.253899E-3
1.838500E-7	1.276168E-3
1.839000E-7	1.281307E-3
1.839500E-7	1.272742E-3
1.840000E-7	1.229918E-3
1.840500E-7	1.152835E-3
1.841000E-7	1.075753E-3
1.841500E-7	1.017512E-3
1.842000E-7	9.764015E-4
1.842500E-7	9.370036E-4
1.843000E-7	9.078835E-4
1.843500E-7	9.044576E-4
1.844000E-7	9.233000E-4
1.844500E-7	9.404295E-4
1.845000E-7	9.712626E-4
1.845500E-7	1.022651E-3
1.846000E-7	1.070614E-3
1.846500E-7	1.094595E-3
1.847000E-7	1.111725E-3
1.847500E-7	1.128854E-3
1.848000E-7	1.125428E-3
1.848500E-7	1.108299E-3
1.849000E-7	1.098021E-3
1.849500E-7	1.106586E-3
1.850000E-7	1.127141E-3
1.850500E-7	1.159687E-3
1.851000E-7	1.216214E-3
1.851500E-7	1.295010E-3
1.852000E-7	1.384084E-3
1.852500E-7	1.478296E-3
1.853000E-7	1.589638E-3
1.853500E-7	1.702692E-3
1.854000E-7	1.796905E-3
1.854500E-7	1.872274E-3
1.855000E-7	1.940792E-3
1.855500E-7	1.985329E-3
1.856000E-7	1.985329E-3
1.856500E-7	1.942505E-3
1.857000E-7	1.885978E-3
1.857500E-7	1.815747E-3
1.858000E-7	1.706118E-3
1.858500E-7	1.567369E-3
1.859000E-7	1.440611E-3
1.859500E-7	1.337834E-3
1.860000E-7	1.245335E-3
1.860500E-7	1.171678E-3
1.861000E-7	1.120289E-3
1.861500E-7	1.096308E-3
1.862000E-7	1.111725E-3
1.862500E-7	1.152835E-3
1.863000E-7	1.185381E-3
1.863500E-7	1.207650E-3
1.864000E-7	1.229918E-3
1.864500E-7	1.233344E-3
1.865000E-7	1.202511E-3
1.865500E-7	1.151122E-3
1.866000E-7	1.067188E-3
1.866500E-7	9.507072E-4
1.867000E-7	8.359396E-4
1.867500E-7	7.451532E-4
1.868000E-7	6.629316E-4
1.868500E-7	5.978395E-4
1.869000E-7	5.978395E-4
1.869500E-7	6.612187E-4
1.870000E-7	7.537180E-4
1.870500E-7	8.753374E-4
1.871000E-7	1.031216E-3
1.871500E-7	1.188807E-3
1.872000E-7	1.308714E-3
1.872500E-7	1.390935E-3
1.873000E-7	1.449176E-3
1.873500E-7	1.491999E-3
1.874000E-7	1.502277E-3
1.874500E-7	1.461166E-3
1.875000E-7	1.378945E-3
1.875500E-7	1.269316E-3
1.876000E-7	1.164826E-3
1.876500E-7	1.072327E-3
1.877000E-7	9.986698E-4
1.877500E-7	9.695497E-4
1.878000E-7	9.952439E-4
1.878500E-7	1.053484E-3
1.879000E-7	1.127141E-3
1.879500E-7	1.216214E-3
1.880000E-7	1.320704E-3
1.880500E-7	1.425194E-3
1.881000E-7	1.510842E-3
1.881500E-7	1.553666E-3
1.882000E-7	1.538249E-3
1.882500E-7	1.486861E-3
1.883000E-7	1.409778E-3
1.883500E-7	1.315566E-3
1.884000E-7	1.224779E-3
1.884500E-7	1.140845E-3
1.885000E-7	1.051771E-3
1.885500E-7	9.764015E-4
1.886000E-7	9.267259E-4
1.886500E-7	8.958928E-4
1.887000E-7	8.821892E-4
1.887500E-7	8.941799E-4
1.888000E-7	9.198741E-4
1.888500E-7	9.455684E-4
1.889000E-7	9.764015E-4
1.889500E-7	1.007235E-3
1.890000E-7	1.032929E-3
1.890500E-7	1.068901E-3
1.891000E-7	1.115150E-3
1.891500E-7	1.156261E-3
1.892000E-7	1.195659E-3
1.892500E-7	1.236770E-3
1.893000E-7	1.253899E-3
1.893500E-7	1.231631E-3
1.894000E-7	1.192233E-3
1.894500E-7	1.144271E-3
1.895000E-7	1.096308E-3
1.895500E-7	1.056910E-3
1.896000E-7	1.019225E-3
1.896500E-7	9.541331E-4
1.897000E-7	8.736245E-4
1.897500E-7	8.016806E-4
1.898000E-7	7.417273E-4
1.898500E-7	6.954777E-4
1.899000E-7	6.869129E-4
1.899500E-7	7.228849E-4
1.900000E-7	7.657086E-4
1.900500E-7	8.033935E-4
1.901000E-7	8.496432E-4
1.901500E-7	8.993187E-4
1.902000E-7	9.455684E-4
1.902500E-7	1.010660E-3
1.903000E-7	1.080891E-3
1.903500E-7	1.135706E-3
1.904000E-7	1.188807E-3
1.904500E-7	1.260751E-3
1.905000E-7	1.313853E-3
1.905500E-7	1.330982E-3
1.906000E-7	1.344686E-3
1.906500E-7	1.375519E-3
1.907000E-7	1.382371E-3
1.907500E-7	1.349825E-3
1.908000E-7	1.293297E-3
1.908500E-7	1.226492E-3
1.909000E-7	1.142558E-3
1.909500E-7	1.038068E-3
1.910000E-7	9.233000E-4
1.910500E-7	8.222360E-4
1.911000E-7	7.554309E-4
1.911500E-7	7.211719E-4
1.912000E-7	7.160331E-4
1.912500E-7	7.365885E-4
1.913000E-7	7.862640E-4
1.913500E-7	8.547820E-4
1.914000E-7	9.438554E-4
1.914500E-7	1.044919E-3
1.915000E-7	1.130567E-3
1.915500E-7	1.192233E-3
1.916000E-7	1.240196E-3
1.916500E-7	1.276168E-3
1.917000E-7	1.296723E-3
1.917500E-7	1.308714E-3
1.918000E-7	1.315566E-3
1.918500E-7	1.312140E-3
1.919000E-7	1.300149E-3
1.919500E-7	1.286445E-3
1.920000E-7	1.253899E-3
1.920500E-7	1.197372E-3
1.921000E-7	1.113437E-3
1.921500E-7	1.031216E-3
1.922000E-7	9.370036E-4
1.922500E-7	8.308007E-4
1.923000E-7	7.314496E-4
1.923500E-7	6.526539E-4
1.924000E-7	5.858489E-4
1.924500E-7	5.293215E-4
1.925000E-7	4.984884E-4
1.925500E-7	5.070532E-4
1.926000E-7	5.447381E-4
1.926500E-7	6.064043E-4
1.927000E-7	6.834870E-4
1.927500E-7	7.657086E-4
1.928000E-7	8.325137E-4
1.928500E-7	8.804763E-4
1.929000E-7	9.130223E-4
1.929500E-7	9.421425E-4
1.930000E-7	9.832533E-4
1.930500E-7	1.027790E-3
1.931000E-7	1.063762E-3
1.931500E-7	1.110012E-3
1.932000E-7	1.175104E-3
1.932500E-7	1.241909E-3
1.933000E-7	1.288158E-3
1.933500E-7	1.330982E-3
1.934000E-7	1.380658E-3
1.934500E-7	1.421769E-3
1.935000E-7	1.442324E-3
1.935500E-7	1.444037E-3
1.936000E-7	1.421769E-3
1.936500E-7	1.378945E-3
1.937000E-7	1.322417E-3
1.937500E-7	1.257325E-3
1.938000E-7	1.187094E-3
1.938500E-7	1.123715E-3
1.939000E-7	1.070614E-3
1.939500E-7	1.022651E-3
1.940000E-7	9.918180E-4
1.940500E-7	9.781144E-4
1.941000E-7	9.832533E-4
1.941500E-7	9.986698E-4
1.942000E-7	1.019225E-3
1.942500E-7	1.050058E-3
1.943000E-7	1.099734E-3
1.943500E-7	1.168252E-3
1.944000E-7	1.240196E-3
1.944500E-7	1.318991E-3
1.945000E-7	1.397787E-3
1.945500E-7	1.461166E-3
1.946000E-7	1.503990E-3
1.946500E-7	1.536536E-3
1.947000E-7	1.538249E-3
1.947500E-7	1.488574E-3
1.948000E-7	1.414917E-3
1.948500E-7	1.330982E-3
1.949000E-7	1.226492E-3
1.949500E-7	1.104873E-3
1.950000E-7	1.000383E-3
1.950500E-7	9.198741E-4
1.951000E-7	8.582079E-4
1.951500E-7	8.222360E-4
1.952000E-7	8.136712E-4
1.952500E-7	8.205230E-4
1.953000E-7	8.445043E-4
1.953500E-7	9.095964E-4
1.954000E-7	1.005522E-3
1.954500E-7	1.101447E-3
1.955000E-7	1.185381E-3
1.955500E-7	1.265890E-3
1.956000E-7	1.330982E-3
1.956500E-7	1.377232E-3
1.957000E-7	1.411491E-3
1.957500E-7	1.421769E-3
1.958000E-7	1.396074E-3
1.958500E-7	1.351538E-3
1.959000E-7	1.295010E-3
1.959500E-7	1.223066E-3
1.960000E-7	1.154548E-3
1.960500E-7	1.110012E-3
1.961000E-7	1.080891E-3
1.961500E-7	1.056910E-3
1.962000E-7	1.031216E-3
1.962500E-7	1.007235E-3
1.963000E-7	9.746885E-4
1.963500E-7	9.438554E-4
1.964000E-7	9.233000E-4
1.964500E-7	9.284389E-4
1.965000E-7	9.524202E-4
1.965500E-7	9.729756E-4
1.966000E-7	1.000383E-3
1.966500E-7	1.063762E-3
1.967000E-7	1.149409E-3
1.967500E-7	1.223066E-3
1.968000E-7	1.283020E-3
1.968500E-7	1.324130E-3
1.969000E-7	1.334408E-3
1.969500E-7	1.330982E-3
1.970000E-7	1.308714E-3
1.970500E-7	1.265890E-3
1.971000E-7	1.214502E-3
1.971500E-7	1.157974E-3
1.972000E-7	1.087743E-3
1.972500E-7	1.024364E-3
1.973000E-7	9.986698E-4
1.973500E-7	9.986698E-4
1.974000E-7	1.012373E-3
1.974500E-7	1.058623E-3
1.975000E-7	1.137419E-3
1.975500E-7	1.212789E-3
1.976000E-7	1.262464E-3
1.976500E-7	1.291584E-3
1.977000E-7	1.317279E-3
1.977500E-7	1.351538E-3
1.978000E-7	1.370380E-3
1.978500E-7	1.353250E-3
1.979000E-7	1.312140E-3
1.979500E-7	1.265890E-3
1.980000E-7	1.221353E-3
1.980500E-7	1.202511E-3
1.981000E-7	1.219640E-3
1.981500E-7	1.262464E-3
1.982000E-7	1.310427E-3
1.982500E-7	1.372093E-3
1.983000E-7	1.464592E-3
1.983500E-7	1.581073E-3
1.984000E-7	1.680424E-3
1.984500E-7	1.742090E-3
1.985000E-7	1.774636E-3
1.985500E-7	1.779775E-3
1.986000E-7	1.745516E-3
1.986500E-7	1.670146E-3
1.987000E-7	1.570795E-3
1.987500E-7	1.449176E-3
1.988000E-7	1.293297E-3
1.988500E-7	1.128854E-3
1.989000E-7	9.849662E-4
1.989500E-7	8.701986E-4
1.990000E-7	7.691345E-4
1.990500E-7	6.920518E-4
1.991000E-7	6.509410E-4
1.991500E-7	6.406633E-4
1.992000E-7	6.492280E-4
1.992500E-7	6.663575E-4
1.993000E-7	6.834870E-4
1.993500E-7	6.783482E-4
1.994000E-7	6.526539E-4
1.994500E-7	6.286726E-4
1.995000E-7	6.286726E-4
1.995500E-7	6.509410E-4
1.996000E-7	6.800611E-4
1.996500E-7	7.194590E-4
1.997000E-7	7.725604E-4
1.997500E-7	8.479302E-4
1.998000E-7	9.215871E-4
1.998500E-7	9.764015E-4
1.999000E-7	1.022651E-3
1.999500E-7	1.063762E-3
2.000000E-7	1.074040E-3
