Study Name	PremaTech_CVD_SiC_HeandSi
Sample Name	2025-11-01
Run Name	spot04
Operator	Keshav
Date	11/1/2025
Time	18:28
Sign	FIX
Grating Spacing	06.40um
Channel	3
Number Traces	10000
Files in Batch	1
Batch Number	32
dt	50.000001E-12
time stamp (ms)	7:02:15 PM
	
Time	Amplitude
0.000000E+0	6.339911E-5
5.000000E-11	5.158808E-6
1.000000E-10	-6.335919E-5
1.500000E-10	-1.250254E-4
2.000000E-10	-1.901175E-4
2.500000E-10	-2.552096E-4
3.000000E-10	-3.031722E-4
3.500000E-10	-3.254406E-4
4.000000E-10	-3.408571E-4
4.500000E-10	-3.442830E-4
5.000000E-10	-3.305794E-4
5.500000E-10	-3.065981E-4
6.000000E-10	-2.757650E-4
6.500000E-10	-2.415060E-4
7.000000E-10	-2.089599E-4
7.500000E-10	-1.798398E-4
8.000000E-10	-1.541455E-4
8.500000E-10	-1.387290E-4
9.000000E-10	-1.404419E-4
9.500000E-10	-1.507196E-4
1.000000E-9	-1.644232E-4
1.050000E-9	-1.832657E-4
1.100000E-9	-2.140988E-4
1.150000E-9	-2.346542E-4
1.200000E-9	-2.312283E-4
1.250000E-9	-2.260894E-4
1.300000E-9	-2.226635E-4
1.350000E-9	-1.918304E-4
1.400000E-9	-1.387290E-4
1.450000E-9	-1.010441E-4
1.500000E-9	-7.877574E-5
1.550000E-9	-4.965559E-5
1.600000E-9	-1.539659E-5
1.650000E-9	-5.118892E-6
1.700000E-9	-1.368364E-5
1.750000E-9	-1.539659E-5
1.800000E-9	-6.831842E-6
1.850000E-9	8.584708E-6
1.900000E-9	2.742716E-5
1.950000E-9	5.826026E-5
2.000000E-9	1.062229E-4
2.050000E-9	1.661761E-4
2.100000E-9	2.192776E-4
2.150000E-9	2.638143E-4
2.200000E-9	3.032121E-4
2.250000E-9	3.391841E-4
2.300000E-9	3.665913E-4
2.350000E-9	3.768690E-4
2.400000E-9	3.700172E-4
2.450000E-9	3.631654E-4
2.500000E-9	3.408970E-4
2.550000E-9	2.963603E-4
2.600000E-9	2.483977E-4
2.650000E-9	2.124258E-4
2.700000E-9	1.696020E-4
2.750000E-9	1.284912E-4
2.800000E-9	1.062229E-4
2.850000E-9	9.423221E-5
2.900000E-9	9.423221E-5
2.950000E-9	1.113617E-4
3.000000E-9	1.284912E-4
3.050000E-9	1.456207E-4
3.100000E-9	1.730279E-4
3.150000E-9	2.004351E-4
3.200000E-9	2.055740E-4
3.250000E-9	1.935833E-4
3.300000E-9	1.798797E-4
3.350000E-9	1.610373E-4
3.400000E-9	1.404819E-4
3.450000E-9	1.233524E-4
3.500000E-9	9.937106E-5
3.550000E-9	7.367681E-5
3.600000E-9	6.339911E-5
3.650000E-9	5.312141E-5
3.700000E-9	3.427896E-5
3.750000E-9	1.886241E-5
3.800000E-9	-8.544792E-6
3.850000E-9	-5.993329E-5
3.900000E-9	-1.250254E-4
3.950000E-9	-1.884045E-4
4.000000E-9	-2.586355E-4
4.050000E-9	-3.340053E-4
4.100000E-9	-3.973845E-4
4.150000E-9	-4.470600E-4
4.200000E-9	-4.933097E-4
4.250000E-9	-5.121521E-4
4.300000E-9	-4.933097E-4
4.350000E-9	-4.744672E-4
4.400000E-9	-4.710413E-4
4.450000E-9	-4.367823E-4
4.500000E-9	-3.648384E-4
4.550000E-9	-2.911816E-4
4.600000E-9	-2.209506E-4
4.650000E-9	-1.370160E-4
4.700000E-9	-5.308149E-5
4.750000E-9	8.584708E-6
4.800000E-9	5.997321E-5
4.850000E-9	1.130747E-4
4.900000E-9	1.319171E-4
4.950000E-9	1.319171E-4
5.000000E-9	1.353430E-4
5.050000E-9	1.353430E-4
5.100000E-9	1.267783E-4
5.150000E-9	1.370560E-4
5.200000E-9	1.644632E-4
5.250000E-9	2.004351E-4
5.300000E-9	2.535366E-4
5.350000E-9	3.323323E-4
5.400000E-9	3.974244E-4
5.450000E-9	4.299704E-4
5.500000E-9	4.505258E-4
5.550000E-9	4.779330E-4
5.600000E-9	5.019143E-4
5.650000E-9	5.070532E-4
5.700000E-9	4.864978E-4
5.750000E-9	4.453870E-4
5.800000E-9	3.888596E-4
5.850000E-9	3.134898E-4
5.900000E-9	2.192776E-4
5.950000E-9	1.387689E-4
6.000000E-9	8.395451E-5
6.050000E-9	4.969551E-5
6.100000E-9	4.455666E-5
6.150000E-9	8.909336E-5
6.200000E-9	1.507596E-4
6.250000E-9	2.021481E-4
6.300000E-9	2.655272E-4
6.350000E-9	3.357582E-4
6.400000E-9	3.734431E-4
6.450000E-9	3.734431E-4
6.500000E-9	3.820078E-4
6.550000E-9	3.820078E-4
6.600000E-9	3.340452E-4
6.650000E-9	2.466848E-4
6.700000E-9	1.576114E-4
6.750000E-9	7.196386E-5
6.800000E-9	-1.025774E-5
6.850000E-9	-7.192394E-5
6.900000E-9	-1.130347E-4
6.950000E-9	-1.472937E-4
7.000000E-9	-1.644232E-4
7.050000E-9	-1.661362E-4
7.100000E-9	-1.798398E-4
7.150000E-9	-1.918304E-4
7.200000E-9	-1.884045E-4
7.250000E-9	-1.832657E-4
7.300000E-9	-2.003952E-4
7.350000E-9	-2.363671E-4
7.400000E-9	-2.689132E-4
7.450000E-9	-2.928945E-4
7.500000E-9	-3.117370E-4
7.550000E-9	-3.237276E-4
7.600000E-9	-3.065981E-4
7.650000E-9	-2.449319E-4
7.700000E-9	-1.490067E-4
7.750000E-9	-4.794264E-5
7.800000E-9	5.826026E-5
7.850000E-9	1.490466E-4
7.900000E-9	2.021481E-4
7.950000E-9	2.415459E-4
8.000000E-9	2.706661E-4
8.050000E-9	2.758049E-4
8.100000E-9	2.449718E-4
8.150000E-9	1.918704E-4
8.200000E-9	1.113617E-4
8.250000E-9	1.029766E-5
8.300000E-9	-8.048869E-5
8.350000E-9	-1.592844E-4
8.400000E-9	-2.260894E-4
8.450000E-9	-2.603484E-4
8.500000E-9	-2.637744E-4
8.550000E-9	-2.603484E-4
8.600000E-9	-2.380801E-4
8.650000E-9	-2.158117E-4
8.700000E-9	-2.226635E-4
8.750000E-9	-2.552096E-4
8.800000E-9	-2.860427E-4
8.850000E-9	-3.168758E-4
8.900000E-9	-3.648384E-4
8.950000E-9	-4.110881E-4
9.000000E-9	-4.402082E-4
9.050000E-9	-4.333564E-4
9.100000E-9	-4.008104E-4
9.150000E-9	-3.665514E-4
9.200000E-9	-3.340053E-4
9.250000E-9	-2.774780E-4
9.300000E-9	-2.055340E-4
9.350000E-9	-1.575714E-4
9.400000E-9	-1.609973E-4
9.450000E-9	-1.952563E-4
9.500000E-9	-2.483578E-4
9.550000E-9	-3.254406E-4
9.600000E-9	-4.299305E-4
9.650000E-9	-5.549759E-4
9.700000E-9	-6.748824E-4
9.750000E-9	-7.776594E-4
9.800000E-9	-8.410385E-4
9.850000E-9	-8.598810E-4
9.900000E-9	-8.376126E-4
9.950000E-9	-7.725205E-4
1.000000E-8	-6.543270E-4
1.005000E-8	-5.035874E-4
1.010000E-8	-3.579866E-4
1.015000E-8	-2.346542E-4
1.020000E-8	-1.130347E-4
1.025000E-8	1.732908E-6
1.030000E-8	9.251926E-5
1.035000E-8	1.644632E-4
1.040000E-8	2.398330E-4
1.045000E-8	3.014992E-4
1.050000E-8	3.374711E-4
1.055000E-8	3.665913E-4
1.060000E-8	4.042762E-4
1.065000E-8	4.316834E-4
1.070000E-8	4.436740E-4
1.075000E-8	4.470999E-4
1.080000E-8	4.231186E-4
1.085000E-8	3.546006E-4
1.090000E-8	2.672402E-4
1.095000E-8	1.661761E-4
1.100000E-8	3.427896E-5
1.105000E-8	-1.010441E-4
1.110000E-8	-2.038211E-4
1.115000E-8	-2.774780E-4
1.120000E-8	-3.220147E-4
1.125000E-8	-3.083111E-4
1.130000E-8	-2.397930E-4
1.135000E-8	-1.541455E-4
1.140000E-8	-5.822034E-5
1.145000E-8	3.941781E-5
1.150000E-8	1.370560E-4
1.155000E-8	2.449718E-4
1.160000E-8	3.563136E-4
1.165000E-8	4.385352E-4
1.170000E-8	4.950625E-4
1.175000E-8	5.447381E-4
1.180000E-8	5.670064E-4
1.185000E-8	5.498769E-4
1.190000E-8	5.087661E-4
1.195000E-8	4.299704E-4
1.200000E-8	3.203416E-4
1.205000E-8	2.072869E-4
1.210000E-8	9.594516E-5
1.215000E-8	-2.224839E-5
1.220000E-8	-1.250254E-4
1.225000E-8	-2.021081E-4
1.230000E-8	-2.791909E-4
1.235000E-8	-3.494219E-4
1.240000E-8	-3.716902E-4
1.245000E-8	-3.391442E-4
1.250000E-8	-2.894686E-4
1.255000E-8	-2.278024E-4
1.260000E-8	-1.609973E-4
1.265000E-8	-1.010441E-4
1.270000E-8	-5.308149E-5
1.275000E-8	-1.710954E-5
1.280000E-8	-1.197069E-5
1.285000E-8	-3.081314E-5
1.290000E-8	-6.164624E-5
1.295000E-8	-9.247934E-5
1.300000E-8	-1.130347E-4
1.305000E-8	-1.335901E-4
1.310000E-8	-1.627103E-4
1.315000E-8	-1.918304E-4
1.320000E-8	-2.072470E-4
1.325000E-8	-2.021081E-4
1.330000E-8	-1.918304E-4
1.335000E-8	-1.986822E-4
1.340000E-8	-2.072470E-4
1.345000E-8	-1.918304E-4
1.350000E-8	-1.438678E-4
1.355000E-8	-7.534984E-5
1.360000E-8	3.445858E-6
1.365000E-8	7.710271E-5
1.370000E-8	1.370560E-4
1.375000E-8	1.593243E-4
1.380000E-8	1.284912E-4
1.385000E-8	7.538976E-5
1.390000E-8	1.714946E-5
1.395000E-8	-7.706279E-5
1.400000E-8	-2.072470E-4
1.405000E-8	-3.237276E-4
1.410000E-8	-4.162269E-4
1.415000E-8	-4.915967E-4
1.420000E-8	-5.121521E-4
1.425000E-8	-4.676154E-4
1.430000E-8	-3.956715E-4
1.435000E-8	-2.997463E-4
1.440000E-8	-1.575714E-4
1.445000E-8	-1.882249E-5
1.450000E-8	5.654731E-5
1.455000E-8	1.130747E-4
1.460000E-8	1.610373E-4
1.465000E-8	1.421948E-4
1.470000E-8	3.599191E-5
1.475000E-8	-1.096088E-4
1.480000E-8	-2.689132E-4
1.485000E-8	-4.042363E-4
1.490000E-8	-4.659025E-4
1.495000E-8	-4.796061E-4
1.500000E-8	-5.327075E-4
1.505000E-8	-5.960867E-4
1.510000E-8	-5.995126E-4
1.515000E-8	-5.412723E-4
1.520000E-8	-4.470600E-4
1.525000E-8	-3.288665E-4
1.530000E-8	-2.175247E-4
1.535000E-8	-1.198865E-4
1.540000E-8	-2.910019E-5
1.545000E-8	4.626961E-5
1.550000E-8	7.538976E-5
1.555000E-8	8.395451E-5
1.560000E-8	1.079358E-4
1.565000E-8	1.130747E-4
1.570000E-8	6.682501E-5
1.575000E-8	-1.710954E-5
1.580000E-8	-1.027570E-4
1.585000E-8	-1.558585E-4
1.590000E-8	-1.472937E-4
1.595000E-8	-1.096088E-4
1.600000E-8	-9.761820E-5
1.605000E-8	-1.010441E-4
1.610000E-8	-5.822034E-5
1.615000E-8	1.714946E-5
1.620000E-8	7.710271E-5
1.625000E-8	9.765811E-5
1.630000E-8	1.027970E-4
1.635000E-8	1.045099E-4
1.640000E-8	9.423221E-5
1.645000E-8	3.599191E-5
1.650000E-8	-5.308149E-5
1.655000E-8	-1.198865E-4
1.660000E-8	-1.695621E-4
1.665000E-8	-2.500707E-4
1.670000E-8	-3.288665E-4
1.675000E-8	-3.494219E-4
1.680000E-8	-3.305794E-4
1.685000E-8	-3.271535E-4
1.690000E-8	-3.168758E-4
1.695000E-8	-2.312283E-4
1.700000E-8	-1.010441E-4
1.705000E-8	-3.405942E-6
1.710000E-8	4.798256E-5
1.715000E-8	9.594516E-5
1.720000E-8	1.541855E-4
1.725000E-8	1.952963E-4
1.730000E-8	1.970092E-4
1.735000E-8	1.627502E-4
1.740000E-8	1.113617E-4
1.745000E-8	6.168616E-5
1.750000E-8	1.029766E-5
1.755000E-8	-2.396134E-5
1.760000E-8	-2.738724E-5
1.765000E-8	-2.396134E-5
1.770000E-8	-4.622969E-5
1.775000E-8	-5.650739E-5
1.780000E-8	-1.710954E-5
1.785000E-8	4.969551E-5
1.790000E-8	1.524725E-4
1.795000E-8	3.460359E-4
1.800000E-8	6.406633E-4
1.805000E-8	1.065475E-3
1.810000E-8	1.704405E-3
1.815000E-8	2.596852E-3
1.820000E-8	3.735964E-3
1.825000E-8	5.188546E-3
1.830000E-8	7.026541E-3
1.835000E-8	9.225969E-3
1.840000E-8	1.176285E-2
1.845000E-8	1.464232E-2
1.850000E-8	1.779586E-2
1.855000E-8	2.113782E-2
1.860000E-8	2.468534E-2
1.865000E-8	2.841444E-2
1.870000E-8	3.220006E-2
1.875000E-8	3.596169E-2
1.880000E-8	3.968393E-2
1.885000E-8	4.323659E-2
1.890000E-8	4.649805E-2
1.895000E-8	4.941520E-2
1.900000E-8	5.189727E-2
1.905000E-8	5.377124E-2
1.910000E-8	5.502683E-2
1.915000E-8	5.578053E-2
1.920000E-8	5.607001E-2
1.925000E-8	5.590214E-2
1.930000E-8	5.545164E-2
1.935000E-8	5.486410E-2
1.940000E-8	5.409498E-2
1.945000E-8	5.317342E-2
1.950000E-8	5.224842E-2
1.955000E-8	5.132514E-2
1.960000E-8	5.033506E-2
1.965000E-8	4.935696E-2
1.970000E-8	4.853475E-2
1.975000E-8	4.785471E-2
1.980000E-8	4.726202E-2
1.985000E-8	4.677212E-2
1.990000E-8	4.641069E-2
1.995000E-8	4.615717E-2
2.000000E-8	4.598930E-2
2.005000E-8	4.588653E-2
2.010000E-8	4.578546E-2
2.015000E-8	4.561417E-2
2.020000E-8	4.535209E-2
2.025000E-8	4.504033E-2
2.030000E-8	4.474741E-2
2.035000E-8	4.449390E-2
2.040000E-8	4.427464E-2
2.045000E-8	4.409821E-2
2.050000E-8	4.397659E-2
2.055000E-8	4.384812E-2
2.060000E-8	4.368025E-2
2.065000E-8	4.348840E-2
2.070000E-8	4.332738E-2
2.075000E-8	4.321432E-2
2.080000E-8	4.309442E-2
2.085000E-8	4.291627E-2
2.090000E-8	4.271757E-2
2.095000E-8	4.258910E-2
2.100000E-8	4.254285E-2
2.105000E-8	4.255998E-2
2.110000E-8	4.260794E-2
2.115000E-8	4.264905E-2
2.120000E-8	4.268502E-2
2.125000E-8	4.275697E-2
2.130000E-8	4.288372E-2
2.135000E-8	4.301391E-2
2.140000E-8	4.311326E-2
2.145000E-8	4.322460E-2
2.150000E-8	4.334622E-2
2.155000E-8	4.340275E-2
2.160000E-8	4.338733E-2
2.165000E-8	4.336849E-2
2.170000E-8	4.332224E-2
2.175000E-8	4.315780E-2
2.180000E-8	4.291627E-2
2.185000E-8	4.271757E-2
2.190000E-8	4.258567E-2
2.195000E-8	4.242465E-2
2.200000E-8	4.221739E-2
2.205000E-8	4.206493E-2
2.210000E-8	4.198443E-2
2.215000E-8	4.190906E-2
2.220000E-8	4.179258E-2
2.225000E-8	4.169665E-2
2.230000E-8	4.163498E-2
2.235000E-8	4.159045E-2
2.240000E-8	4.157846E-2
2.245000E-8	4.159387E-2
2.250000E-8	4.162642E-2
2.255000E-8	4.164355E-2
2.260000E-8	4.163670E-2
2.265000E-8	4.159901E-2
2.270000E-8	4.153906E-2
2.275000E-8	4.148253E-2
2.280000E-8	4.143628E-2
2.285000E-8	4.136434E-2
2.290000E-8	4.128554E-2
2.295000E-8	4.122388E-2
2.300000E-8	4.120332E-2
2.305000E-8	4.126327E-2
2.310000E-8	4.137975E-2
2.315000E-8	4.148253E-2
2.320000E-8	4.158360E-2
2.325000E-8	4.171721E-2
2.330000E-8	4.184568E-2
2.335000E-8	4.191248E-2
2.340000E-8	4.193132E-2
2.345000E-8	4.194503E-2
2.350000E-8	4.194674E-2
2.355000E-8	4.194674E-2
2.360000E-8	4.190049E-2
2.365000E-8	4.177716E-2
2.370000E-8	4.160586E-2
2.375000E-8	4.141230E-2
2.380000E-8	4.119133E-2
2.385000E-8	4.096351E-2
2.390000E-8	4.078536E-2
2.395000E-8	4.061064E-2
2.400000E-8	4.043249E-2
2.405000E-8	4.028861E-2
2.410000E-8	4.021152E-2
2.415000E-8	4.013787E-2
2.420000E-8	4.008819E-2
2.425000E-8	4.008648E-2
2.430000E-8	4.009675E-2
2.435000E-8	4.011217E-2
2.440000E-8	4.015500E-2
2.445000E-8	4.023550E-2
2.450000E-8	4.030231E-2
2.455000E-8	4.032115E-2
2.460000E-8	4.031773E-2
2.465000E-8	4.032972E-2
2.470000E-8	4.036055E-2
2.475000E-8	4.039310E-2
2.480000E-8	4.041879E-2
2.485000E-8	4.045819E-2
2.490000E-8	4.053698E-2
2.495000E-8	4.067744E-2
2.500000E-8	4.085559E-2
2.505000E-8	4.103716E-2
2.510000E-8	4.121017E-2
2.515000E-8	4.139517E-2
2.520000E-8	4.158873E-2
2.525000E-8	4.177887E-2
2.530000E-8	4.196558E-2
2.535000E-8	4.214716E-2
2.540000E-8	4.230817E-2
2.545000E-8	4.243322E-2
2.550000E-8	4.251030E-2
2.555000E-8	4.253428E-2
2.560000E-8	4.250174E-2
2.565000E-8	4.239725E-2
2.570000E-8	4.222766E-2
2.575000E-8	4.201355E-2
2.580000E-8	4.178230E-2
2.585000E-8	4.156133E-2
2.590000E-8	4.135063E-2
2.595000E-8	4.114165E-2
2.600000E-8	4.095323E-2
2.605000E-8	4.081105E-2
2.610000E-8	4.070143E-2
2.615000E-8	4.063462E-2
2.620000E-8	4.061064E-2
2.625000E-8	4.062092E-2
2.630000E-8	4.064661E-2
2.635000E-8	4.068944E-2
2.640000E-8	4.076994E-2
2.645000E-8	4.090698E-2
2.650000E-8	4.106628E-2
2.655000E-8	4.121531E-2
2.660000E-8	4.132665E-2
2.665000E-8	4.138318E-2
2.670000E-8	4.140374E-2
2.675000E-8	4.140202E-2
2.680000E-8	4.138661E-2
2.685000E-8	4.138318E-2
2.690000E-8	4.140031E-2
2.695000E-8	4.142429E-2
2.700000E-8	4.144999E-2
2.705000E-8	4.146369E-2
2.710000E-8	4.145855E-2
2.715000E-8	4.144485E-2
2.720000E-8	4.144313E-2
2.725000E-8	4.143971E-2
2.730000E-8	4.143114E-2
2.735000E-8	4.145170E-2
2.740000E-8	4.150651E-2
2.745000E-8	4.158017E-2
2.750000E-8	4.163670E-2
2.755000E-8	4.164869E-2
2.760000E-8	4.164012E-2
2.765000E-8	4.160415E-2
2.770000E-8	4.152536E-2
2.775000E-8	4.137633E-2
2.780000E-8	4.122901E-2
2.785000E-8	4.112795E-2
2.790000E-8	4.103031E-2
2.795000E-8	4.090527E-2
2.800000E-8	4.078536E-2
2.805000E-8	4.068944E-2
2.810000E-8	4.058152E-2
2.815000E-8	4.047018E-2
2.820000E-8	4.038796E-2
2.825000E-8	4.034513E-2
2.830000E-8	4.029717E-2
2.835000E-8	4.024064E-2
2.840000E-8	4.021152E-2
2.845000E-8	4.020124E-2
2.850000E-8	4.014643E-2
2.855000E-8	4.006592E-2
2.860000E-8	4.001282E-2
2.865000E-8	3.998027E-2
2.870000E-8	3.993574E-2
2.875000E-8	3.988606E-2
2.880000E-8	3.986893E-2
2.885000E-8	3.986551E-2
2.890000E-8	3.988606E-2
2.895000E-8	3.993574E-2
2.900000E-8	4.001796E-2
2.905000E-8	4.013101E-2
2.910000E-8	4.026462E-2
2.915000E-8	4.039481E-2
2.920000E-8	4.050615E-2
2.925000E-8	4.059180E-2
2.930000E-8	4.065689E-2
2.935000E-8	4.068430E-2
2.940000E-8	4.063633E-2
2.945000E-8	4.052671E-2
2.950000E-8	4.038110E-2
2.955000E-8	4.023722E-2
2.960000E-8	4.009504E-2
2.965000E-8	3.995629E-2
2.970000E-8	3.982611E-2
2.975000E-8	3.970106E-2
2.980000E-8	3.958972E-2
2.985000E-8	3.951606E-2
2.990000E-8	3.945782E-2
2.995000E-8	3.939616E-2
3.000000E-8	3.934477E-2
3.005000E-8	3.931222E-2
3.010000E-8	3.930537E-2
3.015000E-8	3.932593E-2
3.020000E-8	3.936533E-2
3.025000E-8	3.940986E-2
3.030000E-8	3.945097E-2
3.035000E-8	3.949551E-2
3.040000E-8	3.951949E-2
3.045000E-8	3.951606E-2
3.050000E-8	3.951435E-2
3.055000E-8	3.952806E-2
3.060000E-8	3.955718E-2
3.065000E-8	3.958630E-2
3.070000E-8	3.963426E-2
3.075000E-8	3.966852E-2
3.080000E-8	3.967366E-2
3.085000E-8	3.967366E-2
3.090000E-8	3.967879E-2
3.095000E-8	3.965653E-2
3.100000E-8	3.963255E-2
3.105000E-8	3.964111E-2
3.110000E-8	3.963083E-2
3.115000E-8	3.957088E-2
3.120000E-8	3.949551E-2
3.125000E-8	3.942185E-2
3.130000E-8	3.931051E-2
3.135000E-8	3.921287E-2
3.140000E-8	3.915806E-2
3.145000E-8	3.910667E-2
3.150000E-8	3.900561E-2
3.155000E-8	3.892681E-2
3.160000E-8	3.887542E-2
3.165000E-8	3.881889E-2
3.170000E-8	3.878635E-2
3.175000E-8	3.881547E-2
3.180000E-8	3.886857E-2
3.185000E-8	3.889769E-2
3.190000E-8	3.893024E-2
3.195000E-8	3.895422E-2
3.200000E-8	3.893024E-2
3.205000E-8	3.888570E-2
3.210000E-8	3.884801E-2
3.215000E-8	3.881033E-2
3.220000E-8	3.875380E-2
3.225000E-8	3.868015E-2
3.230000E-8	3.858765E-2
3.235000E-8	3.852769E-2
3.240000E-8	3.852941E-2
3.245000E-8	3.851913E-2
3.250000E-8	3.850029E-2
3.255000E-8	3.853454E-2
3.260000E-8	3.861677E-2
3.265000E-8	3.867843E-2
3.270000E-8	3.874695E-2
3.275000E-8	3.885487E-2
3.280000E-8	3.896107E-2
3.285000E-8	3.903473E-2
3.290000E-8	3.907926E-2
3.295000E-8	3.912551E-2
3.300000E-8	3.919403E-2
3.305000E-8	3.927283E-2
3.310000E-8	3.933963E-2
3.315000E-8	3.936875E-2
3.320000E-8	3.937389E-2
3.325000E-8	3.936019E-2
3.330000E-8	3.930195E-2
3.335000E-8	3.919917E-2
3.340000E-8	3.908611E-2
3.345000E-8	3.896449E-2
3.350000E-8	3.883774E-2
3.355000E-8	3.868871E-2
3.360000E-8	3.851913E-2
3.365000E-8	3.835297E-2
3.370000E-8	3.823992E-2
3.375000E-8	3.817482E-2
3.380000E-8	3.813029E-2
3.385000E-8	3.807033E-2
3.390000E-8	3.802066E-2
3.395000E-8	3.796584E-2
3.400000E-8	3.791617E-2
3.405000E-8	3.788705E-2
3.410000E-8	3.787506E-2
3.415000E-8	3.785793E-2
3.420000E-8	3.781168E-2
3.425000E-8	3.775858E-2
3.430000E-8	3.773288E-2
3.435000E-8	3.773117E-2
3.440000E-8	3.774316E-2
3.445000E-8	3.778941E-2
3.450000E-8	3.785793E-2
3.455000E-8	3.795728E-2
3.460000E-8	3.809089E-2
3.465000E-8	3.825191E-2
3.470000E-8	3.838038E-2
3.475000E-8	3.845061E-2
3.480000E-8	3.847973E-2
3.485000E-8	3.848487E-2
3.490000E-8	3.846603E-2
3.495000E-8	3.842834E-2
3.500000E-8	3.835468E-2
3.505000E-8	3.826904E-2
3.510000E-8	3.820908E-2
3.515000E-8	3.818853E-2
3.520000E-8	3.815941E-2
3.525000E-8	3.808746E-2
3.530000E-8	3.800353E-2
3.535000E-8	3.792645E-2
3.540000E-8	3.782881E-2
3.545000E-8	3.771575E-2
3.550000E-8	3.758728E-2
3.555000E-8	3.744168E-2
3.560000E-8	3.728580E-2
3.565000E-8	3.715562E-2
3.570000E-8	3.708368E-2
3.575000E-8	3.706141E-2
3.580000E-8	3.706997E-2
3.585000E-8	3.710423E-2
3.590000E-8	3.718131E-2
3.595000E-8	3.730807E-2
3.600000E-8	3.746909E-2
3.605000E-8	3.760955E-2
3.610000E-8	3.771062E-2
3.615000E-8	3.780654E-2
3.620000E-8	3.788705E-2
3.625000E-8	3.792987E-2
3.630000E-8	3.792302E-2
3.635000E-8	3.790760E-2
3.640000E-8	3.789219E-2
3.645000E-8	3.785622E-2
3.650000E-8	3.782196E-2
3.655000E-8	3.781168E-2
3.660000E-8	3.782710E-2
3.665000E-8	3.785450E-2
3.670000E-8	3.788020E-2
3.675000E-8	3.794186E-2
3.680000E-8	3.803265E-2
3.685000E-8	3.812001E-2
3.690000E-8	3.821080E-2
3.695000E-8	3.829816E-2
3.700000E-8	3.835126E-2
3.705000E-8	3.834269E-2
3.710000E-8	3.830672E-2
3.715000E-8	3.827931E-2
3.720000E-8	3.823992E-2
3.725000E-8	3.817654E-2
3.730000E-8	3.806520E-2
3.735000E-8	3.790760E-2
3.740000E-8	3.773802E-2
3.745000E-8	3.758557E-2
3.750000E-8	3.744511E-2
3.755000E-8	3.727724E-2
3.760000E-8	3.710594E-2
3.765000E-8	3.697576E-2
3.770000E-8	3.689868E-2
3.775000E-8	3.682673E-2
3.780000E-8	3.674451E-2
3.785000E-8	3.669141E-2
3.790000E-8	3.665715E-2
3.795000E-8	3.658692E-2
3.800000E-8	3.650127E-2
3.805000E-8	3.644303E-2
3.810000E-8	3.639850E-2
3.815000E-8	3.636252E-2
3.820000E-8	3.637451E-2
3.825000E-8	3.642762E-2
3.830000E-8	3.649613E-2
3.835000E-8	3.656123E-2
3.840000E-8	3.662461E-2
3.845000E-8	3.667428E-2
3.850000E-8	3.669484E-2
3.855000E-8	3.667257E-2
3.860000E-8	3.661433E-2
3.865000E-8	3.652697E-2
3.870000E-8	3.643275E-2
3.875000E-8	3.634882E-2
3.880000E-8	3.630600E-2
3.885000E-8	3.630600E-2
3.890000E-8	3.634368E-2
3.895000E-8	3.642762E-2
3.900000E-8	3.656979E-2
3.905000E-8	3.672909E-2
3.910000E-8	3.686271E-2
3.915000E-8	3.696377E-2
3.920000E-8	3.700659E-2
3.925000E-8	3.698261E-2
3.930000E-8	3.691581E-2
3.935000E-8	3.680104E-2
3.940000E-8	3.664687E-2
3.945000E-8	3.647558E-2
3.950000E-8	3.630600E-2
3.955000E-8	3.611928E-2
3.960000E-8	3.593257E-2
3.965000E-8	3.578355E-2
3.970000E-8	3.568762E-2
3.975000E-8	3.562596E-2
3.980000E-8	3.561225E-2
3.985000E-8	3.566021E-2
3.990000E-8	3.574586E-2
3.995000E-8	3.583494E-2
4.000000E-8	3.593942E-2
4.005000E-8	3.606276E-2
4.010000E-8	3.619979E-2
4.015000E-8	3.635053E-2
4.020000E-8	3.649785E-2
4.025000E-8	3.660234E-2
4.030000E-8	3.665715E-2
4.035000E-8	3.665544E-2
4.040000E-8	3.660576E-2
4.045000E-8	3.651669E-2
4.050000E-8	3.643275E-2
4.055000E-8	3.635738E-2
4.060000E-8	3.628715E-2
4.065000E-8	3.622891E-2
4.070000E-8	3.619637E-2
4.075000E-8	3.616896E-2
4.080000E-8	3.612956E-2
4.085000E-8	3.611243E-2
4.090000E-8	3.612442E-2
4.095000E-8	3.614840E-2
4.100000E-8	3.618095E-2
4.105000E-8	3.620836E-2
4.110000E-8	3.623577E-2
4.115000E-8	3.623577E-2
4.120000E-8	3.619979E-2
4.125000E-8	3.614155E-2
4.130000E-8	3.608160E-2
4.135000E-8	3.601993E-2
4.140000E-8	3.594285E-2
4.145000E-8	3.585206E-2
4.150000E-8	3.578869E-2
4.155000E-8	3.576470E-2
4.160000E-8	3.576813E-2
4.165000E-8	3.579040E-2
4.170000E-8	3.583151E-2
4.175000E-8	3.587776E-2
4.180000E-8	3.587776E-2
4.185000E-8	3.584350E-2
4.190000E-8	3.580581E-2
4.195000E-8	3.576470E-2
4.200000E-8	3.571503E-2
4.205000E-8	3.569105E-2
4.210000E-8	3.567734E-2
4.215000E-8	3.566707E-2
4.220000E-8	3.567220E-2
4.225000E-8	3.571503E-2
4.230000E-8	3.577156E-2
4.235000E-8	3.582637E-2
4.240000E-8	3.589146E-2
4.245000E-8	3.595484E-2
4.250000E-8	3.599938E-2
4.255000E-8	3.604220E-2
4.260000E-8	3.605933E-2
4.265000E-8	3.604049E-2
4.270000E-8	3.597711E-2
4.275000E-8	3.588632E-2
4.280000E-8	3.576299E-2
4.285000E-8	3.561739E-2
4.290000E-8	3.548892E-2
4.295000E-8	3.538272E-2
4.300000E-8	3.526624E-2
4.305000E-8	3.515489E-2
4.310000E-8	3.510008E-2
4.315000E-8	3.509151E-2
4.320000E-8	3.508980E-2
4.325000E-8	3.509494E-2
4.330000E-8	3.512749E-2
4.335000E-8	3.518059E-2
4.340000E-8	3.524911E-2
4.345000E-8	3.534846E-2
4.350000E-8	3.547008E-2
4.355000E-8	3.557285E-2
4.360000E-8	3.562938E-2
4.365000E-8	3.564651E-2
4.370000E-8	3.565165E-2
4.375000E-8	3.564308E-2
4.380000E-8	3.560026E-2
4.385000E-8	3.553517E-2
4.390000E-8	3.548549E-2
4.395000E-8	3.542554E-2
4.400000E-8	3.531420E-2
4.405000E-8	3.518401E-2
4.410000E-8	3.508466E-2
4.415000E-8	3.499730E-2
4.420000E-8	3.490652E-2
4.425000E-8	3.483800E-2
4.430000E-8	3.480717E-2
4.435000E-8	3.482087E-2
4.440000E-8	3.484485E-2
4.445000E-8	3.486883E-2
4.450000E-8	3.489795E-2
4.455000E-8	3.494763E-2
4.460000E-8	3.499730E-2
4.465000E-8	3.504184E-2
4.470000E-8	3.508638E-2
4.475000E-8	3.512406E-2
4.480000E-8	3.513605E-2
4.485000E-8	3.512577E-2
4.490000E-8	3.510693E-2
4.495000E-8	3.507096E-2
4.500000E-8	3.500758E-2
4.505000E-8	3.492707E-2
4.510000E-8	3.483115E-2
4.515000E-8	3.473522E-2
4.520000E-8	3.463587E-2
4.525000E-8	3.456050E-2
4.530000E-8	3.452282E-2
4.535000E-8	3.453652E-2
4.540000E-8	3.460161E-2
4.545000E-8	3.471295E-2
4.550000E-8	3.487226E-2
4.555000E-8	3.504869E-2
4.560000E-8	3.521827E-2
4.565000E-8	3.537073E-2
4.570000E-8	3.551290E-2
4.575000E-8	3.562938E-2
4.580000E-8	3.573045E-2
4.585000E-8	3.581267E-2
4.590000E-8	3.585206E-2
4.595000E-8	3.585378E-2
4.600000E-8	3.581267E-2
4.605000E-8	3.569790E-2
4.610000E-8	3.554031E-2
4.615000E-8	3.541012E-2
4.620000E-8	3.530906E-2
4.625000E-8	3.519258E-2
4.630000E-8	3.510179E-2
4.635000E-8	3.506753E-2
4.640000E-8	3.507952E-2
4.645000E-8	3.509837E-2
4.650000E-8	3.509837E-2
4.655000E-8	3.507952E-2
4.660000E-8	3.507267E-2
4.665000E-8	3.508466E-2
4.670000E-8	3.508466E-2
4.675000E-8	3.505040E-2
4.680000E-8	3.500073E-2
4.685000E-8	3.496133E-2
4.690000E-8	3.490309E-2
4.695000E-8	3.481573E-2
4.700000E-8	3.471467E-2
4.705000E-8	3.462217E-2
4.710000E-8	3.454166E-2
4.715000E-8	3.447657E-2
4.720000E-8	3.441490E-2
4.725000E-8	3.434809E-2
4.730000E-8	3.429157E-2
4.735000E-8	3.425902E-2
4.740000E-8	3.423675E-2
4.745000E-8	3.422305E-2
4.750000E-8	3.425046E-2
4.755000E-8	3.429842E-2
4.760000E-8	3.434981E-2
4.765000E-8	3.439777E-2
4.770000E-8	3.444573E-2
4.775000E-8	3.446286E-2
4.780000E-8	3.444231E-2
4.785000E-8	3.441319E-2
4.790000E-8	3.438064E-2
4.795000E-8	3.436351E-2
4.800000E-8	3.435666E-2
4.805000E-8	3.434981E-2
4.810000E-8	3.434296E-2
4.815000E-8	3.435495E-2
4.820000E-8	3.436694E-2
4.825000E-8	3.438921E-2
4.830000E-8	3.444745E-2
4.835000E-8	3.454851E-2
4.840000E-8	3.463073E-2
4.845000E-8	3.466842E-2
4.850000E-8	3.468212E-2
4.855000E-8	3.468041E-2
4.860000E-8	3.465985E-2
4.865000E-8	3.461189E-2
4.870000E-8	3.452110E-2
4.875000E-8	3.440633E-2
4.880000E-8	3.430184E-2
4.885000E-8	3.418536E-2
4.890000E-8	3.408087E-2
4.895000E-8	3.401578E-2
4.900000E-8	3.398324E-2
4.905000E-8	3.395240E-2
4.910000E-8	3.394213E-2
4.915000E-8	3.396439E-2
4.920000E-8	3.399351E-2
4.925000E-8	3.402949E-2
4.930000E-8	3.409800E-2
4.935000E-8	3.419222E-2
4.940000E-8	3.426759E-2
4.945000E-8	3.427958E-2
4.950000E-8	3.423847E-2
4.955000E-8	3.417680E-2
4.960000E-8	3.410828E-2
4.965000E-8	3.400037E-2
4.970000E-8	3.388046E-2
4.975000E-8	3.378453E-2
4.980000E-8	3.371602E-2
4.985000E-8	3.366634E-2
4.990000E-8	3.365264E-2
4.995000E-8	3.366634E-2
5.000000E-8	3.367491E-2
5.005000E-8	3.366805E-2
5.010000E-8	3.365606E-2
5.015000E-8	3.363379E-2
5.020000E-8	3.359097E-2
5.025000E-8	3.355842E-2
5.030000E-8	3.353958E-2
5.035000E-8	3.353273E-2
5.040000E-8	3.355329E-2
5.045000E-8	3.358926E-2
5.050000E-8	3.361153E-2
5.055000E-8	3.362694E-2
5.060000E-8	3.364407E-2
5.065000E-8	3.366463E-2
5.070000E-8	3.368861E-2
5.075000E-8	3.372287E-2
5.080000E-8	3.375370E-2
5.085000E-8	3.375199E-2
5.090000E-8	3.373143E-2
5.095000E-8	3.369889E-2
5.100000E-8	3.365949E-2
5.105000E-8	3.360981E-2
5.110000E-8	3.355329E-2
5.115000E-8	3.350190E-2
5.120000E-8	3.350190E-2
5.125000E-8	3.355500E-2
5.130000E-8	3.362694E-2
5.135000E-8	3.371088E-2
5.140000E-8	3.382051E-2
5.145000E-8	3.392500E-2
5.150000E-8	3.396268E-2
5.155000E-8	3.391814E-2
5.160000E-8	3.381365E-2
5.165000E-8	3.366805E-2
5.170000E-8	3.348134E-2
5.175000E-8	3.328607E-2
5.180000E-8	3.309250E-2
5.185000E-8	3.290408E-2
5.190000E-8	3.273963E-2
5.195000E-8	3.263343E-2
5.200000E-8	3.258204E-2
5.205000E-8	3.257519E-2
5.210000E-8	3.263857E-2
5.215000E-8	3.277732E-2
5.220000E-8	3.295033E-2
5.225000E-8	3.312334E-2
5.230000E-8	3.330319E-2
5.235000E-8	3.347278E-2
5.240000E-8	3.361153E-2
5.245000E-8	3.368518E-2
5.250000E-8	3.369375E-2
5.255000E-8	3.363379E-2
5.260000E-8	3.350190E-2
5.265000E-8	3.331861E-2
5.270000E-8	3.314732E-2
5.275000E-8	3.301371E-2
5.280000E-8	3.292806E-2
5.285000E-8	3.287667E-2
5.290000E-8	3.285611E-2
5.295000E-8	3.286297E-2
5.300000E-8	3.291949E-2
5.305000E-8	3.302398E-2
5.310000E-8	3.311820E-2
5.315000E-8	3.318843E-2
5.320000E-8	3.324324E-2
5.325000E-8	3.326551E-2
5.330000E-8	3.325181E-2
5.335000E-8	3.323125E-2
5.340000E-8	3.319699E-2
5.345000E-8	3.316102E-2
5.350000E-8	3.314560E-2
5.355000E-8	3.315074E-2
5.360000E-8	3.314046E-2
5.365000E-8	3.311306E-2
5.370000E-8	3.308565E-2
5.375000E-8	3.304454E-2
5.380000E-8	3.297945E-2
5.385000E-8	3.291778E-2
5.390000E-8	3.287324E-2
5.395000E-8	3.282871E-2
5.400000E-8	3.280301E-2
5.405000E-8	3.280130E-2
5.410000E-8	3.278760E-2
5.415000E-8	3.272079E-2
5.420000E-8	3.263343E-2
5.425000E-8	3.254436E-2
5.430000E-8	3.246042E-2
5.435000E-8	3.237649E-2
5.440000E-8	3.231311E-2
5.445000E-8	3.228228E-2
5.450000E-8	3.225830E-2
5.455000E-8	3.223945E-2
5.460000E-8	3.225316E-2
5.465000E-8	3.230797E-2
5.470000E-8	3.238334E-2
5.475000E-8	3.245871E-2
5.480000E-8	3.253579E-2
5.485000E-8	3.259232E-2
5.490000E-8	3.260602E-2
5.495000E-8	3.259403E-2
5.500000E-8	3.258547E-2
5.505000E-8	3.254436E-2
5.510000E-8	3.247241E-2
5.515000E-8	3.239362E-2
5.520000E-8	3.231825E-2
5.525000E-8	3.224459E-2
5.530000E-8	3.218635E-2
5.535000E-8	3.215209E-2
5.540000E-8	3.216066E-2
5.545000E-8	3.221205E-2
5.550000E-8	3.230454E-2
5.555000E-8	3.242274E-2
5.560000E-8	3.256834E-2
5.565000E-8	3.273792E-2
5.570000E-8	3.287838E-2
5.575000E-8	3.294861E-2
5.580000E-8	3.297602E-2
5.585000E-8	3.300000E-2
5.590000E-8	3.300172E-2
5.595000E-8	3.295204E-2
5.600000E-8	3.288010E-2
5.605000E-8	3.278588E-2
5.610000E-8	3.268996E-2
5.615000E-8	3.260431E-2
5.620000E-8	3.253579E-2
5.625000E-8	3.250325E-2
5.630000E-8	3.251181E-2
5.635000E-8	3.253579E-2
5.640000E-8	3.254607E-2
5.645000E-8	3.255464E-2
5.650000E-8	3.256491E-2
5.655000E-8	3.256834E-2
5.660000E-8	3.254265E-2
5.665000E-8	3.250153E-2
5.670000E-8	3.243987E-2
5.675000E-8	3.233880E-2
5.680000E-8	3.222061E-2
5.685000E-8	3.210242E-2
5.690000E-8	3.201163E-2
5.695000E-8	3.195168E-2
5.700000E-8	3.192598E-2
5.705000E-8	3.192941E-2
5.710000E-8	3.196538E-2
5.715000E-8	3.205103E-2
5.720000E-8	3.216237E-2
5.725000E-8	3.229255E-2
5.730000E-8	3.243816E-2
5.735000E-8	3.256149E-2
5.740000E-8	3.263514E-2
5.745000E-8	3.269852E-2
5.750000E-8	3.276362E-2
5.755000E-8	3.279445E-2
5.760000E-8	3.277218E-2
5.765000E-8	3.273107E-2
5.770000E-8	3.268825E-2
5.775000E-8	3.261116E-2
5.780000E-8	3.252209E-2
5.785000E-8	3.245357E-2
5.790000E-8	3.241760E-2
5.795000E-8	3.240390E-2
5.800000E-8	3.238334E-2
5.805000E-8	3.234223E-2
5.810000E-8	3.227029E-2
5.815000E-8	3.217779E-2
5.820000E-8	3.208529E-2
5.825000E-8	3.197737E-2
5.830000E-8	3.184719E-2
5.835000E-8	3.172043E-2
5.840000E-8	3.162793E-2
5.845000E-8	3.156455E-2
5.850000E-8	3.151659E-2
5.855000E-8	3.147890E-2
5.860000E-8	3.145321E-2
5.865000E-8	3.145492E-2
5.870000E-8	3.148404E-2
5.875000E-8	3.152858E-2
5.880000E-8	3.158682E-2
5.885000E-8	3.165534E-2
5.890000E-8	3.172728E-2
5.895000E-8	3.179580E-2
5.900000E-8	3.185061E-2
5.905000E-8	3.187459E-2
5.910000E-8	3.186946E-2
5.915000E-8	3.185575E-2
5.920000E-8	3.183691E-2
5.925000E-8	3.179580E-2
5.930000E-8	3.175298E-2
5.935000E-8	3.172728E-2
5.940000E-8	3.168788E-2
5.945000E-8	3.163649E-2
5.950000E-8	3.160224E-2
5.955000E-8	3.158339E-2
5.960000E-8	3.157140E-2
5.965000E-8	3.160052E-2
5.970000E-8	3.165191E-2
5.975000E-8	3.167932E-2
5.980000E-8	3.170330E-2
5.985000E-8	3.175469E-2
5.990000E-8	3.177867E-2
5.995000E-8	3.177353E-2
6.000000E-8	3.178552E-2
6.005000E-8	3.181293E-2
6.010000E-8	3.182492E-2
6.015000E-8	3.182834E-2
6.020000E-8	3.184034E-2
6.025000E-8	3.184034E-2
6.030000E-8	3.183006E-2
6.035000E-8	3.182149E-2
6.040000E-8	3.179922E-2
6.045000E-8	3.176497E-2
6.050000E-8	3.170330E-2
6.055000E-8	3.160909E-2
6.060000E-8	3.150288E-2
6.065000E-8	3.141381E-2
6.070000E-8	3.134015E-2
6.075000E-8	3.126821E-2
6.080000E-8	3.120997E-2
6.085000E-8	3.116543E-2
6.090000E-8	3.113460E-2
6.095000E-8	3.114145E-2
6.100000E-8	3.117400E-2
6.105000E-8	3.120483E-2
6.110000E-8	3.124080E-2
6.115000E-8	3.129048E-2
6.120000E-8	3.131789E-2
6.125000E-8	3.130761E-2
6.130000E-8	3.128363E-2
6.135000E-8	3.124937E-2
6.140000E-8	3.120826E-2
6.145000E-8	3.117914E-2
6.150000E-8	3.115173E-2
6.155000E-8	3.111062E-2
6.160000E-8	3.108664E-2
6.165000E-8	3.109692E-2
6.170000E-8	3.111404E-2
6.175000E-8	3.113803E-2
6.180000E-8	3.116886E-2
6.185000E-8	3.119798E-2
6.190000E-8	3.123053E-2
6.195000E-8	3.127335E-2
6.200000E-8	3.132816E-2
6.205000E-8	3.136414E-2
6.210000E-8	3.136756E-2
6.215000E-8	3.134701E-2
6.220000E-8	3.131103E-2
6.225000E-8	3.127506E-2
6.230000E-8	3.127164E-2
6.235000E-8	3.129219E-2
6.240000E-8	3.132474E-2
6.245000E-8	3.135557E-2
6.250000E-8	3.136927E-2
6.255000E-8	3.138812E-2
6.260000E-8	3.141210E-2
6.265000E-8	3.144464E-2
6.270000E-8	3.145835E-2
6.275000E-8	3.146177E-2
6.280000E-8	3.147034E-2
6.285000E-8	3.147034E-2
6.290000E-8	3.145321E-2
6.295000E-8	3.141381E-2
6.300000E-8	3.134187E-2
6.305000E-8	3.125451E-2
6.310000E-8	3.118770E-2
6.315000E-8	3.114145E-2
6.320000E-8	3.107636E-2
6.325000E-8	3.102326E-2
6.330000E-8	3.098386E-2
6.335000E-8	3.093247E-2
6.340000E-8	3.089307E-2
6.345000E-8	3.088794E-2
6.350000E-8	3.090678E-2
6.355000E-8	3.093590E-2
6.360000E-8	3.097701E-2
6.365000E-8	3.101127E-2
6.370000E-8	3.102497E-2
6.375000E-8	3.103011E-2
6.380000E-8	3.102326E-2
6.385000E-8	3.101127E-2
6.390000E-8	3.101812E-2
6.395000E-8	3.104724E-2
6.400000E-8	3.108150E-2
6.405000E-8	3.112946E-2
6.410000E-8	3.119113E-2
6.415000E-8	3.125279E-2
6.420000E-8	3.130247E-2
6.425000E-8	3.133330E-2
6.430000E-8	3.135557E-2
6.435000E-8	3.137099E-2
6.440000E-8	3.136242E-2
6.445000E-8	3.132474E-2
6.450000E-8	3.128363E-2
6.455000E-8	3.122539E-2
6.460000E-8	3.113803E-2
6.465000E-8	3.104039E-2
6.470000E-8	3.096673E-2
6.475000E-8	3.090506E-2
6.480000E-8	3.083826E-2
6.485000E-8	3.078687E-2
6.490000E-8	3.075433E-2
6.495000E-8	3.072178E-2
6.500000E-8	3.068409E-2
6.505000E-8	3.065497E-2
6.510000E-8	3.062928E-2
6.515000E-8	3.062757E-2
6.520000E-8	3.064298E-2
6.525000E-8	3.065326E-2
6.530000E-8	3.067553E-2
6.535000E-8	3.074233E-2
6.540000E-8	3.082113E-2
6.545000E-8	3.087594E-2
6.550000E-8	3.092905E-2
6.555000E-8	3.100442E-2
6.560000E-8	3.103867E-2
6.565000E-8	3.099585E-2
6.570000E-8	3.089479E-2
6.575000E-8	3.077659E-2
6.580000E-8	3.069095E-2
6.585000E-8	3.065326E-2
6.590000E-8	3.064812E-2
6.595000E-8	3.065326E-2
6.600000E-8	3.067724E-2
6.605000E-8	3.071664E-2
6.610000E-8	3.075090E-2
6.615000E-8	3.078687E-2
6.620000E-8	3.084340E-2
6.625000E-8	3.089307E-2
6.630000E-8	3.092219E-2
6.635000E-8	3.097187E-2
6.640000E-8	3.101469E-2
6.645000E-8	3.102155E-2
6.650000E-8	3.102668E-2
6.655000E-8	3.102840E-2
6.660000E-8	3.098215E-2
6.665000E-8	3.091192E-2
6.670000E-8	3.087252E-2
6.675000E-8	3.083655E-2
6.680000E-8	3.078173E-2
6.685000E-8	3.072007E-2
6.690000E-8	3.066868E-2
6.695000E-8	3.061215E-2
6.700000E-8	3.056247E-2
6.705000E-8	3.048197E-2
6.710000E-8	3.035178E-2
6.715000E-8	3.018734E-2
6.720000E-8	3.001776E-2
6.725000E-8	2.985674E-2
6.730000E-8	2.977109E-2
6.735000E-8	2.977794E-2
6.740000E-8	2.984817E-2
6.745000E-8	2.995952E-2
6.750000E-8	3.011368E-2
6.755000E-8	3.027127E-2
6.760000E-8	3.040488E-2
6.765000E-8	3.051794E-2
6.770000E-8	3.061900E-2
6.775000E-8	3.069951E-2
6.780000E-8	3.076118E-2
6.785000E-8	3.081085E-2
6.790000E-8	3.082627E-2
6.795000E-8	3.078858E-2
6.800000E-8	3.073206E-2
6.805000E-8	3.067210E-2
6.810000E-8	3.059673E-2
6.815000E-8	3.050595E-2
6.820000E-8	3.042715E-2
6.825000E-8	3.036377E-2
6.830000E-8	3.031581E-2
6.835000E-8	3.028840E-2
6.840000E-8	3.026442E-2
6.845000E-8	3.021988E-2
6.850000E-8	3.016850E-2
6.855000E-8	3.012396E-2
6.860000E-8	3.008970E-2
6.865000E-8	3.008799E-2
6.870000E-8	3.013766E-2
6.875000E-8	3.020789E-2
6.880000E-8	3.024044E-2
6.885000E-8	3.024387E-2
6.890000E-8	3.021817E-2
6.895000E-8	3.015137E-2
6.900000E-8	3.004516E-2
6.905000E-8	2.992526E-2
6.910000E-8	2.978822E-2
6.915000E-8	2.964947E-2
6.920000E-8	2.953642E-2
6.925000E-8	2.946790E-2
6.930000E-8	2.944049E-2
6.935000E-8	2.944906E-2
6.940000E-8	2.950216E-2
6.945000E-8	2.960836E-2
6.950000E-8	2.973855E-2
6.955000E-8	2.986702E-2
6.960000E-8	2.999206E-2
6.965000E-8	3.009484E-2
6.970000E-8	3.014965E-2
6.975000E-8	3.015822E-2
6.980000E-8	3.015137E-2
6.985000E-8	3.010854E-2
6.990000E-8	3.005202E-2
6.995000E-8	3.000919E-2
7.000000E-8	2.996294E-2
7.005000E-8	2.989271E-2
7.010000E-8	2.983105E-2
7.015000E-8	2.978308E-2
7.020000E-8	2.974197E-2
7.025000E-8	2.971285E-2
7.030000E-8	2.970257E-2
7.035000E-8	2.968887E-2
7.040000E-8	2.969572E-2
7.045000E-8	2.973341E-2
7.050000E-8	2.976081E-2
7.055000E-8	2.975054E-2
7.060000E-8	2.971799E-2
7.065000E-8	2.968716E-2
7.070000E-8	2.965290E-2
7.075000E-8	2.961693E-2
7.080000E-8	2.957410E-2
7.085000E-8	2.952614E-2
7.090000E-8	2.947989E-2
7.095000E-8	2.944392E-2
7.100000E-8	2.940623E-2
7.105000E-8	2.936855E-2
7.110000E-8	2.933943E-2
7.115000E-8	2.932744E-2
7.120000E-8	2.930860E-2
7.125000E-8	2.928119E-2
7.130000E-8	2.926577E-2
7.135000E-8	2.927434E-2
7.140000E-8	2.930860E-2
7.145000E-8	2.934285E-2
7.150000E-8	2.935313E-2
7.155000E-8	2.935998E-2
7.160000E-8	2.937026E-2
7.165000E-8	2.938397E-2
7.170000E-8	2.937369E-2
7.175000E-8	2.934628E-2
7.180000E-8	2.935827E-2
7.185000E-8	2.941137E-2
7.190000E-8	2.947133E-2
7.195000E-8	2.951929E-2
7.200000E-8	2.958952E-2
7.205000E-8	2.966831E-2
7.210000E-8	2.972827E-2
7.215000E-8	2.977280E-2
7.220000E-8	2.982077E-2
7.225000E-8	2.986188E-2
7.230000E-8	2.984817E-2
7.235000E-8	2.978480E-2
7.240000E-8	2.969572E-2
7.245000E-8	2.958781E-2
7.250000E-8	2.947304E-2
7.255000E-8	2.936684E-2
7.260000E-8	2.926063E-2
7.265000E-8	2.915443E-2
7.270000E-8	2.908249E-2
7.275000E-8	2.904994E-2
7.280000E-8	2.901054E-2
7.285000E-8	2.898142E-2
7.290000E-8	2.900369E-2
7.295000E-8	2.905165E-2
7.300000E-8	2.909276E-2
7.305000E-8	2.915957E-2
7.310000E-8	2.927605E-2
7.315000E-8	2.940109E-2
7.320000E-8	2.948674E-2
7.325000E-8	2.953813E-2
7.330000E-8	2.958781E-2
7.335000E-8	2.964091E-2
7.340000E-8	2.967345E-2
7.345000E-8	2.965119E-2
7.350000E-8	2.961179E-2
7.355000E-8	2.955355E-2
7.360000E-8	2.944906E-2
7.365000E-8	2.931716E-2
7.370000E-8	2.921267E-2
7.375000E-8	2.913045E-2
7.380000E-8	2.906022E-2
7.385000E-8	2.903624E-2
7.390000E-8	2.905165E-2
7.395000E-8	2.908249E-2
7.400000E-8	2.910989E-2
7.405000E-8	2.912531E-2
7.410000E-8	2.911674E-2
7.415000E-8	2.908420E-2
7.420000E-8	2.903624E-2
7.425000E-8	2.894716E-2
7.430000E-8	2.880499E-2
7.435000E-8	2.865082E-2
7.440000E-8	2.852064E-2
7.445000E-8	2.840587E-2
7.450000E-8	2.833221E-2
7.455000E-8	2.833393E-2
7.460000E-8	2.840416E-2
7.465000E-8	2.851036E-2
7.470000E-8	2.862855E-2
7.475000E-8	2.874161E-2
7.480000E-8	2.882726E-2
7.485000E-8	2.889749E-2
7.490000E-8	2.894888E-2
7.495000E-8	2.895915E-2
7.500000E-8	2.892489E-2
7.505000E-8	2.885124E-2
7.510000E-8	2.874503E-2
7.515000E-8	2.864226E-2
7.520000E-8	2.858573E-2
7.525000E-8	2.854633E-2
7.530000E-8	2.849323E-2
7.535000E-8	2.845383E-2
7.540000E-8	2.846411E-2
7.545000E-8	2.851379E-2
7.550000E-8	2.858573E-2
7.555000E-8	2.868337E-2
7.560000E-8	2.877929E-2
7.565000E-8	2.884781E-2
7.570000E-8	2.892661E-2
7.575000E-8	2.902596E-2
7.580000E-8	2.910304E-2
7.585000E-8	2.915443E-2
7.590000E-8	2.920239E-2
7.595000E-8	2.923323E-2
7.600000E-8	2.922637E-2
7.605000E-8	2.918698E-2
7.610000E-8	2.912360E-2
7.615000E-8	2.902938E-2
7.620000E-8	2.893003E-2
7.625000E-8	2.885295E-2
7.630000E-8	2.879814E-2
7.635000E-8	2.874675E-2
7.640000E-8	2.871763E-2
7.645000E-8	2.870221E-2
7.650000E-8	2.868679E-2
7.655000E-8	2.867138E-2
7.660000E-8	2.867138E-2
7.665000E-8	2.871763E-2
7.670000E-8	2.879642E-2
7.675000E-8	2.886665E-2
7.680000E-8	2.891804E-2
7.685000E-8	2.894374E-2
7.690000E-8	2.893346E-2
7.695000E-8	2.889920E-2
7.700000E-8	2.884952E-2
7.705000E-8	2.877587E-2
7.710000E-8	2.867823E-2
7.715000E-8	2.859601E-2
7.720000E-8	2.854462E-2
7.725000E-8	2.848467E-2
7.730000E-8	2.844698E-2
7.735000E-8	2.848638E-2
7.740000E-8	2.856175E-2
7.745000E-8	2.863883E-2
7.750000E-8	2.873818E-2
7.755000E-8	2.887008E-2
7.760000E-8	2.899341E-2
7.765000E-8	2.910647E-2
7.770000E-8	2.920239E-2
7.775000E-8	2.925378E-2
7.780000E-8	2.922466E-2
7.785000E-8	2.914587E-2
7.790000E-8	2.905165E-2
7.795000E-8	2.894545E-2
7.800000E-8	2.882897E-2
7.805000E-8	2.870735E-2
7.810000E-8	2.860115E-2
7.815000E-8	2.852920E-2
7.820000E-8	2.849494E-2
7.825000E-8	2.848809E-2
7.830000E-8	2.851893E-2
7.835000E-8	2.859258E-2
7.840000E-8	2.867309E-2
7.845000E-8	2.875189E-2
7.850000E-8	2.882212E-2
7.855000E-8	2.888892E-2
7.860000E-8	2.893517E-2
7.865000E-8	2.894888E-2
7.870000E-8	2.893517E-2
7.875000E-8	2.888892E-2
7.880000E-8	2.879471E-2
7.885000E-8	2.866110E-2
7.890000E-8	2.852749E-2
7.895000E-8	2.840930E-2
7.900000E-8	2.829795E-2
7.905000E-8	2.820203E-2
7.910000E-8	2.814036E-2
7.915000E-8	2.811810E-2
7.920000E-8	2.811296E-2
7.925000E-8	2.812666E-2
7.930000E-8	2.816092E-2
7.935000E-8	2.819518E-2
7.940000E-8	2.821745E-2
7.945000E-8	2.822944E-2
7.950000E-8	2.823458E-2
7.955000E-8	2.824314E-2
7.960000E-8	2.825342E-2
7.965000E-8	2.824314E-2
7.970000E-8	2.822430E-2
7.975000E-8	2.823971E-2
7.980000E-8	2.827911E-2
7.985000E-8	2.829795E-2
7.990000E-8	2.830652E-2
7.995000E-8	2.833393E-2
8.000000E-8	2.834592E-2
8.005000E-8	2.832365E-2
8.010000E-8	2.829453E-2
8.015000E-8	2.824657E-2
8.020000E-8	2.814379E-2
8.025000E-8	2.799305E-2
8.030000E-8	2.784402E-2
8.035000E-8	2.769842E-2
8.040000E-8	2.757680E-2
8.045000E-8	2.750486E-2
8.050000E-8	2.747745E-2
8.055000E-8	2.748773E-2
8.060000E-8	2.755796E-2
8.065000E-8	2.766588E-2
8.070000E-8	2.776351E-2
8.075000E-8	2.786972E-2
8.080000E-8	2.799990E-2
8.085000E-8	2.812495E-2
8.090000E-8	2.824143E-2
8.095000E-8	2.837161E-2
8.100000E-8	2.850522E-2
8.105000E-8	2.860971E-2
8.110000E-8	2.869365E-2
8.115000E-8	2.875360E-2
8.120000E-8	2.877244E-2
8.125000E-8	2.876559E-2
8.130000E-8	2.875360E-2
8.135000E-8	2.873990E-2
8.140000E-8	2.871420E-2
8.145000E-8	2.867652E-2
8.150000E-8	2.863369E-2
8.155000E-8	2.861142E-2
8.160000E-8	2.858573E-2
8.165000E-8	2.851550E-2
8.170000E-8	2.842471E-2
8.175000E-8	2.836819E-2
8.180000E-8	2.834420E-2
8.185000E-8	2.830138E-2
8.190000E-8	2.825684E-2
8.195000E-8	2.822944E-2
8.200000E-8	2.821059E-2
8.205000E-8	2.819860E-2
8.210000E-8	2.819346E-2
8.215000E-8	2.819175E-2
8.220000E-8	2.819004E-2
8.225000E-8	2.818661E-2
8.230000E-8	2.817634E-2
8.235000E-8	2.817120E-2
8.240000E-8	2.815064E-2
8.245000E-8	2.810268E-2
8.250000E-8	2.804615E-2
8.255000E-8	2.798448E-2
8.260000E-8	2.790740E-2
8.265000E-8	2.781662E-2
8.270000E-8	2.773953E-2
8.275000E-8	2.768986E-2
8.280000E-8	2.766588E-2
8.285000E-8	2.767273E-2
8.290000E-8	2.770014E-2
8.295000E-8	2.773611E-2
8.300000E-8	2.777722E-2
8.305000E-8	2.782518E-2
8.310000E-8	2.786458E-2
8.315000E-8	2.789027E-2
8.320000E-8	2.791939E-2
8.325000E-8	2.793310E-2
8.330000E-8	2.794509E-2
8.335000E-8	2.796393E-2
8.340000E-8	2.798791E-2
8.345000E-8	2.800333E-2
8.350000E-8	2.802902E-2
8.355000E-8	2.806671E-2
8.360000E-8	2.807698E-2
8.365000E-8	2.805300E-2
8.370000E-8	2.801532E-2
8.375000E-8	2.796050E-2
8.380000E-8	2.788513E-2
8.385000E-8	2.780634E-2
8.390000E-8	2.772412E-2
8.395000E-8	2.763676E-2
8.400000E-8	2.757852E-2
8.405000E-8	2.756481E-2
8.410000E-8	2.755967E-2
8.415000E-8	2.752884E-2
8.420000E-8	2.748602E-2
8.425000E-8	2.744662E-2
8.430000E-8	2.741236E-2
8.435000E-8	2.738324E-2
8.440000E-8	2.734898E-2
8.445000E-8	2.730444E-2
8.450000E-8	2.727875E-2
8.455000E-8	2.728903E-2
8.460000E-8	2.731130E-2
8.465000E-8	2.732843E-2
8.470000E-8	2.734898E-2
8.475000E-8	2.737467E-2
8.480000E-8	2.739694E-2
8.485000E-8	2.742092E-2
8.490000E-8	2.744491E-2
8.495000E-8	2.746889E-2
8.500000E-8	2.750486E-2
8.505000E-8	2.756139E-2
8.510000E-8	2.763847E-2
8.515000E-8	2.771898E-2
8.520000E-8	2.779606E-2
8.525000E-8	2.783203E-2
8.530000E-8	2.783203E-2
8.535000E-8	2.782689E-2
8.540000E-8	2.780976E-2
8.545000E-8	2.778407E-2
8.550000E-8	2.774638E-2
8.555000E-8	2.769157E-2
8.560000E-8	2.760935E-2
8.565000E-8	2.749287E-2
8.570000E-8	2.736954E-2
8.575000E-8	2.725134E-2
8.580000E-8	2.715542E-2
8.585000E-8	2.707320E-2
8.590000E-8	2.700296E-2
8.595000E-8	2.694301E-2
8.600000E-8	2.689334E-2
8.605000E-8	2.686079E-2
8.610000E-8	2.686250E-2
8.615000E-8	2.688991E-2
8.620000E-8	2.691389E-2
8.625000E-8	2.691732E-2
8.630000E-8	2.691732E-2
8.635000E-8	2.692246E-2
8.640000E-8	2.692588E-2
8.645000E-8	2.692246E-2
8.650000E-8	2.691047E-2
8.655000E-8	2.690361E-2
8.660000E-8	2.691903E-2
8.665000E-8	2.695500E-2
8.670000E-8	2.699954E-2
8.675000E-8	2.703551E-2
8.680000E-8	2.706463E-2
8.685000E-8	2.709375E-2
8.690000E-8	2.714857E-2
8.695000E-8	2.721880E-2
8.700000E-8	2.730444E-2
8.705000E-8	2.737981E-2
8.710000E-8	2.741407E-2
8.715000E-8	2.740551E-2
8.720000E-8	2.738153E-2
8.725000E-8	2.733356E-2
8.730000E-8	2.726333E-2
8.735000E-8	2.721537E-2
8.740000E-8	2.717597E-2
8.745000E-8	2.711945E-2
8.750000E-8	2.708690E-2
8.755000E-8	2.709889E-2
8.760000E-8	2.712116E-2
8.765000E-8	2.714514E-2
8.770000E-8	2.718968E-2
8.775000E-8	2.724106E-2
8.780000E-8	2.728560E-2
8.785000E-8	2.733356E-2
8.790000E-8	2.736611E-2
8.795000E-8	2.740037E-2
8.800000E-8	2.746375E-2
8.805000E-8	2.752884E-2
8.810000E-8	2.754597E-2
8.815000E-8	2.754426E-2
8.820000E-8	2.753569E-2
8.825000E-8	2.751685E-2
8.830000E-8	2.747574E-2
8.835000E-8	2.741750E-2
8.840000E-8	2.733699E-2
8.845000E-8	2.724792E-2
8.850000E-8	2.716741E-2
8.855000E-8	2.707148E-2
8.860000E-8	2.696357E-2
8.865000E-8	2.686250E-2
8.870000E-8	2.676486E-2
8.875000E-8	2.666380E-2
8.880000E-8	2.657301E-2
8.885000E-8	2.650963E-2
8.890000E-8	2.648394E-2
8.895000E-8	2.650621E-2
8.900000E-8	2.657987E-2
8.905000E-8	2.668093E-2
8.910000E-8	2.679227E-2
8.915000E-8	2.689676E-2
8.920000E-8	2.699097E-2
8.925000E-8	2.708519E-2
8.930000E-8	2.717426E-2
8.935000E-8	2.725477E-2
8.940000E-8	2.731130E-2
8.945000E-8	2.733185E-2
8.950000E-8	2.731130E-2
8.955000E-8	2.724963E-2
8.960000E-8	2.717597E-2
8.965000E-8	2.710745E-2
8.970000E-8	2.703551E-2
8.975000E-8	2.693959E-2
8.980000E-8	2.684195E-2
8.985000E-8	2.675801E-2
8.990000E-8	2.666209E-2
8.995000E-8	2.656788E-2
9.000000E-8	2.650963E-2
9.005000E-8	2.648908E-2
9.010000E-8	2.649251E-2
9.015000E-8	2.651991E-2
9.020000E-8	2.655588E-2
9.025000E-8	2.657301E-2
9.030000E-8	2.658843E-2
9.035000E-8	2.661584E-2
9.040000E-8	2.665181E-2
9.045000E-8	2.668436E-2
9.050000E-8	2.670662E-2
9.055000E-8	2.671176E-2
9.060000E-8	2.672033E-2
9.065000E-8	2.674945E-2
9.070000E-8	2.676315E-2
9.075000E-8	2.677172E-2
9.080000E-8	2.678885E-2
9.085000E-8	2.678371E-2
9.090000E-8	2.672033E-2
9.095000E-8	2.663297E-2
9.100000E-8	2.654218E-2
9.105000E-8	2.642741E-2
9.110000E-8	2.631778E-2
9.115000E-8	2.621843E-2
9.120000E-8	2.610880E-2
9.125000E-8	2.601288E-2
9.130000E-8	2.597691E-2
9.135000E-8	2.597177E-2
9.140000E-8	2.598376E-2
9.145000E-8	2.603343E-2
9.150000E-8	2.610367E-2
9.155000E-8	2.618589E-2
9.160000E-8	2.628010E-2
9.165000E-8	2.637089E-2
9.170000E-8	2.644283E-2
9.175000E-8	2.650963E-2
9.180000E-8	2.657815E-2
9.185000E-8	2.661926E-2
9.190000E-8	2.661241E-2
9.195000E-8	2.658158E-2
9.200000E-8	2.655417E-2
9.205000E-8	2.653876E-2
9.210000E-8	2.652848E-2
9.215000E-8	2.655417E-2
9.220000E-8	2.661584E-2
9.225000E-8	2.671005E-2
9.230000E-8	2.682653E-2
9.235000E-8	2.694644E-2
9.240000E-8	2.705607E-2
9.245000E-8	2.712116E-2
9.250000E-8	2.713486E-2
9.255000E-8	2.711431E-2
9.260000E-8	2.704579E-2
9.265000E-8	2.693273E-2
9.270000E-8	2.679912E-2
9.275000E-8	2.665352E-2
9.280000E-8	2.650621E-2
9.285000E-8	2.638116E-2
9.290000E-8	2.628010E-2
9.295000E-8	2.618589E-2
9.300000E-8	2.608482E-2
9.305000E-8	2.600260E-2
9.310000E-8	2.596834E-2
9.315000E-8	2.597348E-2
9.320000E-8	2.600431E-2
9.325000E-8	2.605742E-2
9.330000E-8	2.612765E-2
9.335000E-8	2.620644E-2
9.340000E-8	2.629552E-2
9.345000E-8	2.639487E-2
9.350000E-8	2.648908E-2
9.355000E-8	2.655931E-2
9.360000E-8	2.662440E-2
9.365000E-8	2.668264E-2
9.370000E-8	2.670320E-2
9.375000E-8	2.668778E-2
9.380000E-8	2.664667E-2
9.385000E-8	2.658500E-2
9.390000E-8	2.651649E-2
9.395000E-8	2.644797E-2
9.400000E-8	2.636917E-2
9.405000E-8	2.627496E-2
9.410000E-8	2.617561E-2
9.415000E-8	2.606769E-2
9.420000E-8	2.598033E-2
9.425000E-8	2.595121E-2
9.430000E-8	2.597348E-2
9.435000E-8	2.602487E-2
9.440000E-8	2.610024E-2
9.445000E-8	2.620302E-2
9.450000E-8	2.630922E-2
9.455000E-8	2.641200E-2
9.460000E-8	2.652163E-2
9.465000E-8	2.661070E-2
9.470000E-8	2.666894E-2
9.475000E-8	2.669292E-2
9.480000E-8	2.668607E-2
9.485000E-8	2.667579E-2
9.490000E-8	2.665181E-2
9.495000E-8	2.659014E-2
9.500000E-8	2.651820E-2
9.505000E-8	2.646852E-2
9.510000E-8	2.639829E-2
9.515000E-8	2.628524E-2
9.520000E-8	2.618075E-2
9.525000E-8	2.610195E-2
9.530000E-8	2.601631E-2
9.535000E-8	2.591695E-2
9.540000E-8	2.582959E-2
9.545000E-8	2.577307E-2
9.550000E-8	2.573538E-2
9.555000E-8	2.571654E-2
9.560000E-8	2.572339E-2
9.565000E-8	2.573709E-2
9.570000E-8	2.573881E-2
9.575000E-8	2.573024E-2
9.580000E-8	2.574395E-2
9.585000E-8	2.577135E-2
9.590000E-8	2.577821E-2
9.595000E-8	2.575594E-2
9.600000E-8	2.574223E-2
9.605000E-8	2.574395E-2
9.610000E-8	2.574395E-2
9.615000E-8	2.575422E-2
9.620000E-8	2.581932E-2
9.625000E-8	2.590325E-2
9.630000E-8	2.597006E-2
9.635000E-8	2.602830E-2
9.640000E-8	2.611737E-2
9.645000E-8	2.621843E-2
9.650000E-8	2.628353E-2
9.655000E-8	2.629894E-2
9.660000E-8	2.626640E-2
9.665000E-8	2.618589E-2
9.670000E-8	2.608996E-2
9.675000E-8	2.601802E-2
9.680000E-8	2.598033E-2
9.685000E-8	2.594950E-2
9.690000E-8	2.592381E-2
9.695000E-8	2.591353E-2
9.700000E-8	2.592381E-2
9.705000E-8	2.594779E-2
9.710000E-8	2.599061E-2
9.715000E-8	2.604371E-2
9.720000E-8	2.608311E-2
9.725000E-8	2.608654E-2
9.730000E-8	2.605399E-2
9.735000E-8	2.599918E-2
9.740000E-8	2.592209E-2
9.745000E-8	2.582274E-2
9.750000E-8	2.572168E-2
9.755000E-8	2.561376E-2
9.760000E-8	2.548700E-2
9.765000E-8	2.537224E-2
9.770000E-8	2.530201E-2
9.775000E-8	2.525576E-2
9.780000E-8	2.523863E-2
9.785000E-8	2.528145E-2
9.790000E-8	2.536025E-2
9.795000E-8	2.543733E-2
9.800000E-8	2.551784E-2
9.805000E-8	2.560520E-2
9.810000E-8	2.565830E-2
9.815000E-8	2.567885E-2
9.820000E-8	2.569770E-2
9.825000E-8	2.570112E-2
9.830000E-8	2.566686E-2
9.835000E-8	2.562404E-2
9.840000E-8	2.559835E-2
9.845000E-8	2.557779E-2
9.850000E-8	2.558293E-2
9.855000E-8	2.562233E-2
9.860000E-8	2.567543E-2
9.865000E-8	2.574052E-2
9.870000E-8	2.582103E-2
9.875000E-8	2.587756E-2
9.880000E-8	2.588783E-2
9.885000E-8	2.584501E-2
9.890000E-8	2.574223E-2
9.895000E-8	2.561034E-2
9.900000E-8	2.550585E-2
9.905000E-8	2.543390E-2
9.910000E-8	2.536367E-2
9.915000E-8	2.530714E-2
9.920000E-8	2.530886E-2
9.925000E-8	2.535853E-2
9.930000E-8	2.543904E-2
9.935000E-8	2.555723E-2
9.940000E-8	2.569598E-2
9.945000E-8	2.582959E-2
9.950000E-8	2.592552E-2
9.955000E-8	2.597177E-2
9.960000E-8	2.595807E-2
9.965000E-8	2.587756E-2
9.970000E-8	2.578163E-2
9.975000E-8	2.569598E-2
9.980000E-8	2.561205E-2
9.985000E-8	2.552983E-2
9.990000E-8	2.546474E-2
9.995000E-8	2.542705E-2
1.000000E-7	2.541163E-2
1.000500E-7	2.542534E-2
1.001000E-7	2.546131E-2
1.001500E-7	2.549728E-2
1.002000E-7	2.551099E-2
1.002500E-7	2.552126E-2
1.003000E-7	2.552126E-2
1.003500E-7	2.548700E-2
1.004000E-7	2.541849E-2
1.004500E-7	2.534654E-2
1.005000E-7	2.526432E-2
1.005500E-7	2.517353E-2
1.006000E-7	2.508960E-2
1.006500E-7	2.502965E-2
1.007000E-7	2.497826E-2
1.007500E-7	2.494400E-2
1.008000E-7	2.496798E-2
1.008500E-7	2.503992E-2
1.009000E-7	2.511701E-2
1.009500E-7	2.516497E-2
1.010000E-7	2.522664E-2
1.010500E-7	2.531228E-2
1.011000E-7	2.540821E-2
1.011500E-7	2.548358E-2
1.012000E-7	2.553325E-2
1.012500E-7	2.554182E-2
1.013000E-7	2.549728E-2
1.013500E-7	2.541677E-2
1.014000E-7	2.533455E-2
1.014500E-7	2.525062E-2
1.015000E-7	2.516326E-2
1.015500E-7	2.509303E-2
1.016000E-7	2.507076E-2
1.016500E-7	2.509816E-2
1.017000E-7	2.514613E-2
1.017500E-7	2.520951E-2
1.018000E-7	2.529687E-2
1.018500E-7	2.538765E-2
1.019000E-7	2.545103E-2
1.019500E-7	2.547673E-2
1.020000E-7	2.545788E-2
1.020500E-7	2.538423E-2
1.021000E-7	2.526946E-2
1.021500E-7	2.512900E-2
1.022000E-7	2.500395E-2
1.022500E-7	2.492687E-2
1.023000E-7	2.491317E-2
1.023500E-7	2.494914E-2
1.024000E-7	2.502451E-2
1.024500E-7	2.513927E-2
1.025000E-7	2.527802E-2
1.025500E-7	2.541163E-2
1.026000E-7	2.551955E-2
1.026500E-7	2.560177E-2
1.027000E-7	2.564460E-2
1.027500E-7	2.562747E-2
1.028000E-7	2.556751E-2
1.028500E-7	2.545960E-2
1.029000E-7	2.533284E-2
1.029500E-7	2.523006E-2
1.030000E-7	2.516668E-2
1.030500E-7	2.514099E-2
1.031000E-7	2.516326E-2
1.031500E-7	2.524205E-2
1.032000E-7	2.534140E-2
1.032500E-7	2.543219E-2
1.033000E-7	2.550927E-2
1.033500E-7	2.556923E-2
1.034000E-7	2.559149E-2
1.034500E-7	2.558293E-2
1.035000E-7	2.552469E-2
1.035500E-7	2.540136E-2
1.036000E-7	2.524548E-2
1.036500E-7	2.509131E-2
1.037000E-7	2.493372E-2
1.037500E-7	2.475729E-2
1.038000E-7	2.459627E-2
1.038500E-7	2.448150E-2
1.039000E-7	2.440099E-2
1.039500E-7	2.435474E-2
1.040000E-7	2.433590E-2
1.040500E-7	2.433248E-2
1.041000E-7	2.434618E-2
1.041500E-7	2.436502E-2
1.042000E-7	2.438900E-2
1.042500E-7	2.442840E-2
1.043000E-7	2.449521E-2
1.043500E-7	2.458428E-2
1.044000E-7	2.467335E-2
1.044500E-7	2.476243E-2
1.045000E-7	2.485493E-2
1.045500E-7	2.493543E-2
1.046000E-7	2.498340E-2
1.046500E-7	2.500395E-2
1.047000E-7	2.500738E-2
1.047500E-7	2.500566E-2
1.048000E-7	2.497997E-2
1.048500E-7	2.492344E-2
1.049000E-7	2.485493E-2
1.049500E-7	2.479840E-2
1.050000E-7	2.474701E-2
1.050500E-7	2.469733E-2
1.051000E-7	2.465280E-2
1.051500E-7	2.460312E-2
1.052000E-7	2.453974E-2
1.052500E-7	2.449178E-2
1.053000E-7	2.446266E-2
1.053500E-7	2.444896E-2
1.054000E-7	2.443868E-2
1.054500E-7	2.444724E-2
1.055000E-7	2.447979E-2
1.055500E-7	2.452433E-2
1.056000E-7	2.458428E-2
1.056500E-7	2.463738E-2
1.057000E-7	2.469219E-2
1.057500E-7	2.475386E-2
1.058000E-7	2.485321E-2
1.058500E-7	2.497312E-2
1.059000E-7	2.508446E-2
1.059500E-7	2.517696E-2
1.060000E-7	2.524548E-2
1.060500E-7	2.527974E-2
1.061000E-7	2.525576E-2
1.061500E-7	2.518895E-2
1.062000E-7	2.511701E-2
1.062500E-7	2.504506E-2
1.063000E-7	2.494400E-2
1.063500E-7	2.480868E-2
1.064000E-7	2.468877E-2
1.064500E-7	2.460483E-2
1.065000E-7	2.454317E-2
1.065500E-7	2.448322E-2
1.066000E-7	2.444210E-2
1.066500E-7	2.443868E-2
1.067000E-7	2.445581E-2
1.067500E-7	2.449521E-2
1.068000E-7	2.453803E-2
1.068500E-7	2.457743E-2
1.069000E-7	2.462710E-2
1.069500E-7	2.465280E-2
1.070000E-7	2.462710E-2
1.070500E-7	2.457571E-2
1.071000E-7	2.452261E-2
1.071500E-7	2.444553E-2
1.072000E-7	2.433933E-2
1.072500E-7	2.426053E-2
1.073000E-7	2.421771E-2
1.073500E-7	2.418687E-2
1.074000E-7	2.418345E-2
1.074500E-7	2.424854E-2
1.075000E-7	2.432391E-2
1.075500E-7	2.438386E-2
1.076000E-7	2.445752E-2
1.076500E-7	2.454317E-2
1.077000E-7	2.460826E-2
1.077500E-7	2.463053E-2
1.078000E-7	2.461854E-2
1.078500E-7	2.457914E-2
1.079000E-7	2.452604E-2
1.079500E-7	2.447294E-2
1.080000E-7	2.442326E-2
1.080500E-7	2.437873E-2
1.081000E-7	2.435132E-2
1.081500E-7	2.433248E-2
1.082000E-7	2.431363E-2
1.082500E-7	2.429479E-2
1.083000E-7	2.427424E-2
1.083500E-7	2.427252E-2
1.084000E-7	2.427424E-2
1.084500E-7	2.428451E-2
1.085000E-7	2.431192E-2
1.085500E-7	2.435988E-2
1.086000E-7	2.440271E-2
1.086500E-7	2.441641E-2
1.087000E-7	2.440271E-2
1.087500E-7	2.438044E-2
1.088000E-7	2.435988E-2
1.088500E-7	2.431192E-2
1.089000E-7	2.423998E-2
1.089500E-7	2.416632E-2
1.090000E-7	2.410123E-2
1.090500E-7	2.403785E-2
1.091000E-7	2.398646E-2
1.091500E-7	2.396419E-2
1.092000E-7	2.397789E-2
1.092500E-7	2.401558E-2
1.093000E-7	2.407896E-2
1.093500E-7	2.416632E-2
1.094000E-7	2.425025E-2
1.094500E-7	2.432562E-2
1.095000E-7	2.439243E-2
1.095500E-7	2.444039E-2
1.096000E-7	2.445923E-2
1.096500E-7	2.445238E-2
1.097000E-7	2.444382E-2
1.097500E-7	2.440785E-2
1.098000E-7	2.432905E-2
1.098500E-7	2.421942E-2
1.099000E-7	2.409951E-2
1.099500E-7	2.395905E-2
1.100000E-7	2.379632E-2
1.100500E-7	2.363188E-2
1.101000E-7	2.350169E-2
1.101500E-7	2.343489E-2
1.102000E-7	2.344345E-2
1.102500E-7	2.351540E-2
1.103000E-7	2.363873E-2
1.103500E-7	2.378947E-2
1.104000E-7	2.395049E-2
1.104500E-7	2.410294E-2
1.105000E-7	2.426053E-2
1.105500E-7	2.440271E-2
1.106000E-7	2.448322E-2
1.106500E-7	2.448322E-2
1.107000E-7	2.443868E-2
1.107500E-7	2.437187E-2
1.108000E-7	2.426224E-2
1.108500E-7	2.412007E-2
1.109000E-7	2.396077E-2
1.109500E-7	2.380660E-2
1.110000E-7	2.366785E-2
1.110500E-7	2.357535E-2
1.111000E-7	2.353767E-2
1.111500E-7	2.355308E-2
1.112000E-7	2.361304E-2
1.112500E-7	2.369183E-2
1.113000E-7	2.377063E-2
1.113500E-7	2.382887E-2
1.114000E-7	2.387169E-2
1.114500E-7	2.389396E-2
1.115000E-7	2.388882E-2
1.115500E-7	2.385970E-2
1.116000E-7	2.381688E-2
1.116500E-7	2.375692E-2
1.117000E-7	2.368155E-2
1.117500E-7	2.359933E-2
1.118000E-7	2.351369E-2
1.118500E-7	2.345545E-2
1.119000E-7	2.345373E-2
1.119500E-7	2.350683E-2
1.120000E-7	2.358563E-2
1.120500E-7	2.368155E-2
1.121000E-7	2.382544E-2
1.121500E-7	2.398132E-2
1.122000E-7	2.410123E-2
1.122500E-7	2.420058E-2
1.123000E-7	2.429479E-2
1.123500E-7	2.435132E-2
1.124000E-7	2.434618E-2
1.124500E-7	2.429479E-2
1.125000E-7	2.422970E-2
1.125500E-7	2.413206E-2
1.126000E-7	2.398989E-2
1.126500E-7	2.382887E-2
1.127000E-7	2.368669E-2
1.127500E-7	2.359591E-2
1.128000E-7	2.355480E-2
1.128500E-7	2.354109E-2
1.129000E-7	2.352568E-2
1.129500E-7	2.349998E-2
1.130000E-7	2.347257E-2
1.130500E-7	2.345202E-2
1.131000E-7	2.345373E-2
1.131500E-7	2.348799E-2
1.132000E-7	2.353767E-2
1.132500E-7	2.358049E-2
1.133000E-7	2.359591E-2
1.133500E-7	2.359419E-2
1.134000E-7	2.358049E-2
1.134500E-7	2.356507E-2
1.135000E-7	2.356679E-2
1.135500E-7	2.356850E-2
1.136000E-7	2.355137E-2
1.136500E-7	2.353253E-2
1.137000E-7	2.352054E-2
1.137500E-7	2.352396E-2
1.138000E-7	2.353767E-2
1.138500E-7	2.354109E-2
1.139000E-7	2.351026E-2
1.139500E-7	2.346572E-2
1.140000E-7	2.343146E-2
1.140500E-7	2.339378E-2
1.141000E-7	2.334068E-2
1.141500E-7	2.327559E-2
1.142000E-7	2.320878E-2
1.142500E-7	2.311799E-2
1.143000E-7	2.302207E-2
1.143500E-7	2.294670E-2
1.144000E-7	2.288846E-2
1.144500E-7	2.285077E-2
1.145000E-7	2.284563E-2
1.145500E-7	2.287133E-2
1.146000E-7	2.290901E-2
1.146500E-7	2.297411E-2
1.147000E-7	2.305633E-2
1.147500E-7	2.314369E-2
1.148000E-7	2.322248E-2
1.148500E-7	2.330642E-2
1.149000E-7	2.338521E-2
1.149500E-7	2.344003E-2
1.150000E-7	2.345202E-2
1.150500E-7	2.343489E-2
1.151000E-7	2.341605E-2
1.151500E-7	2.340234E-2
1.152000E-7	2.338179E-2
1.152500E-7	2.336466E-2
1.153000E-7	2.334753E-2
1.153500E-7	2.332697E-2
1.154000E-7	2.329785E-2
1.154500E-7	2.327901E-2
1.155000E-7	2.326531E-2
1.155500E-7	2.323619E-2
1.156000E-7	2.321563E-2
1.156500E-7	2.321392E-2
1.157000E-7	2.320535E-2
1.157500E-7	2.317795E-2
1.158000E-7	2.317623E-2
1.158500E-7	2.322762E-2
1.159000E-7	2.328929E-2
1.159500E-7	2.332869E-2
1.160000E-7	2.336123E-2
1.160500E-7	2.338864E-2
1.161000E-7	2.339892E-2
1.161500E-7	2.339892E-2
1.162000E-7	2.336295E-2
1.162500E-7	2.329100E-2
1.163000E-7	2.322420E-2
1.163500E-7	2.319165E-2
1.164000E-7	2.316596E-2
1.164500E-7	2.312485E-2
1.165000E-7	2.308887E-2
1.165500E-7	2.306489E-2
1.166000E-7	2.305290E-2
1.166500E-7	2.305290E-2
1.167000E-7	2.305290E-2
1.167500E-7	2.304776E-2
1.168000E-7	2.303749E-2
1.168500E-7	2.301522E-2
1.169000E-7	2.298781E-2
1.169500E-7	2.297753E-2
1.170000E-7	2.299809E-2
1.170500E-7	2.302892E-2
1.171000E-7	2.307003E-2
1.171500E-7	2.313855E-2
1.172000E-7	2.321734E-2
1.172500E-7	2.328929E-2
1.173000E-7	2.334582E-2
1.173500E-7	2.337494E-2
1.174000E-7	2.335952E-2
1.174500E-7	2.331327E-2
1.175000E-7	2.323619E-2
1.175500E-7	2.313512E-2
1.176000E-7	2.302207E-2
1.176500E-7	2.291758E-2
1.177000E-7	2.283364E-2
1.177500E-7	2.279425E-2
1.178000E-7	2.279939E-2
1.178500E-7	2.284050E-2
1.179000E-7	2.290559E-2
1.179500E-7	2.300665E-2
1.180000E-7	2.312656E-2
1.180500E-7	2.324475E-2
1.181000E-7	2.334239E-2
1.181500E-7	2.341947E-2
1.182000E-7	2.346572E-2
1.182500E-7	2.348457E-2
1.183000E-7	2.349484E-2
1.183500E-7	2.347771E-2
1.184000E-7	2.341947E-2
1.184500E-7	2.334068E-2
1.185000E-7	2.325674E-2
1.185500E-7	2.316767E-2
1.186000E-7	2.309915E-2
1.186500E-7	2.308545E-2
1.187000E-7	2.310772E-2
1.187500E-7	2.313684E-2
1.188000E-7	2.317110E-2
1.188500E-7	2.319336E-2
1.189000E-7	2.320193E-2
1.189500E-7	2.318480E-2
1.190000E-7	2.313341E-2
1.190500E-7	2.305461E-2
1.191000E-7	2.295526E-2
1.191500E-7	2.283536E-2
1.192000E-7	2.270517E-2
1.192500E-7	2.256642E-2
1.193000E-7	2.244138E-2
1.193500E-7	2.234203E-2
1.194000E-7	2.228036E-2
1.194500E-7	2.225467E-2
1.195000E-7	2.225295E-2
1.195500E-7	2.227694E-2
1.196000E-7	2.233175E-2
1.196500E-7	2.240712E-2
1.197000E-7	2.249105E-2
1.197500E-7	2.258355E-2
1.198000E-7	2.267605E-2
1.198500E-7	2.274457E-2
1.199000E-7	2.278226E-2
1.199500E-7	2.279939E-2
1.200000E-7	2.279082E-2
1.200500E-7	2.276341E-2
1.201000E-7	2.275142E-2
1.201500E-7	2.274800E-2
1.202000E-7	2.273429E-2
1.202500E-7	2.271545E-2
1.203000E-7	2.272230E-2
1.203500E-7	2.274971E-2
1.204000E-7	2.279253E-2
1.204500E-7	2.285077E-2
1.205000E-7	2.292614E-2
1.205500E-7	2.302207E-2
1.206000E-7	2.312485E-2
1.206500E-7	2.319679E-2
1.207000E-7	2.321906E-2
1.207500E-7	2.319508E-2
1.208000E-7	2.313684E-2
1.208500E-7	2.303920E-2
1.209000E-7	2.293985E-2
1.209500E-7	2.285591E-2
1.210000E-7	2.276684E-2
1.210500E-7	2.267091E-2
1.211000E-7	2.261096E-2
1.211500E-7	2.259041E-2
1.212000E-7	2.259726E-2
1.212500E-7	2.263152E-2
1.213000E-7	2.269490E-2
1.213500E-7	2.276855E-2
1.214000E-7	2.284221E-2
1.214500E-7	2.289188E-2
1.215000E-7	2.290730E-2
1.215500E-7	2.289531E-2
1.216000E-7	2.285934E-2
1.216500E-7	2.277026E-2
1.217000E-7	2.264522E-2
1.217500E-7	2.250818E-2
1.218000E-7	2.237457E-2
1.218500E-7	2.225295E-2
1.219000E-7	2.217073E-2
1.219500E-7	2.211078E-2
1.220000E-7	2.205596E-2
1.220500E-7	2.203712E-2
1.221000E-7	2.207309E-2
1.221500E-7	2.215189E-2
1.222000E-7	2.224610E-2
1.222500E-7	2.237115E-2
1.223000E-7	2.249105E-2
1.223500E-7	2.258869E-2
1.224000E-7	2.266749E-2
1.224500E-7	2.274114E-2
1.225000E-7	2.279596E-2
1.225500E-7	2.282508E-2
1.226000E-7	2.281138E-2
1.226500E-7	2.274800E-2
1.227000E-7	2.265036E-2
1.227500E-7	2.255615E-2
1.228000E-7	2.246365E-2
1.228500E-7	2.236258E-2
1.229000E-7	2.226323E-2
1.229500E-7	2.218786E-2
1.230000E-7	2.214675E-2
1.230500E-7	2.212448E-2
1.231000E-7	2.211421E-2
1.231500E-7	2.212106E-2
1.232000E-7	2.213476E-2
1.232500E-7	2.214846E-2
1.233000E-7	2.217930E-2
1.233500E-7	2.225809E-2
1.234000E-7	2.233004E-2
1.234500E-7	2.236087E-2
1.235000E-7	2.239855E-2
1.235500E-7	2.244652E-2
1.236000E-7	2.245166E-2
1.236500E-7	2.241740E-2
1.237000E-7	2.239170E-2
1.237500E-7	2.235402E-2
1.238000E-7	2.228721E-2
1.238500E-7	2.223069E-2
1.239000E-7	2.221013E-2
1.239500E-7	2.220499E-2
1.240000E-7	2.222041E-2
1.240500E-7	2.225981E-2
1.241000E-7	2.231119E-2
1.241500E-7	2.237115E-2
1.242000E-7	2.245337E-2
1.242500E-7	2.249962E-2
1.243000E-7	2.250476E-2
1.243500E-7	2.250304E-2
1.244000E-7	2.248592E-2
1.244500E-7	2.240883E-2
1.245000E-7	2.229235E-2
1.245500E-7	2.219300E-2
1.246000E-7	2.211763E-2
1.246500E-7	2.205768E-2
1.247000E-7	2.204055E-2
1.247500E-7	2.205939E-2
1.248000E-7	2.208166E-2
1.248500E-7	2.210050E-2
1.249000E-7	2.214846E-2
1.249500E-7	2.220670E-2
1.250000E-7	2.224953E-2
1.250500E-7	2.229235E-2
1.251000E-7	2.235059E-2
1.251500E-7	2.240712E-2
1.252000E-7	2.245166E-2
1.252500E-7	2.250133E-2
1.253000E-7	2.253902E-2
1.253500E-7	2.253902E-2
1.254000E-7	2.251161E-2
1.254500E-7	2.244823E-2
1.255000E-7	2.234888E-2
1.255500E-7	2.222897E-2
1.256000E-7	2.211592E-2
1.256500E-7	2.198060E-2
1.257000E-7	2.181615E-2
1.257500E-7	2.166027E-2
1.258000E-7	2.155578E-2
1.258500E-7	2.151639E-2
1.259000E-7	2.152838E-2
1.259500E-7	2.157463E-2
1.260000E-7	2.166541E-2
1.260500E-7	2.181444E-2
1.261000E-7	2.199087E-2
1.261500E-7	2.217758E-2
1.262000E-7	2.236087E-2
1.262500E-7	2.250647E-2
1.263000E-7	2.259726E-2
1.263500E-7	2.263323E-2
1.264000E-7	2.260582E-2
1.264500E-7	2.249277E-2
1.265000E-7	2.232319E-2
1.265500E-7	2.215360E-2
1.266000E-7	2.199944E-2
1.266500E-7	2.185898E-2
1.267000E-7	2.176819E-2
1.267500E-7	2.174935E-2
1.268000E-7	2.179046E-2
1.268500E-7	2.187268E-2
1.269000E-7	2.196689E-2
1.269500E-7	2.203884E-2
1.270000E-7	2.208166E-2
1.270500E-7	2.210050E-2
1.271000E-7	2.209365E-2
1.271500E-7	2.203712E-2
1.272000E-7	2.194462E-2
1.272500E-7	2.184356E-2
1.273000E-7	2.173736E-2
1.273500E-7	2.163115E-2
1.274000E-7	2.155064E-2
1.274500E-7	2.151296E-2
1.275000E-7	2.150439E-2
1.275500E-7	2.152666E-2
1.276000E-7	2.156777E-2
1.276500E-7	2.160203E-2
1.277000E-7	2.162088E-2
1.277500E-7	2.164314E-2
1.278000E-7	2.167569E-2
1.278500E-7	2.170481E-2
1.279000E-7	2.171680E-2
1.279500E-7	2.171509E-2
1.280000E-7	2.169967E-2
1.280500E-7	2.169111E-2
1.281000E-7	2.169282E-2
1.281500E-7	2.170652E-2
1.282000E-7	2.173393E-2
1.282500E-7	2.178361E-2
1.283000E-7	2.185041E-2
1.283500E-7	2.192064E-2
1.284000E-7	2.198231E-2
1.284500E-7	2.203027E-2
1.285000E-7	2.206453E-2
1.285500E-7	2.206110E-2
1.286000E-7	2.202342E-2
1.286500E-7	2.197203E-2
1.287000E-7	2.192921E-2
1.287500E-7	2.188296E-2
1.288000E-7	2.181958E-2
1.288500E-7	2.173050E-2
1.289000E-7	2.162088E-2
1.289500E-7	2.150611E-2
1.290000E-7	2.140504E-2
1.290500E-7	2.132282E-2
1.291000E-7	2.127143E-2
1.291500E-7	2.123717E-2
1.292000E-7	2.122690E-2
1.292500E-7	2.126972E-2
1.293000E-7	2.137250E-2
1.293500E-7	2.150097E-2
1.294000E-7	2.162259E-2
1.294500E-7	2.175791E-2
1.295000E-7	2.192235E-2
1.295500E-7	2.206624E-2
1.296000E-7	2.218101E-2
1.296500E-7	2.228893E-2
1.297000E-7	2.238314E-2
1.297500E-7	2.242082E-2
1.298000E-7	2.242082E-2
1.298500E-7	2.238143E-2
1.299000E-7	2.230092E-2
1.299500E-7	2.219643E-2
1.300000E-7	2.209365E-2
1.300500E-7	2.197717E-2
1.301000E-7	2.186583E-2
1.301500E-7	2.179217E-2
1.302000E-7	2.175962E-2
1.302500E-7	2.175449E-2
1.303000E-7	2.178703E-2
1.303500E-7	2.186754E-2
1.304000E-7	2.194976E-2
1.304500E-7	2.203027E-2
1.305000E-7	2.211421E-2
1.305500E-7	2.217073E-2
1.306000E-7	2.218615E-2
1.306500E-7	2.218444E-2
1.307000E-7	2.216902E-2
1.307500E-7	2.211249E-2
1.308000E-7	2.201828E-2
1.308500E-7	2.190694E-2
1.309000E-7	2.179388E-2
1.309500E-7	2.170481E-2
1.310000E-7	2.164828E-2
1.310500E-7	2.159861E-2
1.311000E-7	2.156435E-2
1.311500E-7	2.155578E-2
1.312000E-7	2.157120E-2
1.312500E-7	2.159347E-2
1.313000E-7	2.162773E-2
1.313500E-7	2.165685E-2
1.314000E-7	2.167398E-2
1.314500E-7	2.168083E-2
1.315000E-7	2.167055E-2
1.315500E-7	2.163801E-2
1.316000E-7	2.160375E-2
1.316500E-7	2.156435E-2
1.317000E-7	2.151125E-2
1.317500E-7	2.144958E-2
1.318000E-7	2.138449E-2
1.318500E-7	2.132967E-2
1.319000E-7	2.131426E-2
1.319500E-7	2.133653E-2
1.320000E-7	2.136907E-2
1.320500E-7	2.141875E-2
1.321000E-7	2.148727E-2
1.321500E-7	2.155407E-2
1.322000E-7	2.161574E-2
1.322500E-7	2.167398E-2
1.323000E-7	2.171680E-2
1.323500E-7	2.173564E-2
1.324000E-7	2.174078E-2
1.324500E-7	2.173564E-2
1.325000E-7	2.171337E-2
1.325500E-7	2.169453E-2
1.326000E-7	2.168254E-2
1.326500E-7	2.168597E-2
1.327000E-7	2.171337E-2
1.327500E-7	2.175620E-2
1.328000E-7	2.180930E-2
1.328500E-7	2.186754E-2
1.329000E-7	2.191893E-2
1.329500E-7	2.193435E-2
1.330000E-7	2.190865E-2
1.330500E-7	2.186411E-2
1.331000E-7	2.182986E-2
1.331500E-7	2.178532E-2
1.332000E-7	2.170310E-2
1.332500E-7	2.160203E-2
1.333000E-7	2.152838E-2
1.333500E-7	2.148898E-2
1.334000E-7	2.145815E-2
1.334500E-7	2.143759E-2
1.335000E-7	2.143930E-2
1.335500E-7	2.144615E-2
1.336000E-7	2.147185E-2
1.336500E-7	2.152495E-2
1.337000E-7	2.156264E-2
1.337500E-7	2.157120E-2
1.338000E-7	2.156435E-2
1.338500E-7	2.152666E-2
1.339000E-7	2.142217E-2
1.339500E-7	2.128000E-2
1.340000E-7	2.115324E-2
1.340500E-7	2.105731E-2
1.341000E-7	2.100764E-2
1.341500E-7	2.100593E-2
1.342000E-7	2.100935E-2
1.342500E-7	2.100935E-2
1.343000E-7	2.103676E-2
1.343500E-7	2.110014E-2
1.344000E-7	2.115667E-2
1.344500E-7	2.118065E-2
1.345000E-7	2.119093E-2
1.345500E-7	2.119264E-2
1.346000E-7	2.116009E-2
1.346500E-7	2.109671E-2
1.347000E-7	2.102648E-2
1.347500E-7	2.096310E-2
1.348000E-7	2.090658E-2
1.348500E-7	2.087746E-2
1.349000E-7	2.089116E-2
1.349500E-7	2.095111E-2
1.350000E-7	2.105389E-2
1.350500E-7	2.117551E-2
1.351000E-7	2.127315E-2
1.351500E-7	2.133995E-2
1.352000E-7	2.138963E-2
1.352500E-7	2.141190E-2
1.353000E-7	2.143759E-2
1.353500E-7	2.147185E-2
1.354000E-7	2.148213E-2
1.354500E-7	2.145129E-2
1.355000E-7	2.142046E-2
1.355500E-7	2.140504E-2
1.356000E-7	2.139477E-2
1.356500E-7	2.140333E-2
1.357000E-7	2.143074E-2
1.357500E-7	2.142731E-2
1.358000E-7	2.138620E-2
1.358500E-7	2.135537E-2
1.359000E-7	2.134509E-2
1.359500E-7	2.131254E-2
1.360000E-7	2.125259E-2
1.360500E-7	2.119949E-2
1.361000E-7	2.116694E-2
1.361500E-7	2.112241E-2
1.362000E-7	2.104190E-2
1.362500E-7	2.096310E-2
1.363000E-7	2.091685E-2
1.363500E-7	2.089287E-2
1.364000E-7	2.087574E-2
1.364500E-7	2.085176E-2
1.365000E-7	2.082435E-2
1.365500E-7	2.079181E-2
1.366000E-7	2.074042E-2
1.366500E-7	2.066848E-2
1.367000E-7	2.059824E-2
1.367500E-7	2.054857E-2
1.368000E-7	2.051774E-2
1.368500E-7	2.050746E-2
1.369000E-7	2.052287E-2
1.369500E-7	2.058111E-2
1.370000E-7	2.066848E-2
1.370500E-7	2.076783E-2
1.371000E-7	2.087232E-2
1.371500E-7	2.099051E-2
1.372000E-7	2.110870E-2
1.372500E-7	2.121319E-2
1.373000E-7	2.127829E-2
1.373500E-7	2.131083E-2
1.374000E-7	2.130227E-2
1.374500E-7	2.125088E-2
1.375000E-7	2.117722E-2
1.375500E-7	2.110185E-2
1.376000E-7	2.103676E-2
1.376500E-7	2.100764E-2
1.377000E-7	2.100250E-2
1.377500E-7	2.102477E-2
1.378000E-7	2.107958E-2
1.378500E-7	2.114296E-2
1.379000E-7	2.119093E-2
1.379500E-7	2.120463E-2
1.380000E-7	2.118750E-2
1.380500E-7	2.115324E-2
1.381000E-7	2.114296E-2
1.381500E-7	2.114810E-2
1.382000E-7	2.112412E-2
1.382500E-7	2.108130E-2
1.383000E-7	2.105560E-2
1.383500E-7	2.103676E-2
1.384000E-7	2.098708E-2
1.384500E-7	2.093398E-2
1.385000E-7	2.091685E-2
1.385500E-7	2.091171E-2
1.386000E-7	2.088088E-2
1.386500E-7	2.083977E-2
1.387000E-7	2.083292E-2
1.387500E-7	2.085347E-2
1.388000E-7	2.089287E-2
1.388500E-7	2.093056E-2
1.389000E-7	2.094769E-2
1.389500E-7	2.094940E-2
1.390000E-7	2.094083E-2
1.390500E-7	2.090486E-2
1.391000E-7	2.082607E-2
1.391500E-7	2.074385E-2
1.392000E-7	2.067361E-2
1.392500E-7	2.061366E-2
1.393000E-7	2.057426E-2
1.393500E-7	2.056227E-2
1.394000E-7	2.055713E-2
1.394500E-7	2.058111E-2
1.395000E-7	2.064792E-2
1.395500E-7	2.072158E-2
1.396000E-7	2.076269E-2
1.396500E-7	2.077982E-2
1.397000E-7	2.080894E-2
1.397500E-7	2.083806E-2
1.398000E-7	2.087403E-2
1.398500E-7	2.091171E-2
1.399000E-7	2.093741E-2
1.399500E-7	2.094255E-2
1.400000E-7	2.093570E-2
1.400500E-7	2.092370E-2
1.401000E-7	2.092884E-2
1.401500E-7	2.096139E-2
1.402000E-7	2.100421E-2
1.402500E-7	2.103676E-2
1.403000E-7	2.106245E-2
1.403500E-7	2.108815E-2
1.404000E-7	2.109671E-2
1.404500E-7	2.109329E-2
1.405000E-7	2.106931E-2
1.405500E-7	2.101620E-2
1.406000E-7	2.092028E-2
1.406500E-7	2.079866E-2
1.407000E-7	2.069074E-2
1.407500E-7	2.060681E-2
1.408000E-7	2.053829E-2
1.408500E-7	2.048005E-2
1.409000E-7	2.044750E-2
1.409500E-7	2.045093E-2
1.410000E-7	2.048862E-2
1.410500E-7	2.053487E-2
1.411000E-7	2.057940E-2
1.411500E-7	2.061709E-2
1.412000E-7	2.064621E-2
1.412500E-7	2.063936E-2
1.413000E-7	2.061709E-2
1.413500E-7	2.059482E-2
1.414000E-7	2.055713E-2
1.414500E-7	2.046635E-2
1.415000E-7	2.033788E-2
1.415500E-7	2.021454E-2
1.416000E-7	2.011519E-2
1.416500E-7	2.004154E-2
1.417000E-7	2.000556E-2
1.417500E-7	1.999700E-2
1.418000E-7	1.999186E-2
1.418500E-7	1.998501E-2
1.419000E-7	1.999015E-2
1.419500E-7	2.000556E-2
1.420000E-7	2.003126E-2
1.420500E-7	2.006209E-2
1.421000E-7	2.008607E-2
1.421500E-7	2.009806E-2
1.422000E-7	2.011177E-2
1.422500E-7	2.014774E-2
1.423000E-7	2.019570E-2
1.423500E-7	2.022996E-2
1.424000E-7	2.024709E-2
1.424500E-7	2.028820E-2
1.425000E-7	2.034301E-2
1.425500E-7	2.038584E-2
1.426000E-7	2.040982E-2
1.426500E-7	2.043209E-2
1.427000E-7	2.045093E-2
1.427500E-7	2.044922E-2
1.428000E-7	2.042010E-2
1.428500E-7	2.036186E-2
1.429000E-7	2.028991E-2
1.429500E-7	2.021797E-2
1.430000E-7	2.014089E-2
1.430500E-7	2.004839E-2
1.431000E-7	1.994732E-2
1.431500E-7	1.986168E-2
1.432000E-7	1.981714E-2
1.432500E-7	1.979830E-2
1.433000E-7	1.979144E-2
1.433500E-7	1.979316E-2
1.434000E-7	1.981029E-2
1.434500E-7	1.984797E-2
1.435000E-7	1.990621E-2
1.435500E-7	1.998158E-2
1.436000E-7	2.006209E-2
1.436500E-7	2.013746E-2
1.437000E-7	2.020255E-2
1.437500E-7	2.024880E-2
1.438000E-7	2.025565E-2
1.438500E-7	2.024195E-2
1.439000E-7	2.022996E-2
1.439500E-7	2.020255E-2
1.440000E-7	2.016316E-2
1.440500E-7	2.011005E-2
1.441000E-7	2.005867E-2
1.441500E-7	2.001584E-2
1.442000E-7	2.000214E-2
1.442500E-7	1.999700E-2
1.443000E-7	1.997473E-2
1.443500E-7	1.994904E-2
1.444000E-7	1.995075E-2
1.444500E-7	1.997473E-2
1.445000E-7	2.001242E-2
1.445500E-7	2.006209E-2
1.446000E-7	2.012033E-2
1.446500E-7	2.017343E-2
1.447000E-7	2.023167E-2
1.447500E-7	2.027964E-2
1.448000E-7	2.029848E-2
1.448500E-7	2.030876E-2
1.449000E-7	2.031561E-2
1.449500E-7	2.030533E-2
1.450000E-7	2.029163E-2
1.450500E-7	2.031561E-2
1.451000E-7	2.035843E-2
1.451500E-7	2.039612E-2
1.452000E-7	2.043723E-2
1.452500E-7	2.047662E-2
1.453000E-7	2.048176E-2
1.453500E-7	2.046292E-2
1.454000E-7	2.044237E-2
1.454500E-7	2.040639E-2
1.455000E-7	2.034644E-2
1.455500E-7	2.030019E-2
1.456000E-7	2.027107E-2
1.456500E-7	2.022482E-2
1.457000E-7	2.017857E-2
1.457500E-7	2.017343E-2
1.458000E-7	2.020255E-2
1.458500E-7	2.024709E-2
1.459000E-7	2.031903E-2
1.459500E-7	2.040811E-2
1.460000E-7	2.049204E-2
1.460500E-7	2.056399E-2
1.461000E-7	2.062736E-2
1.461500E-7	2.065820E-2
1.462000E-7	2.065991E-2
1.462500E-7	2.063422E-2
1.463000E-7	2.056056E-2
1.463500E-7	2.043038E-2
1.464000E-7	2.028820E-2
1.464500E-7	2.016487E-2
1.465000E-7	2.004496E-2
1.465500E-7	1.994732E-2
1.466000E-7	1.990107E-2
1.466500E-7	1.989080E-2
1.467000E-7	1.988052E-2
1.467500E-7	1.986853E-2
1.468000E-7	1.985140E-2
1.468500E-7	1.981714E-2
1.469000E-7	1.978117E-2
1.469500E-7	1.977089E-2
1.470000E-7	1.979316E-2
1.470500E-7	1.981543E-2
1.471000E-7	1.983256E-2
1.471500E-7	1.985654E-2
1.472000E-7	1.989422E-2
1.472500E-7	1.994218E-2
1.473000E-7	2.000042E-2
1.473500E-7	2.007408E-2
1.474000E-7	2.013917E-2
1.474500E-7	2.018542E-2
1.475000E-7	2.023510E-2
1.475500E-7	2.028477E-2
1.476000E-7	2.028991E-2
1.476500E-7	2.024880E-2
1.477000E-7	2.019570E-2
1.477500E-7	2.013061E-2
1.478000E-7	2.004496E-2
1.478500E-7	1.995589E-2
1.479000E-7	1.988908E-2
1.479500E-7	1.984455E-2
1.480000E-7	1.981200E-2
1.480500E-7	1.978117E-2
1.481000E-7	1.974177E-2
1.481500E-7	1.970408E-2
1.482000E-7	1.967325E-2
1.482500E-7	1.965441E-2
1.483000E-7	1.966126E-2
1.483500E-7	1.968695E-2
1.484000E-7	1.969723E-2
1.484500E-7	1.969381E-2
1.485000E-7	1.971265E-2
1.485500E-7	1.975719E-2
1.486000E-7	1.980515E-2
1.486500E-7	1.981714E-2
1.487000E-7	1.979316E-2
1.487500E-7	1.976918E-2
1.488000E-7	1.976918E-2
1.488500E-7	1.975205E-2
1.489000E-7	1.971950E-2
1.489500E-7	1.971779E-2
1.490000E-7	1.974691E-2
1.490500E-7	1.976918E-2
1.491000E-7	1.979658E-2
1.491500E-7	1.985311E-2
1.492000E-7	1.991135E-2
1.492500E-7	1.996617E-2
1.493000E-7	2.002269E-2
1.493500E-7	2.006038E-2
1.494000E-7	2.005524E-2
1.494500E-7	2.002269E-2
1.495000E-7	1.998672E-2
1.495500E-7	1.993191E-2
1.496000E-7	1.984283E-2
1.496500E-7	1.975205E-2
1.497000E-7	1.969038E-2
1.497500E-7	1.963899E-2
1.498000E-7	1.958418E-2
1.498500E-7	1.953793E-2
1.499000E-7	1.952936E-2
1.499500E-7	1.953622E-2
1.500000E-7	1.953964E-2
1.500500E-7	1.954649E-2
1.501000E-7	1.953964E-2
1.501500E-7	1.949853E-2
1.502000E-7	1.943515E-2
1.502500E-7	1.937520E-2
1.503000E-7	1.931353E-2
1.503500E-7	1.924159E-2
1.504000E-7	1.917650E-2
1.504500E-7	1.914738E-2
1.505000E-7	1.915937E-2
1.505500E-7	1.921247E-2
1.506000E-7	1.929469E-2
1.506500E-7	1.939404E-2
1.507000E-7	1.953279E-2
1.507500E-7	1.970922E-2
1.508000E-7	1.988566E-2
1.508500E-7	2.002612E-2
1.509000E-7	2.016487E-2
1.509500E-7	2.029163E-2
1.510000E-7	2.034301E-2
1.510500E-7	2.029505E-2
1.511000E-7	2.020598E-2
1.511500E-7	2.010149E-2
1.512000E-7	1.995760E-2
1.512500E-7	1.977432E-2
1.513000E-7	1.958760E-2
1.513500E-7	1.942487E-2
1.514000E-7	1.927413E-2
1.514500E-7	1.915251E-2
1.515000E-7	1.907886E-2
1.515500E-7	1.904631E-2
1.516000E-7	1.902747E-2
1.516500E-7	1.903432E-2
1.517000E-7	1.909770E-2
1.517500E-7	1.919876E-2
1.518000E-7	1.930497E-2
1.518500E-7	1.941973E-2
1.519000E-7	1.952422E-2
1.519500E-7	1.958932E-2
1.520000E-7	1.962529E-2
1.520500E-7	1.965612E-2
1.521000E-7	1.967496E-2
1.521500E-7	1.964413E-2
1.522000E-7	1.958246E-2
1.522500E-7	1.951737E-2
1.523000E-7	1.944543E-2
1.523500E-7	1.936149E-2
1.524000E-7	1.929640E-2
1.524500E-7	1.926900E-2
1.525000E-7	1.924673E-2
1.525500E-7	1.921075E-2
1.526000E-7	1.917992E-2
1.526500E-7	1.918335E-2
1.527000E-7	1.921247E-2
1.527500E-7	1.925187E-2
1.528000E-7	1.929812E-2
1.528500E-7	1.934779E-2
1.529000E-7	1.939061E-2
1.529500E-7	1.942145E-2
1.530000E-7	1.944200E-2
1.530500E-7	1.944714E-2
1.531000E-7	1.944885E-2
1.531500E-7	1.943686E-2
1.532000E-7	1.939575E-2
1.532500E-7	1.932895E-2
1.533000E-7	1.926386E-2
1.533500E-7	1.920390E-2
1.534000E-7	1.913538E-2
1.534500E-7	1.906687E-2
1.535000E-7	1.901205E-2
1.535500E-7	1.896752E-2
1.536000E-7	1.893154E-2
1.536500E-7	1.891270E-2
1.537000E-7	1.892298E-2
1.537500E-7	1.895724E-2
1.538000E-7	1.902918E-2
1.538500E-7	1.912682E-2
1.539000E-7	1.922275E-2
1.539500E-7	1.931182E-2
1.540000E-7	1.940774E-2
1.540500E-7	1.950367E-2
1.541000E-7	1.958932E-2
1.541500E-7	1.966640E-2
1.542000E-7	1.973663E-2
1.542500E-7	1.978459E-2
1.543000E-7	1.981543E-2
1.543500E-7	1.983427E-2
1.544000E-7	1.981885E-2
1.544500E-7	1.977432E-2
1.545000E-7	1.972635E-2
1.545500E-7	1.965955E-2
1.546000E-7	1.955677E-2
1.546500E-7	1.945228E-2
1.547000E-7	1.937177E-2
1.547500E-7	1.930154E-2
1.548000E-7	1.921589E-2
1.548500E-7	1.913025E-2
1.549000E-7	1.908400E-2
1.549500E-7	1.908571E-2
1.550000E-7	1.910969E-2
1.550500E-7	1.913538E-2
1.551000E-7	1.918163E-2
1.551500E-7	1.925700E-2
1.552000E-7	1.936321E-2
1.552500E-7	1.948483E-2
1.553000E-7	1.958932E-2
1.553500E-7	1.966126E-2
1.554000E-7	1.971436E-2
1.554500E-7	1.973834E-2
1.555000E-7	1.973149E-2
1.555500E-7	1.968867E-2
1.556000E-7	1.961672E-2
1.556500E-7	1.953622E-2
1.557000E-7	1.944200E-2
1.557500E-7	1.933409E-2
1.558000E-7	1.922275E-2
1.558500E-7	1.913025E-2
1.559000E-7	1.904974E-2
1.559500E-7	1.896409E-2
1.560000E-7	1.888872E-2
1.560500E-7	1.884418E-2
1.561000E-7	1.882534E-2
1.561500E-7	1.880650E-2
1.562000E-7	1.880136E-2
1.562500E-7	1.883391E-2
1.563000E-7	1.890071E-2
1.563500E-7	1.897779E-2
1.564000E-7	1.906344E-2
1.564500E-7	1.914738E-2
1.565000E-7	1.921247E-2
1.565500E-7	1.927071E-2
1.566000E-7	1.933409E-2
1.566500E-7	1.938034E-2
1.567000E-7	1.940432E-2
1.567500E-7	1.942145E-2
1.568000E-7	1.940946E-2
1.568500E-7	1.937177E-2
1.569000E-7	1.934608E-2
1.569500E-7	1.933923E-2
1.570000E-7	1.930154E-2
1.570500E-7	1.925358E-2
1.571000E-7	1.922960E-2
1.571500E-7	1.921247E-2
1.572000E-7	1.916279E-2
1.572500E-7	1.910455E-2
1.573000E-7	1.903946E-2
1.573500E-7	1.894182E-2
1.574000E-7	1.882877E-2
1.574500E-7	1.874312E-2
1.575000E-7	1.867974E-2
1.575500E-7	1.861807E-2
1.576000E-7	1.857868E-2
1.576500E-7	1.856497E-2
1.577000E-7	1.858382E-2
1.577500E-7	1.864891E-2
1.578000E-7	1.872942E-2
1.578500E-7	1.880479E-2
1.579000E-7	1.888358E-2
1.579500E-7	1.897608E-2
1.580000E-7	1.906173E-2
1.580500E-7	1.911826E-2
1.581000E-7	1.914566E-2
1.581500E-7	1.915937E-2
1.582000E-7	1.918506E-2
1.582500E-7	1.922960E-2
1.583000E-7	1.927413E-2
1.583500E-7	1.931011E-2
1.584000E-7	1.934094E-2
1.584500E-7	1.938719E-2
1.585000E-7	1.946256E-2
1.585500E-7	1.951737E-2
1.586000E-7	1.952422E-2
1.586500E-7	1.951395E-2
1.587000E-7	1.949853E-2
1.587500E-7	1.945571E-2
1.588000E-7	1.938205E-2
1.588500E-7	1.931867E-2
1.589000E-7	1.926214E-2
1.589500E-7	1.919534E-2
1.590000E-7	1.914566E-2
1.590500E-7	1.911654E-2
1.591000E-7	1.907543E-2
1.591500E-7	1.900863E-2
1.592000E-7	1.895039E-2
1.592500E-7	1.891441E-2
1.593000E-7	1.887330E-2
1.593500E-7	1.882192E-2
1.594000E-7	1.878423E-2
1.594500E-7	1.875854E-2
1.595000E-7	1.871914E-2
1.595500E-7	1.867803E-2
1.596000E-7	1.866946E-2
1.596500E-7	1.869687E-2
1.597000E-7	1.872428E-2
1.597500E-7	1.873284E-2
1.598000E-7	1.873113E-2
1.598500E-7	1.871914E-2
1.599000E-7	1.868831E-2
1.599500E-7	1.863178E-2
1.600000E-7	1.855127E-2
1.600500E-7	1.844335E-2
1.601000E-7	1.833372E-2
1.601500E-7	1.823780E-2
1.602000E-7	1.817956E-2
1.602500E-7	1.816414E-2
1.603000E-7	1.818298E-2
1.603500E-7	1.822752E-2
1.604000E-7	1.829775E-2
1.604500E-7	1.839196E-2
1.605000E-7	1.848618E-2
1.605500E-7	1.854613E-2
1.606000E-7	1.856497E-2
1.606500E-7	1.856326E-2
1.607000E-7	1.854956E-2
1.607500E-7	1.850673E-2
1.608000E-7	1.844507E-2
1.608500E-7	1.839368E-2
1.609000E-7	1.836456E-2
1.609500E-7	1.835942E-2
1.610000E-7	1.839196E-2
1.610500E-7	1.846733E-2
1.611000E-7	1.857354E-2
1.611500E-7	1.869344E-2
1.612000E-7	1.882705E-2
1.612500E-7	1.894867E-2
1.613000E-7	1.903775E-2
1.613500E-7	1.909256E-2
1.614000E-7	1.910969E-2
1.614500E-7	1.906002E-2
1.615000E-7	1.895210E-2
1.615500E-7	1.882363E-2
1.616000E-7	1.868488E-2
1.616500E-7	1.854784E-2
1.617000E-7	1.843821E-2
1.617500E-7	1.835942E-2
1.618000E-7	1.832002E-2
1.618500E-7	1.834572E-2
1.619000E-7	1.845192E-2
1.619500E-7	1.856840E-2
1.620000E-7	1.866432E-2
1.620500E-7	1.876367E-2
1.621000E-7	1.885104E-2
1.621500E-7	1.886131E-2
1.622000E-7	1.882020E-2
1.622500E-7	1.876367E-2
1.623000E-7	1.867631E-2
1.623500E-7	1.854784E-2
1.624000E-7	1.841595E-2
1.624500E-7	1.827377E-2
1.625000E-7	1.810761E-2
1.625500E-7	1.796715E-2
1.626000E-7	1.789178E-2
1.626500E-7	1.785410E-2
1.627000E-7	1.786266E-2
1.627500E-7	1.792776E-2
1.628000E-7	1.800826E-2
1.628500E-7	1.809562E-2
1.629000E-7	1.820011E-2
1.629500E-7	1.829604E-2
1.630000E-7	1.834914E-2
1.630500E-7	1.836970E-2
1.631000E-7	1.836798E-2
1.631500E-7	1.832859E-2
1.632000E-7	1.825835E-2
1.632500E-7	1.818298E-2
1.633000E-7	1.812474E-2
1.633500E-7	1.808877E-2
1.634000E-7	1.808021E-2
1.634500E-7	1.808535E-2
1.635000E-7	1.812817E-2
1.635500E-7	1.823437E-2
1.636000E-7	1.839025E-2
1.636500E-7	1.855298E-2
1.637000E-7	1.871057E-2
1.637500E-7	1.885617E-2
1.638000E-7	1.897265E-2
1.638500E-7	1.904117E-2
1.639000E-7	1.905316E-2
1.639500E-7	1.901890E-2
1.640000E-7	1.896238E-2
1.640500E-7	1.890242E-2
1.641000E-7	1.884247E-2
1.641500E-7	1.878252E-2
1.642000E-7	1.872085E-2
1.642500E-7	1.865405E-2
1.643000E-7	1.860094E-2
1.643500E-7	1.857696E-2
1.644000E-7	1.857354E-2
1.644500E-7	1.857182E-2
1.645000E-7	1.857696E-2
1.645500E-7	1.860608E-2
1.646000E-7	1.863863E-2
1.646500E-7	1.865747E-2
1.647000E-7	1.868145E-2
1.647500E-7	1.871571E-2
1.648000E-7	1.872599E-2
1.648500E-7	1.870201E-2
1.649000E-7	1.865918E-2
1.649500E-7	1.859581E-2
1.650000E-7	1.851872E-2
1.650500E-7	1.844335E-2
1.651000E-7	1.836627E-2
1.651500E-7	1.827891E-2
1.652000E-7	1.818641E-2
1.652500E-7	1.808877E-2
1.653000E-7	1.798600E-2
1.653500E-7	1.789521E-2
1.654000E-7	1.780785E-2
1.654500E-7	1.771021E-2
1.655000E-7	1.762285E-2
1.655500E-7	1.757317E-2
1.656000E-7	1.754748E-2
1.656500E-7	1.754063E-2
1.657000E-7	1.756632E-2
1.657500E-7	1.760401E-2
1.658000E-7	1.766225E-2
1.658500E-7	1.776502E-2
1.659000E-7	1.788664E-2
1.659500E-7	1.799113E-2
1.660000E-7	1.808706E-2
1.660500E-7	1.818298E-2
1.661000E-7	1.824636E-2
1.661500E-7	1.827548E-2
1.662000E-7	1.827206E-2
1.662500E-7	1.823780E-2
1.663000E-7	1.817956E-2
1.663500E-7	1.809391E-2
1.664000E-7	1.797572E-2
1.664500E-7	1.785924E-2
1.665000E-7	1.779757E-2
1.665500E-7	1.776845E-2
1.666000E-7	1.775132E-2
1.666500E-7	1.777530E-2
1.667000E-7	1.783868E-2
1.667500E-7	1.791063E-2
1.668000E-7	1.799113E-2
1.668500E-7	1.809049E-2
1.669000E-7	1.818984E-2
1.669500E-7	1.827548E-2
1.670000E-7	1.835428E-2
1.670500E-7	1.840738E-2
1.671000E-7	1.842622E-2
1.671500E-7	1.845020E-2
1.672000E-7	1.847933E-2
1.672500E-7	1.847590E-2
1.673000E-7	1.843136E-2
1.673500E-7	1.837826E-2
1.674000E-7	1.832516E-2
1.674500E-7	1.825150E-2
1.675000E-7	1.816757E-2
1.675500E-7	1.810076E-2
1.676000E-7	1.806650E-2
1.676500E-7	1.805109E-2
1.677000E-7	1.805623E-2
1.677500E-7	1.808706E-2
1.678000E-7	1.812132E-2
1.678500E-7	1.813160E-2
1.679000E-7	1.812817E-2
1.679500E-7	1.814530E-2
1.680000E-7	1.815386E-2
1.680500E-7	1.812646E-2
1.681000E-7	1.809905E-2
1.681500E-7	1.808021E-2
1.682000E-7	1.804766E-2
1.682500E-7	1.801169E-2
1.683000E-7	1.799799E-2
1.683500E-7	1.799456E-2
1.684000E-7	1.798942E-2
1.684500E-7	1.799113E-2
1.685000E-7	1.800313E-2
1.685500E-7	1.799970E-2
1.686000E-7	1.797572E-2
1.686500E-7	1.794488E-2
1.687000E-7	1.790891E-2
1.687500E-7	1.785924E-2
1.688000E-7	1.778901E-2
1.688500E-7	1.771364E-2
1.689000E-7	1.764341E-2
1.689500E-7	1.758517E-2
1.690000E-7	1.754063E-2
1.690500E-7	1.751322E-2
1.691000E-7	1.750980E-2
1.691500E-7	1.753035E-2
1.692000E-7	1.756632E-2
1.692500E-7	1.760572E-2
1.693000E-7	1.763313E-2
1.693500E-7	1.764169E-2
1.694000E-7	1.764683E-2
1.694500E-7	1.765197E-2
1.695000E-7	1.763998E-2
1.695500E-7	1.761942E-2
1.696000E-7	1.759887E-2
1.696500E-7	1.758859E-2
1.697000E-7	1.758003E-2
1.697500E-7	1.757146E-2
1.698000E-7	1.756290E-2
1.698500E-7	1.757831E-2
1.699000E-7	1.761429E-2
1.699500E-7	1.764854E-2
1.700000E-7	1.769137E-2
1.700500E-7	1.774790E-2
1.701000E-7	1.781813E-2
1.701500E-7	1.789864E-2
1.702000E-7	1.798600E-2
1.702500E-7	1.804424E-2
1.703000E-7	1.805623E-2
1.703500E-7	1.805109E-2
1.704000E-7	1.804766E-2
1.704500E-7	1.801340E-2
1.705000E-7	1.796887E-2
1.705500E-7	1.796030E-2
1.706000E-7	1.796373E-2
1.706500E-7	1.793461E-2
1.707000E-7	1.790035E-2
1.707500E-7	1.788664E-2
1.708000E-7	1.786951E-2
1.708500E-7	1.786438E-2
1.709000E-7	1.788664E-2
1.709500E-7	1.792604E-2
1.710000E-7	1.796544E-2
1.710500E-7	1.802368E-2
1.711000E-7	1.807164E-2
1.711500E-7	1.811275E-2
1.712000E-7	1.815900E-2
1.712500E-7	1.819669E-2
1.713000E-7	1.820525E-2
1.713500E-7	1.822581E-2
1.714000E-7	1.826349E-2
1.714500E-7	1.828576E-2
1.715000E-7	1.828747E-2
1.715500E-7	1.828405E-2
1.716000E-7	1.823951E-2
1.716500E-7	1.815900E-2
1.717000E-7	1.808021E-2
1.717500E-7	1.799627E-2
1.718000E-7	1.789350E-2
1.718500E-7	1.780271E-2
1.719000E-7	1.774961E-2
1.719500E-7	1.770507E-2
1.720000E-7	1.767081E-2
1.720500E-7	1.767938E-2
1.721000E-7	1.772220E-2
1.721500E-7	1.777873E-2
1.722000E-7	1.784382E-2
1.722500E-7	1.790206E-2
1.723000E-7	1.794488E-2
1.723500E-7	1.797743E-2
1.724000E-7	1.800141E-2
1.724500E-7	1.798600E-2
1.725000E-7	1.792776E-2
1.725500E-7	1.784553E-2
1.726000E-7	1.775646E-2
1.726500E-7	1.765540E-2
1.727000E-7	1.753549E-2
1.727500E-7	1.742072E-2
1.728000E-7	1.732994E-2
1.728500E-7	1.726998E-2
1.729000E-7	1.723572E-2
1.729500E-7	1.722716E-2
1.730000E-7	1.725970E-2
1.730500E-7	1.733850E-2
1.731000E-7	1.745156E-2
1.731500E-7	1.756975E-2
1.732000E-7	1.768109E-2
1.732500E-7	1.777016E-2
1.733000E-7	1.783183E-2
1.733500E-7	1.787294E-2
1.734000E-7	1.789521E-2
1.734500E-7	1.789864E-2
1.735000E-7	1.790377E-2
1.735500E-7	1.789692E-2
1.736000E-7	1.787637E-2
1.736500E-7	1.785067E-2
1.737000E-7	1.784211E-2
1.737500E-7	1.784553E-2
1.738000E-7	1.785581E-2
1.738500E-7	1.787465E-2
1.739000E-7	1.788493E-2
1.739500E-7	1.787465E-2
1.740000E-7	1.785581E-2
1.740500E-7	1.784039E-2
1.741000E-7	1.780271E-2
1.741500E-7	1.774790E-2
1.742000E-7	1.769137E-2
1.742500E-7	1.762799E-2
1.743000E-7	1.755947E-2
1.743500E-7	1.750808E-2
1.744000E-7	1.746526E-2
1.744500E-7	1.743956E-2
1.745000E-7	1.744642E-2
1.745500E-7	1.749952E-2
1.746000E-7	1.756975E-2
1.746500E-7	1.764854E-2
1.747000E-7	1.774104E-2
1.747500E-7	1.782840E-2
1.748000E-7	1.788151E-2
1.748500E-7	1.789864E-2
1.749000E-7	1.787637E-2
1.749500E-7	1.779928E-2
1.750000E-7	1.768109E-2
1.750500E-7	1.753892E-2
1.751000E-7	1.739160E-2
1.751500E-7	1.724429E-2
1.752000E-7	1.712609E-2
1.752500E-7	1.705415E-2
1.753000E-7	1.703531E-2
1.753500E-7	1.706272E-2
1.754000E-7	1.712952E-2
1.754500E-7	1.722031E-2
1.755000E-7	1.732480E-2
1.755500E-7	1.743443E-2
1.756000E-7	1.753378E-2
1.756500E-7	1.761257E-2
1.757000E-7	1.766567E-2
1.757500E-7	1.769822E-2
1.758000E-7	1.770678E-2
1.758500E-7	1.768280E-2
1.759000E-7	1.762628E-2
1.759500E-7	1.753720E-2
1.760000E-7	1.741558E-2
1.760500E-7	1.727855E-2
1.761000E-7	1.715864E-2
1.761500E-7	1.706100E-2
1.762000E-7	1.700619E-2
1.762500E-7	1.698906E-2
1.763000E-7	1.698392E-2
1.763500E-7	1.699591E-2
1.764000E-7	1.704730E-2
1.764500E-7	1.713466E-2
1.765000E-7	1.723401E-2
1.765500E-7	1.733507E-2
1.766000E-7	1.743443E-2
1.766500E-7	1.750123E-2
1.767000E-7	1.753720E-2
1.767500E-7	1.757831E-2
1.768000E-7	1.761086E-2
1.768500E-7	1.761429E-2
1.769000E-7	1.760058E-2
1.769500E-7	1.756632E-2
1.770000E-7	1.749438E-2
1.770500E-7	1.739503E-2
1.771000E-7	1.731281E-2
1.771500E-7	1.724943E-2
1.772000E-7	1.718262E-2
1.772500E-7	1.711753E-2
1.773000E-7	1.707984E-2
1.773500E-7	1.707299E-2
1.774000E-7	1.708841E-2
1.774500E-7	1.713466E-2
1.775000E-7	1.718947E-2
1.775500E-7	1.723915E-2
1.776000E-7	1.729739E-2
1.776500E-7	1.736077E-2
1.777000E-7	1.739331E-2
1.777500E-7	1.740702E-2
1.778000E-7	1.739674E-2
1.778500E-7	1.735049E-2
1.779000E-7	1.727512E-2
1.779500E-7	1.719633E-2
1.780000E-7	1.710554E-2
1.780500E-7	1.701647E-2
1.781000E-7	1.696165E-2
1.781500E-7	1.692568E-2
1.782000E-7	1.687772E-2
1.782500E-7	1.683661E-2
1.783000E-7	1.682119E-2
1.783500E-7	1.680920E-2
1.784000E-7	1.680920E-2
1.784500E-7	1.682804E-2
1.785000E-7	1.683147E-2
1.785500E-7	1.680920E-2
1.786000E-7	1.678693E-2
1.786500E-7	1.675952E-2
1.787000E-7	1.669786E-2
1.787500E-7	1.662763E-2
1.788000E-7	1.658652E-2
1.788500E-7	1.656939E-2
1.789000E-7	1.656939E-2
1.789500E-7	1.657795E-2
1.790000E-7	1.659679E-2
1.790500E-7	1.663105E-2
1.791000E-7	1.669272E-2
1.791500E-7	1.677494E-2
1.792000E-7	1.686059E-2
1.792500E-7	1.693253E-2
1.793000E-7	1.698049E-2
1.793500E-7	1.699591E-2
1.794000E-7	1.699077E-2
1.794500E-7	1.697707E-2
1.795000E-7	1.695994E-2
1.795500E-7	1.695651E-2
1.796000E-7	1.697022E-2
1.796500E-7	1.700448E-2
1.797000E-7	1.705929E-2
1.797500E-7	1.713809E-2
1.798000E-7	1.723915E-2
1.798500E-7	1.734193E-2
1.799000E-7	1.742586E-2
1.799500E-7	1.748924E-2
1.800000E-7	1.750808E-2
1.800500E-7	1.750123E-2
1.801000E-7	1.747554E-2
1.801500E-7	1.742415E-2
1.802000E-7	1.733850E-2
1.802500E-7	1.724429E-2
1.803000E-7	1.716549E-2
1.803500E-7	1.709355E-2
1.804000E-7	1.703017E-2
1.804500E-7	1.699934E-2
1.805000E-7	1.700619E-2
1.805500E-7	1.703188E-2
1.806000E-7	1.707813E-2
1.806500E-7	1.714322E-2
1.807000E-7	1.721688E-2
1.807500E-7	1.728369E-2
1.808000E-7	1.734707E-2
1.808500E-7	1.739674E-2
1.809000E-7	1.742072E-2
1.809500E-7	1.741901E-2
1.810000E-7	1.742586E-2
1.810500E-7	1.743785E-2
1.811000E-7	1.744813E-2
1.811500E-7	1.746868E-2
1.812000E-7	1.749267E-2
1.812500E-7	1.749095E-2
1.813000E-7	1.749095E-2
1.813500E-7	1.753720E-2
1.814000E-7	1.758345E-2
1.814500E-7	1.757489E-2
1.815000E-7	1.752521E-2
1.815500E-7	1.747040E-2
1.816000E-7	1.740188E-2
1.816500E-7	1.731623E-2
1.817000E-7	1.722887E-2
1.817500E-7	1.714322E-2
1.818000E-7	1.704387E-2
1.818500E-7	1.694110E-2
1.819000E-7	1.684688E-2
1.819500E-7	1.676295E-2
1.820000E-7	1.668587E-2
1.820500E-7	1.663448E-2
1.821000E-7	1.662420E-2
1.821500E-7	1.663962E-2
1.822000E-7	1.665161E-2
1.822500E-7	1.666360E-2
1.823000E-7	1.667901E-2
1.823500E-7	1.667045E-2
1.824000E-7	1.663790E-2
1.824500E-7	1.660022E-2
1.825000E-7	1.657624E-2
1.825500E-7	1.654369E-2
1.826000E-7	1.652142E-2
1.826500E-7	1.653684E-2
1.827000E-7	1.659165E-2
1.827500E-7	1.666189E-2
1.828000E-7	1.674411E-2
1.828500E-7	1.682804E-2
1.829000E-7	1.689999E-2
1.829500E-7	1.695994E-2
1.830000E-7	1.700619E-2
1.830500E-7	1.702160E-2
1.831000E-7	1.700105E-2
1.831500E-7	1.696679E-2
1.832000E-7	1.692739E-2
1.832500E-7	1.687943E-2
1.833000E-7	1.682462E-2
1.833500E-7	1.679036E-2
1.834000E-7	1.679036E-2
1.834500E-7	1.680577E-2
1.835000E-7	1.679550E-2
1.835500E-7	1.677665E-2
1.836000E-7	1.678179E-2
1.836500E-7	1.680920E-2
1.837000E-7	1.682804E-2
1.837500E-7	1.683318E-2
1.838000E-7	1.683147E-2
1.838500E-7	1.681091E-2
1.839000E-7	1.677837E-2
1.839500E-7	1.673897E-2
1.840000E-7	1.668929E-2
1.840500E-7	1.664476E-2
1.841000E-7	1.662420E-2
1.841500E-7	1.660536E-2
1.842000E-7	1.657624E-2
1.842500E-7	1.655226E-2
1.843000E-7	1.651286E-2
1.843500E-7	1.642721E-2
1.844000E-7	1.631758E-2
1.844500E-7	1.620281E-2
1.845000E-7	1.607434E-2
1.845500E-7	1.594416E-2
1.846000E-7	1.585337E-2
1.846500E-7	1.580541E-2
1.847000E-7	1.577458E-2
1.847500E-7	1.577972E-2
1.848000E-7	1.583453E-2
1.848500E-7	1.592532E-2
1.849000E-7	1.605379E-2
1.849500E-7	1.621652E-2
1.850000E-7	1.638953E-2
1.850500E-7	1.654883E-2
1.851000E-7	1.668758E-2
1.851500E-7	1.679036E-2
1.852000E-7	1.681776E-2
1.852500E-7	1.677665E-2
1.853000E-7	1.671499E-2
1.853500E-7	1.664476E-2
1.854000E-7	1.652314E-2
1.854500E-7	1.637240E-2
1.855000E-7	1.625249E-2
1.855500E-7	1.617883E-2
1.856000E-7	1.612916E-2
1.856500E-7	1.611545E-2
1.857000E-7	1.614800E-2
1.857500E-7	1.620110E-2
1.858000E-7	1.625078E-2
1.858500E-7	1.629703E-2
1.859000E-7	1.634328E-2
1.859500E-7	1.636897E-2
1.860000E-7	1.636041E-2
1.860500E-7	1.632272E-2
1.861000E-7	1.626448E-2
1.861500E-7	1.622166E-2
1.862000E-7	1.620453E-2
1.862500E-7	1.621481E-2
1.863000E-7	1.626277E-2
1.863500E-7	1.636726E-2
1.864000E-7	1.650772E-2
1.864500E-7	1.665161E-2
1.865000E-7	1.679721E-2
1.865500E-7	1.694795E-2
1.866000E-7	1.706785E-2
1.866500E-7	1.714494E-2
1.867000E-7	1.718091E-2
1.867500E-7	1.717063E-2
1.868000E-7	1.710211E-2
1.868500E-7	1.697878E-2
1.869000E-7	1.683318E-2
1.869500E-7	1.665503E-2
1.870000E-7	1.645804E-2
1.870500E-7	1.627476E-2
1.871000E-7	1.611888E-2
1.871500E-7	1.596814E-2
1.872000E-7	1.584652E-2
1.872500E-7	1.578999E-2
1.873000E-7	1.580370E-2
1.873500E-7	1.587735E-2
1.874000E-7	1.600925E-2
1.874500E-7	1.618226E-2
1.875000E-7	1.637411E-2
1.875500E-7	1.657281E-2
1.876000E-7	1.675610E-2
1.876500E-7	1.688114E-2
1.877000E-7	1.693767E-2
1.877500E-7	1.694110E-2
1.878000E-7	1.688457E-2
1.878500E-7	1.676124E-2
1.879000E-7	1.659337E-2
1.879500E-7	1.639295E-2
1.880000E-7	1.619768E-2
1.880500E-7	1.602638E-2
1.881000E-7	1.591161E-2
1.881500E-7	1.586194E-2
1.882000E-7	1.586194E-2
1.882500E-7	1.589620E-2
1.883000E-7	1.597499E-2
1.883500E-7	1.609490E-2
1.884000E-7	1.621823E-2
1.884500E-7	1.631758E-2
1.885000E-7	1.640494E-2
1.885500E-7	1.646661E-2
1.886000E-7	1.648203E-2
1.886500E-7	1.644434E-2
1.887000E-7	1.638096E-2
1.887500E-7	1.631073E-2
1.888000E-7	1.623022E-2
1.888500E-7	1.614629E-2
1.889000E-7	1.607263E-2
1.889500E-7	1.602809E-2
1.890000E-7	1.601268E-2
1.890500E-7	1.603152E-2
1.891000E-7	1.610004E-2
1.891500E-7	1.619254E-2
1.892000E-7	1.626962E-2
1.892500E-7	1.632272E-2
1.893000E-7	1.635355E-2
1.893500E-7	1.635355E-2
1.894000E-7	1.631416E-2
1.894500E-7	1.624393E-2
1.895000E-7	1.613601E-2
1.895500E-7	1.598356E-2
1.896000E-7	1.582254E-2
1.896500E-7	1.567180E-2
1.897000E-7	1.555189E-2
1.897500E-7	1.546282E-2
1.898000E-7	1.542171E-2
1.898500E-7	1.543884E-2
1.899000E-7	1.551078E-2
1.899500E-7	1.561013E-2
1.900000E-7	1.571976E-2
1.900500E-7	1.582597E-2
1.901000E-7	1.592189E-2
1.901500E-7	1.601096E-2
1.902000E-7	1.608976E-2
1.902500E-7	1.613258E-2
1.903000E-7	1.613772E-2
1.903500E-7	1.610346E-2
1.904000E-7	1.603495E-2
1.904500E-7	1.593902E-2
1.905000E-7	1.583967E-2
1.905500E-7	1.575745E-2
1.906000E-7	1.570435E-2
1.906500E-7	1.570606E-2
1.907000E-7	1.574717E-2
1.907500E-7	1.581397E-2
1.908000E-7	1.592018E-2
1.908500E-7	1.605550E-2
1.909000E-7	1.619596E-2
1.909500E-7	1.631587E-2
1.910000E-7	1.640837E-2
1.910500E-7	1.646490E-2
1.911000E-7	1.647860E-2
1.911500E-7	1.644777E-2
1.912000E-7	1.637582E-2
1.912500E-7	1.626619E-2
1.913000E-7	1.613944E-2
1.913500E-7	1.600411E-2
1.914000E-7	1.587564E-2
1.914500E-7	1.577629E-2
1.915000E-7	1.570092E-2
1.915500E-7	1.564268E-2
1.916000E-7	1.562212E-2
1.916500E-7	1.563925E-2
1.917000E-7	1.568893E-2
1.917500E-7	1.576430E-2
1.918000E-7	1.585680E-2
1.918500E-7	1.593559E-2
1.919000E-7	1.599897E-2
1.919500E-7	1.605379E-2
1.920000E-7	1.610175E-2
1.920500E-7	1.611203E-2
1.921000E-7	1.608462E-2
1.921500E-7	1.604522E-2
1.922000E-7	1.600411E-2
1.922500E-7	1.595444E-2
1.923000E-7	1.588592E-2
1.923500E-7	1.581569E-2
1.924000E-7	1.575231E-2
1.924500E-7	1.568208E-2
1.925000E-7	1.560157E-2
1.925500E-7	1.552963E-2
1.926000E-7	1.548509E-2
1.926500E-7	1.546111E-2
1.927000E-7	1.543370E-2
1.927500E-7	1.539944E-2
1.928000E-7	1.539088E-2
1.928500E-7	1.542514E-2
1.929000E-7	1.547652E-2
1.929500E-7	1.554333E-2
1.930000E-7	1.563754E-2
1.930500E-7	1.576087E-2
1.931000E-7	1.587907E-2
1.931500E-7	1.597671E-2
1.932000E-7	1.605893E-2
1.932500E-7	1.611374E-2
1.933000E-7	1.614629E-2
1.933500E-7	1.614800E-2
1.934000E-7	1.612059E-2
1.934500E-7	1.608633E-2
1.935000E-7	1.606235E-2
1.935500E-7	1.605379E-2
1.936000E-7	1.606235E-2
1.936500E-7	1.608805E-2
1.937000E-7	1.612573E-2
1.937500E-7	1.615656E-2
1.938000E-7	1.619939E-2
1.938500E-7	1.625592E-2
1.939000E-7	1.631073E-2
1.939500E-7	1.634842E-2
1.940000E-7	1.635698E-2
1.940500E-7	1.631930E-2
1.941000E-7	1.623365E-2
1.941500E-7	1.610004E-2
1.942000E-7	1.594245E-2
1.942500E-7	1.578485E-2
1.943000E-7	1.563925E-2
1.943500E-7	1.550222E-2
1.944000E-7	1.538231E-2
1.944500E-7	1.530352E-2
1.945000E-7	1.527953E-2
1.945500E-7	1.530180E-2
1.946000E-7	1.537032E-2
1.946500E-7	1.548680E-2
1.947000E-7	1.563412E-2
1.947500E-7	1.577458E-2
1.948000E-7	1.589791E-2
1.948500E-7	1.601953E-2
1.949000E-7	1.611032E-2
1.949500E-7	1.613772E-2
1.950000E-7	1.611032E-2
1.950500E-7	1.608291E-2
1.951000E-7	1.606407E-2
1.951500E-7	1.605036E-2
1.952000E-7	1.604180E-2
1.952500E-7	1.603666E-2
1.953000E-7	1.602638E-2
1.953500E-7	1.602295E-2
1.954000E-7	1.601610E-2
1.954500E-7	1.598184E-2
1.955000E-7	1.594587E-2
1.955500E-7	1.590647E-2
1.956000E-7	1.583110E-2
1.956500E-7	1.574032E-2
1.957000E-7	1.568379E-2
1.957500E-7	1.564439E-2
1.958000E-7	1.562041E-2
1.958500E-7	1.564953E-2
1.959000E-7	1.573347E-2
1.959500E-7	1.583796E-2
1.960000E-7	1.595615E-2
1.960500E-7	1.607948E-2
1.961000E-7	1.617027E-2
1.961500E-7	1.621994E-2
1.962000E-7	1.625763E-2
1.962500E-7	1.626962E-2
1.963000E-7	1.622337E-2
1.963500E-7	1.613258E-2
1.964000E-7	1.601953E-2
1.964500E-7	1.589962E-2
1.965000E-7	1.576944E-2
1.965500E-7	1.565124E-2
1.966000E-7	1.555361E-2
1.966500E-7	1.551592E-2
1.967000E-7	1.552963E-2
1.967500E-7	1.556046E-2
1.968000E-7	1.560499E-2
1.968500E-7	1.568208E-2
1.969000E-7	1.577115E-2
1.969500E-7	1.582939E-2
1.970000E-7	1.586194E-2
1.970500E-7	1.587735E-2
1.971000E-7	1.588078E-2
1.971500E-7	1.586022E-2
1.972000E-7	1.582939E-2
1.972500E-7	1.581569E-2
1.973000E-7	1.582254E-2
1.973500E-7	1.582254E-2
1.974000E-7	1.583624E-2
1.974500E-7	1.587907E-2
1.975000E-7	1.592874E-2
1.975500E-7	1.596643E-2
1.976000E-7	1.601096E-2
1.976500E-7	1.606235E-2
1.977000E-7	1.606407E-2
1.977500E-7	1.601953E-2
1.978000E-7	1.597842E-2
1.978500E-7	1.595272E-2
1.979000E-7	1.591504E-2
1.979500E-7	1.586708E-2
1.980000E-7	1.584309E-2
1.980500E-7	1.585337E-2
1.981000E-7	1.587735E-2
1.981500E-7	1.590819E-2
1.982000E-7	1.595272E-2
1.982500E-7	1.600583E-2
1.983000E-7	1.604522E-2
1.983500E-7	1.606407E-2
1.984000E-7	1.605550E-2
1.984500E-7	1.603323E-2
1.985000E-7	1.601953E-2
1.985500E-7	1.600240E-2
1.986000E-7	1.595444E-2
1.986500E-7	1.588249E-2
1.987000E-7	1.580370E-2
1.987500E-7	1.571805E-2
1.988000E-7	1.563069E-2
1.988500E-7	1.557074E-2
1.989000E-7	1.554675E-2
1.989500E-7	1.551935E-2
1.990000E-7	1.549537E-2
1.990500E-7	1.550907E-2
1.991000E-7	1.554504E-2
1.991500E-7	1.556560E-2
1.992000E-7	1.558615E-2
1.992500E-7	1.565124E-2
1.993000E-7	1.573689E-2
1.993500E-7	1.580370E-2
1.994000E-7	1.584309E-2
1.994500E-7	1.586022E-2
1.995000E-7	1.582425E-2
1.995500E-7	1.573861E-2
1.996000E-7	1.563583E-2
1.996500E-7	1.552620E-2
1.997000E-7	1.540801E-2
1.997500E-7	1.533092E-2
1.998000E-7	1.530180E-2
1.998500E-7	1.530180E-2
1.999000E-7	1.532578E-2
1.999500E-7	1.537546E-2
2.000000E-7	1.541657E-2
