Study Name	PremaTech_CVD_SiC_HeandSi
Sample Name	2025-11-01
Run Name	spot04
Operator	Keshav
Date	11/1/2025
Time	18:28
Sign	FIX
Grating Spacing	06.40um
Channel	3
Number Traces	10000
Files in Batch	1
Batch Number	13
dt	50.000001E-12
time stamp (ms)	6:41:39 PM
	
Time	Amplitude
0.000000E+0	-7.021099E-5
5.000000E-11	-9.761820E-5
1.000000E-10	-1.147477E-4
1.500000E-10	-1.233124E-4
2.000000E-10	-1.267383E-4
2.500000E-10	-1.250254E-4
3.000000E-10	-1.164606E-4
3.500000E-10	-8.905344E-5
4.000000E-10	-5.650739E-5
4.500000E-10	-3.252609E-5
5.000000E-10	-8.544792E-6
5.500000E-10	1.886241E-5
6.000000E-10	2.571421E-5
6.500000E-10	1.714946E-5
7.000000E-10	1.732908E-6
7.500000E-10	-2.053544E-5
8.000000E-10	-5.308149E-5
8.500000E-10	-9.076639E-5
9.000000E-10	-1.250254E-4
9.500000E-10	-1.678491E-4
1.000000E-9	-2.106729E-4
1.050000E-9	-2.483578E-4
1.100000E-9	-2.757650E-4
1.150000E-9	-2.928945E-4
1.200000E-9	-2.911816E-4
1.250000E-9	-2.791909E-4
1.300000E-9	-2.689132E-4
1.350000E-9	-2.552096E-4
1.400000E-9	-2.295153E-4
1.450000E-9	-2.072470E-4
1.500000E-9	-2.021081E-4
1.550000E-9	-1.815527E-4
1.600000E-9	-1.215995E-4
1.650000E-9	-4.109084E-5
1.700000E-9	3.256601E-5
1.750000E-9	1.130747E-4
1.800000E-9	2.055740E-4
1.850000E-9	3.014992E-4
1.900000E-9	3.888596E-4
1.950000E-9	4.539517E-4
2.000000E-9	4.933496E-4
2.050000E-9	5.258956E-4
2.100000E-9	5.344604E-4
2.150000E-9	4.796460E-4
2.200000E-9	3.700172E-4
2.250000E-9	2.552495E-4
2.300000E-9	1.302042E-4
2.350000E-9	-1.882249E-5
2.400000E-9	-1.798398E-4
2.450000E-9	-3.288665E-4
2.500000E-9	-4.556248E-4
2.550000E-9	-5.395593E-4
2.600000E-9	-5.806701E-4
2.650000E-9	-5.772442E-4
2.700000E-9	-5.207169E-4
2.750000E-9	-4.128010E-4
2.800000E-9	-2.774780E-4
2.850000E-9	-1.301642E-4
2.900000E-9	2.400126E-5
2.950000E-9	1.610373E-4
3.000000E-9	2.569625E-4
3.050000E-9	3.254805E-4
3.100000E-9	3.871467E-4
3.150000E-9	4.351093E-4
3.200000E-9	4.419611E-4
3.250000E-9	3.974244E-4
3.300000E-9	3.443229E-4
3.350000E-9	2.997862E-4
3.400000E-9	2.501107E-4
3.450000E-9	1.952963E-4
3.500000E-9	1.627502E-4
3.550000E-9	1.353430E-4
3.600000E-9	1.027970E-4
3.650000E-9	8.738041E-5
3.700000E-9	8.224156E-5
3.750000E-9	4.969551E-5
3.800000E-9	-5.118892E-6
3.850000E-9	-4.622969E-5
3.900000E-9	-9.419229E-5
3.950000E-9	-1.592844E-4
4.000000E-9	-2.140988E-4
4.050000E-9	-2.312283E-4
4.100000E-9	-2.329412E-4
4.150000E-9	-2.260894E-4
4.200000E-9	-1.935434E-4
4.250000E-9	-1.472937E-4
4.300000E-9	-9.590524E-5
4.350000E-9	-3.252609E-5
4.400000E-9	4.113076E-5
4.450000E-9	1.079358E-4
4.500000E-9	1.576114E-4
4.550000E-9	1.935833E-4
4.600000E-9	2.072869E-4
4.650000E-9	1.850186E-4
4.700000E-9	1.267783E-4
4.750000E-9	6.682501E-5
4.800000E-9	3.427896E-5
4.850000E-9	1.886241E-5
4.900000E-9	1.372356E-5
4.950000E-9	4.113076E-5
5.000000E-9	1.165006E-4
5.050000E-9	2.261294E-4
5.100000E-9	3.546006E-4
5.150000E-9	4.916366E-4
5.200000E-9	6.029784E-4
5.250000E-9	6.749223E-4
5.300000E-9	7.074683E-4
5.350000E-9	6.989036E-4
5.400000E-9	6.355244E-4
5.450000E-9	5.258956E-4
5.500000E-9	3.974244E-4
5.550000E-9	2.603884E-4
5.600000E-9	1.250653E-4
5.650000E-9	1.732908E-6
5.700000E-9	-1.044700E-4
5.750000E-9	-1.832657E-4
5.800000E-9	-2.209506E-4
5.850000E-9	-2.329412E-4
5.900000E-9	-2.329412E-4
5.950000E-9	-2.175247E-4
6.000000E-9	-2.038211E-4
6.050000E-9	-2.072470E-4
6.100000E-9	-2.123858E-4
6.150000E-9	-1.952563E-4
6.200000E-9	-1.798398E-4
6.250000E-9	-1.969693E-4
6.300000E-9	-2.072470E-4
6.350000E-9	-1.952563E-4
6.400000E-9	-1.866916E-4
6.450000E-9	-1.832657E-4
6.500000E-9	-1.661362E-4
6.550000E-9	-1.353031E-4
6.600000E-9	-1.061829E-4
6.650000E-9	-8.562754E-5
6.700000E-9	-7.192394E-5
6.750000E-9	-5.308149E-5
6.800000E-9	-3.423904E-5
6.850000E-9	-3.937789E-5
6.900000E-9	-4.622969E-5
6.950000E-9	-3.937789E-5
7.000000E-9	-2.910019E-5
7.050000E-9	-2.738724E-5
7.100000E-9	-1.710954E-5
7.150000E-9	1.543651E-5
7.200000E-9	5.997321E-5
7.250000E-9	1.199265E-4
7.300000E-9	1.850186E-4
7.350000E-9	2.381200E-4
7.400000E-9	2.877956E-4
7.450000E-9	3.391841E-4
7.500000E-9	3.802949E-4
7.550000E-9	3.991373E-4
7.600000E-9	4.214057E-4
7.650000E-9	4.539517E-4
7.700000E-9	4.642294E-4
7.750000E-9	4.368222E-4
7.800000E-9	4.008503E-4
7.850000E-9	3.734431E-4
7.900000E-9	3.477488E-4
7.950000E-9	3.134898E-4
8.000000E-9	2.638143E-4
8.050000E-9	2.038610E-4
8.100000E-9	1.439078E-4
8.150000E-9	8.566746E-5
8.200000E-9	2.057536E-5
8.250000E-9	-3.766494E-5
8.300000E-9	-6.849804E-5
8.350000E-9	-6.849804E-5
8.400000E-9	-4.451674E-5
8.450000E-9	6.871758E-6
8.500000E-9	7.367681E-5
8.550000E-9	1.456207E-4
8.600000E-9	2.295553E-4
8.650000E-9	3.152028E-4
8.700000E-9	3.802949E-4
8.750000E-9	4.333963E-4
8.800000E-9	4.830719E-4
8.850000E-9	5.053402E-4
8.900000E-9	4.864978E-4
8.950000E-9	4.436740E-4
9.000000E-9	3.991373E-4
9.050000E-9	3.614524E-4
9.100000E-9	3.271934E-4
9.150000E-9	2.877956E-4
9.200000E-9	2.552495E-4
9.250000E-9	2.346941E-4
9.300000E-9	2.141387E-4
9.350000E-9	1.901574E-4
9.400000E-9	1.696020E-4
9.450000E-9	1.439078E-4
9.500000E-9	1.079358E-4
9.550000E-9	8.052861E-5
9.600000E-9	5.997321E-5
9.650000E-9	4.113076E-5
9.700000E-9	5.140846E-5
9.750000E-9	1.113617E-4
9.800000E-9	1.850186E-4
9.850000E-9	2.672402E-4
9.900000E-9	3.511747E-4
9.950000E-9	4.128409E-4
1.000000E-8	4.333963E-4
1.005000E-8	4.214057E-4
1.010000E-8	3.820078E-4
1.015000E-8	3.100639E-4
1.020000E-8	2.055740E-4
1.025000E-8	7.710271E-5
1.030000E-8	-4.622969E-5
1.035000E-8	-1.455808E-4
1.040000E-8	-2.089599E-4
1.045000E-8	-2.175247E-4
1.050000E-8	-1.884045E-4
1.055000E-8	-1.198865E-4
1.060000E-8	-2.053544E-5
1.065000E-8	1.062229E-4
1.070000E-8	2.364071E-4
1.075000E-8	3.391841E-4
1.080000E-8	4.145539E-4
1.085000E-8	4.539517E-4
1.090000E-8	4.522388E-4
1.095000E-8	4.214057E-4
1.100000E-8	3.734431E-4
1.105000E-8	3.066380E-4
1.110000E-8	2.278423E-4
1.115000E-8	1.644632E-4
1.120000E-8	1.250653E-4
1.125000E-8	1.130747E-4
1.130000E-8	1.216394E-4
1.135000E-8	1.593243E-4
1.140000E-8	2.158517E-4
1.145000E-8	2.569625E-4
1.150000E-8	2.586754E-4
1.155000E-8	2.466848E-4
1.160000E-8	2.295553E-4
1.165000E-8	1.815927E-4
1.170000E-8	9.937106E-5
1.175000E-8	5.158808E-6
1.180000E-8	-8.220164E-5
1.185000E-8	-1.541455E-4
1.190000E-8	-2.106729E-4
1.195000E-8	-2.415060E-4
1.200000E-8	-2.397930E-4
1.205000E-8	-2.140988E-4
1.210000E-8	-1.866916E-4
1.215000E-8	-1.455808E-4
1.220000E-8	-7.877574E-5
1.225000E-8	-3.081314E-5
1.230000E-8	-2.053544E-5
1.235000E-8	-1.692992E-6
1.240000E-8	4.113076E-5
1.245000E-8	7.196386E-5
1.250000E-8	8.224156E-5
1.255000E-8	1.113617E-4
1.260000E-8	1.593243E-4
1.265000E-8	2.021481E-4
1.270000E-8	2.364071E-4
1.275000E-8	2.552495E-4
1.280000E-8	2.775179E-4
1.285000E-8	3.237675E-4
1.290000E-8	3.631654E-4
1.295000E-8	3.751560E-4
1.300000E-8	3.854337E-4
1.305000E-8	3.888596E-4
1.310000E-8	3.528877E-4
1.315000E-8	2.843697E-4
1.320000E-8	2.175646E-4
1.325000E-8	1.473337E-4
1.330000E-8	6.511206E-5
1.335000E-8	-1.710954E-5
1.340000E-8	-8.048869E-5
1.345000E-8	-1.353031E-4
1.350000E-8	-1.541455E-4
1.355000E-8	-1.301642E-4
1.360000E-8	-7.192394E-5
1.365000E-8	1.732908E-6
1.370000E-8	8.566746E-5
1.375000E-8	1.696020E-4
1.380000E-8	2.621013E-4
1.385000E-8	3.563136E-4
1.390000E-8	4.402481E-4
1.395000E-8	4.967755E-4
1.400000E-8	5.395992E-4
1.405000E-8	5.721453E-4
1.410000E-8	5.892748E-4
1.415000E-8	5.858489E-4
1.420000E-8	5.738582E-4
1.425000E-8	5.670064E-4
1.430000E-8	5.293215E-4
1.435000E-8	4.676553E-4
1.440000E-8	4.162668E-4
1.445000E-8	3.648783E-4
1.450000E-8	2.689531E-4
1.455000E-8	1.661761E-4
1.460000E-8	1.147876E-4
1.465000E-8	6.853796E-5
1.470000E-8	-1.368364E-5
1.475000E-8	-7.363689E-5
1.480000E-8	-7.363689E-5
1.485000E-8	-5.136854E-5
1.490000E-8	-1.692992E-6
1.495000E-8	8.395451E-5
1.500000E-8	1.353430E-4
1.505000E-8	1.267783E-4
1.510000E-8	1.404819E-4
1.515000E-8	2.072869E-4
1.520000E-8	2.603884E-4
1.525000E-8	2.638143E-4
1.530000E-8	2.518236E-4
1.535000E-8	2.329812E-4
1.540000E-8	2.004351E-4
1.545000E-8	1.610373E-4
1.550000E-8	1.010840E-4
1.555000E-8	4.284371E-5
1.560000E-8	1.372356E-5
1.565000E-8	1.372356E-5
1.570000E-8	3.445858E-6
1.575000E-8	-1.197069E-5
1.580000E-8	-5.118892E-6
1.585000E-8	4.455666E-5
1.590000E-8	1.456207E-4
1.595000E-8	2.569625E-4
1.600000E-8	3.134898E-4
1.605000E-8	3.271934E-4
1.610000E-8	3.683042E-4
1.615000E-8	4.231186E-4
1.620000E-8	4.248316E-4
1.625000E-8	3.614524E-4
1.630000E-8	2.723790E-4
1.635000E-8	1.901574E-4
1.640000E-8	1.096488E-4
1.645000E-8	1.029766E-5
1.650000E-8	-1.096088E-4
1.655000E-8	-1.815527E-4
1.660000E-8	-1.661362E-4
1.665000E-8	-1.130347E-4
1.670000E-8	-2.567429E-5
1.675000E-8	1.473337E-4
1.680000E-8	3.477488E-4
1.685000E-8	4.659424E-4
1.690000E-8	5.413122E-4
1.695000E-8	6.440892E-4
1.700000E-8	7.194590E-4
1.705000E-8	7.006165E-4
1.710000E-8	6.218208E-4
1.715000E-8	5.224697E-4
1.720000E-8	4.111280E-4
1.725000E-8	3.152028E-4
1.730000E-8	2.364071E-4
1.735000E-8	1.576114E-4
1.740000E-8	1.199265E-4
1.745000E-8	1.267783E-4
1.750000E-8	1.439078E-4
1.755000E-8	1.901574E-4
1.760000E-8	2.843697E-4
1.765000E-8	3.734431E-4
1.770000E-8	4.059891E-4
1.775000E-8	4.162668E-4
1.780000E-8	4.059891E-4
1.785000E-8	3.751560E-4
1.790000E-8	3.717301E-4
1.795000E-8	4.231186E-4
1.800000E-8	5.070532E-4
1.805000E-8	6.817741E-4
1.810000E-8	1.065475E-3
1.815000E-8	1.685563E-3
1.820000E-8	2.531760E-3
1.825000E-8	3.653742E-3
1.830000E-8	5.075491E-3
1.835000E-8	6.781589E-3
1.840000E-8	8.808009E-3
1.845000E-8	1.116332E-2
1.850000E-8	1.374987E-2
1.855000E-8	1.648031E-2
1.860000E-8	1.939747E-2
1.865000E-8	2.247906E-2
1.870000E-8	2.561548E-2
1.875000E-8	2.874161E-2
1.880000E-8	3.181464E-2
1.885000E-8	3.469925E-2
1.890000E-8	3.727381E-2
1.895000E-8	3.952463E-2
1.900000E-8	4.139003E-2
1.905000E-8	4.276896E-2
1.910000E-8	4.369395E-2
1.915000E-8	4.427121E-2
1.920000E-8	4.455728E-2
1.925000E-8	4.458126E-2
1.930000E-8	4.443737E-2
1.935000E-8	4.416501E-2
1.940000E-8	4.375390E-2
1.945000E-8	4.323317E-2
1.950000E-8	4.268331E-2
1.955000E-8	4.209405E-2
1.960000E-8	4.144485E-2
1.965000E-8	4.079735E-2
1.970000E-8	4.020296E-2
1.975000E-8	3.967023E-2
1.980000E-8	3.917347E-2
1.985000E-8	3.871098E-2
1.990000E-8	3.826390E-2
1.995000E-8	3.789048E-2
2.000000E-8	3.767122E-2
2.005000E-8	3.756844E-2
2.010000E-8	3.748451E-2
2.015000E-8	3.739715E-2
2.020000E-8	3.729951E-2
2.025000E-8	3.717446E-2
2.030000E-8	3.701858E-2
2.035000E-8	3.685928E-2
2.040000E-8	3.668113E-2
2.045000E-8	3.651155E-2
2.050000E-8	3.637794E-2
2.055000E-8	3.625289E-2
2.060000E-8	3.610558E-2
2.065000E-8	3.600452E-2
2.070000E-8	3.597711E-2
2.075000E-8	3.598910E-2
2.080000E-8	3.603364E-2
2.085000E-8	3.611072E-2
2.090000E-8	3.615354E-2
2.095000E-8	3.618266E-2
2.100000E-8	3.627174E-2
2.105000E-8	3.638822E-2
2.110000E-8	3.641563E-2
2.115000E-8	3.636081E-2
2.120000E-8	3.629572E-2
2.125000E-8	3.623748E-2
2.130000E-8	3.615012E-2
2.135000E-8	3.604220E-2
2.140000E-8	3.592572E-2
2.145000E-8	3.582637E-2
2.150000E-8	3.576813E-2
2.155000E-8	3.571332E-2
2.160000E-8	3.562938E-2
2.165000E-8	3.555915E-2
2.170000E-8	3.553859E-2
2.175000E-8	3.549063E-2
2.180000E-8	3.538272E-2
2.185000E-8	3.529364E-2
2.190000E-8	3.521999E-2
2.195000E-8	3.507096E-2
2.200000E-8	3.484314E-2
2.205000E-8	3.462902E-2
2.210000E-8	3.445087E-2
2.215000E-8	3.425560E-2
2.220000E-8	3.404490E-2
2.225000E-8	3.385134E-2
2.230000E-8	3.370231E-2
2.235000E-8	3.361324E-2
2.240000E-8	3.356356E-2
2.245000E-8	3.352245E-2
2.250000E-8	3.349162E-2
2.255000E-8	3.347106E-2
2.260000E-8	3.344537E-2
2.265000E-8	3.339569E-2
2.270000E-8	3.334259E-2
2.275000E-8	3.329634E-2
2.280000E-8	3.325009E-2
2.285000E-8	3.320727E-2
2.290000E-8	3.318843E-2
2.295000E-8	3.320042E-2
2.300000E-8	3.325181E-2
2.305000E-8	3.337514E-2
2.310000E-8	3.353616E-2
2.315000E-8	3.366805E-2
2.320000E-8	3.375027E-2
2.325000E-8	3.379824E-2
2.330000E-8	3.381194E-2
2.335000E-8	3.379310E-2
2.340000E-8	3.371944E-2
2.345000E-8	3.360125E-2
2.350000E-8	3.350875E-2
2.355000E-8	3.347106E-2
2.360000E-8	3.339569E-2
2.365000E-8	3.323296E-2
2.370000E-8	3.308222E-2
2.375000E-8	3.301028E-2
2.380000E-8	3.297088E-2
2.385000E-8	3.292121E-2
2.390000E-8	3.286811E-2
2.395000E-8	3.279445E-2
2.400000E-8	3.266940E-2
2.405000E-8	3.252380E-2
2.410000E-8	3.238848E-2
2.415000E-8	3.226172E-2
2.420000E-8	3.212982E-2
2.425000E-8	3.199108E-2
2.430000E-8	3.186260E-2
2.435000E-8	3.176668E-2
2.440000E-8	3.172557E-2
2.445000E-8	3.174270E-2
2.450000E-8	3.180779E-2
2.455000E-8	3.192084E-2
2.460000E-8	3.209214E-2
2.465000E-8	3.230797E-2
2.470000E-8	3.253579E-2
2.475000E-8	3.275676E-2
2.480000E-8	3.296574E-2
2.485000E-8	3.314218E-2
2.490000E-8	3.328093E-2
2.495000E-8	3.340426E-2
2.500000E-8	3.349505E-2
2.505000E-8	3.353616E-2
2.510000E-8	3.356699E-2
2.515000E-8	3.360810E-2
2.520000E-8	3.365606E-2
2.525000E-8	3.371088E-2
2.530000E-8	3.380338E-2
2.535000E-8	3.392500E-2
2.540000E-8	3.403462E-2
2.545000E-8	3.411685E-2
2.550000E-8	3.418708E-2
2.555000E-8	3.424532E-2
2.560000E-8	3.423333E-2
2.565000E-8	3.412370E-2
2.570000E-8	3.396611E-2
2.575000E-8	3.380338E-2
2.580000E-8	3.359611E-2
2.585000E-8	3.335801E-2
2.590000E-8	3.314389E-2
2.595000E-8	3.296574E-2
2.600000E-8	3.278075E-2
2.605000E-8	3.260602E-2
2.610000E-8	3.250496E-2
2.615000E-8	3.246899E-2
2.620000E-8	3.249126E-2
2.625000E-8	3.255806E-2
2.630000E-8	3.263001E-2
2.635000E-8	3.270880E-2
2.640000E-8	3.280473E-2
2.645000E-8	3.288695E-2
2.650000E-8	3.292977E-2
2.655000E-8	3.296574E-2
2.660000E-8	3.302056E-2
2.665000E-8	3.308394E-2
2.670000E-8	3.315074E-2
2.675000E-8	3.324838E-2
2.680000E-8	3.336144E-2
2.685000E-8	3.348477E-2
2.690000E-8	3.362180E-2
2.695000E-8	3.376912E-2
2.700000E-8	3.388731E-2
2.705000E-8	3.395240E-2
2.710000E-8	3.395925E-2
2.715000E-8	3.391986E-2
2.720000E-8	3.383250E-2
2.725000E-8	3.371259E-2
2.730000E-8	3.355157E-2
2.735000E-8	3.336657E-2
2.740000E-8	3.319185E-2
2.745000E-8	3.306167E-2
2.750000E-8	3.296917E-2
2.755000E-8	3.290408E-2
2.760000E-8	3.285440E-2
2.765000E-8	3.282357E-2
2.770000E-8	3.281158E-2
2.775000E-8	3.280130E-2
2.780000E-8	3.277903E-2
2.785000E-8	3.274306E-2
2.790000E-8	3.268139E-2
2.795000E-8	3.259575E-2
2.800000E-8	3.248440E-2
2.805000E-8	3.234394E-2
2.810000E-8	3.215381E-2
2.815000E-8	3.193969E-2
2.820000E-8	3.174098E-2
2.825000E-8	3.157483E-2
2.830000E-8	3.144807E-2
2.835000E-8	3.139839E-2
2.840000E-8	3.142066E-2
2.845000E-8	3.148062E-2
2.850000E-8	3.156798E-2
2.855000E-8	3.168960E-2
2.860000E-8	3.183691E-2
2.865000E-8	3.196709E-2
2.870000E-8	3.207672E-2
2.875000E-8	3.215381E-2
2.880000E-8	3.217436E-2
2.885000E-8	3.212982E-2
2.890000E-8	3.204760E-2
2.895000E-8	3.194996E-2
2.900000E-8	3.185404E-2
2.905000E-8	3.174955E-2
2.910000E-8	3.167761E-2
2.915000E-8	3.165362E-2
2.920000E-8	3.166048E-2
2.925000E-8	3.166904E-2
2.930000E-8	3.168960E-2
2.935000E-8	3.171872E-2
2.940000E-8	3.172043E-2
2.945000E-8	3.167075E-2
2.950000E-8	3.161251E-2
2.955000E-8	3.156798E-2
2.960000E-8	3.150117E-2
2.965000E-8	3.142066E-2
2.970000E-8	3.134015E-2
2.975000E-8	3.123395E-2
2.980000E-8	3.109349E-2
2.985000E-8	3.096844E-2
2.990000E-8	3.085368E-2
2.995000E-8	3.072007E-2
3.000000E-8	3.059845E-2
3.005000E-8	3.048539E-2
3.010000E-8	3.034836E-2
3.015000E-8	3.020961E-2
3.020000E-8	3.010854E-2
3.025000E-8	3.001262E-2
3.030000E-8	2.993040E-2
3.035000E-8	2.990470E-2
3.040000E-8	2.994239E-2
3.045000E-8	3.001090E-2
3.050000E-8	3.011711E-2
3.055000E-8	3.026613E-2
3.060000E-8	3.040488E-2
3.065000E-8	3.052308E-2
3.070000E-8	3.066525E-2
3.075000E-8	3.080914E-2
3.080000E-8	3.090678E-2
3.085000E-8	3.097530E-2
3.090000E-8	3.104724E-2
3.095000E-8	3.110377E-2
3.100000E-8	3.110377E-2
3.105000E-8	3.107293E-2
3.110000E-8	3.105067E-2
3.115000E-8	3.103867E-2
3.120000E-8	3.101127E-2
3.125000E-8	3.095645E-2
3.130000E-8	3.089993E-2
3.135000E-8	3.083826E-2
3.140000E-8	3.078173E-2
3.145000E-8	3.074062E-2
3.150000E-8	3.069951E-2
3.155000E-8	3.062757E-2
3.160000E-8	3.054535E-2
3.165000E-8	3.048025E-2
3.170000E-8	3.041002E-2
3.175000E-8	3.033123E-2
3.180000E-8	3.028498E-2
3.185000E-8	3.027127E-2
3.190000E-8	3.025072E-2
3.195000E-8	3.021817E-2
3.200000E-8	3.020447E-2
3.205000E-8	3.020789E-2
3.210000E-8	3.020276E-2
3.215000E-8	3.018734E-2
3.220000E-8	3.016164E-2
3.225000E-8	3.012910E-2
3.230000E-8	3.009484E-2
3.235000E-8	3.005202E-2
3.240000E-8	2.998692E-2
3.245000E-8	2.990984E-2
3.250000E-8	2.984132E-2
3.255000E-8	2.979850E-2
3.260000E-8	2.977109E-2
3.265000E-8	2.973341E-2
3.270000E-8	2.970600E-2
3.275000E-8	2.971628E-2
3.280000E-8	2.978651E-2
3.285000E-8	2.989271E-2
3.290000E-8	2.999549E-2
3.295000E-8	3.007942E-2
3.300000E-8	3.015822E-2
3.305000E-8	3.023188E-2
3.310000E-8	3.030039E-2
3.315000E-8	3.033979E-2
3.320000E-8	3.034664E-2
3.325000E-8	3.033294E-2
3.330000E-8	3.027127E-2
3.335000E-8	3.016164E-2
3.340000E-8	3.004688E-2
3.345000E-8	2.992012E-2
3.350000E-8	2.975568E-2
3.355000E-8	2.957239E-2
3.360000E-8	2.940623E-2
3.365000E-8	2.925378E-2
3.370000E-8	2.909619E-2
3.375000E-8	2.894716E-2
3.380000E-8	2.882897E-2
3.385000E-8	2.874675E-2
3.390000E-8	2.871420E-2
3.395000E-8	2.873304E-2
3.400000E-8	2.879128E-2
3.405000E-8	2.889064E-2
3.410000E-8	2.901225E-2
3.415000E-8	2.911161E-2
3.420000E-8	2.919040E-2
3.425000E-8	2.927776E-2
3.430000E-8	2.934971E-2
3.435000E-8	2.938225E-2
3.440000E-8	2.941309E-2
3.445000E-8	2.945591E-2
3.450000E-8	2.946619E-2
3.455000E-8	2.944049E-2
3.460000E-8	2.941480E-2
3.465000E-8	2.937883E-2
3.470000E-8	2.933086E-2
3.475000E-8	2.931031E-2
3.480000E-8	2.930346E-2
3.485000E-8	2.929147E-2
3.490000E-8	2.928804E-2
3.495000E-8	2.929147E-2
3.500000E-8	2.927434E-2
3.505000E-8	2.923836E-2
3.510000E-8	2.919211E-2
3.515000E-8	2.913901E-2
3.520000E-8	2.908420E-2
3.525000E-8	2.903966E-2
3.530000E-8	2.898485E-2
3.535000E-8	2.891804E-2
3.540000E-8	2.888550E-2
3.545000E-8	2.890091E-2
3.550000E-8	2.893346E-2
3.555000E-8	2.896943E-2
3.560000E-8	2.898313E-2
3.565000E-8	2.896087E-2
3.570000E-8	2.890434E-2
3.575000E-8	2.882383E-2
3.580000E-8	2.872105E-2
3.585000E-8	2.860115E-2
3.590000E-8	2.846069E-2
3.595000E-8	2.831851E-2
3.600000E-8	2.816777E-2
3.605000E-8	2.803073E-2
3.610000E-8	2.794166E-2
3.615000E-8	2.791083E-2
3.620000E-8	2.793310E-2
3.625000E-8	2.798791E-2
3.630000E-8	2.808897E-2
3.635000E-8	2.822772E-2
3.640000E-8	2.836990E-2
3.645000E-8	2.849323E-2
3.650000E-8	2.860971E-2
3.655000E-8	2.869365E-2
3.660000E-8	2.873133E-2
3.665000E-8	2.875360E-2
3.670000E-8	2.877244E-2
3.675000E-8	2.876730E-2
3.680000E-8	2.873990E-2
3.685000E-8	2.872105E-2
3.690000E-8	2.871934E-2
3.695000E-8	2.872791E-2
3.700000E-8	2.875531E-2
3.705000E-8	2.878272E-2
3.710000E-8	2.877758E-2
3.715000E-8	2.873990E-2
3.720000E-8	2.868337E-2
3.725000E-8	2.859430E-2
3.730000E-8	2.846925E-2
3.735000E-8	2.833564E-2
3.740000E-8	2.820546E-2
3.745000E-8	2.807356E-2
3.750000E-8	2.795536E-2
3.755000E-8	2.785430E-2
3.760000E-8	2.777208E-2
3.765000E-8	2.769328E-2
3.770000E-8	2.762990E-2
3.775000E-8	2.758365E-2
3.780000E-8	2.756995E-2
3.785000E-8	2.759222E-2
3.790000E-8	2.763847E-2
3.795000E-8	2.769500E-2
3.800000E-8	2.775495E-2
3.805000E-8	2.781490E-2
3.810000E-8	2.788000E-2
3.815000E-8	2.796393E-2
3.820000E-8	2.804786E-2
3.825000E-8	2.810268E-2
3.830000E-8	2.812323E-2
3.835000E-8	2.811124E-2
3.840000E-8	2.807356E-2
3.845000E-8	2.800161E-2
3.850000E-8	2.790226E-2
3.855000E-8	2.778236E-2
3.860000E-8	2.765902E-2
3.865000E-8	2.755453E-2
3.870000E-8	2.747745E-2
3.875000E-8	2.741750E-2
3.880000E-8	2.739352E-2
3.885000E-8	2.741579E-2
3.890000E-8	2.746032E-2
3.895000E-8	2.751685E-2
3.900000E-8	2.757680E-2
3.905000E-8	2.764361E-2
3.910000E-8	2.772583E-2
3.915000E-8	2.780120E-2
3.920000E-8	2.783717E-2
3.925000E-8	2.782004E-2
3.930000E-8	2.776351E-2
3.935000E-8	2.764875E-2
3.940000E-8	2.749458E-2
3.945000E-8	2.734213E-2
3.950000E-8	2.719824E-2
3.955000E-8	2.703551E-2
3.960000E-8	2.686764E-2
3.965000E-8	2.674945E-2
3.970000E-8	2.669977E-2
3.975000E-8	2.669292E-2
3.980000E-8	2.673232E-2
3.985000E-8	2.683681E-2
3.990000E-8	2.699611E-2
3.995000E-8	2.716912E-2
4.000000E-8	2.734727E-2
4.005000E-8	2.750828E-2
4.010000E-8	2.763504E-2
4.015000E-8	2.771041E-2
4.020000E-8	2.773439E-2
4.025000E-8	2.769500E-2
4.030000E-8	2.759222E-2
4.035000E-8	2.746204E-2
4.040000E-8	2.734727E-2
4.045000E-8	2.725134E-2
4.050000E-8	2.715370E-2
4.055000E-8	2.708347E-2
4.060000E-8	2.706463E-2
4.065000E-8	2.709546E-2
4.070000E-8	2.714685E-2
4.075000E-8	2.721366E-2
4.080000E-8	2.729930E-2
4.085000E-8	2.738153E-2
4.090000E-8	2.743977E-2
4.095000E-8	2.746204E-2
4.100000E-8	2.743634E-2
4.105000E-8	2.735755E-2
4.110000E-8	2.722565E-2
4.115000E-8	2.705264E-2
4.120000E-8	2.687278E-2
4.125000E-8	2.669635E-2
4.130000E-8	2.653019E-2
4.135000E-8	2.639144E-2
4.140000E-8	2.628524E-2
4.145000E-8	2.623899E-2
4.150000E-8	2.626468E-2
4.155000E-8	2.635547E-2
4.160000E-8	2.648565E-2
4.165000E-8	2.662440E-2
4.170000E-8	2.675287E-2
4.175000E-8	2.685565E-2
4.180000E-8	2.691218E-2
4.185000E-8	2.692588E-2
4.190000E-8	2.688648E-2
4.195000E-8	2.681283E-2
4.200000E-8	2.671690E-2
4.205000E-8	2.661926E-2
4.210000E-8	2.651649E-2
4.215000E-8	2.644283E-2
4.220000E-8	2.641714E-2
4.225000E-8	2.643598E-2
4.230000E-8	2.649251E-2
4.235000E-8	2.658329E-2
4.240000E-8	2.670320E-2
4.245000E-8	2.682482E-2
4.250000E-8	2.690361E-2
4.255000E-8	2.692246E-2
4.260000E-8	2.689162E-2
4.265000E-8	2.682482E-2
4.270000E-8	2.673574E-2
4.275000E-8	2.664153E-2
4.280000E-8	2.653362E-2
4.285000E-8	2.640686E-2
4.290000E-8	2.628524E-2
4.295000E-8	2.620816E-2
4.300000E-8	2.617218E-2
4.305000E-8	2.615505E-2
4.310000E-8	2.615677E-2
4.315000E-8	2.618417E-2
4.320000E-8	2.622186E-2
4.325000E-8	2.624413E-2
4.330000E-8	2.623728E-2
4.335000E-8	2.619445E-2
4.340000E-8	2.612251E-2
4.345000E-8	2.603515E-2
4.350000E-8	2.593580E-2
4.355000E-8	2.584330E-2
4.360000E-8	2.577478E-2
4.365000E-8	2.574223E-2
4.370000E-8	2.573709E-2
4.375000E-8	2.577307E-2
4.380000E-8	2.584672E-2
4.385000E-8	2.592381E-2
4.390000E-8	2.599746E-2
4.395000E-8	2.606084E-2
4.400000E-8	2.612080E-2
4.405000E-8	2.616362E-2
4.410000E-8	2.618246E-2
4.415000E-8	2.617561E-2
4.420000E-8	2.613792E-2
4.425000E-8	2.607968E-2
4.430000E-8	2.600089E-2
4.435000E-8	2.590325E-2
4.440000E-8	2.580390E-2
4.445000E-8	2.571825E-2
4.450000E-8	2.563603E-2
4.455000E-8	2.557436E-2
4.460000E-8	2.555895E-2
4.465000E-8	2.557436E-2
4.470000E-8	2.558978E-2
4.475000E-8	2.560177E-2
4.480000E-8	2.561376E-2
4.485000E-8	2.562233E-2
4.490000E-8	2.560520E-2
4.495000E-8	2.555895E-2
4.500000E-8	2.549043E-2
4.505000E-8	2.539964E-2
4.510000E-8	2.528488E-2
4.515000E-8	2.516326E-2
4.520000E-8	2.506391E-2
4.525000E-8	2.497997E-2
4.530000E-8	2.489090E-2
4.535000E-8	2.481724E-2
4.540000E-8	2.478469E-2
4.545000E-8	2.479326E-2
4.550000E-8	2.482067E-2
4.555000E-8	2.485664E-2
4.560000E-8	2.489946E-2
4.565000E-8	2.493372E-2
4.570000E-8	2.495770E-2
4.575000E-8	2.498168E-2
4.580000E-8	2.501080E-2
4.585000E-8	2.502965E-2
4.590000E-8	2.503992E-2
4.595000E-8	2.505534E-2
4.600000E-8	2.507418E-2
4.605000E-8	2.507247E-2
4.610000E-8	2.505534E-2
4.615000E-8	2.505705E-2
4.620000E-8	2.508103E-2
4.625000E-8	2.511187E-2
4.630000E-8	2.515640E-2
4.635000E-8	2.521978E-2
4.640000E-8	2.527631E-2
4.645000E-8	2.530886E-2
4.650000E-8	2.532599E-2
4.655000E-8	2.532770E-2
4.660000E-8	2.532256E-2
4.665000E-8	2.533455E-2
4.670000E-8	2.536538E-2
4.675000E-8	2.537909E-2
4.680000E-8	2.534312E-2
4.685000E-8	2.526432E-2
4.690000E-8	2.517182E-2
4.695000E-8	2.507247E-2
4.700000E-8	2.496455E-2
4.705000E-8	2.483094E-2
4.710000E-8	2.469562E-2
4.715000E-8	2.458428E-2
4.720000E-8	2.449521E-2
4.725000E-8	2.443868E-2
4.730000E-8	2.442840E-2
4.735000E-8	2.446266E-2
4.740000E-8	2.450720E-2
4.745000E-8	2.456544E-2
4.750000E-8	2.462710E-2
4.755000E-8	2.466479E-2
4.760000E-8	2.467849E-2
4.765000E-8	2.468706E-2
4.770000E-8	2.468020E-2
4.775000E-8	2.463395E-2
4.780000E-8	2.455687E-2
4.785000E-8	2.447808E-2
4.790000E-8	2.440613E-2
4.795000E-8	2.434960E-2
4.800000E-8	2.432391E-2
4.805000E-8	2.433076E-2
4.810000E-8	2.435988E-2
4.815000E-8	2.441641E-2
4.820000E-8	2.450034E-2
4.825000E-8	2.460141E-2
4.830000E-8	2.470590E-2
4.835000E-8	2.479668E-2
4.840000E-8	2.486006E-2
4.845000E-8	2.488576E-2
4.850000E-8	2.490117E-2
4.855000E-8	2.488576E-2
4.860000E-8	2.482752E-2
4.865000E-8	2.474187E-2
4.870000E-8	2.465108E-2
4.875000E-8	2.455173E-2
4.880000E-8	2.444210E-2
4.885000E-8	2.433933E-2
4.890000E-8	2.425711E-2
4.895000E-8	2.419030E-2
4.900000E-8	2.412178E-2
4.905000E-8	2.403785E-2
4.910000E-8	2.395905E-2
4.915000E-8	2.390424E-2
4.920000E-8	2.386484E-2
4.925000E-8	2.381345E-2
4.930000E-8	2.374151E-2
4.935000E-8	2.368155E-2
4.940000E-8	2.366956E-2
4.945000E-8	2.369183E-2
4.950000E-8	2.373637E-2
4.955000E-8	2.379461E-2
4.960000E-8	2.387340E-2
4.965000E-8	2.395391E-2
4.970000E-8	2.402928E-2
4.975000E-8	2.410123E-2
4.980000E-8	2.417660E-2
4.985000E-8	2.424511E-2
4.990000E-8	2.430164E-2
4.995000E-8	2.434960E-2
5.000000E-8	2.438044E-2
5.005000E-8	2.439243E-2
5.010000E-8	2.439757E-2
5.015000E-8	2.437530E-2
5.020000E-8	2.434618E-2
5.025000E-8	2.432562E-2
5.030000E-8	2.432048E-2
5.035000E-8	2.431535E-2
5.040000E-8	2.431021E-2
5.045000E-8	2.430336E-2
5.050000E-8	2.427937E-2
5.055000E-8	2.423312E-2
5.060000E-8	2.418174E-2
5.065000E-8	2.413206E-2
5.070000E-8	2.407211E-2
5.075000E-8	2.401215E-2
5.080000E-8	2.395905E-2
5.085000E-8	2.391280E-2
5.090000E-8	2.385799E-2
5.095000E-8	2.379461E-2
5.100000E-8	2.374493E-2
5.105000E-8	2.371924E-2
5.110000E-8	2.370040E-2
5.115000E-8	2.367128E-2
5.120000E-8	2.365243E-2
5.125000E-8	2.363873E-2
5.130000E-8	2.361475E-2
5.135000E-8	2.356850E-2
5.140000E-8	2.351711E-2
5.145000E-8	2.346744E-2
5.150000E-8	2.343489E-2
5.155000E-8	2.342632E-2
5.160000E-8	2.343660E-2
5.165000E-8	2.344859E-2
5.170000E-8	2.346401E-2
5.175000E-8	2.347086E-2
5.180000E-8	2.347429E-2
5.185000E-8	2.348285E-2
5.190000E-8	2.348799E-2
5.195000E-8	2.347257E-2
5.200000E-8	2.344859E-2
5.205000E-8	2.342290E-2
5.210000E-8	2.337665E-2
5.215000E-8	2.332183E-2
5.220000E-8	2.327559E-2
5.225000E-8	2.324304E-2
5.230000E-8	2.321049E-2
5.235000E-8	2.318994E-2
5.240000E-8	2.320707E-2
5.245000E-8	2.324818E-2
5.250000E-8	2.329443E-2
5.255000E-8	2.332526E-2
5.260000E-8	2.332869E-2
5.265000E-8	2.330984E-2
5.270000E-8	2.325332E-2
5.275000E-8	2.316767E-2
5.280000E-8	2.307517E-2
5.285000E-8	2.300323E-2
5.290000E-8	2.294670E-2
5.295000E-8	2.289874E-2
5.300000E-8	2.286790E-2
5.305000E-8	2.284392E-2
5.310000E-8	2.282679E-2
5.315000E-8	2.282337E-2
5.320000E-8	2.282851E-2
5.325000E-8	2.282337E-2
5.330000E-8	2.281823E-2
5.335000E-8	2.281823E-2
5.340000E-8	2.282337E-2
5.345000E-8	2.281994E-2
5.350000E-8	2.282508E-2
5.355000E-8	2.284563E-2
5.360000E-8	2.287818E-2
5.365000E-8	2.292100E-2
5.370000E-8	2.297411E-2
5.375000E-8	2.303406E-2
5.380000E-8	2.312142E-2
5.385000E-8	2.322591E-2
5.390000E-8	2.330813E-2
5.395000E-8	2.334753E-2
5.400000E-8	2.336808E-2
5.405000E-8	2.336808E-2
5.410000E-8	2.330984E-2
5.415000E-8	2.320364E-2
5.420000E-8	2.310600E-2
5.425000E-8	2.302721E-2
5.430000E-8	2.294499E-2
5.435000E-8	2.287818E-2
5.440000E-8	2.285249E-2
5.445000E-8	2.285420E-2
5.450000E-8	2.287475E-2
5.455000E-8	2.291415E-2
5.460000E-8	2.297753E-2
5.465000E-8	2.302892E-2
5.470000E-8	2.304434E-2
5.475000E-8	2.302892E-2
5.480000E-8	2.300494E-2
5.485000E-8	2.296554E-2
5.490000E-8	2.289531E-2
5.495000E-8	2.280966E-2
5.500000E-8	2.275827E-2
5.505000E-8	2.272402E-2
5.510000E-8	2.267605E-2
5.515000E-8	2.265378E-2
5.520000E-8	2.269147E-2
5.525000E-8	2.273772E-2
5.530000E-8	2.274457E-2
5.535000E-8	2.272915E-2
5.540000E-8	2.273258E-2
5.545000E-8	2.275827E-2
5.550000E-8	2.278739E-2
5.555000E-8	2.280452E-2
5.560000E-8	2.283364E-2
5.565000E-8	2.286790E-2
5.570000E-8	2.289531E-2
5.575000E-8	2.293471E-2
5.580000E-8	2.297411E-2
5.585000E-8	2.298267E-2
5.590000E-8	2.295355E-2
5.595000E-8	2.292272E-2
5.600000E-8	2.288503E-2
5.605000E-8	2.280795E-2
5.610000E-8	2.270860E-2
5.615000E-8	2.262124E-2
5.620000E-8	2.254244E-2
5.625000E-8	2.246022E-2
5.630000E-8	2.237286E-2
5.635000E-8	2.229235E-2
5.640000E-8	2.223582E-2
5.645000E-8	2.219129E-2
5.650000E-8	2.215189E-2
5.655000E-8	2.213647E-2
5.660000E-8	2.215532E-2
5.665000E-8	2.217587E-2
5.670000E-8	2.220842E-2
5.675000E-8	2.228893E-2
5.680000E-8	2.239170E-2
5.685000E-8	2.246022E-2
5.690000E-8	2.249105E-2
5.695000E-8	2.252360E-2
5.700000E-8	2.255101E-2
5.705000E-8	2.255615E-2
5.710000E-8	2.254929E-2
5.715000E-8	2.252874E-2
5.720000E-8	2.248078E-2
5.725000E-8	2.240883E-2
5.730000E-8	2.233004E-2
5.735000E-8	2.225124E-2
5.740000E-8	2.214161E-2
5.745000E-8	2.201485E-2
5.750000E-8	2.188810E-2
5.755000E-8	2.175277E-2
5.760000E-8	2.161745E-2
5.765000E-8	2.150611E-2
5.770000E-8	2.142389E-2
5.775000E-8	2.134852E-2
5.780000E-8	2.130227E-2
5.785000E-8	2.130569E-2
5.790000E-8	2.133824E-2
5.795000E-8	2.138278E-2
5.800000E-8	2.144273E-2
5.805000E-8	2.150268E-2
5.810000E-8	2.152838E-2
5.815000E-8	2.153009E-2
5.820000E-8	2.152838E-2
5.825000E-8	2.152838E-2
5.830000E-8	2.152666E-2
5.835000E-8	2.154037E-2
5.840000E-8	2.158833E-2
5.845000E-8	2.166370E-2
5.850000E-8	2.174249E-2
5.855000E-8	2.181101E-2
5.860000E-8	2.188124E-2
5.865000E-8	2.194120E-2
5.870000E-8	2.195147E-2
5.875000E-8	2.191379E-2
5.880000E-8	2.185898E-2
5.885000E-8	2.179217E-2
5.890000E-8	2.173050E-2
5.895000E-8	2.168597E-2
5.900000E-8	2.165171E-2
5.905000E-8	2.162944E-2
5.910000E-8	2.165000E-2
5.915000E-8	2.170481E-2
5.920000E-8	2.175620E-2
5.925000E-8	2.180416E-2
5.930000E-8	2.184185E-2
5.935000E-8	2.184698E-2
5.940000E-8	2.183671E-2
5.945000E-8	2.182643E-2
5.950000E-8	2.179560E-2
5.955000E-8	2.174592E-2
5.960000E-8	2.169967E-2
5.965000E-8	2.167398E-2
5.970000E-8	2.164828E-2
5.975000E-8	2.162773E-2
5.980000E-8	2.162088E-2
5.985000E-8	2.162944E-2
5.990000E-8	2.164314E-2
5.995000E-8	2.165856E-2
6.000000E-8	2.167569E-2
6.005000E-8	2.168597E-2
6.010000E-8	2.165513E-2
6.015000E-8	2.159347E-2
6.020000E-8	2.150268E-2
6.025000E-8	2.139134E-2
6.030000E-8	2.126972E-2
6.035000E-8	2.116009E-2
6.040000E-8	2.107444E-2
6.045000E-8	2.102306E-2
6.050000E-8	2.100079E-2
6.055000E-8	2.101278E-2
6.060000E-8	2.108130E-2
6.065000E-8	2.119435E-2
6.070000E-8	2.132111E-2
6.075000E-8	2.143759E-2
6.080000E-8	2.154208E-2
6.085000E-8	2.162259E-2
6.090000E-8	2.167055E-2
6.095000E-8	2.168768E-2
6.100000E-8	2.166884E-2
6.105000E-8	2.161745E-2
6.110000E-8	2.156092E-2
6.115000E-8	2.151467E-2
6.120000E-8	2.149754E-2
6.125000E-8	2.150782E-2
6.130000E-8	2.153694E-2
6.135000E-8	2.159176E-2
6.140000E-8	2.168083E-2
6.145000E-8	2.178018E-2
6.150000E-8	2.185041E-2
6.155000E-8	2.190694E-2
6.160000E-8	2.196175E-2
6.165000E-8	2.197717E-2
6.170000E-8	2.193777E-2
6.175000E-8	2.186069E-2
6.180000E-8	2.175106E-2
6.185000E-8	2.160717E-2
6.190000E-8	2.144787E-2
6.195000E-8	2.129542E-2
6.200000E-8	2.115495E-2
6.205000E-8	2.102306E-2
6.210000E-8	2.090658E-2
6.215000E-8	2.083292E-2
6.220000E-8	2.081065E-2
6.225000E-8	2.083634E-2
6.230000E-8	2.089801E-2
6.235000E-8	2.098708E-2
6.240000E-8	2.108301E-2
6.245000E-8	2.117551E-2
6.250000E-8	2.125430E-2
6.255000E-8	2.129884E-2
6.260000E-8	2.130741E-2
6.265000E-8	2.129028E-2
6.270000E-8	2.124574E-2
6.275000E-8	2.115495E-2
6.280000E-8	2.103162E-2
6.285000E-8	2.088602E-2
6.290000E-8	2.073871E-2
6.295000E-8	2.058625E-2
6.300000E-8	2.041838E-2
6.305000E-8	2.025394E-2
6.310000E-8	2.013917E-2
6.315000E-8	2.008265E-2
6.320000E-8	2.009292E-2
6.325000E-8	2.015630E-2
6.330000E-8	2.026251E-2
6.335000E-8	2.040297E-2
6.340000E-8	2.057084E-2
6.345000E-8	2.076954E-2
6.350000E-8	2.096310E-2
6.355000E-8	2.112583E-2
6.360000E-8	2.125088E-2
6.365000E-8	2.134852E-2
6.370000E-8	2.140333E-2
6.375000E-8	2.140162E-2
6.380000E-8	2.136051E-2
6.385000E-8	2.129884E-2
6.390000E-8	2.120120E-2
6.395000E-8	2.107273E-2
6.400000E-8	2.095625E-2
6.405000E-8	2.085005E-2
6.410000E-8	2.073871E-2
6.415000E-8	2.064107E-2
6.420000E-8	2.059482E-2
6.425000E-8	2.060338E-2
6.430000E-8	2.064621E-2
6.435000E-8	2.071472E-2
6.440000E-8	2.079181E-2
6.445000E-8	2.086033E-2
6.450000E-8	2.092713E-2
6.455000E-8	2.098537E-2
6.460000E-8	2.101107E-2
6.465000E-8	2.099736E-2
6.470000E-8	2.095796E-2
6.475000E-8	2.089630E-2
6.480000E-8	2.082264E-2
6.485000E-8	2.074898E-2
6.490000E-8	2.067704E-2
6.495000E-8	2.061366E-2
6.500000E-8	2.056399E-2
6.505000E-8	2.050917E-2
6.510000E-8	2.044065E-2
6.515000E-8	2.038413E-2
6.520000E-8	2.035158E-2
6.525000E-8	2.032417E-2
6.530000E-8	2.027964E-2
6.535000E-8	2.023339E-2
6.540000E-8	2.020940E-2
6.545000E-8	2.019399E-2
6.550000E-8	2.015973E-2
6.555000E-8	2.012718E-2
6.560000E-8	2.011862E-2
6.565000E-8	2.012718E-2
6.570000E-8	2.015288E-2
6.575000E-8	2.019570E-2
6.580000E-8	2.025565E-2
6.585000E-8	2.030362E-2
6.590000E-8	2.033102E-2
6.595000E-8	2.036186E-2
6.600000E-8	2.039098E-2
6.605000E-8	2.041153E-2
6.610000E-8	2.041496E-2
6.615000E-8	2.039954E-2
6.620000E-8	2.037556E-2
6.625000E-8	2.035158E-2
6.630000E-8	2.032589E-2
6.635000E-8	2.029848E-2
6.640000E-8	2.028306E-2
6.645000E-8	2.027964E-2
6.650000E-8	2.027107E-2
6.655000E-8	2.025052E-2
6.660000E-8	2.021454E-2
6.665000E-8	2.014260E-2
6.670000E-8	2.003640E-2
6.675000E-8	1.991992E-2
6.680000E-8	1.981029E-2
6.685000E-8	1.970066E-2
6.690000E-8	1.959446E-2
6.695000E-8	1.951395E-2
6.700000E-8	1.947284E-2
6.705000E-8	1.946256E-2
6.710000E-8	1.949168E-2
6.715000E-8	1.958418E-2
6.720000E-8	1.973492E-2
6.725000E-8	1.989936E-2
6.730000E-8	2.006038E-2
6.735000E-8	2.019913E-2
6.740000E-8	2.030190E-2
6.745000E-8	2.034987E-2
6.750000E-8	2.034644E-2
6.755000E-8	2.029505E-2
6.760000E-8	2.019228E-2
6.765000E-8	2.003640E-2
6.770000E-8	1.985311E-2
6.775000E-8	1.967325E-2
6.780000E-8	1.952936E-2
6.785000E-8	1.942316E-2
6.790000E-8	1.934608E-2
6.795000E-8	1.931182E-2
6.800000E-8	1.933409E-2
6.805000E-8	1.941117E-2
6.810000E-8	1.951223E-2
6.815000E-8	1.961672E-2
6.820000E-8	1.972978E-2
6.825000E-8	1.985311E-2
6.830000E-8	1.995418E-2
6.835000E-8	2.000042E-2
6.840000E-8	2.000385E-2
6.845000E-8	1.998672E-2
6.850000E-8	1.995246E-2
6.855000E-8	1.990964E-2
6.860000E-8	1.989593E-2
6.865000E-8	1.989936E-2
6.870000E-8	1.990107E-2
6.875000E-8	1.992334E-2
6.880000E-8	1.995760E-2
6.885000E-8	1.997130E-2
6.890000E-8	1.996103E-2
6.895000E-8	1.993705E-2
6.900000E-8	1.988566E-2
6.905000E-8	1.980686E-2
6.910000E-8	1.972635E-2
6.915000E-8	1.965098E-2
6.920000E-8	1.955677E-2
6.925000E-8	1.944200E-2
6.930000E-8	1.934265E-2
6.935000E-8	1.930497E-2
6.940000E-8	1.933237E-2
6.945000E-8	1.940774E-2
6.950000E-8	1.950710E-2
6.955000E-8	1.963385E-2
6.960000E-8	1.977260E-2
6.965000E-8	1.988737E-2
6.970000E-8	1.995418E-2
6.975000E-8	1.997816E-2
6.980000E-8	1.995589E-2
6.985000E-8	1.987881E-2
6.990000E-8	1.975376E-2
6.995000E-8	1.958075E-2
7.000000E-8	1.938548E-2
7.005000E-8	1.920733E-2
7.010000E-8	1.905488E-2
7.015000E-8	1.890756E-2
7.020000E-8	1.875854E-2
7.025000E-8	1.861807E-2
7.030000E-8	1.851872E-2
7.035000E-8	1.847247E-2
7.040000E-8	1.846905E-2
7.045000E-8	1.848446E-2
7.050000E-8	1.853585E-2
7.055000E-8	1.864719E-2
7.060000E-8	1.879965E-2
7.065000E-8	1.896752E-2
7.070000E-8	1.913710E-2
7.075000E-8	1.929983E-2
7.080000E-8	1.944543E-2
7.085000E-8	1.956876E-2
7.090000E-8	1.966469E-2
7.095000E-8	1.974177E-2
7.100000E-8	1.979316E-2
7.105000E-8	1.981371E-2
7.110000E-8	1.979316E-2
7.115000E-8	1.975376E-2
7.120000E-8	1.970922E-2
7.125000E-8	1.966983E-2
7.130000E-8	1.962871E-2
7.135000E-8	1.959446E-2
7.140000E-8	1.956876E-2
7.145000E-8	1.954649E-2
7.150000E-8	1.951052E-2
7.155000E-8	1.945399E-2
7.160000E-8	1.939404E-2
7.165000E-8	1.933580E-2
7.170000E-8	1.926900E-2
7.175000E-8	1.919534E-2
7.180000E-8	1.911654E-2
7.185000E-8	1.904117E-2
7.190000E-8	1.897094E-2
7.195000E-8	1.890585E-2
7.200000E-8	1.885446E-2
7.205000E-8	1.882363E-2
7.210000E-8	1.880992E-2
7.215000E-8	1.879965E-2
7.220000E-8	1.880479E-2
7.225000E-8	1.883733E-2
7.230000E-8	1.887502E-2
7.235000E-8	1.890071E-2
7.240000E-8	1.890928E-2
7.245000E-8	1.892127E-2
7.250000E-8	1.893668E-2
7.255000E-8	1.896409E-2
7.260000E-8	1.899321E-2
7.265000E-8	1.901890E-2
7.270000E-8	1.906515E-2
7.275000E-8	1.911140E-2
7.280000E-8	1.912682E-2
7.285000E-8	1.911312E-2
7.290000E-8	1.909941E-2
7.295000E-8	1.908400E-2
7.300000E-8	1.905659E-2
7.305000E-8	1.902062E-2
7.310000E-8	1.898978E-2
7.315000E-8	1.894867E-2
7.320000E-8	1.887673E-2
7.325000E-8	1.878937E-2
7.330000E-8	1.871229E-2
7.335000E-8	1.866432E-2
7.340000E-8	1.862493E-2
7.345000E-8	1.857868E-2
7.350000E-8	1.853243E-2
7.355000E-8	1.848104E-2
7.360000E-8	1.842108E-2
7.365000E-8	1.835771E-2
7.370000E-8	1.831488E-2
7.375000E-8	1.831146E-2
7.380000E-8	1.836284E-2
7.385000E-8	1.846220E-2
7.390000E-8	1.861122E-2
7.395000E-8	1.881506E-2
7.400000E-8	1.903432E-2
7.405000E-8	1.922960E-2
7.410000E-8	1.939404E-2
7.415000E-8	1.952080E-2
7.420000E-8	1.957390E-2
7.425000E-8	1.954478E-2
7.430000E-8	1.946941E-2
7.435000E-8	1.933580E-2
7.440000E-8	1.913881E-2
7.445000E-8	1.892812E-2
7.450000E-8	1.874826E-2
7.455000E-8	1.859581E-2
7.460000E-8	1.849645E-2
7.465000E-8	1.848446E-2
7.470000E-8	1.853585E-2
7.475000E-8	1.862150E-2
7.480000E-8	1.874141E-2
7.485000E-8	1.887502E-2
7.490000E-8	1.897265E-2
7.495000E-8	1.902747E-2
7.500000E-8	1.908057E-2
7.505000E-8	1.910969E-2
7.510000E-8	1.907714E-2
7.515000E-8	1.900691E-2
7.520000E-8	1.893840E-2
7.525000E-8	1.887330E-2
7.530000E-8	1.879451E-2
7.535000E-8	1.873798E-2
7.540000E-8	1.872085E-2
7.545000E-8	1.872942E-2
7.550000E-8	1.874483E-2
7.555000E-8	1.876881E-2
7.560000E-8	1.878423E-2
7.565000E-8	1.879793E-2
7.570000E-8	1.880650E-2
7.575000E-8	1.881164E-2
7.580000E-8	1.880136E-2
7.585000E-8	1.877909E-2
7.590000E-8	1.875340E-2
7.595000E-8	1.871400E-2
7.600000E-8	1.866604E-2
7.605000E-8	1.861465E-2
7.610000E-8	1.856326E-2
7.615000E-8	1.851872E-2
7.620000E-8	1.848960E-2
7.625000E-8	1.847419E-2
7.630000E-8	1.844678E-2
7.635000E-8	1.840738E-2
7.640000E-8	1.837484E-2
7.645000E-8	1.834229E-2
7.650000E-8	1.831488E-2
7.655000E-8	1.829947E-2
7.660000E-8	1.829090E-2
7.665000E-8	1.826521E-2
7.670000E-8	1.823780E-2
7.675000E-8	1.822752E-2
7.680000E-8	1.822067E-2
7.685000E-8	1.819498E-2
7.690000E-8	1.816928E-2
7.695000E-8	1.815044E-2
7.700000E-8	1.812646E-2
7.705000E-8	1.811618E-2
7.710000E-8	1.812988E-2
7.715000E-8	1.815215E-2
7.720000E-8	1.816243E-2
7.725000E-8	1.817271E-2
7.730000E-8	1.820011E-2
7.735000E-8	1.824979E-2
7.740000E-8	1.833372E-2
7.745000E-8	1.843821E-2
7.750000E-8	1.855127E-2
7.755000E-8	1.867118E-2
7.760000E-8	1.878423E-2
7.765000E-8	1.885960E-2
7.770000E-8	1.888187E-2
7.775000E-8	1.884761E-2
7.780000E-8	1.876196E-2
7.785000E-8	1.863863E-2
7.790000E-8	1.849645E-2
7.795000E-8	1.833544E-2
7.800000E-8	1.816928E-2
7.805000E-8	1.801340E-2
7.810000E-8	1.785581E-2
7.815000E-8	1.771021E-2
7.820000E-8	1.761600E-2
7.825000E-8	1.759202E-2
7.830000E-8	1.760915E-2
7.835000E-8	1.766567E-2
7.840000E-8	1.778215E-2
7.845000E-8	1.792090E-2
7.850000E-8	1.805109E-2
7.855000E-8	1.818812E-2
7.860000E-8	1.833886E-2
7.865000E-8	1.845706E-2
7.870000E-8	1.852557E-2
7.875000E-8	1.855469E-2
7.880000E-8	1.853757E-2
7.885000E-8	1.847761E-2
7.890000E-8	1.839882E-2
7.895000E-8	1.829433E-2
7.900000E-8	1.815044E-2
7.905000E-8	1.800141E-2
7.910000E-8	1.788151E-2
7.915000E-8	1.778387E-2
7.920000E-8	1.770507E-2
7.925000E-8	1.765711E-2
7.930000E-8	1.762799E-2
7.935000E-8	1.760229E-2
7.940000E-8	1.758859E-2
7.945000E-8	1.758003E-2
7.950000E-8	1.756461E-2
7.955000E-8	1.754234E-2
7.960000E-8	1.751493E-2
7.965000E-8	1.747382E-2
7.970000E-8	1.741044E-2
7.975000E-8	1.735563E-2
7.980000E-8	1.733507E-2
7.985000E-8	1.735734E-2
7.990000E-8	1.741044E-2
7.995000E-8	1.749267E-2
8.000000E-8	1.759887E-2
8.005000E-8	1.770678E-2
8.010000E-8	1.779072E-2
8.015000E-8	1.783697E-2
8.020000E-8	1.785239E-2
8.025000E-8	1.783868E-2
8.030000E-8	1.779586E-2
8.035000E-8	1.773419E-2
8.040000E-8	1.767424E-2
8.045000E-8	1.762970E-2
8.050000E-8	1.759887E-2
8.055000E-8	1.756632E-2
8.060000E-8	1.754748E-2
8.065000E-8	1.755605E-2
8.070000E-8	1.758859E-2
8.075000E-8	1.762456E-2
8.080000E-8	1.766910E-2
8.085000E-8	1.773248E-2
8.090000E-8	1.780100E-2
8.095000E-8	1.785924E-2
8.100000E-8	1.790549E-2
8.105000E-8	1.793803E-2
8.110000E-8	1.794831E-2
8.115000E-8	1.793803E-2
8.120000E-8	1.790377E-2
8.125000E-8	1.784896E-2
8.130000E-8	1.778215E-2
8.135000E-8	1.772734E-2
8.140000E-8	1.767938E-2
8.145000E-8	1.762114E-2
8.150000E-8	1.757831E-2
8.155000E-8	1.756461E-2
8.160000E-8	1.756632E-2
8.165000E-8	1.756290E-2
8.170000E-8	1.755776E-2
8.175000E-8	1.756975E-2
8.180000E-8	1.759030E-2
8.185000E-8	1.761771E-2
8.190000E-8	1.763827E-2
8.195000E-8	1.762970E-2
8.200000E-8	1.759373E-2
8.205000E-8	1.754748E-2
8.210000E-8	1.750808E-2
8.215000E-8	1.748924E-2
8.220000E-8	1.748924E-2
8.225000E-8	1.749609E-2
8.230000E-8	1.750980E-2
8.235000E-8	1.754405E-2
8.240000E-8	1.757831E-2
8.245000E-8	1.759887E-2
8.250000E-8	1.761257E-2
8.255000E-8	1.762970E-2
8.260000E-8	1.761942E-2
8.265000E-8	1.758003E-2
8.270000E-8	1.753378E-2
8.275000E-8	1.748068E-2
8.280000E-8	1.740873E-2
8.285000E-8	1.732137E-2
8.290000E-8	1.724600E-2
8.295000E-8	1.719461E-2
8.300000E-8	1.714494E-2
8.305000E-8	1.711239E-2
8.310000E-8	1.711068E-2
8.315000E-8	1.712267E-2
8.320000E-8	1.711239E-2
8.325000E-8	1.710554E-2
8.330000E-8	1.713809E-2
8.335000E-8	1.719461E-2
8.340000E-8	1.724258E-2
8.345000E-8	1.727512E-2
8.350000E-8	1.729568E-2
8.355000E-8	1.731794E-2
8.360000E-8	1.734878E-2
8.365000E-8	1.737619E-2
8.370000E-8	1.738304E-2
8.375000E-8	1.737105E-2
8.380000E-8	1.732994E-2
8.385000E-8	1.725628E-2
8.390000E-8	1.718091E-2
8.395000E-8	1.710725E-2
8.400000E-8	1.700961E-2
8.405000E-8	1.692225E-2
8.410000E-8	1.685374E-2
8.415000E-8	1.679550E-2
8.420000E-8	1.675610E-2
8.425000E-8	1.675438E-2
8.430000E-8	1.678350E-2
8.435000E-8	1.683832E-2
8.440000E-8	1.693938E-2
8.445000E-8	1.706272E-2
8.450000E-8	1.716892E-2
8.455000E-8	1.727855E-2
8.460000E-8	1.740359E-2
8.465000E-8	1.748753E-2
8.470000E-8	1.752350E-2
8.475000E-8	1.752521E-2
8.480000E-8	1.749780E-2
8.485000E-8	1.743271E-2
8.490000E-8	1.734707E-2
8.495000E-8	1.724771E-2
8.500000E-8	1.713295E-2
8.505000E-8	1.702846E-2
8.510000E-8	1.695823E-2
8.515000E-8	1.691369E-2
8.520000E-8	1.686915E-2
8.525000E-8	1.683832E-2
8.530000E-8	1.680235E-2
8.535000E-8	1.674925E-2
8.540000E-8	1.669614E-2
8.545000E-8	1.665675E-2
8.550000E-8	1.661564E-2
8.555000E-8	1.657452E-2
8.560000E-8	1.656425E-2
8.565000E-8	1.656939E-2
8.570000E-8	1.658480E-2
8.575000E-8	1.662934E-2
8.580000E-8	1.671156E-2
8.585000E-8	1.680063E-2
8.590000E-8	1.687600E-2
8.595000E-8	1.695651E-2
8.600000E-8	1.703360E-2
8.605000E-8	1.709184E-2
8.610000E-8	1.712781E-2
8.615000E-8	1.715693E-2
8.620000E-8	1.717406E-2
8.625000E-8	1.717234E-2
8.630000E-8	1.716207E-2
8.635000E-8	1.715350E-2
8.640000E-8	1.716207E-2
8.645000E-8	1.717920E-2
8.650000E-8	1.717920E-2
8.655000E-8	1.716549E-2
8.660000E-8	1.713466E-2
8.665000E-8	1.707813E-2
8.670000E-8	1.699420E-2
8.675000E-8	1.691711E-2
8.680000E-8	1.685031E-2
8.685000E-8	1.677665E-2
8.690000E-8	1.672013E-2
8.695000E-8	1.670985E-2
8.700000E-8	1.673725E-2
8.705000E-8	1.676980E-2
8.710000E-8	1.680749E-2
8.715000E-8	1.685716E-2
8.720000E-8	1.689313E-2
8.725000E-8	1.690341E-2
8.730000E-8	1.690170E-2
8.735000E-8	1.689485E-2
8.740000E-8	1.686230E-2
8.745000E-8	1.680749E-2
8.750000E-8	1.674925E-2
8.755000E-8	1.669101E-2
8.760000E-8	1.664818E-2
8.765000E-8	1.661735E-2
8.770000E-8	1.657966E-2
8.775000E-8	1.652656E-2
8.780000E-8	1.647346E-2
8.785000E-8	1.641522E-2
8.790000E-8	1.633471E-2
8.795000E-8	1.624735E-2
8.800000E-8	1.618568E-2
8.805000E-8	1.615485E-2
8.810000E-8	1.614971E-2
8.815000E-8	1.618397E-2
8.820000E-8	1.627305E-2
8.825000E-8	1.639638E-2
8.830000E-8	1.653170E-2
8.835000E-8	1.668244E-2
8.840000E-8	1.684860E-2
8.845000E-8	1.699077E-2
8.850000E-8	1.708841E-2
8.855000E-8	1.713295E-2
8.860000E-8	1.712267E-2
8.865000E-8	1.705072E-2
8.870000E-8	1.692054E-2
8.875000E-8	1.675438E-2
8.880000E-8	1.658138E-2
8.885000E-8	1.642379E-2
8.890000E-8	1.628675E-2
8.895000E-8	1.619425E-2
8.900000E-8	1.616513E-2
8.905000E-8	1.619425E-2
8.910000E-8	1.626791E-2
8.915000E-8	1.636726E-2
8.920000E-8	1.648031E-2
8.925000E-8	1.658994E-2
8.930000E-8	1.669443E-2
8.935000E-8	1.678522E-2
8.940000E-8	1.682462E-2
8.945000E-8	1.681434E-2
8.950000E-8	1.677494E-2
8.955000E-8	1.667730E-2
8.960000E-8	1.652656E-2
8.965000E-8	1.637925E-2
8.970000E-8	1.625078E-2
8.975000E-8	1.611203E-2
8.980000E-8	1.597157E-2
8.985000E-8	1.586879E-2
8.990000E-8	1.578657E-2
8.995000E-8	1.570263E-2
9.000000E-8	1.564782E-2
9.005000E-8	1.564268E-2
9.010000E-8	1.566495E-2
9.015000E-8	1.569578E-2
9.020000E-8	1.575060E-2
9.025000E-8	1.583624E-2
9.030000E-8	1.592874E-2
9.035000E-8	1.601096E-2
9.040000E-8	1.610004E-2
9.045000E-8	1.617883E-2
9.050000E-8	1.621994E-2
9.055000E-8	1.623536E-2
9.060000E-8	1.624221E-2
9.065000E-8	1.622337E-2
9.070000E-8	1.616342E-2
9.075000E-8	1.608633E-2
9.080000E-8	1.601268E-2
9.085000E-8	1.592189E-2
9.090000E-8	1.581397E-2
9.095000E-8	1.574032E-2
9.100000E-8	1.571291E-2
9.105000E-8	1.570435E-2
9.110000E-8	1.571976E-2
9.115000E-8	1.579342E-2
9.120000E-8	1.590476E-2
9.125000E-8	1.600925E-2
9.130000E-8	1.608462E-2
9.135000E-8	1.614629E-2
9.140000E-8	1.619425E-2
9.145000E-8	1.621138E-2
9.150000E-8	1.617369E-2
9.155000E-8	1.609832E-2
9.160000E-8	1.601439E-2
9.165000E-8	1.592189E-2
9.170000E-8	1.581226E-2
9.175000E-8	1.571120E-2
9.180000E-8	1.565467E-2
9.185000E-8	1.563412E-2
9.190000E-8	1.560671E-2
9.195000E-8	1.558787E-2
9.200000E-8	1.561527E-2
9.205000E-8	1.567009E-2
9.210000E-8	1.571634E-2
9.215000E-8	1.576087E-2
9.220000E-8	1.581055E-2
9.225000E-8	1.584309E-2
9.230000E-8	1.587222E-2
9.235000E-8	1.591161E-2
9.240000E-8	1.594758E-2
9.245000E-8	1.596814E-2
9.250000E-8	1.599212E-2
9.255000E-8	1.601439E-2
9.260000E-8	1.600411E-2
9.265000E-8	1.596471E-2
9.270000E-8	1.590819E-2
9.275000E-8	1.583110E-2
9.280000E-8	1.574032E-2
9.285000E-8	1.566837E-2
9.290000E-8	1.562212E-2
9.295000E-8	1.559129E-2
9.300000E-8	1.559814E-2
9.305000E-8	1.562555E-2
9.310000E-8	1.565296E-2
9.315000E-8	1.570092E-2
9.320000E-8	1.577800E-2
9.325000E-8	1.584309E-2
9.330000E-8	1.587735E-2
9.335000E-8	1.590647E-2
9.340000E-8	1.593046E-2
9.345000E-8	1.590990E-2
9.350000E-8	1.585851E-2
9.355000E-8	1.580712E-2
9.360000E-8	1.576259E-2
9.365000E-8	1.570435E-2
9.370000E-8	1.562384E-2
9.375000E-8	1.554162E-2
9.380000E-8	1.548338E-2
9.385000E-8	1.544912E-2
9.390000E-8	1.543370E-2
9.395000E-8	1.545768E-2
9.400000E-8	1.550564E-2
9.405000E-8	1.554504E-2
9.410000E-8	1.558787E-2
9.415000E-8	1.563925E-2
9.420000E-8	1.567523E-2
9.425000E-8	1.569064E-2
9.430000E-8	1.571634E-2
9.435000E-8	1.575402E-2
9.440000E-8	1.577629E-2
9.445000E-8	1.580541E-2
9.450000E-8	1.583967E-2
9.455000E-8	1.585166E-2
9.460000E-8	1.585166E-2
9.465000E-8	1.585166E-2
9.470000E-8	1.582939E-2
9.475000E-8	1.576087E-2
9.480000E-8	1.567351E-2
9.485000E-8	1.558787E-2
9.490000E-8	1.550222E-2
9.495000E-8	1.542514E-2
9.500000E-8	1.534634E-2
9.505000E-8	1.527611E-2
9.510000E-8	1.523500E-2
9.515000E-8	1.523500E-2
9.520000E-8	1.522986E-2
9.525000E-8	1.522301E-2
9.530000E-8	1.524699E-2
9.535000E-8	1.528810E-2
9.540000E-8	1.532921E-2
9.545000E-8	1.538402E-2
9.550000E-8	1.545254E-2
9.555000E-8	1.549537E-2
9.560000E-8	1.550050E-2
9.565000E-8	1.548509E-2
9.570000E-8	1.544226E-2
9.575000E-8	1.535833E-2
9.580000E-8	1.525384E-2
9.585000E-8	1.514421E-2
9.590000E-8	1.502602E-2
9.595000E-8	1.490954E-2
9.600000E-8	1.481019E-2
9.605000E-8	1.474338E-2
9.610000E-8	1.471426E-2
9.615000E-8	1.473482E-2
9.620000E-8	1.480676E-2
9.625000E-8	1.491468E-2
9.630000E-8	1.506542E-2
9.635000E-8	1.525384E-2
9.640000E-8	1.545426E-2
9.645000E-8	1.563754E-2
9.650000E-8	1.580712E-2
9.655000E-8	1.594930E-2
9.660000E-8	1.604351E-2
9.665000E-8	1.608291E-2
9.670000E-8	1.605379E-2
9.675000E-8	1.594416E-2
9.680000E-8	1.578657E-2
9.685000E-8	1.560328E-2
9.690000E-8	1.537546E-2
9.695000E-8	1.511852E-2
9.700000E-8	1.488213E-2
9.705000E-8	1.467144E-2
9.710000E-8	1.447959E-2
9.715000E-8	1.432713E-2
9.720000E-8	1.425176E-2
9.725000E-8	1.423292E-2
9.730000E-8	1.427232E-2
9.735000E-8	1.439737E-2
9.740000E-8	1.459093E-2
9.745000E-8	1.480333E-2
9.750000E-8	1.501745E-2
9.755000E-8	1.521102E-2
9.760000E-8	1.536176E-2
9.765000E-8	1.546796E-2
9.770000E-8	1.554504E-2
9.775000E-8	1.558273E-2
9.780000E-8	1.557930E-2
9.785000E-8	1.554162E-2
9.790000E-8	1.547652E-2
9.795000E-8	1.539259E-2
9.800000E-8	1.532921E-2
9.805000E-8	1.530009E-2
9.810000E-8	1.529838E-2
9.815000E-8	1.531208E-2
9.820000E-8	1.533092E-2
9.825000E-8	1.534120E-2
9.830000E-8	1.535148E-2
9.835000E-8	1.535662E-2
9.840000E-8	1.533949E-2
9.845000E-8	1.527953E-2
9.850000E-8	1.519389E-2
9.855000E-8	1.509454E-2
9.860000E-8	1.497463E-2
9.865000E-8	1.483588E-2
9.870000E-8	1.470227E-2
9.875000E-8	1.457209E-2
9.880000E-8	1.445218E-2
9.885000E-8	1.436139E-2
9.890000E-8	1.431514E-2
9.895000E-8	1.430487E-2
9.900000E-8	1.432542E-2
9.905000E-8	1.436653E-2
9.910000E-8	1.442135E-2
9.915000E-8	1.449672E-2
9.920000E-8	1.458579E-2
9.925000E-8	1.466459E-2
9.930000E-8	1.473139E-2
9.935000E-8	1.479820E-2
9.940000E-8	1.484787E-2
9.945000E-8	1.486843E-2
9.950000E-8	1.486500E-2
9.955000E-8	1.484616E-2
9.960000E-8	1.482732E-2
9.965000E-8	1.481704E-2
9.970000E-8	1.480676E-2
9.975000E-8	1.479306E-2
9.980000E-8	1.478620E-2
9.985000E-8	1.476908E-2
9.990000E-8	1.472796E-2
9.995000E-8	1.467144E-2
1.000000E-7	1.461148E-2
1.000500E-7	1.454297E-2
1.001000E-7	1.447616E-2
1.001500E-7	1.441792E-2
1.002000E-7	1.436139E-2
1.002500E-7	1.431000E-2
1.003000E-7	1.429288E-2
1.003500E-7	1.431857E-2
1.004000E-7	1.436311E-2
1.004500E-7	1.442477E-2
1.005000E-7	1.450699E-2
1.005500E-7	1.460977E-2
1.006000E-7	1.472283E-2
1.006500E-7	1.482903E-2
1.007000E-7	1.490097E-2
1.007500E-7	1.494894E-2
1.008000E-7	1.497977E-2
1.008500E-7	1.499690E-2
1.009000E-7	1.498833E-2
1.009500E-7	1.496778E-2
1.010000E-7	1.494551E-2
1.010500E-7	1.493866E-2
1.011000E-7	1.494722E-2
1.011500E-7	1.495921E-2
1.012000E-7	1.496264E-2
1.012500E-7	1.494380E-2
1.013000E-7	1.488556E-2
1.013500E-7	1.476908E-2
1.014000E-7	1.461320E-2
1.014500E-7	1.444019E-2
1.015000E-7	1.425348E-2
1.015500E-7	1.407876E-2
1.016000E-7	1.394686E-2
1.016500E-7	1.386121E-2
1.017000E-7	1.382524E-2
1.017500E-7	1.385265E-2
1.018000E-7	1.394515E-2
1.018500E-7	1.408390E-2
1.019000E-7	1.425348E-2
1.019500E-7	1.441621E-2
1.020000E-7	1.455153E-2
1.020500E-7	1.466801E-2
1.021000E-7	1.476051E-2
1.021500E-7	1.478107E-2
1.022000E-7	1.471084E-2
1.022500E-7	1.459949E-2
1.023000E-7	1.449329E-2
1.023500E-7	1.437681E-2
1.024000E-7	1.424834E-2
1.024500E-7	1.414899E-2
1.025000E-7	1.411130E-2
1.025500E-7	1.412329E-2
1.026000E-7	1.416440E-2
1.026500E-7	1.423463E-2
1.027000E-7	1.433912E-2
1.027500E-7	1.445389E-2
1.028000E-7	1.457551E-2
1.028500E-7	1.470227E-2
1.029000E-7	1.481875E-2
1.029500E-7	1.489241E-2
1.030000E-7	1.492324E-2
1.030500E-7	1.493523E-2
1.031000E-7	1.492667E-2
1.031500E-7	1.488042E-2
1.032000E-7	1.480162E-2
1.032500E-7	1.471255E-2
1.033000E-7	1.463375E-2
1.033500E-7	1.456352E-2
1.034000E-7	1.450528E-2
1.034500E-7	1.446074E-2
1.035000E-7	1.442991E-2
1.035500E-7	1.442820E-2
1.036000E-7	1.444875E-2
1.036500E-7	1.447273E-2
1.037000E-7	1.449329E-2
1.037500E-7	1.451727E-2
1.038000E-7	1.454297E-2
1.038500E-7	1.453611E-2
1.039000E-7	1.448815E-2
1.039500E-7	1.443162E-2
1.040000E-7	1.438024E-2
1.040500E-7	1.431000E-2
1.041000E-7	1.419524E-2
1.041500E-7	1.405306E-2
1.042000E-7	1.390232E-2
1.042500E-7	1.376357E-2
1.043000E-7	1.365908E-2
1.043500E-7	1.359399E-2
1.044000E-7	1.355631E-2
1.044500E-7	1.354432E-2
1.045000E-7	1.356487E-2
1.045500E-7	1.361626E-2
1.046000E-7	1.370362E-2
1.046500E-7	1.383038E-2
1.047000E-7	1.399311E-2
1.047500E-7	1.415584E-2
1.048000E-7	1.429630E-2
1.048500E-7	1.440593E-2
1.049000E-7	1.448130E-2
1.049500E-7	1.452412E-2
1.050000E-7	1.454468E-2
1.050500E-7	1.454297E-2
1.051000E-7	1.451385E-2
1.051500E-7	1.445389E-2
1.052000E-7	1.438709E-2
1.052500E-7	1.434598E-2
1.053000E-7	1.433399E-2
1.053500E-7	1.433570E-2
1.054000E-7	1.433741E-2
1.054500E-7	1.433056E-2
1.055000E-7	1.431514E-2
1.055500E-7	1.431857E-2
1.056000E-7	1.434598E-2
1.056500E-7	1.436996E-2
1.057000E-7	1.436653E-2
1.057500E-7	1.434769E-2
1.058000E-7	1.432885E-2
1.058500E-7	1.429630E-2
1.059000E-7	1.425348E-2
1.059500E-7	1.422093E-2
1.060000E-7	1.418667E-2
1.060500E-7	1.412501E-2
1.061000E-7	1.405306E-2
1.061500E-7	1.399140E-2
1.062000E-7	1.392802E-2
1.062500E-7	1.386464E-2
1.063000E-7	1.381325E-2
1.063500E-7	1.376357E-2
1.064000E-7	1.371732E-2
1.064500E-7	1.370362E-2
1.065000E-7	1.371561E-2
1.065500E-7	1.372589E-2
1.066000E-7	1.374987E-2
1.066500E-7	1.379612E-2
1.067000E-7	1.384408E-2
1.067500E-7	1.390061E-2
1.068000E-7	1.397598E-2
1.068500E-7	1.404450E-2
1.069000E-7	1.408390E-2
1.069500E-7	1.411302E-2
1.070000E-7	1.414727E-2
1.070500E-7	1.415413E-2
1.071000E-7	1.414042E-2
1.071500E-7	1.414385E-2
1.072000E-7	1.415755E-2
1.072500E-7	1.415927E-2
1.073000E-7	1.413871E-2
1.073500E-7	1.411987E-2
1.074000E-7	1.411302E-2
1.074500E-7	1.409417E-2
1.075000E-7	1.405649E-2
1.075500E-7	1.402052E-2
1.076000E-7	1.400681E-2
1.076500E-7	1.399825E-2
1.077000E-7	1.398797E-2
1.077500E-7	1.398797E-2
1.078000E-7	1.400167E-2
1.078500E-7	1.401709E-2
1.079000E-7	1.402565E-2
1.079500E-7	1.402737E-2
1.080000E-7	1.402737E-2
1.080500E-7	1.403765E-2
1.081000E-7	1.405135E-2
1.081500E-7	1.404278E-2
1.082000E-7	1.401880E-2
1.082500E-7	1.398626E-2
1.083000E-7	1.393829E-2
1.083500E-7	1.385607E-2
1.084000E-7	1.376357E-2
1.084500E-7	1.367793E-2
1.085000E-7	1.359399E-2
1.085500E-7	1.349807E-2
1.086000E-7	1.341071E-2
1.086500E-7	1.334219E-2
1.087000E-7	1.330108E-2
1.087500E-7	1.329423E-2
1.088000E-7	1.330793E-2
1.088500E-7	1.332506E-2
1.089000E-7	1.335418E-2
1.089500E-7	1.341242E-2
1.090000E-7	1.349978E-2
1.090500E-7	1.359570E-2
1.091000E-7	1.368992E-2
1.091500E-7	1.378413E-2
1.092000E-7	1.387663E-2
1.092500E-7	1.395714E-2
1.093000E-7	1.402394E-2
1.093500E-7	1.408390E-2
1.094000E-7	1.414385E-2
1.094500E-7	1.419010E-2
1.095000E-7	1.422093E-2
1.095500E-7	1.423806E-2
1.096000E-7	1.424149E-2
1.096500E-7	1.421237E-2
1.097000E-7	1.413186E-2
1.097500E-7	1.401195E-2
1.098000E-7	1.388005E-2
1.098500E-7	1.374816E-2
1.099000E-7	1.361112E-2
1.099500E-7	1.347922E-2
1.100000E-7	1.337816E-2
1.100500E-7	1.331478E-2
1.101000E-7	1.327367E-2
1.101500E-7	1.324284E-2
1.102000E-7	1.323941E-2
1.102500E-7	1.327196E-2
1.103000E-7	1.331992E-2
1.103500E-7	1.337816E-2
1.104000E-7	1.345182E-2
1.104500E-7	1.354603E-2
1.105000E-7	1.365566E-2
1.105500E-7	1.376186E-2
1.106000E-7	1.385265E-2
1.106500E-7	1.390404E-2
1.107000E-7	1.392630E-2
1.107500E-7	1.395371E-2
1.108000E-7	1.396741E-2
1.108500E-7	1.393658E-2
1.109000E-7	1.386121E-2
1.109500E-7	1.378070E-2
1.110000E-7	1.369677E-2
1.110500E-7	1.359228E-2
1.111000E-7	1.345867E-2
1.111500E-7	1.332848E-2
1.112000E-7	1.321200E-2
1.112500E-7	1.310066E-2
1.113000E-7	1.300474E-2
1.113500E-7	1.293793E-2
1.114000E-7	1.291395E-2
1.114500E-7	1.292594E-2
1.115000E-7	1.296191E-2
1.115500E-7	1.301673E-2
1.116000E-7	1.308353E-2
1.116500E-7	1.315548E-2
1.117000E-7	1.323599E-2
1.117500E-7	1.333191E-2
1.118000E-7	1.342098E-2
1.118500E-7	1.348094E-2
1.119000E-7	1.352376E-2
1.119500E-7	1.356658E-2
1.120000E-7	1.359399E-2
1.120500E-7	1.357172E-2
1.121000E-7	1.352033E-2
1.121500E-7	1.347580E-2
1.122000E-7	1.343983E-2
1.122500E-7	1.339700E-2
1.123000E-7	1.335418E-2
1.123500E-7	1.333191E-2
1.124000E-7	1.333705E-2
1.124500E-7	1.334561E-2
1.125000E-7	1.334390E-2
1.125500E-7	1.333534E-2
1.126000E-7	1.331649E-2
1.126500E-7	1.328909E-2
1.127000E-7	1.326853E-2
1.127500E-7	1.326511E-2
1.128000E-7	1.325311E-2
1.128500E-7	1.322057E-2
1.129000E-7	1.319316E-2
1.129500E-7	1.318117E-2
1.130000E-7	1.315376E-2
1.130500E-7	1.312293E-2
1.131000E-7	1.310066E-2
1.131500E-7	1.308525E-2
1.132000E-7	1.305955E-2
1.132500E-7	1.302187E-2
1.133000E-7	1.297904E-2
1.133500E-7	1.291738E-2
1.134000E-7	1.285914E-2
1.134500E-7	1.282145E-2
1.135000E-7	1.281460E-2
1.135500E-7	1.282145E-2
1.136000E-7	1.285571E-2
1.136500E-7	1.293108E-2
1.137000E-7	1.302701E-2
1.137500E-7	1.312293E-2
1.138000E-7	1.322057E-2
1.138500E-7	1.331992E-2
1.139000E-7	1.339700E-2
1.139500E-7	1.344154E-2
1.140000E-7	1.347066E-2
1.140500E-7	1.348779E-2
1.141000E-7	1.348779E-2
1.141500E-7	1.347751E-2
1.142000E-7	1.346723E-2
1.142500E-7	1.346381E-2
1.143000E-7	1.346209E-2
1.143500E-7	1.346381E-2
1.144000E-7	1.346552E-2
1.144500E-7	1.346895E-2
1.145000E-7	1.346723E-2
1.145500E-7	1.345353E-2
1.146000E-7	1.341242E-2
1.146500E-7	1.334390E-2
1.147000E-7	1.324626E-2
1.147500E-7	1.312807E-2
1.148000E-7	1.299960E-2
1.148500E-7	1.287113E-2
1.149000E-7	1.274608E-2
1.149500E-7	1.261761E-2
1.150000E-7	1.250284E-2
1.150500E-7	1.244289E-2
1.151000E-7	1.246344E-2
1.151500E-7	1.254738E-2
1.152000E-7	1.266386E-2
1.152500E-7	1.281289E-2
1.153000E-7	1.298247E-2
1.153500E-7	1.314177E-2
1.154000E-7	1.326682E-2
1.154500E-7	1.334904E-2
1.155000E-7	1.337645E-2
1.155500E-7	1.333020E-2
1.156000E-7	1.320858E-2
1.156500E-7	1.304071E-2
1.157000E-7	1.285400E-2
1.157500E-7	1.265016E-2
1.158000E-7	1.244632E-2
1.158500E-7	1.227502E-2
1.159000E-7	1.215340E-2
1.159500E-7	1.209173E-2
1.160000E-7	1.209859E-2
1.160500E-7	1.214826E-2
1.161000E-7	1.221849E-2
1.161500E-7	1.230243E-2
1.162000E-7	1.239321E-2
1.162500E-7	1.245488E-2
1.163000E-7	1.248743E-2
1.163500E-7	1.251312E-2
1.164000E-7	1.252854E-2
1.164500E-7	1.252340E-2
1.165000E-7	1.252168E-2
1.165500E-7	1.255423E-2
1.166000E-7	1.260562E-2
1.166500E-7	1.267414E-2
1.167000E-7	1.275293E-2
1.167500E-7	1.283687E-2
1.168000E-7	1.290367E-2
1.168500E-7	1.296191E-2
1.169000E-7	1.299960E-2
1.169500E-7	1.299788E-2
1.170000E-7	1.297904E-2
1.170500E-7	1.294821E-2
1.171000E-7	1.287969E-2
1.171500E-7	1.277863E-2
1.172000E-7	1.267756E-2
1.172500E-7	1.258335E-2
1.173000E-7	1.250113E-2
1.173500E-7	1.246344E-2
1.174000E-7	1.246516E-2
1.174500E-7	1.247715E-2
1.175000E-7	1.250798E-2
1.175500E-7	1.254909E-2
1.176000E-7	1.257307E-2
1.176500E-7	1.257993E-2
1.177000E-7	1.257479E-2
1.177500E-7	1.255080E-2
1.178000E-7	1.248743E-2
1.178500E-7	1.240007E-2
1.179000E-7	1.230757E-2
1.179500E-7	1.222706E-2
1.180000E-7	1.216197E-2
1.180500E-7	1.210544E-2
1.181000E-7	1.205405E-2
1.181500E-7	1.203349E-2
1.182000E-7	1.204891E-2
1.182500E-7	1.208317E-2
1.183000E-7	1.214312E-2
1.183500E-7	1.223562E-2
1.184000E-7	1.234354E-2
1.184500E-7	1.246516E-2
1.185000E-7	1.260562E-2
1.185500E-7	1.274608E-2
1.186000E-7	1.286770E-2
1.186500E-7	1.296363E-2
1.187000E-7	1.302358E-2
1.187500E-7	1.303900E-2
1.188000E-7	1.302187E-2
1.188500E-7	1.296705E-2
1.189000E-7	1.287455E-2
1.189500E-7	1.275807E-2
1.190000E-7	1.263474E-2
1.190500E-7	1.251312E-2
1.191000E-7	1.240349E-2
1.191500E-7	1.230585E-2
1.192000E-7	1.221849E-2
1.192500E-7	1.216539E-2
1.193000E-7	1.215854E-2
1.193500E-7	1.218595E-2
1.194000E-7	1.224419E-2
1.194500E-7	1.233669E-2
1.195000E-7	1.244289E-2
1.195500E-7	1.254224E-2
1.196000E-7	1.263988E-2
1.196500E-7	1.271867E-2
1.197000E-7	1.277520E-2
1.197500E-7	1.283858E-2
1.198000E-7	1.291224E-2
1.198500E-7	1.296363E-2
1.199000E-7	1.300645E-2
1.199500E-7	1.305955E-2
1.200000E-7	1.311094E-2
1.200500E-7	1.313321E-2
1.201000E-7	1.311608E-2
1.201500E-7	1.305270E-2
1.202000E-7	1.294307E-2
1.202500E-7	1.280775E-2
1.203000E-7	1.266386E-2
1.203500E-7	1.252511E-2
1.204000E-7	1.241548E-2
1.204500E-7	1.234525E-2
1.205000E-7	1.229386E-2
1.205500E-7	1.227502E-2
1.206000E-7	1.230243E-2
1.206500E-7	1.235724E-2
1.207000E-7	1.241206E-2
1.207500E-7	1.247372E-2
1.208000E-7	1.254053E-2
1.208500E-7	1.257307E-2
1.209000E-7	1.256793E-2
1.209500E-7	1.252854E-2
1.210000E-7	1.244803E-2
1.210500E-7	1.231613E-2
1.211000E-7	1.216539E-2
1.211500E-7	1.202493E-2
1.212000E-7	1.189646E-2
1.212500E-7	1.181766E-2
1.213000E-7	1.179711E-2
1.213500E-7	1.180396E-2
1.214000E-7	1.184507E-2
1.214500E-7	1.194956E-2
1.215000E-7	1.210201E-2
1.215500E-7	1.225618E-2
1.216000E-7	1.241034E-2
1.216500E-7	1.255423E-2
1.217000E-7	1.265358E-2
1.217500E-7	1.271011E-2
1.218000E-7	1.273580E-2
1.218500E-7	1.273238E-2
1.219000E-7	1.270154E-2
1.219500E-7	1.267071E-2
1.220000E-7	1.263645E-2
1.220500E-7	1.260219E-2
1.221000E-7	1.259877E-2
1.221500E-7	1.262960E-2
1.222000E-7	1.266043E-2
1.222500E-7	1.268270E-2
1.223000E-7	1.271182E-2
1.223500E-7	1.272895E-2
1.224000E-7	1.271354E-2
1.224500E-7	1.267242E-2
1.225000E-7	1.260733E-2
1.225500E-7	1.251997E-2
1.226000E-7	1.242405E-2
1.226500E-7	1.233840E-2
1.227000E-7	1.227845E-2
1.227500E-7	1.225275E-2
1.228000E-7	1.225618E-2
1.228500E-7	1.230585E-2
1.229000E-7	1.240692E-2
1.229500E-7	1.253025E-2
1.230000E-7	1.263131E-2
1.230500E-7	1.271011E-2
1.231000E-7	1.275978E-2
1.231500E-7	1.275293E-2
1.232000E-7	1.267756E-2
1.232500E-7	1.256793E-2
1.233000E-7	1.242233E-2
1.233500E-7	1.224076E-2
1.234000E-7	1.204891E-2
1.234500E-7	1.186562E-2
1.235000E-7	1.169433E-2
1.235500E-7	1.156243E-2
1.236000E-7	1.149563E-2
1.236500E-7	1.148021E-2
1.237000E-7	1.149905E-2
1.237500E-7	1.155901E-2
1.238000E-7	1.164123E-2
1.238500E-7	1.171317E-2
1.239000E-7	1.176970E-2
1.239500E-7	1.182109E-2
1.240000E-7	1.186391E-2
1.240500E-7	1.189132E-2
1.241000E-7	1.189646E-2
1.241500E-7	1.188447E-2
1.242000E-7	1.187762E-2
1.242500E-7	1.189303E-2
1.243000E-7	1.191873E-2
1.243500E-7	1.195812E-2
1.244000E-7	1.203178E-2
1.244500E-7	1.211572E-2
1.245000E-7	1.217567E-2
1.245500E-7	1.221849E-2
1.246000E-7	1.224076E-2
1.246500E-7	1.220993E-2
1.247000E-7	1.211743E-2
1.247500E-7	1.200951E-2
1.248000E-7	1.189303E-2
1.248500E-7	1.175771E-2
1.249000E-7	1.163438E-2
1.249500E-7	1.154016E-2
1.250000E-7	1.147679E-2
1.250500E-7	1.145623E-2
1.251000E-7	1.150933E-2
1.251500E-7	1.160183E-2
1.252000E-7	1.171317E-2
1.252500E-7	1.185192E-2
1.253000E-7	1.201294E-2
1.253500E-7	1.215169E-2
1.254000E-7	1.226817E-2
1.254500E-7	1.236923E-2
1.255000E-7	1.243432E-2
1.255500E-7	1.244460E-2
1.256000E-7	1.241891E-2
1.256500E-7	1.237437E-2
1.257000E-7	1.230071E-2
1.257500E-7	1.220821E-2
1.258000E-7	1.212085E-2
1.258500E-7	1.205576E-2
1.259000E-7	1.200437E-2
1.259500E-7	1.196669E-2
1.260000E-7	1.193586E-2
1.260500E-7	1.190674E-2
1.261000E-7	1.188275E-2
1.261500E-7	1.186049E-2
1.262000E-7	1.183993E-2
1.262500E-7	1.182109E-2
1.263000E-7	1.180225E-2
1.263500E-7	1.176799E-2
1.264000E-7	1.170975E-2
1.264500E-7	1.163609E-2
1.265000E-7	1.155729E-2
1.265500E-7	1.149905E-2
1.266000E-7	1.147165E-2
1.266500E-7	1.147507E-2
1.267000E-7	1.148878E-2
1.267500E-7	1.153160E-2
1.268000E-7	1.160697E-2
1.268500E-7	1.169090E-2
1.269000E-7	1.176627E-2
1.269500E-7	1.185021E-2
1.270000E-7	1.193414E-2
1.270500E-7	1.199238E-2
1.271000E-7	1.202322E-2
1.271500E-7	1.202836E-2
1.272000E-7	1.199752E-2
1.272500E-7	1.192729E-2
1.273000E-7	1.183479E-2
1.273500E-7	1.174229E-2
1.274000E-7	1.166178E-2
1.274500E-7	1.159327E-2
1.275000E-7	1.154530E-2
1.275500E-7	1.152475E-2
1.276000E-7	1.153674E-2
1.276500E-7	1.156415E-2
1.277000E-7	1.160012E-2
1.277500E-7	1.166350E-2
1.278000E-7	1.174058E-2
1.278500E-7	1.178340E-2
1.279000E-7	1.179026E-2
1.279500E-7	1.179026E-2
1.280000E-7	1.178683E-2
1.280500E-7	1.176627E-2
1.281000E-7	1.173887E-2
1.281500E-7	1.172174E-2
1.282000E-7	1.170289E-2
1.282500E-7	1.168405E-2
1.283000E-7	1.167891E-2
1.283500E-7	1.169947E-2
1.284000E-7	1.172859E-2
1.284500E-7	1.174572E-2
1.285000E-7	1.176799E-2
1.285500E-7	1.181595E-2
1.286000E-7	1.186220E-2
1.286500E-7	1.187933E-2
1.287000E-7	1.187248E-2
1.287500E-7	1.185192E-2
1.288000E-7	1.181424E-2
1.288500E-7	1.176627E-2
1.289000E-7	1.171146E-2
1.289500E-7	1.165151E-2
1.290000E-7	1.157785E-2
1.290500E-7	1.150933E-2
1.291000E-7	1.146137E-2
1.291500E-7	1.143567E-2
1.292000E-7	1.143910E-2
1.292500E-7	1.148364E-2
1.293000E-7	1.154188E-2
1.293500E-7	1.159327E-2
1.294000E-7	1.163438E-2
1.294500E-7	1.166007E-2
1.295000E-7	1.166178E-2
1.295500E-7	1.163609E-2
1.296000E-7	1.158813E-2
1.296500E-7	1.154530E-2
1.297000E-7	1.152303E-2
1.297500E-7	1.150933E-2
1.298000E-7	1.150077E-2
1.298500E-7	1.150762E-2
1.299000E-7	1.153845E-2
1.299500E-7	1.158641E-2
1.300000E-7	1.164808E-2
1.300500E-7	1.173030E-2
1.301000E-7	1.180567E-2
1.301500E-7	1.186391E-2
1.302000E-7	1.191873E-2
1.302500E-7	1.196840E-2
1.303000E-7	1.199752E-2
1.303500E-7	1.202664E-2
1.304000E-7	1.205576E-2
1.304500E-7	1.206604E-2
1.305000E-7	1.204891E-2
1.305500E-7	1.201294E-2
1.306000E-7	1.194785E-2
1.306500E-7	1.185535E-2
1.307000E-7	1.175428E-2
1.307500E-7	1.164637E-2
1.308000E-7	1.152646E-2
1.308500E-7	1.140313E-2
1.309000E-7	1.126952E-2
1.309500E-7	1.111364E-2
1.310000E-7	1.097318E-2
1.310500E-7	1.089610E-2
1.311000E-7	1.086698E-2
1.311500E-7	1.086526E-2
1.312000E-7	1.089610E-2
1.312500E-7	1.094063E-2
1.313000E-7	1.098517E-2
1.313500E-7	1.104855E-2
1.314000E-7	1.111707E-2
1.314500E-7	1.115132E-2
1.315000E-7	1.116160E-2
1.315500E-7	1.115989E-2
1.316000E-7	1.113420E-2
1.316500E-7	1.108281E-2
1.317000E-7	1.104855E-2
1.317500E-7	1.102971E-2
1.318000E-7	1.102114E-2
1.318500E-7	1.103484E-2
1.319000E-7	1.107938E-2
1.319500E-7	1.113077E-2
1.320000E-7	1.118216E-2
1.320500E-7	1.122669E-2
1.321000E-7	1.125068E-2
1.321500E-7	1.123869E-2
1.322000E-7	1.119929E-2
1.322500E-7	1.114447E-2
1.323000E-7	1.107767E-2
1.323500E-7	1.099031E-2
1.324000E-7	1.090295E-2
1.324500E-7	1.086184E-2
1.325000E-7	1.088068E-2
1.325500E-7	1.094406E-2
1.326000E-7	1.104512E-2
1.326500E-7	1.115989E-2
1.327000E-7	1.126952E-2
1.327500E-7	1.138942E-2
1.328000E-7	1.151276E-2
1.328500E-7	1.158470E-2
1.329000E-7	1.157785E-2
1.329500E-7	1.153845E-2
1.330000E-7	1.148535E-2
1.330500E-7	1.137743E-2
1.331000E-7	1.123183E-2
1.331500E-7	1.111364E-2
1.332000E-7	1.105026E-2
1.332500E-7	1.101943E-2
1.333000E-7	1.101600E-2
1.333500E-7	1.104341E-2
1.334000E-7	1.109994E-2
1.334500E-7	1.117188E-2
1.335000E-7	1.123697E-2
1.335500E-7	1.127980E-2
1.336000E-7	1.129179E-2
1.336500E-7	1.126267E-2
1.337000E-7	1.119757E-2
1.337500E-7	1.110850E-2
1.338000E-7	1.100915E-2
1.338500E-7	1.090295E-2
1.339000E-7	1.082073E-2
1.339500E-7	1.078818E-2
1.340000E-7	1.080188E-2
1.340500E-7	1.084299E-2
1.341000E-7	1.092864E-2
1.341500E-7	1.105883E-2
1.342000E-7	1.118901E-2
1.342500E-7	1.128493E-2
1.343000E-7	1.134831E-2
1.343500E-7	1.139628E-2
1.344000E-7	1.142368E-2
1.344500E-7	1.142197E-2
1.345000E-7	1.138429E-2
1.345500E-7	1.133118E-2
1.346000E-7	1.128322E-2
1.346500E-7	1.125068E-2
1.347000E-7	1.120271E-2
1.347500E-7	1.113591E-2
1.348000E-7	1.107938E-2
1.348500E-7	1.105026E-2
1.349000E-7	1.102799E-2
1.349500E-7	1.099887E-2
1.350000E-7	1.099202E-2
1.350500E-7	1.101943E-2
1.351000E-7	1.107767E-2
1.351500E-7	1.114276E-2
1.352000E-7	1.120957E-2
1.352500E-7	1.129007E-2
1.353000E-7	1.138429E-2
1.353500E-7	1.146308E-2
1.354000E-7	1.150419E-2
1.354500E-7	1.152817E-2
1.355000E-7	1.154016E-2
1.355500E-7	1.151961E-2
1.356000E-7	1.146479E-2
1.356500E-7	1.138429E-2
1.357000E-7	1.128151E-2
1.357500E-7	1.116845E-2
1.358000E-7	1.106910E-2
1.358500E-7	1.098859E-2
1.359000E-7	1.092864E-2
1.359500E-7	1.088239E-2
1.360000E-7	1.085156E-2
1.360500E-7	1.082073E-2
1.361000E-7	1.078133E-2
1.361500E-7	1.073850E-2
1.362000E-7	1.069911E-2
1.362500E-7	1.064943E-2
1.363000E-7	1.057577E-2
1.363500E-7	1.048841E-2
1.364000E-7	1.040277E-2
1.364500E-7	1.030170E-2
1.365000E-7	1.018008E-2
1.365500E-7	1.006703E-2
1.366000E-7	9.993371E-3
1.366500E-7	9.941982E-3
1.367000E-7	9.906010E-3
1.367500E-7	9.902584E-3
1.368000E-7	9.931704E-3
1.368500E-7	9.976241E-3
1.369000E-7	1.004476E-2
1.369500E-7	1.015096E-2
1.370000E-7	1.027772E-2
1.370500E-7	1.042332E-2
1.371000E-7	1.057920E-2
1.371500E-7	1.073850E-2
1.372000E-7	1.089267E-2
1.372500E-7	1.103656E-2
1.373000E-7	1.116503E-2
1.373500E-7	1.127123E-2
1.374000E-7	1.135859E-2
1.374500E-7	1.141341E-2
1.375000E-7	1.141169E-2
1.375500E-7	1.135859E-2
1.376000E-7	1.126095E-2
1.376500E-7	1.113077E-2
1.377000E-7	1.099545E-2
1.377500E-7	1.089267E-2
1.378000E-7	1.080531E-2
1.378500E-7	1.071281E-2
1.379000E-7	1.063744E-2
1.379500E-7	1.061175E-2
1.380000E-7	1.060661E-2
1.380500E-7	1.059633E-2
1.381000E-7	1.059462E-2
1.381500E-7	1.062716E-2
1.382000E-7	1.066656E-2
1.382500E-7	1.070424E-2
1.383000E-7	1.074707E-2
1.383500E-7	1.078304E-2
1.384000E-7	1.078647E-2
1.384500E-7	1.075563E-2
1.385000E-7	1.069054E-2
1.385500E-7	1.057577E-2
1.386000E-7	1.041990E-2
1.386500E-7	1.025716E-2
1.387000E-7	1.009957E-2
1.387500E-7	9.957399E-3
1.388000E-7	9.854622E-3
1.388500E-7	9.823789E-3
1.389000E-7	9.880316E-3
1.389500E-7	1.000879E-2
1.390000E-7	1.017837E-2
1.390500E-7	1.040277E-2
1.391000E-7	1.066827E-2
1.391500E-7	1.091322E-2
1.392000E-7	1.109308E-2
1.392500E-7	1.123012E-2
1.393000E-7	1.132605E-2
1.393500E-7	1.133804E-2
1.394000E-7	1.127294E-2
1.394500E-7	1.117188E-2
1.395000E-7	1.104855E-2
1.395500E-7	1.089610E-2
1.396000E-7	1.074878E-2
1.396500E-7	1.063573E-2
1.397000E-7	1.055864E-2
1.397500E-7	1.050554E-2
1.398000E-7	1.047471E-2
1.398500E-7	1.046272E-2
1.399000E-7	1.046614E-2
1.399500E-7	1.049184E-2
1.400000E-7	1.052439E-2
1.400500E-7	1.055522E-2
1.401000E-7	1.057063E-2
1.401500E-7	1.056892E-2
1.402000E-7	1.056892E-2
1.402500E-7	1.057577E-2
1.403000E-7	1.057406E-2
1.403500E-7	1.053809E-2
1.404000E-7	1.049526E-2
1.404500E-7	1.045758E-2
1.405000E-7	1.041990E-2
1.405500E-7	1.038221E-2
1.406000E-7	1.034453E-2
1.406500E-7	1.029314E-2
1.407000E-7	1.023147E-2
1.407500E-7	1.017494E-2
1.408000E-7	1.011670E-2
1.408500E-7	1.006874E-2
1.409000E-7	1.003791E-2
1.409500E-7	1.001050E-2
1.410000E-7	9.984806E-3
1.410500E-7	9.974528E-3
1.411000E-7	9.984806E-3
1.411500E-7	9.988232E-3
1.412000E-7	1.000022E-2
1.412500E-7	1.004133E-2
1.413000E-7	1.007902E-2
1.413500E-7	1.008758E-2
1.414000E-7	1.008073E-2
1.414500E-7	1.006360E-2
1.415000E-7	1.003619E-2
1.415500E-7	9.989945E-3
1.416000E-7	9.931704E-3
1.416500E-7	9.876890E-3
1.417000E-7	9.840918E-3
1.417500E-7	9.808372E-3
1.418000E-7	9.796381E-3
1.418500E-7	9.825501E-3
1.419000E-7	9.876890E-3
1.419500E-7	9.941982E-3
1.420000E-7	1.002420E-2
1.420500E-7	1.011499E-2
1.421000E-7	1.018180E-2
1.421500E-7	1.020578E-2
1.422000E-7	1.019892E-2
1.422500E-7	1.016295E-2
1.423000E-7	1.008930E-2
1.423500E-7	9.977954E-3
1.424000E-7	9.858048E-3
1.424500E-7	9.746706E-3
1.425000E-7	9.650781E-3
1.425500E-7	9.575411E-3
1.426000E-7	9.541152E-3
1.426500E-7	9.570272E-3
1.427000E-7	9.659345E-3
1.427500E-7	9.780965E-3
1.428000E-7	9.914575E-3
1.428500E-7	1.006360E-2
1.429000E-7	1.022462E-2
1.429500E-7	1.037022E-2
1.430000E-7	1.048670E-2
1.430500E-7	1.057577E-2
1.431000E-7	1.063573E-2
1.431500E-7	1.065457E-2
1.432000E-7	1.063573E-2
1.432500E-7	1.059119E-2
1.433000E-7	1.051239E-2
1.433500E-7	1.041818E-2
1.434000E-7	1.033939E-2
1.434500E-7	1.027087E-2
1.435000E-7	1.022119E-2
1.435500E-7	1.020749E-2
1.436000E-7	1.022804E-2
1.436500E-7	1.026230E-2
1.437000E-7	1.031541E-2
1.437500E-7	1.037022E-2
1.438000E-7	1.039591E-2
1.438500E-7	1.039591E-2
1.439000E-7	1.039249E-2
1.439500E-7	1.038735E-2
1.440000E-7	1.037365E-2
1.440500E-7	1.035309E-2
1.441000E-7	1.031027E-2
1.441500E-7	1.024346E-2
1.442000E-7	1.016809E-2
1.442500E-7	1.009615E-2
1.443000E-7	1.001050E-2
1.443500E-7	9.916288E-3
1.444000E-7	9.820363E-3
1.444500E-7	9.707308E-3
1.445000E-7	9.587401E-3
1.445500E-7	9.488050E-3
1.446000E-7	9.409255E-3
1.446500E-7	9.328746E-3
1.447000E-7	9.265367E-3
1.447500E-7	9.253376E-3
1.448000E-7	9.297913E-3
1.448500E-7	9.407542E-3
1.449000E-7	9.578837E-3
1.449500E-7	9.789530E-3
1.450000E-7	1.000194E-2
1.450500E-7	1.020749E-2
1.451000E-7	1.041133E-2
1.451500E-7	1.060489E-2
1.452000E-7	1.075221E-2
1.452500E-7	1.082586E-2
1.453000E-7	1.083614E-2
1.453500E-7	1.079846E-2
1.454000E-7	1.070767E-2
1.454500E-7	1.057063E-2
1.455000E-7	1.041476E-2
1.455500E-7	1.024689E-2
1.456000E-7	1.007559E-2
1.456500E-7	9.950547E-3
1.457000E-7	9.882029E-3
1.457500E-7	9.825501E-3
1.458000E-7	9.782678E-3
1.458500E-7	9.803233E-3
1.459000E-7	9.880316E-3
1.459500E-7	9.964250E-3
1.460000E-7	1.003277E-2
1.460500E-7	1.011842E-2
1.461000E-7	1.020578E-2
1.461500E-7	1.024175E-2
1.462000E-7	1.022462E-2
1.462500E-7	1.018351E-2
1.463000E-7	1.013726E-2
1.463500E-7	1.006703E-2
1.464000E-7	9.967676E-3
1.464500E-7	9.858048E-3
1.465000E-7	9.751845E-3
1.465500E-7	9.650781E-3
1.466000E-7	9.553142E-3
1.466500E-7	9.472634E-3
1.467000E-7	9.422958E-3
1.467500E-7	9.410968E-3
1.468000E-7	9.409255E-3
1.468500E-7	9.398977E-3
1.469000E-7	9.378421E-3
1.469500E-7	9.363005E-3
1.470000E-7	9.349301E-3
1.470500E-7	9.323607E-3
1.471000E-7	9.284209E-3
1.471500E-7	9.256802E-3
1.472000E-7	9.246524E-3
1.472500E-7	9.255089E-3
1.473000E-7	9.292774E-3
1.473500E-7	9.381847E-3
1.474000E-7	9.494902E-3
1.474500E-7	9.604531E-3
1.475000E-7	9.727863E-3
1.475500E-7	9.864899E-3
1.476000E-7	9.995084E-3
1.476500E-7	1.012013E-2
1.477000E-7	1.023147E-2
1.477500E-7	1.029999E-2
1.478000E-7	1.031883E-2
1.478500E-7	1.032568E-2
1.479000E-7	1.032054E-2
1.479500E-7	1.028629E-2
1.480000E-7	1.024860E-2
1.480500E-7	1.024175E-2
1.481000E-7	1.025374E-2
1.481500E-7	1.026744E-2
1.482000E-7	1.029485E-2
1.482500E-7	1.034453E-2
1.483000E-7	1.039934E-2
1.483500E-7	1.045415E-2
1.484000E-7	1.050726E-2
1.484500E-7	1.054494E-2
1.485000E-7	1.055179E-2
1.485500E-7	1.053295E-2
1.486000E-7	1.050726E-2
1.486500E-7	1.046614E-2
1.487000E-7	1.039249E-2
1.487500E-7	1.029828E-2
1.488000E-7	1.019892E-2
1.488500E-7	1.008758E-2
1.489000E-7	9.953973E-3
1.489500E-7	9.834066E-3
1.490000E-7	9.734715E-3
1.490500E-7	9.640503E-3
1.491000E-7	9.559994E-3
1.491500E-7	9.508606E-3
1.492000E-7	9.467495E-3
1.492500E-7	9.434949E-3
1.493000E-7	9.421245E-3
1.493500E-7	9.426384E-3
1.494000E-7	9.445227E-3
1.494500E-7	9.477773E-3
1.495000E-7	9.525735E-3
1.495500E-7	9.582263E-3
1.496000E-7	9.647355E-3
1.496500E-7	9.719299E-3
1.497000E-7	9.768974E-3
1.497500E-7	9.791242E-3
1.498000E-7	9.811798E-3
1.498500E-7	9.825501E-3
1.499000E-7	9.822076E-3
1.499500E-7	9.810085E-3
1.500000E-7	9.796381E-3
1.500500E-7	9.786104E-3
1.501000E-7	9.798094E-3
1.501500E-7	9.840918E-3
1.502000E-7	9.894019E-3
1.502500E-7	9.947121E-3
1.503000E-7	9.996796E-3
1.503500E-7	1.003277E-2
1.504000E-7	1.003448E-2
1.504500E-7	1.000194E-2
1.505000E-7	9.935130E-3
1.505500E-7	9.832353E-3
1.506000E-7	9.698743E-3
1.506500E-7	9.541152E-3
1.507000E-7	9.378421E-3
1.507500E-7	9.243098E-3
1.508000E-7	9.160877E-3
1.508500E-7	9.152312E-3
1.509000E-7	9.212265E-3
1.509500E-7	9.330459E-3
1.510000E-7	9.500041E-3
1.510500E-7	9.710734E-3
1.511000E-7	9.923140E-3
1.511500E-7	1.012184E-2
1.512000E-7	1.029485E-2
1.512500E-7	1.040790E-2
1.513000E-7	1.042846E-2
1.513500E-7	1.038564E-2
1.514000E-7	1.028115E-2
1.514500E-7	1.010814E-2
1.515000E-7	9.888881E-3
1.515500E-7	9.690178E-3
1.516000E-7	9.520596E-3
1.516500E-7	9.359579E-3
1.517000E-7	9.236247E-3
1.517500E-7	9.195136E-3
1.518000E-7	9.207126E-3
1.518500E-7	9.255089E-3
1.519000E-7	9.356153E-3
1.519500E-7	9.503467E-3
1.520000E-7	9.655919E-3
1.520500E-7	9.810085E-3
1.521000E-7	9.962537E-3
1.521500E-7	1.008073E-2
1.522000E-7	1.015267E-2
1.522500E-7	1.020749E-2
1.523000E-7	1.023832E-2
1.523500E-7	1.022291E-2
1.524000E-7	1.015781E-2
1.524500E-7	1.005846E-2
1.525000E-7	9.940269E-3
1.525500E-7	9.813511E-3
1.526000E-7	9.678188E-3
1.526500E-7	9.534300E-3
1.527000E-7	9.416106E-3
1.527500E-7	9.335598E-3
1.528000E-7	9.277357E-3
1.528500E-7	9.229395E-3
1.529000E-7	9.207126E-3
1.529500E-7	9.208839E-3
1.530000E-7	9.222543E-3
1.530500E-7	9.237960E-3
1.531000E-7	9.251663E-3
1.531500E-7	9.268793E-3
1.532000E-7	9.287635E-3
1.532500E-7	9.299626E-3
1.533000E-7	9.301339E-3
1.533500E-7	9.292774E-3
1.534000E-7	9.270506E-3
1.534500E-7	9.224256E-3
1.535000E-7	9.152312E-3
1.535500E-7	9.087220E-3
1.536000E-7	9.052961E-3
1.536500E-7	9.056387E-3
1.537000E-7	9.090646E-3
1.537500E-7	9.162590E-3
1.538000E-7	9.243098E-3
1.538500E-7	9.315042E-3
1.539000E-7	9.388699E-3
1.539500E-7	9.452078E-3
1.540000E-7	9.470921E-3
1.540500E-7	9.434949E-3
1.541000E-7	9.366431E-3
1.541500E-7	9.273932E-3
1.542000E-7	9.143747E-3
1.542500E-7	8.967313E-3
1.543000E-7	8.760047E-3
1.543500E-7	8.590464E-3
1.544000E-7	8.485975E-3
1.544500E-7	8.420882E-3
1.545000E-7	8.390049E-3
1.545500E-7	8.434586E-3
1.546000E-7	8.544215E-3
1.546500E-7	8.672686E-3
1.547000E-7	8.813148E-3
1.547500E-7	8.948471E-3
1.548000E-7	9.044396E-3
1.548500E-7	9.106062E-3
1.549000E-7	9.131757E-3
1.549500E-7	9.119766E-3
1.550000E-7	9.083794E-3
1.550500E-7	9.037544E-3
1.551000E-7	8.972452E-3
1.551500E-7	8.900508E-3
1.552000E-7	8.845694E-3
1.552500E-7	8.809722E-3
1.553000E-7	8.792593E-3
1.553500E-7	8.814861E-3
1.554000E-7	8.885092E-3
1.554500E-7	8.974165E-3
1.555000E-7	9.075229E-3
1.555500E-7	9.176293E-3
1.556000E-7	9.260228E-3
1.556500E-7	9.321894E-3
1.557000E-7	9.349301E-3
1.557500E-7	9.337311E-3
1.558000E-7	9.297913E-3
1.558500E-7	9.239673E-3
1.559000E-7	9.152312E-3
1.559500E-7	9.061526E-3
1.560000E-7	8.991295E-3
1.560500E-7	8.946758E-3
1.561000E-7	8.926203E-3
1.561500E-7	8.934767E-3
1.562000E-7	8.970739E-3
1.562500E-7	9.016989E-3
1.563000E-7	9.071803E-3
1.563500E-7	9.136896E-3
1.564000E-7	9.210552E-3
1.564500E-7	9.272219E-3
1.565000E-7	9.323607E-3
1.565500E-7	9.371570E-3
1.566000E-7	9.402403E-3
1.566500E-7	9.409255E-3
1.567000E-7	9.405829E-3
1.567500E-7	9.397264E-3
1.568000E-7	9.356153E-3
1.568500E-7	9.303052E-3
1.569000E-7	9.270506E-3
1.569500E-7	9.246524E-3
1.570000E-7	9.220830E-3
1.570500E-7	9.210552E-3
1.571000E-7	9.208839E-3
1.571500E-7	9.212265E-3
1.572000E-7	9.237960E-3
1.572500E-7	9.268793E-3
1.573000E-7	9.270506E-3
1.573500E-7	9.273932E-3
1.574000E-7	9.294487E-3
1.574500E-7	9.284209E-3
1.575000E-7	9.227682E-3
1.575500E-7	9.154025E-3
1.576000E-7	9.071803E-3
1.576500E-7	8.975878E-3
1.577000E-7	8.893657E-3
1.577500E-7	8.843981E-3
1.578000E-7	8.821713E-3
1.578500E-7	8.838842E-3
1.579000E-7	8.900508E-3
1.579500E-7	9.001572E-3
1.580000E-7	9.130044E-3
1.580500E-7	9.277357E-3
1.581000E-7	9.416106E-3
1.581500E-7	9.534300E-3
1.582000E-7	9.621660E-3
1.582500E-7	9.649068E-3
1.583000E-7	9.628512E-3
1.583500E-7	9.577124E-3
1.584000E-7	9.486337E-3
1.584500E-7	9.347588E-3
1.585000E-7	9.181432E-3
1.585500E-7	9.003285E-3
1.586000E-7	8.818287E-3
1.586500E-7	8.638427E-3
1.587000E-7	8.496252E-3
1.587500E-7	8.403753E-3
1.588000E-7	8.359216E-3
1.588500E-7	8.364355E-3
1.589000E-7	8.422595E-3
1.589500E-7	8.520234E-3
1.590000E-7	8.643566E-3
1.590500E-7	8.780602E-3
1.591000E-7	8.922777E-3
1.591500E-7	9.047822E-3
1.592000E-7	9.133470E-3
1.592500E-7	9.171155E-3
1.593000E-7	9.157451E-3
1.593500E-7	9.099211E-3
1.594000E-7	9.003285E-3
1.594500E-7	8.879953E-3
1.595000E-7	8.756621E-3
1.595500E-7	8.655557E-3
1.596000E-7	8.573335E-3
1.596500E-7	8.508243E-3
1.597000E-7	8.489400E-3
1.597500E-7	8.527085E-3
1.598000E-7	8.602455E-3
1.598500E-7	8.691529E-3
1.599000E-7	8.780602E-3
1.599500E-7	8.871388E-3
1.600000E-7	8.963888E-3
1.600500E-7	9.037544E-3
1.601000E-7	9.052961E-3
1.601500E-7	9.030693E-3
1.602000E-7	9.004998E-3
1.602500E-7	8.955323E-3
1.603000E-7	8.866249E-3
1.603500E-7	8.782315E-3
1.604000E-7	8.718936E-3
1.604500E-7	8.658982E-3
1.605000E-7	8.611020E-3
1.605500E-7	8.593890E-3
1.606000E-7	8.617872E-3
1.606500E-7	8.669260E-3
1.607000E-7	8.736065E-3
1.607500E-7	8.797731E-3
1.608000E-7	8.855972E-3
1.608500E-7	8.917638E-3
1.609000E-7	8.957036E-3
1.609500E-7	8.967313E-3
1.610000E-7	8.967313E-3
1.610500E-7	8.962175E-3
1.611000E-7	8.948471E-3
1.611500E-7	8.927916E-3
1.612000E-7	8.890231E-3
1.612500E-7	8.855972E-3
1.613000E-7	8.838842E-3
1.613500E-7	8.814861E-3
1.614000E-7	8.787454E-3
1.614500E-7	8.785741E-3
1.615000E-7	8.790880E-3
1.615500E-7	8.768611E-3
1.616000E-7	8.724075E-3
1.616500E-7	8.670973E-3
1.617000E-7	8.595603E-3
1.617500E-7	8.513382E-3
1.618000E-7	8.432873E-3
1.618500E-7	8.347226E-3
1.619000E-7	8.263291E-3
1.619500E-7	8.203338E-3
1.620000E-7	8.175931E-3
1.620500E-7	8.179356E-3
1.621000E-7	8.223893E-3
1.621500E-7	8.288985E-3
1.622000E-7	8.362642E-3
1.622500E-7	8.450003E-3
1.623000E-7	8.547641E-3
1.623500E-7	8.646992E-3
1.624000E-7	8.746343E-3
1.624500E-7	8.857685E-3
1.625000E-7	8.969026E-3
1.625500E-7	9.042683E-3
1.626000E-7	9.080368E-3
1.626500E-7	9.107775E-3
1.627000E-7	9.138608E-3
1.627500E-7	9.162590E-3
1.628000E-7	9.179719E-3
1.628500E-7	9.183145E-3
1.629000E-7	9.166016E-3
1.629500E-7	9.133470E-3
1.630000E-7	9.109488E-3
1.630500E-7	9.076942E-3
1.631000E-7	9.027267E-3
1.631500E-7	8.982730E-3
1.632000E-7	8.938193E-3
1.632500E-7	8.874814E-3
1.633000E-7	8.806296E-3
1.633500E-7	8.756621E-3
1.634000E-7	8.715510E-3
1.634500E-7	8.684677E-3
1.635000E-7	8.684677E-3
1.635500E-7	8.710371E-3
1.636000E-7	8.758334E-3
1.636500E-7	8.837129E-3
1.637000E-7	8.929629E-3
1.637500E-7	8.994721E-3
1.638000E-7	9.035831E-3
1.638500E-7	9.061526E-3
1.639000E-7	9.034119E-3
1.639500E-7	8.943332E-3
1.640000E-7	8.826852E-3
1.640500E-7	8.703519E-3
1.641000E-7	8.552780E-3
1.641500E-7	8.388336E-3
1.642000E-7	8.253013E-3
1.642500E-7	8.155375E-3
1.643000E-7	8.088570E-3
1.643500E-7	8.066302E-3
1.644000E-7	8.117690E-3
1.644500E-7	8.211903E-3
1.645000E-7	8.309541E-3
1.645500E-7	8.390049E-3
1.646000E-7	8.446577E-3
1.646500E-7	8.487687E-3
1.647000E-7	8.506530E-3
1.647500E-7	8.491113E-3
1.648000E-7	8.426021E-3
1.648500E-7	8.342087E-3
1.649000E-7	8.283846E-3
1.649500E-7	8.268430E-3
1.650000E-7	8.288985E-3
1.650500E-7	8.343800E-3
1.651000E-7	8.451716E-3
1.651500E-7	8.628149E-3
1.652000E-7	8.830277E-3
1.652500E-7	9.008424E-3
1.653000E-7	9.169442E-3
1.653500E-7	9.333885E-3
1.654000E-7	9.455504E-3
1.654500E-7	9.488050E-3
1.655000E-7	9.455504E-3
1.655500E-7	9.380134E-3
1.656000E-7	9.246524E-3
1.656500E-7	9.070090E-3
1.657000E-7	8.902221E-3
1.657500E-7	8.758334E-3
1.658000E-7	8.648705E-3
1.658500E-7	8.592177E-3
1.659000E-7	8.593890E-3
1.659500E-7	8.631575E-3
1.660000E-7	8.698380E-3
1.660500E-7	8.782315E-3
1.661000E-7	8.876527E-3
1.661500E-7	8.963888E-3
1.662000E-7	9.025554E-3
1.662500E-7	9.037544E-3
1.663000E-7	8.994721E-3
1.663500E-7	8.912499E-3
1.664000E-7	8.799444E-3
1.664500E-7	8.658982E-3
1.665000E-7	8.484262E-3
1.665500E-7	8.290698E-3
1.666000E-7	8.112551E-3
1.666500E-7	7.975515E-3
1.667000E-7	7.860748E-3
1.667500E-7	7.768248E-3
1.668000E-7	7.723712E-3
1.668500E-7	7.721999E-3
1.669000E-7	7.733989E-3
1.669500E-7	7.766535E-3
1.670000E-7	7.812785E-3
1.670500E-7	7.848757E-3
1.671000E-7	7.864174E-3
1.671500E-7	7.883016E-3
1.672000E-7	7.906997E-3
1.672500E-7	7.930979E-3
1.673000E-7	7.961812E-3
1.673500E-7	7.992645E-3
1.674000E-7	8.020052E-3
1.674500E-7	8.030330E-3
1.675000E-7	8.028617E-3
1.675500E-7	8.030330E-3
1.676000E-7	8.038895E-3
1.676500E-7	8.056024E-3
1.677000E-7	8.074867E-3
1.677500E-7	8.095422E-3
1.678000E-7	8.100561E-3
1.678500E-7	8.093709E-3
1.679000E-7	8.112551E-3
1.679500E-7	8.160514E-3
1.680000E-7	8.201625E-3
1.680500E-7	8.211903E-3
1.681000E-7	8.210190E-3
1.681500E-7	8.227319E-3
1.682000E-7	8.235884E-3
1.682500E-7	8.218754E-3
1.683000E-7	8.191347E-3
1.683500E-7	8.160514E-3
1.684000E-7	8.105700E-3
1.684500E-7	8.028617E-3
1.685000E-7	7.949821E-3
1.685500E-7	7.883016E-3
1.686000E-7	7.829915E-3
1.686500E-7	7.780239E-3
1.687000E-7	7.742554E-3
1.687500E-7	7.715147E-3
1.688000E-7	7.703156E-3
1.688500E-7	7.696305E-3
1.689000E-7	7.692879E-3
1.689500E-7	7.696305E-3
1.690000E-7	7.692879E-3
1.690500E-7	7.684314E-3
1.691000E-7	7.706582E-3
1.691500E-7	7.752832E-3
1.692000E-7	7.800794E-3
1.692500E-7	7.857322E-3
1.693000E-7	7.960099E-3
1.693500E-7	8.103987E-3
1.694000E-7	8.254726E-3
1.694500E-7	8.402040E-3
1.695000E-7	8.535650E-3
1.695500E-7	8.633288E-3
1.696000E-7	8.688103E-3
1.696500E-7	8.710371E-3
1.697000E-7	8.715510E-3
1.697500E-7	8.717223E-3
1.698000E-7	8.715510E-3
1.698500E-7	8.691529E-3
1.699000E-7	8.664121E-3
1.699500E-7	8.643566E-3
1.700000E-7	8.616159E-3
1.700500E-7	8.566483E-3
1.701000E-7	8.521946E-3
1.701500E-7	8.489400E-3
1.702000E-7	8.443151E-3
1.702500E-7	8.371207E-3
1.703000E-7	8.290698E-3
1.703500E-7	8.218754E-3
1.704000E-7	8.170792E-3
1.704500E-7	8.143385E-3
1.705000E-7	8.115977E-3
1.705500E-7	8.081718E-3
1.706000E-7	8.068015E-3
1.706500E-7	8.078292E-3
1.707000E-7	8.074867E-3
1.707500E-7	8.044033E-3
1.708000E-7	8.013200E-3
1.708500E-7	7.977228E-3
1.709000E-7	7.934405E-3
1.709500E-7	7.891581E-3
1.710000E-7	7.843618E-3
1.710500E-7	7.800794E-3
1.711000E-7	7.780239E-3
1.711500E-7	7.778526E-3
1.712000E-7	7.778526E-3
1.712500E-7	7.795656E-3
1.713000E-7	7.845331E-3
1.713500E-7	7.895007E-3
1.714000E-7	7.920701E-3
1.714500E-7	7.925840E-3
1.715000E-7	7.932692E-3
1.715500E-7	7.929266E-3
1.716000E-7	7.912136E-3
1.716500E-7	7.879590E-3
1.717000E-7	7.860748E-3
1.717500E-7	7.855609E-3
1.718000E-7	7.865887E-3
1.718500E-7	7.913849E-3
1.719000E-7	8.009774E-3
1.719500E-7	8.112551E-3
1.720000E-7	8.210190E-3
1.720500E-7	8.314680E-3
1.721000E-7	8.395188E-3
1.721500E-7	8.443151E-3
1.722000E-7	8.477410E-3
1.722500E-7	8.494539E-3
1.723000E-7	8.463706E-3
1.723500E-7	8.393475E-3
1.724000E-7	8.319818E-3
1.724500E-7	8.241023E-3
1.725000E-7	8.143385E-3
1.725500E-7	8.054311E-3
1.726000E-7	7.985793E-3
1.726500E-7	7.936118E-3
1.727000E-7	7.891581E-3
1.727500E-7	7.869312E-3
1.728000E-7	7.872738E-3
1.728500E-7	7.893294E-3
1.729000E-7	7.920701E-3
1.729500E-7	7.949821E-3
1.730000E-7	7.987506E-3
1.730500E-7	8.035469E-3
1.731000E-7	8.088570E-3
1.731500E-7	8.129681E-3
1.732000E-7	8.151949E-3
1.732500E-7	8.148523E-3
1.733000E-7	8.136533E-3
1.733500E-7	8.129681E-3
1.734000E-7	8.129681E-3
1.734500E-7	8.122829E-3
1.735000E-7	8.117690E-3
1.735500E-7	8.141672E-3
1.736000E-7	8.196486E-3
1.736500E-7	8.239310E-3
1.737000E-7	8.263291E-3
1.737500E-7	8.278708E-3
1.738000E-7	8.290698E-3
1.738500E-7	8.292411E-3
1.739000E-7	8.270143E-3
1.739500E-7	8.215328E-3
1.740000E-7	8.151949E-3
1.740500E-7	8.093709E-3
1.741000E-7	8.035469E-3
1.741500E-7	7.972090E-3
1.742000E-7	7.930979E-3
1.742500E-7	7.912136E-3
1.743000E-7	7.888155E-3
1.743500E-7	7.876164E-3
1.744000E-7	7.891581E-3
1.744500E-7	7.924127E-3
1.745000E-7	7.963525E-3
1.745500E-7	8.021765E-3
1.746000E-7	8.110838E-3
1.746500E-7	8.206764E-3
1.747000E-7	8.300976E-3
1.747500E-7	8.395188E-3
1.748000E-7	8.485975E-3
1.748500E-7	8.545928E-3
1.749000E-7	8.563057E-3
1.749500E-7	8.549354E-3
1.750000E-7	8.509956E-3
1.750500E-7	8.441438E-3
1.751000E-7	8.355790E-3
1.751500E-7	8.280421E-3
1.752000E-7	8.199912E-3
1.752500E-7	8.109126E-3
1.753000E-7	8.038895E-3
1.753500E-7	8.011487E-3
1.754000E-7	8.011487E-3
1.754500E-7	8.028617E-3
1.755000E-7	8.068015E-3
1.755500E-7	8.121116E-3
1.756000E-7	8.177644E-3
1.756500E-7	8.227319E-3
1.757000E-7	8.263291E-3
1.757500E-7	8.297550E-3
1.758000E-7	8.314680E-3
1.758500E-7	8.300976E-3
1.759000E-7	8.266717E-3
1.759500E-7	8.232458E-3
1.760000E-7	8.165653E-3
1.760500E-7	8.047459E-3
1.761000E-7	7.913849E-3
1.761500E-7	7.793943E-3
1.762000E-7	7.675749E-3
1.762500E-7	7.567833E-3
1.763000E-7	7.475334E-3
1.763500E-7	7.384548E-3
1.764000E-7	7.298900E-3
1.764500E-7	7.242373E-3
1.765000E-7	7.211540E-3
1.765500E-7	7.208114E-3
1.766000E-7	7.232095E-3
1.766500E-7	7.269780E-3
1.767000E-7	7.305752E-3
1.767500E-7	7.353715E-3
1.768000E-7	7.418807E-3
1.768500E-7	7.470195E-3
1.769000E-7	7.487325E-3
1.769500E-7	7.502741E-3
1.770000E-7	7.531861E-3
1.770500E-7	7.548991E-3
1.771000E-7	7.548991E-3
1.771500E-7	7.554130E-3
1.772000E-7	7.579824E-3
1.772500E-7	7.622648E-3
1.773000E-7	7.658620E-3
1.773500E-7	7.689453E-3
1.774000E-7	7.735702E-3
1.774500E-7	7.807646E-3
1.775000E-7	7.888155E-3
1.775500E-7	7.958386E-3
1.776000E-7	8.021765E-3
1.776500E-7	8.066302E-3
1.777000E-7	8.091996E-3
1.777500E-7	8.115977E-3
1.778000E-7	8.129681E-3
1.778500E-7	8.105700E-3
1.779000E-7	8.068015E-3
1.779500E-7	8.045746E-3
1.780000E-7	8.026904E-3
1.780500E-7	7.982367E-3
1.781000E-7	7.925840E-3
1.781500E-7	7.881303E-3
1.782000E-7	7.852183E-3
1.782500E-7	7.805933E-3
1.783000E-7	7.745980E-3
1.783500E-7	7.682601E-3
1.784000E-7	7.614083E-3
1.784500E-7	7.545565E-3
1.785000E-7	7.485612E-3
1.785500E-7	7.459917E-3
1.786000E-7	7.466769E-3
1.786500E-7	7.485612E-3
1.787000E-7	7.502741E-3
1.787500E-7	7.525010E-3
1.788000E-7	7.557556E-3
1.788500E-7	7.584963E-3
1.789000E-7	7.596953E-3
1.789500E-7	7.610657E-3
1.790000E-7	7.627787E-3
1.790500E-7	7.622648E-3
1.791000E-7	7.591815E-3
1.791500E-7	7.543852E-3
1.792000E-7	7.482186E-3
1.792500E-7	7.413668E-3
1.793000E-7	7.360566E-3
1.793500E-7	7.331446E-3
1.794000E-7	7.328020E-3
1.794500E-7	7.350289E-3
1.795000E-7	7.401677E-3
1.795500E-7	7.468482E-3
1.796000E-7	7.547278E-3
1.796500E-7	7.620935E-3
1.797000E-7	7.667184E-3
1.797500E-7	7.698017E-3
1.798000E-7	7.711721E-3
1.798500E-7	7.713434E-3
1.799000E-7	7.723712E-3
1.799500E-7	7.747693E-3
1.800000E-7	7.757971E-3
1.800500E-7	7.757971E-3
1.801000E-7	7.776813E-3
1.801500E-7	7.811072E-3
1.802000E-7	7.841905E-3
1.802500E-7	7.865887E-3
1.803000E-7	7.881303E-3
1.803500E-7	7.869312E-3
1.804000E-7	7.829915E-3
1.804500E-7	7.775100E-3
1.805000E-7	7.711721E-3
1.805500E-7	7.644916E-3
1.806000E-7	7.581537E-3
1.806500E-7	7.507880E-3
1.807000E-7	7.430797E-3
1.807500E-7	7.360566E-3
1.808000E-7	7.304039E-3
1.808500E-7	7.264641E-3
1.809000E-7	7.256076E-3
1.809500E-7	7.259502E-3
1.810000E-7	7.261215E-3
1.810500E-7	7.262928E-3
1.811000E-7	7.271493E-3
1.811500E-7	7.254363E-3
1.812000E-7	7.208114E-3
1.812500E-7	7.158438E-3
1.813000E-7	7.120753E-3
1.813500E-7	7.089920E-3
1.814000E-7	7.067652E-3
1.814500E-7	7.060800E-3
1.815000E-7	7.053948E-3
1.815500E-7	7.031680E-3
1.816000E-7	6.999134E-3
1.816500E-7	6.971727E-3
1.817000E-7	6.963162E-3
1.817500E-7	6.970014E-3
1.818000E-7	6.980291E-3
1.818500E-7	6.990569E-3
1.819000E-7	7.014550E-3
1.819500E-7	7.050522E-3
1.820000E-7	7.101911E-3
1.820500E-7	7.189271E-3
1.821000E-7	7.295474E-3
1.821500E-7	7.391399E-3
1.822000E-7	7.478760E-3
1.822500E-7	7.545565E-3
1.823000E-7	7.574685E-3
1.823500E-7	7.557556E-3
1.824000E-7	7.507880E-3
1.824500E-7	7.430797E-3
1.825000E-7	7.343437E-3
1.825500E-7	7.271493E-3
1.826000E-7	7.209827E-3
1.826500E-7	7.153299E-3
1.827000E-7	7.120753E-3
1.827500E-7	7.134457E-3
1.828000E-7	7.194410E-3
1.828500E-7	7.290335E-3
1.829000E-7	7.410242E-3
1.829500E-7	7.535287E-3
1.830000E-7	7.639777E-3
1.830500E-7	7.711721E-3
1.831000E-7	7.756258E-3
1.831500E-7	7.778526E-3
1.832000E-7	7.761397E-3
1.832500E-7	7.689453E-3
1.833000E-7	7.591815E-3
1.833500E-7	7.494176E-3
1.834000E-7	7.399964E-3
1.834500E-7	7.293761E-3
1.835000E-7	7.204688E-3
1.835500E-7	7.143022E-3
1.836000E-7	7.091633E-3
1.836500E-7	7.045384E-3
1.837000E-7	7.021402E-3
1.837500E-7	7.029967E-3
1.838000E-7	7.067652E-3
1.838500E-7	7.139596E-3
1.839000E-7	7.228669E-3
1.839500E-7	7.316030E-3
1.840000E-7	7.391399E-3
1.840500E-7	7.459917E-3
1.841000E-7	7.523297E-3
1.841500E-7	7.569546E-3
1.842000E-7	7.603805E-3
1.842500E-7	7.612370E-3
1.843000E-7	7.583250E-3
1.843500E-7	7.518158E-3
1.844000E-7	7.425658E-3
1.844500E-7	7.317743E-3
1.845000E-7	7.201262E-3
1.845500E-7	7.083068E-3
1.846000E-7	6.985430E-3
1.846500E-7	6.916912E-3
1.847000E-7	6.870663E-3
1.847500E-7	6.839830E-3
1.848000E-7	6.844968E-3
1.848500E-7	6.889505E-3
1.849000E-7	6.942607E-3
1.849500E-7	6.995708E-3
1.850000E-7	7.059087E-3
1.850500E-7	7.125892E-3
1.851000E-7	7.178994E-3
1.851500E-7	7.226956E-3
1.852000E-7	7.274919E-3
1.852500E-7	7.302326E-3
1.853000E-7	7.292048E-3
1.853500E-7	7.254363E-3
1.854000E-7	7.185845E-3
1.854500E-7	7.096772E-3
1.855000E-7	7.014550E-3
1.855500E-7	6.942607E-3
1.856000E-7	6.851820E-3
1.856500E-7	6.764460E-3
1.857000E-7	6.711358E-3
1.857500E-7	6.695942E-3
1.858000E-7	6.723349E-3
1.858500E-7	6.803858E-3
1.859000E-7	6.904922E-3
1.859500E-7	6.997421E-3
1.860000E-7	7.098485E-3
1.860500E-7	7.204688E-3
1.861000E-7	7.281771E-3
1.861500E-7	7.314317E-3
1.862000E-7	7.304039E-3
1.862500E-7	7.249225E-3
1.863000E-7	7.165290E-3
1.863500E-7	7.064226E-3
1.864000E-7	6.949458E-3
1.864500E-7	6.844968E-3
1.865000E-7	6.781589E-3
1.865500E-7	6.743904E-3
1.866000E-7	6.718210E-3
1.866500E-7	6.721636E-3
1.867000E-7	6.759321E-3
1.867500E-7	6.815848E-3
1.868000E-7	6.887792E-3
1.868500E-7	6.980291E-3
1.869000E-7	7.086494E-3
1.869500E-7	7.180707E-3
1.870000E-7	7.268067E-3
1.870500E-7	7.338298E-3
1.871000E-7	7.365705E-3
1.871500E-7	7.360566E-3
1.872000E-7	7.355427E-3
1.872500E-7	7.355427E-3
1.873000E-7	7.352002E-3
1.873500E-7	7.340011E-3
1.874000E-7	7.334872E-3
1.874500E-7	7.341724E-3
1.875000E-7	7.362279E-3
1.875500E-7	7.406816E-3
1.876000E-7	7.470195E-3
1.876500E-7	7.533574E-3
1.877000E-7	7.578111E-3
1.877500E-7	7.593528E-3
1.878000E-7	7.571259E-3
1.878500E-7	7.511306E-3
1.879000E-7	7.425658E-3
1.879500E-7	7.340011E-3
1.880000E-7	7.249225E-3
1.880500E-7	7.134457E-3
1.881000E-7	7.002560E-3
1.881500E-7	6.887792E-3
1.882000E-7	6.783302E-3
1.882500E-7	6.678812E-3
1.883000E-7	6.600017E-3
1.883500E-7	6.546915E-3
1.884000E-7	6.492101E-3
1.884500E-7	6.437286E-3
1.885000E-7	6.411592E-3
1.885500E-7	6.413305E-3
1.886000E-7	6.432147E-3
1.886500E-7	6.469832E-3
1.887000E-7	6.531499E-3
1.887500E-7	6.608581E-3
1.888000E-7	6.699368E-3
1.888500E-7	6.800432E-3
1.889000E-7	6.898070E-3
1.889500E-7	6.988856E-3
1.890000E-7	7.069365E-3
1.890500E-7	7.141309E-3
1.891000E-7	7.214966E-3
1.891500E-7	7.292048E-3
1.892000E-7	7.353715E-3
1.892500E-7	7.384548E-3
1.893000E-7	7.389686E-3
1.893500E-7	7.374270E-3
1.894000E-7	7.322881E-3
1.894500E-7	7.250938E-3
1.895000E-7	7.180707E-3
1.895500E-7	7.115614E-3
1.896000E-7	7.060800E-3
1.896500E-7	7.031680E-3
1.897000E-7	7.029967E-3
1.897500E-7	7.048809E-3
1.898000E-7	7.096772E-3
1.898500E-7	7.170429E-3
1.899000E-7	7.254363E-3
1.899500E-7	7.322881E-3
1.900000E-7	7.367418E-3
1.900500E-7	7.386261E-3
1.901000E-7	7.365705E-3
1.901500E-7	7.307465E-3
1.902000E-7	7.216679E-3
1.902500E-7	7.115614E-3
1.903000E-7	7.004273E-3
1.903500E-7	6.882653E-3
1.904000E-7	6.767886E-3
1.904500E-7	6.665109E-3
1.905000E-7	6.570896E-3
1.905500E-7	6.492101E-3
1.906000E-7	6.432147E-3
1.906500E-7	6.377333E-3
1.907000E-7	6.320806E-3
1.907500E-7	6.277982E-3
1.908000E-7	6.257426E-3
1.908500E-7	6.243723E-3
1.909000E-7	6.260852E-3
1.909500E-7	6.315667E-3
1.910000E-7	6.392750E-3
1.910500E-7	6.492101E-3
1.911000E-7	6.615433E-3
1.911500E-7	6.738765E-3
1.912000E-7	6.843255E-3
1.912500E-7	6.946032E-3
1.913000E-7	7.047096E-3
1.913500E-7	7.112189E-3
1.914000E-7	7.139596E-3
1.914500E-7	7.146448E-3
1.915000E-7	7.146448E-3
1.915500E-7	7.144735E-3
1.916000E-7	7.120753E-3
1.916500E-7	7.062513E-3
1.917000E-7	7.002560E-3
1.917500E-7	6.976866E-3
1.918000E-7	6.951171E-3
1.918500E-7	6.898070E-3
1.919000E-7	6.838117E-3
1.919500E-7	6.793580E-3
1.920000E-7	6.774737E-3
1.920500E-7	6.757608E-3
1.921000E-7	6.731914E-3
1.921500E-7	6.706219E-3
1.922000E-7	6.685664E-3
1.922500E-7	6.678812E-3
1.923000E-7	6.678812E-3
1.923500E-7	6.704506E-3
1.924000E-7	6.764460E-3
1.924500E-7	6.844968E-3
1.925000E-7	6.922051E-3
1.925500E-7	7.014550E-3
1.926000E-7	7.112189E-3
1.926500E-7	7.187558E-3
1.927000E-7	7.237234E-3
1.927500E-7	7.259502E-3
1.928000E-7	7.223530E-3
1.928500E-7	7.110476E-3
1.929000E-7	6.947745E-3
1.929500E-7	6.764460E-3
1.930000E-7	6.574322E-3
1.930500E-7	6.411592E-3
1.931000E-7	6.295111E-3
1.931500E-7	6.214603E-3
1.932000E-7	6.173492E-3
1.932500E-7	6.190621E-3
1.933000E-7	6.250575E-3
1.933500E-7	6.344787E-3
1.934000E-7	6.454416E-3
1.934500E-7	6.567470E-3
1.935000E-7	6.685664E-3
1.935500E-7	6.797006E-3
1.936000E-7	6.880940E-3
1.936500E-7	6.928903E-3
1.937000E-7	6.968301E-3
1.937500E-7	7.009412E-3
1.938000E-7	7.035106E-3
1.938500E-7	7.033393E-3
1.939000E-7	7.033393E-3
1.939500E-7	7.057374E-3
1.940000E-7	7.088207E-3
1.940500E-7	7.124179E-3
1.941000E-7	7.178994E-3
1.941500E-7	7.235521E-3
1.942000E-7	7.273206E-3
1.942500E-7	7.285197E-3
1.943000E-7	7.280058E-3
1.943500E-7	7.244086E-3
1.944000E-7	7.177281E-3
1.944500E-7	7.093346E-3
1.945000E-7	7.012837E-3
1.945500E-7	6.934042E-3
1.946000E-7	6.858672E-3
1.946500E-7	6.791867E-3
1.947000E-7	6.713071E-3
1.947500E-7	6.627424E-3
1.948000E-7	6.543489E-3
1.948500E-7	6.456129E-3
1.949000E-7	6.358491E-3
1.949500E-7	6.269417E-3
1.950000E-7	6.197473E-3
1.950500E-7	6.123816E-3
1.951000E-7	6.055298E-3
1.951500E-7	6.003910E-3
1.952000E-7	5.964512E-3
1.952500E-7	5.935392E-3
1.953000E-7	5.935392E-3
1.953500E-7	5.983354E-3
1.954000E-7	6.067289E-3
1.954500E-7	6.161501E-3
1.955000E-7	6.272843E-3
1.955500E-7	6.418444E-3
1.956000E-7	6.567470E-3
1.956500E-7	6.678812E-3
1.957000E-7	6.752469E-3
1.957500E-7	6.800432E-3
1.958000E-7	6.807283E-3
1.958500E-7	6.749043E-3
1.959000E-7	6.629137E-3
1.959500E-7	6.469832E-3
1.960000E-7	6.296824E-3
1.960500E-7	6.132381E-3
1.961000E-7	5.988493E-3
1.961500E-7	5.884003E-3
1.962000E-7	5.815485E-3
1.962500E-7	5.782939E-3
1.963000E-7	5.803495E-3
1.963500E-7	5.889142E-3
1.964000E-7	6.014188E-3
1.964500E-7	6.139233E-3
1.965000E-7	6.264278E-3
1.965500E-7	6.382472E-3
1.966000E-7	6.466406E-3
1.966500E-7	6.519508E-3
1.967000E-7	6.555480E-3
1.967500E-7	6.564045E-3
1.968000E-7	6.540063E-3
1.968500E-7	6.519508E-3
1.969000E-7	6.510943E-3
1.969500E-7	6.505804E-3
1.970000E-7	6.512656E-3
1.970500E-7	6.531499E-3
1.971000E-7	6.550341E-3
1.971500E-7	6.560619E-3
1.972000E-7	6.560619E-3
1.972500E-7	6.526360E-3
1.973000E-7	6.456129E-3
1.973500E-7	6.375620E-3
1.974000E-7	6.281408E-3
1.974500E-7	6.158075E-3
1.975000E-7	6.038169E-3
1.975500E-7	5.964512E-3
1.976000E-7	5.916549E-3
1.976500E-7	5.872013E-3
1.977000E-7	5.863448E-3
1.977500E-7	5.921688E-3
1.978000E-7	6.007336E-3
1.978500E-7	6.075854E-3
1.979000E-7	6.147798E-3
1.979500E-7	6.242010E-3
1.980000E-7	6.343074E-3
1.980500E-7	6.423583E-3
1.981000E-7	6.492101E-3
1.981500E-7	6.567470E-3
1.982000E-7	6.635988E-3
1.982500E-7	6.678812E-3
1.983000E-7	6.699368E-3
1.983500E-7	6.690803E-3
1.984000E-7	6.654831E-3
1.984500E-7	6.612007E-3
1.985000E-7	6.586313E-3
1.985500E-7	6.574322E-3
1.986000E-7	6.558906E-3
1.986500E-7	6.552054E-3
1.987000E-7	6.558906E-3
1.987500E-7	6.555480E-3
1.988000E-7	6.552054E-3
1.988500E-7	6.565758E-3
1.989000E-7	6.589739E-3
1.989500E-7	6.608581E-3
1.990000E-7	6.637701E-3
1.990500E-7	6.673673E-3
1.991000E-7	6.702794E-3
1.991500E-7	6.749043E-3
1.992000E-7	6.812422E-3
1.992500E-7	6.870663E-3
1.993000E-7	6.913486E-3
1.993500E-7	6.944319E-3
1.994000E-7	6.964875E-3
1.994500E-7	6.982004E-3
1.995000E-7	7.000847E-3
1.995500E-7	6.995708E-3
1.996000E-7	6.959736E-3
1.996500E-7	6.918625E-3
1.997000E-7	6.884366E-3
1.997500E-7	6.848394E-3
1.998000E-7	6.805571E-3
1.998500E-7	6.761034E-3
1.999000E-7	6.713071E-3
1.999500E-7	6.661683E-3
2.000000E-7	6.620572E-3
