Study Name	PremaTech_CVD_SiC_HeandSi
Sample Name	2025-11-01
Run Name	spot04
Operator	Keshav
Date	11/1/2025
Time	18:28
Sign	FIX
Grating Spacing	06.40um
Channel	3
Number Traces	10000
Files in Batch	1
Batch Number	10
dt	50.000001E-12
time stamp (ms)	6:38:25 PM
	
Time	Amplitude
0.000000E+0	-4.196528E-4
5.000000E-11	-4.539118E-4
1.000000E-10	-4.453471E-4
1.500000E-10	-4.025233E-4
2.000000E-10	-3.442830E-4
2.500000E-10	-2.723391E-4
3.000000E-10	-1.729880E-4
3.500000E-10	-8.048869E-5
4.000000E-10	-6.831842E-6
4.500000E-10	7.196386E-5
5.000000E-10	1.610373E-4
5.500000E-10	2.346941E-4
6.000000E-10	2.929344E-4
6.500000E-10	3.460359E-4
7.000000E-10	3.905726E-4
7.500000E-10	4.077021E-4
8.000000E-10	3.957114E-4
8.500000E-10	3.768690E-4
9.000000E-10	3.665913E-4
9.500000E-10	3.546006E-4
1.000000E-9	3.323323E-4
1.050000E-9	3.049251E-4
1.100000E-9	2.997862E-4
1.150000E-9	3.134898E-4
1.200000E-9	3.374711E-4
1.250000E-9	3.768690E-4
1.300000E-9	4.128409E-4
1.350000E-9	4.282575E-4
1.400000E-9	4.231186E-4
1.450000E-9	3.922855E-4
1.500000E-9	3.340452E-4
1.550000E-9	2.672402E-4
1.600000E-9	1.970092E-4
1.650000E-9	1.147876E-4
1.700000E-9	2.914011E-5
1.750000E-9	-2.910019E-5
1.800000E-9	-4.965559E-5
1.850000E-9	-5.822034E-5
1.900000E-9	-5.479444E-5
1.950000E-9	-2.910019E-5
2.000000E-9	1.372356E-5
2.050000E-9	4.969551E-5
2.100000E-9	7.025091E-5
2.150000E-9	7.196386E-5
2.200000E-9	6.339911E-5
2.250000E-9	5.826026E-5
2.300000E-9	4.798256E-5
2.350000E-9	4.113076E-5
2.400000E-9	4.626961E-5
2.450000E-9	5.654731E-5
2.500000E-9	6.339911E-5
2.550000E-9	8.738041E-5
2.600000E-9	1.319171E-4
2.650000E-9	1.576114E-4
2.700000E-9	1.593243E-4
2.750000E-9	1.627502E-4
2.800000E-9	1.781668E-4
2.850000E-9	1.833056E-4
2.900000E-9	1.867315E-4
2.950000E-9	1.781668E-4
3.000000E-9	1.644632E-4
3.050000E-9	1.696020E-4
3.100000E-9	1.952963E-4
3.150000E-9	2.158517E-4
3.200000E-9	2.415459E-4
3.250000E-9	3.032121E-4
3.300000E-9	3.768690E-4
3.350000E-9	4.299704E-4
3.400000E-9	4.693683E-4
3.450000E-9	4.933496E-4
3.500000E-9	4.796460E-4
3.550000E-9	4.196927E-4
3.600000E-9	3.408970E-4
3.650000E-9	2.415459E-4
3.700000E-9	1.182135E-4
3.750000E-9	-3.423904E-5
3.800000E-9	-1.712750E-4
3.850000E-9	-2.757650E-4
3.900000E-9	-3.562737E-4
3.950000E-9	-4.110881E-4
4.000000E-9	-4.128010E-4
4.050000E-9	-3.682643E-4
4.100000E-9	-2.928945E-4
4.150000E-9	-1.798398E-4
4.200000E-9	-3.766494E-5
4.250000E-9	1.062229E-4
4.300000E-9	2.295553E-4
4.350000E-9	3.271934E-4
4.400000E-9	3.888596E-4
4.450000E-9	4.265445E-4
4.500000E-9	4.488129E-4
4.550000E-9	4.385352E-4
4.600000E-9	3.939985E-4
4.650000E-9	3.374711E-4
4.700000E-9	2.740920E-4
4.750000E-9	1.987222E-4
4.800000E-9	1.387689E-4
4.850000E-9	1.165006E-4
4.900000E-9	1.010840E-4
4.950000E-9	7.538976E-5
5.000000E-9	5.997321E-5
5.050000E-9	4.969551E-5
5.100000E-9	4.284371E-5
5.150000E-9	3.427896E-5
5.200000E-9	1.543651E-5
5.250000E-9	-2.738724E-5
5.300000E-9	-7.192394E-5
5.350000E-9	-1.113218E-4
5.400000E-9	-1.404419E-4
5.450000E-9	-1.627103E-4
5.500000E-9	-1.798398E-4
5.550000E-9	-1.866916E-4
5.600000E-9	-1.849786E-4
5.650000E-9	-1.815527E-4
5.700000E-9	-1.747009E-4
5.750000E-9	-1.644232E-4
5.800000E-9	-1.609973E-4
5.850000E-9	-1.644232E-4
5.900000E-9	-1.661362E-4
5.950000E-9	-1.592844E-4
6.000000E-9	-1.558585E-4
6.050000E-9	-1.438678E-4
6.100000E-9	-1.078959E-4
6.150000E-9	-6.678509E-5
6.200000E-9	-2.738724E-5
6.250000E-9	6.871758E-6
6.300000E-9	1.886241E-5
6.350000E-9	5.158808E-6
6.400000E-9	-1.539659E-5
6.450000E-9	-1.710954E-5
6.500000E-9	-1.539659E-5
6.550000E-9	-1.882249E-5
6.600000E-9	-1.025774E-5
6.650000E-9	1.372356E-5
6.700000E-9	5.483436E-5
6.750000E-9	9.765811E-5
6.800000E-9	1.456207E-4
6.850000E-9	1.918704E-4
6.900000E-9	2.449718E-4
6.950000E-9	2.877956E-4
7.000000E-9	2.929344E-4
7.050000E-9	2.655272E-4
7.100000E-9	2.244164E-4
7.150000E-9	1.644632E-4
7.200000E-9	6.168616E-5
7.250000E-9	-7.534984E-5
7.300000E-9	-2.260894E-4
7.350000E-9	-3.751161E-4
7.400000E-9	-4.915967E-4
7.450000E-9	-5.652536E-4
7.500000E-9	-6.097903E-4
7.550000E-9	-6.149291E-4
7.600000E-9	-5.515500E-4
7.650000E-9	-4.350694E-4
7.700000E-9	-3.014593E-4
7.750000E-9	-1.661362E-4
7.800000E-9	-4.622969E-5
7.850000E-9	3.427896E-5
7.900000E-9	7.710271E-5
7.950000E-9	9.937106E-5
8.000000E-9	9.251926E-5
8.050000E-9	5.312141E-5
8.100000E-9	1.732908E-6
8.150000E-9	-4.280379E-5
8.200000E-9	-7.706279E-5
8.250000E-9	-8.905344E-5
8.300000E-9	-8.562754E-5
8.350000E-9	-7.534984E-5
8.400000E-9	-4.622969E-5
8.450000E-9	3.445858E-6
8.500000E-9	6.168616E-5
8.550000E-9	1.353430E-4
8.600000E-9	2.227035E-4
8.650000E-9	2.860826E-4
8.700000E-9	3.134898E-4
8.750000E-9	3.203416E-4
8.800000E-9	3.014992E-4
8.850000E-9	2.621013E-4
8.900000E-9	2.295553E-4
8.950000E-9	2.089999E-4
9.000000E-9	1.781668E-4
9.050000E-9	1.456207E-4
9.100000E-9	1.199265E-4
9.150000E-9	8.395451E-5
9.200000E-9	5.140846E-5
9.250000E-9	4.113076E-5
9.300000E-9	4.798256E-5
9.350000E-9	5.483436E-5
9.400000E-9	7.196386E-5
9.450000E-9	1.010840E-4
9.500000E-9	1.284912E-4
9.550000E-9	1.524725E-4
9.600000E-9	1.661761E-4
9.650000E-9	1.541855E-4
9.700000E-9	1.233524E-4
9.750000E-9	9.594516E-5
9.800000E-9	8.052861E-5
9.850000E-9	6.168616E-5
9.900000E-9	5.312141E-5
9.950000E-9	5.312141E-5
1.000000E-8	5.483436E-5
1.005000E-8	7.881566E-5
1.010000E-8	1.524725E-4
1.015000E-8	2.329812E-4
1.020000E-8	2.929344E-4
1.025000E-8	3.734431E-4
1.030000E-8	4.882107E-4
1.035000E-8	5.772841E-4
1.040000E-8	6.320985E-4
1.045000E-8	6.800611E-4
1.050000E-8	7.023295E-4
1.055000E-8	6.869129E-4
1.060000E-8	6.577928E-4
1.065000E-8	6.252467E-4
1.070000E-8	5.652935E-4
1.075000E-8	4.916366E-4
1.080000E-8	4.094150E-4
1.085000E-8	3.100639E-4
1.090000E-8	2.124258E-4
1.095000E-8	1.233524E-4
1.100000E-8	3.599191E-5
1.105000E-8	-3.595199E-5
1.110000E-8	-7.877574E-5
1.115000E-8	-1.113218E-4
1.120000E-8	-1.387290E-4
1.125000E-8	-1.353031E-4
1.130000E-8	-1.044700E-4
1.135000E-8	-8.734049E-5
1.140000E-8	-8.048869E-5
1.145000E-8	-6.849804E-5
1.150000E-8	-5.136854E-5
1.155000E-8	-3.252609E-5
1.160000E-8	-1.025774E-5
1.165000E-8	5.158808E-6
1.170000E-8	2.571421E-5
1.175000E-8	4.798256E-5
1.180000E-8	6.168616E-5
1.185000E-8	6.853796E-5
1.190000E-8	8.909336E-5
1.195000E-8	1.233524E-4
1.200000E-8	1.439078E-4
1.205000E-8	1.696020E-4
1.210000E-8	2.227035E-4
1.215000E-8	2.860826E-4
1.220000E-8	3.306193E-4
1.225000E-8	3.494618E-4
1.230000E-8	3.563136E-4
1.235000E-8	3.511747E-4
1.240000E-8	3.254805E-4
1.245000E-8	3.032121E-4
1.250000E-8	2.963603E-4
1.255000E-8	2.997862E-4
1.260000E-8	3.049251E-4
1.265000E-8	2.963603E-4
1.270000E-8	2.775179E-4
1.275000E-8	2.603884E-4
1.280000E-8	2.192776E-4
1.285000E-8	1.524725E-4
1.290000E-8	8.395451E-5
1.295000E-8	1.029766E-5
1.300000E-8	-8.905344E-5
1.305000E-8	-1.952563E-4
1.310000E-8	-2.740521E-4
1.315000E-8	-3.374312E-4
1.320000E-8	-3.888197E-4
1.325000E-8	-4.076622E-4
1.330000E-8	-4.008104E-4
1.335000E-8	-3.648384E-4
1.340000E-8	-2.894686E-4
1.345000E-8	-1.798398E-4
1.350000E-8	-8.220164E-5
1.355000E-8	3.445858E-6
1.360000E-8	9.080631E-5
1.365000E-8	1.781668E-4
1.370000E-8	2.398330E-4
1.375000E-8	2.740920E-4
1.380000E-8	2.912215E-4
1.385000E-8	3.186287E-4
1.390000E-8	3.665913E-4
1.395000E-8	4.145539E-4
1.400000E-8	4.522388E-4
1.405000E-8	5.036273E-4
1.410000E-8	5.824230E-4
1.415000E-8	6.492280E-4
1.420000E-8	6.800611E-4
1.425000E-8	6.834870E-4
1.430000E-8	6.732093E-4
1.435000E-8	6.406633E-4
1.440000E-8	5.721453E-4
1.445000E-8	4.522388E-4
1.450000E-8	3.066380E-4
1.455000E-8	1.952963E-4
1.460000E-8	1.216394E-4
1.465000E-8	4.113076E-5
1.470000E-8	-3.937789E-5
1.475000E-8	-9.761820E-5
1.480000E-8	-1.335901E-4
1.485000E-8	-1.335901E-4
1.490000E-8	-7.877574E-5
1.495000E-8	-3.405942E-6
1.500000E-8	3.085306E-5
1.505000E-8	2.571421E-5
1.510000E-8	3.427896E-5
1.515000E-8	7.538976E-5
1.520000E-8	1.387689E-4
1.525000E-8	2.141387E-4
1.530000E-8	2.689531E-4
1.535000E-8	2.946474E-4
1.540000E-8	3.289064E-4
1.545000E-8	3.751560E-4
1.550000E-8	4.008503E-4
1.555000E-8	4.128409E-4
1.560000E-8	4.351093E-4
1.565000E-8	4.419611E-4
1.570000E-8	3.939985E-4
1.575000E-8	3.134898E-4
1.580000E-8	2.364071E-4
1.585000E-8	1.661761E-4
1.590000E-8	1.165006E-4
1.595000E-8	7.025091E-5
1.600000E-8	-1.368364E-5
1.605000E-8	-1.027570E-4
1.610000E-8	-1.215995E-4
1.615000E-8	-8.048869E-5
1.620000E-8	-4.109084E-5
1.625000E-8	5.158808E-6
1.630000E-8	8.395451E-5
1.635000E-8	1.918704E-4
1.640000E-8	3.083510E-4
1.645000E-8	3.974244E-4
1.650000E-8	4.368222E-4
1.655000E-8	4.659424E-4
1.660000E-8	5.173309E-4
1.665000E-8	5.224697E-4
1.670000E-8	4.590906E-4
1.675000E-8	4.111280E-4
1.680000E-8	3.785819E-4
1.685000E-8	2.826567E-4
1.690000E-8	1.747409E-4
1.695000E-8	1.404819E-4
1.700000E-8	1.302042E-4
1.705000E-8	8.395451E-5
1.710000E-8	4.798256E-5
1.715000E-8	6.168616E-5
1.720000E-8	9.937106E-5
1.725000E-8	1.456207E-4
1.730000E-8	2.089999E-4
1.735000E-8	2.929344E-4
1.740000E-8	3.922855E-4
1.745000E-8	4.830719E-4
1.750000E-8	5.481640E-4
1.755000E-8	6.081172E-4
1.760000E-8	6.697834E-4
1.765000E-8	6.920518E-4
1.770000E-8	6.732093E-4
1.775000E-8	6.440892E-4
1.780000E-8	6.046913E-4
1.785000E-8	5.464510E-4
1.790000E-8	5.293215E-4
1.795000E-8	6.046913E-4
1.800000E-8	7.759863E-4
1.805000E-8	1.087743E-3
1.810000E-8	1.625610E-3
1.815000E-8	2.416992E-3
1.820000E-8	3.436198E-3
1.825000E-8	4.729475E-3
1.830000E-8	6.329370E-3
1.835000E-8	8.198199E-3
1.840000E-8	1.028971E-2
1.845000E-8	1.259363E-2
1.850000E-8	1.507398E-2
1.855000E-8	1.765711E-2
1.860000E-8	2.033616E-2
1.865000E-8	2.310258E-2
1.870000E-8	2.587584E-2
1.875000E-8	2.858230E-2
1.880000E-8	3.117742E-2
1.885000E-8	3.356185E-2
1.890000E-8	3.566021E-2
1.895000E-8	3.750677E-2
1.900000E-8	3.903986E-2
1.905000E-8	4.010875E-2
1.910000E-8	4.071513E-2
1.915000E-8	4.097550E-2
1.920000E-8	4.090527E-2
1.925000E-8	4.051471E-2
1.930000E-8	3.991861E-2
1.935000E-8	3.919574E-2
1.940000E-8	3.831529E-2
1.945000E-8	3.731664E-2
1.950000E-8	3.633340E-2
1.955000E-8	3.536730E-2
1.960000E-8	3.438921E-2
1.965000E-8	3.350875E-2
1.970000E-8	3.284412E-2
1.975000E-8	3.233367E-2
1.980000E-8	3.192084E-2
1.985000E-8	3.159367E-2
1.990000E-8	3.130761E-2
1.995000E-8	3.101983E-2
2.000000E-8	3.077145E-2
2.005000E-8	3.055734E-2
2.010000E-8	3.028155E-2
2.015000E-8	2.990984E-2
2.020000E-8	2.949531E-2
2.025000E-8	2.911846E-2
2.030000E-8	2.880670E-2
2.035000E-8	2.852578E-2
2.040000E-8	2.826541E-2
2.045000E-8	2.805472E-2
2.050000E-8	2.790740E-2
2.055000E-8	2.776351E-2
2.060000E-8	2.760935E-2
2.065000E-8	2.750657E-2
2.070000E-8	2.747745E-2
2.075000E-8	2.748088E-2
2.080000E-8	2.749458E-2
2.085000E-8	2.748430E-2
2.090000E-8	2.741236E-2
2.095000E-8	2.731986E-2
2.100000E-8	2.729588E-2
2.105000E-8	2.730102E-2
2.110000E-8	2.723421E-2
2.115000E-8	2.707833E-2
2.120000E-8	2.693445E-2
2.125000E-8	2.683681E-2
2.130000E-8	2.674431E-2
2.135000E-8	2.663468E-2
2.140000E-8	2.653362E-2
2.145000E-8	2.646852E-2
2.150000E-8	2.644797E-2
2.155000E-8	2.642741E-2
2.160000E-8	2.638973E-2
2.165000E-8	2.636232E-2
2.170000E-8	2.635890E-2
2.175000E-8	2.628695E-2
2.180000E-8	2.613450E-2
2.185000E-8	2.599918E-2
2.190000E-8	2.588612E-2
2.195000E-8	2.571311E-2
2.200000E-8	2.547159E-2
2.205000E-8	2.525233E-2
2.210000E-8	2.506904E-2
2.215000E-8	2.487719E-2
2.220000E-8	2.467849E-2
2.225000E-8	2.448664E-2
2.230000E-8	2.432220E-2
2.235000E-8	2.420572E-2
2.240000E-8	2.414919E-2
2.245000E-8	2.412350E-2
2.250000E-8	2.411150E-2
2.255000E-8	2.411836E-2
2.260000E-8	2.413377E-2
2.265000E-8	2.414405E-2
2.270000E-8	2.417831E-2
2.275000E-8	2.425882E-2
2.280000E-8	2.436160E-2
2.285000E-8	2.447294E-2
2.290000E-8	2.457400E-2
2.295000E-8	2.461340E-2
2.300000E-8	2.461854E-2
2.305000E-8	2.460997E-2
2.310000E-8	2.456715E-2
2.315000E-8	2.444210E-2
2.320000E-8	2.427937E-2
2.325000E-8	2.413720E-2
2.330000E-8	2.401044E-2
2.335000E-8	2.387340E-2
2.340000E-8	2.372609E-2
2.345000E-8	2.359419E-2
2.350000E-8	2.354281E-2
2.355000E-8	2.359248E-2
2.360000E-8	2.365243E-2
2.365000E-8	2.366785E-2
2.370000E-8	2.371410E-2
2.375000E-8	2.379290E-2
2.380000E-8	2.382373E-2
2.385000E-8	2.380489E-2
2.390000E-8	2.377577E-2
2.395000E-8	2.366614E-2
2.400000E-8	2.342975E-2
2.405000E-8	2.314540E-2
2.410000E-8	2.289702E-2
2.415000E-8	2.266235E-2
2.420000E-8	2.243624E-2
2.425000E-8	2.225467E-2
2.430000E-8	2.214161E-2
2.435000E-8	2.209022E-2
2.440000E-8	2.209022E-2
2.445000E-8	2.214675E-2
2.450000E-8	2.226152E-2
2.455000E-8	2.240883E-2
2.460000E-8	2.255615E-2
2.465000E-8	2.271031E-2
2.470000E-8	2.289188E-2
2.475000E-8	2.307003E-2
2.480000E-8	2.321392E-2
2.485000E-8	2.333725E-2
2.490000E-8	2.344688E-2
2.495000E-8	2.353081E-2
2.500000E-8	2.359933E-2
2.505000E-8	2.367470E-2
2.510000E-8	2.378262E-2
2.515000E-8	2.393336E-2
2.520000E-8	2.410979E-2
2.525000E-8	2.424854E-2
2.530000E-8	2.433590E-2
2.535000E-8	2.441298E-2
2.540000E-8	2.446780E-2
2.545000E-8	2.447294E-2
2.550000E-8	2.443354E-2
2.555000E-8	2.437701E-2
2.560000E-8	2.426053E-2
2.565000E-8	2.410808E-2
2.570000E-8	2.396762E-2
2.575000E-8	2.383572E-2
2.580000E-8	2.369697E-2
2.585000E-8	2.355480E-2
2.590000E-8	2.341947E-2
2.595000E-8	2.325846E-2
2.600000E-8	2.308031E-2
2.605000E-8	2.289874E-2
2.610000E-8	2.271202E-2
2.615000E-8	2.253045E-2
2.620000E-8	2.236772E-2
2.625000E-8	2.222041E-2
2.630000E-8	2.208851E-2
2.635000E-8	2.200458E-2
2.640000E-8	2.197203E-2
2.645000E-8	2.198573E-2
2.650000E-8	2.203884E-2
2.655000E-8	2.214161E-2
2.660000E-8	2.228893E-2
2.665000E-8	2.246879E-2
2.670000E-8	2.265550E-2
2.675000E-8	2.282679E-2
2.680000E-8	2.298438E-2
2.685000E-8	2.311799E-2
2.690000E-8	2.318822E-2
2.695000E-8	2.320364E-2
2.700000E-8	2.318994E-2
2.705000E-8	2.313512E-2
2.710000E-8	2.302721E-2
2.715000E-8	2.287304E-2
2.720000E-8	2.269318E-2
2.725000E-8	2.249619E-2
2.730000E-8	2.230263E-2
2.735000E-8	2.212962E-2
2.740000E-8	2.198573E-2
2.745000E-8	2.188810E-2
2.750000E-8	2.183842E-2
2.755000E-8	2.181786E-2
2.760000E-8	2.182300E-2
2.765000E-8	2.185726E-2
2.770000E-8	2.188981E-2
2.775000E-8	2.189495E-2
2.780000E-8	2.187782E-2
2.785000E-8	2.183499E-2
2.790000E-8	2.176134E-2
2.795000E-8	2.166713E-2
2.800000E-8	2.156949E-2
2.805000E-8	2.147527E-2
2.810000E-8	2.138620E-2
2.815000E-8	2.129028E-2
2.820000E-8	2.118236E-2
2.825000E-8	2.106417E-2
2.830000E-8	2.094769E-2
2.835000E-8	2.082264E-2
2.840000E-8	2.068047E-2
2.845000E-8	2.052116E-2
2.850000E-8	2.037042E-2
2.855000E-8	2.028477E-2
2.860000E-8	2.026764E-2
2.865000E-8	2.028820E-2
2.870000E-8	2.033788E-2
2.875000E-8	2.043038E-2
2.880000E-8	2.053829E-2
2.885000E-8	2.063250E-2
2.890000E-8	2.073185E-2
2.895000E-8	2.084148E-2
2.900000E-8	2.091857E-2
2.905000E-8	2.093912E-2
2.910000E-8	2.092199E-2
2.915000E-8	2.086889E-2
2.920000E-8	2.076269E-2
2.925000E-8	2.062736E-2
2.930000E-8	2.050403E-2
2.935000E-8	2.040126E-2
2.940000E-8	2.029848E-2
2.945000E-8	2.020427E-2
2.950000E-8	2.012547E-2
2.955000E-8	2.004496E-2
2.960000E-8	1.996103E-2
2.965000E-8	1.990793E-2
2.970000E-8	1.989422E-2
2.975000E-8	1.988737E-2
2.980000E-8	1.987367E-2
2.985000E-8	1.985825E-2
2.990000E-8	1.985140E-2
2.995000E-8	1.982399E-2
3.000000E-8	1.979487E-2
3.005000E-8	1.978802E-2
3.010000E-8	1.977945E-2
3.015000E-8	1.975376E-2
3.020000E-8	1.974006E-2
3.025000E-8	1.973149E-2
3.030000E-8	1.970237E-2
3.035000E-8	1.968353E-2
3.040000E-8	1.969381E-2
3.045000E-8	1.970237E-2
3.050000E-8	1.971608E-2
3.055000E-8	1.975719E-2
3.060000E-8	1.980686E-2
3.065000E-8	1.982742E-2
3.070000E-8	1.984797E-2
3.075000E-8	1.986510E-2
3.080000E-8	1.984112E-2
3.085000E-8	1.977774E-2
3.090000E-8	1.971950E-2
3.095000E-8	1.966126E-2
3.100000E-8	1.959446E-2
3.105000E-8	1.954478E-2
3.110000E-8	1.951223E-2
3.115000E-8	1.948483E-2
3.120000E-8	1.947969E-2
3.125000E-8	1.950881E-2
3.130000E-8	1.955334E-2
3.135000E-8	1.960302E-2
3.140000E-8	1.964927E-2
3.145000E-8	1.967668E-2
3.150000E-8	1.968867E-2
3.155000E-8	1.969038E-2
3.160000E-8	1.965612E-2
3.165000E-8	1.959274E-2
3.170000E-8	1.954992E-2
3.175000E-8	1.951566E-2
3.180000E-8	1.943173E-2
3.185000E-8	1.930668E-2
3.190000E-8	1.918849E-2
3.195000E-8	1.906858E-2
3.200000E-8	1.894353E-2
3.205000E-8	1.883048E-2
3.210000E-8	1.873113E-2
3.215000E-8	1.863349E-2
3.220000E-8	1.854613E-2
3.225000E-8	1.848104E-2
3.230000E-8	1.840738E-2
3.235000E-8	1.834572E-2
3.240000E-8	1.834058E-2
3.245000E-8	1.836456E-2
3.250000E-8	1.839710E-2
3.255000E-8	1.846391E-2
3.260000E-8	1.855127E-2
3.265000E-8	1.860266E-2
3.270000E-8	1.862664E-2
3.275000E-8	1.866432E-2
3.280000E-8	1.870372E-2
3.285000E-8	1.871057E-2
3.290000E-8	1.870372E-2
3.295000E-8	1.870543E-2
3.300000E-8	1.868659E-2
3.305000E-8	1.864034E-2
3.310000E-8	1.859409E-2
3.315000E-8	1.854099E-2
3.320000E-8	1.845706E-2
3.325000E-8	1.834572E-2
3.330000E-8	1.824294E-2
3.335000E-8	1.815215E-2
3.340000E-8	1.808021E-2
3.345000E-8	1.803738E-2
3.350000E-8	1.803225E-2
3.355000E-8	1.805280E-2
3.360000E-8	1.808363E-2
3.365000E-8	1.811618E-2
3.370000E-8	1.814701E-2
3.375000E-8	1.817099E-2
3.380000E-8	1.816414E-2
3.385000E-8	1.813502E-2
3.390000E-8	1.810248E-2
3.395000E-8	1.806822E-2
3.400000E-8	1.799456E-2
3.405000E-8	1.789692E-2
3.410000E-8	1.780956E-2
3.415000E-8	1.773762E-2
3.420000E-8	1.766053E-2
3.425000E-8	1.759202E-2
3.430000E-8	1.753035E-2
3.435000E-8	1.747211E-2
3.440000E-8	1.743271E-2
3.445000E-8	1.742243E-2
3.450000E-8	1.744128E-2
3.455000E-8	1.745669E-2
3.460000E-8	1.745156E-2
3.465000E-8	1.743100E-2
3.470000E-8	1.743100E-2
3.475000E-8	1.746012E-2
3.480000E-8	1.748410E-2
3.485000E-8	1.749267E-2
3.490000E-8	1.749609E-2
3.495000E-8	1.749095E-2
3.500000E-8	1.744984E-2
3.505000E-8	1.737619E-2
3.510000E-8	1.728540E-2
3.515000E-8	1.719804E-2
3.520000E-8	1.712952E-2
3.525000E-8	1.707642E-2
3.530000E-8	1.701475E-2
3.535000E-8	1.694452E-2
3.540000E-8	1.687772E-2
3.545000E-8	1.684860E-2
3.550000E-8	1.685031E-2
3.555000E-8	1.686744E-2
3.560000E-8	1.689142E-2
3.565000E-8	1.690512E-2
3.570000E-8	1.692054E-2
3.575000E-8	1.693767E-2
3.580000E-8	1.696679E-2
3.585000E-8	1.697364E-2
3.590000E-8	1.694452E-2
3.595000E-8	1.689313E-2
3.600000E-8	1.684346E-2
3.605000E-8	1.679036E-2
3.610000E-8	1.671327E-2
3.615000E-8	1.662420E-2
3.620000E-8	1.654712E-2
3.625000E-8	1.647517E-2
3.630000E-8	1.640323E-2
3.635000E-8	1.635527E-2
3.640000E-8	1.634842E-2
3.645000E-8	1.637240E-2
3.650000E-8	1.641865E-2
3.655000E-8	1.647517E-2
3.660000E-8	1.653513E-2
3.665000E-8	1.661050E-2
3.670000E-8	1.670471E-2
3.675000E-8	1.678693E-2
3.680000E-8	1.684174E-2
3.685000E-8	1.687943E-2
3.690000E-8	1.689485E-2
3.695000E-8	1.688799E-2
3.700000E-8	1.687772E-2
3.705000E-8	1.686059E-2
3.710000E-8	1.680406E-2
3.715000E-8	1.671670E-2
3.720000E-8	1.663619E-2
3.725000E-8	1.656596E-2
3.730000E-8	1.647175E-2
3.735000E-8	1.638096E-2
3.740000E-8	1.632957E-2
3.745000E-8	1.629017E-2
3.750000E-8	1.624050E-2
3.755000E-8	1.619939E-2
3.760000E-8	1.617712E-2
3.765000E-8	1.615999E-2
3.770000E-8	1.615143E-2
3.775000E-8	1.614971E-2
3.780000E-8	1.614457E-2
3.785000E-8	1.613772E-2
3.790000E-8	1.613944E-2
3.795000E-8	1.612231E-2
3.800000E-8	1.608291E-2
3.805000E-8	1.604522E-2
3.810000E-8	1.601096E-2
3.815000E-8	1.596814E-2
3.820000E-8	1.592532E-2
3.825000E-8	1.590305E-2
3.830000E-8	1.589277E-2
3.835000E-8	1.590134E-2
3.840000E-8	1.593731E-2
3.845000E-8	1.599555E-2
3.850000E-8	1.606235E-2
3.855000E-8	1.613258E-2
3.860000E-8	1.620453E-2
3.865000E-8	1.626619E-2
3.870000E-8	1.629874E-2
3.875000E-8	1.627990E-2
3.880000E-8	1.621823E-2
3.885000E-8	1.612402E-2
3.890000E-8	1.599383E-2
3.895000E-8	1.581055E-2
3.900000E-8	1.561527E-2
3.905000E-8	1.546111E-2
3.910000E-8	1.535148E-2
3.915000E-8	1.526754E-2
3.920000E-8	1.520759E-2
3.925000E-8	1.517676E-2
3.930000E-8	1.517504E-2
3.935000E-8	1.517333E-2
3.940000E-8	1.516305E-2
3.945000E-8	1.514764E-2
3.950000E-8	1.510653E-2
3.955000E-8	1.504143E-2
3.960000E-8	1.498833E-2
3.965000E-8	1.494894E-2
3.970000E-8	1.491468E-2
3.975000E-8	1.491125E-2
3.980000E-8	1.496093E-2
3.985000E-8	1.501745E-2
3.990000E-8	1.507227E-2
3.995000E-8	1.514764E-2
4.000000E-8	1.525555E-2
4.005000E-8	1.537546E-2
4.010000E-8	1.547824E-2
4.015000E-8	1.554675E-2
4.020000E-8	1.556560E-2
4.025000E-8	1.555532E-2
4.030000E-8	1.552963E-2
4.035000E-8	1.549194E-2
4.040000E-8	1.545083E-2
4.045000E-8	1.540287E-2
4.050000E-8	1.532921E-2
4.055000E-8	1.523500E-2
4.060000E-8	1.515278E-2
4.065000E-8	1.509282E-2
4.070000E-8	1.504486E-2
4.075000E-8	1.500204E-2
4.080000E-8	1.495750E-2
4.085000E-8	1.490611E-2
4.090000E-8	1.486843E-2
4.095000E-8	1.486329E-2
4.100000E-8	1.486843E-2
4.105000E-8	1.486329E-2
4.110000E-8	1.484787E-2
4.115000E-8	1.483931E-2
4.120000E-8	1.481875E-2
4.125000E-8	1.476051E-2
4.130000E-8	1.468514E-2
4.135000E-8	1.463204E-2
4.140000E-8	1.459093E-2
4.145000E-8	1.454468E-2
4.150000E-8	1.451727E-2
4.155000E-8	1.452070E-2
4.160000E-8	1.453440E-2
4.165000E-8	1.455667E-2
4.170000E-8	1.460806E-2
4.175000E-8	1.467658E-2
4.180000E-8	1.473996E-2
4.185000E-8	1.480333E-2
4.190000E-8	1.488727E-2
4.195000E-8	1.496093E-2
4.200000E-8	1.500375E-2
4.205000E-8	1.503287E-2
4.210000E-8	1.506199E-2
4.215000E-8	1.507227E-2
4.220000E-8	1.504486E-2
4.225000E-8	1.499690E-2
4.230000E-8	1.493352E-2
4.235000E-8	1.484787E-2
4.240000E-8	1.472111E-2
4.245000E-8	1.455153E-2
4.250000E-8	1.438537E-2
4.255000E-8	1.427232E-2
4.260000E-8	1.420723E-2
4.265000E-8	1.415755E-2
4.270000E-8	1.413700E-2
4.275000E-8	1.416612E-2
4.280000E-8	1.422264E-2
4.285000E-8	1.429459E-2
4.290000E-8	1.439051E-2
4.295000E-8	1.449329E-2
4.300000E-8	1.456523E-2
4.305000E-8	1.460463E-2
4.310000E-8	1.460463E-2
4.315000E-8	1.454468E-2
4.320000E-8	1.443848E-2
4.325000E-8	1.431686E-2
4.330000E-8	1.418153E-2
4.335000E-8	1.401366E-2
4.340000E-8	1.386464E-2
4.345000E-8	1.375501E-2
4.350000E-8	1.366422E-2
4.355000E-8	1.359228E-2
4.360000E-8	1.356487E-2
4.365000E-8	1.358885E-2
4.370000E-8	1.363510E-2
4.375000E-8	1.367964E-2
4.380000E-8	1.372589E-2
4.385000E-8	1.375843E-2
4.390000E-8	1.377728E-2
4.395000E-8	1.377899E-2
4.400000E-8	1.377728E-2
4.405000E-8	1.376871E-2
4.410000E-8	1.374987E-2
4.415000E-8	1.373959E-2
4.420000E-8	1.373274E-2
4.425000E-8	1.372931E-2
4.430000E-8	1.372589E-2
4.435000E-8	1.373959E-2
4.440000E-8	1.375501E-2
4.445000E-8	1.375330E-2
4.450000E-8	1.374131E-2
4.455000E-8	1.372589E-2
4.460000E-8	1.370191E-2
4.465000E-8	1.366422E-2
4.470000E-8	1.361283E-2
4.475000E-8	1.354945E-2
4.480000E-8	1.347580E-2
4.485000E-8	1.341242E-2
4.490000E-8	1.336617E-2
4.495000E-8	1.332335E-2
4.500000E-8	1.328052E-2
4.505000E-8	1.324284E-2
4.510000E-8	1.321714E-2
4.515000E-8	1.320515E-2
4.520000E-8	1.320686E-2
4.525000E-8	1.322571E-2
4.530000E-8	1.325311E-2
4.535000E-8	1.330108E-2
4.540000E-8	1.338501E-2
4.545000E-8	1.350321E-2
4.550000E-8	1.364367E-2
4.555000E-8	1.378242E-2
4.560000E-8	1.390232E-2
4.565000E-8	1.399653E-2
4.570000E-8	1.405306E-2
4.575000E-8	1.404964E-2
4.580000E-8	1.397598E-2
4.585000E-8	1.384066E-2
4.590000E-8	1.367621E-2
4.595000E-8	1.348436E-2
4.600000E-8	1.325140E-2
4.605000E-8	1.299788E-2
4.610000E-8	1.277349E-2
4.615000E-8	1.258506E-2
4.620000E-8	1.243432E-2
4.625000E-8	1.233840E-2
4.630000E-8	1.229558E-2
4.635000E-8	1.228701E-2
4.640000E-8	1.231956E-2
4.645000E-8	1.241377E-2
4.650000E-8	1.256965E-2
4.655000E-8	1.276835E-2
4.660000E-8	1.298932E-2
4.665000E-8	1.319659E-2
4.670000E-8	1.335418E-2
4.675000E-8	1.345696E-2
4.680000E-8	1.350492E-2
4.685000E-8	1.349807E-2
4.690000E-8	1.344496E-2
4.695000E-8	1.335760E-2
4.700000E-8	1.323770E-2
4.705000E-8	1.307839E-2
4.710000E-8	1.289339E-2
4.715000E-8	1.272895E-2
4.720000E-8	1.260905E-2
4.725000E-8	1.254738E-2
4.730000E-8	1.254395E-2
4.735000E-8	1.261418E-2
4.740000E-8	1.275122E-2
4.745000E-8	1.292252E-2
4.750000E-8	1.310751E-2
4.755000E-8	1.328737E-2
4.760000E-8	1.344668E-2
4.765000E-8	1.356658E-2
4.770000E-8	1.363339E-2
4.775000E-8	1.363168E-2
4.780000E-8	1.355973E-2
4.785000E-8	1.344154E-2
4.790000E-8	1.329080E-2
4.795000E-8	1.311779E-2
4.800000E-8	1.296876E-2
4.805000E-8	1.287455E-2
4.810000E-8	1.281117E-2
4.815000E-8	1.274779E-2
4.820000E-8	1.270154E-2
4.825000E-8	1.269812E-2
4.830000E-8	1.272553E-2
4.835000E-8	1.278205E-2
4.840000E-8	1.285914E-2
4.845000E-8	1.293793E-2
4.850000E-8	1.299446E-2
4.855000E-8	1.302872E-2
4.860000E-8	1.303900E-2
4.865000E-8	1.300816E-2
4.870000E-8	1.293793E-2
4.875000E-8	1.283858E-2
4.880000E-8	1.272210E-2
4.885000E-8	1.259705E-2
4.890000E-8	1.249256E-2
4.895000E-8	1.241891E-2
4.900000E-8	1.236238E-2
4.905000E-8	1.232641E-2
4.910000E-8	1.231270E-2
4.915000E-8	1.232470E-2
4.920000E-8	1.234696E-2
4.925000E-8	1.239321E-2
4.930000E-8	1.247030E-2
4.935000E-8	1.254909E-2
4.940000E-8	1.260391E-2
4.945000E-8	1.263303E-2
4.950000E-8	1.264844E-2
4.955000E-8	1.263645E-2
4.960000E-8	1.260219E-2
4.965000E-8	1.255594E-2
4.970000E-8	1.248743E-2
4.975000E-8	1.239835E-2
4.980000E-8	1.230928E-2
4.985000E-8	1.223734E-2
4.990000E-8	1.216710E-2
4.995000E-8	1.209516E-2
5.000000E-8	1.204035E-2
5.005000E-8	1.200437E-2
5.010000E-8	1.198382E-2
5.015000E-8	1.197011E-2
5.020000E-8	1.198039E-2
5.025000E-8	1.201808E-2
5.030000E-8	1.205576E-2
5.035000E-8	1.206090E-2
5.040000E-8	1.204377E-2
5.045000E-8	1.202493E-2
5.050000E-8	1.198724E-2
5.055000E-8	1.192044E-2
5.060000E-8	1.182623E-2
5.065000E-8	1.170632E-2
5.070000E-8	1.155387E-2
5.075000E-8	1.140142E-2
5.080000E-8	1.128322E-2
5.085000E-8	1.120957E-2
5.090000E-8	1.117531E-2
5.095000E-8	1.118901E-2
5.100000E-8	1.124725E-2
5.105000E-8	1.134146E-2
5.110000E-8	1.146993E-2
5.115000E-8	1.162239E-2
5.120000E-8	1.178340E-2
5.125000E-8	1.193072E-2
5.130000E-8	1.207118E-2
5.135000E-8	1.218766E-2
5.140000E-8	1.227331E-2
5.145000E-8	1.233155E-2
5.150000E-8	1.236238E-2
5.155000E-8	1.236581E-2
5.160000E-8	1.234868E-2
5.165000E-8	1.230585E-2
5.170000E-8	1.222706E-2
5.175000E-8	1.214312E-2
5.180000E-8	1.206947E-2
5.185000E-8	1.198724E-2
5.190000E-8	1.189817E-2
5.195000E-8	1.182794E-2
5.200000E-8	1.176627E-2
5.205000E-8	1.170118E-2
5.210000E-8	1.165493E-2
5.215000E-8	1.162752E-2
5.220000E-8	1.160012E-2
5.225000E-8	1.156928E-2
5.230000E-8	1.154873E-2
5.235000E-8	1.152817E-2
5.240000E-8	1.149563E-2
5.245000E-8	1.145109E-2
5.250000E-8	1.140142E-2
5.255000E-8	1.135517E-2
5.260000E-8	1.131234E-2
5.265000E-8	1.127637E-2
5.270000E-8	1.125410E-2
5.275000E-8	1.123697E-2
5.280000E-8	1.121470E-2
5.285000E-8	1.119586E-2
5.290000E-8	1.119072E-2
5.295000E-8	1.118558E-2
5.300000E-8	1.116674E-2
5.305000E-8	1.115818E-2
5.310000E-8	1.116503E-2
5.315000E-8	1.117873E-2
5.320000E-8	1.120100E-2
5.325000E-8	1.122669E-2
5.330000E-8	1.124382E-2
5.335000E-8	1.124725E-2
5.340000E-8	1.124896E-2
5.345000E-8	1.124040E-2
5.350000E-8	1.121984E-2
5.355000E-8	1.120785E-2
5.360000E-8	1.122327E-2
5.365000E-8	1.123012E-2
5.370000E-8	1.120957E-2
5.375000E-8	1.116845E-2
5.380000E-8	1.112392E-2
5.385000E-8	1.106739E-2
5.390000E-8	1.099887E-2
5.395000E-8	1.093378E-2
5.400000E-8	1.088753E-2
5.405000E-8	1.085498E-2
5.410000E-8	1.083443E-2
5.415000E-8	1.083785E-2
5.420000E-8	1.086869E-2
5.425000E-8	1.093207E-2
5.430000E-8	1.103484E-2
5.435000E-8	1.117873E-2
5.440000E-8	1.135345E-2
5.445000E-8	1.152475E-2
5.450000E-8	1.166350E-2
5.455000E-8	1.175771E-2
5.460000E-8	1.180738E-2
5.465000E-8	1.180053E-2
5.470000E-8	1.172688E-2
5.475000E-8	1.158984E-2
5.480000E-8	1.140998E-2
5.485000E-8	1.120957E-2
5.490000E-8	1.100230E-2
5.495000E-8	1.082586E-2
5.500000E-8	1.070938E-2
5.505000E-8	1.064943E-2
5.510000E-8	1.061346E-2
5.515000E-8	1.060661E-2
5.520000E-8	1.064258E-2
5.525000E-8	1.067855E-2
5.530000E-8	1.068369E-2
5.535000E-8	1.067341E-2
5.540000E-8	1.065286E-2
5.545000E-8	1.059290E-2
5.550000E-8	1.050897E-2
5.555000E-8	1.043360E-2
5.560000E-8	1.036851E-2
5.565000E-8	1.031198E-2
5.570000E-8	1.028629E-2
5.575000E-8	1.030341E-2
5.580000E-8	1.035652E-2
5.585000E-8	1.043531E-2
5.590000E-8	1.051753E-2
5.595000E-8	1.060147E-2
5.600000E-8	1.069739E-2
5.605000E-8	1.080873E-2
5.610000E-8	1.089781E-2
5.615000E-8	1.094748E-2
5.620000E-8	1.096804E-2
5.625000E-8	1.096461E-2
5.630000E-8	1.094406E-2
5.635000E-8	1.092179E-2
5.640000E-8	1.091836E-2
5.645000E-8	1.091322E-2
5.650000E-8	1.088410E-2
5.655000E-8	1.083957E-2
5.660000E-8	1.079846E-2
5.665000E-8	1.073850E-2
5.670000E-8	1.064772E-2
5.675000E-8	1.054665E-2
5.680000E-8	1.044559E-2
5.685000E-8	1.033253E-2
5.690000E-8	1.022633E-2
5.695000E-8	1.014582E-2
5.700000E-8	1.008930E-2
5.705000E-8	1.004990E-2
5.710000E-8	1.003277E-2
5.715000E-8	1.003106E-2
5.720000E-8	1.002934E-2
5.725000E-8	1.003619E-2
5.730000E-8	1.006189E-2
5.735000E-8	1.009615E-2
5.740000E-8	1.011670E-2
5.745000E-8	1.012527E-2
5.750000E-8	1.013041E-2
5.755000E-8	1.013897E-2
5.760000E-8	1.013897E-2
5.765000E-8	1.012013E-2
5.770000E-8	1.009272E-2
5.775000E-8	1.007217E-2
5.780000E-8	1.004818E-2
5.785000E-8	1.001906E-2
5.790000E-8	9.988232E-3
5.795000E-8	9.952260E-3
5.800000E-8	9.923140E-3
5.805000E-8	9.923140E-3
5.810000E-8	9.948834E-3
5.815000E-8	9.969389E-3
5.820000E-8	9.981380E-3
5.825000E-8	1.000536E-2
5.830000E-8	1.002763E-2
5.835000E-8	1.004305E-2
5.840000E-8	1.005504E-2
5.845000E-8	1.006531E-2
5.850000E-8	1.005675E-2
5.855000E-8	1.002763E-2
5.860000E-8	9.991658E-3
5.865000E-8	9.952260E-3
5.870000E-8	9.887168E-3
5.875000E-8	9.804946E-3
5.880000E-8	9.712447E-3
5.885000E-8	9.614809E-3
5.890000E-8	9.517170E-3
5.895000E-8	9.426384E-3
5.900000E-8	9.349301E-3
5.905000E-8	9.287635E-3
5.910000E-8	9.249950E-3
5.915000E-8	9.236247E-3
5.920000E-8	9.243098E-3
5.925000E-8	9.268793E-3
5.930000E-8	9.308191E-3
5.935000E-8	9.364718E-3
5.940000E-8	9.441801E-3
5.945000E-8	9.536013E-3
5.950000E-8	9.642216E-3
5.955000E-8	9.750132E-3
5.960000E-8	9.858048E-3
5.965000E-8	9.938556E-3
5.970000E-8	9.996796E-3
5.975000E-8	1.004647E-2
5.980000E-8	1.008758E-2
5.985000E-8	1.010129E-2
5.990000E-8	1.010814E-2
5.995000E-8	1.012355E-2
6.000000E-8	1.012013E-2
6.005000E-8	1.007217E-2
6.010000E-8	9.977954E-3
6.015000E-8	9.875177E-3
6.020000E-8	9.777539E-3
6.025000E-8	9.690178E-3
6.030000E-8	9.606244E-3
6.035000E-8	9.556568E-3
6.040000E-8	9.565133E-3
6.045000E-8	9.604531E-3
6.050000E-8	9.647355E-3
6.055000E-8	9.717586E-3
6.060000E-8	9.820363E-3
6.065000E-8	9.902584E-3
6.070000E-8	9.947121E-3
6.075000E-8	9.974528E-3
6.080000E-8	9.986519E-3
6.085000E-8	9.955686E-3
6.090000E-8	9.890594E-3
6.095000E-8	9.827214E-3
6.100000E-8	9.760409E-3
6.105000E-8	9.690178E-3
6.110000E-8	9.637077E-3
6.115000E-8	9.613096E-3
6.120000E-8	9.602818E-3
6.125000E-8	9.594253E-3
6.130000E-8	9.604531E-3
6.135000E-8	9.613096E-3
6.140000E-8	9.601105E-3
6.145000E-8	9.565133E-3
6.150000E-8	9.518883E-3
6.155000E-8	9.465782E-3
6.160000E-8	9.393838E-3
6.165000E-8	9.304765E-3
6.170000E-8	9.222543E-3
6.175000E-8	9.174580E-3
6.180000E-8	9.154025E-3
6.185000E-8	9.135183E-3
6.190000E-8	9.121479E-3
6.195000E-8	9.136896E-3
6.200000E-8	9.181432E-3
6.205000E-8	9.220830E-3
6.210000E-8	9.237960E-3
6.215000E-8	9.231108E-3
6.220000E-8	9.207126E-3
6.225000E-8	9.164303E-3
6.230000E-8	9.087220E-3
6.235000E-8	9.001572E-3
6.240000E-8	8.951897E-3
6.245000E-8	8.929629E-3
6.250000E-8	8.921064E-3
6.255000E-8	8.934767E-3
6.260000E-8	8.991295E-3
6.265000E-8	9.075229E-3
6.270000E-8	9.148886E-3
6.275000E-8	9.219117E-3
6.280000E-8	9.294487E-3
6.285000E-8	9.361292E-3
6.290000E-8	9.404116E-3
6.295000E-8	9.436662E-3
6.300000E-8	9.460643E-3
6.305000E-8	9.441801E-3
6.310000E-8	9.385273E-3
6.315000E-8	9.345875E-3
6.320000E-8	9.323607E-3
6.325000E-8	9.280783E-3
6.330000E-8	9.229395E-3
6.335000E-8	9.207126E-3
6.340000E-8	9.184858E-3
6.345000E-8	9.143747E-3
6.350000E-8	9.104349E-3
6.355000E-8	9.076942E-3
6.360000E-8	9.058100E-3
6.365000E-8	9.051248E-3
6.370000E-8	9.049535E-3
6.375000E-8	9.027267E-3
6.380000E-8	8.998147E-3
6.385000E-8	8.972452E-3
6.390000E-8	8.915925E-3
6.395000E-8	8.835416E-3
6.400000E-8	8.782315E-3
6.405000E-8	8.748056E-3
6.410000E-8	8.708658E-3
6.415000E-8	8.693241E-3
6.420000E-8	8.718936E-3
6.425000E-8	8.766898E-3
6.430000E-8	8.821713E-3
6.435000E-8	8.885092E-3
6.440000E-8	8.941619E-3
6.445000E-8	8.979304E-3
6.450000E-8	9.011850E-3
6.455000E-8	9.039257E-3
6.460000E-8	9.047822E-3
6.465000E-8	9.022128E-3
6.470000E-8	8.955323E-3
6.475000E-8	8.864536E-3
6.480000E-8	8.770324E-3
6.485000E-8	8.676112E-3
6.490000E-8	8.581900E-3
6.495000E-8	8.525372E-3
6.500000E-8	8.511669E-3
6.505000E-8	8.527085E-3
6.510000E-8	8.566483E-3
6.515000E-8	8.633288E-3
6.520000E-8	8.710371E-3
6.525000E-8	8.770324E-3
6.530000E-8	8.799444E-3
6.535000E-8	8.789167E-3
6.540000E-8	8.751482E-3
6.545000E-8	8.698380E-3
6.550000E-8	8.631575E-3
6.555000E-8	8.551067E-3
6.560000E-8	8.484262E-3
6.565000E-8	8.453428E-3
6.570000E-8	8.444864E-3
6.575000E-8	8.461993E-3
6.580000E-8	8.530511E-3
6.585000E-8	8.643566E-3
6.590000E-8	8.749769E-3
6.595000E-8	8.835416E-3
6.600000E-8	8.921064E-3
6.605000E-8	9.003285E-3
6.610000E-8	9.078655E-3
6.615000E-8	9.143747E-3
6.620000E-8	9.191710E-3
6.625000E-8	9.200275E-3
6.630000E-8	9.176293E-3
6.635000E-8	9.126618E-3
6.640000E-8	9.046109E-3
6.645000E-8	8.939906E-3
6.650000E-8	8.837129E-3
6.655000E-8	8.746343E-3
6.660000E-8	8.658982E-3
6.665000E-8	8.564770E-3
6.670000E-8	8.487687E-3
6.675000E-8	8.453428E-3
6.680000E-8	8.448290E-3
6.685000E-8	8.432873E-3
6.690000E-8	8.422595E-3
6.695000E-8	8.441438E-3
6.700000E-8	8.470558E-3
6.705000E-8	8.494539E-3
6.710000E-8	8.525372E-3
6.715000E-8	8.564770E-3
6.720000E-8	8.590464E-3
6.725000E-8	8.614446E-3
6.730000E-8	8.655557E-3
6.735000E-8	8.686390E-3
6.740000E-8	8.686390E-3
6.745000E-8	8.667547E-3
6.750000E-8	8.629862E-3
6.755000E-8	8.583613E-3
6.760000E-8	8.533937E-3
6.765000E-8	8.491113E-3
6.770000E-8	8.443151E-3
6.775000E-8	8.390049E-3
6.780000E-8	8.335235E-3
6.785000E-8	8.294124E-3
6.790000E-8	8.266717E-3
6.795000E-8	8.241023E-3
6.800000E-8	8.211903E-3
6.805000E-8	8.201625E-3
6.810000E-8	8.194773E-3
6.815000E-8	8.175931E-3
6.820000E-8	8.141672E-3
6.825000E-8	8.109126E-3
6.830000E-8	8.083431E-3
6.835000E-8	8.056024E-3
6.840000E-8	8.028617E-3
6.845000E-8	8.013200E-3
6.850000E-8	8.049172E-3
6.855000E-8	8.112551E-3
6.860000E-8	8.170792E-3
6.865000E-8	8.232458E-3
6.870000E-8	8.323244E-3
6.875000E-8	8.420882E-3
6.880000E-8	8.485975E-3
6.885000E-8	8.518521E-3
6.890000E-8	8.537363E-3
6.895000E-8	8.515095E-3
6.900000E-8	8.443151E-3
6.905000E-8	8.328383E-3
6.910000E-8	8.191347E-3
6.915000E-8	8.045746E-3
6.920000E-8	7.896720E-3
6.925000E-8	7.776813E-3
6.930000E-8	7.696305E-3
6.935000E-8	7.665471E-3
6.940000E-8	7.684314E-3
6.945000E-8	7.757971E-3
6.950000E-8	7.864174E-3
6.955000E-8	7.970377E-3
6.960000E-8	8.073154E-3
6.965000E-8	8.155375E-3
6.970000E-8	8.206764E-3
6.975000E-8	8.222180E-3
6.980000E-8	8.201625E-3
6.985000E-8	8.134820E-3
6.990000E-8	8.018339E-3
6.995000E-8	7.867600E-3
7.000000E-8	7.706582E-3
7.005000E-8	7.554130E-3
7.010000E-8	7.415381E-3
7.015000E-8	7.302326E-3
7.020000E-8	7.223530E-3
7.025000E-8	7.190984E-3
7.030000E-8	7.184132E-3
7.035000E-8	7.196123E-3
7.040000E-8	7.237234E-3
7.045000E-8	7.302326E-3
7.050000E-8	7.377696E-3
7.055000E-8	7.439362E-3
7.060000E-8	7.478760E-3
7.065000E-8	7.489038E-3
7.070000E-8	7.480473E-3
7.075000E-8	7.451353E-3
7.080000E-8	7.393112E-3
7.085000E-8	7.314317E-3
7.090000E-8	7.235521E-3
7.095000E-8	7.165290E-3
7.100000E-8	7.113902E-3
7.105000E-8	7.095059E-3
7.110000E-8	7.100198E-3
7.115000E-8	7.131031E-3
7.120000E-8	7.197836E-3
7.125000E-8	7.297187E-3
7.130000E-8	7.411955E-3
7.135000E-8	7.513019E-3
7.140000E-8	7.605518E-3
7.145000E-8	7.679175E-3
7.150000E-8	7.721999E-3
7.155000E-8	7.721999E-3
7.160000E-8	7.694592E-3
7.165000E-8	7.634638E-3
7.170000E-8	7.550704E-3
7.175000E-8	7.465056E-3
7.180000E-8	7.399964E-3
7.185000E-8	7.370844E-3
7.190000E-8	7.386261E-3
7.195000E-8	7.439362E-3
7.200000E-8	7.489038E-3
7.205000E-8	7.530148E-3
7.210000E-8	7.581537E-3
7.215000E-8	7.622648E-3
7.220000E-8	7.615796E-3
7.225000E-8	7.574685E-3
7.230000E-8	7.540426E-3
7.235000E-8	7.506167E-3
7.240000E-8	7.456492E-3
7.245000E-8	7.423945E-3
7.250000E-8	7.420520E-3
7.255000E-8	7.423945E-3
7.260000E-8	7.420520E-3
7.265000E-8	7.422233E-3
7.270000E-8	7.427371E-3
7.275000E-8	7.430797E-3
7.280000E-8	7.432510E-3
7.285000E-8	7.432510E-3
7.290000E-8	7.430797E-3
7.295000E-8	7.435936E-3
7.300000E-8	7.456492E-3
7.305000E-8	7.497602E-3
7.310000E-8	7.552417E-3
7.315000E-8	7.610657E-3
7.320000E-8	7.674036E-3
7.325000E-8	7.744267E-3
7.330000E-8	7.823063E-3
7.335000E-8	7.889868E-3
7.340000E-8	7.934405E-3
7.345000E-8	7.953247E-3
7.350000E-8	7.912136E-3
7.355000E-8	7.812785E-3
7.360000E-8	7.687740E-3
7.365000E-8	7.557556E-3
7.370000E-8	7.429084E-3
7.375000E-8	7.316030E-3
7.380000E-8	7.240660E-3
7.385000E-8	7.204688E-3
7.390000E-8	7.214966E-3
7.395000E-8	7.262928E-3
7.400000E-8	7.329733E-3
7.405000E-8	7.394825E-3
7.410000E-8	7.458204E-3
7.415000E-8	7.509593E-3
7.420000E-8	7.535287E-3
7.425000E-8	7.518158E-3
7.430000E-8	7.453066E-3
7.435000E-8	7.357140E-3
7.440000E-8	7.238947E-3
7.445000E-8	7.101911E-3
7.450000E-8	6.956310E-3
7.455000E-8	6.824413E-3
7.460000E-8	6.707932E-3
7.465000E-8	6.601729E-3
7.470000E-8	6.534924E-3
7.475000E-8	6.521221E-3
7.480000E-8	6.541776E-3
7.485000E-8	6.589739E-3
7.490000E-8	6.675386E-3
7.495000E-8	6.766173E-3
7.500000E-8	6.834691E-3
7.505000E-8	6.899783E-3
7.510000E-8	6.973440E-3
7.515000E-8	7.029967E-3
7.520000E-8	7.069365E-3
7.525000E-8	7.127605E-3
7.530000E-8	7.190984E-3
7.535000E-8	7.218391E-3
7.540000E-8	7.228669E-3
7.545000E-8	7.249225E-3
7.550000E-8	7.252650E-3
7.555000E-8	7.225243E-3
7.560000E-8	7.185845E-3
7.565000E-8	7.158438E-3
7.570000E-8	7.122466E-3
7.575000E-8	7.083068E-3
7.580000E-8	7.048809E-3
7.585000E-8	7.031680E-3
7.590000E-8	7.028254E-3
7.595000E-8	7.041958E-3
7.600000E-8	7.055661E-3
7.605000E-8	7.060800E-3
7.610000E-8	7.052235E-3
7.615000E-8	7.031680E-3
7.620000E-8	7.009412E-3
7.625000E-8	6.990569E-3
7.630000E-8	6.978578E-3
7.635000E-8	6.963162E-3
7.640000E-8	6.963162E-3
7.645000E-8	6.987143E-3
7.650000E-8	7.011125E-3
7.655000E-8	7.004273E-3
7.660000E-8	6.995708E-3
7.665000E-8	7.009412E-3
7.670000E-8	7.021402E-3
7.675000E-8	7.033393E-3
7.680000E-8	7.065939E-3
7.685000E-8	7.117327E-3
7.690000E-8	7.155012E-3
7.695000E-8	7.173855E-3
7.700000E-8	7.202975E-3
7.705000E-8	7.250938E-3
7.710000E-8	7.298900E-3
7.715000E-8	7.328020E-3
7.720000E-8	7.353715E-3
7.725000E-8	7.363992E-3
7.730000E-8	7.350289E-3
7.735000E-8	7.328020E-3
7.740000E-8	7.297187E-3
7.745000E-8	7.235521E-3
7.750000E-8	7.127605E-3
7.755000E-8	7.007699E-3
7.760000E-8	6.898070E-3
7.765000E-8	6.802145E-3
7.770000E-8	6.714784E-3
7.775000E-8	6.639414E-3
7.780000E-8	6.586313E-3
7.785000E-8	6.557193E-3
7.790000E-8	6.546915E-3
7.795000E-8	6.540063E-3
7.800000E-8	6.526360E-3
7.805000E-8	6.522934E-3
7.810000E-8	6.528073E-3
7.815000E-8	6.516082E-3
7.820000E-8	6.481823E-3
7.825000E-8	6.438999E-3
7.830000E-8	6.391037E-3
7.835000E-8	6.348213E-3
7.840000E-8	6.339648E-3
7.845000E-8	6.358491E-3
7.850000E-8	6.380759E-3
7.855000E-8	6.399601E-3
7.860000E-8	6.437286E-3
7.865000E-8	6.493814E-3
7.870000E-8	6.553767E-3
7.875000E-8	6.617146E-3
7.880000E-8	6.680525E-3
7.885000E-8	6.714784E-3
7.890000E-8	6.709645E-3
7.895000E-8	6.663396E-3
7.900000E-8	6.601729E-3
7.905000E-8	6.555480E-3
7.910000E-8	6.505804E-3
7.915000E-8	6.435573E-3
7.920000E-8	6.377333E-3
7.925000E-8	6.363629E-3
7.930000E-8	6.368768E-3
7.935000E-8	6.375620E-3
7.940000E-8	6.409879E-3
7.945000E-8	6.462981E-3
7.950000E-8	6.521221E-3
7.955000E-8	6.588026E-3
7.960000E-8	6.670247E-3
7.965000E-8	6.743904E-3
7.970000E-8	6.802145E-3
7.975000E-8	6.841542E-3
7.980000E-8	6.868950E-3
7.985000E-8	6.886079E-3
7.990000E-8	6.884366E-3
7.995000E-8	6.839830E-3
8.000000E-8	6.771312E-3
8.005000E-8	6.694229E-3
8.010000E-8	6.593165E-3
8.015000E-8	6.474971E-3
8.020000E-8	6.384185E-3
8.025000E-8	6.319093E-3
8.030000E-8	6.267704E-3
8.035000E-8	6.260852E-3
8.040000E-8	6.322519E-3
8.045000E-8	6.420157E-3
8.050000E-8	6.519508E-3
8.055000E-8	6.625711E-3
8.060000E-8	6.742191E-3
8.065000E-8	6.858672E-3
8.070000E-8	6.963162E-3
8.075000E-8	7.038532E-3
8.080000E-8	7.072791E-3
8.085000E-8	7.062513E-3
8.090000E-8	7.028254E-3
8.095000E-8	6.971727E-3
8.100000E-8	6.898070E-3
8.105000E-8	6.798719E-3
8.110000E-8	6.673673E-3
8.115000E-8	6.545202E-3
8.120000E-8	6.428722E-3
8.125000E-8	6.313954E-3
8.130000E-8	6.195760E-3
8.135000E-8	6.087844E-3
8.140000E-8	6.000484E-3
8.145000E-8	5.943957E-3
8.150000E-8	5.925114E-3
8.155000E-8	5.947383E-3
8.160000E-8	6.009049E-3
8.165000E-8	6.092983E-3
8.170000E-8	6.188908E-3
8.175000E-8	6.293398E-3
8.180000E-8	6.399601E-3
8.185000E-8	6.474971E-3
8.190000E-8	6.493814E-3
8.195000E-8	6.468119E-3
8.200000E-8	6.416731E-3
8.205000E-8	6.329370E-3
8.210000E-8	6.202612E-3
8.215000E-8	6.067289E-3
8.220000E-8	5.943957E-3
8.225000E-8	5.846318E-3
8.230000E-8	5.779513E-3
8.235000E-8	5.753819E-3
8.240000E-8	5.786365E-3
8.245000E-8	5.866874E-3
8.250000E-8	5.979929E-3
8.255000E-8	6.106687E-3
8.260000E-8	6.245436E-3
8.265000E-8	6.373907E-3
8.270000E-8	6.462981E-3
8.275000E-8	6.502378E-3
8.280000E-8	6.504091E-3
8.285000E-8	6.454416E-3
8.290000E-8	6.361916E-3
8.295000E-8	6.252288E-3
8.300000E-8	6.139233E-3
8.305000E-8	6.019326E-3
8.310000E-8	5.911411E-3
8.315000E-8	5.849744E-3
8.320000E-8	5.832615E-3
8.325000E-8	5.827476E-3
8.330000E-8	5.842893E-3
8.335000E-8	5.889142E-3
8.340000E-8	5.971364E-3
8.345000E-8	6.074141E-3
8.350000E-8	6.188908E-3
8.355000E-8	6.298537E-3
8.360000E-8	6.384185E-3
8.365000E-8	6.435573E-3
8.370000E-8	6.473258E-3
8.375000E-8	6.480110E-3
8.380000E-8	6.433860E-3
8.385000E-8	6.344787E-3
8.390000E-8	6.230019E-3
8.395000E-8	6.084419E-3
8.400000E-8	5.921688E-3
8.405000E-8	5.772662E-3
8.410000E-8	5.639052E-3
8.415000E-8	5.510580E-3
8.420000E-8	5.421507E-3
8.425000E-8	5.371831E-3
8.430000E-8	5.342711E-3
8.435000E-8	5.359841E-3
8.440000E-8	5.430072E-3
8.445000E-8	5.520858E-3
8.450000E-8	5.616783E-3
8.455000E-8	5.738403E-3
8.460000E-8	5.885716E-3
8.465000E-8	6.038169E-3
8.470000E-8	6.188908E-3
8.475000E-8	6.344787E-3
8.480000E-8	6.474971E-3
8.485000E-8	6.564045E-3
8.490000E-8	6.615433E-3
8.495000E-8	6.644553E-3
8.500000E-8	6.641127E-3
8.505000E-8	6.603442E-3
8.510000E-8	6.552054E-3
8.515000E-8	6.504091E-3
8.520000E-8	6.449277E-3
8.525000E-8	6.382472E-3
8.530000E-8	6.315667E-3
8.535000E-8	6.235158E-3
8.540000E-8	6.144372E-3
8.545000E-8	6.080993E-3
8.550000E-8	6.063863E-3
8.555000E-8	6.053585E-3
8.560000E-8	6.029604E-3
8.565000E-8	6.005623E-3
8.570000E-8	5.981642E-3
8.575000E-8	5.942244E-3
8.580000E-8	5.889142E-3
8.585000E-8	5.851457E-3
8.590000E-8	5.825763E-3
8.595000E-8	5.786365E-3
8.600000E-8	5.729838E-3
8.605000E-8	5.680162E-3
8.610000E-8	5.649329E-3
8.615000E-8	5.633913E-3
8.620000E-8	5.645903E-3
8.625000E-8	5.673311E-3
8.630000E-8	5.705857E-3
8.635000E-8	5.750393E-3
8.640000E-8	5.822337E-3
8.645000E-8	5.897707E-3
8.650000E-8	5.950808E-3
8.655000E-8	5.988493E-3
8.660000E-8	6.021039E-3
8.665000E-8	6.048447E-3
8.670000E-8	6.074141E-3
8.675000E-8	6.094696E-3
8.680000E-8	6.099835E-3
8.685000E-8	6.091270E-3
8.690000E-8	6.079280E-3
8.695000E-8	6.067289E-3
8.700000E-8	6.058724E-3
8.705000E-8	6.053585E-3
8.710000E-8	6.050160E-3
8.715000E-8	6.053585E-3
8.720000E-8	6.060437E-3
8.725000E-8	6.038169E-3
8.730000E-8	5.969651E-3
8.735000E-8	5.868587E-3
8.740000E-8	5.758958E-3
8.745000E-8	5.659607E-3
8.750000E-8	5.563682E-3
8.755000E-8	5.445488E-3
8.760000E-8	5.310165E-3
8.765000E-8	5.193685E-3
8.770000E-8	5.114889E-3
8.775000E-8	5.073778E-3
8.780000E-8	5.082343E-3
8.785000E-8	5.135444E-3
8.790000E-8	5.215953E-3
8.795000E-8	5.330721E-3
8.800000E-8	5.488312E-3
8.805000E-8	5.644190E-3
8.810000E-8	5.765810E-3
8.815000E-8	5.853170E-3
8.820000E-8	5.916549E-3
8.825000E-8	5.947383E-3
8.830000E-8	5.931966E-3
8.835000E-8	5.866874E-3
8.840000E-8	5.769236E-3
8.845000E-8	5.644190E-3
8.850000E-8	5.490025E-3
8.855000E-8	5.349563E-3
8.860000E-8	5.246786E-3
8.865000E-8	5.164564E-3
8.870000E-8	5.077204E-3
8.875000E-8	5.000121E-3
8.880000E-8	4.952159E-3
8.885000E-8	4.926464E-3
8.890000E-8	4.929890E-3
8.895000E-8	4.967575E-3
8.900000E-8	5.030954E-3
8.905000E-8	5.102898E-3
8.910000E-8	5.171416E-3
8.915000E-8	5.239934E-3
8.920000E-8	5.306739E-3
8.925000E-8	5.351276E-3
8.930000E-8	5.366692E-3
8.935000E-8	5.356415E-3
8.940000E-8	5.323869E-3
8.945000E-8	5.262203E-3
8.950000E-8	5.173129E-3
8.955000E-8	5.066926E-3
8.960000E-8	4.976140E-3
8.965000E-8	4.919613E-3
8.970000E-8	4.880215E-3
8.975000E-8	4.844243E-3
8.980000E-8	4.845956E-3
8.985000E-8	4.905909E-3
8.990000E-8	4.986418E-3
8.995000E-8	5.060074E-3
9.000000E-8	5.135444E-3
9.005000E-8	5.198823E-3
9.010000E-8	5.243360E-3
9.015000E-8	5.275906E-3
9.020000E-8	5.293036E-3
9.025000E-8	5.279332E-3
9.030000E-8	5.238221E-3
9.035000E-8	5.188546E-3
9.040000E-8	5.128592E-3
9.045000E-8	5.066926E-3
9.050000E-8	5.015538E-3
9.055000E-8	4.953872E-3
9.060000E-8	4.890492E-3
9.065000E-8	4.845956E-3
9.070000E-8	4.832252E-3
9.075000E-8	4.847669E-3
9.080000E-8	4.890492E-3
9.085000E-8	4.955584E-3
9.090000E-8	5.036093E-3
9.095000E-8	5.116602E-3
9.100000E-8	5.190259E-3
9.105000E-8	5.270767E-3
9.110000E-8	5.349563E-3
9.115000E-8	5.397526E-3
9.120000E-8	5.411229E-3
9.125000E-8	5.411229E-3
9.130000E-8	5.385535E-3
9.135000E-8	5.323869E-3
9.140000E-8	5.251925E-3
9.145000E-8	5.200536E-3
9.150000E-8	5.171416E-3
9.155000E-8	5.157713E-3
9.160000E-8	5.179981E-3
9.165000E-8	5.234795E-3
9.170000E-8	5.296462E-3
9.175000E-8	5.352989E-3
9.180000E-8	5.412942E-3
9.185000E-8	5.471182E-3
9.190000E-8	5.507154E-3
9.195000E-8	5.525997E-3
9.200000E-8	5.525997E-3
9.205000E-8	5.514006E-3
9.210000E-8	5.517432E-3
9.215000E-8	5.531136E-3
9.220000E-8	5.532849E-3
9.225000E-8	5.532849E-3
9.230000E-8	5.544839E-3
9.235000E-8	5.549978E-3
9.240000E-8	5.537987E-3
9.245000E-8	5.539700E-3
9.250000E-8	5.553404E-3
9.255000E-8	5.544839E-3
9.260000E-8	5.510580E-3
9.265000E-8	5.459192E-3
9.270000E-8	5.387248E-3
9.275000E-8	5.303313E-3
9.280000E-8	5.231369E-3
9.285000E-8	5.171416E-3
9.290000E-8	5.126879E-3
9.295000E-8	5.080630E-3
9.300000E-8	5.008686E-3
9.305000E-8	4.943594E-3
9.310000E-8	4.928177E-3
9.315000E-8	4.940168E-3
9.320000E-8	4.943594E-3
9.325000E-8	4.955584E-3
9.330000E-8	4.991556E-3
9.335000E-8	5.024102E-3
9.340000E-8	5.060074E-3
9.345000E-8	5.104611E-3
9.350000E-8	5.142296E-3
9.355000E-8	5.150861E-3
9.360000E-8	5.130305E-3
9.365000E-8	5.082343E-3
9.370000E-8	5.020677E-3
9.375000E-8	4.955584E-3
9.380000E-8	4.873363E-3
9.385000E-8	4.775725E-3
9.390000E-8	4.683225E-3
9.395000E-8	4.604430E-3
9.400000E-8	4.525634E-3
9.405000E-8	4.462255E-3
9.410000E-8	4.424570E-3
9.415000E-8	4.405727E-3
9.420000E-8	4.417718E-3
9.425000E-8	4.465681E-3
9.430000E-8	4.537625E-3
9.435000E-8	4.624985E-3
9.440000E-8	4.729475E-3
9.445000E-8	4.840817E-3
9.450000E-8	4.941881E-3
9.455000E-8	5.039519E-3
9.460000E-8	5.125167E-3
9.465000E-8	5.188546E-3
9.470000E-8	5.222805E-3
9.475000E-8	5.222805E-3
9.480000E-8	5.179981E-3
9.485000E-8	5.118315E-3
9.490000E-8	5.061787E-3
9.495000E-8	5.006973E-3
9.500000E-8	4.959010E-3
9.505000E-8	4.929890E-3
9.510000E-8	4.890492E-3
9.515000E-8	4.842530E-3
9.520000E-8	4.827113E-3
9.525000E-8	4.842530E-3
9.530000E-8	4.847669E-3
9.535000E-8	4.866511E-3
9.540000E-8	4.914474E-3
9.545000E-8	4.948733E-3
9.550000E-8	4.955584E-3
9.555000E-8	4.971001E-3
9.560000E-8	4.981279E-3
9.565000E-8	4.960723E-3
9.570000E-8	4.931603E-3
9.575000E-8	4.888779E-3
9.580000E-8	4.806558E-3
9.585000E-8	4.720910E-3
9.590000E-8	4.676374E-3
9.595000E-8	4.631837E-3
9.600000E-8	4.578735E-3
9.605000E-8	4.573597E-3
9.610000E-8	4.630124E-3
9.615000E-8	4.703781E-3
9.620000E-8	4.789428E-3
9.625000E-8	4.897344E-3
9.630000E-8	4.998408E-3
9.635000E-8	5.070352E-3
9.640000E-8	5.128592E-3
9.645000E-8	5.179981E-3
9.650000E-8	5.212527E-3
9.655000E-8	5.197110E-3
9.660000E-8	5.152574E-3
9.665000E-8	5.099472E-3
9.670000E-8	5.032667E-3
9.675000E-8	4.935029E-3
9.680000E-8	4.828826E-3
9.685000E-8	4.743179E-3
9.690000E-8	4.667809E-3
9.695000E-8	4.587300E-3
9.700000E-8	4.520495E-3
9.705000E-8	4.475958E-3
9.710000E-8	4.436561E-3
9.715000E-8	4.404015E-3
9.720000E-8	4.405727E-3
9.725000E-8	4.426283E-3
9.730000E-8	4.439986E-3
9.735000E-8	4.458829E-3
9.740000E-8	4.484523E-3
9.745000E-8	4.493088E-3
9.750000E-8	4.491375E-3
9.755000E-8	4.481097E-3
9.760000E-8	4.439986E-3
9.765000E-8	4.369756E-3
9.770000E-8	4.308089E-3
9.775000E-8	4.260127E-3
9.780000E-8	4.200173E-3
9.785000E-8	4.140220E-3
9.790000E-8	4.107674E-3
9.795000E-8	4.095684E-3
9.800000E-8	4.093971E-3
9.805000E-8	4.117952E-3
9.810000E-8	4.165914E-3
9.815000E-8	4.225868E-3
9.820000E-8	4.272117E-3
9.825000E-8	4.302950E-3
9.830000E-8	4.328645E-3
9.835000E-8	4.352626E-3
9.840000E-8	4.350913E-3
9.845000E-8	4.309802E-3
9.850000E-8	4.254988E-3
9.855000E-8	4.201886E-3
9.860000E-8	4.153924E-3
9.865000E-8	4.107674E-3
9.870000E-8	4.061425E-3
9.875000E-8	4.027166E-3
9.880000E-8	4.011749E-3
9.885000E-8	4.011749E-3
9.890000E-8	4.034017E-3
9.895000E-8	4.085406E-3
9.900000E-8	4.162489E-3
9.905000E-8	4.234432E-3
9.910000E-8	4.313228E-3
9.915000E-8	4.409153E-3
9.920000E-8	4.508504E-3
9.925000E-8	4.594152E-3
9.930000E-8	4.664383E-3
9.935000E-8	4.702068E-3
9.940000E-8	4.717484E-3
9.945000E-8	4.715771E-3
9.950000E-8	4.684938E-3
9.955000E-8	4.633550E-3
9.960000E-8	4.580448E-3
9.965000E-8	4.525634E-3
9.970000E-8	4.455403E-3
9.975000E-8	4.392024E-3
9.980000E-8	4.352626E-3
9.985000E-8	4.311515E-3
9.990000E-8	4.268691E-3
9.995000E-8	4.237858E-3
1.000000E-7	4.217303E-3
1.000500E-7	4.200173E-3
1.001000E-7	4.189896E-3
1.001500E-7	4.186470E-3
1.002000E-7	4.184757E-3
1.002500E-7	4.184757E-3
1.003000E-7	4.195035E-3
1.003500E-7	4.205312E-3
1.004000E-7	4.231007E-3
1.004500E-7	4.278969E-3
1.005000E-7	4.323506E-3
1.005500E-7	4.344061E-3
1.006000E-7	4.347487E-3
1.006500E-7	4.342348E-3
1.007000E-7	4.332071E-3
1.007500E-7	4.320080E-3
1.008000E-7	4.304663E-3
1.008500E-7	4.270404E-3
1.009000E-7	4.241284E-3
1.009500E-7	4.231007E-3
1.010000E-7	4.227581E-3
1.010500E-7	4.219016E-3
1.011000E-7	4.212164E-3
1.011500E-7	4.195035E-3
1.012000E-7	4.164202E-3
1.012500E-7	4.150498E-3
1.013000E-7	4.165914E-3
1.013500E-7	4.186470E-3
1.014000E-7	4.219016E-3
1.014500E-7	4.278969E-3
1.015000E-7	4.345774E-3
1.015500E-7	4.414292E-3
1.016000E-7	4.494801E-3
1.016500E-7	4.553041E-3
1.017000E-7	4.580448E-3
1.017500E-7	4.607856E-3
1.018000E-7	4.614707E-3
1.018500E-7	4.556467E-3
1.019000E-7	4.465681E-3
1.019500E-7	4.378320E-3
1.020000E-7	4.277256E-3
1.020500E-7	4.167627E-3
1.021000E-7	4.099109E-3
1.021500E-7	4.057999E-3
1.022000E-7	4.025453E-3
1.022500E-7	4.027166E-3
1.023000E-7	4.061425E-3
1.023500E-7	4.085406E-3
1.024000E-7	4.107674E-3
1.024500E-7	4.159063E-3
1.025000E-7	4.213877E-3
1.025500E-7	4.244710E-3
1.026000E-7	4.273830E-3
1.026500E-7	4.308089E-3
1.027000E-7	4.342348E-3
1.027500E-7	4.380033E-3
1.028000E-7	4.416005E-3
1.028500E-7	4.438274E-3
1.029000E-7	4.460542E-3
1.029500E-7	4.493088E-3
1.030000E-7	4.518782E-3
1.030500E-7	4.535912E-3
1.031000E-7	4.537625E-3
1.031500E-7	4.523921E-3
1.032000E-7	4.486236E-3
1.032500E-7	4.441699E-3
1.033000E-7	4.410866E-3
1.033500E-7	4.388598E-3
1.034000E-7	4.381746E-3
1.034500E-7	4.393737E-3
1.035000E-7	4.412579E-3
1.035500E-7	4.427996E-3
1.036000E-7	4.446838E-3
1.036500E-7	4.462255E-3
1.037000E-7	4.462255E-3
1.037500E-7	4.455403E-3
1.038000E-7	4.448551E-3
1.038500E-7	4.424570E-3
1.039000E-7	4.371468E-3
1.039500E-7	4.313228E-3
1.040000E-7	4.261840E-3
1.040500E-7	4.219016E-3
1.041000E-7	4.193322E-3
1.041500E-7	4.167627E-3
1.042000E-7	4.131655E-3
1.042500E-7	4.095684E-3
1.043000E-7	4.054573E-3
1.043500E-7	3.991194E-3
1.044000E-7	3.912398E-3
1.044500E-7	3.826750E-3
1.045000E-7	3.735964E-3
1.045500E-7	3.658881E-3
1.046000E-7	3.617770E-3
1.046500E-7	3.609206E-3
1.047000E-7	3.640039E-3
1.047500E-7	3.715409E-3
1.048000E-7	3.799343E-3
1.048500E-7	3.879852E-3
1.049000E-7	3.972351E-3
1.049500E-7	4.083693E-3
1.050000E-7	4.167627E-3
1.050500E-7	4.203599E-3
1.051000E-7	4.205312E-3
1.051500E-7	4.188183E-3
1.052000E-7	4.153924E-3
1.052500E-7	4.073415E-3
1.053000E-7	3.958648E-3
1.053500E-7	3.847306E-3
1.054000E-7	3.749668E-3
1.054500E-7	3.641752E-3
1.055000E-7	3.545827E-3
1.055500E-7	3.472170E-3
1.056000E-7	3.396800E-3
1.056500E-7	3.328282E-3
1.057000E-7	3.307727E-3
1.057500E-7	3.321430E-3
1.058000E-7	3.341986E-3
1.058500E-7	3.395087E-3
1.059000E-7	3.487586E-3
1.059500E-7	3.581799E-3
1.060000E-7	3.688001E-3
1.060500E-7	3.819899E-3
1.061000E-7	3.932953E-3
1.061500E-7	4.006610E-3
1.062000E-7	4.064850E-3
1.062500E-7	4.114526E-3
1.063000E-7	4.128230E-3
1.063500E-7	4.128230E-3
1.064000E-7	4.111100E-3
1.064500E-7	4.069989E-3
1.065000E-7	4.027166E-3
1.065500E-7	3.996332E-3
1.066000E-7	3.951796E-3
1.066500E-7	3.893555E-3
1.067000E-7	3.854158E-3
1.067500E-7	3.828463E-3
1.068000E-7	3.799343E-3
1.068500E-7	3.771936E-3
1.069000E-7	3.741103E-3
1.069500E-7	3.708557E-3
1.070000E-7	3.696566E-3
1.070500E-7	3.720547E-3
1.071000E-7	3.746242E-3
1.071500E-7	3.742816E-3
1.072000E-7	3.734251E-3
1.072500E-7	3.730825E-3
1.073000E-7	3.713696E-3
1.073500E-7	3.664020E-3
1.074000E-7	3.605780E-3
1.074500E-7	3.562956E-3
1.075000E-7	3.526984E-3
1.075500E-7	3.492725E-3
1.076000E-7	3.461892E-3
1.076500E-7	3.443050E-3
1.077000E-7	3.437911E-3
1.077500E-7	3.432772E-3
1.078000E-7	3.434485E-3
1.078500E-7	3.468744E-3
1.079000E-7	3.542401E-3
1.079500E-7	3.633187E-3
1.080000E-7	3.722260E-3
1.080500E-7	3.823324E-3
1.081000E-7	3.914111E-3
1.081500E-7	3.980916E-3
1.082000E-7	4.039156E-3
1.082500E-7	4.080267E-3
1.083000E-7	4.066563E-3
1.083500E-7	4.023740E-3
1.084000E-7	3.980916E-3
1.084500E-7	3.936379E-3
1.085000E-7	3.888417E-3
1.085500E-7	3.850732E-3
1.086000E-7	3.821612E-3
1.086500E-7	3.799343E-3
1.087000E-7	3.778788E-3
1.087500E-7	3.765084E-3
1.088000E-7	3.759945E-3
1.088500E-7	3.771936E-3
1.089000E-7	3.792491E-3
1.089500E-7	3.807908E-3
1.090000E-7	3.830176E-3
1.090500E-7	3.864435E-3
1.091000E-7	3.902120E-3
1.091500E-7	3.922676E-3
1.092000E-7	3.948370E-3
1.092500E-7	3.982629E-3
1.093000E-7	4.020314E-3
1.093500E-7	4.044295E-3
1.094000E-7	4.046008E-3
1.094500E-7	4.023740E-3
1.095000E-7	3.984342E-3
1.095500E-7	3.912398E-3
1.096000E-7	3.799343E-3
1.096500E-7	3.670872E-3
1.097000E-7	3.547540E-3
1.097500E-7	3.437911E-3
1.098000E-7	3.359115E-3
1.098500E-7	3.312865E-3
1.099000E-7	3.276893E-3
1.099500E-7	3.249486E-3
1.100000E-7	3.256338E-3
1.100500E-7	3.295736E-3
1.101000E-7	3.328282E-3
1.101500E-7	3.353976E-3
1.102000E-7	3.395087E-3
1.102500E-7	3.436198E-3
1.103000E-7	3.456753E-3
1.103500E-7	3.468744E-3
1.104000E-7	3.496151E-3
1.104500E-7	3.523558E-3
1.105000E-7	3.533836E-3
1.105500E-7	3.550965E-3
1.106000E-7	3.585224E-3
1.106500E-7	3.626335E-3
1.107000E-7	3.660594E-3
1.107500E-7	3.696566E-3
1.108000E-7	3.727399E-3
1.108500E-7	3.741103E-3
1.109000E-7	3.729112E-3
1.109500E-7	3.706844E-3
1.110000E-7	3.681150E-3
1.110500E-7	3.646891E-3
1.111000E-7	3.590363E-3
1.111500E-7	3.520132E-3
1.112000E-7	3.453327E-3
1.112500E-7	3.405365E-3
1.113000E-7	3.365967E-3
1.113500E-7	3.328282E-3
1.114000E-7	3.294023E-3
1.114500E-7	3.259764E-3
1.115000E-7	3.220366E-3
1.115500E-7	3.186107E-3
1.116000E-7	3.162126E-3
1.116500E-7	3.138144E-3
1.117000E-7	3.110737E-3
1.117500E-7	3.095321E-3
1.118000E-7	3.110737E-3
1.118500E-7	3.138144E-3
1.119000E-7	3.156987E-3
1.119500E-7	3.179255E-3
1.120000E-7	3.220366E-3
1.120500E-7	3.283745E-3
1.121000E-7	3.360828E-3
1.121500E-7	3.439624E-3
1.122000E-7	3.521845E-3
1.122500E-7	3.612632E-3
1.123000E-7	3.713696E-3
1.123500E-7	3.818186E-3
1.124000E-7	3.919250E-3
1.124500E-7	4.004897E-3
1.125000E-7	4.057999E-3
1.125500E-7	4.071702E-3
1.126000E-7	4.057999E-3
1.126500E-7	4.008323E-3
1.127000E-7	3.915824E-3
1.127500E-7	3.806195E-3
1.128000E-7	3.706844E-3
1.128500E-7	3.602354E-3
1.129000E-7	3.492725E-3
1.129500E-7	3.408791E-3
1.130000E-7	3.350550E-3
1.130500E-7	3.288884E-3
1.131000E-7	3.244347E-3
1.131500E-7	3.228931E-3
1.132000E-7	3.220366E-3
1.132500E-7	3.206662E-3
1.133000E-7	3.191246E-3
1.133500E-7	3.163839E-3
1.134000E-7	3.126154E-3
1.134500E-7	3.103885E-3
1.135000E-7	3.074765E-3
1.135500E-7	3.042219E-3
1.136000E-7	3.037080E-3
1.136500E-7	3.074765E-3
1.137000E-7	3.129580E-3
1.137500E-7	3.199811E-3
1.138000E-7	3.302588E-3
1.138500E-7	3.422494E-3
1.139000E-7	3.559530E-3
1.139500E-7	3.701705E-3
1.140000E-7	3.830176E-3
1.140500E-7	3.903833E-3
1.141000E-7	3.919250E-3
1.141500E-7	3.895268E-3
1.142000E-7	3.840454E-3
1.142500E-7	3.768510E-3
1.143000E-7	3.694853E-3
1.143500E-7	3.641752E-3
1.144000E-7	3.614345E-3
1.144500E-7	3.605780E-3
1.145000E-7	3.619483E-3
1.145500E-7	3.660594E-3
1.146000E-7	3.717122E-3
1.146500E-7	3.751381E-3
1.147000E-7	3.741103E-3
1.147500E-7	3.682863E-3
1.148000E-7	3.583511E-3
1.148500E-7	3.446475E-3
1.149000E-7	3.282032E-3
1.149500E-7	3.109024E-3
1.150000E-7	2.937729E-3
1.150500E-7	2.788703E-3
1.151000E-7	2.685926E-3
1.151500E-7	2.648241E-3
1.152000E-7	2.682500E-3
1.152500E-7	2.783564E-3
1.153000E-7	2.936016E-3
1.153500E-7	3.114163E-3
1.154000E-7	3.304301E-3
1.154500E-7	3.492725E-3
1.155000E-7	3.657168E-3
1.155500E-7	3.759945E-3
1.156000E-7	3.789065E-3
1.156500E-7	3.763371E-3
1.157000E-7	3.705131E-3
1.157500E-7	3.595502E-3
1.158000E-7	3.437911E-3
1.158500E-7	3.271755E-3
1.159000E-7	3.121015E-3
1.159500E-7	2.970275E-3
1.160000E-7	2.826388E-3
1.160500E-7	2.744166E-3
1.161000E-7	2.740740E-3
1.161500E-7	2.807545E-3
1.162000E-7	2.934303E-3
1.162500E-7	3.114163E-3
1.163000E-7	3.306014E-3
1.163500E-7	3.489299E-3
1.164000E-7	3.660594E-3
1.164500E-7	3.821612E-3
1.165000E-7	3.943231E-3
1.165500E-7	4.015175E-3
1.166000E-7	4.046008E-3
1.166500E-7	4.042582E-3
1.167000E-7	4.003184E-3
1.167500E-7	3.932953E-3
1.168000E-7	3.850732E-3
1.168500E-7	3.761658E-3
1.169000E-7	3.657168E-3
1.169500E-7	3.550965E-3
1.170000E-7	3.477309E-3
1.170500E-7	3.425920E-3
1.171000E-7	3.381383E-3
1.171500E-7	3.352263E-3
1.172000E-7	3.341986E-3
1.172500E-7	3.348837E-3
1.173000E-7	3.369393E-3
1.173500E-7	3.386522E-3
1.174000E-7	3.389948E-3
1.174500E-7	3.384809E-3
1.175000E-7	3.376245E-3
1.175500E-7	3.347124E-3
1.176000E-7	3.287171E-3
1.176500E-7	3.225505E-3
1.177000E-7	3.175829E-3
1.177500E-7	3.103885E-3
1.178000E-7	3.014812E-3
1.178500E-7	2.934303E-3
1.179000E-7	2.864072E-3
1.179500E-7	2.809258E-3
1.180000E-7	2.792129E-3
1.180500E-7	2.821249E-3
1.181000E-7	2.879489E-3
1.181500E-7	2.968562E-3
1.182000E-7	3.090182E-3
1.182500E-7	3.227218E-3
1.183000E-7	3.365967E-3
1.183500E-7	3.494438E-3
1.184000E-7	3.605780E-3
1.184500E-7	3.682863E-3
1.185000E-7	3.718835E-3
1.185500E-7	3.706844E-3
1.186000E-7	3.652029E-3
1.186500E-7	3.569808E-3
1.187000E-7	3.484160E-3
1.187500E-7	3.396800E-3
1.188000E-7	3.314578E-3
1.188500E-7	3.251199E-3
1.189000E-7	3.220366E-3
1.189500E-7	3.225505E-3
1.190000E-7	3.244347E-3
1.190500E-7	3.263190E-3
1.191000E-7	3.273468E-3
1.191500E-7	3.266616E-3
1.192000E-7	3.232357E-3
1.192500E-7	3.184394E-3
1.193000E-7	3.133006E-3
1.193500E-7	3.066201E-3
1.194000E-7	2.985692E-3
1.194500E-7	2.900044E-3
1.195000E-7	2.831526E-3
1.195500E-7	2.793841E-3
1.196000E-7	2.771573E-3
1.196500E-7	2.768147E-3
1.197000E-7	2.804119E-3
1.197500E-7	2.886341E-3
1.198000E-7	2.980553E-3
1.198500E-7	3.064488E-3
1.199000E-7	3.150135E-3
1.199500E-7	3.239209E-3
1.200000E-7	3.329995E-3
1.200500E-7	3.407078E-3
1.201000E-7	3.467031E-3
1.201500E-7	3.525271E-3
1.202000E-7	3.583511E-3
1.202500E-7	3.610919E-3
1.203000E-7	3.607493E-3
1.203500E-7	3.586937E-3
1.204000E-7	3.549252E-3
1.204500E-7	3.504716E-3
1.205000E-7	3.475596E-3
1.205500E-7	3.449901E-3
1.206000E-7	3.401939E-3
1.206500E-7	3.345411E-3
1.207000E-7	3.302588E-3
1.207500E-7	3.249486E-3
1.208000E-7	3.186107E-3
1.208500E-7	3.115876E-3
1.209000E-7	3.025090E-3
1.209500E-7	2.908609E-3
1.210000E-7	2.788703E-3
1.210500E-7	2.667083E-3
1.211000E-7	2.543751E-3
1.211500E-7	2.449539E-3
1.212000E-7	2.408428E-3
1.212500E-7	2.423844E-3
1.213000E-7	2.490649E-3
1.213500E-7	2.607130E-3
1.214000E-7	2.747592E-3
1.214500E-7	2.905183E-3
1.215000E-7	3.079904E-3
1.215500E-7	3.228931E-3
1.216000E-7	3.316291E-3
1.216500E-7	3.350550E-3
1.217000E-7	3.348837E-3
1.217500E-7	3.290597E-3
1.218000E-7	3.177542E-3
1.218500E-7	3.035367E-3
1.219000E-7	2.872637E-3
1.219500E-7	2.692777E-3
1.220000E-7	2.530047E-3
1.220500E-7	2.401576E-3
1.221000E-7	2.293660E-3
1.221500E-7	2.230281E-3
1.222000E-7	2.221716E-3
1.222500E-7	2.257688E-3
1.223000E-7	2.322780E-3
1.223500E-7	2.406715E-3
1.224000E-7	2.485510E-3
1.224500E-7	2.560880E-3
1.225000E-7	2.643102E-3
1.225500E-7	2.711620E-3
1.226000E-7	2.745879E-3
1.226500E-7	2.768147E-3
1.227000E-7	2.786990E-3
1.227500E-7	2.783564E-3
1.228000E-7	2.773286E-3
1.228500E-7	2.769860E-3
1.229000E-7	2.763008E-3
1.229500E-7	2.763008E-3
1.230000E-7	2.788703E-3
1.230500E-7	2.826388E-3
1.231000E-7	2.860647E-3
1.231500E-7	2.922313E-3
1.232000E-7	2.999395E-3
1.232500E-7	3.059349E-3
1.233000E-7	3.109024E-3
1.233500E-7	3.167265E-3
1.234000E-7	3.196385E-3
1.234500E-7	3.196385E-3
1.235000E-7	3.192959E-3
1.235500E-7	3.167265E-3
1.236000E-7	3.119302E-3
1.236500E-7	3.090182E-3
1.237000E-7	3.073052E-3
1.237500E-7	3.038793E-3
1.238000E-7	3.007960E-3
1.238500E-7	3.006247E-3
1.239000E-7	2.994257E-3
1.239500E-7	2.954859E-3
1.240000E-7	2.913748E-3
1.240500E-7	2.877776E-3
1.241000E-7	2.828100E-3
1.241500E-7	2.749305E-3
1.242000E-7	2.661944E-3
1.242500E-7	2.569445E-3
1.243000E-7	2.482085E-3
1.243500E-7	2.413567E-3
1.244000E-7	2.367317E-3
1.244500E-7	2.324493E-3
1.245000E-7	2.283382E-3
1.245500E-7	2.271392E-3
1.246000E-7	2.303938E-3
1.246500E-7	2.369030E-3
1.247000E-7	2.456390E-3
1.247500E-7	2.559167E-3
1.248000E-7	2.675648E-3
1.248500E-7	2.804119E-3
1.249000E-7	2.941155E-3
1.249500E-7	3.055923E-3
1.250000E-7	3.139857E-3
1.250500E-7	3.206662E-3
1.251000E-7	3.261477E-3
1.251500E-7	3.288884E-3
1.252000E-7	3.282032E-3
1.252500E-7	3.259764E-3
1.253000E-7	3.244347E-3
1.253500E-7	3.261477E-3
1.254000E-7	3.266616E-3
1.254500E-7	3.239209E-3
1.255000E-7	3.216940E-3
1.255500E-7	3.220366E-3
1.256000E-7	3.218653E-3
1.256500E-7	3.189533E-3
1.257000E-7	3.156987E-3
1.257500E-7	3.121015E-3
1.258000E-7	3.054210E-3
1.258500E-7	2.961711E-3
1.259000E-7	2.858934E-3
1.259500E-7	2.771573E-3
1.260000E-7	2.718472E-3
1.260500E-7	2.703055E-3
1.261000E-7	2.733888E-3
1.261500E-7	2.824675E-3
1.262000E-7	2.958285E-3
1.262500E-7	3.105598E-3
1.263000E-7	3.256338E-3
1.263500E-7	3.389948E-3
1.264000E-7	3.482447E-3
1.264500E-7	3.511568E-3
1.265000E-7	3.482447E-3
1.265500E-7	3.395087E-3
1.266000E-7	3.252912E-3
1.266500E-7	3.069626E-3
1.267000E-7	2.884628E-3
1.267500E-7	2.732175E-3
1.268000E-7	2.627685E-3
1.268500E-7	2.590000E-3
1.269000E-7	2.624259E-3
1.269500E-7	2.703055E-3
1.270000E-7	2.812684E-3
1.270500E-7	2.953146E-3
1.271000E-7	3.115876E-3
1.271500E-7	3.263190E-3
1.272000E-7	3.377957E-3
1.272500E-7	3.458466E-3
1.273000E-7	3.494438E-3
1.273500E-7	3.497864E-3
1.274000E-7	3.491012E-3
1.274500E-7	3.456753E-3
1.275000E-7	3.396800E-3
1.275500E-7	3.341986E-3
1.276000E-7	3.294023E-3
1.276500E-7	3.254625E-3
1.277000E-7	3.206662E-3
1.277500E-7	3.155274E-3
1.278000E-7	3.110737E-3
1.278500E-7	3.078191E-3
1.279000E-7	3.040506E-3
1.279500E-7	3.002821E-3
1.280000E-7	2.989118E-3
1.280500E-7	2.966849E-3
1.281000E-7	2.922313E-3
1.281500E-7	2.872637E-3
1.282000E-7	2.821249E-3
1.282500E-7	2.739027E-3
1.283000E-7	2.631111E-3
1.283500E-7	2.533473E-3
1.284000E-7	2.447826E-3
1.284500E-7	2.370743E-3
1.285000E-7	2.312503E-3
1.285500E-7	2.279956E-3
1.286000E-7	2.281669E-3
1.286500E-7	2.317641E-3
1.287000E-7	2.379308E-3
1.287500E-7	2.456390E-3
1.288000E-7	2.535186E-3
1.288500E-7	2.598565E-3
1.289000E-7	2.649954E-3
1.289500E-7	2.687639E-3
1.290000E-7	2.687639E-3
1.290500E-7	2.632824E-3
1.291000E-7	2.543751E-3
1.291500E-7	2.440974E-3
1.292000E-7	2.331345E-3
1.292500E-7	2.235420E-3
1.293000E-7	2.173754E-3
1.293500E-7	2.148059E-3
1.294000E-7	2.153198E-3
1.294500E-7	2.180605E-3
1.295000E-7	2.238846E-3
1.295500E-7	2.324493E-3
1.296000E-7	2.415280E-3
1.296500E-7	2.499214E-3
1.297000E-7	2.566019E-3
1.297500E-7	2.603704E-3
1.298000E-7	2.624259E-3
1.298500E-7	2.639676E-3
1.299000E-7	2.643102E-3
1.299500E-7	2.619121E-3
1.300000E-7	2.595139E-3
1.300500E-7	2.595139E-3
1.301000E-7	2.605417E-3
1.301500E-7	2.607130E-3
1.302000E-7	2.613982E-3
1.302500E-7	2.615695E-3
1.303000E-7	2.608843E-3
1.303500E-7	2.600278E-3
1.304000E-7	2.591713E-3
1.304500E-7	2.562593E-3
1.305000E-7	2.528334E-3
1.305500E-7	2.514631E-3
1.306000E-7	2.516344E-3
1.306500E-7	2.528334E-3
1.307000E-7	2.562593E-3
1.307500E-7	2.613982E-3
1.308000E-7	2.677361E-3
1.308500E-7	2.756157E-3
1.309000E-7	2.862359E-3
1.309500E-7	2.975414E-3
1.310000E-7	3.069626E-3
1.310500E-7	3.146709E-3
1.311000E-7	3.204950E-3
1.311500E-7	3.240921E-3
1.312000E-7	3.251199E-3
1.312500E-7	3.225505E-3
1.313000E-7	3.155274E-3
1.313500E-7	3.052497E-3
1.314000E-7	2.927452E-3
1.314500E-7	2.781851E-3
1.315000E-7	2.629398E-3
1.315500E-7	2.500927E-3
1.316000E-7	2.406715E-3
1.316500E-7	2.333058E-3
1.317000E-7	2.283382E-3
1.317500E-7	2.276531E-3
1.318000E-7	2.322780E-3
1.318500E-7	2.396437E-3
1.319000E-7	2.471807E-3
1.319500E-7	2.562593E-3
1.320000E-7	2.663657E-3
1.320500E-7	2.730462E-3
1.321000E-7	2.751018E-3
1.321500E-7	2.740740E-3
1.322000E-7	2.699629E-3
1.322500E-7	2.612269E-3
1.323000E-7	2.499214E-3
1.323500E-7	2.393011E-3
1.324000E-7	2.309077E-3
1.324500E-7	2.274818E-3
1.325000E-7	2.305651E-3
1.325500E-7	2.369030E-3
1.326000E-7	2.452964E-3
1.326500E-7	2.588287E-3
1.327000E-7	2.763008E-3
1.327500E-7	2.930877E-3
1.328000E-7	3.088469E-3
1.328500E-7	3.242634E-3
1.329000E-7	3.338560E-3
1.329500E-7	3.348837E-3
1.330000E-7	3.312865E-3
1.330500E-7	3.264903E-3
1.331000E-7	3.180968E-3
1.331500E-7	3.067914E-3
1.332000E-7	2.946294E-3
1.332500E-7	2.833239E-3
1.333000E-7	2.745879E-3
1.333500E-7	2.697916E-3
1.334000E-7	2.682500E-3
1.334500E-7	2.696203E-3
1.335000E-7	2.751018E-3
1.335500E-7	2.819536E-3
1.336000E-7	2.867498E-3
1.336500E-7	2.900044E-3
1.337000E-7	2.939442E-3
1.337500E-7	2.985692E-3
1.338000E-7	3.023377E-3
1.338500E-7	3.052497E-3
1.339000E-7	3.088469E-3
1.339500E-7	3.138144E-3
1.340000E-7	3.194672E-3
1.340500E-7	3.235783E-3
1.341000E-7	3.256338E-3
1.341500E-7	3.275180E-3
1.342000E-7	3.295736E-3
1.342500E-7	3.290597E-3
1.343000E-7	3.247773E-3
1.343500E-7	3.175829E-3
1.344000E-7	3.085043E-3
1.344500E-7	2.973701E-3
1.345000E-7	2.845230E-3
1.345500E-7	2.721898E-3
1.346000E-7	2.622546E-3
1.346500E-7	2.543751E-3
1.347000E-7	2.471807E-3
1.347500E-7	2.423844E-3
1.348000E-7	2.396437E-3
1.348500E-7	2.370743E-3
1.349000E-7	2.336484E-3
1.349500E-7	2.315928E-3
1.350000E-7	2.312503E-3
1.350500E-7	2.279956E-3
1.351000E-7	2.213151E-3
1.351500E-7	2.137782E-3
1.352000E-7	2.077828E-3
1.352500E-7	2.041856E-3
1.353000E-7	2.024727E-3
1.353500E-7	2.029866E-3
1.354000E-7	2.045282E-3
1.354500E-7	2.074402E-3
1.355000E-7	2.118939E-3
1.355500E-7	2.163476E-3
1.356000E-7	2.209726E-3
1.356500E-7	2.254262E-3
1.357000E-7	2.281669E-3
1.357500E-7	2.298799E-3
1.358000E-7	2.321067E-3
1.358500E-7	2.329632E-3
1.359000E-7	2.317641E-3
1.359500E-7	2.321067E-3
1.360000E-7	2.336484E-3
1.360500E-7	2.346762E-3
1.361000E-7	2.350187E-3
1.361500E-7	2.350187E-3
1.362000E-7	2.345049E-3
1.362500E-7	2.322780E-3
1.363000E-7	2.291947E-3
1.363500E-7	2.255975E-3
1.364000E-7	2.216577E-3
1.364500E-7	2.190883E-3
1.365000E-7	2.163476E-3
1.365500E-7	2.136069E-3
1.366000E-7	2.132643E-3
1.366500E-7	2.156624E-3
1.367000E-7	2.178892E-3
1.367500E-7	2.192596E-3
1.368000E-7	2.211438E-3
1.368500E-7	2.214864E-3
1.369000E-7	2.166902E-3
1.369500E-7	2.088106E-3
1.370000E-7	2.012736E-3
1.370500E-7	1.940792E-3
1.371000E-7	1.863710E-3
1.371500E-7	1.817460E-3
1.372000E-7	1.827738E-3
1.372500E-7	1.867136E-3
1.373000E-7	1.951070E-3
1.373500E-7	2.093245E-3
1.374000E-7	2.274818E-3
1.374500E-7	2.458103E-3
1.375000E-7	2.639676E-3
1.375500E-7	2.816110E-3
1.376000E-7	2.958285E-3
1.376500E-7	3.033655E-3
1.377000E-7	3.042219E-3
1.377500E-7	3.014812E-3
1.378000E-7	2.959998E-3
1.378500E-7	2.874350E-3
1.379000E-7	2.766434E-3
1.379500E-7	2.660231E-3
1.380000E-7	2.560880E-3
1.380500E-7	2.458103E-3
1.381000E-7	2.358752E-3
1.381500E-7	2.293660E-3
1.382000E-7	2.262827E-3
1.382500E-7	2.259401E-3
1.383000E-7	2.271392E-3
1.383500E-7	2.309077E-3
1.384000E-7	2.377595E-3
1.384500E-7	2.458103E-3
1.385000E-7	2.535186E-3
1.385500E-7	2.615695E-3
1.386000E-7	2.684213E-3
1.386500E-7	2.733888E-3
1.387000E-7	2.771573E-3
1.387500E-7	2.780138E-3
1.388000E-7	2.754444E-3
1.388500E-7	2.706481E-3
1.389000E-7	2.667083E-3
1.389500E-7	2.622546E-3
1.390000E-7	2.543751E-3
1.390500E-7	2.442687E-3
1.391000E-7	2.353613E-3
1.391500E-7	2.279956E-3
1.392000E-7	2.228568E-3
1.392500E-7	2.197735E-3
1.393000E-7	2.199448E-3
1.393500E-7	2.223429E-3
1.394000E-7	2.247410E-3
1.394500E-7	2.262827E-3
1.395000E-7	2.264540E-3
1.395500E-7	2.255975E-3
1.396000E-7	2.240559E-3
1.396500E-7	2.216577E-3
1.397000E-7	2.196022E-3
1.397500E-7	2.185744E-3
1.398000E-7	2.172041E-3
1.398500E-7	2.144633E-3
1.399000E-7	2.110374E-3
1.399500E-7	2.082967E-3
1.400000E-7	2.065838E-3
1.400500E-7	2.057273E-3
1.401000E-7	2.062412E-3
1.401500E-7	2.069264E-3
1.402000E-7	2.060699E-3
1.402500E-7	2.046995E-3
1.403000E-7	2.041856E-3
1.403500E-7	2.031579E-3
1.404000E-7	2.031579E-3
1.404500E-7	2.050421E-3
1.405000E-7	2.079541E-3
1.405500E-7	2.105236E-3
1.406000E-7	2.156624E-3
1.406500E-7	2.238846E-3
1.407000E-7	2.317641E-3
1.407500E-7	2.379308E-3
1.408000E-7	2.437548E-3
1.408500E-7	2.482085E-3
1.409000E-7	2.492362E-3
1.409500E-7	2.483798E-3
1.410000E-7	2.459816E-3
1.410500E-7	2.410141E-3
1.411000E-7	2.338197E-3
1.411500E-7	2.278244E-3
1.412000E-7	2.223429E-3
1.412500E-7	2.166902E-3
1.413000E-7	2.120652E-3
1.413500E-7	2.108661E-3
1.414000E-7	2.129217E-3
1.414500E-7	2.168615E-3
1.415000E-7	2.230281E-3
1.415500E-7	2.319354E-3
1.416000E-7	2.422131E-3
1.416500E-7	2.507779E-3
1.417000E-7	2.560880E-3
1.417500E-7	2.595139E-3
1.418000E-7	2.612269E-3
1.418500E-7	2.586575E-3
1.419000E-7	2.535186E-3
1.419500E-7	2.471807E-3
1.420000E-7	2.389585E-3
1.420500E-7	2.297086E-3
1.421000E-7	2.225142E-3
1.421500E-7	2.180605E-3
1.422000E-7	2.163476E-3
1.422500E-7	2.177179E-3
1.423000E-7	2.221716E-3
1.423500E-7	2.283382E-3
1.424000E-7	2.345049E-3
1.424500E-7	2.389585E-3
1.425000E-7	2.413567E-3
1.425500E-7	2.430696E-3
1.426000E-7	2.418705E-3
1.426500E-7	2.333058E-3
1.427000E-7	2.194309E-3
1.427500E-7	2.045282E-3
1.428000E-7	1.891117E-3
1.428500E-7	1.719822E-3
1.429000E-7	1.567369E-3
1.429500E-7	1.474870E-3
1.430000E-7	1.442324E-3
1.430500E-7	1.473157E-3
1.431000E-7	1.560517E-3
1.431500E-7	1.682137E-3
1.432000E-7	1.820886E-3
1.432500E-7	1.976764E-3
1.433000E-7	2.130930E-3
1.433500E-7	2.254262E-3
1.434000E-7	2.336484E-3
1.434500E-7	2.363891E-3
1.435000E-7	2.319354E-3
1.435500E-7	2.223429E-3
1.436000E-7	2.108661E-3
1.436500E-7	1.987042E-3
1.437000E-7	1.875700E-3
1.437500E-7	1.805469E-3
1.438000E-7	1.769497E-3
1.438500E-7	1.752368E-3
1.439000E-7	1.755794E-3
1.439500E-7	1.803756E-3
1.440000E-7	1.899682E-3
1.440500E-7	2.014449E-3
1.441000E-7	2.112087E-3
1.441500E-7	2.199448E-3
1.442000E-7	2.279956E-3
1.442500E-7	2.322780E-3
1.443000E-7	2.315928E-3
1.443500E-7	2.302225E-3
1.444000E-7	2.312503E-3
1.444500E-7	2.322780E-3
1.445000E-7	2.317641E-3
1.445500E-7	2.327919E-3
1.446000E-7	2.348474E-3
1.446500E-7	2.346762E-3
1.447000E-7	2.326206E-3
1.447500E-7	2.305651E-3
1.448000E-7	2.264540E-3
1.448500E-7	2.197735E-3
1.449000E-7	2.122365E-3
1.449500E-7	2.048708E-3
1.450000E-7	1.980190E-3
1.450500E-7	1.942505E-3
1.451000E-7	1.940792E-3
1.451500E-7	1.954496E-3
1.452000E-7	1.976764E-3
1.452500E-7	2.000746E-3
1.453000E-7	2.026440E-3
1.453500E-7	2.052134E-3
1.454000E-7	2.088106E-3
1.454500E-7	2.127504E-3
1.455000E-7	2.153198E-3
1.455500E-7	2.175467E-3
1.456000E-7	2.209726E-3
1.456500E-7	2.240559E-3
1.457000E-7	2.262827E-3
1.457500E-7	2.283382E-3
1.458000E-7	2.305651E-3
1.458500E-7	2.326206E-3
1.459000E-7	2.350187E-3
1.459500E-7	2.370743E-3
1.460000E-7	2.369030E-3
1.460500E-7	2.329632E-3
1.461000E-7	2.259401E-3
1.461500E-7	2.165189E-3
1.462000E-7	2.069264E-3
1.462500E-7	1.975051E-3
1.463000E-7	1.873987E-3
1.463500E-7	1.781488E-3
1.464000E-7	1.702692E-3
1.464500E-7	1.632461E-3
1.465000E-7	1.581073E-3
1.465500E-7	1.565656E-3
1.466000E-7	1.579360E-3
1.466500E-7	1.610193E-3
1.467000E-7	1.680424E-3
1.467500E-7	1.784914E-3
1.468000E-7	1.884265E-3
1.468500E-7	1.966487E-3
1.469000E-7	2.062412E-3
1.469500E-7	2.172041E-3
1.470000E-7	2.259401E-3
1.470500E-7	2.309077E-3
1.471000E-7	2.339910E-3
1.471500E-7	2.357039E-3
1.472000E-7	2.353613E-3
1.472500E-7	2.333058E-3
1.473000E-7	2.314215E-3
1.473500E-7	2.300512E-3
1.474000E-7	2.281669E-3
1.474500E-7	2.267966E-3
1.475000E-7	2.276531E-3
1.475500E-7	2.290234E-3
1.476000E-7	2.297086E-3
1.476500E-7	2.295373E-3
1.477000E-7	2.278244E-3
1.477500E-7	2.228568E-3
1.478000E-7	2.139495E-3
1.478500E-7	2.024727E-3
1.479000E-7	1.896256E-3
1.479500E-7	1.759220E-3
1.480000E-7	1.639313E-3
1.480500E-7	1.545101E-3
1.481000E-7	1.471444E-3
1.481500E-7	1.421769E-3
1.482000E-7	1.409778E-3
1.482500E-7	1.438898E-3
1.483000E-7	1.495425E-3
1.483500E-7	1.569082E-3
1.484000E-7	1.665007E-3
1.484500E-7	1.767784E-3
1.485000E-7	1.863710E-3
1.485500E-7	1.944218E-3
1.486000E-7	2.014449E-3
1.486500E-7	2.082967E-3
1.487000E-7	2.134356E-3
1.487500E-7	2.144633E-3
1.488000E-7	2.130930E-3
1.488500E-7	2.108661E-3
1.489000E-7	2.065838E-3
1.489500E-7	2.004172E-3
1.490000E-7	1.952783E-3
1.490500E-7	1.913385E-3
1.491000E-7	1.858571E-3
1.491500E-7	1.820886E-3
1.492000E-7	1.839728E-3
1.492500E-7	1.882552E-3
1.493000E-7	1.913385E-3
1.493500E-7	1.968200E-3
1.494000E-7	2.062412E-3
1.494500E-7	2.134356E-3
1.495000E-7	2.165189E-3
1.495500E-7	2.180605E-3
1.496000E-7	2.178892E-3
1.496500E-7	2.139495E-3
1.497000E-7	2.091532E-3
1.497500E-7	2.065838E-3
1.498000E-7	2.055560E-3
1.498500E-7	2.050421E-3
1.499000E-7	2.031579E-3
1.499500E-7	2.002459E-3
1.500000E-7	1.969913E-3
1.500500E-7	1.940792E-3
1.501000E-7	1.906533E-3
1.501500E-7	1.855145E-3
1.502000E-7	1.795192E-3
1.502500E-7	1.754081E-3
1.503000E-7	1.752368E-3
1.503500E-7	1.784914E-3
1.504000E-7	1.838015E-3
1.504500E-7	1.913385E-3
1.505000E-7	2.002459E-3
1.505500E-7	2.096671E-3
1.506000E-7	2.196022E-3
1.506500E-7	2.293660E-3
1.507000E-7	2.375882E-3
1.507500E-7	2.435835E-3
1.508000E-7	2.471807E-3
1.508500E-7	2.466668E-3
1.509000E-7	2.423844E-3
1.509500E-7	2.357039E-3
1.510000E-7	2.273105E-3
1.510500E-7	2.192596E-3
1.511000E-7	2.120652E-3
1.511500E-7	2.053847E-3
1.512000E-7	1.983616E-3
1.512500E-7	1.933941E-3
1.513000E-7	1.899682E-3
1.513500E-7	1.870561E-3
1.514000E-7	1.834589E-3
1.514500E-7	1.822599E-3
1.515000E-7	1.843154E-3
1.515500E-7	1.887691E-3
1.516000E-7	1.932228E-3
1.516500E-7	1.980190E-3
1.517000E-7	2.050421E-3
1.517500E-7	2.134356E-3
1.518000E-7	2.206300E-3
1.518500E-7	2.262827E-3
1.519000E-7	2.305651E-3
1.519500E-7	2.326206E-3
1.520000E-7	2.309077E-3
1.520500E-7	2.249123E-3
1.521000E-7	2.161763E-3
1.521500E-7	2.074402E-3
1.522000E-7	2.002459E-3
1.522500E-7	1.921950E-3
1.523000E-7	1.838015E-3
1.523500E-7	1.778062E-3
1.524000E-7	1.750655E-3
1.524500E-7	1.735238E-3
1.525000E-7	1.742090E-3
1.525500E-7	1.791766E-3
1.526000E-7	1.860284E-3
1.526500E-7	1.916811E-3
1.527000E-7	1.957922E-3
1.527500E-7	1.990468E-3
1.528000E-7	2.011023E-3
1.528500E-7	2.005884E-3
1.529000E-7	1.973338E-3
1.529500E-7	1.915098E-3
1.530000E-7	1.841441E-3
1.530500E-7	1.762646E-3
1.531000E-7	1.688989E-3
1.531500E-7	1.642739E-3
1.532000E-7	1.620471E-3
1.532500E-7	1.605054E-3
1.533000E-7	1.587925E-3
1.533500E-7	1.584499E-3
1.534000E-7	1.574221E-3
1.534500E-7	1.534823E-3
1.535000E-7	1.462879E-3
1.535500E-7	1.389222E-3
1.536000E-7	1.322417E-3
1.536500E-7	1.253899E-3
1.537000E-7	1.192233E-3
1.537500E-7	1.161400E-3
1.538000E-7	1.159687E-3
1.538500E-7	1.181955E-3
1.539000E-7	1.226492E-3
1.539500E-7	1.298436E-3
1.540000E-7	1.390935E-3
1.540500E-7	1.502277E-3
1.541000E-7	1.623897E-3
1.541500E-7	1.743803E-3
1.542000E-7	1.855145E-3
1.542500E-7	1.957922E-3
1.543000E-7	2.033292E-3
1.543500E-7	2.079541E-3
1.544000E-7	2.106949E-3
1.544500E-7	2.125791E-3
1.545000E-7	2.120652E-3
1.545500E-7	2.098384E-3
1.546000E-7	2.064125E-3
1.546500E-7	2.046995E-3
1.547000E-7	2.055560E-3
1.547500E-7	2.082967E-3
1.548000E-7	2.117226E-3
1.548500E-7	2.165189E-3
1.549000E-7	2.233707E-3
1.549500E-7	2.312503E-3
1.550000E-7	2.377595E-3
1.550500E-7	2.422131E-3
1.551000E-7	2.449539E-3
1.551500E-7	2.449539E-3
1.552000E-7	2.410141E-3
1.552500E-7	2.346762E-3
1.553000E-7	2.259401E-3
1.553500E-7	2.151485E-3
1.554000E-7	2.028153E-3
1.554500E-7	1.901395E-3
1.555000E-7	1.774636E-3
1.555500E-7	1.637600E-3
1.556000E-7	1.515981E-3
1.556500E-7	1.449176E-3
1.557000E-7	1.426907E-3
1.557500E-7	1.413204E-3
1.558000E-7	1.416630E-3
1.558500E-7	1.450889E-3
1.559000E-7	1.495425E-3
1.559500E-7	1.526258E-3
1.560000E-7	1.553666E-3
1.560500E-7	1.577647E-3
1.561000E-7	1.591351E-3
1.561500E-7	1.601628E-3
1.562000E-7	1.618758E-3
1.562500E-7	1.630748E-3
1.563000E-7	1.622184E-3
1.563500E-7	1.610193E-3
1.564000E-7	1.606767E-3
1.564500E-7	1.594776E-3
1.565000E-7	1.560517E-3
1.565500E-7	1.512555E-3
1.566000E-7	1.450889E-3
1.566500E-7	1.375519E-3
1.567000E-7	1.301862E-3
1.567500E-7	1.241909E-3
1.568000E-7	1.195659E-3
1.568500E-7	1.183668E-3
1.569000E-7	1.216214E-3
1.569500E-7	1.274455E-3
1.570000E-7	1.349825E-3
1.570500E-7	1.464592E-3
1.571000E-7	1.617045E-3
1.571500E-7	1.771210E-3
1.572000E-7	1.904820E-3
1.572500E-7	2.014449E-3
1.573000E-7	2.074402E-3
1.573500E-7	2.077828E-3
1.574000E-7	2.048708E-3
1.574500E-7	1.995607E-3
1.575000E-7	1.911672E-3
1.575500E-7	1.808895E-3
1.576000E-7	1.706118E-3
1.576500E-7	1.611906E-3
1.577000E-7	1.546814E-3
1.577500E-7	1.526258E-3
1.578000E-7	1.536536E-3
1.578500E-7	1.560517E-3
1.579000E-7	1.608480E-3
1.579500E-7	1.692415E-3
1.580000E-7	1.778062E-3
1.580500E-7	1.841441E-3
1.581000E-7	1.899682E-3
1.581500E-7	1.961348E-3
1.582000E-7	2.017875E-3
1.582500E-7	2.067551E-3
1.583000E-7	2.106949E-3
1.583500E-7	2.130930E-3
1.584000E-7	2.127504E-3
1.584500E-7	2.094958E-3
1.585000E-7	2.043569E-3
1.585500E-7	1.981903E-3
1.586000E-7	1.906533E-3
1.586500E-7	1.810608E-3
1.587000E-7	1.721535E-3
1.587500E-7	1.661582E-3
1.588000E-7	1.613619E-3
1.588500E-7	1.586212E-3
1.589000E-7	1.606767E-3
1.589500E-7	1.659869E-3
1.590000E-7	1.709544E-3
1.590500E-7	1.769497E-3
1.591000E-7	1.843154E-3
1.591500E-7	1.909959E-3
1.592000E-7	1.973338E-3
1.592500E-7	2.053847E-3
1.593000E-7	2.141208E-3
1.593500E-7	2.221716E-3
1.594000E-7	2.305651E-3
1.594500E-7	2.389585E-3
1.595000E-7	2.449539E-3
1.595500E-7	2.490649E-3
1.596000E-7	2.518057E-3
1.596500E-7	2.500927E-3
1.597000E-7	2.430696E-3
1.597500E-7	2.336484E-3
1.598000E-7	2.235420E-3
1.598500E-7	2.103523E-3
1.599000E-7	1.957922E-3
1.599500E-7	1.841441E-3
1.600000E-7	1.747229E-3
1.600500E-7	1.666720E-3
1.601000E-7	1.622184E-3
1.601500E-7	1.620471E-3
1.602000E-7	1.649591E-3
1.602500E-7	1.709544E-3
1.603000E-7	1.807182E-3
1.603500E-7	1.921950E-3
1.604000E-7	2.029866E-3
1.604500E-7	2.136069E-3
1.605000E-7	2.240559E-3
1.605500E-7	2.322780E-3
1.606000E-7	2.365604E-3
1.606500E-7	2.387872E-3
1.607000E-7	2.413567E-3
1.607500E-7	2.420418E-3
1.608000E-7	2.382733E-3
1.608500E-7	2.297086E-3
1.609000E-7	2.175467E-3
1.609500E-7	2.017875E-3
1.610000E-7	1.839728E-3
1.610500E-7	1.653017E-3
1.611000E-7	1.473157E-3
1.611500E-7	1.305288E-3
1.612000E-7	1.173391E-3
1.612500E-7	1.092882E-3
1.613000E-7	1.077466E-3
1.613500E-7	1.151122E-3
1.614000E-7	1.296723E-3
1.614500E-7	1.471444E-3
1.615000E-7	1.654730E-3
1.615500E-7	1.844867E-3
1.616000E-7	1.997320E-3
1.616500E-7	2.101810E-3
1.617000E-7	2.175467E-3
1.617500E-7	2.204587E-3
1.618000E-7	2.156624E-3
1.618500E-7	2.053847E-3
1.619000E-7	1.923663E-3
1.619500E-7	1.781488E-3
1.620000E-7	1.654730E-3
1.620500E-7	1.563943E-3
1.621000E-7	1.512555E-3
1.621500E-7	1.510842E-3
1.622000E-7	1.563943E-3
1.622500E-7	1.647878E-3
1.623000E-7	1.733525E-3
1.623500E-7	1.815747E-3
1.624000E-7	1.879126E-3
1.624500E-7	1.909959E-3
1.625000E-7	1.911672E-3
1.625500E-7	1.880839E-3
1.626000E-7	1.820886E-3
1.626500E-7	1.740377E-3
1.627000E-7	1.642739E-3
1.627500E-7	1.550240E-3
1.628000E-7	1.481722E-3
1.628500E-7	1.432046E-3
1.629000E-7	1.399500E-3
1.629500E-7	1.399500E-3
1.630000E-7	1.437185E-3
1.630500E-7	1.493712E-3
1.631000E-7	1.567369E-3
1.631500E-7	1.646165E-3
1.632000E-7	1.700979E-3
1.632500E-7	1.736951E-3
1.633000E-7	1.767784E-3
1.633500E-7	1.791766E-3
1.634000E-7	1.793479E-3
1.634500E-7	1.769497E-3
1.635000E-7	1.736951E-3
1.635500E-7	1.709544E-3
1.636000E-7	1.680424E-3
1.636500E-7	1.634174E-3
1.637000E-7	1.570795E-3
1.637500E-7	1.502277E-3
1.638000E-7	1.423481E-3
1.638500E-7	1.332695E-3
1.639000E-7	1.233344E-3
1.639500E-7	1.137419E-3
1.640000E-7	1.050058E-3
1.640500E-7	9.986698E-4
1.641000E-7	9.832533E-4
1.641500E-7	9.849662E-4
1.642000E-7	1.027790E-3
1.642500E-7	1.133993E-3
1.643000E-7	1.274455E-3
1.643500E-7	1.399500E-3
1.644000E-7	1.527971E-3
1.644500E-7	1.661582E-3
1.645000E-7	1.760933E-3
1.645500E-7	1.812321E-3
1.646000E-7	1.838015E-3
1.646500E-7	1.839728E-3
1.647000E-7	1.798618E-3
1.647500E-7	1.726674E-3
1.648000E-7	1.651304E-3
1.648500E-7	1.567369E-3
1.649000E-7	1.466305E-3
1.649500E-7	1.354963E-3
1.650000E-7	1.253899E-3
1.650500E-7	1.176817E-3
1.651000E-7	1.135706E-3
1.651500E-7	1.115150E-3
1.652000E-7	1.096308E-3
1.652500E-7	1.106586E-3
1.653000E-7	1.147696E-3
1.653500E-7	1.175104E-3
1.654000E-7	1.200798E-3
1.654500E-7	1.276168E-3
1.655000E-7	1.387510E-3
1.655500E-7	1.485148E-3
1.656000E-7	1.574221E-3
1.656500E-7	1.678711E-3
1.657000E-7	1.779775E-3
1.657500E-7	1.853432E-3
1.658000E-7	1.899682E-3
1.658500E-7	1.916811E-3
1.659000E-7	1.908246E-3
1.659500E-7	1.880839E-3
1.660000E-7	1.826025E-3
1.660500E-7	1.745516E-3
1.661000E-7	1.659869E-3
1.661500E-7	1.581073E-3
1.662000E-7	1.503990E-3
1.662500E-7	1.449176E-3
1.663000E-7	1.428620E-3
1.663500E-7	1.449176E-3
1.664000E-7	1.505703E-3
1.664500E-7	1.599915E-3
1.665000E-7	1.697553E-3
1.665500E-7	1.771210E-3
1.666000E-7	1.829451E-3
1.666500E-7	1.870561E-3
1.667000E-7	1.875700E-3
1.667500E-7	1.846580E-3
1.668000E-7	1.805469E-3
1.668500E-7	1.752368E-3
1.669000E-7	1.678711E-3
1.669500E-7	1.611906E-3
1.670000E-7	1.565656E-3
1.670500E-7	1.517694E-3
1.671000E-7	1.468018E-3
1.671500E-7	1.432046E-3
1.672000E-7	1.413204E-3
1.672500E-7	1.392648E-3
1.673000E-7	1.365241E-3
1.673500E-7	1.342973E-3
1.674000E-7	1.315566E-3
1.674500E-7	1.283020E-3
1.675000E-7	1.252186E-3
1.675500E-7	1.229918E-3
1.676000E-7	1.235057E-3
1.676500E-7	1.279594E-3
1.677000E-7	1.349825E-3
1.677500E-7	1.425194E-3
1.678000E-7	1.500564E-3
1.678500E-7	1.579360E-3
1.679000E-7	1.647878E-3
1.679500E-7	1.688989E-3
1.680000E-7	1.700979E-3
1.680500E-7	1.675285E-3
1.681000E-7	1.623897E-3
1.681500E-7	1.567369E-3
1.682000E-7	1.491999E-3
1.682500E-7	1.389222E-3
1.683000E-7	1.286445E-3
1.683500E-7	1.219640E-3
1.684000E-7	1.188807E-3
1.684500E-7	1.180243E-3
1.685000E-7	1.181955E-3
1.685500E-7	1.202511E-3
1.686000E-7	1.235057E-3
1.686500E-7	1.277881E-3
1.687000E-7	1.322417E-3
1.687500E-7	1.365241E-3
1.688000E-7	1.397787E-3
1.688500E-7	1.399500E-3
1.689000E-7	1.384084E-3
1.689500E-7	1.361815E-3
1.690000E-7	1.332695E-3
1.690500E-7	1.293297E-3
1.691000E-7	1.269316E-3
1.691500E-7	1.284732E-3
1.692000E-7	1.325843E-3
1.692500E-7	1.377232E-3
1.693000E-7	1.442324E-3
1.693500E-7	1.509129E-3
1.694000E-7	1.558805E-3
1.694500E-7	1.603341E-3
1.695000E-7	1.642739E-3
1.695500E-7	1.661582E-3
1.696000E-7	1.649591E-3
1.696500E-7	1.625610E-3
1.697000E-7	1.596489E-3
1.697500E-7	1.558805E-3
1.698000E-7	1.522833E-3
1.698500E-7	1.490287E-3
1.699000E-7	1.476583E-3
1.699500E-7	1.491999E-3
1.700000E-7	1.534823E-3
1.700500E-7	1.593064E-3
1.701000E-7	1.658156E-3
1.701500E-7	1.736951E-3
1.702000E-7	1.815747E-3
1.702500E-7	1.867136E-3
1.703000E-7	1.887691E-3
1.703500E-7	1.884265E-3
1.704000E-7	1.856858E-3
1.704500E-7	1.795192E-3
1.705000E-7	1.694128E-3
1.705500E-7	1.581073E-3
1.706000E-7	1.480009E-3
1.706500E-7	1.390935E-3
1.707000E-7	1.312140E-3
1.707500E-7	1.248761E-3
1.708000E-7	1.212789E-3
1.708500E-7	1.224779E-3
1.709000E-7	1.262464E-3
1.709500E-7	1.301862E-3
1.710000E-7	1.339547E-3
1.710500E-7	1.399500E-3
1.711000E-7	1.466305E-3
1.711500E-7	1.498851E-3
1.712000E-7	1.491999E-3
1.712500E-7	1.464592E-3
1.713000E-7	1.413204E-3
1.713500E-7	1.346399E-3
1.714000E-7	1.296723E-3
1.714500E-7	1.260751E-3
1.715000E-7	1.211076E-3
1.715500E-7	1.166539E-3
1.716000E-7	1.154548E-3
1.716500E-7	1.164826E-3
1.717000E-7	1.183668E-3
1.717500E-7	1.214502E-3
1.718000E-7	1.248761E-3
1.718500E-7	1.277881E-3
1.719000E-7	1.305288E-3
1.719500E-7	1.330982E-3
1.720000E-7	1.346399E-3
1.720500E-7	1.356676E-3
1.721000E-7	1.354963E-3
1.721500E-7	1.327556E-3
1.722000E-7	1.289871E-3
1.722500E-7	1.279594E-3
1.723000E-7	1.298436E-3
1.723500E-7	1.320704E-3
1.724000E-7	1.351538E-3
1.724500E-7	1.399500E-3
1.725000E-7	1.454315E-3
1.725500E-7	1.510842E-3
1.726000E-7	1.567369E-3
1.726500E-7	1.634174E-3
1.727000E-7	1.712970E-3
1.727500E-7	1.796905E-3
1.728000E-7	1.870561E-3
1.728500E-7	1.942505E-3
1.729000E-7	2.004172E-3
1.729500E-7	2.023014E-3
1.730000E-7	1.981903E-3
1.730500E-7	1.909959E-3
1.731000E-7	1.819173E-3
1.731500E-7	1.690702E-3
1.732000E-7	1.531397E-3
1.732500E-7	1.372093E-3
1.733000E-7	1.226492E-3
1.733500E-7	1.094595E-3
1.734000E-7	1.005522E-3
1.734500E-7	9.883921E-4
1.735000E-7	1.053484E-3
1.735500E-7	1.187094E-3
1.736000E-7	1.368667E-3
1.736500E-7	1.555379E-3
1.737000E-7	1.730100E-3
1.737500E-7	1.860284E-3
1.738000E-7	1.920237E-3
1.738500E-7	1.904820E-3
1.739000E-7	1.817460E-3
1.739500E-7	1.668433E-3
1.740000E-7	1.474870E-3
1.740500E-7	1.269316E-3
1.741000E-7	1.092882E-3
1.741500E-7	9.575590E-4
1.742000E-7	8.753374E-4
1.742500E-7	8.684856E-4
1.743000E-7	9.370036E-4
1.743500E-7	1.051771E-3
1.744000E-7	1.183668E-3
1.744500E-7	1.320704E-3
1.745000E-7	1.432046E-3
1.745500E-7	1.491999E-3
1.746000E-7	1.483435E-3
1.746500E-7	1.416630E-3
1.747000E-7	1.312140E-3
1.747500E-7	1.185381E-3
1.748000E-7	1.031216E-3
1.748500E-7	8.873281E-4
1.749000E-7	7.845511E-4
1.749500E-7	7.383014E-4
1.750000E-7	7.520050E-4
1.750500E-7	8.016806E-4
1.751000E-7	8.890410E-4
1.751500E-7	1.026077E-3
1.752000E-7	1.193946E-3
1.752500E-7	1.353250E-3
1.753000E-7	1.471444E-3
1.753500E-7	1.562230E-3
1.754000E-7	1.625610E-3
1.754500E-7	1.642739E-3
1.755000E-7	1.618758E-3
1.755500E-7	1.574221E-3
1.756000E-7	1.517694E-3
1.756500E-7	1.440611E-3
1.757000E-7	1.363528E-3
1.757500E-7	1.300149E-3
1.758000E-7	1.255612E-3
1.758500E-7	1.243622E-3
1.759000E-7	1.260751E-3
1.759500E-7	1.298436E-3
1.760000E-7	1.348112E-3
1.760500E-7	1.413204E-3
1.761000E-7	1.490287E-3
1.761500E-7	1.569082E-3
1.762000E-7	1.649591E-3
1.762500E-7	1.730100E-3
1.763000E-7	1.788340E-3
1.763500E-7	1.808895E-3
1.764000E-7	1.805469E-3
1.764500E-7	1.802043E-3
1.765000E-7	1.790053E-3
1.765500E-7	1.752368E-3
1.766000E-7	1.726674E-3
1.766500E-7	1.730100E-3
1.767000E-7	1.742090E-3
1.767500E-7	1.745516E-3
1.768000E-7	1.748942E-3
1.768500E-7	1.752368E-3
1.769000E-7	1.743803E-3
1.769500E-7	1.733525E-3
1.770000E-7	1.719822E-3
1.770500E-7	1.683850E-3
1.771000E-7	1.617045E-3
1.771500E-7	1.536536E-3
1.772000E-7	1.438898E-3
1.772500E-7	1.325843E-3
1.773000E-7	1.217927E-3
1.773500E-7	1.128854E-3
1.774000E-7	1.046632E-3
1.774500E-7	9.815403E-4
1.775000E-7	9.370036E-4
1.775500E-7	9.113094E-4
1.776000E-7	9.061705E-4
1.776500E-7	9.335777E-4
1.777000E-7	9.901051E-4
1.777500E-7	1.055197E-3
1.778000E-7	1.135706E-3
1.778500E-7	1.235057E-3
1.779000E-7	1.327556E-3
1.779500E-7	1.396074E-3
1.780000E-7	1.461166E-3
1.780500E-7	1.524546E-3
1.781000E-7	1.582786E-3
1.781500E-7	1.629035E-3
1.782000E-7	1.653017E-3
1.782500E-7	1.654730E-3
1.783000E-7	1.653017E-3
1.783500E-7	1.642739E-3
1.784000E-7	1.611906E-3
1.784500E-7	1.570795E-3
1.785000E-7	1.534823E-3
1.785500E-7	1.485148E-3
1.786000E-7	1.418343E-3
1.786500E-7	1.348112E-3
1.787000E-7	1.267603E-3
1.787500E-7	1.169965E-3
1.788000E-7	1.079178E-3
1.788500E-7	1.003809E-3
1.789000E-7	9.352907E-4
1.789500E-7	8.753374E-4
1.790000E-7	8.462173E-4
1.790500E-7	8.530691E-4
1.791000E-7	8.890410E-4
1.791500E-7	9.558461E-4
1.792000E-7	1.046632E-3
1.792500E-7	1.137419E-3
1.793000E-7	1.216214E-3
1.793500E-7	1.269316E-3
1.794000E-7	1.295010E-3
1.794500E-7	1.298436E-3
1.795000E-7	1.283020E-3
1.795500E-7	1.238483E-3
1.796000E-7	1.164826E-3
1.796500E-7	1.082604E-3
1.797000E-7	1.019225E-3
1.797500E-7	9.832533E-4
1.798000E-7	9.661238E-4
1.798500E-7	9.832533E-4
1.799000E-7	1.048345E-3
1.799500E-7	1.137419E-3
1.800000E-7	1.224779E-3
1.800500E-7	1.317279E-3
1.801000E-7	1.416630E-3
1.801500E-7	1.488574E-3
1.802000E-7	1.536536E-3
1.802500E-7	1.581073E-3
1.803000E-7	1.608480E-3
1.803500E-7	1.575934E-3
1.804000E-7	1.515981E-3
1.804500E-7	1.468018E-3
1.805000E-7	1.406352E-3
1.805500E-7	1.313853E-3
1.806000E-7	1.235057E-3
1.806500E-7	1.173391E-3
1.807000E-7	1.123715E-3
1.807500E-7	1.094595E-3
1.808000E-7	1.082604E-3
1.808500E-7	1.058623E-3
1.809000E-7	1.029503E-3
1.809500E-7	1.020938E-3
1.810000E-7	1.010660E-3
1.810500E-7	9.849662E-4
1.811000E-7	9.678367E-4
1.811500E-7	9.524202E-4
1.812000E-7	9.250130E-4
1.812500E-7	9.113094E-4
1.813000E-7	9.044576E-4
1.813500E-7	8.770504E-4
1.814000E-7	8.393655E-4
1.814500E-7	8.170971E-4
1.815000E-7	7.879770E-4
1.815500E-7	7.451532E-4
1.816000E-7	7.074683E-4
1.816500E-7	6.766352E-4
1.817000E-7	6.612187E-4
1.817500E-7	6.646446E-4
1.818000E-7	6.800611E-4
1.818500E-7	6.989036E-4
1.819000E-7	7.365885E-4
1.819500E-7	7.999676E-4
1.820000E-7	8.667727E-4
1.820500E-7	9.387166E-4
1.821000E-7	1.031216E-3
1.821500E-7	1.116863E-3
1.822000E-7	1.168252E-3
1.822500E-7	1.197372E-3
1.823000E-7	1.224779E-3
1.823500E-7	1.250473E-3
1.824000E-7	1.272742E-3
1.824500E-7	1.293297E-3
1.825000E-7	1.300149E-3
1.825500E-7	1.286445E-3
1.826000E-7	1.264177E-3
1.826500E-7	1.240196E-3
1.827000E-7	1.205937E-3
1.827500E-7	1.178530E-3
1.828000E-7	1.176817E-3
1.828500E-7	1.195659E-3
1.829000E-7	1.226492E-3
1.829500E-7	1.262464E-3
1.830000E-7	1.295010E-3
1.830500E-7	1.312140E-3
1.831000E-7	1.327556E-3
1.831500E-7	1.334408E-3
1.832000E-7	1.317279E-3
1.832500E-7	1.265890E-3
1.833000E-7	1.199085E-3
1.833500E-7	1.125428E-3
1.834000E-7	1.039781E-3
1.834500E-7	9.421425E-4
1.835000E-7	8.513561E-4
1.835500E-7	7.845511E-4
1.836000E-7	7.520050E-4
1.836500E-7	7.502921E-4
1.837000E-7	7.742734E-4
1.837500E-7	8.393655E-4
1.838000E-7	9.318648E-4
1.838500E-7	1.024364E-3
1.839000E-7	1.103160E-3
1.839500E-7	1.185381E-3
1.840000E-7	1.262464E-3
1.840500E-7	1.313853E-3
1.841000E-7	1.325843E-3
1.841500E-7	1.320704E-3
1.842000E-7	1.305288E-3
1.842500E-7	1.264177E-3
1.843000E-7	1.197372E-3
1.843500E-7	1.116863E-3
1.844000E-7	1.017512E-3
1.844500E-7	9.215871E-4
1.845000E-7	8.513561E-4
1.845500E-7	8.051065E-4
1.846000E-7	7.639957E-4
1.846500E-7	7.434403E-4
1.847000E-7	7.742734E-4
1.847500E-7	8.393655E-4
1.848000E-7	9.027446E-4
1.848500E-7	9.678367E-4
1.849000E-7	1.031216E-3
1.849500E-7	1.089456E-3
1.850000E-7	1.145984E-3
1.850500E-7	1.211076E-3
1.851000E-7	1.271029E-3
1.851500E-7	1.324130E-3
1.852000E-7	1.375519E-3
1.852500E-7	1.404639E-3
1.853000E-7	1.408065E-3
1.853500E-7	1.402926E-3
1.854000E-7	1.399500E-3
1.854500E-7	1.392648E-3
1.855000E-7	1.370380E-3
1.855500E-7	1.341260E-3
1.856000E-7	1.324130E-3
1.856500E-7	1.329269E-3
1.857000E-7	1.344686E-3
1.857500E-7	1.346399E-3
1.858000E-7	1.348112E-3
1.858500E-7	1.372093E-3
1.859000E-7	1.396074E-3
1.859500E-7	1.399500E-3
1.860000E-7	1.397787E-3
1.860500E-7	1.387510E-3
1.861000E-7	1.337834E-3
1.861500E-7	1.240196E-3
1.862000E-7	1.113437E-3
1.862500E-7	9.661238E-4
1.863000E-7	7.982547E-4
1.863500E-7	6.269597E-4
1.864000E-7	4.813589E-4
1.864500E-7	3.957114E-4
1.865000E-7	3.700172E-4
1.865500E-7	4.059891E-4
1.866000E-7	5.002014E-4
1.866500E-7	6.252467E-4
1.867000E-7	7.588568E-4
1.867500E-7	9.044576E-4
1.868000E-7	1.041494E-3
1.868500E-7	1.135706E-3
1.869000E-7	1.176817E-3
1.869500E-7	1.187094E-3
1.870000E-7	1.176817E-3
1.870500E-7	1.145984E-3
1.871000E-7	1.116863E-3
1.871500E-7	1.104873E-3
1.872000E-7	1.086030E-3
1.872500E-7	1.060336E-3
1.873000E-7	1.051771E-3
1.873500E-7	1.051771E-3
1.874000E-7	1.029503E-3
1.874500E-7	9.866792E-4
1.875000E-7	9.421425E-4
1.875500E-7	9.095964E-4
1.876000E-7	9.027446E-4
1.876500E-7	9.164482E-4
1.877000E-7	9.147353E-4
1.877500E-7	8.993187E-4
1.878000E-7	9.061705E-4
1.878500E-7	9.421425E-4
1.879000E-7	9.781144E-4
1.879500E-7	1.014086E-3
1.880000E-7	1.056910E-3
1.880500E-7	1.091169E-3
1.881000E-7	1.096308E-3
1.881500E-7	1.087743E-3
1.882000E-7	1.079178E-3
1.882500E-7	1.055197E-3
1.883000E-7	1.000383E-3
1.883500E-7	9.352907E-4
1.884000E-7	8.719115E-4
1.884500E-7	8.153842E-4
1.885000E-7	7.776993E-4
1.885500E-7	7.759863E-4
1.886000E-7	8.085324E-4
1.886500E-7	8.787633E-4
1.887000E-7	9.781144E-4
1.887500E-7	1.084317E-3
1.888000E-7	1.199085E-3
1.888500E-7	1.313853E-3
1.889000E-7	1.387510E-3
1.889500E-7	1.418343E-3
1.890000E-7	1.426907E-3
1.890500E-7	1.414917E-3
1.891000E-7	1.348112E-3
1.891500E-7	1.240196E-3
1.892000E-7	1.135706E-3
1.892500E-7	1.046632E-3
1.893000E-7	9.712626E-4
1.893500E-7	9.095964E-4
1.894000E-7	8.839022E-4
1.894500E-7	9.044576E-4
1.895000E-7	9.815403E-4
1.895500E-7	1.108299E-3
1.896000E-7	1.257325E-3
1.896500E-7	1.409778E-3
1.897000E-7	1.558805E-3
1.897500E-7	1.699266E-3
1.898000E-7	1.817460E-3
1.898500E-7	1.897969E-3
1.899000E-7	1.916811E-3
1.899500E-7	1.861997E-3
1.900000E-7	1.745516E-3
1.900500E-7	1.587925E-3
1.901000E-7	1.396074E-3
1.901500E-7	1.197372E-3
1.902000E-7	1.014086E-3
1.902500E-7	8.684856E-4
1.903000E-7	7.571439E-4
1.903500E-7	7.057554E-4
1.904000E-7	7.348755E-4
1.904500E-7	8.462173E-4
1.905000E-7	9.952439E-4
1.905500E-7	1.147696E-3
1.906000E-7	1.289871E-3
1.906500E-7	1.401213E-3
1.907000E-7	1.457740E-3
1.907500E-7	1.450889E-3
1.908000E-7	1.377232E-3
1.908500E-7	1.252186E-3
1.909000E-7	1.113437E-3
1.909500E-7	9.866792E-4
1.910000E-7	8.770504E-4
1.910500E-7	8.051065E-4
1.911000E-7	8.085324E-4
1.911500E-7	8.736245E-4
1.912000E-7	9.729756E-4
1.912500E-7	1.089456E-3
1.913000E-7	1.228205E-3
1.913500E-7	1.363528E-3
1.914000E-7	1.464592E-3
1.914500E-7	1.517694E-3
1.915000E-7	1.515981E-3
1.915500E-7	1.452602E-3
1.916000E-7	1.342973E-3
1.916500E-7	1.211076E-3
1.917000E-7	1.074040E-3
1.917500E-7	9.507072E-4
1.918000E-7	8.719115E-4
1.918500E-7	8.513561E-4
1.919000E-7	8.770504E-4
1.919500E-7	9.626979E-4
1.920000E-7	1.111725E-3
1.920500E-7	1.289871E-3
1.921000E-7	1.452602E-3
1.921500E-7	1.596489E-3
1.922000E-7	1.714683E-3
1.922500E-7	1.793479E-3
1.923000E-7	1.817460E-3
1.923500E-7	1.781488E-3
1.924000E-7	1.688989E-3
1.924500E-7	1.567369E-3
1.925000E-7	1.432046E-3
1.925500E-7	1.286445E-3
1.926000E-7	1.132280E-3
1.926500E-7	9.901051E-4
1.927000E-7	8.839022E-4
1.927500E-7	8.205230E-4
1.928000E-7	7.999676E-4
1.928500E-7	8.188101E-4
1.929000E-7	8.496432E-4
1.929500E-7	8.787633E-4
1.930000E-7	9.078835E-4
1.930500E-7	9.250130E-4
1.931000E-7	9.215871E-4
1.931500E-7	8.890410E-4
1.932000E-7	8.479302E-4
1.932500E-7	8.085324E-4
1.933000E-7	7.725604E-4
1.933500E-7	7.348755E-4
1.934000E-7	6.989036E-4
1.934500E-7	6.766352E-4
1.935000E-7	6.834870E-4
1.935500E-7	7.126072E-4
1.936000E-7	7.588568E-4
1.936500E-7	8.170971E-4
1.937000E-7	8.873281E-4
1.937500E-7	9.524202E-4
1.938000E-7	9.883921E-4
1.938500E-7	9.798274E-4
1.939000E-7	9.284389E-4
1.939500E-7	8.530691E-4
1.940000E-7	7.588568E-4
1.940500E-7	6.509410E-4
1.941000E-7	5.515899E-4
1.941500E-7	4.710812E-4
1.942000E-7	4.111280E-4
1.942500E-7	3.751560E-4
1.943000E-7	3.785819E-4
1.943500E-7	4.128409E-4
1.944000E-7	4.693683E-4
1.944500E-7	5.652935E-4
1.945000E-7	6.989036E-4
1.945500E-7	8.410784E-4
1.946000E-7	1.002096E-3
1.946500E-7	1.181955E-3
1.947000E-7	1.346399E-3
1.947500E-7	1.452602E-3
1.948000E-7	1.517694E-3
1.948500E-7	1.553666E-3
1.949000E-7	1.538249E-3
1.949500E-7	1.473157E-3
1.950000E-7	1.377232E-3
1.950500E-7	1.272742E-3
1.951000E-7	1.156261E-3
1.951500E-7	1.039781E-3
1.952000E-7	9.387166E-4
1.952500E-7	8.770504E-4
1.953000E-7	8.496432E-4
1.953500E-7	8.342266E-4
1.954000E-7	8.308007E-4
1.954500E-7	8.376525E-4
1.955000E-7	8.325137E-4
1.955500E-7	8.016806E-4
1.956000E-7	7.674216E-4
1.956500E-7	7.434403E-4
1.957000E-7	7.091813E-4
1.957500E-7	6.663575E-4
1.958000E-7	6.389503E-4
1.958500E-7	6.303856E-4
1.959000E-7	6.303856E-4
1.959500E-7	6.526539E-4
1.960000E-7	7.108942E-4
1.960500E-7	7.931158E-4
1.961000E-7	8.770504E-4
1.961500E-7	9.558461E-4
1.962000E-7	1.015799E-3
1.962500E-7	1.048345E-3
1.963000E-7	1.053484E-3
1.963500E-7	1.034642E-3
1.964000E-7	9.901051E-4
1.964500E-7	9.284389E-4
1.965000E-7	8.633468E-4
1.965500E-7	7.999676E-4
1.966000E-7	7.434403E-4
1.966500E-7	7.057554E-4
1.967000E-7	6.903388E-4
1.967500E-7	6.937647E-4
1.968000E-7	7.040424E-4
1.968500E-7	7.160331E-4
1.969000E-7	7.434403E-4
1.969500E-7	7.879770E-4
1.970000E-7	8.273748E-4
1.970500E-7	8.564950E-4
1.971000E-7	8.924669E-4
1.971500E-7	9.147353E-4
1.972000E-7	9.181612E-4
1.972500E-7	9.370036E-4
1.973000E-7	9.746885E-4
1.973500E-7	9.918180E-4
1.974000E-7	9.952439E-4
1.974500E-7	1.026077E-3
1.975000E-7	1.079178E-3
1.975500E-7	1.116863E-3
1.976000E-7	1.145984E-3
1.976500E-7	1.164826E-3
1.977000E-7	1.151122E-3
1.977500E-7	1.115150E-3
1.978000E-7	1.060336E-3
1.978500E-7	9.832533E-4
1.979000E-7	8.941799E-4
1.979500E-7	8.136712E-4
1.980000E-7	7.383014E-4
1.980500E-7	6.749223E-4
1.981000E-7	6.492280E-4
1.981500E-7	6.646446E-4
1.982000E-7	7.160331E-4
1.982500E-7	7.914029E-4
1.983000E-7	8.907540E-4
1.983500E-7	1.002096E-3
1.984000E-7	1.120289E-3
1.984500E-7	1.241909E-3
1.985000E-7	1.354963E-3
1.985500E-7	1.444037E-3
1.986000E-7	1.481722E-3
1.986500E-7	1.457740E-3
1.987000E-7	1.385797E-3
1.987500E-7	1.283020E-3
1.988000E-7	1.164826E-3
1.988500E-7	1.048345E-3
1.989000E-7	9.472813E-4
1.989500E-7	8.684856E-4
1.990000E-7	8.239489E-4
1.990500E-7	8.239489E-4
1.991000E-7	8.496432E-4
1.991500E-7	9.027446E-4
1.992000E-7	9.781144E-4
1.992500E-7	1.058623E-3
1.993000E-7	1.137419E-3
1.993500E-7	1.211076E-3
1.994000E-7	1.259038E-3
1.994500E-7	1.260751E-3
1.995000E-7	1.221353E-3
1.995500E-7	1.145984E-3
1.996000E-7	1.032929E-3
1.996500E-7	9.044576E-4
1.997000E-7	7.708475E-4
1.997500E-7	6.372374E-4
1.998000E-7	5.207568E-4
1.998500E-7	4.402481E-4
1.999000E-7	4.059891E-4
1.999500E-7	4.196927E-4
2.000000E-7	4.710812E-4
