Study Name	Tungsten_Calibration
Sample Name	2025-11-07
Run Name	spot00
Operator	Keshav
Date	11/7/2025
Time	16:14
Sign	POS
Grating Spacing	07.60um
Channel	3
Number Traces	10000
Files in Batch	1
Batch Number	3
dt	50.000001E-12
time stamp (ms)	4:17:36 PM
	
Time	Amplitude
0.000000E+0	3.288810E-4
5.000000E-11	3.357328E-4
1.000000E-10	3.425846E-4
1.500000E-10	3.494364E-4
2.000000E-10	3.528623E-4
2.500000E-10	3.597140E-4
3.000000E-10	3.768435E-4
3.500000E-10	4.111024E-4
4.000000E-10	4.453613E-4
4.500000E-10	4.727684E-4
5.000000E-10	4.967496E-4
5.500000E-10	5.173050E-4
6.000000E-10	5.207309E-4
6.500000E-10	5.275827E-4
7.000000E-10	5.344344E-4
7.500000E-10	5.275827E-4
8.000000E-10	5.207309E-4
8.500000E-10	5.241568E-4
9.000000E-10	5.344344E-4
9.500000E-10	5.549898E-4
1.000000E-9	5.823969E-4
1.050000E-9	5.926746E-4
1.100000E-9	5.961005E-4
1.150000E-9	6.029522E-4
1.200000E-9	5.926746E-4
1.250000E-9	5.378603E-4
1.300000E-9	4.727684E-4
1.350000E-9	4.008247E-4
1.400000E-9	3.048998E-4
1.450000E-9	2.055490E-4
1.500000E-9	1.267535E-4
1.550000E-9	6.166160E-5
1.600000E-9	1.369914E-5
1.650000E-9	6.847358E-6
1.700000E-9	2.740270E-5
1.750000E-9	5.823571E-5
1.800000E-9	1.164758E-4
1.850000E-9	1.884195E-4
1.900000E-9	2.500856E-4
1.950000E-9	2.877703E-4
2.000000E-9	3.014739E-4
2.050000E-9	2.911962E-4
2.100000E-9	2.535114E-4
2.150000E-9	1.986972E-4
2.200000E-9	1.438830E-4
2.250000E-9	9.934639E-5
2.300000E-9	6.508749E-5
2.350000E-9	4.795804E-5
2.400000E-9	6.166160E-5
2.450000E-9	1.096241E-4
2.500000E-9	1.678642E-4
2.550000E-9	2.432338E-4
2.600000E-9	3.425846E-4
2.650000E-9	4.385095E-4
2.700000E-9	5.036014E-4
2.750000E-9	5.412862E-4
2.800000E-9	5.618416E-4
2.850000E-9	5.686933E-4
2.900000E-9	5.549898E-4
2.950000E-9	5.070273E-4
3.000000E-9	4.522131E-4
3.050000E-9	4.042506E-4
3.100000E-9	3.597140E-4
3.150000E-9	3.117516E-4
3.200000E-9	2.672150E-4
3.250000E-9	2.329561E-4
3.300000E-9	1.986972E-4
3.350000E-9	1.644383E-4
3.400000E-9	1.233276E-4
3.450000E-9	7.536516E-5
3.500000E-9	2.055092E-5
3.550000E-9	-4.454099E-5
3.600000E-9	-1.199106E-4
3.650000E-9	-1.850025E-4
3.700000E-9	-2.363908E-4
3.750000E-9	-2.946310E-4
3.800000E-9	-3.460193E-4
3.850000E-9	-3.700006E-4
3.900000E-9	-3.597229E-4
3.950000E-9	-3.323158E-4
4.000000E-9	-2.843533E-4
4.050000E-9	-2.261132E-4
4.100000E-9	-1.644471E-4
4.150000E-9	-9.935523E-5
4.200000E-9	-1.370798E-5
4.250000E-9	7.879105E-5
4.300000E-9	1.610124E-4
4.350000E-9	2.192525E-4
4.400000E-9	2.672150E-4
4.450000E-9	3.186034E-4
4.500000E-9	3.425846E-4
4.550000E-9	3.357328E-4
4.600000E-9	3.220292E-4
4.650000E-9	3.083257E-4
4.700000E-9	2.809186E-4
4.750000E-9	2.500856E-4
4.800000E-9	2.261043E-4
4.850000E-9	1.952713E-4
4.900000E-9	1.747160E-4
4.950000E-9	1.815678E-4
5.000000E-9	1.952713E-4
5.050000E-9	1.952713E-4
5.100000E-9	1.986972E-4
5.150000E-9	2.261043E-4
5.200000E-9	2.603632E-4
5.250000E-9	2.877703E-4
5.300000E-9	3.254551E-4
5.350000E-9	3.562881E-4
5.400000E-9	3.905470E-4
5.450000E-9	4.385095E-4
5.500000E-9	4.967496E-4
5.550000E-9	5.275827E-4
5.600000E-9	5.378603E-4
5.650000E-9	5.447121E-4
5.700000E-9	5.412862E-4
5.750000E-9	5.104532E-4
5.800000E-9	4.659166E-4
5.850000E-9	4.042506E-4
5.900000E-9	3.220292E-4
5.950000E-9	2.363820E-4
6.000000E-9	1.575865E-4
6.050000E-9	7.193927E-5
6.100000E-9	-2.055976E-5
6.150000E-9	-8.222578E-5
6.200000E-9	-1.164847E-4
6.250000E-9	-1.336141E-4
6.300000E-9	-1.301882E-4
6.350000E-9	-8.565167E-5
6.400000E-9	-1.713387E-5
6.450000E-9	6.851338E-5
6.500000E-9	1.747160E-4
6.550000E-9	2.843445E-4
6.600000E-9	3.836953E-4
6.650000E-9	4.727684E-4
6.700000E-9	5.447121E-4
6.750000E-9	5.926746E-4
6.800000E-9	6.200817E-4
6.850000E-9	6.200817E-4
6.900000E-9	5.892487E-4
6.950000E-9	5.378603E-4
7.000000E-9	4.761943E-4
7.050000E-9	4.008247E-4
7.100000E-9	3.288810E-4
7.150000E-9	2.672150E-4
7.200000E-9	2.158267E-4
7.250000E-9	1.918454E-4
7.300000E-9	2.055490E-4
7.350000E-9	2.295302E-4
7.400000E-9	2.569373E-4
7.450000E-9	3.048998E-4
7.500000E-9	3.597140E-4
7.550000E-9	3.905470E-4
7.600000E-9	4.145283E-4
7.650000E-9	4.350836E-4
7.700000E-9	4.282318E-4
7.750000E-9	3.905470E-4
7.800000E-9	3.425846E-4
7.850000E-9	2.877703E-4
7.900000E-9	2.158267E-4
7.950000E-9	1.473089E-4
8.000000E-9	9.249461E-5
8.050000E-9	4.795804E-5
8.100000E-9	1.027325E-5
8.150000E-9	-2.741154E-5
8.200000E-9	-6.509633E-5
8.250000E-9	-9.250345E-5
8.300000E-9	-1.027811E-4
8.350000E-9	-1.130588E-4
8.400000E-9	-1.062070E-4
8.450000E-9	-7.537400E-5
8.500000E-9	-3.083743E-5
8.550000E-9	1.712503E-5
8.600000E-9	9.249461E-5
8.650000E-9	1.849936E-4
8.700000E-9	2.637891E-4
8.750000E-9	3.323069E-4
8.800000E-9	4.145283E-4
8.850000E-9	4.933238E-4
8.900000E-9	5.310085E-4
8.950000E-9	5.481380E-4
9.000000E-9	5.652674E-4
9.050000E-9	5.652674E-4
9.100000E-9	5.378603E-4
9.150000E-9	5.070273E-4
9.200000E-9	4.761943E-4
9.250000E-9	4.419354E-4
9.300000E-9	4.111024E-4
9.350000E-9	3.871212E-4
9.400000E-9	3.597140E-4
9.450000E-9	3.391587E-4
9.500000E-9	3.323069E-4
9.550000E-9	3.186034E-4
9.600000E-9	2.877703E-4
9.650000E-9	2.706409E-4
9.700000E-9	2.569373E-4
9.750000E-9	2.226784E-4
9.800000E-9	1.815678E-4
9.850000E-9	1.438830E-4
9.900000E-9	1.027723E-4
9.950000E-9	5.823571E-5
1.000000E-8	2.397681E-5
1.005000E-8	-1.713387E-5
1.010000E-8	-5.824455E-5
1.015000E-8	-8.222578E-5
1.020000E-8	-1.027811E-4
1.025000E-8	-1.267624E-4
1.030000E-8	-1.301882E-4
1.035000E-8	-1.062070E-4
1.040000E-8	-8.907756E-5
1.045000E-8	-7.194811E-5
1.050000E-8	-3.768921E-5
1.055000E-8	3.421468E-6
1.060000E-8	3.082859E-5
1.065000E-8	5.138393E-5
1.070000E-8	6.851338E-5
1.075000E-8	7.536516E-5
1.080000E-8	8.221694E-5
1.085000E-8	9.592050E-5
1.090000E-8	1.027723E-4
1.095000E-8	1.061982E-4
1.100000E-8	1.164758E-4
1.105000E-8	1.438830E-4
1.110000E-8	1.781419E-4
1.115000E-8	2.226784E-4
1.120000E-8	2.740668E-4
1.125000E-8	3.323069E-4
1.130000E-8	3.871212E-4
1.135000E-8	4.282318E-4
1.140000E-8	4.624907E-4
1.145000E-8	4.933238E-4
1.150000E-8	5.001755E-4
1.155000E-8	4.727684E-4
1.160000E-8	4.350836E-4
1.165000E-8	3.973988E-4
1.170000E-8	3.391587E-4
1.175000E-8	2.740668E-4
1.180000E-8	2.295302E-4
1.185000E-8	1.952713E-4
1.190000E-8	1.541606E-4
1.195000E-8	1.164758E-4
1.200000E-8	8.906872E-5
1.205000E-8	7.193927E-5
1.210000E-8	5.138393E-5
1.215000E-8	3.425448E-5
1.220000E-8	2.055092E-5
1.225000E-8	1.027325E-5
1.230000E-8	-3.430312E-6
1.235000E-8	-1.713387E-5
1.240000E-8	-2.055976E-5
1.245000E-8	3.421468E-6
1.250000E-8	3.425448E-5
1.255000E-8	6.851338E-5
1.260000E-8	1.027723E-4
1.265000E-8	1.336053E-4
1.270000E-8	1.644383E-4
1.275000E-8	2.055490E-4
1.280000E-8	2.398079E-4
1.285000E-8	2.603632E-4
1.290000E-8	2.706409E-4
1.295000E-8	2.774927E-4
1.300000E-8	2.706409E-4
1.305000E-8	2.603632E-4
1.310000E-8	2.500856E-4
1.315000E-8	2.226784E-4
1.320000E-8	1.918454E-4
1.325000E-8	1.849936E-4
1.330000E-8	1.815678E-4
1.335000E-8	1.507347E-4
1.340000E-8	1.164758E-4
1.345000E-8	1.027723E-4
1.350000E-8	9.249461E-5
1.355000E-8	8.221694E-5
1.360000E-8	9.249461E-5
1.365000E-8	1.233276E-4
1.370000E-8	1.712901E-4
1.375000E-8	2.466597E-4
1.380000E-8	3.391587E-4
1.385000E-8	4.179542E-4
1.390000E-8	5.001755E-4
1.395000E-8	5.789710E-4
1.400000E-8	6.372111E-4
1.405000E-8	6.611924E-4
1.410000E-8	6.577665E-4
1.415000E-8	6.235076E-4
1.420000E-8	5.549898E-4
1.425000E-8	4.659166E-4
1.430000E-8	3.631399E-4
1.435000E-8	2.569373E-4
1.440000E-8	1.747160E-4
1.445000E-8	1.336053E-4
1.450000E-8	1.233276E-4
1.455000E-8	1.438830E-4
1.460000E-8	1.918454E-4
1.465000E-8	2.672150E-4
1.470000E-8	3.597140E-4
1.475000E-8	4.659166E-4
1.480000E-8	5.926746E-4
1.485000E-8	6.954513E-4
1.490000E-8	7.434137E-4
1.495000E-8	7.502655E-4
1.500000E-8	7.331361E-4
1.505000E-8	6.748959E-4
1.510000E-8	5.652674E-4
1.515000E-8	4.419354E-4
1.520000E-8	3.357328E-4
1.525000E-8	2.363820E-4
1.530000E-8	1.404571E-4
1.535000E-8	7.193927E-5
1.540000E-8	4.453215E-5
1.545000E-8	5.823571E-5
1.550000E-8	8.564283E-5
1.555000E-8	1.301794E-4
1.560000E-8	1.952713E-4
1.565000E-8	2.706409E-4
1.570000E-8	3.220292E-4
1.575000E-8	3.494364E-4
1.580000E-8	3.562881E-4
1.585000E-8	3.323069E-4
1.590000E-8	2.911962E-4
1.595000E-8	2.500856E-4
1.600000E-8	2.021231E-4
1.605000E-8	1.438830E-4
1.610000E-8	8.906872E-5
1.615000E-8	5.480982E-5
1.620000E-8	4.110626E-5
1.625000E-8	3.768037E-5
1.630000E-8	4.453215E-5
1.635000E-8	7.193927E-5
1.640000E-8	1.199017E-4
1.645000E-8	1.781419E-4
1.650000E-8	2.295302E-4
1.655000E-8	2.740668E-4
1.660000E-8	3.014739E-4
1.665000E-8	3.117516E-4
1.670000E-8	3.083257E-4
1.675000E-8	2.911962E-4
1.680000E-8	2.672150E-4
1.685000E-8	2.500856E-4
1.690000E-8	2.432338E-4
1.695000E-8	2.124008E-4
1.700000E-8	1.781419E-4
1.705000E-8	1.712901E-4
1.710000E-8	1.884195E-4
1.715000E-8	1.986972E-4
1.720000E-8	2.295302E-4
1.725000E-8	2.774927E-4
1.730000E-8	3.048998E-4
1.735000E-8	3.083257E-4
1.740000E-8	3.254551E-4
1.745000E-8	3.391587E-4
1.750000E-8	3.186034E-4
1.755000E-8	2.774927E-4
1.760000E-8	2.363820E-4
1.765000E-8	1.747160E-4
1.770000E-8	1.027723E-4
1.775000E-8	6.851338E-5
1.780000E-8	7.536516E-5
1.785000E-8	7.879105E-5
1.790000E-8	8.564283E-5
1.795000E-8	1.233276E-4
1.800000E-8	1.712901E-4
1.805000E-8	1.986972E-4
1.810000E-8	2.295302E-4
1.815000E-8	2.672150E-4
1.820000E-8	2.809186E-4
1.825000E-8	2.843445E-4
1.830000E-8	3.220292E-4
1.835000E-8	4.042506E-4
1.840000E-8	5.344344E-4
1.845000E-8	7.879503E-4
1.850000E-8	1.212761E-3
1.855000E-8	1.843124E-3
1.860000E-8	2.744134E-3
1.865000E-8	3.970602E-3
1.870000E-8	5.522530E-3
1.875000E-8	7.379363E-3
1.880000E-8	9.513692E-3
1.885000E-8	1.186385E-2
1.890000E-8	1.435105E-2
1.895000E-8	1.689991E-2
1.900000E-8	1.939396E-2
1.905000E-8	2.170986E-2
1.910000E-8	2.377910E-2
1.915000E-8	2.555371E-2
1.920000E-8	2.696175E-2
1.925000E-8	2.797924E-2
1.930000E-8	2.867127E-2
1.935000E-8	2.910978E-2
1.940000E-8	2.932219E-2
1.945000E-8	2.937700E-2
1.950000E-8	2.939756E-2
1.955000E-8	2.947293E-2
1.960000E-8	2.964765E-2
1.965000E-8	2.995598E-2
1.970000E-8	3.043560E-2
1.975000E-8	3.108310E-2
1.980000E-8	3.185392E-2
1.985000E-8	3.272067E-2
1.990000E-8	3.365594E-2
1.995000E-8	3.459121E-2
2.000000E-8	3.545796E-2
2.005000E-8	3.624934E-2
2.010000E-8	3.696192E-2
2.015000E-8	3.752377E-2
2.020000E-8	3.791090E-2
2.025000E-8	3.814043E-2
2.030000E-8	3.824321E-2
2.035000E-8	3.819867E-2
2.040000E-8	3.799997E-2
2.045000E-8	3.765738E-2
2.050000E-8	3.717433E-2
2.055000E-8	3.655082E-2
2.060000E-8	3.578342E-2
2.065000E-8	3.487898E-2
2.070000E-8	3.383066E-2
2.075000E-8	3.264530E-2
2.080000E-8	3.135032E-2
2.085000E-8	2.996283E-2
2.090000E-8	2.848285E-2
2.095000E-8	2.693777E-2
2.100000E-8	2.538242E-2
2.105000E-8	2.384762E-2
2.110000E-8	2.235050E-2
2.115000E-8	2.090820E-2
2.120000E-8	1.954127E-2
2.125000E-8	1.828740E-2
2.130000E-8	1.718426E-2
2.135000E-8	1.622159E-2
2.140000E-8	1.536169E-2
2.145000E-8	1.464568E-2
2.150000E-8	1.412494E-2
2.155000E-8	1.374809E-2
2.160000E-8	1.347402E-2
2.165000E-8	1.334384E-2
2.170000E-8	1.338495E-2
2.175000E-8	1.355282E-2
2.180000E-8	1.381661E-2
2.185000E-8	1.418318E-2
2.190000E-8	1.464568E-2
2.195000E-8	1.519039E-2
2.200000E-8	1.579335E-2
2.205000E-8	1.643056E-2
2.210000E-8	1.709176E-2
2.215000E-8	1.775981E-2
2.220000E-8	1.841758E-2
2.225000E-8	1.904794E-2
2.230000E-8	1.965090E-2
2.235000E-8	2.023673E-2
2.240000E-8	2.079515E-2
2.245000E-8	2.130561E-2
2.250000E-8	2.180236E-2
2.255000E-8	2.231282E-2
2.260000E-8	2.283698E-2
2.265000E-8	2.337142E-2
2.270000E-8	2.393326E-2
2.275000E-8	2.450881E-2
2.280000E-8	2.507066E-2
2.285000E-8	2.564278E-2
2.290000E-8	2.623204E-2
2.295000E-8	2.678360E-2
2.300000E-8	2.729064E-2
2.305000E-8	2.777026E-2
2.310000E-8	2.818822E-2
2.315000E-8	2.850340E-2
2.320000E-8	2.876377E-2
2.325000E-8	2.896247E-2
2.330000E-8	2.905154E-2
2.335000E-8	2.905497E-2
2.340000E-8	2.900701E-2
2.345000E-8	2.886312E-2
2.350000E-8	2.861303E-2
2.355000E-8	2.830813E-2
2.360000E-8	2.793128E-2
2.365000E-8	2.742425E-2
2.370000E-8	2.680073E-2
2.375000E-8	2.612926E-2
2.380000E-8	2.537899E-2
2.385000E-8	2.451567E-2
2.390000E-8	2.357012E-2
2.395000E-8	2.257661E-2
2.400000E-8	2.152486E-2
2.405000E-8	2.043543E-2
2.410000E-8	1.934942E-2
2.415000E-8	1.826684E-2
2.420000E-8	1.718769E-2
2.425000E-8	1.615649E-2
2.430000E-8	1.521437E-2
2.435000E-8	1.434077E-2
2.440000E-8	1.354939E-2
2.445000E-8	1.287449E-2
2.450000E-8	1.230237E-2
2.455000E-8	1.182959E-2
2.460000E-8	1.147330E-2
2.465000E-8	1.123349E-2
2.470000E-8	1.109303E-2
2.475000E-8	1.106905E-2
2.480000E-8	1.116840E-2
2.485000E-8	1.136367E-2
2.490000E-8	1.164802E-2
2.495000E-8	1.204543E-2
2.500000E-8	1.253533E-2
2.505000E-8	1.309032E-2
2.510000E-8	1.372069E-2
2.515000E-8	1.442984E-2
2.520000E-8	1.517669E-2
2.525000E-8	1.592011E-2
2.530000E-8	1.669093E-2
2.535000E-8	1.750287E-2
2.540000E-8	1.831823E-2
2.545000E-8	1.911989E-2
2.550000E-8	1.992497E-2
2.555000E-8	2.072663E-2
2.560000E-8	2.149746E-2
2.565000E-8	2.223402E-2
2.570000E-8	2.296374E-2
2.575000E-8	2.365919E-2
2.580000E-8	2.430326E-2
2.585000E-8	2.489594E-2
2.590000E-8	2.543038E-2
2.595000E-8	2.590658E-2
2.600000E-8	2.632454E-2
2.605000E-8	2.667398E-2
2.610000E-8	2.693434E-2
2.615000E-8	2.713305E-2
2.620000E-8	2.728721E-2
2.625000E-8	2.736943E-2
2.630000E-8	2.736258E-2
2.635000E-8	2.728378E-2
2.640000E-8	2.716388E-2
2.645000E-8	2.696518E-2
2.650000E-8	2.666712E-2
2.655000E-8	2.629028E-2
2.660000E-8	2.585519E-2
2.665000E-8	2.533445E-2
2.670000E-8	2.472122E-2
2.675000E-8	2.404974E-2
2.680000E-8	2.332003E-2
2.685000E-8	2.251152E-2
2.690000E-8	2.165505E-2
2.695000E-8	2.076774E-2
2.700000E-8	1.984960E-2
2.705000E-8	1.891091E-2
2.710000E-8	1.797564E-2
2.715000E-8	1.704380E-2
2.720000E-8	1.612223E-2
2.725000E-8	1.521780E-2
2.730000E-8	1.433392E-2
2.735000E-8	1.348772E-2
2.740000E-8	1.271347E-2
2.745000E-8	1.201459E-2
2.750000E-8	1.138765E-2
2.755000E-8	1.086007E-2
2.760000E-8	1.044896E-2
2.765000E-8	1.015433E-2
2.770000E-8	9.979613E-3
2.775000E-8	9.931651E-3
2.780000E-8	1.001045E-2
2.785000E-8	1.022628E-2
2.790000E-8	1.055174E-2
2.795000E-8	1.094914E-2
2.800000E-8	1.143904E-2
2.805000E-8	1.203172E-2
2.810000E-8	1.268949E-2
2.815000E-8	1.338837E-2
2.820000E-8	1.413864E-2
2.825000E-8	1.493002E-2
2.830000E-8	1.574881E-2
2.835000E-8	1.660528E-2
2.840000E-8	1.748231E-2
2.845000E-8	1.835591E-2
2.850000E-8	1.922952E-2
2.855000E-8	2.009627E-2
2.860000E-8	2.092191E-2
2.865000E-8	2.169616E-2
2.870000E-8	2.243615E-2
2.875000E-8	2.311790E-2
2.880000E-8	2.371743E-2
2.885000E-8	2.424159E-2
2.890000E-8	2.470751E-2
2.895000E-8	2.510149E-2
2.900000E-8	2.542010E-2
2.905000E-8	2.567704E-2
2.910000E-8	2.587917E-2
2.915000E-8	2.601963E-2
2.920000E-8	2.609500E-2
2.925000E-8	2.610870E-2
2.930000E-8	2.607102E-2
2.935000E-8	2.595454E-2
2.940000E-8	2.573871E-2
2.945000E-8	2.542010E-2
2.950000E-8	2.500214E-2
2.955000E-8	2.449854E-2
2.960000E-8	2.390928E-2
2.965000E-8	2.323096E-2
2.970000E-8	2.247383E-2
2.975000E-8	2.165847E-2
2.980000E-8	2.079172E-2
2.985000E-8	1.989414E-2
2.990000E-8	1.898970E-2
2.995000E-8	1.808870E-2
3.000000E-8	1.717741E-2
3.005000E-8	1.626955E-2
3.010000E-8	1.538224E-2
3.015000E-8	1.450864E-2
3.020000E-8	1.363846E-2
3.025000E-8	1.280597E-2
3.030000E-8	1.200774E-2
3.035000E-8	1.123692E-2
3.040000E-8	1.051063E-2
3.045000E-8	9.866559E-3
3.050000E-8	9.308139E-3
3.055000E-8	8.845644E-3
3.060000E-8	8.503055E-3
3.065000E-8	8.280372E-3
3.070000E-8	8.191299E-3
3.075000E-8	8.242687E-3
3.080000E-8	8.407130E-3
3.085000E-8	8.667498E-3
3.090000E-8	9.040920E-3
3.095000E-8	9.523970E-3
3.100000E-8	1.006183E-2
3.105000E-8	1.063396E-2
3.110000E-8	1.126090E-2
3.115000E-8	1.191867E-2
3.120000E-8	1.258329E-2
3.125000E-8	1.326847E-2
3.130000E-8	1.399133E-2
3.135000E-8	1.474160E-2
3.140000E-8	1.550900E-2
3.145000E-8	1.631408E-2
3.150000E-8	1.714658E-2
3.155000E-8	1.798249E-2
3.160000E-8	1.880813E-2
3.165000E-8	1.961664E-2
3.170000E-8	2.038062E-2
3.175000E-8	2.108292E-2
3.180000E-8	2.171329E-2
3.185000E-8	2.225800E-2
3.190000E-8	2.270337E-2
3.195000E-8	2.304596E-2
3.200000E-8	2.328234E-2
3.205000E-8	2.340910E-2
3.210000E-8	2.344679E-2
3.215000E-8	2.339882E-2
3.220000E-8	2.326179E-2
3.225000E-8	2.303911E-2
3.230000E-8	2.277531E-2
3.235000E-8	2.246698E-2
3.240000E-8	2.209356E-2
3.245000E-8	2.167218E-2
3.250000E-8	2.120968E-2
3.255000E-8	2.068209E-2
3.260000E-8	2.007229E-2
3.265000E-8	1.940424E-2
3.270000E-8	1.867795E-2
3.275000E-8	1.788657E-2
3.280000E-8	1.704380E-2
3.285000E-8	1.614622E-2
3.290000E-8	1.519382E-2
3.295000E-8	1.421059E-2
3.300000E-8	1.322736E-2
3.305000E-8	1.226468E-2
3.310000E-8	1.131228E-2
3.315000E-8	1.039415E-2
3.320000E-8	9.551377E-3
3.325000E-8	8.777126E-3
3.330000E-8	8.061115E-3
3.335000E-8	7.417048E-3
3.340000E-8	6.862053E-3
3.345000E-8	6.389281E-3
3.350000E-8	5.998729E-3
3.355000E-8	5.690399E-3
3.360000E-8	5.457439E-3
3.365000E-8	5.316977E-3
3.370000E-8	5.279292E-3
3.375000E-8	5.330681E-3
3.380000E-8	5.454013E-3
3.385000E-8	5.683547E-3
3.390000E-8	6.043266E-3
3.395000E-8	6.488631E-3
3.400000E-8	7.016219E-3
3.405000E-8	7.643156E-3
3.410000E-8	8.345464E-3
3.415000E-8	9.082030E-3
3.420000E-8	9.873411E-3
3.425000E-8	1.070590E-2
3.430000E-8	1.153839E-2
3.435000E-8	1.237431E-2
3.440000E-8	1.322393E-2
3.445000E-8	1.405642E-2
3.450000E-8	1.485123E-2
3.455000E-8	1.561520E-2
3.460000E-8	1.635177E-2
3.465000E-8	1.705408E-2
3.470000E-8	1.772213E-2
3.475000E-8	1.834221E-2
3.480000E-8	1.890063E-2
3.485000E-8	1.938711E-2
3.490000E-8	1.980164E-2
3.495000E-8	2.013395E-2
3.500000E-8	2.036349E-2
3.505000E-8	2.049367E-2
3.510000E-8	2.052108E-2
3.515000E-8	2.044228E-2
3.520000E-8	2.025728E-2
3.525000E-8	1.997636E-2
3.530000E-8	1.959951E-2
3.535000E-8	1.914044E-2
3.540000E-8	1.860600E-2
3.545000E-8	1.799962E-2
3.550000E-8	1.732815E-2
3.555000E-8	1.661214E-2
3.560000E-8	1.585159E-2
3.565000E-8	1.503623E-2
3.570000E-8	1.417290E-2
3.575000E-8	1.328902E-2
3.580000E-8	1.238116E-2
3.585000E-8	1.145275E-2
3.590000E-8	1.051063E-2
3.595000E-8	9.571933E-3
3.600000E-8	8.643516E-3
3.605000E-8	7.732230E-3
3.610000E-8	6.875757E-3
3.615000E-8	6.077525E-3
3.620000E-8	5.340958E-3
3.625000E-8	4.666058E-3
3.630000E-8	4.059675E-3
3.635000E-8	3.538940E-3
3.640000E-8	3.103852E-3
3.645000E-8	2.744134E-3
3.650000E-8	2.459785E-3
3.655000E-8	2.264509E-3
3.660000E-8	2.151455E-3
3.665000E-8	2.127473E-3
3.670000E-8	2.209695E-3
3.675000E-8	2.387841E-3
3.680000E-8	2.648209E-3
3.685000E-8	3.007927E-3
3.690000E-8	3.463570E-3
3.695000E-8	3.987732E-3
3.700000E-8	4.549578E-3
3.705000E-8	5.152534E-3
3.710000E-8	5.813731E-3
3.715000E-8	6.526316E-3
3.720000E-8	7.262883E-3
3.725000E-8	8.006301E-3
3.730000E-8	8.763422E-3
3.735000E-8	9.517118E-3
3.740000E-8	1.023998E-2
3.745000E-8	1.093201E-2
3.750000E-8	1.161034E-2
3.755000E-8	1.226811E-2
3.760000E-8	1.288477E-2
3.765000E-8	1.346374E-2
3.770000E-8	1.400161E-2
3.775000E-8	1.448466E-2
3.780000E-8	1.491975E-2
3.785000E-8	1.531030E-2
3.790000E-8	1.562891E-2
3.795000E-8	1.586529E-2
3.800000E-8	1.601261E-2
3.805000E-8	1.607770E-2
3.810000E-8	1.605029E-2
3.815000E-8	1.591668E-2
3.820000E-8	1.566659E-2
3.825000E-8	1.530345E-2
3.830000E-8	1.485123E-2
3.835000E-8	1.431336E-2
3.840000E-8	1.369328E-2
3.845000E-8	1.301495E-2
3.850000E-8	1.229209E-2
3.855000E-8	1.151784E-2
3.860000E-8	1.070590E-2
3.865000E-8	9.893966E-3
3.870000E-8	9.095734E-3
3.875000E-8	8.290650E-3
3.880000E-8	7.471862E-3
3.885000E-8	6.663352E-3
3.890000E-8	5.868545E-3
3.895000E-8	5.073739E-3
3.900000E-8	4.278932E-3
3.905000E-8	3.504681E-3
3.910000E-8	2.764689E-3
3.915000E-8	2.058956E-3
3.920000E-8	1.377203E-3
3.925000E-8	7.605432E-4
3.930000E-8	2.363820E-4
3.935000E-8	-2.089837E-4
3.940000E-8	-5.755540E-4
3.945000E-8	-8.359216E-4
3.950000E-8	-9.832349E-4
3.955000E-8	-1.034623E-3
3.960000E-8	-9.900867E-4
3.965000E-8	-8.461993E-4
3.970000E-8	-6.235164E-4
3.975000E-8	-3.254640E-4
3.980000E-8	4.453215E-5
3.985000E-8	4.659166E-4
3.990000E-8	9.386895E-4
3.995000E-8	1.473128E-3
4.000000E-8	2.055530E-3
4.005000E-8	2.672190E-3
4.010000E-8	3.333387E-3
4.015000E-8	4.028842E-3
4.020000E-8	4.744853E-3
4.025000E-8	5.491697E-3
4.030000E-8	6.265949E-3
4.035000E-8	7.036774E-3
4.040000E-8	7.800747E-3
4.045000E-8	8.554443E-3
4.050000E-8	9.280732E-3
4.055000E-8	9.955632E-3
4.060000E-8	1.058257E-2
4.065000E-8	1.114784E-2
4.070000E-8	1.164460E-2
4.075000E-8	1.205228E-2
4.080000E-8	1.236061E-2
4.085000E-8	1.258329E-2
4.090000E-8	1.275458E-2
4.095000E-8	1.286079E-2
4.100000E-8	1.285736E-2
4.105000E-8	1.277171E-2
4.110000E-8	1.263125E-2
4.115000E-8	1.242570E-2
4.120000E-8	1.214820E-2
4.125000E-8	1.180561E-2
4.130000E-8	1.138080E-2
4.135000E-8	1.087377E-2
4.140000E-8	1.032563E-2
4.145000E-8	9.732949E-3
4.150000E-8	9.058049E-3
4.155000E-8	8.318057E-3
4.160000E-8	7.564361E-3
4.165000E-8	6.786684E-3
4.170000E-8	5.964470E-3
4.175000E-8	5.128553E-3
4.180000E-8	4.323469E-3
4.185000E-8	3.532088E-3
4.190000E-8	2.744134E-3
4.195000E-8	2.004141E-3
4.200000E-8	1.336093E-3
4.205000E-8	7.091548E-4
4.210000E-8	1.130500E-4
4.215000E-8	-4.213889E-4
4.220000E-8	-8.838841E-4
4.225000E-8	-1.288139E-3
4.230000E-8	-1.620450E-3
4.235000E-8	-1.873966E-3
4.240000E-8	-2.045261E-3
4.245000E-8	-2.141186E-3
4.250000E-8	-2.165167E-3
4.255000E-8	-2.106927E-3
4.260000E-8	-1.956188E-3
4.265000E-8	-1.719801E-3
4.270000E-8	-1.432026E-3
4.275000E-8	-1.068882E-3
4.280000E-8	-6.200905E-4
4.285000E-8	-1.130588E-4
4.290000E-8	4.282318E-4
4.295000E-8	1.014059E-3
4.300000E-8	1.644423E-3
4.305000E-8	2.295342E-3
4.310000E-8	2.949687E-3
4.315000E-8	3.610884E-3
4.320000E-8	4.268655E-3
4.325000E-8	4.926426E-3
4.330000E-8	5.591048E-3
4.335000E-8	6.248819E-3
4.340000E-8	6.896312E-3
4.345000E-8	7.516398E-3
4.350000E-8	8.112503E-3
4.355000E-8	8.684627E-3
4.360000E-8	9.229344E-3
4.365000E-8	9.719246E-3
4.370000E-8	1.015433E-2
4.375000E-8	1.053118E-2
4.380000E-8	1.084294E-2
4.385000E-8	1.105534E-2
4.390000E-8	1.116497E-2
4.395000E-8	1.117525E-2
4.400000E-8	1.108960E-2
4.405000E-8	1.090118E-2
4.410000E-8	1.063053E-2
4.415000E-8	1.030165E-2
4.420000E-8	9.914522E-3
4.425000E-8	9.469156E-3
4.430000E-8	8.975828E-3
4.435000E-8	8.444815E-3
4.440000E-8	7.872691E-3
4.445000E-8	7.269734E-3
4.450000E-8	6.642796E-3
4.455000E-8	5.991877E-3
4.460000E-8	5.327255E-3
4.465000E-8	4.648928E-3
4.470000E-8	3.967176E-3
4.475000E-8	3.295702E-3
4.480000E-8	2.655060E-3
4.485000E-8	2.031548E-3
4.490000E-8	1.421740E-3
4.495000E-8	8.564681E-4
4.500000E-8	3.391587E-4
4.505000E-8	-1.438918E-4
4.510000E-8	-5.926834E-4
4.515000E-8	-9.866608E-4
4.520000E-8	-1.322398E-3
4.525000E-8	-1.613599E-3
4.530000E-8	-1.863689E-3
4.535000E-8	-2.062390E-3
4.540000E-8	-2.182296E-3
4.545000E-8	-2.206278E-3
4.550000E-8	-2.144612E-3
4.555000E-8	-2.011002E-3
4.560000E-8	-1.781467E-3
4.565000E-8	-1.449156E-3
4.570000E-8	-1.044901E-3
4.575000E-8	-5.789798E-4
4.580000E-8	-5.139277E-5
4.585000E-8	5.207309E-4
4.590000E-8	1.133965E-3
4.595000E-8	1.760903E-3
4.600000E-8	2.391267E-3
4.605000E-8	3.045612E-3
4.610000E-8	3.713660E-3
4.615000E-8	4.357728E-3
4.620000E-8	4.991517E-3
4.625000E-8	5.649288E-3
4.630000E-8	6.300207E-3
4.635000E-8	6.916868E-3
4.640000E-8	7.526676E-3
4.645000E-8	8.126207E-3
4.650000E-8	8.670923E-3
4.655000E-8	9.171103E-3
4.660000E-8	9.626747E-3
4.665000E-8	1.000702E-2
4.670000E-8	1.030507E-2
4.675000E-8	1.055174E-2
4.680000E-8	1.072646E-2
4.685000E-8	1.080525E-2
4.690000E-8	1.081210E-2
4.695000E-8	1.074701E-2
4.700000E-8	1.060313E-2
4.705000E-8	1.040100E-2
4.710000E-8	1.015091E-2
4.715000E-8	9.842578E-3
4.720000E-8	9.482859E-3
4.725000E-8	9.088882E-3
4.730000E-8	8.646942E-3
4.735000E-8	8.174169E-3
4.740000E-8	7.677415E-3
4.745000E-8	7.142976E-3
4.750000E-8	6.570853E-3
4.755000E-8	5.974748E-3
4.760000E-8	5.340958E-3
4.765000E-8	4.683187E-3
4.770000E-8	4.032268E-3
4.775000E-8	3.384775E-3
4.780000E-8	2.730430E-3
4.785000E-8	2.103492E-3
4.790000E-8	1.531368E-3
4.795000E-8	1.007207E-3
4.800000E-8	5.481380E-4
4.805000E-8	1.884195E-4
4.810000E-8	-7.537400E-5
4.815000E-8	-2.775015E-4
4.820000E-8	-4.008336E-4
4.825000E-8	-4.350925E-4
4.830000E-8	-4.111112E-4
4.835000E-8	-3.494452E-4
4.840000E-8	-2.398167E-4
4.845000E-8	-6.852222E-5
4.850000E-8	1.267535E-4
4.855000E-8	3.460105E-4
4.860000E-8	5.995263E-4
4.865000E-8	8.975788E-4
4.870000E-8	1.223038E-3
4.875000E-8	1.579331E-3
4.880000E-8	1.997290E-3
4.885000E-8	2.476914E-3
4.890000E-8	2.997649E-3
4.895000E-8	3.562921E-3
4.900000E-8	4.172730E-3
4.905000E-8	4.809945E-3
4.910000E-8	5.440309E-3
4.915000E-8	6.060395E-3
4.920000E-8	6.673629E-3
4.925000E-8	7.259457E-3
4.930000E-8	7.793896E-3
4.935000E-8	8.294076E-3
4.940000E-8	8.756571E-3
4.945000E-8	9.157400E-3
4.950000E-8	9.486285E-3
4.955000E-8	9.763782E-3
4.960000E-8	9.996743E-3
4.965000E-8	1.019202E-2
4.970000E-8	1.034618E-2
4.975000E-8	1.044211E-2
4.980000E-8	1.049692E-2
4.985000E-8	1.052433E-2
4.990000E-8	1.052433E-2
4.995000E-8	1.046266E-2
5.000000E-8	1.034618E-2
5.005000E-8	1.018517E-2
5.010000E-8	9.955632E-3
5.015000E-8	9.657580E-3
5.020000E-8	9.301287E-3
5.025000E-8	8.890180E-3
5.030000E-8	8.424259E-3
5.035000E-8	7.910376E-3
5.040000E-8	7.379363E-3
5.045000E-8	6.841498E-3
5.050000E-8	6.300207E-3
5.055000E-8	5.762343E-3
5.060000E-8	5.238182E-3
5.065000E-8	4.741427E-3
5.070000E-8	4.261803E-3
5.075000E-8	3.806159E-3
5.080000E-8	3.395053E-3
5.085000E-8	3.011353E-3
5.090000E-8	2.631079E-3
5.095000E-8	2.267935E-3
5.100000E-8	1.949327E-3
5.105000E-8	1.664978E-3
5.110000E-8	1.401185E-3
5.115000E-8	1.181928E-3
5.120000E-8	1.027763E-3
5.125000E-8	9.421154E-4
5.130000E-8	9.215600E-4
5.135000E-8	9.592448E-4
5.140000E-8	1.072299E-3
5.145000E-8	1.267575E-3
5.150000E-8	1.527943E-3
5.155000E-8	1.832847E-3
5.160000E-8	2.185713E-3
5.165000E-8	2.586543E-3
5.170000E-8	3.011353E-3
5.175000E-8	3.460145E-3
5.180000E-8	3.939769E-3
5.185000E-8	4.433097E-3
5.190000E-8	4.912722E-3
5.195000E-8	5.402624E-3
5.200000E-8	5.913082E-3
5.205000E-8	6.402984E-3
5.210000E-8	6.862053E-3
5.215000E-8	7.324549E-3
5.220000E-8	7.787044E-3
5.225000E-8	8.208428E-3
5.230000E-8	8.588702E-3
5.235000E-8	8.951846E-3
5.240000E-8	9.294435E-3
5.245000E-8	9.592488E-3
5.250000E-8	9.842578E-3
5.255000E-8	1.005156E-2
5.260000E-8	1.022628E-2
5.265000E-8	1.036331E-2
5.270000E-8	1.045239E-2
5.275000E-8	1.048665E-2
5.280000E-8	1.049350E-2
5.285000E-8	1.046952E-2
5.290000E-8	1.038387E-2
5.295000E-8	1.025368E-2
5.300000E-8	1.009609E-2
5.305000E-8	9.900818E-3
5.310000E-8	9.647302E-3
5.315000E-8	9.359527E-3
5.320000E-8	9.047771E-3
5.325000E-8	8.688053E-3
5.330000E-8	8.280372E-3
5.335000E-8	7.858987E-3
5.340000E-8	7.430751E-3
5.345000E-8	6.988811E-3
5.350000E-8	6.516039E-3
5.355000E-8	6.026136E-3
5.360000E-8	5.543086E-3
5.365000E-8	5.073739E-3
5.370000E-8	4.604392E-3
5.375000E-8	4.148748E-3
5.380000E-8	3.727364E-3
5.385000E-8	3.326535E-3
5.390000E-8	2.949687E-3
5.395000E-8	2.617376E-3
5.400000E-8	2.339879E-3
5.405000E-8	2.100066E-3
5.410000E-8	1.901365E-3
5.415000E-8	1.767755E-3
5.420000E-8	1.692385E-3
5.425000E-8	1.678682E-3
5.430000E-8	1.719792E-3
5.435000E-8	1.805440E-3
5.440000E-8	1.942475E-3
5.445000E-8	2.141177E-3
5.450000E-8	2.374137E-3
5.455000E-8	2.617376E-3
5.460000E-8	2.901724E-3
5.465000E-8	3.240888E-3
5.470000E-8	3.590328E-3
5.475000E-8	3.939769E-3
5.480000E-8	4.316617E-3
5.485000E-8	4.700317E-3
5.490000E-8	5.077165E-3
5.495000E-8	5.464290E-3
5.500000E-8	5.861694E-3
5.505000E-8	6.245393E-3
5.510000E-8	6.639371E-3
5.515000E-8	7.029922E-3
5.520000E-8	7.389641E-3
5.525000E-8	7.735655E-3
5.530000E-8	8.095374E-3
5.535000E-8	8.448241E-3
5.540000E-8	8.766848E-3
5.545000E-8	9.047771E-3
5.550000E-8	9.284158E-3
5.555000E-8	9.469156E-3
5.560000E-8	9.619895E-3
5.565000E-8	9.719246E-3
5.570000E-8	9.736375E-3
5.575000E-8	9.678135E-3
5.580000E-8	9.565081E-3
5.585000E-8	9.407490E-3
5.590000E-8	9.201936E-3
5.595000E-8	8.972402E-3
5.600000E-8	8.722312E-3
5.605000E-8	8.448241E-3
5.610000E-8	8.163892E-3
5.615000E-8	7.869265E-3
5.620000E-8	7.554083E-3
5.625000E-8	7.218346E-3
5.630000E-8	6.855202E-3
5.635000E-8	6.461224E-3
5.640000E-8	6.039840E-3
5.645000E-8	5.587622E-3
5.650000E-8	5.104572E-3
5.655000E-8	4.607818E-3
5.660000E-8	4.121341E-3
5.665000E-8	3.655420E-3
5.670000E-8	3.206629E-3
5.675000E-8	2.798948E-3
5.680000E-8	2.452933E-3
5.685000E-8	2.165158E-3
5.690000E-8	1.925346E-3
5.695000E-8	1.740348E-3
5.700000E-8	1.610164E-3
5.705000E-8	1.521091E-3
5.710000E-8	1.452573E-3
5.715000E-8	1.401185E-3
5.720000E-8	1.377203E-3
5.725000E-8	1.387481E-3
5.730000E-8	1.421740E-3
5.735000E-8	1.486832E-3
5.740000E-8	1.603312E-3
5.745000E-8	1.767755E-3
5.750000E-8	1.966456E-3
5.755000E-8	2.199417E-3
5.760000E-8	2.476914E-3
5.765000E-8	2.781818E-3
5.770000E-8	3.100426E-3
5.775000E-8	3.419034E-3
5.780000E-8	3.727364E-3
5.785000E-8	4.032268E-3
5.790000E-8	4.333747E-3
5.795000E-8	4.624947E-3
5.800000E-8	4.909296E-3
5.805000E-8	5.193645E-3
5.810000E-8	5.481420E-3
5.815000E-8	5.765769E-3
5.820000E-8	6.050117E-3
5.825000E-8	6.341318E-3
5.830000E-8	6.622241E-3
5.835000E-8	6.889461E-3
5.840000E-8	7.136125E-3
5.845000E-8	7.348530E-3
5.850000E-8	7.526676E-3
5.855000E-8	7.660286E-3
5.860000E-8	7.728804E-3
5.865000E-8	7.735655E-3
5.870000E-8	7.711674E-3
5.875000E-8	7.650008E-3
5.880000E-8	7.533528E-3
5.885000E-8	7.379363E-3
5.890000E-8	7.190939E-3
5.895000E-8	6.968256E-3
5.900000E-8	6.738721E-3
5.905000E-8	6.498909E-3
5.910000E-8	6.217986E-3
5.915000E-8	5.913082E-3
5.920000E-8	5.615029E-3
5.925000E-8	5.306699E-3
5.930000E-8	4.964110E-3
5.935000E-8	4.607818E-3
5.940000E-8	4.241248E-3
5.945000E-8	3.847270E-3
5.950000E-8	3.443015E-3
5.955000E-8	3.045612E-3
5.960000E-8	2.648209E-3
5.965000E-8	2.247379E-3
5.970000E-8	1.870532E-3
5.975000E-8	1.524517E-3
5.980000E-8	1.202483E-3
5.985000E-8	9.181341E-4
5.990000E-8	6.646183E-4
5.995000E-8	4.487872E-4
6.000000E-8	2.740668E-4
6.005000E-8	1.404571E-4
6.010000E-8	4.110626E-5
6.015000E-8	-2.398565E-5
6.020000E-8	-4.796688E-5
6.025000E-8	-4.111510E-5
6.030000E-8	-4.421963E-9
6.035000E-8	9.249461E-5
6.040000E-8	2.329561E-4
6.045000E-8	3.973988E-4
6.050000E-8	5.755451E-4
6.055000E-8	7.776726E-4
6.060000E-8	9.969296E-4
6.065000E-8	1.240168E-3
6.070000E-8	1.490258E-3
6.075000E-8	1.736922E-3
6.080000E-8	1.983586E-3
6.085000E-8	2.243954E-3
6.090000E-8	2.518025E-3
6.095000E-8	2.798948E-3
6.100000E-8	3.090148E-3
6.105000E-8	3.377923E-3
6.110000E-8	3.658846E-3
6.115000E-8	3.943195E-3
6.120000E-8	4.227544E-3
6.125000E-8	4.477634E-3
6.130000E-8	4.693465E-3
6.135000E-8	4.875037E-3
6.140000E-8	5.018925E-3
6.145000E-8	5.118275E-3
6.150000E-8	5.176516E-3
6.155000E-8	5.193645E-3
6.160000E-8	5.159386E-3
6.165000E-8	5.087442E-3
6.170000E-8	4.988092E-3
6.175000E-8	4.864760E-3
6.180000E-8	4.720872E-3
6.185000E-8	4.570133E-3
6.190000E-8	4.419394E-3
6.195000E-8	4.254951E-3
6.200000E-8	4.066527E-3
6.205000E-8	3.874677E-3
6.210000E-8	3.679402E-3
6.215000E-8	3.460145E-3
6.220000E-8	3.227184E-3
6.225000E-8	2.977094E-3
6.230000E-8	2.713301E-3
6.235000E-8	2.415248E-3
6.240000E-8	2.089789E-3
6.245000E-8	1.778033E-3
6.250000E-8	1.459425E-3
6.255000E-8	1.116836E-3
6.260000E-8	7.776726E-4
6.265000E-8	4.761943E-4
6.270000E-8	1.986972E-4
6.275000E-8	-6.852222E-5
6.280000E-8	-2.980569E-4
6.285000E-8	-4.899067E-4
6.290000E-8	-6.646271E-4
6.295000E-8	-8.085145E-4
6.300000E-8	-9.181430E-4
6.305000E-8	-1.014068E-3
6.310000E-8	-1.089437E-3
6.315000E-8	-1.113419E-3
6.320000E-8	-1.103141E-3
6.325000E-8	-1.065456E-3
6.330000E-8	-9.661054E-4
6.335000E-8	-8.256439E-4
6.340000E-8	-6.577753E-4
6.345000E-8	-4.282407E-4
6.350000E-8	-1.473177E-4
6.355000E-8	1.301794E-4
6.360000E-8	4.179542E-4
6.365000E-8	7.434137E-4
6.370000E-8	1.072299E-3
6.375000E-8	1.363500E-3
6.380000E-8	1.654700E-3
6.385000E-8	1.939049E-3
6.390000E-8	2.178862E-3
6.395000E-8	2.391267E-3
6.400000E-8	2.610524E-3
6.405000E-8	2.798948E-3
6.410000E-8	2.953113E-3
6.415000E-8	3.097000E-3
6.420000E-8	3.244314E-3
6.425000E-8	3.364220E-3
6.430000E-8	3.443015E-3
6.435000E-8	3.504681E-3
6.440000E-8	3.542366E-3
6.445000E-8	3.545792E-3
6.450000E-8	3.528662E-3
6.455000E-8	3.494403E-3
6.460000E-8	3.429312E-3
6.465000E-8	3.336813E-3
6.470000E-8	3.240888E-3
6.475000E-8	3.165518E-3
6.480000E-8	3.076445E-3
6.485000E-8	2.946261E-3
6.490000E-8	2.805800E-3
6.495000E-8	2.679042E-3
6.500000E-8	2.545432E-3
6.505000E-8	2.377563E-3
6.510000E-8	2.182288E-3
6.515000E-8	1.983586E-3
6.520000E-8	1.771181E-3
6.525000E-8	1.527943E-3
6.530000E-8	1.264149E-3
6.535000E-8	9.798001E-4
6.540000E-8	6.817477E-4
6.545000E-8	3.905470E-4
6.550000E-8	1.061982E-4
6.555000E-8	-1.850025E-4
6.560000E-8	-4.522219E-4
6.565000E-8	-6.783307E-4
6.570000E-8	-8.804582E-4
6.575000E-8	-1.065456E-3
6.580000E-8	-1.202492E-3
6.585000E-8	-1.288139E-3
6.590000E-8	-1.342953E-3
6.595000E-8	-1.377212E-3
6.600000E-8	-1.387490E-3
6.605000E-8	-1.366935E-3
6.610000E-8	-1.318972E-3
6.615000E-8	-1.267584E-3
6.620000E-8	-1.219621E-3
6.625000E-8	-1.157955E-3
6.630000E-8	-1.072308E-3
6.635000E-8	-9.661054E-4
6.640000E-8	-8.461993E-4
6.645000E-8	-7.091637E-4
6.650000E-8	-5.618504E-4
6.655000E-8	-4.076853E-4
6.660000E-8	-2.158355E-4
6.665000E-8	1.369914E-5
6.670000E-8	2.569373E-4
6.675000E-8	5.241568E-4
6.680000E-8	8.050798E-4
6.685000E-8	1.086003E-3
6.690000E-8	1.370352E-3
6.695000E-8	1.664978E-3
6.700000E-8	1.935623E-3
6.705000E-8	2.161732E-3
6.710000E-8	2.360434E-3
6.715000E-8	2.518025E-3
6.720000E-8	2.631079E-3
6.725000E-8	2.716726E-3
6.730000E-8	2.768115E-3
6.735000E-8	2.778392E-3
6.740000E-8	2.764689E-3
6.745000E-8	2.757837E-3
6.750000E-8	2.754411E-3
6.755000E-8	2.744134E-3
6.760000E-8	2.737282E-3
6.765000E-8	2.737282E-3
6.770000E-8	2.730430E-3
6.775000E-8	2.727004E-3
6.780000E-8	2.716726E-3
6.785000E-8	2.672190E-3
6.790000E-8	2.600246E-3
6.795000E-8	2.500895E-3
6.800000E-8	2.367286E-3
6.805000E-8	2.199417E-3
6.810000E-8	2.007567E-3
6.815000E-8	1.798588E-3
6.820000E-8	1.562201E-3
6.825000E-8	1.318963E-3
6.830000E-8	1.079151E-3
6.835000E-8	8.324869E-4
6.840000E-8	5.858228E-4
6.845000E-8	3.460105E-4
6.850000E-8	1.199017E-4
6.855000E-8	-8.907756E-5
6.860000E-8	-2.877792E-4
6.865000E-8	-4.522219E-4
6.870000E-8	-5.858316E-4
6.875000E-8	-6.817566E-4
6.880000E-8	-7.399967E-4
6.885000E-8	-7.776815E-4
6.890000E-8	-8.016627E-4
6.895000E-8	-7.982368E-4
6.900000E-8	-7.399967E-4
6.905000E-8	-6.543494E-4
6.910000E-8	-5.687022E-4
6.915000E-8	-4.659255E-4
6.920000E-8	-3.357417E-4
6.925000E-8	-1.850025E-4
6.930000E-8	-2.398565E-5
6.935000E-8	1.610124E-4
6.940000E-8	3.562881E-4
6.945000E-8	5.618416E-4
6.950000E-8	7.673950E-4
6.955000E-8	9.660966E-4
6.960000E-8	1.161372E-3
6.965000E-8	1.353222E-3
6.970000E-8	1.521091E-3
6.975000E-8	1.658126E-3
6.980000E-8	1.798588E-3
6.985000E-8	1.932198E-3
6.990000E-8	2.034974E-3
6.995000E-8	2.127473E-3
7.000000E-8	2.233676E-3
7.005000E-8	2.343304E-3
7.010000E-8	2.456359E-3
7.015000E-8	2.583117E-3
7.020000E-8	2.720152E-3
7.025000E-8	2.860614E-3
7.030000E-8	2.997649E-3
7.035000E-8	3.114130E-3
7.040000E-8	3.203203E-3
7.045000E-8	3.275147E-3
7.050000E-8	3.319683E-3
7.055000E-8	3.319683E-3
7.060000E-8	3.288850E-3
7.065000E-8	3.244314E-3
7.070000E-8	3.179222E-3
7.075000E-8	3.076445E-3
7.080000E-8	2.963391E-3
7.085000E-8	2.853762E-3
7.090000E-8	2.744134E-3
7.095000E-8	2.634505E-3
7.100000E-8	2.535154E-3
7.105000E-8	2.442655E-3
7.110000E-8	2.336453E-3
7.115000E-8	2.216546E-3
7.120000E-8	2.076085E-3
7.125000E-8	1.921920E-3
7.130000E-8	1.767755E-3
7.135000E-8	1.606738E-3
7.140000E-8	1.428592E-3
7.145000E-8	1.267575E-3
7.150000E-8	1.123688E-3
7.155000E-8	9.866519E-4
7.160000E-8	8.530422E-4
7.165000E-8	7.365619E-4
7.170000E-8	6.372111E-4
7.175000E-8	5.584157E-4
7.180000E-8	5.173050E-4
7.185000E-8	4.967496E-4
7.190000E-8	4.898979E-4
7.195000E-8	5.104532E-4
7.200000E-8	5.549898E-4
7.205000E-8	6.098040E-4
7.210000E-8	6.885995E-4
7.215000E-8	7.913762E-4
7.220000E-8	9.044306E-4
7.225000E-8	1.020911E-3
7.230000E-8	1.154521E-3
7.235000E-8	1.305260E-3
7.240000E-8	1.466277E-3
7.245000E-8	1.630719E-3
7.250000E-8	1.781458E-3
7.255000E-8	1.935623E-3
7.260000E-8	2.100066E-3
7.265000E-8	2.278212E-3
7.270000E-8	2.456359E-3
7.275000E-8	2.631079E-3
7.280000E-8	2.795522E-3
7.285000E-8	2.942835E-3
7.290000E-8	3.083297E-3
7.295000E-8	3.206629E-3
7.300000E-8	3.305980E-3
7.305000E-8	3.398479E-3
7.310000E-8	3.473848E-3
7.315000E-8	3.525236E-3
7.320000E-8	3.562921E-3
7.325000E-8	3.597180E-3
7.330000E-8	3.617736E-3
7.335000E-8	3.638291E-3
7.340000E-8	3.679402E-3
7.345000E-8	3.720512E-3
7.350000E-8	3.737642E-3
7.355000E-8	3.754771E-3
7.360000E-8	3.768475E-3
7.365000E-8	3.765049E-3
7.370000E-8	3.741068E-3
7.375000E-8	3.686253E-3
7.380000E-8	3.590328E-3
7.385000E-8	3.477274E-3
7.390000E-8	3.350516E-3
7.395000E-8	3.210055E-3
7.400000E-8	3.049038E-3
7.405000E-8	2.881169E-3
7.410000E-8	2.716726E-3
7.415000E-8	2.572839E-3
7.420000E-8	2.452933E-3
7.425000E-8	2.363860E-3
7.430000E-8	2.285064E-3
7.435000E-8	2.209695E-3
7.440000E-8	2.158306E-3
7.445000E-8	2.124047E-3
7.450000E-8	2.096640E-3
7.455000E-8	2.058956E-3
7.460000E-8	2.021271E-3
7.465000E-8	1.987012E-3
7.470000E-8	1.935623E-3
7.475000E-8	1.873957E-3
7.480000E-8	1.812291E-3
7.485000E-8	1.757477E-3
7.490000E-8	1.702663E-3
7.495000E-8	1.658126E-3
7.500000E-8	1.637571E-3
7.505000E-8	1.647849E-3
7.510000E-8	1.688959E-3
7.515000E-8	1.760903E-3
7.520000E-8	1.856828E-3
7.525000E-8	1.983586E-3
7.530000E-8	2.134325E-3
7.535000E-8	2.295342E-3
7.540000E-8	2.449507E-3
7.545000E-8	2.596820E-3
7.550000E-8	2.727004E-3
7.555000E-8	2.840058E-3
7.560000E-8	2.939409E-3
7.565000E-8	3.021631E-3
7.570000E-8	3.079871E-3
7.575000E-8	3.127833E-3
7.580000E-8	3.179222E-3
7.585000E-8	3.223758E-3
7.590000E-8	3.264869E-3
7.595000E-8	3.326535E-3
7.600000E-8	3.425886E-3
7.605000E-8	3.532088E-3
7.610000E-8	3.648569E-3
7.615000E-8	3.765049E-3
7.620000E-8	3.881529E-3
7.625000E-8	3.980880E-3
7.630000E-8	4.069953E-3
7.635000E-8	4.124767E-3
7.640000E-8	4.121341E-3
7.645000E-8	4.076805E-3
7.650000E-8	4.021991E-3
7.655000E-8	3.939769E-3
7.660000E-8	3.816437E-3
7.665000E-8	3.679402E-3
7.670000E-8	3.552644E-3
7.675000E-8	3.432737E-3
7.680000E-8	3.319683E-3
7.685000E-8	3.230610E-3
7.690000E-8	3.148389E-3
7.695000E-8	3.055890E-3
7.700000E-8	2.973668E-3
7.705000E-8	2.908576E-3
7.710000E-8	2.836633E-3
7.715000E-8	2.747559E-3
7.720000E-8	2.661912E-3
7.725000E-8	2.589968E-3
7.730000E-8	2.514599E-3
7.735000E-8	2.452933E-3
7.740000E-8	2.415248E-3
7.745000E-8	2.384415E-3
7.750000E-8	2.343304E-3
7.755000E-8	2.302194E-3
7.760000E-8	2.264509E-3
7.765000E-8	2.216546E-3
7.770000E-8	2.158306E-3
7.775000E-8	2.093214E-3
7.780000E-8	2.021271E-3
7.785000E-8	1.939049E-3
7.790000E-8	1.853402E-3
7.795000E-8	1.767755E-3
7.800000E-8	1.695811E-3
7.805000E-8	1.647849E-3
7.810000E-8	1.623867E-3
7.815000E-8	1.623867E-3
7.820000E-8	1.654700E-3
7.825000E-8	1.723218E-3
7.830000E-8	1.822569E-3
7.835000E-8	1.915068E-3
7.840000E-8	2.004141E-3
7.845000E-8	2.093214E-3
7.850000E-8	2.178862E-3
7.855000E-8	2.250805E-3
7.860000E-8	2.322749E-3
7.865000E-8	2.394693E-3
7.870000E-8	2.480340E-3
7.875000E-8	2.576265E-3
7.880000E-8	2.682468E-3
7.885000E-8	2.774967E-3
7.890000E-8	2.864040E-3
7.895000E-8	2.970242E-3
7.900000E-8	3.073019E-3
7.905000E-8	3.151814E-3
7.910000E-8	3.213480E-3
7.915000E-8	3.261443E-3
7.920000E-8	3.288850E-3
7.925000E-8	3.292276E-3
7.930000E-8	3.268295E-3
7.935000E-8	3.220332E-3
7.940000E-8	3.168944E-3
7.945000E-8	3.114130E-3
7.950000E-8	3.042186E-3
7.955000E-8	2.966816E-3
7.960000E-8	2.901724E-3
7.965000E-8	2.829781E-3
7.970000E-8	2.757837E-3
7.975000E-8	2.685893E-3
7.980000E-8	2.600246E-3
7.985000E-8	2.511173E-3
7.990000E-8	2.425526E-3
7.995000E-8	2.339879E-3
8.000000E-8	2.240528E-3
8.005000E-8	2.151455E-3
8.010000E-8	2.065807E-3
8.015000E-8	1.976734E-3
8.020000E-8	1.894513E-3
8.025000E-8	1.812291E-3
8.030000E-8	1.723218E-3
8.035000E-8	1.623867E-3
8.040000E-8	1.524517E-3
8.045000E-8	1.414888E-3
8.050000E-8	1.288130E-3
8.055000E-8	1.171650E-3
8.060000E-8	1.082577E-3
8.065000E-8	1.014059E-3
8.070000E-8	9.592448E-4
8.075000E-8	9.147082E-4
8.080000E-8	8.941529E-4
8.085000E-8	9.010047E-4
8.090000E-8	9.318377E-4
8.095000E-8	9.660966E-4
8.100000E-8	1.014059E-3
8.105000E-8	1.082577E-3
8.110000E-8	1.161372E-3
8.115000E-8	1.236742E-3
8.120000E-8	1.308686E-3
8.125000E-8	1.373778E-3
8.130000E-8	1.425166E-3
8.135000E-8	1.473128E-3
8.140000E-8	1.524517E-3
8.145000E-8	1.575905E-3
8.150000E-8	1.606738E-3
8.155000E-8	1.634145E-3
8.160000E-8	1.675256E-3
8.165000E-8	1.716367E-3
8.170000E-8	1.733496E-3
8.175000E-8	1.736922E-3
8.180000E-8	1.726644E-3
8.185000E-8	1.699237E-3
8.190000E-8	1.668404E-3
8.195000E-8	1.637571E-3
8.200000E-8	1.593034E-3
8.205000E-8	1.538220E-3
8.210000E-8	1.507387E-3
8.215000E-8	1.483406E-3
8.220000E-8	1.479980E-3
8.225000E-8	1.521091E-3
8.230000E-8	1.586183E-3
8.235000E-8	1.644423E-3
8.240000E-8	1.719792E-3
8.245000E-8	1.836273E-3
8.250000E-8	1.945901E-3
8.255000E-8	2.014419E-3
8.260000E-8	2.062381E-3
8.265000E-8	2.096640E-3
8.270000E-8	2.079511E-3
8.275000E-8	1.993864E-3
8.280000E-8	1.860254E-3
8.285000E-8	1.695811E-3
8.290000E-8	1.507387E-3
8.295000E-8	1.291556E-3
8.300000E-8	1.065447E-3
8.305000E-8	8.633199E-4
8.310000E-8	6.885995E-4
8.315000E-8	5.310085E-4
8.320000E-8	4.111024E-4
8.325000E-8	3.323069E-4
8.330000E-8	2.740668E-4
8.335000E-8	2.192525E-4
8.340000E-8	1.781419E-4
8.345000E-8	1.404571E-4
8.350000E-8	7.536516E-5
8.355000E-8	-2.055976E-5
8.360000E-8	-1.164847E-4
8.365000E-8	-2.055578E-4
8.370000E-8	-3.014828E-4
8.375000E-8	-3.974077E-4
8.380000E-8	-4.590737E-4
8.385000E-8	-4.830549E-4
8.390000E-8	-4.693514E-4
8.395000E-8	-4.111112E-4
8.400000E-8	-3.049086E-4
8.405000E-8	-1.952802E-4
8.410000E-8	-8.907756E-5
8.415000E-8	2.740270E-5
8.420000E-8	1.370312E-4
8.425000E-8	2.055490E-4
8.430000E-8	2.363820E-4
8.435000E-8	2.398079E-4
8.440000E-8	2.261043E-4
8.445000E-8	2.021231E-4
8.450000E-8	1.781419E-4
8.455000E-8	1.507347E-4
8.460000E-8	1.370312E-4
8.465000E-8	1.575865E-4
8.470000E-8	1.986972E-4
8.475000E-8	2.500856E-4
8.480000E-8	3.288810E-4
8.485000E-8	4.179542E-4
8.490000E-8	5.001755E-4
8.495000E-8	5.858228E-4
8.500000E-8	6.885995E-4
8.505000E-8	7.776726E-4
8.510000E-8	8.290610E-4
8.515000E-8	8.633199E-4
8.520000E-8	8.804493E-4
8.525000E-8	8.564681E-4
8.530000E-8	7.982280E-4
8.535000E-8	7.228584E-4
8.540000E-8	6.235076E-4
8.545000E-8	5.036014E-4
8.550000E-8	3.768435E-4
8.555000E-8	2.706409E-4
8.560000E-8	1.747160E-4
8.565000E-8	8.564283E-5
8.570000E-8	3.421468E-6
8.575000E-8	-5.824455E-5
8.580000E-8	-9.250345E-5
8.585000E-8	-1.096329E-4
8.590000E-8	-1.062070E-4
8.595000E-8	-7.879989E-5
8.600000E-8	-4.111510E-5
8.605000E-8	-1.713387E-5
8.610000E-8	-2.741154E-5
8.615000E-8	-6.167044E-5
8.620000E-8	-1.096329E-4
8.625000E-8	-1.815766E-4
8.630000E-8	-2.877792E-4
8.635000E-8	-4.076853E-4
8.640000E-8	-5.173138E-4
8.645000E-8	-6.303682E-4
8.650000E-8	-7.365708E-4
8.655000E-8	-7.982368E-4
8.660000E-8	-8.187922E-4
8.665000E-8	-8.187922E-4
8.670000E-8	-8.016627E-4
8.675000E-8	-7.434226E-4
8.680000E-8	-6.612012E-4
8.685000E-8	-5.926834E-4
8.690000E-8	-5.378692E-4
8.695000E-8	-4.830549E-4
8.700000E-8	-4.350925E-4
8.705000E-8	-4.111112E-4
8.710000E-8	-4.179630E-4
8.715000E-8	-4.350925E-4
8.720000E-8	-4.350925E-4
8.725000E-8	-4.385184E-4
8.730000E-8	-4.522219E-4
8.735000E-8	-4.522219E-4
8.740000E-8	-4.316666E-4
8.745000E-8	-3.974077E-4
8.750000E-8	-3.562970E-4
8.755000E-8	-3.014828E-4
8.760000E-8	-2.569462E-4
8.765000E-8	-2.295391E-4
8.770000E-8	-1.952802E-4
8.775000E-8	-1.507436E-4
8.780000E-8	-1.130588E-4
8.785000E-8	-7.537400E-5
8.790000E-8	-2.398565E-5
8.795000E-8	4.110626E-5
8.800000E-8	1.199017E-4
8.805000E-8	2.089749E-4
8.810000E-8	2.809186E-4
8.815000E-8	3.323069E-4
8.820000E-8	3.973988E-4
8.825000E-8	4.659166E-4
8.830000E-8	5.036014E-4
8.835000E-8	5.070273E-4
8.840000E-8	5.036014E-4
8.845000E-8	4.898979E-4
8.850000E-8	4.487872E-4
8.855000E-8	3.973988E-4
8.860000E-8	3.460105E-4
8.865000E-8	2.877703E-4
8.870000E-8	2.226784E-4
8.875000E-8	1.575865E-4
8.880000E-8	7.879105E-5
8.885000E-8	-1.713387E-5
8.890000E-8	-9.250345E-5
8.895000E-8	-1.507436E-4
8.900000E-8	-2.261132E-4
8.905000E-8	-3.049086E-4
8.910000E-8	-3.631488E-4
8.915000E-8	-4.076853E-4
8.920000E-8	-4.590737E-4
8.925000E-8	-5.001844E-4
8.930000E-8	-5.241656E-4
8.935000E-8	-5.481468E-4
8.940000E-8	-5.755540E-4
8.945000E-8	-5.824057E-4
8.950000E-8	-5.687022E-4
8.955000E-8	-5.584245E-4
8.960000E-8	-5.447209E-4
8.965000E-8	-5.207397E-4
8.970000E-8	-5.001844E-4
8.975000E-8	-4.864808E-4
8.980000E-8	-4.693514E-4
8.985000E-8	-4.487960E-4
8.990000E-8	-4.385184E-4
8.995000E-8	-4.350925E-4
9.000000E-8	-4.213889E-4
9.005000E-8	-4.076853E-4
9.010000E-8	-4.042595E-4
9.015000E-8	-3.939818E-4
9.020000E-8	-3.768523E-4
9.025000E-8	-3.597229E-4
9.030000E-8	-3.357417E-4
9.035000E-8	-2.877792E-4
9.040000E-8	-2.192614E-4
9.045000E-8	-1.610213E-4
9.050000E-8	-1.130588E-4
9.055000E-8	-7.194811E-5
9.060000E-8	-3.426332E-5
9.065000E-8	-4.421963E-9
9.070000E-8	2.055092E-5
9.075000E-8	2.397681E-5
9.080000E-8	3.082859E-5
9.085000E-8	4.795804E-5
9.090000E-8	5.138393E-5
9.095000E-8	5.480982E-5
9.100000E-8	8.221694E-5
9.105000E-8	1.164758E-4
9.110000E-8	1.575865E-4
9.115000E-8	2.021231E-4
9.120000E-8	2.535114E-4
9.125000E-8	2.911962E-4
9.130000E-8	3.117516E-4
9.135000E-8	3.220292E-4
9.140000E-8	3.083257E-4
9.145000E-8	2.672150E-4
9.150000E-8	1.986972E-4
9.155000E-8	1.164758E-4
9.160000E-8	2.055092E-5
9.165000E-8	-7.879989E-5
9.170000E-8	-1.747248E-4
9.175000E-8	-2.500944E-4
9.180000E-8	-3.049086E-4
9.185000E-8	-3.425934E-4
9.190000E-8	-3.562970E-4
9.195000E-8	-3.494452E-4
9.200000E-8	-3.254640E-4
9.205000E-8	-2.877792E-4
9.210000E-8	-2.226873E-4
9.215000E-8	-1.404659E-4
9.220000E-8	-6.852222E-5
9.225000E-8	-1.370798E-5
9.230000E-8	3.082859E-5
9.235000E-8	5.823571E-5
9.240000E-8	6.508749E-5
9.245000E-8	5.138393E-5
9.250000E-8	1.369914E-5
9.255000E-8	-5.481866E-5
9.260000E-8	-1.438918E-4
9.265000E-8	-2.432426E-4
9.270000E-8	-3.425934E-4
9.275000E-8	-4.350925E-4
9.280000E-8	-5.138879E-4
9.285000E-8	-5.755540E-4
9.290000E-8	-6.029611E-4
9.295000E-8	-5.926834E-4
9.300000E-8	-5.447209E-4
9.305000E-8	-4.556478E-4
9.310000E-8	-3.117604E-4
9.315000E-8	-1.370400E-4
9.320000E-8	4.110626E-5
9.325000E-8	2.192525E-4
9.330000E-8	3.802694E-4
9.335000E-8	4.933238E-4
9.340000E-8	5.652674E-4
9.345000E-8	6.235076E-4
9.350000E-8	6.440629E-4
9.355000E-8	6.063781E-4
9.360000E-8	5.618416E-4
9.365000E-8	5.378603E-4
9.370000E-8	5.036014E-4
9.375000E-8	4.693425E-4
9.380000E-8	4.761943E-4
9.385000E-8	5.207309E-4
9.390000E-8	5.823969E-4
9.395000E-8	6.851736E-4
9.400000E-8	8.187833E-4
9.405000E-8	9.592448E-4
9.410000E-8	1.079151E-3
9.415000E-8	1.168224E-3
9.420000E-8	1.226464E-3
9.425000E-8	1.271001E-3
9.430000E-8	1.288130E-3
9.435000E-8	1.247020E-3
9.440000E-8	1.168224E-3
9.445000E-8	1.099706E-3
9.450000E-8	1.027763E-3
9.455000E-8	9.318377E-4
9.460000E-8	8.427645E-4
9.465000E-8	7.776726E-4
9.470000E-8	7.262843E-4
9.475000E-8	6.851736E-4
9.480000E-8	6.611924E-4
9.485000E-8	6.509147E-4
9.490000E-8	6.440629E-4
9.495000E-8	6.440629E-4
9.500000E-8	6.440629E-4
9.505000E-8	6.372111E-4
9.510000E-8	6.269335E-4
9.515000E-8	6.303594E-4
9.520000E-8	6.303594E-4
9.525000E-8	6.200817E-4
9.530000E-8	6.132299E-4
9.535000E-8	6.303594E-4
9.540000E-8	6.646183E-4
9.545000E-8	6.885995E-4
9.550000E-8	7.194325E-4
9.555000E-8	7.673950E-4
9.560000E-8	8.085056E-4
9.565000E-8	8.427645E-4
9.570000E-8	8.770234E-4
9.575000E-8	9.044306E-4
9.580000E-8	9.147082E-4
9.585000E-8	9.147082E-4
9.590000E-8	9.147082E-4
9.595000E-8	9.010047E-4
9.600000E-8	8.735976E-4
9.605000E-8	8.667458E-4
9.610000E-8	8.735976E-4
9.615000E-8	8.941529E-4
9.620000E-8	9.455412E-4
9.625000E-8	1.034614E-3
9.630000E-8	1.140817E-3
9.635000E-8	1.240168E-3
9.640000E-8	1.342944E-3
9.645000E-8	1.455999E-3
9.650000E-8	1.562201E-3
9.655000E-8	1.644423E-3
9.660000E-8	1.688959E-3
9.665000E-8	1.702663E-3
9.670000E-8	1.706089E-3
9.675000E-8	1.695811E-3
9.680000E-8	1.644423E-3
9.685000E-8	1.572479E-3
9.690000E-8	1.514239E-3
9.695000E-8	1.469702E-3
9.700000E-8	1.425166E-3
9.705000E-8	1.401185E-3
9.710000E-8	1.394333E-3
9.715000E-8	1.401185E-3
9.720000E-8	1.408036E-3
9.725000E-8	1.401185E-3
9.730000E-8	1.384055E-3
9.735000E-8	1.387481E-3
9.740000E-8	1.387481E-3
9.745000E-8	1.363500E-3
9.750000E-8	1.325815E-3
9.755000E-8	1.308686E-3
9.760000E-8	1.291556E-3
9.765000E-8	1.274427E-3
9.770000E-8	1.267575E-3
9.775000E-8	1.260723E-3
9.780000E-8	1.260723E-3
9.785000E-8	1.271001E-3
9.790000E-8	1.271001E-3
9.795000E-8	1.250445E-3
9.800000E-8	1.240168E-3
9.805000E-8	1.226464E-3
9.810000E-8	1.181928E-3
9.815000E-8	1.140817E-3
9.820000E-8	1.144243E-3
9.825000E-8	1.164798E-3
9.830000E-8	1.178502E-3
9.835000E-8	1.216187E-3
9.840000E-8	1.281278E-3
9.845000E-8	1.360074E-3
9.850000E-8	1.445721E-3
9.855000E-8	1.527943E-3
9.860000E-8	1.596460E-3
9.865000E-8	1.647849E-3
9.870000E-8	1.688959E-3
9.875000E-8	1.695811E-3
9.880000E-8	1.675256E-3
9.885000E-8	1.647849E-3
9.890000E-8	1.613590E-3
9.895000E-8	1.558776E-3
9.900000E-8	1.503961E-3
9.905000E-8	1.473128E-3
9.910000E-8	1.445721E-3
9.915000E-8	1.421740E-3
9.920000E-8	1.408036E-3
9.925000E-8	1.414888E-3
9.930000E-8	1.428592E-3
9.935000E-8	1.449147E-3
9.940000E-8	1.483406E-3
9.945000E-8	1.521091E-3
9.950000E-8	1.548498E-3
9.955000E-8	1.579331E-3
9.960000E-8	1.620442E-3
9.965000E-8	1.644423E-3
9.970000E-8	1.644423E-3
9.975000E-8	1.658126E-3
9.980000E-8	1.688959E-3
9.985000E-8	1.712941E-3
9.990000E-8	1.726644E-3
9.995000E-8	1.750625E-3
1.000000E-7	1.771181E-3
1.000500E-7	1.771181E-3
1.001000E-7	1.771181E-3
1.001500E-7	1.778033E-3
1.002000E-7	1.747200E-3
1.002500E-7	1.702663E-3
1.003000E-7	1.682108E-3
1.003500E-7	1.630719E-3
1.004000E-7	1.531368E-3
1.004500E-7	1.442295E-3
1.005000E-7	1.390907E-3
1.005500E-7	1.318963E-3
1.006000E-7	1.243594E-3
1.006500E-7	1.216187E-3
1.007000E-7	1.212761E-3
1.007500E-7	1.205909E-3
1.008000E-7	1.233316E-3
1.008500E-7	1.298408E-3
1.009000E-7	1.363500E-3
1.009500E-7	1.418314E-3
1.010000E-7	1.466277E-3
1.010500E-7	1.507387E-3
1.011000E-7	1.534794E-3
1.011500E-7	1.541646E-3
1.012000E-7	1.514239E-3
1.012500E-7	1.452573E-3
1.013000E-7	1.384055E-3
1.013500E-7	1.315537E-3
1.014000E-7	1.240168E-3
1.014500E-7	1.154521E-3
1.015000E-7	1.075725E-3
1.015500E-7	1.003781E-3
1.016000E-7	9.489671E-4
1.016500E-7	9.112823E-4
1.017000E-7	8.907270E-4
1.017500E-7	8.838752E-4
1.018000E-7	8.975788E-4
1.018500E-7	9.284118E-4
1.019000E-7	9.558189E-4
1.019500E-7	9.832260E-4
1.020000E-7	1.031188E-3
1.020500E-7	1.079151E-3
1.021000E-7	1.099706E-3
1.021500E-7	1.127113E-3
1.022000E-7	1.175076E-3
1.022500E-7	1.219612E-3
1.023000E-7	1.240168E-3
1.023500E-7	1.264149E-3
1.024000E-7	1.291556E-3
1.024500E-7	1.318963E-3
1.025000E-7	1.339519E-3
1.025500E-7	1.346370E-3
1.026000E-7	1.349796E-3
1.026500E-7	1.353222E-3
1.027000E-7	1.360074E-3
1.027500E-7	1.356648E-3
1.028000E-7	1.336093E-3
1.028500E-7	1.312111E-3
1.029000E-7	1.281278E-3
1.029500E-7	1.247020E-3
1.030000E-7	1.229890E-3
1.030500E-7	1.223038E-3
1.031000E-7	1.199057E-3
1.031500E-7	1.161372E-3
1.032000E-7	1.154521E-3
1.032500E-7	1.168224E-3
1.033000E-7	1.164798E-3
1.033500E-7	1.151095E-3
1.034000E-7	1.171650E-3
1.034500E-7	1.202483E-3
1.035000E-7	1.216187E-3
1.035500E-7	1.233316E-3
1.036000E-7	1.253871E-3
1.036500E-7	1.253871E-3
1.037000E-7	1.236742E-3
1.037500E-7	1.223038E-3
1.038000E-7	1.195631E-3
1.038500E-7	1.147669E-3
1.039000E-7	1.096280E-3
1.039500E-7	1.041466E-3
1.040000E-7	9.798001E-4
1.040500E-7	9.249859E-4
1.041000E-7	8.873011E-4
1.041500E-7	8.598940E-4
1.042000E-7	8.359128E-4
1.042500E-7	8.119315E-4
1.043000E-7	7.879503E-4
1.043500E-7	7.845244E-4
1.044000E-7	7.948021E-4
1.044500E-7	7.913762E-4
1.045000E-7	7.742467E-4
1.045500E-7	7.536914E-4
1.046000E-7	7.297102E-4
1.046500E-7	6.988772E-4
1.047000E-7	6.714700E-4
1.047500E-7	6.509147E-4
1.048000E-7	6.337852E-4
1.048500E-7	6.132299E-4
1.049000E-7	5.892487E-4
1.049500E-7	5.721192E-4
1.050000E-7	5.652674E-4
1.050500E-7	5.686933E-4
1.051000E-7	5.721192E-4
1.051500E-7	5.823969E-4
1.052000E-7	6.132299E-4
1.052500E-7	6.474888E-4
1.053000E-7	6.748959E-4
1.053500E-7	7.023030E-4
1.054000E-7	7.297102E-4
1.054500E-7	7.502655E-4
1.055000E-7	7.673950E-4
1.055500E-7	7.913762E-4
1.056000E-7	7.982280E-4
1.056500E-7	7.742467E-4
1.057000E-7	7.502655E-4
1.057500E-7	7.297102E-4
1.058000E-7	7.023030E-4
1.058500E-7	6.543406E-4
1.059000E-7	6.029522E-4
1.059500E-7	5.549898E-4
1.060000E-7	5.036014E-4
1.060500E-7	4.487872E-4
1.061000E-7	3.939729E-4
1.061500E-7	3.460105E-4
1.062000E-7	3.083257E-4
1.062500E-7	2.637891E-4
1.063000E-7	2.226784E-4
1.063500E-7	1.986972E-4
1.064000E-7	1.884195E-4
1.064500E-7	1.712901E-4
1.065000E-7	1.610124E-4
1.065500E-7	1.644383E-4
1.066000E-7	1.849936E-4
1.066500E-7	2.089749E-4
1.067000E-7	2.329561E-4
1.067500E-7	2.432338E-4
1.068000E-7	2.569373E-4
1.068500E-7	2.946221E-4
1.069000E-7	3.288810E-4
1.069500E-7	3.425846E-4
1.070000E-7	3.597140E-4
1.070500E-7	3.871212E-4
1.071000E-7	3.939729E-4
1.071500E-7	3.802694E-4
1.072000E-7	3.699917E-4
1.072500E-7	3.425846E-4
1.073000E-7	2.877703E-4
1.073500E-7	2.192525E-4
1.074000E-7	1.507347E-4
1.074500E-7	7.879105E-5
1.075000E-7	-4.421963E-9
1.075500E-7	-7.194811E-5
1.076000E-7	-1.164847E-4
1.076500E-7	-1.164847E-4
1.077000E-7	-8.222578E-5
1.077500E-7	-3.768921E-5
1.078000E-7	2.055092E-5
1.078500E-7	9.592050E-5
1.079000E-7	1.849936E-4
1.079500E-7	2.672150E-4
1.080000E-7	3.460105E-4
1.080500E-7	4.111024E-4
1.081000E-7	4.453613E-4
1.081500E-7	4.453613E-4
1.082000E-7	4.248060E-4
1.082500E-7	3.802694E-4
1.083000E-7	3.151775E-4
1.083500E-7	2.432338E-4
1.084000E-7	1.610124E-4
1.084500E-7	7.193927E-5
1.085000E-7	-3.430312E-6
1.085500E-7	-6.509633E-5
1.086000E-7	-1.199106E-4
1.086500E-7	-1.712989E-4
1.087000E-7	-2.192614E-4
1.087500E-7	-2.535203E-4
1.088000E-7	-2.706497E-4
1.088500E-7	-2.775015E-4
1.089000E-7	-2.912051E-4
1.089500E-7	-3.117604E-4
1.090000E-7	-3.220381E-4
1.090500E-7	-3.357417E-4
1.091000E-7	-3.425934E-4
1.091500E-7	-3.323158E-4
1.092000E-7	-3.186122E-4
1.092500E-7	-3.151863E-4
1.093000E-7	-3.083345E-4
1.093500E-7	-3.014828E-4
1.094000E-7	-3.014828E-4
1.094500E-7	-3.049086E-4
1.095000E-7	-3.049086E-4
1.095500E-7	-3.117604E-4
1.096000E-7	-3.220381E-4
1.096500E-7	-3.151863E-4
1.097000E-7	-3.083345E-4
1.097500E-7	-3.014828E-4
1.098000E-7	-2.740756E-4
1.098500E-7	-2.192614E-4
1.099000E-7	-1.712989E-4
1.099500E-7	-1.301882E-4
1.100000E-7	-8.565167E-5
1.100500E-7	-5.481866E-5
1.101000E-7	-5.481866E-5
1.101500E-7	-6.509633E-5
1.102000E-7	-6.167044E-5
1.102500E-7	-5.824455E-5
1.103000E-7	-7.879989E-5
1.103500E-7	-1.062070E-4
1.104000E-7	-1.267624E-4
1.104500E-7	-1.507436E-4
1.105000E-7	-1.712989E-4
1.105500E-7	-1.712989E-4
1.106000E-7	-1.610213E-4
1.106500E-7	-1.644471E-4
1.107000E-7	-1.850025E-4
1.107500E-7	-2.158355E-4
1.108000E-7	-2.500944E-4
1.108500E-7	-2.843533E-4
1.109000E-7	-3.288899E-4
1.109500E-7	-3.768523E-4
1.110000E-7	-4.008336E-4
1.110500E-7	-4.042595E-4
1.111000E-7	-4.111112E-4
1.111500E-7	-4.316666E-4
1.112000E-7	-4.316666E-4
1.112500E-7	-4.145371E-4
1.113000E-7	-4.076853E-4
1.113500E-7	-4.076853E-4
1.114000E-7	-4.076853E-4
1.114500E-7	-4.076853E-4
1.115000E-7	-4.213889E-4
1.115500E-7	-4.419442E-4
1.116000E-7	-4.590737E-4
1.116500E-7	-4.624996E-4
1.117000E-7	-4.590737E-4
1.117500E-7	-4.522219E-4
1.118000E-7	-4.419442E-4
1.118500E-7	-4.350925E-4
1.119000E-7	-4.350925E-4
1.119500E-7	-4.453701E-4
1.120000E-7	-4.590737E-4
1.120500E-7	-4.762031E-4
1.121000E-7	-5.001844E-4
1.121500E-7	-5.275915E-4
1.122000E-7	-5.412951E-4
1.122500E-7	-5.310174E-4
1.123000E-7	-5.138879E-4
1.123500E-7	-4.967585E-4
1.124000E-7	-4.624996E-4
1.124500E-7	-4.076853E-4
1.125000E-7	-3.768523E-4
1.125500E-7	-3.597229E-4
1.126000E-7	-3.391675E-4
1.126500E-7	-3.323158E-4
1.127000E-7	-3.700006E-4
1.127500E-7	-4.179630E-4
1.128000E-7	-4.556478E-4
1.128500E-7	-4.899067E-4
1.129000E-7	-5.310174E-4
1.129500E-7	-5.687022E-4
1.130000E-7	-5.858316E-4
1.130500E-7	-5.961093E-4
1.131000E-7	-5.892575E-4
1.131500E-7	-5.618504E-4
1.132000E-7	-5.207397E-4
1.132500E-7	-4.762031E-4
1.133000E-7	-4.316666E-4
1.133500E-7	-4.008336E-4
1.134000E-7	-3.802782E-4
1.134500E-7	-3.631488E-4
1.135000E-7	-3.494452E-4
1.135500E-7	-3.494452E-4
1.136000E-7	-3.357417E-4
1.136500E-7	-3.151863E-4
1.137000E-7	-3.049086E-4
1.137500E-7	-2.946310E-4
1.138000E-7	-2.603721E-4
1.138500E-7	-2.192614E-4
1.139000E-7	-1.884284E-4
1.139500E-7	-1.473177E-4
1.140000E-7	-9.250345E-5
1.140500E-7	-5.139277E-5
1.141000E-7	-3.083743E-5
1.141500E-7	-2.055976E-5
1.142000E-7	-2.398565E-5
1.142500E-7	-4.796688E-5
1.143000E-7	-8.565167E-5
1.143500E-7	-1.336141E-4
1.144000E-7	-1.850025E-4
1.144500E-7	-2.226873E-4
1.145000E-7	-2.500944E-4
1.145500E-7	-2.843533E-4
1.146000E-7	-3.014828E-4
1.146500E-7	-2.877792E-4
1.147000E-7	-2.637980E-4
1.147500E-7	-2.295391E-4
1.148000E-7	-1.781507E-4
1.148500E-7	-1.233365E-4
1.149000E-7	-8.565167E-5
1.149500E-7	-5.481866E-5
1.150000E-7	-2.741154E-5
1.150500E-7	-1.028209E-5
1.151000E-7	-1.713387E-5
1.151500E-7	-4.111510E-5
1.152000E-7	-6.509633E-5
1.152500E-7	-7.194811E-5
1.153000E-7	-7.879989E-5
1.153500E-7	-9.250345E-5
1.154000E-7	-7.879989E-5
1.154500E-7	-3.083743E-5
1.155000E-7	1.712503E-5
1.155500E-7	5.823571E-5
1.156000E-7	1.096241E-4
1.156500E-7	1.644383E-4
1.157000E-7	2.089749E-4
1.157500E-7	2.535114E-4
1.158000E-7	2.946221E-4
1.158500E-7	3.288810E-4
1.159000E-7	3.665658E-4
1.159500E-7	4.042506E-4
1.160000E-7	4.385095E-4
1.160500E-7	4.761943E-4
1.161000E-7	5.173050E-4
1.161500E-7	5.447121E-4
1.162000E-7	5.447121E-4
1.162500E-7	5.173050E-4
1.163000E-7	4.796202E-4
1.163500E-7	4.316577E-4
1.164000E-7	3.699917E-4
1.164500E-7	2.911962E-4
1.165000E-7	2.295302E-4
1.165500E-7	1.849936E-4
1.166000E-7	1.404571E-4
1.166500E-7	1.130500E-4
1.167000E-7	1.267535E-4
1.167500E-7	1.644383E-4
1.168000E-7	2.226784E-4
1.168500E-7	3.014739E-4
1.169000E-7	3.905470E-4
1.169500E-7	4.590649E-4
1.170000E-7	5.275827E-4
1.170500E-7	5.926746E-4
1.171000E-7	6.337852E-4
1.171500E-7	6.474888E-4
1.172000E-7	6.646183E-4
1.172500E-7	6.611924E-4
1.173000E-7	6.235076E-4
1.173500E-7	5.858228E-4
1.174000E-7	5.584157E-4
1.174500E-7	5.104532E-4
1.175000E-7	4.522131E-4
1.175500E-7	4.145283E-4
1.176000E-7	3.768435E-4
1.176500E-7	3.254551E-4
1.177000E-7	2.843445E-4
1.177500E-7	2.535114E-4
1.178000E-7	2.089749E-4
1.178500E-7	1.678642E-4
1.179000E-7	1.507347E-4
1.179500E-7	1.336053E-4
1.180000E-7	1.199017E-4
1.180500E-7	1.301794E-4
1.181000E-7	1.507347E-4
1.181500E-7	1.747160E-4
1.182000E-7	2.158267E-4
1.182500E-7	2.809186E-4
1.183000E-7	3.562881E-4
1.183500E-7	4.487872E-4
1.184000E-7	5.481380E-4
1.184500E-7	6.337852E-4
1.185000E-7	7.228584E-4
1.185500E-7	8.256351E-4
1.186000E-7	9.078565E-4
1.186500E-7	9.523930E-4
1.187000E-7	9.935037E-4
1.187500E-7	1.020911E-3
1.188000E-7	1.014059E-3
1.188500E-7	9.832260E-4
1.189000E-7	9.523930E-4
1.189500E-7	9.078565E-4
1.190000E-7	8.530422E-4
1.190500E-7	8.016539E-4
1.191000E-7	7.605432E-4
1.191500E-7	7.194325E-4
1.192000E-7	6.611924E-4
1.192500E-7	5.892487E-4
1.193000E-7	5.344344E-4
1.193500E-7	4.898979E-4
1.194000E-7	4.419354E-4
1.194500E-7	3.973988E-4
1.195000E-7	3.768435E-4
1.195500E-7	3.631399E-4
1.196000E-7	3.494364E-4
1.196500E-7	3.528623E-4
1.197000E-7	3.665658E-4
1.197500E-7	3.905470E-4
1.198000E-7	4.419354E-4
1.198500E-7	5.001755E-4
1.199000E-7	5.275827E-4
1.199500E-7	5.412862E-4
1.200000E-7	5.618416E-4
1.200500E-7	5.652674E-4
1.201000E-7	5.378603E-4
1.201500E-7	5.070273E-4
1.202000E-7	4.693425E-4
1.202500E-7	4.248060E-4
1.203000E-7	3.871212E-4
1.203500E-7	3.665658E-4
1.204000E-7	3.494364E-4
1.204500E-7	3.494364E-4
1.205000E-7	3.768435E-4
1.205500E-7	4.145283E-4
1.206000E-7	4.590649E-4
1.206500E-7	5.207309E-4
1.207000E-7	5.926746E-4
1.207500E-7	6.509147E-4
1.208000E-7	6.885995E-4
1.208500E-7	7.125807E-4
1.209000E-7	7.399878E-4
1.209500E-7	7.673950E-4
1.210000E-7	7.776726E-4
1.210500E-7	7.742467E-4
1.211000E-7	7.776726E-4
1.211500E-7	7.913762E-4
1.212000E-7	8.085056E-4
1.212500E-7	8.119315E-4
1.213000E-7	8.153574E-4
1.213500E-7	8.222092E-4
1.214000E-7	8.393387E-4
1.214500E-7	8.633199E-4
1.215000E-7	8.735976E-4
1.215500E-7	8.735976E-4
1.216000E-7	8.804493E-4
1.216500E-7	8.838752E-4
1.217000E-7	8.667458E-4
1.217500E-7	8.598940E-4
1.218000E-7	8.804493E-4
1.218500E-7	8.975788E-4
1.219000E-7	8.907270E-4
1.219500E-7	8.941529E-4
1.220000E-7	9.078565E-4
1.220500E-7	8.975788E-4
1.221000E-7	8.770234E-4
1.221500E-7	8.598940E-4
1.222000E-7	8.427645E-4
1.222500E-7	8.290610E-4
1.223000E-7	8.153574E-4
1.223500E-7	8.016539E-4
1.224000E-7	7.982280E-4
1.224500E-7	8.119315E-4
1.225000E-7	8.222092E-4
1.225500E-7	8.359128E-4
1.226000E-7	8.804493E-4
1.226500E-7	9.318377E-4
1.227000E-7	9.523930E-4
1.227500E-7	9.798001E-4
1.228000E-7	1.017485E-3
1.228500E-7	1.024337E-3
1.229000E-7	9.900778E-4
1.229500E-7	9.386895E-4
1.230000E-7	8.633199E-4
1.230500E-7	7.776726E-4
1.231000E-7	7.023030E-4
1.231500E-7	6.166558E-4
1.232000E-7	5.241568E-4
1.232500E-7	4.522131E-4
1.233000E-7	4.076765E-4
1.233500E-7	3.871212E-4
1.234000E-7	3.905470E-4
1.234500E-7	4.145283E-4
1.235000E-7	4.522131E-4
1.235500E-7	5.173050E-4
1.236000E-7	5.892487E-4
1.236500E-7	6.440629E-4
1.237000E-7	7.023030E-4
1.237500E-7	7.708209E-4
1.238000E-7	8.153574E-4
1.238500E-7	8.187833E-4
1.239000E-7	8.187833E-4
1.239500E-7	8.153574E-4
1.240000E-7	7.810985E-4
1.240500E-7	7.194325E-4
1.241000E-7	6.680441E-4
1.241500E-7	6.474888E-4
1.242000E-7	6.303594E-4
1.242500E-7	6.166558E-4
1.243000E-7	6.235076E-4
1.243500E-7	6.509147E-4
1.244000E-7	6.851736E-4
1.244500E-7	7.297102E-4
1.245000E-7	7.879503E-4
1.245500E-7	8.324869E-4
1.246000E-7	8.564681E-4
1.246500E-7	8.701717E-4
1.247000E-7	8.598940E-4
1.247500E-7	8.222092E-4
1.248000E-7	7.639691E-4
1.248500E-7	6.851736E-4
1.249000E-7	5.961005E-4
1.249500E-7	5.104532E-4
1.250000E-7	4.282318E-4
1.250500E-7	3.562881E-4
1.251000E-7	3.186034E-4
1.251500E-7	3.083257E-4
1.252000E-7	3.083257E-4
1.252500E-7	3.083257E-4
1.253000E-7	3.254551E-4
1.253500E-7	3.460105E-4
1.254000E-7	3.460105E-4
1.254500E-7	3.323069E-4
1.255000E-7	3.151775E-4
1.255500E-7	2.980480E-4
1.256000E-7	2.740668E-4
1.256500E-7	2.569373E-4
1.257000E-7	2.569373E-4
1.257500E-7	2.809186E-4
1.258000E-7	3.254551E-4
1.258500E-7	3.939729E-4
1.259000E-7	4.727684E-4
1.259500E-7	5.447121E-4
1.260000E-7	6.166558E-4
1.260500E-7	6.920254E-4
1.261000E-7	7.434137E-4
1.261500E-7	7.605432E-4
1.262000E-7	7.708209E-4
1.262500E-7	7.708209E-4
1.263000E-7	7.331361E-4
1.263500E-7	6.611924E-4
1.264000E-7	5.995263E-4
1.264500E-7	5.652674E-4
1.265000E-7	5.241568E-4
1.265500E-7	4.727684E-4
1.266000E-7	4.316577E-4
1.266500E-7	4.145283E-4
1.267000E-7	4.111024E-4
1.267500E-7	4.008247E-4
1.268000E-7	3.836953E-4
1.268500E-7	3.631399E-4
1.269000E-7	3.357328E-4
1.269500E-7	3.083257E-4
1.270000E-7	2.843445E-4
1.270500E-7	2.603632E-4
1.271000E-7	2.261043E-4
1.271500E-7	1.884195E-4
1.272000E-7	1.575865E-4
1.272500E-7	1.438830E-4
1.273000E-7	1.301794E-4
1.273500E-7	1.164758E-4
1.274000E-7	1.061982E-4
1.274500E-7	1.061982E-4
1.275000E-7	1.233276E-4
1.275500E-7	1.438830E-4
1.276000E-7	1.575865E-4
1.276500E-7	1.610124E-4
1.277000E-7	1.712901E-4
1.277500E-7	1.884195E-4
1.278000E-7	2.021231E-4
1.278500E-7	2.124008E-4
1.279000E-7	2.295302E-4
1.279500E-7	2.398079E-4
1.280000E-7	2.398079E-4
1.280500E-7	2.398079E-4
1.281000E-7	2.398079E-4
1.281500E-7	2.089749E-4
1.282000E-7	1.610124E-4
1.282500E-7	1.199017E-4
1.283000E-7	6.508749E-5
1.283500E-7	-2.055976E-5
1.284000E-7	-1.130588E-4
1.284500E-7	-1.952802E-4
1.285000E-7	-2.672238E-4
1.285500E-7	-3.391675E-4
1.286000E-7	-4.008336E-4
1.286500E-7	-4.487960E-4
1.287000E-7	-4.762031E-4
1.287500E-7	-4.830549E-4
1.288000E-7	-4.796290E-4
1.288500E-7	-4.659255E-4
1.289000E-7	-4.385184E-4
1.289500E-7	-3.974077E-4
1.290000E-7	-3.528711E-4
1.290500E-7	-3.117604E-4
1.291000E-7	-2.740756E-4
1.291500E-7	-2.363908E-4
1.292000E-7	-1.918543E-4
1.292500E-7	-1.473177E-4
1.293000E-7	-1.301882E-4
1.293500E-7	-1.233365E-4
1.294000E-7	-9.592934E-5
1.294500E-7	-7.537400E-5
1.295000E-7	-1.027811E-4
1.295500E-7	-1.438918E-4
1.296000E-7	-1.610213E-4
1.296500E-7	-1.712989E-4
1.297000E-7	-1.987060E-4
1.297500E-7	-2.363908E-4
1.298000E-7	-2.740756E-4
1.298500E-7	-3.151863E-4
1.299000E-7	-3.665747E-4
1.299500E-7	-4.076853E-4
1.300000E-7	-4.385184E-4
1.300500E-7	-4.590737E-4
1.301000E-7	-4.864808E-4
1.301500E-7	-5.241656E-4
1.302000E-7	-5.515727E-4
1.302500E-7	-5.652763E-4
1.303000E-7	-5.824057E-4
1.303500E-7	-6.166646E-4
1.304000E-7	-6.509235E-4
1.304500E-7	-6.783307E-4
1.305000E-7	-7.194413E-4
1.305500E-7	-7.708297E-4
1.306000E-7	-8.050886E-4
1.306500E-7	-8.222180E-4
1.307000E-7	-8.461993E-4
1.307500E-7	-8.633287E-4
1.308000E-7	-8.461993E-4
1.308500E-7	-8.016627E-4
1.309000E-7	-7.537002E-4
1.309500E-7	-6.954601E-4
1.310000E-7	-6.098129E-4
1.310500E-7	-5.138879E-4
1.311000E-7	-4.213889E-4
1.311500E-7	-3.494452E-4
1.312000E-7	-2.980569E-4
1.312500E-7	-2.603721E-4
1.313000E-7	-2.500944E-4
1.313500E-7	-2.740756E-4
1.314000E-7	-3.220381E-4
1.314500E-7	-3.768523E-4
1.315000E-7	-4.385184E-4
1.315500E-7	-4.967585E-4
1.316000E-7	-5.412951E-4
1.316500E-7	-5.824057E-4
1.317000E-7	-6.235164E-4
1.317500E-7	-6.372200E-4
1.318000E-7	-6.200905E-4
1.318500E-7	-5.961093E-4
1.319000E-7	-5.858316E-4
1.319500E-7	-5.618504E-4
1.320000E-7	-5.070362E-4
1.320500E-7	-4.590737E-4
1.321000E-7	-4.350925E-4
1.321500E-7	-4.042595E-4
1.322000E-7	-3.562970E-4
1.322500E-7	-3.186122E-4
1.323000E-7	-3.014828E-4
1.323500E-7	-2.843533E-4
1.324000E-7	-2.603721E-4
1.324500E-7	-2.603721E-4
1.325000E-7	-2.877792E-4
1.325500E-7	-3.288899E-4
1.326000E-7	-3.939818E-4
1.326500E-7	-4.762031E-4
1.327000E-7	-5.549986E-4
1.327500E-7	-6.269423E-4
1.328000E-7	-7.057378E-4
1.328500E-7	-7.913850E-4
1.329000E-7	-8.564769E-4
1.329500E-7	-8.975876E-4
1.330000E-7	-9.078653E-4
1.330500E-7	-8.941617E-4
1.331000E-7	-8.701805E-4
1.331500E-7	-8.427734E-4
1.332000E-7	-7.879591E-4
1.332500E-7	-7.160155E-4
1.333000E-7	-6.646271E-4
1.333500E-7	-6.543494E-4
1.334000E-7	-6.474977E-4
1.334500E-7	-6.440718E-4
1.335000E-7	-6.646271E-4
1.335500E-7	-7.160155E-4
1.336000E-7	-7.811074E-4
1.336500E-7	-8.530511E-4
1.337000E-7	-9.215689E-4
1.337500E-7	-9.729572E-4
1.338000E-7	-1.007216E-3
1.338500E-7	-1.031197E-3
1.339000E-7	-1.041475E-3
1.339500E-7	-1.027771E-3
1.340000E-7	-9.866608E-4
1.340500E-7	-9.249947E-4
1.341000E-7	-8.564769E-4
1.341500E-7	-7.913850E-4
1.342000E-7	-7.262931E-4
1.342500E-7	-6.577753E-4
1.343000E-7	-6.098129E-4
1.343500E-7	-5.755540E-4
1.344000E-7	-5.447209E-4
1.344500E-7	-5.344433E-4
1.345000E-7	-5.515727E-4
1.345500E-7	-5.824057E-4
1.346000E-7	-6.098129E-4
1.346500E-7	-6.406459E-4
1.347000E-7	-6.783307E-4
1.347500E-7	-7.262931E-4
1.348000E-7	-7.742556E-4
1.348500E-7	-8.119404E-4
1.349000E-7	-8.461993E-4
1.349500E-7	-8.736064E-4
1.350000E-7	-8.873100E-4
1.350500E-7	-8.907358E-4
1.351000E-7	-8.941617E-4
1.351500E-7	-8.907358E-4
1.352000E-7	-8.770323E-4
1.352500E-7	-8.633287E-4
1.353000E-7	-8.393475E-4
1.353500E-7	-8.050886E-4
1.354000E-7	-7.708297E-4
1.354500E-7	-7.571261E-4
1.355000E-7	-7.605520E-4
1.355500E-7	-7.674038E-4
1.356000E-7	-7.879591E-4
1.356500E-7	-8.153663E-4
1.357000E-7	-8.393475E-4
1.357500E-7	-8.701805E-4
1.358000E-7	-9.010135E-4
1.358500E-7	-9.112912E-4
1.359000E-7	-9.215689E-4
1.359500E-7	-9.352724E-4
1.360000E-7	-9.078653E-4
1.360500E-7	-8.427734E-4
1.361000E-7	-7.845333E-4
1.361500E-7	-7.365708E-4
1.362000E-7	-6.543494E-4
1.362500E-7	-5.652763E-4
1.363000E-7	-5.104620E-4
1.363500E-7	-4.762031E-4
1.364000E-7	-4.350925E-4
1.364500E-7	-4.145371E-4
1.365000E-7	-4.282407E-4
1.365500E-7	-4.556478E-4
1.366000E-7	-4.796290E-4
1.366500E-7	-5.070362E-4
1.367000E-7	-5.310174E-4
1.367500E-7	-5.515727E-4
1.368000E-7	-5.515727E-4
1.368500E-7	-5.275915E-4
1.369000E-7	-4.967585E-4
1.369500E-7	-4.693514E-4
1.370000E-7	-4.316666E-4
1.370500E-7	-3.837041E-4
1.371000E-7	-3.460193E-4
1.371500E-7	-3.323158E-4
1.372000E-7	-3.083345E-4
1.372500E-7	-2.843533E-4
1.373000E-7	-2.775015E-4
1.373500E-7	-2.843533E-4
1.374000E-7	-2.775015E-4
1.374500E-7	-2.500944E-4
1.375000E-7	-2.363908E-4
1.375500E-7	-2.466685E-4
1.376000E-7	-2.466685E-4
1.376500E-7	-2.295391E-4
1.377000E-7	-2.261132E-4
1.377500E-7	-2.432426E-4
1.378000E-7	-2.466685E-4
1.378500E-7	-2.466685E-4
1.379000E-7	-2.706497E-4
1.379500E-7	-2.912051E-4
1.380000E-7	-2.912051E-4
1.380500E-7	-2.946310E-4
1.381000E-7	-3.014828E-4
1.381500E-7	-2.809274E-4
1.382000E-7	-2.500944E-4
1.382500E-7	-2.226873E-4
1.383000E-7	-1.987060E-4
1.383500E-7	-1.884284E-4
1.384000E-7	-1.781507E-4
1.384500E-7	-1.610213E-4
1.385000E-7	-1.473177E-4
1.385500E-7	-1.438918E-4
1.386000E-7	-1.301882E-4
1.386500E-7	-8.565167E-5
1.387000E-7	-4.796688E-5
1.387500E-7	-1.028209E-5
1.388000E-7	4.795804E-5
1.388500E-7	1.027723E-4
1.389000E-7	1.336053E-4
1.389500E-7	1.644383E-4
1.390000E-7	1.986972E-4
1.390500E-7	1.849936E-4
1.391000E-7	1.404571E-4
1.391500E-7	1.027723E-4
1.392000E-7	6.166160E-5
1.392500E-7	-3.430312E-6
1.393000E-7	-6.509633E-5
1.393500E-7	-1.199106E-4
1.394000E-7	-1.747248E-4
1.394500E-7	-2.124096E-4
1.395000E-7	-2.226873E-4
1.395500E-7	-2.089837E-4
1.396000E-7	-1.712989E-4
1.396500E-7	-1.062070E-4
1.397000E-7	-5.139277E-5
1.397500E-7	-6.856202E-6
1.398000E-7	5.823571E-5
1.398500E-7	1.301794E-4
1.399000E-7	1.815678E-4
1.399500E-7	2.124008E-4
1.400000E-7	2.329561E-4
1.400500E-7	2.261043E-4
1.401000E-7	2.021231E-4
1.401500E-7	1.678642E-4
1.402000E-7	1.233276E-4
1.402500E-7	7.879105E-5
1.403000E-7	3.768037E-5
1.403500E-7	-1.028209E-5
1.404000E-7	-7.194811E-5
1.404500E-7	-1.199106E-4
1.405000E-7	-1.404659E-4
1.405500E-7	-1.541695E-4
1.406000E-7	-1.507436E-4
1.406500E-7	-1.267624E-4
1.407000E-7	-7.879989E-5
1.407500E-7	-1.028209E-5
1.408000E-7	8.221694E-5
1.408500E-7	1.712901E-4
1.409000E-7	2.706409E-4
1.409500E-7	3.871212E-4
1.410000E-7	4.967496E-4
1.410500E-7	5.858228E-4
1.411000E-7	6.680441E-4
1.411500E-7	7.297102E-4
1.412000E-7	7.639691E-4
1.412500E-7	7.708209E-4
1.413000E-7	7.502655E-4
1.413500E-7	6.954513E-4
1.414000E-7	6.166558E-4
1.414500E-7	5.310085E-4
1.415000E-7	4.282318E-4
1.415500E-7	3.117516E-4
1.416000E-7	2.055490E-4
1.416500E-7	1.164758E-4
1.417000E-7	5.138393E-5
1.417500E-7	1.027325E-5
1.418000E-7	-1.028209E-5
1.418500E-7	-1.713387E-5
1.419000E-7	3.421468E-6
1.419500E-7	5.138393E-5
1.420000E-7	9.592050E-5
1.420500E-7	1.404571E-4
1.421000E-7	1.986972E-4
1.421500E-7	2.432338E-4
1.422000E-7	2.637891E-4
1.422500E-7	2.706409E-4
1.423000E-7	2.637891E-4
1.423500E-7	2.432338E-4
1.424000E-7	2.158267E-4
1.424500E-7	1.815678E-4
1.425000E-7	1.404571E-4
1.425500E-7	1.027723E-4
1.426000E-7	7.536516E-5
1.426500E-7	6.166160E-5
1.427000E-7	7.193927E-5
1.427500E-7	1.096241E-4
1.428000E-7	1.541606E-4
1.428500E-7	2.158267E-4
1.429000E-7	2.946221E-4
1.429500E-7	3.699917E-4
1.430000E-7	4.419354E-4
1.430500E-7	5.310085E-4
1.431000E-7	6.132299E-4
1.431500E-7	6.611924E-4
1.432000E-7	6.988772E-4
1.432500E-7	7.194325E-4
1.433000E-7	6.920254E-4
1.433500E-7	6.372111E-4
1.434000E-7	5.892487E-4
1.434500E-7	5.412862E-4
1.435000E-7	4.830461E-4
1.435500E-7	4.487872E-4
1.436000E-7	4.385095E-4
1.436500E-7	4.316577E-4
1.437000E-7	4.350836E-4
1.437500E-7	4.727684E-4
1.438000E-7	5.173050E-4
1.438500E-7	5.481380E-4
1.439000E-7	5.858228E-4
1.439500E-7	6.337852E-4
1.440000E-7	6.714700E-4
1.440500E-7	6.920254E-4
1.441000E-7	6.920254E-4
1.441500E-7	6.680441E-4
1.442000E-7	6.269335E-4
1.442500E-7	5.789710E-4
1.443000E-7	5.310085E-4
1.443500E-7	4.967496E-4
1.444000E-7	4.659166E-4
1.444500E-7	4.316577E-4
1.445000E-7	4.076765E-4
1.445500E-7	4.111024E-4
1.446000E-7	4.453613E-4
1.446500E-7	4.727684E-4
1.447000E-7	4.967496E-4
1.447500E-7	5.310085E-4
1.448000E-7	5.823969E-4
1.448500E-7	6.303594E-4
1.449000E-7	6.577665E-4
1.449500E-7	6.714700E-4
1.450000E-7	6.783218E-4
1.450500E-7	6.611924E-4
1.451000E-7	6.132299E-4
1.451500E-7	5.412862E-4
1.452000E-7	4.590649E-4
1.452500E-7	3.597140E-4
1.453000E-7	2.535114E-4
1.453500E-7	1.644383E-4
1.454000E-7	9.934639E-5
1.454500E-7	5.823571E-5
1.455000E-7	3.425448E-5
1.455500E-7	3.082859E-5
1.456000E-7	6.508749E-5
1.456500E-7	1.438830E-4
1.457000E-7	2.466597E-4
1.457500E-7	3.528623E-4
1.458000E-7	4.761943E-4
1.458500E-7	6.200817E-4
1.459000E-7	7.536914E-4
1.459500E-7	8.564681E-4
1.460000E-7	9.421154E-4
1.460500E-7	1.007207E-3
1.461000E-7	1.034614E-3
1.461500E-7	1.048318E-3
1.462000E-7	1.048318E-3
1.462500E-7	1.017485E-3
1.463000E-7	9.592448E-4
1.463500E-7	8.941529E-4
1.464000E-7	8.256351E-4
1.464500E-7	7.468396E-4
1.465000E-7	6.817477E-4
1.465500E-7	6.166558E-4
1.466000E-7	5.412862E-4
1.466500E-7	4.796202E-4
1.467000E-7	4.727684E-4
1.467500E-7	4.864720E-4
1.468000E-7	4.933238E-4
1.468500E-7	5.104532E-4
1.469000E-7	5.447121E-4
1.469500E-7	5.789710E-4
1.470000E-7	6.098040E-4
1.470500E-7	6.303594E-4
1.471000E-7	6.235076E-4
1.471500E-7	5.858228E-4
1.472000E-7	5.412862E-4
1.472500E-7	4.864720E-4
1.473000E-7	4.179542E-4
1.473500E-7	3.425846E-4
1.474000E-7	2.672150E-4
1.474500E-7	2.021231E-4
1.475000E-7	1.610124E-4
1.475500E-7	1.438830E-4
1.476000E-7	1.575865E-4
1.476500E-7	1.986972E-4
1.477000E-7	2.535114E-4
1.477500E-7	3.151775E-4
1.478000E-7	4.042506E-4
1.478500E-7	4.933238E-4
1.479000E-7	5.378603E-4
1.479500E-7	5.686933E-4
1.480000E-7	6.166558E-4
1.480500E-7	6.372111E-4
1.481000E-7	6.200817E-4
1.481500E-7	5.858228E-4
1.482000E-7	5.412862E-4
1.482500E-7	4.624907E-4
1.483000E-7	3.562881E-4
1.483500E-7	2.500856E-4
1.484000E-7	1.507347E-4
1.484500E-7	6.851338E-5
1.485000E-7	-3.430312E-6
1.485500E-7	-6.509633E-5
1.486000E-7	-1.062070E-4
1.486500E-7	-1.130588E-4
1.487000E-7	-8.907756E-5
1.487500E-7	-3.426332E-5
1.488000E-7	4.453215E-5
1.488500E-7	1.404571E-4
1.489000E-7	2.637891E-4
1.489500E-7	3.939729E-4
1.490000E-7	5.070273E-4
1.490500E-7	5.961005E-4
1.491000E-7	6.714700E-4
1.491500E-7	7.194325E-4
1.492000E-7	7.331361E-4
1.492500E-7	7.125807E-4
1.493000E-7	6.646183E-4
1.493500E-7	5.926746E-4
1.494000E-7	5.173050E-4
1.494500E-7	4.350836E-4
1.495000E-7	3.425846E-4
1.495500E-7	2.637891E-4
1.496000E-7	2.055490E-4
1.496500E-7	1.781419E-4
1.497000E-7	1.884195E-4
1.497500E-7	2.261043E-4
1.498000E-7	2.809186E-4
1.498500E-7	3.494364E-4
1.499000E-7	4.213801E-4
1.499500E-7	4.933238E-4
1.500000E-7	5.618416E-4
1.500500E-7	6.063781E-4
1.501000E-7	6.098040E-4
1.501500E-7	5.789710E-4
1.502000E-7	5.241568E-4
1.502500E-7	4.453613E-4
1.503000E-7	3.631399E-4
1.503500E-7	2.843445E-4
1.504000E-7	2.124008E-4
1.504500E-7	1.575865E-4
1.505000E-7	1.130500E-4
1.505500E-7	9.592050E-5
1.506000E-7	1.233276E-4
1.506500E-7	1.849936E-4
1.507000E-7	2.466597E-4
1.507500E-7	3.083257E-4
1.508000E-7	3.939729E-4
1.508500E-7	4.727684E-4
1.509000E-7	5.070273E-4
1.509500E-7	5.207309E-4
1.510000E-7	5.310085E-4
1.510500E-7	5.104532E-4
1.511000E-7	4.522131E-4
1.511500E-7	3.905470E-4
1.512000E-7	3.460105E-4
1.512500E-7	3.083257E-4
1.513000E-7	2.603632E-4
1.513500E-7	2.124008E-4
1.514000E-7	2.021231E-4
1.514500E-7	2.158267E-4
1.515000E-7	2.158267E-4
1.515500E-7	2.124008E-4
1.516000E-7	2.329561E-4
1.516500E-7	2.672150E-4
1.517000E-7	2.809186E-4
1.517500E-7	2.706409E-4
1.518000E-7	2.535114E-4
1.518500E-7	2.261043E-4
1.519000E-7	1.781419E-4
1.519500E-7	1.061982E-4
1.520000E-7	2.397681E-5
1.520500E-7	-5.481866E-5
1.521000E-7	-1.370400E-4
1.521500E-7	-2.261132E-4
1.522000E-7	-3.220381E-4
1.522500E-7	-4.179630E-4
1.523000E-7	-4.933326E-4
1.523500E-7	-5.310174E-4
1.524000E-7	-5.481468E-4
1.524500E-7	-5.549986E-4
1.525000E-7	-5.241656E-4
1.525500E-7	-4.590737E-4
1.526000E-7	-3.939818E-4
1.526500E-7	-3.220381E-4
1.527000E-7	-2.398167E-4
1.527500E-7	-1.712989E-4
1.528000E-7	-1.404659E-4
1.528500E-7	-1.233365E-4
1.529000E-7	-1.096329E-4
1.529500E-7	-1.130588E-4
1.530000E-7	-1.336141E-4
1.530500E-7	-1.678730E-4
1.531000E-7	-2.192614E-4
1.531500E-7	-2.740756E-4
1.532000E-7	-3.083345E-4
1.532500E-7	-3.220381E-4
1.533000E-7	-3.288899E-4
1.533500E-7	-3.357417E-4
1.534000E-7	-3.288899E-4
1.534500E-7	-3.049086E-4
1.535000E-7	-2.843533E-4
1.535500E-7	-2.672238E-4
1.536000E-7	-2.432426E-4
1.536500E-7	-2.124096E-4
1.537000E-7	-1.884284E-4
1.537500E-7	-1.781507E-4
1.538000E-7	-1.678730E-4
1.538500E-7	-1.473177E-4
1.539000E-7	-1.233365E-4
1.539500E-7	-1.164847E-4
1.540000E-7	-9.592934E-5
1.540500E-7	-5.139277E-5
1.541000E-7	-1.028209E-5
1.541500E-7	2.055092E-5
1.542000E-7	5.480982E-5
1.542500E-7	8.906872E-5
1.543000E-7	9.592050E-5
1.543500E-7	8.564283E-5
1.544000E-7	7.879105E-5
1.544500E-7	6.166160E-5
1.545000E-7	2.055092E-5
1.545500E-7	-3.083743E-5
1.546000E-7	-7.537400E-5
1.546500E-7	-1.164847E-4
1.547000E-7	-1.610213E-4
1.547500E-7	-1.952802E-4
1.548000E-7	-2.055578E-4
1.548500E-7	-1.987060E-4
1.549000E-7	-1.952802E-4
1.549500E-7	-1.815766E-4
1.550000E-7	-1.541695E-4
1.550500E-7	-1.404659E-4
1.551000E-7	-1.404659E-4
1.551500E-7	-1.438918E-4
1.552000E-7	-1.575954E-4
1.552500E-7	-1.815766E-4
1.553000E-7	-2.089837E-4
1.553500E-7	-2.466685E-4
1.554000E-7	-3.049086E-4
1.554500E-7	-3.562970E-4
1.555000E-7	-3.974077E-4
1.555500E-7	-4.385184E-4
1.556000E-7	-4.624996E-4
1.556500E-7	-4.727773E-4
1.557000E-7	-4.796290E-4
1.557500E-7	-4.864808E-4
1.558000E-7	-4.796290E-4
1.558500E-7	-4.796290E-4
1.559000E-7	-4.830549E-4
1.559500E-7	-4.762031E-4
1.560000E-7	-4.624996E-4
1.560500E-7	-4.556478E-4
1.561000E-7	-4.522219E-4
1.561500E-7	-4.487960E-4
1.562000E-7	-4.590737E-4
1.562500E-7	-4.796290E-4
1.563000E-7	-5.070362E-4
1.563500E-7	-5.310174E-4
1.564000E-7	-5.344433E-4
1.564500E-7	-5.378692E-4
1.565000E-7	-5.618504E-4
1.565500E-7	-5.926834E-4
1.566000E-7	-5.926834E-4
1.566500E-7	-5.755540E-4
1.567000E-7	-5.652763E-4
1.567500E-7	-5.412951E-4
1.568000E-7	-5.001844E-4
1.568500E-7	-4.659255E-4
1.569000E-7	-4.350925E-4
1.569500E-7	-3.905559E-4
1.570000E-7	-3.597229E-4
1.570500E-7	-3.528711E-4
1.571000E-7	-3.562970E-4
1.571500E-7	-3.425934E-4
1.572000E-7	-3.357417E-4
1.572500E-7	-3.425934E-4
1.573000E-7	-3.528711E-4
1.573500E-7	-3.597229E-4
1.574000E-7	-3.837041E-4
1.574500E-7	-4.076853E-4
1.575000E-7	-4.248148E-4
1.575500E-7	-4.350925E-4
1.576000E-7	-4.556478E-4
1.576500E-7	-4.864808E-4
1.577000E-7	-5.138879E-4
1.577500E-7	-5.241656E-4
1.578000E-7	-5.241656E-4
1.578500E-7	-5.344433E-4
1.579000E-7	-5.584245E-4
1.579500E-7	-5.618504E-4
1.580000E-7	-5.378692E-4
1.580500E-7	-4.967585E-4
1.581000E-7	-4.453701E-4
1.581500E-7	-3.768523E-4
1.582000E-7	-3.186122E-4
1.582500E-7	-2.672238E-4
1.583000E-7	-2.124096E-4
1.583500E-7	-1.712989E-4
1.584000E-7	-1.575954E-4
1.584500E-7	-1.610213E-4
1.585000E-7	-1.747248E-4
1.585500E-7	-2.124096E-4
1.586000E-7	-2.603721E-4
1.586500E-7	-3.049086E-4
1.587000E-7	-3.631488E-4
1.587500E-7	-4.213889E-4
1.588000E-7	-4.453701E-4
1.588500E-7	-4.556478E-4
1.589000E-7	-4.693514E-4
1.589500E-7	-4.693514E-4
1.590000E-7	-4.385184E-4
1.590500E-7	-4.042595E-4
1.591000E-7	-3.837041E-4
1.591500E-7	-3.665747E-4
1.592000E-7	-3.460193E-4
1.592500E-7	-3.254640E-4
1.593000E-7	-3.014828E-4
1.593500E-7	-2.809274E-4
1.594000E-7	-2.706497E-4
1.594500E-7	-2.672238E-4
1.595000E-7	-2.706497E-4
1.595500E-7	-2.877792E-4
1.596000E-7	-3.186122E-4
1.596500E-7	-3.562970E-4
1.597000E-7	-3.905559E-4
1.597500E-7	-4.248148E-4
1.598000E-7	-4.659255E-4
1.598500E-7	-5.070362E-4
1.599000E-7	-5.412951E-4
1.599500E-7	-5.584245E-4
1.600000E-7	-5.310174E-4
1.600500E-7	-4.624996E-4
1.601000E-7	-3.837041E-4
1.601500E-7	-2.946310E-4
1.602000E-7	-1.610213E-4
1.602500E-7	-3.430312E-6
1.603000E-7	1.096241E-4
1.603500E-7	1.849936E-4
1.604000E-7	2.500856E-4
1.604500E-7	2.706409E-4
1.605000E-7	2.261043E-4
1.605500E-7	1.507347E-4
1.606000E-7	6.508749E-5
1.606500E-7	-3.768921E-5
1.607000E-7	-1.473177E-4
1.607500E-7	-2.466685E-4
1.608000E-7	-3.220381E-4
1.608500E-7	-3.700006E-4
1.609000E-7	-3.802782E-4
1.609500E-7	-3.631488E-4
1.610000E-7	-3.323158E-4
1.610500E-7	-2.637980E-4
1.611000E-7	-1.712989E-4
1.611500E-7	-8.222578E-5
1.612000E-7	-3.430312E-6
1.612500E-7	7.536516E-5
1.613000E-7	1.336053E-4
1.613500E-7	1.610124E-4
1.614000E-7	1.815678E-4
1.614500E-7	1.849936E-4
1.615000E-7	1.575865E-4
1.615500E-7	1.199017E-4
1.616000E-7	8.906872E-5
1.616500E-7	4.110626E-5
1.617000E-7	-2.055976E-5
1.617500E-7	-7.194811E-5
1.618000E-7	-1.199106E-4
1.618500E-7	-1.747248E-4
1.619000E-7	-2.055578E-4
1.619500E-7	-2.021319E-4
1.620000E-7	-1.781507E-4
1.620500E-7	-1.404659E-4
1.621000E-7	-8.907756E-5
1.621500E-7	-2.741154E-5
1.622000E-7	4.795804E-5
1.622500E-7	1.301794E-4
1.623000E-7	1.884195E-4
1.623500E-7	2.295302E-4
1.624000E-7	2.535114E-4
1.624500E-7	2.398079E-4
1.625000E-7	1.884195E-4
1.625500E-7	1.267535E-4
1.626000E-7	4.795804E-5
1.626500E-7	-4.796688E-5
1.627000E-7	-1.301882E-4
1.627500E-7	-1.918543E-4
1.628000E-7	-2.398167E-4
1.628500E-7	-2.569462E-4
1.629000E-7	-2.329649E-4
1.629500E-7	-1.884284E-4
1.630000E-7	-1.301882E-4
1.630500E-7	-4.796688E-5
1.631000E-7	4.110626E-5
1.631500E-7	1.267535E-4
1.632000E-7	2.089749E-4
1.632500E-7	2.672150E-4
1.633000E-7	2.946221E-4
1.633500E-7	3.083257E-4
1.634000E-7	3.117516E-4
1.634500E-7	2.877703E-4
1.635000E-7	2.466597E-4
1.635500E-7	2.158267E-4
1.636000E-7	1.986972E-4
1.636500E-7	1.918454E-4
1.637000E-7	1.884195E-4
1.637500E-7	1.986972E-4
1.638000E-7	2.261043E-4
1.638500E-7	2.637891E-4
1.639000E-7	2.946221E-4
1.639500E-7	3.254551E-4
1.640000E-7	3.699917E-4
1.640500E-7	4.042506E-4
1.641000E-7	4.282318E-4
1.641500E-7	4.522131E-4
1.642000E-7	4.727684E-4
1.642500E-7	4.830461E-4
1.643000E-7	4.967496E-4
1.643500E-7	5.036014E-4
1.644000E-7	4.796202E-4
1.644500E-7	4.316577E-4
1.645000E-7	4.008247E-4
1.645500E-7	3.836953E-4
1.646000E-7	3.460105E-4
1.646500E-7	3.083257E-4
1.647000E-7	2.946221E-4
1.647500E-7	2.877703E-4
1.648000E-7	2.740668E-4
1.648500E-7	2.672150E-4
1.649000E-7	2.500856E-4
1.649500E-7	2.158267E-4
1.650000E-7	1.849936E-4
1.650500E-7	1.678642E-4
1.651000E-7	1.370312E-4
1.651500E-7	9.934639E-5
1.652000E-7	7.536516E-5
1.652500E-7	3.768037E-5
1.653000E-7	-1.370798E-5
1.653500E-7	-3.083743E-5
1.654000E-7	-1.370798E-5
1.654500E-7	-3.430312E-6
1.655000E-7	-4.421963E-9
1.655500E-7	1.712503E-5
1.656000E-7	3.082859E-5
1.656500E-7	3.082859E-5
1.657000E-7	3.082859E-5
1.657500E-7	2.397681E-5
1.658000E-7	6.847358E-6
1.658500E-7	-6.856202E-6
1.659000E-7	-1.028209E-5
1.659500E-7	-1.028209E-5
1.660000E-7	-4.421963E-9
1.660500E-7	2.740270E-5
1.661000E-7	6.508749E-5
1.661500E-7	9.249461E-5
1.662000E-7	1.199017E-4
1.662500E-7	1.541606E-4
1.663000E-7	1.815678E-4
1.663500E-7	1.712901E-4
1.664000E-7	1.438830E-4
1.664500E-7	1.130500E-4
1.665000E-7	5.480982E-5
1.665500E-7	-2.055976E-5
1.666000E-7	-7.194811E-5
1.666500E-7	-1.062070E-4
1.667000E-7	-1.438918E-4
1.667500E-7	-1.473177E-4
1.668000E-7	-1.027811E-4
1.668500E-7	-3.426332E-5
1.669000E-7	3.768037E-5
1.669500E-7	1.267535E-4
1.670000E-7	2.158267E-4
1.670500E-7	2.911962E-4
1.671000E-7	3.562881E-4
1.671500E-7	3.973988E-4
1.672000E-7	4.145283E-4
1.672500E-7	4.145283E-4
1.673000E-7	3.836953E-4
1.673500E-7	3.288810E-4
1.674000E-7	2.740668E-4
1.674500E-7	2.363820E-4
1.675000E-7	1.918454E-4
1.675500E-7	1.541606E-4
1.676000E-7	1.438830E-4
1.676500E-7	1.473089E-4
1.677000E-7	1.473089E-4
1.677500E-7	1.541606E-4
1.678000E-7	1.849936E-4
1.678500E-7	2.261043E-4
1.679000E-7	2.672150E-4
1.679500E-7	3.083257E-4
1.680000E-7	3.597140E-4
1.680500E-7	4.145283E-4
1.681000E-7	4.659166E-4
1.681500E-7	5.104532E-4
1.682000E-7	5.447121E-4
1.682500E-7	5.584157E-4
1.683000E-7	5.584157E-4
1.683500E-7	5.481380E-4
1.684000E-7	5.138791E-4
1.684500E-7	4.487872E-4
1.685000E-7	3.562881E-4
1.685500E-7	2.329561E-4
1.686000E-7	1.096241E-4
1.686500E-7	1.027325E-5
1.687000E-7	-8.222578E-5
1.687500E-7	-1.712989E-4
1.688000E-7	-2.226873E-4
1.688500E-7	-2.466685E-4
1.689000E-7	-2.466685E-4
1.689500E-7	-2.192614E-4
1.690000E-7	-1.644471E-4
1.690500E-7	-1.062070E-4
1.691000E-7	-5.481866E-5
1.691500E-7	-6.856202E-6
1.692000E-7	1.369914E-5
1.692500E-7	2.055092E-5
1.693000E-7	3.421468E-6
1.693500E-7	-4.796688E-5
1.694000E-7	-1.199106E-4
1.694500E-7	-1.850025E-4
1.695000E-7	-2.500944E-4
1.695500E-7	-3.220381E-4
1.696000E-7	-3.905559E-4
1.696500E-7	-4.316666E-4
1.697000E-7	-4.522219E-4
1.697500E-7	-4.419442E-4
1.698000E-7	-3.871300E-4
1.698500E-7	-2.912051E-4
1.699000E-7	-1.747248E-4
1.699500E-7	-5.824455E-5
1.700000E-7	5.138393E-5
1.700500E-7	1.610124E-4
1.701000E-7	2.569373E-4
1.701500E-7	3.288810E-4
1.702000E-7	3.905470E-4
1.702500E-7	4.350836E-4
1.703000E-7	4.556390E-4
1.703500E-7	4.693425E-4
1.704000E-7	4.830461E-4
1.704500E-7	4.864720E-4
1.705000E-7	4.933238E-4
1.705500E-7	5.173050E-4
1.706000E-7	5.378603E-4
1.706500E-7	5.447121E-4
1.707000E-7	5.721192E-4
1.707500E-7	6.098040E-4
1.708000E-7	6.269335E-4
1.708500E-7	6.235076E-4
1.709000E-7	6.063781E-4
1.709500E-7	5.652674E-4
1.710000E-7	4.967496E-4
1.710500E-7	4.179542E-4
1.711000E-7	3.220292E-4
1.711500E-7	2.192525E-4
1.712000E-7	1.199017E-4
1.712500E-7	2.740270E-5
1.713000E-7	-5.481866E-5
1.713500E-7	-1.267624E-4
1.714000E-7	-1.815766E-4
1.714500E-7	-2.158355E-4
1.715000E-7	-2.261132E-4
1.715500E-7	-2.021319E-4
1.716000E-7	-1.507436E-4
1.716500E-7	-8.907756E-5
1.717000E-7	-2.398565E-5
1.717500E-7	5.823571E-5
1.718000E-7	1.610124E-4
1.718500E-7	2.535114E-4
1.719000E-7	3.357328E-4
1.719500E-7	4.213801E-4
1.720000E-7	4.898979E-4
1.720500E-7	5.344344E-4
1.721000E-7	5.618416E-4
1.721500E-7	5.789710E-4
1.722000E-7	5.823969E-4
1.722500E-7	5.721192E-4
1.723000E-7	5.447121E-4
1.723500E-7	4.967496E-4
1.724000E-7	4.316577E-4
1.724500E-7	3.562881E-4
1.725000E-7	2.740668E-4
1.725500E-7	1.952713E-4
1.726000E-7	1.267535E-4
1.726500E-7	5.823571E-5
1.727000E-7	-3.430312E-6
1.727500E-7	-4.796688E-5
1.728000E-7	-7.194811E-5
1.728500E-7	-5.824455E-5
1.729000E-7	-1.713387E-5
1.729500E-7	2.397681E-5
1.730000E-7	7.536516E-5
1.730500E-7	1.370312E-4
1.731000E-7	1.952713E-4
1.731500E-7	2.226784E-4
1.732000E-7	2.363820E-4
1.732500E-7	2.398079E-4
1.733000E-7	2.363820E-4
1.733500E-7	2.261043E-4
1.734000E-7	2.089749E-4
1.734500E-7	1.781419E-4
1.735000E-7	1.541606E-4
1.735500E-7	1.336053E-4
1.736000E-7	1.027723E-4
1.736500E-7	6.851338E-5
1.737000E-7	3.768037E-5
1.737500E-7	-4.421963E-9
1.738000E-7	-3.768921E-5
1.738500E-7	-6.509633E-5
1.739000E-7	-9.592934E-5
1.739500E-7	-1.473177E-4
1.740000E-7	-1.918543E-4
1.740500E-7	-2.089837E-4
1.741000E-7	-2.021319E-4
1.741500E-7	-1.987060E-4
1.742000E-7	-1.918543E-4
1.742500E-7	-1.712989E-4
1.743000E-7	-1.370400E-4
1.743500E-7	-1.096329E-4
1.744000E-7	-8.222578E-5
1.744500E-7	-6.167044E-5
1.745000E-7	-5.824455E-5
1.745500E-7	-6.852222E-5
1.746000E-7	-9.250345E-5
1.746500E-7	-1.164847E-4
1.747000E-7	-1.438918E-4
1.747500E-7	-1.781507E-4
1.748000E-7	-2.226873E-4
1.748500E-7	-2.740756E-4
1.749000E-7	-3.186122E-4
1.749500E-7	-3.425934E-4
1.750000E-7	-3.528711E-4
1.750500E-7	-3.528711E-4
1.751000E-7	-3.323158E-4
1.751500E-7	-3.083345E-4
1.752000E-7	-2.912051E-4
1.752500E-7	-2.672238E-4
1.753000E-7	-2.432426E-4
1.753500E-7	-2.295391E-4
1.754000E-7	-2.329649E-4
1.754500E-7	-2.398167E-4
1.755000E-7	-2.535203E-4
1.755500E-7	-2.740756E-4
1.756000E-7	-3.083345E-4
1.756500E-7	-3.528711E-4
1.757000E-7	-4.076853E-4
1.757500E-7	-4.590737E-4
1.758000E-7	-4.933326E-4
1.758500E-7	-5.207397E-4
1.759000E-7	-5.481468E-4
1.759500E-7	-5.721281E-4
1.760000E-7	-5.755540E-4
1.760500E-7	-5.584245E-4
1.761000E-7	-5.241656E-4
1.761500E-7	-4.762031E-4
1.762000E-7	-4.385184E-4
1.762500E-7	-4.179630E-4
1.763000E-7	-3.871300E-4
1.763500E-7	-3.425934E-4
1.764000E-7	-3.117604E-4
1.764500E-7	-2.980569E-4
1.765000E-7	-2.877792E-4
1.765500E-7	-2.843533E-4
1.766000E-7	-2.877792E-4
1.766500E-7	-2.775015E-4
1.767000E-7	-2.843533E-4
1.767500E-7	-3.083345E-4
1.768000E-7	-3.151863E-4
1.768500E-7	-2.912051E-4
1.769000E-7	-2.775015E-4
1.769500E-7	-2.740756E-4
1.770000E-7	-2.603721E-4
1.770500E-7	-2.398167E-4
1.771000E-7	-2.226873E-4
1.771500E-7	-2.124096E-4
1.772000E-7	-2.158355E-4
1.772500E-7	-2.466685E-4
1.773000E-7	-3.014828E-4
1.773500E-7	-3.631488E-4
1.774000E-7	-4.042595E-4
1.774500E-7	-4.350925E-4
1.775000E-7	-4.933326E-4
1.775500E-7	-5.549986E-4
1.776000E-7	-5.824057E-4
1.776500E-7	-5.687022E-4
1.777000E-7	-5.515727E-4
1.777500E-7	-5.275915E-4
1.778000E-7	-4.830549E-4
1.778500E-7	-4.385184E-4
1.779000E-7	-4.008336E-4
1.779500E-7	-3.631488E-4
1.780000E-7	-3.391675E-4
1.780500E-7	-3.391675E-4
1.781000E-7	-3.597229E-4
1.781500E-7	-3.974077E-4
1.782000E-7	-4.487960E-4
1.782500E-7	-5.070362E-4
1.783000E-7	-5.584245E-4
1.783500E-7	-6.029611E-4
1.784000E-7	-6.269423E-4
1.784500E-7	-6.303682E-4
1.785000E-7	-6.132387E-4
1.785500E-7	-5.687022E-4
1.786000E-7	-5.001844E-4
1.786500E-7	-4.282407E-4
1.787000E-7	-3.425934E-4
1.787500E-7	-2.363908E-4
1.788000E-7	-1.370400E-4
1.788500E-7	-7.194811E-5
1.789000E-7	-3.768921E-5
1.789500E-7	-4.421963E-9
1.790000E-7	3.082859E-5
1.790500E-7	3.425448E-5
1.791000E-7	2.055092E-5
1.791500E-7	1.369914E-5
1.792000E-7	1.369914E-5
1.792500E-7	3.421468E-6
1.793000E-7	-6.856202E-6
1.793500E-7	-1.370798E-5
1.794000E-7	-1.713387E-5
1.794500E-7	-2.398565E-5
1.795000E-7	-4.454099E-5
1.795500E-7	-6.167044E-5
1.796000E-7	-7.194811E-5
1.796500E-7	-9.935523E-5
1.797000E-7	-1.507436E-4
1.797500E-7	-1.987060E-4
1.798000E-7	-2.226873E-4
1.798500E-7	-2.432426E-4
1.799000E-7	-2.775015E-4
1.799500E-7	-3.254640E-4
1.800000E-7	-3.665747E-4
1.800500E-7	-3.768523E-4
1.801000E-7	-3.665747E-4
1.801500E-7	-3.631488E-4
1.802000E-7	-3.562970E-4
1.802500E-7	-3.357417E-4
1.803000E-7	-3.254640E-4
1.803500E-7	-3.254640E-4
1.804000E-7	-2.980569E-4
1.804500E-7	-2.672238E-4
1.805000E-7	-2.877792E-4
1.805500E-7	-3.357417E-4
1.806000E-7	-3.734264E-4
1.806500E-7	-4.076853E-4
1.807000E-7	-4.556478E-4
1.807500E-7	-4.864808E-4
1.808000E-7	-4.967585E-4
1.808500E-7	-5.036103E-4
1.809000E-7	-4.899067E-4
1.809500E-7	-4.453701E-4
1.810000E-7	-3.837041E-4
1.810500E-7	-3.254640E-4
1.811000E-7	-2.809274E-4
1.811500E-7	-2.363908E-4
1.812000E-7	-1.850025E-4
1.812500E-7	-1.473177E-4
1.813000E-7	-1.404659E-4
1.813500E-7	-1.610213E-4
1.814000E-7	-1.815766E-4
1.814500E-7	-2.089837E-4
1.815000E-7	-2.466685E-4
1.815500E-7	-2.877792E-4
1.816000E-7	-3.083345E-4
1.816500E-7	-3.186122E-4
1.817000E-7	-3.186122E-4
1.817500E-7	-3.049086E-4
1.818000E-7	-2.775015E-4
1.818500E-7	-2.500944E-4
1.819000E-7	-2.363908E-4
1.819500E-7	-2.226873E-4
1.820000E-7	-1.952802E-4
1.820500E-7	-1.815766E-4
1.821000E-7	-2.021319E-4
1.821500E-7	-2.398167E-4
1.822000E-7	-2.775015E-4
1.822500E-7	-3.151863E-4
1.823000E-7	-3.631488E-4
1.823500E-7	-4.042595E-4
1.824000E-7	-4.350925E-4
1.824500E-7	-4.487960E-4
1.825000E-7	-4.453701E-4
1.825500E-7	-4.385184E-4
1.826000E-7	-4.316666E-4
1.826500E-7	-4.179630E-4
1.827000E-7	-3.700006E-4
1.827500E-7	-3.117604E-4
1.828000E-7	-2.740756E-4
1.828500E-7	-2.432426E-4
1.829000E-7	-2.158355E-4
1.829500E-7	-2.055578E-4
1.830000E-7	-2.124096E-4
1.830500E-7	-2.158355E-4
1.831000E-7	-2.295391E-4
1.831500E-7	-2.706497E-4
1.832000E-7	-3.083345E-4
1.832500E-7	-3.220381E-4
1.833000E-7	-3.425934E-4
1.833500E-7	-3.631488E-4
1.834000E-7	-3.665747E-4
1.834500E-7	-3.597229E-4
1.835000E-7	-3.460193E-4
1.835500E-7	-3.288899E-4
1.836000E-7	-3.117604E-4
1.836500E-7	-3.049086E-4
1.837000E-7	-3.049086E-4
1.837500E-7	-2.980569E-4
1.838000E-7	-2.946310E-4
1.838500E-7	-2.740756E-4
1.839000E-7	-2.500944E-4
1.839500E-7	-2.363908E-4
1.840000E-7	-2.226873E-4
1.840500E-7	-1.884284E-4
1.841000E-7	-1.541695E-4
1.841500E-7	-1.267624E-4
1.842000E-7	-1.027811E-4
1.842500E-7	-6.852222E-5
1.843000E-7	-4.796688E-5
1.843500E-7	-4.796688E-5
1.844000E-7	-5.824455E-5
1.844500E-7	-8.565167E-5
1.845000E-7	-1.336141E-4
1.845500E-7	-1.850025E-4
1.846000E-7	-2.226873E-4
1.846500E-7	-2.466685E-4
1.847000E-7	-2.706497E-4
1.847500E-7	-2.912051E-4
1.848000E-7	-3.049086E-4
1.848500E-7	-2.980569E-4
1.849000E-7	-2.775015E-4
1.849500E-7	-2.535203E-4
1.850000E-7	-2.192614E-4
1.850500E-7	-1.815766E-4
1.851000E-7	-1.370400E-4
1.851500E-7	-9.250345E-5
1.852000E-7	-4.111510E-5
1.852500E-7	1.369914E-5
1.853000E-7	5.823571E-5
1.853500E-7	7.193927E-5
1.854000E-7	7.193927E-5
1.854500E-7	6.508749E-5
1.855000E-7	4.453215E-5
1.855500E-7	-4.421963E-9
1.856000E-7	-5.139277E-5
1.856500E-7	-9.935523E-5
1.857000E-7	-1.507436E-4
1.857500E-7	-1.987060E-4
1.858000E-7	-2.329649E-4
1.858500E-7	-2.535203E-4
1.859000E-7	-2.569462E-4
1.859500E-7	-2.363908E-4
1.860000E-7	-1.987060E-4
1.860500E-7	-1.507436E-4
1.861000E-7	-9.592934E-5
1.861500E-7	-5.139277E-5
1.862000E-7	-1.370798E-5
1.862500E-7	1.712503E-5
1.863000E-7	4.110626E-5
1.863500E-7	5.138393E-5
1.864000E-7	5.823571E-5
1.864500E-7	6.508749E-5
1.865000E-7	8.564283E-5
1.865500E-7	1.199017E-4
1.866000E-7	1.678642E-4
1.866500E-7	2.192525E-4
1.867000E-7	2.603632E-4
1.867500E-7	3.083257E-4
1.868000E-7	3.631399E-4
1.868500E-7	3.939729E-4
1.869000E-7	3.939729E-4
1.869500E-7	3.836953E-4
1.870000E-7	3.562881E-4
1.870500E-7	2.911962E-4
1.871000E-7	2.089749E-4
1.871500E-7	1.301794E-4
1.872000E-7	6.508749E-5
1.872500E-7	1.027325E-5
1.873000E-7	-2.398565E-5
1.873500E-7	-4.111510E-5
1.874000E-7	-3.768921E-5
1.874500E-7	-2.055976E-5
1.875000E-7	-4.421963E-9
1.875500E-7	6.847358E-6
1.876000E-7	3.421468E-6
1.876500E-7	-6.856202E-6
1.877000E-7	-3.426332E-5
1.877500E-7	-7.879989E-5
1.878000E-7	-1.301882E-4
1.878500E-7	-1.815766E-4
1.879000E-7	-2.261132E-4
1.879500E-7	-2.466685E-4
1.880000E-7	-2.363908E-4
1.880500E-7	-2.055578E-4
1.881000E-7	-1.541695E-4
1.881500E-7	-8.222578E-5
1.882000E-7	-4.421963E-9
1.882500E-7	8.221694E-5
1.883000E-7	1.678642E-4
1.883500E-7	2.432338E-4
1.884000E-7	2.946221E-4
1.884500E-7	3.186034E-4
1.885000E-7	3.151775E-4
1.885500E-7	3.048998E-4
1.886000E-7	2.843445E-4
1.886500E-7	2.500856E-4
1.887000E-7	2.124008E-4
1.887500E-7	1.781419E-4
1.888000E-7	1.370312E-4
1.888500E-7	9.249461E-5
1.889000E-7	6.508749E-5
1.889500E-7	4.795804E-5
1.890000E-7	4.453215E-5
1.890500E-7	5.823571E-5
1.891000E-7	8.564283E-5
1.891500E-7	1.233276E-4
1.892000E-7	1.747160E-4
1.892500E-7	2.295302E-4
1.893000E-7	2.809186E-4
1.893500E-7	3.254551E-4
1.894000E-7	3.734176E-4
1.894500E-7	4.111024E-4
1.895000E-7	4.350836E-4
1.895500E-7	4.419354E-4
1.896000E-7	4.145283E-4
1.896500E-7	3.699917E-4
1.897000E-7	3.323069E-4
1.897500E-7	2.980480E-4
1.898000E-7	2.569373E-4
1.898500E-7	2.261043E-4
1.899000E-7	2.192525E-4
1.899500E-7	2.226784E-4
1.900000E-7	2.363820E-4
1.900500E-7	2.500856E-4
1.901000E-7	2.535114E-4
1.901500E-7	2.535114E-4
1.902000E-7	2.672150E-4
1.902500E-7	2.637891E-4
1.903000E-7	2.329561E-4
1.903500E-7	1.952713E-4
1.904000E-7	1.473089E-4
1.904500E-7	9.249461E-5
1.905000E-7	5.138393E-5
1.905500E-7	2.397681E-5
1.906000E-7	-4.421963E-9
1.906500E-7	-4.421963E-9
1.907000E-7	3.768037E-5
1.907500E-7	9.249461E-5
1.908000E-7	1.541606E-4
1.908500E-7	2.295302E-4
1.909000E-7	3.048998E-4
1.909500E-7	3.562881E-4
1.910000E-7	3.871212E-4
1.910500E-7	4.008247E-4
1.911000E-7	3.939729E-4
1.911500E-7	3.768435E-4
1.912000E-7	3.665658E-4
1.912500E-7	3.323069E-4
1.913000E-7	2.774927E-4
1.913500E-7	2.432338E-4
1.914000E-7	2.466597E-4
1.914500E-7	2.603632E-4
1.915000E-7	2.740668E-4
1.915500E-7	3.117516E-4
1.916000E-7	3.665658E-4
1.916500E-7	4.008247E-4
1.917000E-7	4.179542E-4
1.917500E-7	4.282318E-4
1.918000E-7	4.282318E-4
1.918500E-7	3.905470E-4
1.919000E-7	3.425846E-4
1.919500E-7	3.048998E-4
1.920000E-7	2.740668E-4
1.920500E-7	2.569373E-4
1.921000E-7	2.432338E-4
1.921500E-7	2.363820E-4
1.922000E-7	2.432338E-4
1.922500E-7	2.809186E-4
1.923000E-7	3.323069E-4
1.923500E-7	3.836953E-4
1.924000E-7	4.248060E-4
1.924500E-7	4.659166E-4
1.925000E-7	4.864720E-4
1.925500E-7	4.933238E-4
1.926000E-7	4.830461E-4
1.926500E-7	4.590649E-4
1.927000E-7	4.248060E-4
1.927500E-7	3.939729E-4
1.928000E-7	3.562881E-4
1.928500E-7	3.083257E-4
1.929000E-7	2.706409E-4
1.929500E-7	2.569373E-4
1.930000E-7	2.569373E-4
1.930500E-7	2.535114E-4
1.931000E-7	2.637891E-4
1.931500E-7	2.911962E-4
1.932000E-7	3.220292E-4
1.932500E-7	3.323069E-4
1.933000E-7	3.425846E-4
1.933500E-7	3.597140E-4
1.934000E-7	3.631399E-4
1.934500E-7	3.460105E-4
1.935000E-7	3.186034E-4
1.935500E-7	2.809186E-4
1.936000E-7	2.398079E-4
1.936500E-7	1.952713E-4
1.937000E-7	1.370312E-4
1.937500E-7	8.906872E-5
1.938000E-7	6.508749E-5
1.938500E-7	6.166160E-5
1.939000E-7	6.166160E-5
1.939500E-7	8.564283E-5
1.940000E-7	1.096241E-4
1.940500E-7	1.164758E-4
1.941000E-7	1.199017E-4
1.941500E-7	1.438830E-4
1.942000E-7	1.473089E-4
1.942500E-7	1.164758E-4
1.943000E-7	8.564283E-5
1.943500E-7	6.851338E-5
1.944000E-7	3.425448E-5
1.944500E-7	-6.856202E-6
1.945000E-7	-3.768921E-5
1.945500E-7	-6.167044E-5
1.946000E-7	-7.194811E-5
1.946500E-7	-5.139277E-5
1.947000E-7	-4.421963E-9
1.947500E-7	6.851338E-5
1.948000E-7	1.644383E-4
1.948500E-7	2.774927E-4
1.949000E-7	3.768435E-4
1.949500E-7	4.556390E-4
1.950000E-7	5.241568E-4
1.950500E-7	5.652674E-4
1.951000E-7	5.549898E-4
1.951500E-7	5.036014E-4
1.952000E-7	4.350836E-4
1.952500E-7	3.357328E-4
1.953000E-7	2.055490E-4
1.953500E-7	7.879105E-5
1.954000E-7	-4.111510E-5
1.954500E-7	-1.507436E-4
1.955000E-7	-2.158355E-4
1.955500E-7	-2.226873E-4
1.956000E-7	-2.124096E-4
1.956500E-7	-1.815766E-4
1.957000E-7	-1.027811E-4
1.957500E-7	-4.421963E-9
1.958000E-7	8.221694E-5
1.958500E-7	1.507347E-4
1.959000E-7	2.158267E-4
1.959500E-7	2.706409E-4
1.960000E-7	3.014739E-4
1.960500E-7	3.048998E-4
1.961000E-7	2.706409E-4
1.961500E-7	2.192525E-4
1.962000E-7	1.712901E-4
1.962500E-7	1.301794E-4
1.963000E-7	7.536516E-5
1.963500E-7	2.055092E-5
1.964000E-7	-1.370798E-5
1.964500E-7	-2.398565E-5
1.965000E-7	-2.741154E-5
1.965500E-7	-3.083743E-5
1.966000E-7	-1.028209E-5
1.966500E-7	2.397681E-5
1.967000E-7	6.851338E-5
1.967500E-7	1.267535E-4
1.968000E-7	1.781419E-4
1.968500E-7	2.124008E-4
1.969000E-7	2.363820E-4
1.969500E-7	2.569373E-4
1.970000E-7	2.672150E-4
1.970500E-7	2.432338E-4
1.971000E-7	1.918454E-4
1.971500E-7	1.199017E-4
1.972000E-7	4.110626E-5
1.972500E-7	-3.768921E-5
1.973000E-7	-1.199106E-4
1.973500E-7	-2.089837E-4
1.974000E-7	-2.877792E-4
1.974500E-7	-3.460193E-4
1.975000E-7	-3.939818E-4
1.975500E-7	-4.316666E-4
1.976000E-7	-4.385184E-4
1.976500E-7	-4.248148E-4
1.977000E-7	-4.076853E-4
1.977500E-7	-3.768523E-4
1.978000E-7	-3.288899E-4
1.978500E-7	-2.706497E-4
1.979000E-7	-2.192614E-4
1.979500E-7	-1.815766E-4
1.980000E-7	-1.678730E-4
1.980500E-7	-1.644471E-4
1.981000E-7	-1.541695E-4
1.981500E-7	-1.575954E-4
1.982000E-7	-1.850025E-4
1.982500E-7	-1.987060E-4
1.983000E-7	-2.021319E-4
1.983500E-7	-2.363908E-4
1.984000E-7	-2.740756E-4
1.984500E-7	-2.637980E-4
1.985000E-7	-2.569462E-4
1.985500E-7	-2.912051E-4
1.986000E-7	-2.912051E-4
1.986500E-7	-2.363908E-4
1.987000E-7	-1.918543E-4
1.987500E-7	-1.678730E-4
1.988000E-7	-1.164847E-4
1.988500E-7	-5.481866E-5
1.989000E-7	-3.430312E-6
1.989500E-7	5.138393E-5
1.990000E-7	9.934639E-5
1.990500E-7	1.233276E-4
1.991000E-7	1.301794E-4
1.991500E-7	1.164758E-4
1.992000E-7	6.166160E-5
1.992500E-7	3.421468E-6
1.993000E-7	-4.796688E-5
1.993500E-7	-1.130588E-4
1.994000E-7	-1.884284E-4
1.994500E-7	-2.466685E-4
1.995000E-7	-2.877792E-4
1.995500E-7	-2.843533E-4
1.996000E-7	-2.192614E-4
1.996500E-7	-1.336141E-4
1.997000E-7	-6.852222E-5
1.997500E-7	6.847358E-6
1.998000E-7	9.592050E-5
1.998500E-7	1.747160E-4
1.999000E-7	2.398079E-4
1.999500E-7	2.774927E-4
2.000000E-7	2.672150E-4
