Study Name	PremaTech_CVD_SiC_2
Sample Name	2024-11-14-Tru2
Run Name	spot03
Operator	Keshav
Date	11/14/2024
Time	18:50
Sign	NEG
Grating Spacing	06.40um
Channel	3
Number Traces	10000
Files in Batch	1
Batch Number	10
dt	100.000001E-12
time stamp (ms)	7:00:20 PM
	
Time	Amplitude
0.000000E+0	-3.323148E-4
1.000000E-10	-5.618501E-4
2.000000E-10	-7.845336E-4
3.000000E-10	-9.232826E-4
4.000000E-10	-8.958754E-4
5.000000E-10	-7.297192E-4
6.000000E-10	-4.967580E-4
7.000000E-10	-2.860652E-4
8.000000E-10	-1.353256E-4
9.000000E-10	-8.565002E-5
1.000000E-9	-1.216220E-4
1.100000E-9	-1.901400E-4
1.200000E-9	-2.706486E-4
1.300000E-9	-3.734256E-4
1.400000E-9	-4.813415E-4
1.500000E-9	-6.166645E-4
1.600000E-9	-7.143027E-4
1.700000E-9	-7.451358E-4
1.800000E-9	-6.988861E-4
1.900000E-9	-5.995350E-4
2.000000E-9	-4.950451E-4
2.100000E-9	-4.196753E-4
2.200000E-9	-4.111105E-4
2.300000E-9	-4.693508E-4
2.400000E-9	-5.361559E-4
2.500000E-9	-5.738408E-4
2.600000E-9	-5.412947E-4
2.700000E-9	-4.933321E-4
2.800000E-9	-4.231012E-4
2.900000E-9	-3.494443E-4
3.000000E-9	-2.912040E-4
3.100000E-9	-2.860652E-4
3.200000E-9	-3.425925E-4
3.300000E-9	-4.145364E-4
3.400000E-9	-5.018969E-4
3.500000E-9	-5.310170E-4
3.600000E-9	-5.310170E-4
3.700000E-9	-4.933321E-4
3.800000E-9	-4.796285E-4
3.900000E-9	-4.299530E-4
4.000000E-9	-4.059717E-4
4.100000E-9	-3.819904E-4
4.200000E-9	-3.494443E-4
4.300000E-9	-2.809263E-4
4.400000E-9	-2.089824E-4
4.500000E-9	-1.969918E-4
4.600000E-9	-2.843522E-4
4.700000E-9	-4.282400E-4
4.800000E-9	-6.063868E-4
4.900000E-9	-7.434228E-4
5.000000E-9	-8.085149E-4
5.100000E-9	-7.708300E-4
5.200000E-9	-7.005991E-4
5.300000E-9	-6.183775E-4
5.400000E-9	-5.378688E-4
5.500000E-9	-4.333789E-4
5.600000E-9	-3.254630E-4
5.700000E-9	-2.329637E-4
5.800000E-9	-2.072695E-4
5.900000E-9	-2.072695E-4
6.000000E-9	-2.483803E-4
6.100000E-9	-2.757875E-4
6.200000E-9	-2.809263E-4
6.300000E-9	-2.586580E-4
6.400000E-9	-2.466673E-4
6.500000E-9	-2.997688E-4
6.600000E-9	-4.111105E-4
6.700000E-9	-5.515724E-4
6.800000E-9	-6.714789E-4
6.900000E-9	-7.125897E-4
7.000000E-9	-6.731919E-4
7.100000E-9	-5.549983E-4
7.200000E-9	-4.419436E-4
7.300000E-9	-3.614350E-4
7.400000E-9	-3.391666E-4
7.500000E-9	-3.528702E-4
7.600000E-9	-3.682868E-4
7.700000E-9	-3.562961E-4
7.800000E-9	-3.203242E-4
7.900000E-9	-2.706486E-4
8.000000E-9	-2.124083E-4
8.100000E-9	-1.798623E-4
8.200000E-9	-1.627328E-4
8.300000E-9	-1.507421E-4
8.400000E-9	-1.935659E-4
8.500000E-9	-2.466673E-4
8.600000E-9	-3.425925E-4
8.700000E-9	-4.419436E-4
8.800000E-9	-5.138875E-4
8.900000E-9	-5.601372E-4
9.000000E-9	-6.029609E-4
9.100000E-9	-6.115257E-4
9.200000E-9	-6.063868E-4
9.300000E-9	-6.235163E-4
9.400000E-9	-6.577753E-4
9.500000E-9	-5.961091E-4
9.600000E-9	-5.447206E-4
9.700000E-9	-4.710638E-4
9.800000E-9	-4.162494E-4
9.900000E-9	-4.145364E-4
1.000000E-8	-4.676379E-4
1.010000E-8	-5.207393E-4
1.020000E-8	-5.378688E-4
1.030000E-8	-4.984710E-4
1.040000E-8	-4.419436E-4
1.050000E-8	-3.665738E-4
1.060000E-8	-3.083335E-4
1.070000E-8	-2.894911E-4
1.080000E-8	-3.083335E-4
1.090000E-8	-3.066206E-4
1.100000E-8	-3.066206E-4
1.110000E-8	-2.894911E-4
1.120000E-8	-3.443055E-4
1.130000E-8	-4.248141E-4
1.140000E-8	-5.378688E-4
1.150000E-8	-6.080998E-4
1.160000E-8	-5.926832E-4
1.170000E-8	-5.138875E-4
1.180000E-8	-3.871292E-4
1.190000E-8	-2.415285E-4
1.200000E-8	-1.987047E-4
1.210000E-8	-2.723616E-4
1.220000E-8	-4.590731E-4
1.230000E-8	-6.406458E-4
1.240000E-8	-7.776818E-4
1.250000E-8	-8.153667E-4
1.260000E-8	-7.896725E-4
1.270000E-8	-7.074509E-4
1.280000E-8	-6.063868E-4
1.290000E-8	-5.001839E-4
1.300000E-8	-4.470825E-4
1.310000E-8	-3.854163E-4
1.320000E-8	-4.025458E-4
1.330000E-8	-4.607861E-4
1.340000E-8	-5.618501E-4
1.350000E-8	-6.646271E-4
1.360000E-8	-7.879595E-4
1.370000E-8	-8.102279E-4
1.380000E-8	-7.571264E-4
1.390000E-8	-6.235163E-4
1.400000E-8	-4.881933E-4
1.410000E-8	-3.203242E-4
1.420000E-8	-2.055565E-4
1.430000E-8	-9.250182E-5
1.440000E-8	-6.166871E-5
1.450000E-8	-5.824281E-5
1.460000E-8	-1.130572E-4
1.470000E-8	-1.901400E-4
1.480000E-8	-2.792134E-4
1.490000E-8	-3.562961E-4
1.500000E-8	-4.333789E-4
1.510000E-8	-4.539343E-4
1.520000E-8	-4.539343E-4
1.530000E-8	-4.231012E-4
1.540000E-8	-4.076846E-4
1.550000E-8	-4.008328E-4
1.560000E-8	-4.008328E-4
1.570000E-8	-4.196753E-4
1.580000E-8	-4.573602E-4
1.590000E-8	-5.275911E-4
1.600000E-8	-5.789796E-4
1.610000E-8	-6.218034E-4
1.620000E-8	-6.868955E-4
1.630000E-8	-7.365710E-4
1.640000E-8	-7.040250E-4
1.650000E-8	-5.687019E-4
1.660000E-8	-3.785645E-4
1.670000E-8	-1.884270E-4
1.680000E-8	-5.652986E-5
1.690000E-8	-4.111331E-5
1.700000E-8	-1.147702E-4
1.710000E-8	-2.929170E-4
1.720000E-8	-4.864803E-4
1.730000E-8	-6.132386E-4
1.740000E-8	-6.646271E-4
1.750000E-8	-6.543494E-4
1.760000E-8	-5.601372E-4
1.770000E-8	-4.693508E-4
1.780000E-8	-3.340278E-4
1.790000E-8	-2.141213E-4
1.800000E-8	-1.610198E-4
1.810000E-8	-1.421774E-4
1.820000E-8	-1.747234E-4
1.830000E-8	-2.295378E-4
1.840000E-8	-3.254630E-4
1.850000E-8	-3.974069E-4
1.860000E-8	-4.762026E-4
1.870000E-8	-5.121746E-4
1.880000E-8	-5.395818E-4
1.890000E-8	-5.738408E-4
1.900000E-8	-5.755537E-4
1.910000E-8	-5.978221E-4
1.920000E-8	-6.629142E-4
1.930000E-8	-8.239315E-4
1.940000E-8	-1.228188E-3
1.950000E-8	-2.134338E-3
1.960000E-8	-3.926084E-3
1.970000E-8	-6.958006E-3
1.980000E-8	-1.135686E-2
1.990000E-8	-1.673895E-2
2.000000E-8	-2.228206E-2
2.010000E-8	-2.696698E-2
2.020000E-8	-2.993552E-2
2.030000E-8	-3.085708E-2
2.040000E-8	-2.986529E-2
2.050000E-8	-2.748086E-2
2.060000E-8	-2.445236E-2
2.070000E-8	-2.157803E-2
2.080000E-8	-1.934777E-2
2.090000E-8	-1.786778E-2
2.100000E-8	-1.687941E-2
2.110000E-8	-1.610173E-2
2.120000E-8	-1.530350E-2
2.130000E-8	-1.439050E-2
2.140000E-8	-1.335245E-2
2.150000E-8	-1.225959E-2
2.160000E-8	-1.117871E-2
2.170000E-8	-1.014923E-2
2.180000E-8	-9.291044E-3
2.190000E-8	-8.679520E-3
2.200000E-8	-8.335217E-3
2.210000E-8	-8.251283E-3
2.220000E-8	-8.271838E-3
2.230000E-8	-8.189617E-3
2.240000E-8	-7.855591E-3
2.250000E-8	-7.274901E-3
2.260000E-8	-6.572592E-3
2.270000E-8	-5.904541E-3
2.280000E-8	-5.488294E-3
2.290000E-8	-5.414638E-3
2.300000E-8	-5.630469E-3
2.310000E-8	-5.904541E-3
2.320000E-8	-6.075836E-3
2.330000E-8	-6.050142E-3
2.340000E-8	-5.726395E-3
2.350000E-8	-5.234778E-3
2.360000E-8	-4.715754E-3
2.370000E-8	-4.306359E-3
2.380000E-8	-4.095666E-3
2.390000E-8	-4.114509E-3
2.400000E-8	-4.316637E-3
2.410000E-8	-4.585570E-3
2.420000E-8	-4.803114E-3
2.430000E-8	-4.799689E-3
2.440000E-8	-4.587283E-3
2.450000E-8	-4.181314E-3
2.460000E-8	-3.730808E-3
2.470000E-8	-3.367662E-3
2.480000E-8	-3.227200E-3
2.490000E-8	-3.369375E-3
2.500000E-8	-3.686271E-3
2.510000E-8	-4.059694E-3
2.520000E-8	-4.297794E-3
2.530000E-8	-4.316637E-3
2.540000E-8	-4.104231E-3
2.550000E-8	-3.725669E-3
2.560000E-8	-3.367662E-3
2.570000E-8	-3.156969E-3
2.580000E-8	-3.155257E-3
2.590000E-8	-3.321413E-3
2.600000E-8	-3.580068E-3
2.610000E-8	-3.761641E-3
2.620000E-8	-3.813029E-3
2.630000E-8	-3.672567E-3
2.640000E-8	-3.415625E-3
2.650000E-8	-3.136414E-3
2.660000E-8	-2.937712E-3
2.670000E-8	-2.898314E-3
2.680000E-8	-3.018221E-3
2.690000E-8	-3.240904E-3
2.700000E-8	-3.494421E-3
2.710000E-8	-3.674280E-3
2.720000E-8	-3.711965E-3
2.730000E-8	-3.583494E-3
2.740000E-8	-3.405347E-3
2.750000E-8	-3.174099E-3
2.760000E-8	-3.049054E-3
2.770000E-8	-3.031924E-3
2.780000E-8	-3.138127E-3
2.790000E-8	-3.321413E-3
2.800000E-8	-3.479004E-3
2.810000E-8	-3.556087E-3
2.820000E-8	-3.535531E-3
2.830000E-8	-3.389931E-3
2.840000E-8	-3.167247E-3
2.850000E-8	-2.958267E-3
2.860000E-8	-2.852064E-3
2.870000E-8	-2.831509E-3
2.880000E-8	-2.929147E-3
2.890000E-8	-3.049054E-3
2.900000E-8	-3.172386E-3
2.910000E-8	-3.216923E-3
2.920000E-8	-3.143266E-3
2.930000E-8	-2.956554E-3
2.940000E-8	-2.723593E-3
2.950000E-8	-2.533456E-3
2.960000E-8	-2.473502E-3
2.970000E-8	-2.559150E-3
2.980000E-8	-2.797250E-3
2.990000E-8	-3.057618E-3
3.000000E-8	-3.258034E-3
3.010000E-8	-3.311135E-3
3.020000E-8	-3.189516E-3
3.030000E-8	-2.934286E-3
3.040000E-8	-2.672205E-3
3.050000E-8	-2.452947E-3
3.060000E-8	-2.339892E-3
3.070000E-8	-2.346744E-3
3.080000E-8	-2.454660E-3
3.090000E-8	-2.600261E-3
3.100000E-8	-2.720167E-3
3.110000E-8	-2.764704E-3
3.120000E-8	-2.751000E-3
3.130000E-8	-2.653362E-3
3.140000E-8	-2.531743E-3
3.150000E-8	-2.444382E-3
3.160000E-8	-2.446095E-3
3.170000E-8	-2.545446E-3
3.180000E-8	-2.703038E-3
3.190000E-8	-2.870907E-3
3.200000E-8	-2.968545E-3
3.210000E-8	-2.989100E-3
3.220000E-8	-2.920582E-3
3.230000E-8	-2.788685E-3
3.240000E-8	-2.655075E-3
3.250000E-8	-2.557437E-3
3.260000E-8	-2.519752E-3
3.270000E-8	-2.530030E-3
3.280000E-8	-2.569428E-3
3.290000E-8	-2.576279E-3
3.300000E-8	-2.550585E-3
3.310000E-8	-2.463225E-3
3.320000E-8	-2.381003E-3
3.330000E-8	-2.305633E-3
3.340000E-8	-2.305633E-3
3.350000E-8	-2.338179E-3
3.360000E-8	-2.440956E-3
3.370000E-8	-2.543733E-3
3.380000E-8	-2.596835E-3
3.390000E-8	-2.531743E-3
3.400000E-8	-2.367299E-3
3.410000E-8	-2.154894E-3
3.420000E-8	-2.038413E-3
3.430000E-8	-2.024709E-3
3.440000E-8	-2.122348E-3
3.450000E-8	-2.302207E-3
3.460000E-8	-2.478641E-3
3.470000E-8	-2.593409E-3
3.480000E-8	-2.596835E-3
3.490000E-8	-2.521465E-3
3.500000E-8	-2.406697E-3
3.510000E-8	-2.285078E-3
3.520000E-8	-2.206282E-3
3.530000E-8	-2.139477E-3
3.540000E-8	-2.166884E-3
3.550000E-8	-2.202856E-3
3.560000E-8	-2.254245E-3
3.570000E-8	-2.279939E-3
3.580000E-8	-2.295356E-3
3.590000E-8	-2.238828E-3
3.600000E-8	-2.148042E-3
3.610000E-8	-2.029848E-3
3.620000E-8	-1.951053E-3
3.630000E-8	-1.911655E-3
3.640000E-8	-1.915081E-3
3.650000E-8	-1.981886E-3
3.660000E-8	-2.089802E-3
3.670000E-8	-2.163458E-3
3.680000E-8	-2.185727E-3
3.690000E-8	-2.154894E-3
3.700000E-8	-2.040126E-3
3.710000E-8	-1.875683E-3
3.720000E-8	-1.757489E-3
3.730000E-8	-1.736934E-3
3.740000E-8	-1.829433E-3
3.750000E-8	-1.976747E-3
3.760000E-8	-2.154894E-3
3.770000E-8	-2.267948E-3
3.780000E-8	-2.286791E-3
3.790000E-8	-2.249106E-3
3.800000E-8	-2.163458E-3
3.810000E-8	-2.070959E-3
3.820000E-8	-2.002441E-3
3.830000E-8	-1.944201E-3
3.840000E-8	-1.937349E-3
3.850000E-8	-1.925358E-3
3.860000E-8	-1.928784E-3
3.870000E-8	-1.903090E-3
3.880000E-8	-1.863692E-3
3.890000E-8	-1.843137E-3
3.900000E-8	-1.844850E-3
3.910000E-8	-1.875683E-3
3.920000E-8	-1.909942E-3
3.930000E-8	-1.983599E-3
3.940000E-8	-2.041839E-3
3.950000E-8	-2.046978E-3
3.960000E-8	-1.997302E-3
3.970000E-8	-1.930497E-3
3.980000E-8	-1.904803E-3
3.990000E-8	-1.973321E-3
4.000000E-8	-2.088089E-3
4.010000E-8	-2.221699E-3
4.020000E-8	-2.300494E-3
4.030000E-8	-2.295356E-3
4.040000E-8	-2.197717E-3
4.050000E-8	-2.091515E-3
4.060000E-8	-2.036700E-3
4.070000E-8	-2.098366E-3
4.080000E-8	-2.204569E-3
4.090000E-8	-2.288504E-3
4.100000E-8	-2.298781E-3
4.110000E-8	-2.187440E-3
4.120000E-8	-2.011006E-3
4.130000E-8	-1.786609E-3
4.140000E-8	-1.642722E-3
4.150000E-8	-1.601611E-3
4.160000E-8	-1.664990E-3
4.170000E-8	-1.764341E-3
4.180000E-8	-1.863692E-3
4.190000E-8	-1.915081E-3
4.200000E-8	-1.906516E-3
4.210000E-8	-1.872257E-3
4.220000E-8	-1.819155E-3
4.230000E-8	-1.834572E-3
4.240000E-8	-1.894525E-3
4.250000E-8	-1.966469E-3
4.260000E-8	-2.019571E-3
4.270000E-8	-2.011006E-3
4.280000E-8	-1.964756E-3
4.290000E-8	-1.896238E-3
4.300000E-8	-1.829433E-3
4.310000E-8	-1.776332E-3
4.320000E-8	-1.774619E-3
4.330000E-8	-1.788322E-3
4.340000E-8	-1.769480E-3
4.350000E-8	-1.742073E-3
4.360000E-8	-1.687258E-3
4.370000E-8	-1.630731E-3
4.380000E-8	-1.584481E-3
4.390000E-8	-1.553648E-3
4.400000E-8	-1.575917E-3
4.410000E-8	-1.613601E-3
4.420000E-8	-1.685545E-3
4.430000E-8	-1.778045E-3
4.440000E-8	-1.896238E-3
4.450000E-8	-2.007580E-3
4.460000E-8	-2.070959E-3
4.470000E-8	-2.074385E-3
4.480000E-8	-1.978460E-3
4.490000E-8	-1.831146E-3
4.500000E-8	-1.678694E-3
4.510000E-8	-1.567352E-3
4.520000E-8	-1.491982E-3
4.530000E-8	-1.517676E-3
4.540000E-8	-1.591333E-3
4.550000E-8	-1.690684E-3
4.560000E-8	-1.759202E-3
4.570000E-8	-1.767767E-3
4.580000E-8	-1.778045E-3
4.590000E-8	-1.800313E-3
4.600000E-8	-1.872257E-3
4.610000E-8	-1.949340E-3
4.620000E-8	-2.031561E-3
4.630000E-8	-2.026422E-3
4.640000E-8	-1.935636E-3
4.650000E-8	-1.747212E-3
4.660000E-8	-1.522815E-3
4.670000E-8	-1.315548E-3
4.680000E-8	-1.181938E-3
4.690000E-8	-1.144253E-3
4.700000E-8	-1.199068E-3
4.710000E-8	-1.272724E-3
4.720000E-8	-1.378927E-3
4.730000E-8	-1.468001E-3
4.740000E-8	-1.551935E-3
4.750000E-8	-1.646148E-3
4.760000E-8	-1.699249E-3
4.770000E-8	-1.702675E-3
4.780000E-8	-1.685545E-3
4.790000E-8	-1.594759E-3
4.800000E-8	-1.500547E-3
4.810000E-8	-1.394344E-3
4.820000E-8	-1.313835E-3
4.830000E-8	-1.250456E-3
4.840000E-8	-1.241891E-3
4.850000E-8	-1.233327E-3
4.860000E-8	-1.248743E-3
4.870000E-8	-1.274437E-3
4.880000E-8	-1.327539E-3
4.890000E-8	-1.390918E-3
4.900000E-8	-1.462862E-3
4.910000E-8	-1.529667E-3
4.920000E-8	-1.541658E-3
4.930000E-8	-1.538232E-3
4.940000E-8	-1.478278E-3
4.950000E-8	-1.402909E-3
4.960000E-8	-1.344668E-3
4.970000E-8	-1.320687E-3
4.980000E-8	-1.358372E-3
4.990000E-8	-1.413186E-3
5.000000E-8	-1.468001E-3
5.010000E-8	-1.493695E-3
5.020000E-8	-1.502260E-3
5.030000E-8	-1.440594E-3
5.040000E-8	-1.368650E-3
5.050000E-8	-1.231614E-3
5.060000E-8	-1.132262E-3
5.070000E-8	-1.060319E-3
5.080000E-8	-1.086013E-3
5.090000E-8	-1.164809E-3
5.100000E-8	-1.308696E-3
5.110000E-8	-1.402909E-3
5.120000E-8	-1.433742E-3
5.130000E-8	-1.408047E-3
5.140000E-8	-1.354946E-3
5.150000E-8	-1.281289E-3
5.160000E-8	-1.240178E-3
5.170000E-8	-1.231614E-3
5.180000E-8	-1.265873E-3
5.190000E-8	-1.346381E-3
5.200000E-8	-1.408047E-3
5.210000E-8	-1.468001E-3
5.220000E-8	-1.519389E-3
5.230000E-8	-1.587907E-3
5.240000E-8	-1.641009E-3
5.250000E-8	-1.675268E-3
5.260000E-8	-1.692397E-3
5.270000E-8	-1.656425E-3
5.280000E-8	-1.594759E-3
5.290000E-8	-1.476565E-3
5.300000E-8	-1.373788E-3
5.310000E-8	-1.301845E-3
5.320000E-8	-1.300132E-3
5.330000E-8	-1.334391E-3
5.340000E-8	-1.406335E-3
5.350000E-8	-1.478278E-3
5.360000E-8	-1.505686E-3
5.370000E-8	-1.481704E-3
5.380000E-8	-1.435455E-3
5.390000E-8	-1.401196E-3
5.400000E-8	-1.365224E-3
5.410000E-8	-1.346381E-3
5.420000E-8	-1.308696E-3
5.430000E-8	-1.279576E-3
5.440000E-8	-1.245317E-3
5.450000E-8	-1.212771E-3
5.460000E-8	-1.193929E-3
5.470000E-8	-1.195642E-3
5.480000E-8	-1.233327E-3
5.490000E-8	-1.298419E-3
5.500000E-8	-1.402909E-3
5.510000E-8	-1.474853E-3
5.520000E-8	-1.539945E-3
5.530000E-8	-1.539945E-3
5.540000E-8	-1.543371E-3
5.550000E-8	-1.550222E-3
5.560000E-8	-1.594759E-3
5.570000E-8	-1.678694E-3
5.580000E-8	-1.817443E-3
5.590000E-8	-1.889386E-3
5.600000E-8	-1.843137E-3
5.610000E-8	-1.690684E-3
5.620000E-8	-1.437168E-3
5.630000E-8	-1.176799E-3
5.640000E-8	-9.798099E-4
5.650000E-8	-8.958754E-4
5.660000E-8	-9.318473E-4
5.670000E-8	-1.026060E-3
5.680000E-8	-1.137401E-3
5.690000E-8	-1.235040E-3
5.700000E-8	-1.291567E-3
5.710000E-8	-1.339529E-3
5.720000E-8	-1.373788E-3
5.730000E-8	-1.406335E-3
5.740000E-8	-1.444019E-3
5.750000E-8	-1.426890E-3
5.760000E-8	-1.382353E-3
5.770000E-8	-1.329252E-3
5.780000E-8	-1.289854E-3
5.790000E-8	-1.264160E-3
5.800000E-8	-1.305270E-3
5.810000E-8	-1.358372E-3
5.820000E-8	-1.430316E-3
5.830000E-8	-1.449158E-3
5.840000E-8	-1.445732E-3
5.850000E-8	-1.399483E-3
5.860000E-8	-1.344668E-3
5.870000E-8	-1.277863E-3
5.880000E-8	-1.284715E-3
5.890000E-8	-1.288141E-3
5.900000E-8	-1.324113E-3
5.910000E-8	-1.342955E-3
5.920000E-8	-1.342955E-3
5.930000E-8	-1.293280E-3
5.940000E-8	-1.199068E-3
5.950000E-8	-1.103142E-3
5.960000E-8	-1.008930E-3
5.970000E-8	-9.284214E-4
5.980000E-8	-9.112919E-4
5.990000E-8	-9.267085E-4
6.000000E-8	-1.000365E-3
6.010000E-8	-1.031198E-3
6.020000E-8	-1.020921E-3
6.030000E-8	-9.592545E-4
6.040000E-8	-9.215696E-4
6.050000E-8	-9.249955E-4
6.060000E-8	-1.024347E-3
6.070000E-8	-1.157957E-3
6.080000E-8	-1.265873E-3
6.090000E-8	-1.301845E-3
6.100000E-8	-1.226475E-3
6.110000E-8	-1.053467E-3
6.120000E-8	-9.112919E-4
6.130000E-8	-8.599034E-4
6.140000E-8	-9.232826E-4
6.150000E-8	-1.079161E-3
6.160000E-8	-1.214484E-3
6.170000E-8	-1.277863E-3
6.180000E-8	-1.252169E-3
6.190000E-8	-1.181938E-3
6.200000E-8	-1.121985E-3
6.210000E-8	-1.151105E-3
6.220000E-8	-1.288141E-3
6.230000E-8	-1.459436E-3
6.240000E-8	-1.599898E-3
6.250000E-8	-1.622166E-3
6.260000E-8	-1.531380E-3
6.270000E-8	-1.351520E-3
6.280000E-8	-1.139114E-3
6.290000E-8	-9.712452E-4
6.300000E-8	-9.112919E-4
6.310000E-8	-9.455509E-4
6.320000E-8	-1.027773E-3
6.330000E-8	-1.127124E-3
6.340000E-8	-1.173373E-3
6.350000E-8	-1.185364E-3
6.360000E-8	-1.164809E-3
6.370000E-8	-1.164809E-3
6.380000E-8	-1.188790E-3
6.390000E-8	-1.264160E-3
6.400000E-8	-1.305270E-3
6.410000E-8	-1.305270E-3
6.420000E-8	-1.216197E-3
6.430000E-8	-1.060319E-3
6.440000E-8	-9.369862E-4
6.450000E-8	-8.753200E-4
6.460000E-8	-8.890236E-4
6.470000E-8	-9.661063E-4
6.480000E-8	-1.068883E-3
6.490000E-8	-1.137401E-3
6.500000E-8	-1.171660E-3
6.510000E-8	-1.125411E-3
6.520000E-8	-1.060319E-3
6.530000E-8	-1.002078E-3
6.540000E-8	-1.026060E-3
6.550000E-8	-1.106568E-3
6.560000E-8	-1.200780E-3
6.570000E-8	-1.283002E-3
6.580000E-8	-1.327539E-3
6.590000E-8	-1.272724E-3
6.600000E-8	-1.195642E-3
6.610000E-8	-1.089439E-3
6.620000E-8	-1.053467E-3
6.630000E-8	-1.041476E-3
6.640000E-8	-1.101429E-3
6.650000E-8	-1.161383E-3
6.660000E-8	-1.152818E-3
6.670000E-8	-1.098003E-3
6.680000E-8	-9.592545E-4
6.690000E-8	-8.821718E-4
6.700000E-8	-8.513387E-4
6.710000E-8	-8.975883E-4
6.720000E-8	-1.027773E-3
6.730000E-8	-1.176799E-3
6.740000E-8	-1.274437E-3
6.750000E-8	-1.298419E-3
6.760000E-8	-1.252169E-3
6.770000E-8	-1.159670E-3
6.780000E-8	-1.077448E-3
6.790000E-8	-1.017495E-3
6.800000E-8	-1.007217E-3
6.810000E-8	-1.072309E-3
6.820000E-8	-1.200780E-3
6.830000E-8	-1.339529E-3
6.840000E-8	-1.456010E-3
6.850000E-8	-1.505686E-3
6.860000E-8	-1.468001E-3
6.870000E-8	-1.337817E-3
6.880000E-8	-1.142540E-3
6.890000E-8	-9.352732E-4
6.900000E-8	-8.033761E-4
6.910000E-8	-7.280063E-4
6.920000E-8	-7.160156E-4
6.930000E-8	-7.228674E-4
6.940000E-8	-7.571264E-4
6.950000E-8	-7.674041E-4
6.960000E-8	-7.691171E-4
6.970000E-8	-7.656912E-4
6.980000E-8	-7.605523E-4
6.990000E-8	-7.828207E-4
7.000000E-8	-8.068020E-4
7.010000E-8	-8.187926E-4
7.020000E-8	-8.667552E-4
7.030000E-8	-8.890236E-4
7.040000E-8	-9.301344E-4
7.050000E-8	-9.626804E-4
7.060000E-8	-1.008930E-3
7.070000E-8	-1.044902E-3
7.080000E-8	-1.086013E-3
7.090000E-8	-1.123698E-3
7.100000E-8	-1.159670E-3
7.110000E-8	-1.192216E-3
7.120000E-8	-1.211058E-3
7.130000E-8	-1.211058E-3
7.140000E-8	-1.183651E-3
7.150000E-8	-1.145966E-3
7.160000E-8	-1.094578E-3
7.170000E-8	-1.053467E-3
7.180000E-8	-1.058606E-3
7.190000E-8	-1.072309E-3
7.200000E-8	-1.127124E-3
7.210000E-8	-1.176799E-3
7.220000E-8	-1.229901E-3
7.230000E-8	-1.260734E-3
7.240000E-8	-1.238465E-3
7.250000E-8	-1.137401E-3
7.260000E-8	-1.051754E-3
7.270000E-8	-9.986524E-4
7.280000E-8	-1.020921E-3
7.290000E-8	-1.099716E-3
7.300000E-8	-1.207632E-3
7.310000E-8	-1.262447E-3
7.320000E-8	-1.260734E-3
7.330000E-8	-1.180225E-3
7.340000E-8	-1.103142E-3
7.350000E-8	-1.067170E-3
7.360000E-8	-1.104855E-3
7.370000E-8	-1.185364E-3
7.380000E-8	-1.255595E-3
7.390000E-8	-1.291567E-3
7.400000E-8	-1.259021E-3
7.410000E-8	-1.199068E-3
7.420000E-8	-1.128837E-3
7.430000E-8	-1.067170E-3
7.440000E-8	-1.048328E-3
7.450000E-8	-1.029485E-3
7.460000E-8	-1.015782E-3
7.470000E-8	-9.866617E-4
7.480000E-8	-9.592545E-4
7.490000E-8	-9.232826E-4
7.500000E-8	-9.284214E-4
7.510000E-8	-9.524027E-4
7.520000E-8	-9.969394E-4
7.530000E-8	-1.086013E-3
7.540000E-8	-1.176799E-3
7.550000E-8	-1.252169E-3
7.560000E-8	-1.324113E-3
7.570000E-8	-1.351520E-3
7.580000E-8	-1.382353E-3
7.590000E-8	-1.361798E-3
7.600000E-8	-1.318974E-3
7.610000E-8	-1.229901E-3
7.620000E-8	-1.104855E-3
7.630000E-8	-9.404121E-4
7.640000E-8	-7.930984E-4
7.650000E-8	-6.783307E-4
7.660000E-8	-6.252293E-4
7.670000E-8	-6.457847E-4
7.680000E-8	-7.211545E-4
7.690000E-8	-8.342092E-4
7.700000E-8	-9.335603E-4
7.710000E-8	-9.746711E-4
7.720000E-8	-9.695322E-4
7.730000E-8	-8.958754E-4
7.740000E-8	-7.930984E-4
7.750000E-8	-6.714789E-4
7.760000E-8	-5.532854E-4
7.770000E-8	-4.744897E-4
7.780000E-8	-4.402307E-4
7.790000E-8	-4.727767E-4
7.800000E-8	-5.395818E-4
7.810000E-8	-6.269422E-4
7.820000E-8	-7.331451E-4
7.830000E-8	-8.016631E-4
7.840000E-8	-8.633293E-4
7.850000E-8	-9.301344E-4
7.860000E-8	-1.022634E-3
7.870000E-8	-1.084300E-3
7.880000E-8	-1.132262E-3
7.890000E-8	-1.123698E-3
7.900000E-8	-1.062032E-3
7.910000E-8	-9.900876E-4
7.920000E-8	-9.215696E-4
7.930000E-8	-8.787459E-4
7.940000E-8	-8.342092E-4
7.950000E-8	-7.845336E-4
7.960000E-8	-7.057379E-4
7.970000E-8	-6.183775E-4
7.980000E-8	-5.961091E-4
7.990000E-8	-6.714789E-4
8.000000E-8	-8.461998E-4
8.010000E-8	-1.024347E-3
8.020000E-8	-1.113420E-3
8.030000E-8	-1.046615E-3
8.040000E-8	-8.736070E-4
8.050000E-8	-6.800437E-4
8.060000E-8	-5.841185E-4
8.070000E-8	-6.577753E-4
8.080000E-8	-8.410610E-4
8.090000E-8	-1.084300E-3
8.100000E-8	-1.248743E-3
8.110000E-8	-1.255595E-3
8.120000E-8	-1.125411E-3
8.130000E-8	-9.438380E-4
8.140000E-8	-8.016631E-4
8.150000E-8	-7.399969E-4
8.160000E-8	-7.828207E-4
8.170000E-8	-8.530516E-4
8.180000E-8	-9.267085E-4
8.190000E-8	-9.249955E-4
8.200000E-8	-8.890236E-4
8.210000E-8	-7.811077E-4
8.220000E-8	-6.937473E-4
8.230000E-8	-6.406458E-4
8.240000E-8	-6.218034E-4
8.250000E-8	-6.509235E-4
8.260000E-8	-6.954602E-4
8.270000E-8	-7.297192E-4
8.280000E-8	-7.468487E-4
8.290000E-8	-7.554135E-4
8.300000E-8	-7.588394E-4
8.310000E-8	-7.776818E-4
8.320000E-8	-8.479128E-4
8.330000E-8	-9.438380E-4
8.340000E-8	-1.036337E-3
8.350000E-8	-1.098003E-3
8.360000E-8	-1.077448E-3
8.370000E-8	-1.002078E-3
8.380000E-8	-9.147178E-4
8.390000E-8	-8.170797E-4
8.400000E-8	-7.793948E-4
8.410000E-8	-8.376351E-4
8.420000E-8	-9.695322E-4
8.430000E-8	-1.125411E-3
8.440000E-8	-1.248743E-3
8.450000E-8	-1.320687E-3
8.460000E-8	-1.324113E-3
8.470000E-8	-1.240178E-3
8.480000E-8	-1.120272E-3
8.490000E-8	-9.746711E-4
8.500000E-8	-8.770329E-4
8.510000E-8	-7.913854E-4
8.520000E-8	-7.776818E-4
8.530000E-8	-7.639782E-4
8.540000E-8	-7.862466E-4
8.550000E-8	-7.811077E-4
8.560000E-8	-7.656912E-4
8.570000E-8	-7.605523E-4
8.580000E-8	-7.537005E-4
8.590000E-8	-7.691171E-4
8.600000E-8	-7.896725E-4
8.610000E-8	-7.913854E-4
8.620000E-8	-7.879595E-4
8.630000E-8	-7.485617E-4
8.640000E-8	-7.245804E-4
8.650000E-8	-7.228674E-4
8.660000E-8	-7.211545E-4
8.670000E-8	-7.862466E-4
8.680000E-8	-8.342092E-4
8.690000E-8	-8.701811E-4
8.700000E-8	-8.821718E-4
8.710000E-8	-8.119408E-4
8.720000E-8	-7.571264E-4
8.730000E-8	-7.091638E-4
8.740000E-8	-7.245804E-4
8.750000E-8	-7.913854E-4
8.760000E-8	-8.753200E-4
8.770000E-8	-9.609675E-4
8.780000E-8	-9.780970E-4
8.790000E-8	-9.335603E-4
8.800000E-8	-8.855977E-4
8.810000E-8	-8.376351E-4
8.820000E-8	-8.376351E-4
8.830000E-8	-8.650423E-4
8.840000E-8	-8.701811E-4
8.850000E-8	-8.787459E-4
8.860000E-8	-8.993013E-4
8.870000E-8	-9.318473E-4
8.880000E-8	-9.935135E-4
8.890000E-8	-1.070596E-3
8.900000E-8	-1.178512E-3
8.910000E-8	-1.231614E-3
8.920000E-8	-1.224762E-3
8.930000E-8	-1.121985E-3
8.940000E-8	-9.986524E-4
8.950000E-8	-8.821718E-4
8.960000E-8	-8.256444E-4
8.970000E-8	-8.085149E-4
8.980000E-8	-8.102279E-4
8.990000E-8	-7.674041E-4
9.000000E-8	-6.886084E-4
9.010000E-8	-5.704149E-4
9.020000E-8	-4.813415E-4
9.030000E-8	-4.744897E-4
9.040000E-8	-5.858314E-4
9.050000E-8	-7.811077E-4
9.060000E-8	-9.935135E-4
9.070000E-8	-1.132262E-3
9.080000E-8	-1.145966E-3
9.090000E-8	-1.050041E-3
9.100000E-8	-9.335603E-4
9.110000E-8	-8.324962E-4
9.120000E-8	-8.205056E-4
9.130000E-8	-8.941624E-4
9.140000E-8	-1.002078E-3
9.150000E-8	-1.074022E-3
9.160000E-8	-1.053467E-3
9.170000E-8	-9.678193E-4
9.180000E-8	-8.479128E-4
9.190000E-8	-7.245804E-4
9.200000E-8	-6.783307E-4
9.210000E-8	-7.040250E-4
9.220000E-8	-7.725430E-4
9.230000E-8	-8.222185E-4
9.240000E-8	-8.821718E-4
9.250000E-8	-9.232826E-4
9.260000E-8	-9.780970E-4
9.270000E-8	-1.008930E-3
9.280000E-8	-1.015782E-3
9.290000E-8	-1.034624E-3
9.300000E-8	-1.022634E-3
9.310000E-8	-9.661063E-4
9.320000E-8	-9.044401E-4
9.330000E-8	-8.599034E-4
9.340000E-8	-8.153667E-4
9.350000E-8	-7.896725E-4
9.360000E-8	-7.999502E-4
9.370000E-8	-8.444869E-4
9.380000E-8	-8.718941E-4
9.390000E-8	-8.701811E-4
9.400000E-8	-8.599034E-4
9.410000E-8	-7.930984E-4
9.420000E-8	-7.057379E-4
9.430000E-8	-5.995350E-4
9.440000E-8	-5.361559E-4
9.450000E-8	-5.258782E-4
9.460000E-8	-5.275911E-4
9.470000E-8	-5.738408E-4
9.480000E-8	-6.337940E-4
9.490000E-8	-6.731919E-4
9.500000E-8	-6.851825E-4
9.510000E-8	-6.851825E-4
9.520000E-8	-6.509235E-4
9.530000E-8	-5.961091E-4
9.540000E-8	-5.669890E-4
9.550000E-8	-5.498595E-4
9.560000E-8	-5.978221E-4
9.570000E-8	-6.474976E-4
9.580000E-8	-7.228674E-4
9.590000E-8	-7.605523E-4
9.600000E-8	-7.554135E-4
9.610000E-8	-6.834696E-4
9.620000E-8	-5.806926E-4
9.630000E-8	-4.984710E-4
9.640000E-8	-4.607861E-4
9.650000E-8	-4.539343E-4
9.660000E-8	-4.556472E-4
9.670000E-8	-4.659249E-4
9.680000E-8	-4.984710E-4
9.690000E-8	-5.464336E-4
9.700000E-8	-6.560624E-4
9.710000E-8	-7.656912E-4
9.720000E-8	-8.581905E-4
9.730000E-8	-8.975883E-4
9.740000E-8	-8.718941E-4
9.750000E-8	-8.068020E-4
9.760000E-8	-7.245804E-4
9.770000E-8	-6.663401E-4
9.780000E-8	-6.406458E-4
9.790000E-8	-6.560624E-4
9.800000E-8	-6.851825E-4
9.810000E-8	-6.731919E-4
9.820000E-8	-6.526365E-4
9.830000E-8	-6.252293E-4
9.840000E-8	-6.149516E-4
9.850000E-8	-6.132386E-4
9.860000E-8	-6.646271E-4
9.870000E-8	-7.365710E-4
9.880000E-8	-8.461998E-4
9.890000E-8	-9.215696E-4
9.900000E-8	-9.369862E-4
9.910000E-8	-9.198567E-4
9.920000E-8	-8.667552E-4
9.930000E-8	-8.599034E-4
9.940000E-8	-8.530516E-4
9.950000E-8	-8.718941E-4
9.960000E-8	-8.770329E-4
9.970000E-8	-8.547646E-4
9.980000E-8	-7.965243E-4
9.990000E-8	-6.834696E-4
1.000000E-7	-5.635631E-4
1.001000E-7	-4.453695E-4
1.002000E-7	-3.802774E-4
1.003000E-7	-3.562961E-4
1.004000E-7	-4.231012E-4
1.005000E-7	-5.224523E-4
1.006000E-7	-6.509235E-4
1.007000E-7	-7.434228E-4
1.008000E-7	-7.725430E-4
1.009000E-7	-7.399969E-4
1.010000E-7	-7.091638E-4
1.011000E-7	-6.731919E-4
1.012000E-7	-7.005991E-4
1.013000E-7	-7.194415E-4
1.014000E-7	-7.160156E-4
1.015000E-7	-6.423588E-4
1.016000E-7	-5.310170E-4
1.017000E-7	-4.111105E-4
1.018000E-7	-3.340278E-4
1.019000E-7	-3.083335E-4
1.020000E-7	-3.682868E-4
1.021000E-7	-4.864803E-4
1.022000E-7	-6.269422E-4
1.023000E-7	-7.519876E-4
1.024000E-7	-8.701811E-4
1.025000E-7	-9.746711E-4
1.026000E-7	-1.017495E-3
1.027000E-7	-1.010643E-3
1.028000E-7	-9.524027E-4
1.029000E-7	-8.701811E-4
1.030000E-7	-7.605523E-4
1.031000E-7	-6.800437E-4
1.032000E-7	-6.372199E-4
1.033000E-7	-5.909703E-4
1.034000E-7	-5.789796E-4
1.035000E-7	-5.909703E-4
1.036000E-7	-6.594883E-4
1.037000E-7	-7.245804E-4
1.038000E-7	-8.102279E-4
1.039000E-7	-8.633293E-4
1.040000E-7	-8.958754E-4
1.041000E-7	-8.873106E-4
1.042000E-7	-8.736070E-4
1.043000E-7	-8.479128E-4
1.044000E-7	-8.718941E-4
1.045000E-7	-8.855977E-4
1.046000E-7	-8.616164E-4
1.047000E-7	-8.136538E-4
1.048000E-7	-7.776818E-4
1.049000E-7	-7.639782E-4
1.050000E-7	-7.759689E-4
1.051000E-7	-8.085149E-4
1.052000E-7	-8.650423E-4
1.053000E-7	-9.130049E-4
1.054000E-7	-9.541157E-4
1.055000E-7	-9.524027E-4
1.056000E-7	-9.369862E-4
1.057000E-7	-8.718941E-4
1.058000E-7	-8.256444E-4
1.059000E-7	-7.691171E-4
1.060000E-7	-7.228674E-4
1.061000E-7	-7.177286E-4
1.062000E-7	-7.759689E-4
1.063000E-7	-7.999502E-4
1.064000E-7	-7.896725E-4
1.065000E-7	-7.040250E-4
1.066000E-7	-6.029609E-4
1.067000E-7	-4.984710E-4
1.068000E-7	-4.453695E-4
1.069000E-7	-4.693508E-4
1.070000E-7	-5.481465E-4
1.071000E-7	-6.423588E-4
1.072000E-7	-6.868955E-4
1.073000E-7	-6.749048E-4
1.074000E-7	-6.320811E-4
1.075000E-7	-5.978221E-4
1.076000E-7	-6.046739E-4
1.077000E-7	-6.183775E-4
1.078000E-7	-6.252293E-4
1.079000E-7	-6.166645E-4
1.080000E-7	-5.806926E-4
1.081000E-7	-5.138875E-4
1.082000E-7	-4.693508E-4
1.083000E-7	-4.402307E-4
1.084000E-7	-4.505084E-4
1.085000E-7	-4.899062E-4
1.086000E-7	-5.241652E-4
1.087000E-7	-5.447206E-4
1.088000E-7	-5.395818E-4
1.089000E-7	-5.652760E-4
1.090000E-7	-6.457847E-4
1.091000E-7	-7.417099E-4
1.092000E-7	-8.359221E-4
1.093000E-7	-8.564775E-4
1.094000E-7	-8.547646E-4
1.095000E-7	-8.239315E-4
1.096000E-7	-7.691171E-4
1.097000E-7	-7.417099E-4
1.098000E-7	-7.639782E-4
1.099000E-7	-8.239315E-4
1.100000E-7	-8.804588E-4
1.101000E-7	-9.078660E-4
1.102000E-7	-9.027272E-4
1.103000E-7	-8.581905E-4
1.104000E-7	-8.033761E-4
1.105000E-7	-7.537005E-4
1.106000E-7	-7.417099E-4
1.107000E-7	-7.485617E-4
1.108000E-7	-7.571264E-4
1.109000E-7	-7.776818E-4
1.110000E-7	-7.828207E-4
1.111000E-7	-7.382840E-4
1.112000E-7	-6.509235E-4
1.113000E-7	-5.327300E-4
1.114000E-7	-4.265271E-4
1.115000E-7	-3.922681E-4
1.116000E-7	-4.299530E-4
1.117000E-7	-5.549983E-4
1.118000E-7	-6.954602E-4
1.119000E-7	-8.599034E-4
1.120000E-7	-9.455509E-4
1.121000E-7	-9.506898E-4
1.122000E-7	-8.958754E-4
1.123000E-7	-8.102279E-4
1.124000E-7	-7.417099E-4
1.125000E-7	-6.920343E-4
1.126000E-7	-7.057379E-4
1.127000E-7	-7.331451E-4
1.128000E-7	-7.725430E-4
1.129000E-7	-7.656912E-4
1.130000E-7	-7.656912E-4
1.131000E-7	-7.382840E-4
1.132000E-7	-7.125897E-4
1.133000E-7	-6.971732E-4
1.134000E-7	-6.903214E-4
1.135000E-7	-6.800437E-4
1.136000E-7	-6.200904E-4
1.137000E-7	-5.532854E-4
1.138000E-7	-5.121746E-4
1.139000E-7	-4.693508E-4
1.140000E-7	-4.436566E-4
1.141000E-7	-4.368048E-4
1.142000E-7	-4.624990E-4
1.143000E-7	-5.241652E-4
1.144000E-7	-6.029609E-4
1.145000E-7	-6.783307E-4
1.146000E-7	-7.571264E-4
1.147000E-7	-8.342092E-4
1.148000E-7	-8.427739E-4
1.149000E-7	-8.273574E-4
1.150000E-7	-7.674041E-4
1.151000E-7	-7.211545E-4
1.152000E-7	-6.954602E-4
1.153000E-7	-6.988861E-4
1.154000E-7	-7.228674E-4
1.155000E-7	-7.382840E-4
1.156000E-7	-7.451358E-4
1.157000E-7	-6.749048E-4
1.158000E-7	-5.412947E-4
1.159000E-7	-3.956940E-4
1.160000E-7	-3.151853E-4
1.161000E-7	-3.477314E-4
1.162000E-7	-4.624990E-4
1.163000E-7	-5.943962E-4
1.164000E-7	-7.091638E-4
1.165000E-7	-7.485617E-4
1.166000E-7	-6.886084E-4
1.167000E-7	-6.235163E-4
1.168000E-7	-5.875444E-4
1.169000E-7	-6.355070E-4
1.170000E-7	-7.005991E-4
1.171000E-7	-7.828207E-4
1.172000E-7	-8.342092E-4
1.173000E-7	-8.530516E-4
1.174000E-7	-8.205056E-4
1.175000E-7	-7.399969E-4
1.176000E-7	-6.492106E-4
1.177000E-7	-5.515724E-4
1.178000E-7	-5.053228E-4
1.179000E-7	-5.036098E-4
1.180000E-7	-5.584242E-4
1.181000E-7	-6.200904E-4
1.182000E-7	-6.594883E-4
1.183000E-7	-6.868955E-4
1.184000E-7	-6.714789E-4
1.185000E-7	-6.235163E-4
1.186000E-7	-5.327300E-4
1.187000E-7	-4.505084E-4
1.188000E-7	-3.665738E-4
1.189000E-7	-3.254630E-4
1.190000E-7	-3.271760E-4
1.191000E-7	-4.008328E-4
1.192000E-7	-5.121746E-4
1.193000E-7	-6.183775E-4
1.194000E-7	-6.937473E-4
1.195000E-7	-6.971732E-4
1.196000E-7	-6.372199E-4
1.197000E-7	-5.395818E-4
1.198000E-7	-4.385177E-4
1.199000E-7	-3.648609E-4
1.200000E-7	-3.614350E-4
1.201000E-7	-3.956940E-4
1.202000E-7	-4.796285E-4
1.203000E-7	-5.549983E-4
1.204000E-7	-6.080998E-4
1.205000E-7	-6.389329E-4
1.206000E-7	-6.697660E-4
1.207000E-7	-7.143027E-4
1.208000E-7	-7.776818E-4
1.209000E-7	-8.650423E-4
1.210000E-7	-9.506898E-4
1.211000E-7	-9.455509E-4
1.212000E-7	-9.181437E-4
1.213000E-7	-8.513387E-4
1.214000E-7	-8.050890E-4
1.215000E-7	-7.982372E-4
1.216000E-7	-8.461998E-4
1.217000E-7	-8.838847E-4
1.218000E-7	-9.232826E-4
1.219000E-7	-9.078660E-4
1.220000E-7	-8.633293E-4
1.221000E-7	-7.879595E-4
1.222000E-7	-7.057379E-4
1.223000E-7	-6.474976E-4
1.224000E-7	-5.858314E-4
1.225000E-7	-5.755537E-4
1.226000E-7	-5.978221E-4
1.227000E-7	-6.440717E-4
1.228000E-7	-7.040250E-4
1.229000E-7	-7.879595E-4
1.230000E-7	-8.616164E-4
1.231000E-7	-9.027272E-4
1.232000E-7	-9.541157E-4
1.233000E-7	-9.780970E-4
1.234000E-7	-1.014069E-3
1.235000E-7	-9.455509E-4
1.236000E-7	-8.427739E-4
1.237000E-7	-7.160156E-4
1.238000E-7	-5.687019E-4
1.239000E-7	-4.762026E-4
1.240000E-7	-4.145364E-4
1.241000E-7	-4.042587E-4
1.242000E-7	-4.385177E-4
1.243000E-7	-4.710638E-4
1.244000E-7	-4.487954E-4
1.245000E-7	-3.871292E-4
1.246000E-7	-3.631479E-4
1.247000E-7	-4.042587E-4
1.248000E-7	-5.361559E-4
1.249000E-7	-7.108768E-4
1.250000E-7	-8.650423E-4
1.251000E-7	-9.472639E-4
1.252000E-7	-8.667552E-4
1.253000E-7	-6.731919E-4
1.254000E-7	-4.316659E-4
1.255000E-7	-2.346767E-4
1.256000E-7	-1.644457E-4
1.257000E-7	-2.261119E-4
1.258000E-7	-3.871292E-4
1.259000E-7	-5.567113E-4
1.260000E-7	-6.988861E-4
1.261000E-7	-7.742559E-4
1.262000E-7	-7.948113E-4
1.263000E-7	-7.759689E-4
1.264000E-7	-7.588394E-4
1.265000E-7	-7.074509E-4
1.266000E-7	-6.372199E-4
1.267000E-7	-5.841185E-4
1.268000E-7	-5.310170E-4
1.269000E-7	-4.984710E-4
1.270000E-7	-4.916192E-4
1.271000E-7	-5.036098E-4
1.272000E-7	-5.412947E-4
1.273000E-7	-5.652760E-4
1.274000E-7	-6.132386E-4
1.275000E-7	-6.697660E-4
1.276000E-7	-7.125897E-4
1.277000E-7	-7.262933E-4
1.278000E-7	-7.023120E-4
1.279000E-7	-6.406458E-4
1.280000E-7	-5.824055E-4
1.281000E-7	-5.567113E-4
1.282000E-7	-5.669890E-4
1.283000E-7	-6.783307E-4
1.284000E-7	-8.119408E-4
1.285000E-7	-9.369862E-4
1.286000E-7	-9.935135E-4
1.287000E-7	-9.780970E-4
1.288000E-7	-8.804588E-4
1.289000E-7	-7.434228E-4
1.290000E-7	-5.789796E-4
1.291000E-7	-4.590731E-4
1.292000E-7	-4.419436E-4
1.293000E-7	-5.241652E-4
1.294000E-7	-6.954602E-4
1.295000E-7	-8.581905E-4
1.296000E-7	-9.438380E-4
1.297000E-7	-9.318473E-4
1.298000E-7	-8.410610E-4
1.299000E-7	-7.434228E-4
1.300000E-7	-6.440717E-4
1.301000E-7	-6.269422E-4
1.302000E-7	-6.903214E-4
1.303000E-7	-7.537005E-4
1.304000E-7	-7.605523E-4
1.305000E-7	-6.577753E-4
1.306000E-7	-4.744897E-4
1.307000E-7	-2.792134E-4
1.308000E-7	-1.421774E-4
1.309000E-7	-1.027795E-4
1.310000E-7	-1.541680E-4
1.311000E-7	-2.243990E-4
1.312000E-7	-3.100465E-4
1.313000E-7	-3.134724E-4
1.314000E-7	-2.894911E-4
1.315000E-7	-2.757875E-4
1.316000E-7	-2.689357E-4
1.317000E-7	-3.271760E-4
1.318000E-7	-4.385177E-4
1.319000E-7	-5.618501E-4
1.320000E-7	-7.143027E-4
1.321000E-7	-7.793948E-4
1.322000E-7	-7.930984E-4
1.323000E-7	-7.297192E-4
1.324000E-7	-5.909703E-4
1.325000E-7	-4.333789E-4
1.326000E-7	-3.306019E-4
1.327000E-7	-3.031947E-4
1.328000E-7	-3.665738E-4
1.329000E-7	-4.830544E-4
1.330000E-7	-5.995350E-4
1.331000E-7	-6.560624E-4
1.332000E-7	-6.749048E-4
1.333000E-7	-6.577753E-4
1.334000E-7	-6.389329E-4
1.335000E-7	-6.509235E-4
1.336000E-7	-6.560624E-4
1.337000E-7	-6.166645E-4
1.338000E-7	-5.258782E-4
1.339000E-7	-3.974069E-4
1.340000E-7	-2.826393E-4
1.341000E-7	-2.175472E-4
1.342000E-7	-2.295378E-4
1.343000E-7	-2.980558E-4
1.344000E-7	-3.665738E-4
1.345000E-7	-4.333789E-4
1.346000E-7	-5.070357E-4
1.347000E-7	-5.738408E-4
1.348000E-7	-6.132386E-4
1.349000E-7	-6.029609E-4
1.350000E-7	-5.618501E-4
1.351000E-7	-4.847674E-4
1.352000E-7	-4.008328E-4
1.353000E-7	-3.631479E-4
1.354000E-7	-4.059717E-4
1.355000E-7	-5.087487E-4
1.356000E-7	-6.183775E-4
1.357000E-7	-7.228674E-4
1.358000E-7	-7.451358E-4
1.359000E-7	-7.125897E-4
1.360000E-7	-6.440717E-4
1.361000E-7	-6.012480E-4
1.362000E-7	-6.440717E-4
1.363000E-7	-7.365710E-4
1.364000E-7	-8.581905E-4
1.365000E-7	-9.232826E-4
1.366000E-7	-9.438380E-4
1.367000E-7	-8.941624E-4
1.368000E-7	-8.068020E-4
1.369000E-7	-7.108768E-4
1.370000E-7	-6.543494E-4
1.371000E-7	-6.235163E-4
1.372000E-7	-6.235163E-4
1.373000E-7	-5.943962E-4
1.374000E-7	-5.978221E-4
1.375000E-7	-5.926832E-4
1.376000E-7	-5.858314E-4
1.377000E-7	-5.909703E-4
1.378000E-7	-5.841185E-4
1.379000E-7	-5.549983E-4
1.380000E-7	-5.138875E-4
1.381000E-7	-5.018969E-4
1.382000E-7	-5.070357E-4
1.383000E-7	-5.378688E-4
1.384000E-7	-6.132386E-4
1.385000E-7	-7.023120E-4
1.386000E-7	-7.691171E-4
1.387000E-7	-8.136538E-4
1.388000E-7	-8.170797E-4
1.389000E-7	-7.691171E-4
1.390000E-7	-6.714789E-4
1.391000E-7	-5.549983E-4
1.392000E-7	-4.282400E-4
1.393000E-7	-3.751386E-4
1.394000E-7	-4.265271E-4
1.395000E-7	-5.824055E-4
1.396000E-7	-7.742559E-4
1.397000E-7	-9.027272E-4
1.398000E-7	-9.164308E-4
1.399000E-7	-7.845336E-4
1.400000E-7	-5.704149E-4
1.401000E-7	-3.580091E-4
1.402000E-7	-2.363896E-4
1.403000E-7	-2.209731E-4
1.404000E-7	-3.391666E-4
1.405000E-7	-5.173134E-4
1.406000E-7	-6.971732E-4
1.407000E-7	-8.187926E-4
1.408000E-7	-8.530516E-4
1.409000E-7	-8.050890E-4
1.410000E-7	-7.297192E-4
1.411000E-7	-6.714789E-4
1.412000E-7	-6.320811E-4
1.413000E-7	-6.252293E-4
1.414000E-7	-6.166645E-4
1.415000E-7	-5.995350E-4
1.416000E-7	-5.224523E-4
1.417000E-7	-4.333789E-4
1.418000E-7	-3.562961E-4
1.419000E-7	-3.220371E-4
1.420000E-7	-3.682868E-4
1.421000E-7	-4.710638E-4
1.422000E-7	-5.926832E-4
1.423000E-7	-7.125897E-4
1.424000E-7	-7.999502E-4
1.425000E-7	-8.410610E-4
1.426000E-7	-8.650423E-4
1.427000E-7	-8.718941E-4
1.428000E-7	-8.616164E-4
1.429000E-7	-8.736070E-4
1.430000E-7	-8.376351E-4
1.431000E-7	-7.742559E-4
1.432000E-7	-7.074509E-4
1.433000E-7	-6.577753E-4
1.434000E-7	-6.235163E-4
1.435000E-7	-6.080998E-4
1.436000E-7	-5.926832E-4
1.437000E-7	-5.721278E-4
1.438000E-7	-5.669890E-4
1.439000E-7	-5.704149E-4
1.440000E-7	-5.978221E-4
1.441000E-7	-6.440717E-4
1.442000E-7	-6.971732E-4
1.443000E-7	-7.262933E-4
1.444000E-7	-7.434228E-4
1.445000E-7	-7.280063E-4
1.446000E-7	-7.434228E-4
1.447000E-7	-7.417099E-4
1.448000E-7	-7.228674E-4
1.449000E-7	-6.183775E-4
1.450000E-7	-4.847674E-4
1.451000E-7	-3.203242E-4
1.452000E-7	-1.781493E-4
1.453000E-7	-9.764067E-5
1.454000E-7	-1.353256E-4
1.455000E-7	-2.723616E-4
1.456000E-7	-4.710638E-4
1.457000E-7	-6.474976E-4
1.458000E-7	-7.297192E-4
1.459000E-7	-7.177286E-4
1.460000E-7	-5.995350E-4
1.461000E-7	-4.522213E-4
1.462000E-7	-3.340278E-4
1.463000E-7	-2.672227E-4
1.464000E-7	-2.877781E-4
1.465000E-7	-3.562961E-4
1.466000E-7	-4.676379E-4
1.467000E-7	-5.943962E-4
1.468000E-7	-7.399969E-4
1.469000E-7	-8.068020E-4
1.470000E-7	-8.513387E-4
1.471000E-7	-8.153667E-4
1.472000E-7	-6.971732E-4
1.473000E-7	-5.669890E-4
1.474000E-7	-4.727767E-4
1.475000E-7	-4.487954E-4
1.476000E-7	-5.190264E-4
1.477000E-7	-6.389329E-4
1.478000E-7	-7.451358E-4
1.479000E-7	-7.879595E-4
1.480000E-7	-7.314322E-4
1.481000E-7	-5.652760E-4
1.482000E-7	-3.443055E-4
1.483000E-7	-1.575939E-4
1.484000E-7	-7.537232E-5
1.485000E-7	-9.078887E-5
1.486000E-7	-2.620839E-4
1.487000E-7	-4.590731E-4
1.488000E-7	-6.457847E-4
1.489000E-7	-6.868955E-4
1.490000E-7	-6.320811E-4
1.491000E-7	-4.710638E-4
1.492000E-7	-3.545832E-4
1.493000E-7	-3.031947E-4
1.494000E-7	-3.837033E-4
1.495000E-7	-5.361559E-4
1.496000E-7	-6.817566E-4
1.497000E-7	-7.725430E-4
1.498000E-7	-7.828207E-4
1.499000E-7	-7.348581E-4
1.500000E-7	-7.074509E-4
1.501000E-7	-7.023120E-4
1.502000E-7	-7.143027E-4
1.503000E-7	-6.954602E-4
1.504000E-7	-6.235163E-4
1.505000E-7	-4.950451E-4
1.506000E-7	-3.562961E-4
1.507000E-7	-2.826393E-4
1.508000E-7	-2.877781E-4
1.509000E-7	-3.905551E-4
1.510000E-7	-5.241652E-4
1.511000E-7	-6.337940E-4
1.512000E-7	-6.988861E-4
1.513000E-7	-7.143027E-4
1.514000E-7	-7.057379E-4
1.515000E-7	-6.440717E-4
1.516000E-7	-5.755537E-4
1.517000E-7	-5.361559E-4
1.518000E-7	-5.378688E-4
1.519000E-7	-5.498595E-4
1.520000E-7	-5.567113E-4
1.521000E-7	-5.327300E-4
1.522000E-7	-5.104616E-4
1.523000E-7	-4.402307E-4
1.524000E-7	-4.059717E-4
1.525000E-7	-3.682868E-4
1.526000E-7	-3.956940E-4
1.527000E-7	-4.744897E-4
1.528000E-7	-5.755537E-4
1.529000E-7	-6.646271E-4
1.530000E-7	-7.245804E-4
1.531000E-7	-7.708300E-4
1.532000E-7	-7.776818E-4
1.533000E-7	-7.554135E-4
1.534000E-7	-7.143027E-4
1.535000E-7	-6.886084E-4
1.536000E-7	-6.612012E-4
1.537000E-7	-6.389329E-4
1.538000E-7	-6.286552E-4
1.539000E-7	-6.012480E-4
1.540000E-7	-5.687019E-4
1.541000E-7	-5.344429E-4
1.542000E-7	-5.070357E-4
1.543000E-7	-4.693508E-4
1.544000E-7	-4.796285E-4
1.545000E-7	-5.001839E-4
1.546000E-7	-5.207393E-4
1.547000E-7	-5.070357E-4
1.548000E-7	-4.881933E-4
1.549000E-7	-4.196753E-4
1.550000E-7	-3.203242E-4
1.551000E-7	-2.124083E-4
1.552000E-7	-1.147702E-4
1.553000E-7	-9.250182E-5
1.554000E-7	-1.850011E-4
1.555000E-7	-3.631479E-4
1.556000E-7	-6.080998E-4
1.557000E-7	-8.410610E-4
1.558000E-7	-9.918006E-4
1.559000E-7	-1.005504E-3
1.560000E-7	-8.787459E-4
1.561000E-7	-6.749048E-4
1.562000E-7	-5.310170E-4
1.563000E-7	-5.258782E-4
1.564000E-7	-6.166645E-4
1.565000E-7	-8.222185E-4
1.566000E-7	-1.012356E-3
1.567000E-7	-1.106568E-3
1.568000E-7	-1.029485E-3
1.569000E-7	-8.479128E-4
1.570000E-7	-6.543494E-4
1.571000E-7	-4.881933E-4
1.572000E-7	-4.607861E-4
1.573000E-7	-5.293041E-4
1.574000E-7	-6.440717E-4
1.575000E-7	-7.451358E-4
1.576000E-7	-7.913854E-4
1.577000E-7	-7.793948E-4
1.578000E-7	-7.280063E-4
1.579000E-7	-6.577753E-4
1.580000E-7	-5.961091E-4
1.581000E-7	-5.721278E-4
1.582000E-7	-5.943962E-4
1.583000E-7	-6.406458E-4
1.584000E-7	-6.937473E-4
1.585000E-7	-7.280063E-4
1.586000E-7	-7.280063E-4
1.587000E-7	-6.937473E-4
1.588000E-7	-6.235163E-4
1.589000E-7	-5.584242E-4
1.590000E-7	-5.121746E-4
1.591000E-7	-5.258782E-4
1.592000E-7	-5.841185E-4
1.593000E-7	-6.903214E-4
1.594000E-7	-8.102279E-4
1.595000E-7	-8.941624E-4
1.596000E-7	-9.232826E-4
1.597000E-7	-8.838847E-4
1.598000E-7	-8.033761E-4
1.599000E-7	-7.125897E-4
1.600000E-7	-6.337940E-4
1.601000E-7	-5.961091E-4
1.602000E-7	-5.995350E-4
1.603000E-7	-6.200904E-4
1.604000E-7	-6.235163E-4
1.605000E-7	-5.806926E-4
1.606000E-7	-5.121746E-4
1.607000E-7	-4.590731E-4
1.608000E-7	-4.830544E-4
1.609000E-7	-5.532854E-4
1.610000E-7	-6.577753E-4
1.611000E-7	-7.571264E-4
1.612000E-7	-8.119408E-4
1.613000E-7	-7.554135E-4
1.614000E-7	-6.526365E-4
1.615000E-7	-5.395818E-4
1.616000E-7	-4.762026E-4
1.617000E-7	-4.676379E-4
1.618000E-7	-5.293041E-4
1.619000E-7	-5.943962E-4
1.620000E-7	-6.457847E-4
1.621000E-7	-6.303681E-4
1.622000E-7	-5.601372E-4
1.623000E-7	-4.950451E-4
1.624000E-7	-4.505084E-4
1.625000E-7	-4.659249E-4
1.626000E-7	-5.224523E-4
1.627000E-7	-5.721278E-4
1.628000E-7	-5.841185E-4
1.629000E-7	-5.447206E-4
1.630000E-7	-5.207393E-4
1.631000E-7	-5.053228E-4
1.632000E-7	-5.755537E-4
1.633000E-7	-6.526365E-4
1.634000E-7	-7.262933E-4
1.635000E-7	-7.348581E-4
1.636000E-7	-7.314322E-4
1.637000E-7	-6.954602E-4
1.638000E-7	-6.423588E-4
1.639000E-7	-5.841185E-4
1.640000E-7	-5.652760E-4
1.641000E-7	-5.412947E-4
1.642000E-7	-4.933321E-4
1.643000E-7	-4.539343E-4
1.644000E-7	-4.128235E-4
1.645000E-7	-4.128235E-4
1.646000E-7	-3.974069E-4
1.647000E-7	-3.837033E-4
1.648000E-7	-4.128235E-4
1.649000E-7	-4.659249E-4
1.650000E-7	-5.173134E-4
1.651000E-7	-5.481465E-4
1.652000E-7	-5.618501E-4
1.653000E-7	-5.378688E-4
1.654000E-7	-4.830544E-4
1.655000E-7	-4.436566E-4
1.656000E-7	-4.710638E-4
1.657000E-7	-5.601372E-4
1.658000E-7	-7.005991E-4
1.659000E-7	-8.513387E-4
1.660000E-7	-9.695322E-4
1.661000E-7	-9.832358E-4
1.662000E-7	-9.404121E-4
1.663000E-7	-8.530516E-4
1.664000E-7	-7.451358E-4
1.665000E-7	-6.355070E-4
1.666000E-7	-5.361559E-4
1.667000E-7	-4.642120E-4
1.668000E-7	-4.727767E-4
1.669000E-7	-5.087487E-4
1.670000E-7	-5.515724E-4
1.671000E-7	-5.892573E-4
1.672000E-7	-6.063868E-4
1.673000E-7	-5.755537E-4
1.674000E-7	-5.018969E-4
1.675000E-7	-4.265271E-4
1.676000E-7	-3.888422E-4
1.677000E-7	-4.179623E-4
1.678000E-7	-4.744897E-4
1.679000E-7	-5.669890E-4
1.680000E-7	-6.457847E-4
1.681000E-7	-6.355070E-4
1.682000E-7	-5.755537E-4
1.683000E-7	-4.899062E-4
1.684000E-7	-4.145364E-4
1.685000E-7	-3.768515E-4
1.686000E-7	-4.145364E-4
1.687000E-7	-4.385177E-4
1.688000E-7	-4.847674E-4
1.689000E-7	-4.950451E-4
1.690000E-7	-5.104616E-4
1.691000E-7	-5.087487E-4
1.692000E-7	-5.275911E-4
1.693000E-7	-5.481465E-4
1.694000E-7	-5.841185E-4
1.695000E-7	-6.286552E-4
1.696000E-7	-6.731919E-4
1.697000E-7	-7.005991E-4
1.698000E-7	-6.971732E-4
1.699000E-7	-6.749048E-4
1.700000E-7	-6.543494E-4
1.701000E-7	-5.943962E-4
1.702000E-7	-5.447206E-4
1.703000E-7	-5.018969E-4
1.704000E-7	-4.248141E-4
1.705000E-7	-3.562961E-4
1.706000E-7	-3.340278E-4
1.707000E-7	-3.699997E-4
1.708000E-7	-4.624990E-4
1.709000E-7	-6.115257E-4
1.710000E-7	-7.639782E-4
1.711000E-7	-8.804588E-4
1.712000E-7	-8.941624E-4
1.713000E-7	-8.085149E-4
1.714000E-7	-6.817566E-4
1.715000E-7	-5.481465E-4
1.716000E-7	-4.607861E-4
1.717000E-7	-4.316659E-4
1.718000E-7	-4.539343E-4
1.719000E-7	-5.310170E-4
1.720000E-7	-6.423588E-4
1.721000E-7	-7.228674E-4
1.722000E-7	-7.862466E-4
1.723000E-7	-7.674041E-4
1.724000E-7	-6.766178E-4
1.725000E-7	-5.310170E-4
1.726000E-7	-3.871292E-4
1.727000E-7	-2.723616E-4
1.728000E-7	-2.518062E-4
1.729000E-7	-2.980558E-4
1.730000E-7	-4.059717E-4
1.731000E-7	-5.018969E-4
1.732000E-7	-5.995350E-4
1.733000E-7	-6.320811E-4
1.734000E-7	-6.252293E-4
1.735000E-7	-5.995350E-4
1.736000E-7	-5.738408E-4
1.737000E-7	-5.532854E-4
1.738000E-7	-5.584242E-4
1.739000E-7	-5.721278E-4
1.740000E-7	-6.080998E-4
1.741000E-7	-6.320811E-4
1.742000E-7	-6.646271E-4
1.743000E-7	-6.714789E-4
1.744000E-7	-6.080998E-4
1.745000E-7	-4.830544E-4
1.746000E-7	-3.168983E-4
1.747000E-7	-1.575939E-4
1.748000E-7	-7.365937E-5
1.749000E-7	-6.509461E-5
1.750000E-7	-1.558810E-4
1.751000E-7	-2.518062E-4
1.752000E-7	-3.802774E-4
1.753000E-7	-4.385177E-4
1.754000E-7	-4.556472E-4
1.755000E-7	-4.744897E-4
1.756000E-7	-5.344429E-4
1.757000E-7	-6.286552E-4
1.758000E-7	-7.108768E-4
1.759000E-7	-7.691171E-4
1.760000E-7	-7.502746E-4
1.761000E-7	-6.800437E-4
1.762000E-7	-5.909703E-4
1.763000E-7	-4.727767E-4
1.764000E-7	-3.854163E-4
1.765000E-7	-3.134724E-4
1.766000E-7	-2.706486E-4
1.767000E-7	-2.466673E-4
1.768000E-7	-2.586580E-4
1.769000E-7	-3.151853E-4
1.770000E-7	-4.093976E-4
1.771000E-7	-4.762026E-4
1.772000E-7	-5.447206E-4
1.773000E-7	-5.669890E-4
1.774000E-7	-5.892573E-4
1.775000E-7	-6.063868E-4
1.776000E-7	-6.663401E-4
1.777000E-7	-6.920343E-4
1.778000E-7	-7.194415E-4
1.779000E-7	-6.594883E-4
1.780000E-7	-5.789796E-4
1.781000E-7	-4.505084E-4
1.782000E-7	-3.922681E-4
1.783000E-7	-3.819904E-4
1.784000E-7	-4.316659E-4
1.785000E-7	-5.241652E-4
1.786000E-7	-6.046739E-4
1.787000E-7	-6.612012E-4
1.788000E-7	-6.303681E-4
1.789000E-7	-6.029609E-4
1.790000E-7	-5.978221E-4
1.791000E-7	-6.372199E-4
1.792000E-7	-6.954602E-4
1.793000E-7	-7.211545E-4
1.794000E-7	-7.108768E-4
1.795000E-7	-6.098127E-4
1.796000E-7	-4.847674E-4
1.797000E-7	-3.819904E-4
1.798000E-7	-3.597220E-4
1.799000E-7	-4.162494E-4
1.800000E-7	-5.549983E-4
1.801000E-7	-6.098127E-4
1.802000E-7	-5.961091E-4
1.803000E-7	-4.830544E-4
1.804000E-7	-3.391666E-4
1.805000E-7	-2.192601E-4
1.806000E-7	-2.261119E-4
1.807000E-7	-3.511573E-4
1.808000E-7	-5.447206E-4
1.809000E-7	-7.057379E-4
1.810000E-7	-8.033761E-4
1.811000E-7	-8.016631E-4
1.812000E-7	-7.023120E-4
1.813000E-7	-5.772667E-4
1.814000E-7	-4.539343E-4
1.815000E-7	-3.631479E-4
1.816000E-7	-3.580091E-4
1.817000E-7	-4.128235E-4
1.818000E-7	-5.344429E-4
1.819000E-7	-6.817566E-4
1.820000E-7	-7.982372E-4
1.821000E-7	-8.359221E-4
1.822000E-7	-7.896725E-4
1.823000E-7	-6.714789E-4
1.824000E-7	-5.258782E-4
1.825000E-7	-4.350918E-4
1.826000E-7	-4.231012E-4
1.827000E-7	-4.950451E-4
1.828000E-7	-6.012480E-4
1.829000E-7	-6.697660E-4
1.830000E-7	-7.143027E-4
1.831000E-7	-6.971732E-4
1.832000E-7	-6.389329E-4
1.833000E-7	-5.361559E-4
1.834000E-7	-4.453695E-4
1.835000E-7	-3.545832E-4
1.836000E-7	-3.151853E-4
1.837000E-7	-3.117594E-4
1.838000E-7	-3.802774E-4
1.839000E-7	-4.984710E-4
1.840000E-7	-6.526365E-4
1.841000E-7	-7.571264E-4
1.842000E-7	-7.742559E-4
1.843000E-7	-6.937473E-4
1.844000E-7	-5.515724E-4
1.845000E-7	-4.162494E-4
1.846000E-7	-3.819904E-4
1.847000E-7	-3.974069E-4
1.848000E-7	-5.344429E-4
1.849000E-7	-6.629142E-4
1.850000E-7	-7.708300E-4
1.851000E-7	-7.811077E-4
1.852000E-7	-6.834696E-4
1.853000E-7	-5.378688E-4
1.854000E-7	-4.505084E-4
1.855000E-7	-4.385177E-4
1.856000E-7	-5.104616E-4
1.857000E-7	-6.389329E-4
1.858000E-7	-7.382840E-4
1.859000E-7	-7.811077E-4
1.860000E-7	-7.605523E-4
1.861000E-7	-6.800437E-4
1.862000E-7	-5.909703E-4
1.863000E-7	-5.430077E-4
1.864000E-7	-5.190264E-4
1.865000E-7	-5.293041E-4
1.866000E-7	-5.327300E-4
1.867000E-7	-5.104616E-4
1.868000E-7	-5.138875E-4
1.869000E-7	-5.258782E-4
1.870000E-7	-5.395818E-4
1.871000E-7	-5.824055E-4
1.872000E-7	-6.183775E-4
1.873000E-7	-6.389329E-4
1.874000E-7	-6.166645E-4
1.875000E-7	-5.618501E-4
1.876000E-7	-4.899062E-4
1.877000E-7	-3.888422E-4
1.878000E-7	-3.117594E-4
1.879000E-7	-2.535191E-4
1.880000E-7	-2.552321E-4
1.881000E-7	-3.340278E-4
1.882000E-7	-4.710638E-4
1.883000E-7	-6.252293E-4
1.884000E-7	-7.656912E-4
1.885000E-7	-8.376351E-4
1.886000E-7	-8.222185E-4
1.887000E-7	-7.417099E-4
1.888000E-7	-6.457847E-4
1.889000E-7	-5.652760E-4
1.890000E-7	-5.018969E-4
1.891000E-7	-4.727767E-4
1.892000E-7	-4.796285E-4
1.893000E-7	-4.744897E-4
1.894000E-7	-4.248141E-4
1.895000E-7	-3.477314E-4
1.896000E-7	-2.980558E-4
1.897000E-7	-2.963429E-4
1.898000E-7	-3.717127E-4
1.899000E-7	-4.830544E-4
1.900000E-7	-6.149516E-4
1.901000E-7	-7.211545E-4
1.902000E-7	-7.742559E-4
1.903000E-7	-7.399969E-4
1.904000E-7	-6.423588E-4
1.905000E-7	-5.464336E-4
1.906000E-7	-5.018969E-4
1.907000E-7	-4.864803E-4
1.908000E-7	-5.104616E-4
1.909000E-7	-5.018969E-4
1.910000E-7	-4.676379E-4
1.911000E-7	-4.350918E-4
1.912000E-7	-3.956940E-4
1.913000E-7	-4.076846E-4
1.914000E-7	-4.556472E-4
1.915000E-7	-5.258782E-4
1.916000E-7	-5.755537E-4
1.917000E-7	-5.961091E-4
1.918000E-7	-6.098127E-4
1.919000E-7	-5.943962E-4
1.920000E-7	-6.337940E-4
1.921000E-7	-6.851825E-4
1.922000E-7	-7.656912E-4
1.923000E-7	-8.102279E-4
1.924000E-7	-8.324962E-4
1.925000E-7	-7.622653E-4
1.926000E-7	-6.680530E-4
1.927000E-7	-5.481465E-4
1.928000E-7	-4.470825E-4
1.929000E-7	-3.528702E-4
1.930000E-7	-3.254630E-4
1.931000E-7	-3.306019E-4
1.932000E-7	-3.802774E-4
1.933000E-7	-4.299530E-4
1.934000E-7	-4.710638E-4
1.935000E-7	-4.796285E-4
1.936000E-7	-4.864803E-4
1.937000E-7	-4.676379E-4
1.938000E-7	-4.967580E-4
1.939000E-7	-5.430077E-4
1.940000E-7	-6.526365E-4
1.941000E-7	-7.434228E-4
1.942000E-7	-7.793948E-4
1.943000E-7	-6.988861E-4
1.944000E-7	-5.395818E-4
1.945000E-7	-3.443055E-4
1.946000E-7	-2.209731E-4
1.947000E-7	-2.004177E-4
1.948000E-7	-3.134724E-4
1.949000E-7	-4.693508E-4
1.950000E-7	-6.389329E-4
1.951000E-7	-7.074509E-4
1.952000E-7	-6.988861E-4
1.953000E-7	-6.372199E-4
1.954000E-7	-5.549983E-4
1.955000E-7	-4.899062E-4
1.956000E-7	-4.933321E-4
1.957000E-7	-5.430077E-4
1.958000E-7	-6.166645E-4
1.959000E-7	-6.235163E-4
1.960000E-7	-6.200904E-4
1.961000E-7	-5.549983E-4
1.962000E-7	-4.744897E-4
1.963000E-7	-3.819904E-4
1.964000E-7	-3.271760E-4
1.965000E-7	-3.237501E-4
1.966000E-7	-4.128235E-4
1.967000E-7	-5.378688E-4
1.968000E-7	-7.040250E-4
1.969000E-7	-8.581905E-4
1.970000E-7	-9.643934E-4
1.971000E-7	-9.815229E-4
1.972000E-7	-9.215696E-4
1.973000E-7	-7.845336E-4
1.974000E-7	-6.406458E-4
1.975000E-7	-4.916192E-4
1.976000E-7	-3.751386E-4
1.977000E-7	-3.357407E-4
1.978000E-7	-3.545832E-4
1.979000E-7	-4.196753E-4
1.980000E-7	-4.813415E-4
1.981000E-7	-5.515724E-4
1.982000E-7	-5.738408E-4
1.983000E-7	-5.447206E-4
1.984000E-7	-4.847674E-4
1.985000E-7	-4.059717E-4
1.986000E-7	-3.802774E-4
1.987000E-7	-3.785645E-4
1.988000E-7	-4.590731E-4
1.989000E-7	-5.755537E-4
1.990000E-7	-7.091638E-4
1.991000E-7	-8.085149E-4
1.992000E-7	-8.290703E-4
1.993000E-7	-7.314322E-4
1.994000E-7	-5.961091E-4
1.995000E-7	-4.573602E-4
1.996000E-7	-3.802774E-4
1.997000E-7	-3.528702E-4
1.998000E-7	-4.008328E-4
1.999000E-7	-4.881933E-4
2.000000E-7	-5.584242E-4
2.001000E-7	-5.841185E-4
